AAME,20130110,3.2,3.25,3.2,3.22,3900
AAON,20130110,9.72,9.8178,9.5778,9.7867,59700
AAPL,20130110,18.8768,18.8829,18.4114,18.6968,21469300
AAWW,20130110,47.24,47.27,45.38,45.7,224000
AAXJ,20130110,61.18,61.31,60.91,61.23,288300
ABCB,20130110,12.78,12.94,12.7,12.84,13700
ABIO,20130110,302.4,317.52,302.4,317.52,28500
ABMD,20130110,12.94,13,12.73,12.8,509500
ACAD,20130110,4.99,5.02,4.88,4.98,802800
ACET,20130110,10.15,10.15,9.93,10.04,51300
ACGL,20130110,14.8733,14.8733,14.77,14.8367,570700
ACHC,20130110,25.09,25.29,24.82,24.83,151600
ACIW,20130110,15.3967,15.43,15.2267,15.36,247500
ACLS,20130110,5.6,5.6,5.32,5.44,176200
ACNB,20130110,16.31,16.32,16.06,16.06,1800
ACOR,20130110,27.23,28.2,26.72,27.98,457800
ACRX,20130110,4.4,4.4,4.24,4.33,52600
ACST,20130110,25,25,25,25,1900
ACTG,20130110,25.62,25.87,25.31,25.85,420600
ACWI,20130110,49.17,49.32,48.92,49.29,522000
ACWX,20130110,42.62,42.73,42.43,42.67,187200
ADBE,20130110,38.72,38.78,38.09,38.62,3645200
ADES,20130110,9.215,9.215,8.925,9.07,46900
ADI,20130110,42.35,42.63,42.19,42.61,2275700
ADP,20130110,52.2213,52.23,51.7736,52.0807,1818600
ADRE,20130110,40.88,41.25,40.88,41.23,23000
ADSK,20130110,36.89,36.94,36.03,36.52,1415900
ADTN,20130110,20.76,21.07,20.47,20.99,1425100
ADUS,20130110,8.4,9.05,8.2,8.44,100500
AEHR,20130110,0.97,1.11,0.85,0.89,74000
AEIS,20130110,13.77,13.9,13.62,13.9,153700
AEY,20130110,2.14,2.14,2.04,2.05,10800
AEZS,20130110,257,259,254,257,245300
AGEN,20130110,4,4.25,4,4.09,79300
AGNC,20130110,30.98,30.99,30.72,30.96,2806900
AGNCP,20130110,25.88,25.95,25.8,25.91,14600
AGYS,20130110,8.59,8.73,8.5,8.69,34900
AHPI,20130110,2.52,2.65,2.52,2.65,3900
AIMC,20130110,22.86,23.23,22.17,22.37,60000
AINV,20130110,26.91,27.18,26.61,26.88,3690600
AIRT,20130110,8.64,8.65,8.63,8.65,3800
AKAM,20130110,39.98,39.98,39.22,39.5,3078400
ALCO,20130110,40.63,40.7,40.13,40.13,45800
ALGN,20130110,27.39,27.48,26.65,26.89,1320600
ALGT,20130110,77.17,77.41,75.44,75.78,102200
ALIM,20130110,1.77,1.85,1.69,1.69,16900
ALKS,20130110,22.43,22.5,21.63,21.77,1591700
ALLT,20130110,13.72,13.93,13.6,13.75,664700
ALNY,20130110,20.27,20.74,19.93,20.25,315900
ALOT,20130110,9.97,10.1,9.95,10.06,9700
ALRN,20130110,0.55,0.55,0.55,0.55,0
ALTR,20130110,34.73,34.99,34.56,34.93,2581700
ALVR,20130110,4.7,4.8,4.4,4.7,230700
AMAT,20130110,11.72,11.85,11.62,11.64,10054700
AMBA,20130110,13.14,13.42,12.5,13.05,251400
AMCX,20130110,53.79,54.01,52.86,53.03,859300
AMD,20130110,2.69,2.7,2.61,2.62,19435100
AMED,20130110,11.42,11.53,11.05,11.27,256600
AMGN,20130110,88.32,89,87.27,87.81,5861300
AMKR,20130110,4.59,4.7,4.58,4.66,437000
AMNB,20130110,21.16,21.3,20.77,20.95,16400
AMOT,20130110,6.53,6.7,6.53,6.7,10700
AMPL,20130110,2.61,2.84,2.52,2.8,14700
AMRN,20130110,8.53,8.58,8.33,8.37,2125100
AMRS,20130110,58.05,59.1,53.85,55.65,253200
AMSC,20130110,29,29,27.4,27.6,300100
AMSF,20130110,28.35,28.35,27.67,27.94,37000
AMSWA,20130110,8.29,8.29,8.01,8.1,30400
AMWD,20130110,28.21,28.3,27.36,27.84,74900
AMZN,20130110,268.54,268.74,262.3,265.34,2866000
ANAT,20130110,69.85,71.39,69.85,71.05,10300
ANDE,20130110,29.32,29.8533,29.14,29.56,124000
ANGI,20130110,11.53,11.95,11.41,11.79,780000
ANGO,20130110,11.44,11.6,11.32,11.52,104200
ANIK,20130110,10.41,10.41,10.17,10.31,51900
ANSS,20130110,72.31,72.71,71.49,72.26,192600
AOSL,20130110,8.85,8.92,8.53,8.83,27900
APEI,20130110,37.73,37.78,36.77,36.96,75600
APOG,20130110,24.97,25.06,24.44,24.71,198400
APWC,20130110,3.43,3.5,3.42,3.49,25300
ARAY,20130110,4.9,5.15,4.87,5.08,1013900
ARCC,20130110,17.9,17.92,17.81,17.86,1338500
ARCT,20130110,12.41,12.57,12.38,12.56,4190000
ARKR,20130110,16.89,16.9,16.77,16.9,4300
ARLP,20130110,31.72,31.98,31.5,31.895,139500
ARNA,20130110,96.6,99.5,95,97,12772600
AROW,20130110,24.93,25.23,24.83,25.22,15100
ARRY,20130110,4.36,4.4,4.21,4.28,497300
ARTNA,20130110,22.83,22.83,22.5,22.58,5700
ARTW,20130110,6.75,6.92,6.71,6.9,10200
ARWR,20130110,2.17,2.2,2.15,2.18,28000
ASML,20130110,64.56,64.69,63.94,64.67,1648200
ASPS,20130110,92.24,94.41,90.31,93.57,181200
ASRV,20130110,2.98,3.1,2.9,2.9,77400
ASTC,20130110,0.88,0.92,0.88,0.92,24500
ASTE,20130110,35.26,35.26,34.02,34.35,61300
ASUR,20130110,6.44,6.69,6.42,6.66,2700
ASYS,20130110,4,4.16,3.97,3.99,70700
ATAI,20130110,6,6,5.94,6,2800
ATAX,20130110,7.04,7.06,6.93,7,83600
ATEC,20130110,21.48,21.6,21,21.36,84100
ATHX,20130110,1.19,1.2,1.12,1.13,608300
ATLC,20130110,3.47,3.68,3.47,3.49,8600
ATLO,20130110,21.68,21.99,21.35,21.96,10400
ATNI,20130110,38.52,38.94,38.37,38.55,38800
ATOS,20130110,756,756,730.8,730.8,2100
ATRC,20130110,7.97,8.05,7.9,7.96,46100
ATRI,20130110,191.55,192.66,189.1,192.21,900
ATRO,20130110,20.0333,20.0333,19.875,19.9833,20800
ATRS,20130110,4.34,4.38,4.22,4.29,1111900
ATSG,20130110,4.25,4.29,4.22,4.29,111500
ATVI,20130110,10.99,11.02,10.85,10.93,4145400
AUBN,20130110,20.97,21,20.8,21,600
AUDC,20130110,3.52,3.61,3.33,3.39,75100
AVAV,20130110,21.93,22.41,21.66,22.3,171900
AVEO,20130110,89.4,89.4,84.7,86.9,215300
AVGO,20130110,33.46,33.59,33.02,33.52,4459000
AVID,20130110,7.82,7.82,7.53,7.55,87200
AVNW,20130110,39.84,40.08,38.4,39.12,199600
AWRE,20130110,5.97,6,5.84,6,58300
AXDX,20130110,4.39,4.39,4.23,4.39,12900
AXTI,20130110,3.03,3.05,2.98,2.99,132400
AZPN,20130110,27.89,28,27.58,27.99,402700
BANF,20130110,43,43,42.72,42.84,6500
BANFP,20130110,26.87,28.68,26.74,28.68,700
BANR,20130110,31.18,31.18,30.44,30.8,371600
BBBY,20130110,57.01,57.2,56.41,56.7,2062900
BBGI,20130110,5,5.2,4.78,5,2600
BBSI,20130110,41.26,41.82,41.05,41.55,72200
BCBP,20130110,9.41,9.43,9.18,9.37,24200
BCOR,20130110,16.36,16.39,15.95,16.11,297900
BCOV,20130110,9.18,9.31,9.01,9.13,355600
BCPC,20130110,36.48,36.54,35.78,36.07,121900
BCRX,20130110,1.64,1.79,1.62,1.64,780000
BDSI,20130110,4.86,4.9,4.78,4.82,205200
BEAT,20130110,2.21,2.22,2.11,2.16,49500
BECN,20130110,34.58,35.05,34.24,34.8,517300
BELFA,20130110,18.01,18.06,18,18,2100
BELFB,20130110,19.35,19.57,19.03,19.12,14600
BFIN,20130110,7.83,7.83,7.5,7.54,7200
BGCP,20130110,3.64,3.7,3.43,3.5,1810000
BGFV,20130110,13.28,13.31,13.06,13.28,52000
BIB,20130110,17.285,17.285,16.1625,16.475,34000
BICK,20130110,25.77,26.04,25.74,25.94,27400
BIDU,20130110,105.48,111.5,105.4,110.57,9885300
BIIB,20130110,133.0177,133.3769,130.3188,132.5571,2119500
BIOC,20130110,180,185.4,180,181.8,27900
BIOL,20130110,12,12,11.65,11.75,112500
BIS,20130110,58,58.17,57.53,57.66,6000
BJRI,20130110,33.5,36.42,33.25,33.95,1441300
BKCC,20130110,10.54,10.56,10.42,10.5,622600
BKEP,20130110,7,7.55,6.92,7,38300
BKEPP,20130110,8.5,8.65,8.5,8.64,5600
BKSC,20130110,11.18,11.18,11.18,11.18,200
BLDP,20130110,0.73,0.76,0.71,0.75,420800
BLIN,20130110,372.5,375,355,362.5,61600
BLKB,20130110,23.51,23.61,22.85,23.32,106500
BLMN,20130110,16.4,17.73,16.24,17.2,1217300
BLRX,20130110,43.5,44.7,43.05,43.2,73500
BMRC,20130110,19.37,19.425,18.83,19.02,8800
BMRN,20130110,52.07,52.18,51.42,51.79,686700
BMTC,20130110,22.4,22.45,22.04,22.29,25300
BNSO,20130110,1.3,1.35,1.27,1.34,22100
BOKF,20130110,55.61,56.07,55.44,56.05,88800
BOLT,20130110,15.24,15.48,15.1,15.31,18600
BOOM,20130110,14.39,14.78,14.26,14.75,87700
BOSC,20130110,4.29,4.5,4.29,4.39,9100
BOTJ,20130110,6.1,6.1,5.8,6.1,500
BPOP,20130110,21.8,21.96,21.72,21.84,781600
BPOPM,20130110,22.1,22.58,21.52,22.23,3800
BPOPN,20130110,23.67,23.94,22.82,23.94,7600
BRID,20130110,7.01,7.01,7.01,7.01,0
BRKL,20130110,8.66,8.74,8.59,8.74,116800
BRKR,20130110,16.58,16.68,16.42,16.56,537800
BRKS,20130110,8.68,8.79,8.61,8.71,215400
BRLI,20130110,29.67,29.67,28.95,29.25,172500
BSET,20130110,12.66,13.54,12.65,12.94,73800
BSQR,20130110,3.2,3.29,3.2,3.29,700
BSRR,20130110,12.2,12.34,12,12.33,11000
BUSE,20130110,4.65,4.66,4.59,4.61,79900
BWEN,20130110,2.36,2.57,2.33,2.49,144500
BYFC,20130110,0.7,0.7,0.7,0.7,0
CAAS,20130110,5.4,5.5,5.33,5.36,29700
CAC,20130110,34.65,35.11,34.37,34.59,35700
CACC,20130110,106.24,106.24,104.94,105.51,15800
CAKE,20130110,33.71,33.9,33.44,33.79,453800
CALM,20130110,20.53,20.705,20.31,20.56,158200
CAMP,20130110,8.17,8.17,7.97,8.05,160000
CAMT,20130110,1.49,1.49,1.47,1.49,2500
CAR,20130110,21.41,21.49,20.87,21.14,2014900
CARV,20130110,4.22,4.25,4.22,4.25,200
CARZ,20130110,29.9,30.17,29.8,30.14,23100
CASH,20130110,7.61,7.6533,7.5,7.5,11800
CASS,20130110,42.69,42.69,40.9,41.85,30200
CASY,20130110,53.98,54.78,53.06,53.28,278100
CATY,20130110,19.9,19.94,19.66,19.81,177200
CBAN,20130110,4.33,4.34,4.26,4.26,2300
CBNK,20130110,16.49,16.5,16.4,16.4,1200
CBRL,20130110,65.3,65.39,64.6,65.18,121500
CBSH,20130110,36.86,37.02,36.5,36.8,393500
CCBG,20130110,11.98,12.19,11.92,12.12,25100
CCMP,20130110,36.24,36.6,35.93,36.29,71300
CCNE,20130110,17.17,17.17,17.02,17.15,1800
CCOI,20130110,23.91,23.97,23.29,23.58,175200
CCRN,20130110,5.02,5.12,4.98,5.11,30000
CCXI,20130110,11.1,11.25,11.01,11.25,6800
CDNS,20130110,13.84,13.95,13.76,13.84,2184000
CDXS,20130110,2.54,2.54,2.44,2.49,18700
CDZI,20130110,7.3,7.5,7.25,7.31,37600
CECE,20130110,10.48,10.58,10.35,10.41,46300
CEMI,20130110,4.85,4.85,4.75,4.84,17700
CENT,20130110,9.01,9.18,8.99,9.15,175800
CENTA,20130110,9.19,9.46,9.15,9.34,299800
CENX,20130110,9.48,9.61,9.43,9.52,685800
CERE,20130110,36.24,37.92,35.2,37.76,44000
CERN,20130110,40.695,41.205,40.69,41.105,947100
CERS,20130110,3.1,3.14,3.01,3.1,90600
CEVA,20130110,17.22,17.44,16.93,17.07,103300
CFBK,20130110,7.92,7.975,7.865,7.975,7400
CFFI,20130110,38.61,41.01,38.61,40.8,12600
CFFN,20130110,11.83,11.86,11.77,11.86,638700
CG,20130110,26.6,26.71,26.47,26.62,81300
CGEN,20130110,5.85,5.85,5.57,5.83,96300
CGNX,20130110,9.4725,9.4725,9.355,9.4575,160100
CGO,20130110,14,14.2,13.92,14.2,33100
CHCI,20130110,1.37,1.4,1.35,1.37,19400
CHCO,20130110,36.26,36.55,35.62,36.55,11600
CHDN,20130110,23.23,23.23,22.86,22.9733,20700
CHEF,20130110,15.27,15.4,15,15.34,15200
CHI,20130110,12.43,12.5,12.41,12.47,153400
CHKP,20130110,49.03,49.4,48.91,49.29,1731100
CHMG,20130110,29.34,30.22,29.34,30.22,500
CHNR,20130110,5.95,6.19,5.6,6.18,4500
CHRW,20130110,64.59,64.87,64.04,64.38,1330300
CHSCP,20130110,31.08,31.12,31,31.1,5000
CHTR,20130110,78.81,79.2,78.44,79,953300
CHUY,20130110,24.15,25.25,23.92,25.03,193200
CHW,20130110,8.67,8.76,8.65,8.71,297100
CHY,20130110,12.58,12.73,12.58,12.71,319100
CIDM,20130110,14.2,14.2,13.3,13.7,14300
CINF,20130110,40.9,41.21,40.74,41.2,792800
CIZN,20130110,19.51,19.52,19.5,19.5,3200
CJJD,20130110,1.11,1.13,1.11,1.11,1200
CLDX,20130110,112.5,114.6,112.2,113.85,1603100
CLFD,20130110,4.88,5,4.88,4.94,8000
CLIR,20130110,4.87,4.94,4.75,4.94,13900
CLMT,20130110,31.81,31.82,31.58,31.79,614900
CLNE,20130110,13.9,13.9,13.67,13.76,646700
CLRO,20130110,4.17,4.3,4.17,4.26,2100
CLSN,20130110,8.6,8.69,8.24,8.57,1541900
CLVS,20130110,17.45,18.7,17.33,18.54,151700
CLWT,20130110,2.3933,2.3933,2.3867,2.3867,2100
CMCO,20130110,16.09,16.26,15.91,16.12,39100
CMCSA,20130110,19.325,19.38,19.125,19.25,10497700
CME,20130110,52.92,53.5,52.69,53.32,1019700
CMLS,20130110,21.68,22.56,21.6,22.56,579500
CMTL,20130110,26.63,26.67,26.18,26.47,142500
CNBKA,20130110,32.7,32.75,32.65,32.65,500
CNET,20130110,0.92,0.92,0.83,0.91,6100
CNOB,20130110,11.79,11.87,11.7,11.75,12200
CNSL,20130110,17.23,17.39,17.1,17.35,302300
CNTY,20130110,2.8,2.86,2.76,2.86,20400
COCO,20130110,2.48,2.55,2.47,2.49,709000
COHR,20130110,52.25,52.95,51.83,52.91,99200
COHU,20130110,10.7,10.7,10.37,10.56,15400
COKE,20130110,66.99,67.25,66,66.68,13400
COLB,20130110,18.99,19.11,18.87,19.07,176100
COLM,20130110,26.46,26.74,25.88,26.61,188000
CONN,20130110,27.95,28.37,27.88,28.05,254500
COOL,20130110,48.3,49.56,44.1,45.36,605900
CORT,20130110,1.96,2.03,1.88,1.9,591200
COST,20130110,101.32,101.5,100.13,100.74,2328600
COWN,20130110,2.54,2.55,2.48,2.49,139800
CPHC,20130110,10.5,10.5,10.5,10.5,0
CPIX,20130110,4.51,4.56,4.48,4.53,38500
CPLP,20130110,7.7,7.75,7.52,7.53,256000
CPRT,20130110,15.585,15.59,15.35,15.52,600600
CPRX,20130110,0.59,0.6,0.54,0.56,638100
CPSI,20130110,51.53,51.69,51.15,51.43,59400
CPSS,20130110,6.75,7.23,6.67,6.87,356000
CRAI,20130110,19.55,19.55,18.95,19.26,25300
CREG,20130110,108,110,108,110,5600
CRESW,20130110,0.07,0.07,0.07,0.07,1400
CRESY,20130110,8.65,8.89,8.61,8.8,40000
CRIS,20130110,18.1,18.1,17.4,17.5,192400
CRMT,20130110,40.99,41.09,40.41,40.62,3800
CRNT,20130110,4.58,4.7,4.5,4.63,521800
CROX,20130110,15.37,15.5,14.96,15.36,1227500
CRTX,20130110,5.45,5.55,5.44,5.51,19900
CRUS,20130110,31.62,31.97,30.71,31.54,4884200
CRVL,20130110,21.81,21.81,21.535,21.73,11100
CRWS,20130110,4.95,5.04,4.81,4.94,56800
CSCO,20130110,20.35,20.49,20.28,20.44,31419200
CSGP,20130110,90.99,90.99,89.36,90.11,94100
CSGS,20130110,19.51,19.6,19.27,19.49,133300
CSII,20130110,14.12,14.61,14.04,14.51,108400
CSIQ,20130110,4.49,4.5,4.2,4.5,1073100
CSOD,20130110,31.41,31.66,31.21,31.53,375100
CSPI,20130110,6.75,6.79,6.4,6.58,21000
CSQ,20130110,10.25,10.38,10.25,10.36,380700
CSTE,20130110,17.85,17.95,17.55,17.56,29200
CSTR,20130110,48.59,49.09,47.81,47.99,923600
CSWC,20130110,26.1,26.4975,26.1,26.22,5400
CSX,20130110,20.42,20.58,20.01,20.54,20701400
CTAS,20130110,42.77,42.84,42.2,42.69,405200
CTBI,20130110,33.25,33.25,32.83,33.02,12000
CTHR,20130110,3.91,3.97,3.8,3.83,33500
CTIB,20130110,5.4,5.4,5.35,5.35,1100
CTIC,20130110,14.9,15,14.3,14.6,2406600
CTRN,20130110,12.57,12.57,11.77,12.48,56500
CTSH,20130110,37.36,37.645,37.075,37.525,2237100
CTXS,20130110,56.6003,56.9029,55.0796,56.1146,2567500
CUBA,20130110,8.1,8.12,8.06,8.12,20300
CUTR,20130110,9.3,9.39,9.24,9.24,41200
CVBF,20130110,11.15,11.19,11.08,11.1,202800
CVCO,20130110,49.82,50.05,49.16,49.94,37000
CVCY,20130110,8.38,8.38,8.38,8.38,100
CVGI,20130110,8.34,8.6,8.05,8.18,140800
CVGW,20130110,25.02,25.2,24.82,25.11,26100
CVLT,20130110,70.6,70.91,68.43,69.5,473200
CVLY,20130110,15.17,15.17,14.94,15.12,6000
CVV,20130110,9.9,10.29,9.9,10.11,24600
CWBC,20130110,3.13,3.16,3.13,3.16,1600
CWCO,20130110,8.36,8.36,8.09,8.28,63100
CWST,20130110,4.41,4.5,4.38,4.49,108400
CXDC,20130110,4.49,4.49,4.32,4.33,45000
CYAN,20130110,5.38,5.38,5.15,5.15,2100
CYBE,20130110,7.09,7.2,6.4,6.45,15300
CYCC,20130110,1336.8,1370.4,1279.2,1315.2,231300
CYCCP,20130110,10.07,10.07,10.07,10.07,100
CYTK,20130110,6.9,6.9,6.12,6.18,1685200
CZNC,20130110,19.36,19.4,19.16,19.23,8800
CZR,20130110,7.36,7.46,7.07,7.08,169300
CZWI,20130110,6.19,6.19,6.1,6.1,2500
DAIO,20130110,1.68,1.8,1.65,1.71,6000
DAKT,20130110,11.52,11.63,11.43,11.6,72900
DCOM,20130110,14.33,14.38,14.23,14.34,54900
DCTH,20130110,358.4,366.08,353.28,358.4,739900
DENN,20130110,5.24,5.25,5.18,5.22,536000
DGICA,20130110,13.77,13.87,13.69,13.77,6400
DGICB,20130110,17.92,19.25,17.92,19.18,1900
DGII,20130110,9.65,9.71,9.54,9.66,37200
DGLY,20130110,3.31,3.31,3.31,3.31,500
DHIL,20130110,67.83,68.4,67.82,67.9,3600
DIOD,20130110,17.96,18.19,17.89,18.02,163600
DISCA,20130110,67.9,68.21,67.02,67.39,1072400
DISCB,20130110,66.97,66.97,66.97,66.97,100
DISCK,20130110,31.08,31.12,30.7,30.83,201500
DISH,20130110,37.17,37.27,36.77,36.95,1636700
DJCO,20130110,100.49,100.85,100.39,100.85,1800
DLHC,20130110,0.82,0.89,0.82,0.87,9000
DLTR,20130110,38.32,38.48,38.03,38.14,3486400
DMLP,20130110,21.48,21.92,21.44,21.78,37100
DMRC,20130110,22,22.19,21.79,22.19,4600
DORM,20130110,35.8,35.88,35.4,35.49,116800
DRIV,20130110,14.4,14.49,14.17,14.28,120800
DRRX,20130110,0.95,0.99,0.94,0.99,118600
DSGX,20130110,9.1,9.16,9.02,9.15,4300
DSPG,20130110,6.17,6.17,5.99,6.13,39300
DSWL,20130110,2.57,2.6,2.55,2.55,12900
DVAX,20130110,33.7,33.9,32.1,33.3,3446200
DWSN,20130110,26.81,26.81,26,26.11,27500
DXCM,20130110,14.57,14.94,14.55,14.93,375400
DXLG,20130110,4.38,4.41,4.31,4.37,342700
DXPE,20130110,52.09,52.09,49.93,50.76,169200
DXYN,20130110,3.65,3.76,3.61,3.76,15200
DYNT,20130110,3,3.14,2.99,3.14,16900
EA,20130110,13.8,14.01,13.75,14,3208300
EAC,20130110,9.78,9.9,9.7,9.9,9900
EBAY,20130110,22.4589,22.5263,22.0758,22.3158,7331200
EBIX,20130110,16.56,16.74,16.27,16.51,259700
EBMT,20130110,10.8,10.99,10.8,10.99,2600
EBSB,20130110,6.8015,6.973,6.7851,6.8627,64700
EBTC,20130110,17.25,17.54,16.9,17.37,10700
ECHO,20130110,19.06,19.17,18.91,19.05,157500
ECOL,20130110,23.91,23.91,23.14,23.48,81500
ECPG,20130110,30.77,30.9,30.23,30.44,170700
EDAP,20130110,2.36,2.72,2.36,2.69,205600
EDUC,20130110,1.955,1.99,1.95,1.99,4000
EEFT,20130110,24.77,24.77,24.13,24.55,170900
EEMA,20130110,58.43,58.61,58.36,58.59,3000
EFSC,20130110,13.55,13.74,13.22,13.56,19100
EGAN,20130110,4.46,4.54,4.46,4.54,7700
EGBN,20130110,20.9,21.07,20.6,20.95,55300
EGLE,20130110,5670,5922,5644.8,5745.6,324900
EHTH,20130110,23.94,23.94,22.35,23.54,340100
ELSE,20130110,3.91,3.91,3.9,3.9,600
ELTK,20130110,1.2,1.24,1.16,1.23,7300
EMCB,20130110,81.3,81.3,80.91,81.1,9500
EMCF,20130110,20.53,20.53,20.53,20.53,200
EMIF,20130110,34.94,35.11,34.84,35.11,18800
EMKR,20130110,4.81,4.85,4.72,4.78,180800
EML,20130110,15.88,16.15,15.71,16.15,9300
ENDP,20130110,26.69,26.77,26.16,26.24,1594000
ENG,20130110,0.54,0.63,0.53,0.56,85600
ENPH,20130110,3.74,3.8,3.69,3.72,98700
ENSG,20130110,14.03,14.26,13.975,14.165,19800
ENTG,20130110,9.13,9.16,8.96,8.98,737500
ENVI,20130110,2.01,2.01,1.89,1.93,48700
EPAY,20130110,26.9,27.01,26.52,26.86,275200
EQIX,20130110,219.91,219.91,213.79,217.78,667800
ERIC,20130110,10.33,10.35,10.21,10.28,3215600
ERIE,20130110,70.72,70.88,70.17,70.72,42300
ERII,20130110,3.71,3.76,3.59,3.73,149500
ESBK,20130110,24.25,24.25,23.5,23.93,700
ESCA,20130110,5.25,5.36,5.25,5.3,3000
ESEA,20130110,8.4,8.8,8.08,8.4,140300
ESGR,20130110,117.23,118.25,115.57,117.04,14400
ESLT,20130110,38.81,39.74,38.75,38.95,3500
ESSA,20130110,11.02,11.02,10.76,10.92,8100
EUFN,20130110,20.83,20.9,20.7,20.86,88900
EVK,20130110,1.9,1.9,1.88,1.89,600
EVOL,20130110,6.3,6.31,6.21,6.3,11700
EWBC,20130110,23.1,23.1,22.77,22.9,862700
EXAS,20130110,11.77,11.87,11.56,11.73,589400
EXEL,20130110,5.06,5.06,4.86,4.86,1475800
EXLS,20130110,28.59,28.68,28.3,28.58,206700
EXPD,20130110,42.45,42.59,42.31,42.54,1920500
EXPE,20130110,64.39,64.49,62.25,62.77,1723400
EXPO,20130110,13.845,13.8975,13.59,13.695,34700
EXTR,20130110,3.69,3.79,3.65,3.73,490300
EZPW,20130110,20.9,20.9,20.56,20.76,216600
FANG,20130110,20.88,21.99,20.34,21.63,235100
FARM,20130110,14.25,14.26,14,14,70300
FARO,20130110,36.79,37.18,35.62,35.76,59900
FAST,20130110,23.495,23.5,23.15,23.25,2604800
FB,20130110,30.6,31.45,30.28,31.3,95316300
FBIZ,20130110,23.01,23.15,23.01,23.12,6800
FBMS,20130110,9.72,9.72,9.55,9.55,4500
FBNC,20130110,13.33,13.4,12.97,13.09,136100
FCAL,20130110,7.88,7.89,7.85,7.89,23500
FCAP,20130110,20.5,20.5,19.71,19.71,700
FCBC,20130110,16.08,16.08,15.73,16.04,23000
FCCO,20130110,8.47,8.47,8.47,8.47,200
FCCY,20130110,8.77,9.04,7.55,9,4500
FCEL,20130110,172.8,175.68,167.04,174.24,2666800
FCFS,20130110,50.23,50.56,49.46,49.88,161900
FCNCA,20130110,170,171,169.03,171,5900
FDUS,20130110,17.17,17.5,17.12,17.39,56500
FEIM,20130110,8.8,9.35,8.72,8.98,15500
FELE,20130110,32.91,32.925,31.945,32.69,99400
FFBC,20130110,14.82,14.93,14.64,14.82,132300
FFHL,20130110,1.44,1.45,1.4,1.44,7200
FFIC,20130110,16.02,16.02,15.87,15.96,93700
FFIN,20130110,10.2975,10.4475,10.2125,10.3725,35600
FFIV,20130110,96.33,97.13,94.89,95.71,1002000
FFNW,20130110,8.04,8.21,7.91,8.21,8500
FIBK,20130110,15.9,16,15.76,15.86,23700
FISI,20130110,19.12,19.12,18.82,18.99,8600
FISV,20130110,20.815,20.84,20.59,20.8,546600
FITB,20130110,15.52,15.72,15.46,15.7,11495600
FITBP,20130110,140.75,141.49,140.7,141.25,13100
FIVE,20130110,33.25,33.33,31.81,32.52,248100
FIZZ,20130110,14.45,14.45,14.1,14.24,23600
FLDM,20130110,15.36,15.58,15,15.27,94900
FLEX,20130110,6.39,6.43,6.29,6.37,2321600
FLIC,20130110,19.4733,19.5667,19.3667,19.4667,5200
FLWS,20130110,3.72,3.75,3.63,3.71,45900
FLXS,20130110,22,22.9,21.95,22.75,26500
FMBI,20130110,13.38,13.4,13.15,13.29,151000
FMNB,20130110,6.31,6.66,6.31,6.66,38200
FNHC,20130110,5.5,5.5,5.38,5.47,7300
FNLC,20130110,16.72,16.93,16.56,16.93,15600
FOLD,20130110,4.01,4.23,3.99,4.22,1557100
FONR,20130110,4.85,4.97,4.81,4.9,36200
FORD,20130110,1.57,1.66,1.57,1.62,20700
FORM,20130110,4.8,4.88,4.74,4.83,136100
FORR,20130110,26.99,26.99,26.61,26.78,146300
FORTY,20130110,16.91,16.98,16.61,16.98,2900
FOSL,20130110,98.07,101.04,98.02,100.99,869600
FRBK,20130110,1.97,2.13,1.97,2.11,8600
FREE,20130110,9600000,13500000,8700000,10800000,3279400
FRGI,20130110,16.4,16.66,16.4,16.64,50900
FRME,20130110,15.07,15.1,14.78,15,35000
FSBW,20130110,13,13.28,13,13.28,3800
FSFG,20130110,19.79,19.79,19.79,19.79,0
FSLR,20130110,32.3,32.62,31.66,31.97,3367200
FSTR,20130110,44.65,44.65,43.97,44.25,27900
FTEK,20130110,4.7,4.72,4.52,4.55,41200
FTNT,20130110,19.33,19.62,19.26,19.58,2287400
FULT,20130110,10.39,10.4,10.3,10.32,840300
FUNC,20130110,6.88,7.25,6.87,7.25,3300
FUND,20130110,6.94,6.95,6.9,6.95,55000
FWRD,20130110,37.35,37.47,36.98,37.31,66600
GABC,20130110,15,15,14.78,14.9133,6000
GAIA,20130110,3.09,3.34,3.04,3.32,30300
GAIN,20130110,7.27,7.34,7.22,7.29,118300
GALT,20130110,2.1,2.14,1.99,2.13,27600
GAME,20130110,3.14,3.14,3.08,3.09,257300
GASS,20130110,9.25,9.54,9.2,9.24,351800
GBCI,20130110,15.32,15.34,15.16,15.31,278300
GBDC,20130110,16.56,16.72,16.19,16.37,134800
GBLI,20130110,22.52,22.88,22.52,22.87,2800
GCBC,20130110,10.955,11.445,10.955,10.985,1100
GENC,20130110,5.0333,5.0667,4.98,5.0133,15300
GENE,20130110,52,52,49.6,51.8,8700
GEOS,20130110,93.24,93.53,91.8,93.11,67300
GERN,20130110,1.63,1.72,1.51,1.67,4530900
GEVO,20130110,12060,12420,11460,12420,1064800
GFED,20130110,7.37,7.85,7.35,7.51,4200
GGAL,20130110,6.75,6.94,6.75,6.85,77300
GIFI,20130110,23.81,24.23,23.05,24.07,22700
GIGM,20130110,5.05,5.2,5,5.05,14200
GIII,20130110,17.535,17.765,16.905,17.175,246000
GILD,20130110,39.045,39.295,38.48,38.97,4138400
GILT,20130110,5.41,5.48,5.3,5.35,63600
GLAD,20130110,8.73,8.86,8.73,8.78,108600
GLBS,20130110,8600,9400,8600,9400,2900
GLBZ,20130110,11.32,11.32,11.32,11.32,100
GLDD,20130110,9.66,9.69,9.44,9.57,217300
GLNG,20130110,38.01,38.15,37.81,38.04,375800
GLRE,20130110,22.85,23.08,22.78,22.99,102400
GNMA,20130110,50.1,50.1,50.06,50.09,2700
GNOM,20130110,3.14,3.15,3.14,3.14,108500
GNTX,20130110,9.28,9.295,9.21,9.245,673500
GOOD,20130110,18.54,18.79,18.54,18.76,36900
GOODN,20130110,26.06,26.06,25.96,26.04,2400
GOODO,20130110,25.24,25.24,25.24,25.24,0
GOOG,20130110,371.415,372.5,366.75,370.74,1835700
GPRE,20130110,8.1,8.26,7.95,8.2,239200
GRFS,20130110,12.39,12.4,12.225,12.26,113600
GRID,20130110,30.51,30.66,30.37,30.52,2600
GRMN,20130110,39.5,39.98,38.78,39.39,2979300
GROW,20130110,4.15,4.39,4.14,4.34,47600
GRPN,20130110,103.2,105.8,98.4,103.8,13936900
GRVY,20130110,5.88,5.88,5.52,5.6,86700
GSBC,20130110,26.47,26.55,26.01,26.38,10100
GSIT,20130110,6.35,6.36,6.19,6.34,35700
GSM,20130110,14.82,14.92,14.52,14.9,213900
GT,20130110,14.48,14.52,14.08,14.13,4027200
GTIM,20130110,2.89,2.96,2.82,2.93,31000
GURE,20130110,5.8,5.9,5.7,5.85,44100
GYRO,20130110,73.72,74.4,72.52,74.38,9600
HA,20130110,6.61,6.65,6.43,6.48,1185000
HAFC,20130110,15.6,16.2,15.52,15.67,668800
HAIN,20130110,27.005,27.2,26.73,26.95,561200
HALL,20130110,9.31,9.31,9.12,9.23,8000
HALO,20130110,7.48,7.48,7.13,7.26,813200
HAS,20130110,35.98,37.35,35.68,37.07,5557700
HAYN,20130110,47.06,53.39,47.06,52.32,200900
HBAN,20130110,6.67,6.7,6.62,6.67,11405200
HBANP,20130110,1219.1,1235,1213.13,1235,2200
HBCP,20130110,18.89,19.04,18.87,19.03,6600
HBIO,20130110,4.46,4.49,4.38,4.45,23300
HBMD,20130110,6.55,6.55,6.55,6.55,100
HBNC,20130110,8.9289,9.1289,8.9289,9.0533,18100
HCCI,20130110,15.61,15.75,15.07,15.34,21400
HCKT,20130110,4.09,4.19,4.02,4.15,53300
HCSG,20130110,24.72,24.88,24.24,24.3,392700
HDSN,20130110,4.07,4.26,4.07,4.15,661900
HEES,20130110,17.52,17.54,17.16,17.46,100200
HELE,20130110,34.45,36.16,34.3,36.15,411800
HERO,20130110,6.56,6.69,6.55,6.62,1939000
HFBL,20130110,17.5,17.5,17.5,17.5,100
HFWA,20130110,14.58,14.58,14.47,14.5,2000
HGSH,20130110,6,6,5.72,5.9,13300
HIBB,20130110,52.77,53.94,51.68,53.85,378400
HIFS,20130110,65.09,65.09,65.09,65.09,300
HIHO,20130110,1.81,1.81,1.81,1.81,2100
HIMX,20130110,2.95,2.96,2.85,2.91,885400
HLIT,20130110,5.1,5.11,5.02,5.06,311000
HMNF,20130110,3.22,3.34,3.2,3.2,1100
HMST,20130110,26.39,26.39,25.66,25.89,114500
HNRG,20130110,8.15,8.33,8.14,8.24,24300
HOFT,20130110,14.81,15.01,14.78,14.87,12300
HOLI,20130110,13.25,13.38,12.73,12.82,648000
HOLX,20130110,22.44,22.75,22.32,22.68,4103300
HOMB,20130110,8.4775,8.48,8.39,8.4475,40800
HOVNP,20130110,14.3,14.89,14.3,14.61,4300
HRZN,20130110,15.9,16,15.66,15.93,57000
HSIC,20130110,83.55,83.67,82.96,83.36,324800
HSII,20130110,15.77,15.77,15.38,15.55,112900
HSKA,20130110,8.46,8.46,8.4,8.45,3200
HSON,20130110,47,47.7,46.4,47,10100
HSTM,20130110,24.64,24.7,24.18,24.67,54300
HTBI,20130110,13.95,14.16,13.92,14.12,41400
HTBK,20130110,6.93,6.97,6.77,6.94,21100
HTHT,20130110,4.225,4.3,4.2125,4.2575,472600
HTLD,20130110,13.3,13.3,13.19,13.26,311200
HTLF,20130110,26.6,27.14,26.5,26.82,28300
HUBG,20130110,34.24,34.47,34.06,34.45,172900
HURC,20130110,23.79,24.21,23.79,24.05,11500
HURN,20130110,32.42,32.64,31.87,32.11,112400
HWBK,20130110,7.97,8,7.52,7.9,3700
HWKN,20130110,39.23,39.49,38.21,38.9,10100
HZNP,20130110,2.56,2.56,2.45,2.49,518800
IART,20130110,20.14,20.285,19.78,19.975,84500
IBB,20130110,147.37,147.37,144.82,146.64,564500
IBCP,20130110,3.8,3.83,3.76,3.8,11400
IBKR,20130110,14.19,14.3,14.15,14.22,271300
IBOC,20130110,19.18,19.22,19.03,19.09,162600
ICAD,20130110,4.37,4.49,4.25,4.47,34900
ICCC,20130110,3.98,3.99,3.96,3.96,1200
ICFI,20130110,22.51,22.78,22.34,22.5,123700
ICLN,20130110,7.67,7.68,7.6,7.68,15300
ICLR,20130110,28.8,28.9,28.36,28.65,229200
ICPT,20130110,34.44,34.44,33.51,34.02,28900
ICUI,20130110,62.4,62.4,61.31,61.97,109500
IDCC,20130110,43.9,43.94,43.04,43.19,565300
IDRA,20130110,6.48,6.64,6.08,6.4,75800
IDXX,20130110,48.845,49.01,48.45,48.63,150900
IEP,20130110,55.45,55.5,51,51.3,41600
IESC,20130110,4.92,4.94,4.69,4.82,1400
IFGL,20130110,33.37,33.51,33.32,33.49,268500
IGOV,20130110,102.42,102.85,102.1,102.68,33200
III,20130110,1.17,1.2,1.17,1.19,21400
IIN,20130110,4.16,4.16,4.15,4.15,200
IIVI,20130110,18.71,18.74,18.44,18.64,123900
IKNX,20130110,8.75,8.75,8.01,8.38,5000
ILMN,20130110,52.96,54.1,52.69,53.64,1582300
IMGN,20130110,14.5,14.57,14.21,14.41,564300
IMKTA,20130110,17.3,17.38,17.02,17.08,34400
IMMR,20130110,6.88,6.91,6.75,6.88,31300
IMOS,20130110,12.17,12.17,11.61,11.79,174300
INCY,20130110,19.4,19.4,18.63,18.96,1856900
INDB,20130110,29.97,30.1,29.6,29.95,28500
INDY,20130110,25.29,25.29,25.08,25.23,127900
INFI,20130110,35.85,35.89,34.21,34.7,400800
INFN,20130110,6.53,6.7,6.46,6.66,1391000
INOD,20130110,3.86,3.99,3.78,3.91,34200
INSM,20130110,6.93,6.95,6.85,6.93,65500
INTC,20130110,21.61,21.82,21.53,21.8,44629600
INTG,20130110,20.99,21.91,20.99,21.79,900
INTU,20130110,62.49,62.79,61.78,62.41,1072500
INVE,20130110,13.2,13.6,13.2,13.5,15400
IOSP,20130110,37.15,37.16,36.42,36.79,61600
IPAR,20130110,20.63,20.72,20.33,20.43,27400
IPGP,20130110,65.8,66.33,63.77,65.18,414500
IRBT,20130110,20.22,20.39,20.02,20.16,171200
IRDM,20130110,7.09,7.25,7.01,7.13,1094300
IRIX,20130110,3.87,4,3.87,3.87,15500
IROQ,20130110,14.26,14.35,14.26,14.32,2500
IRWD,20130110,14.13,14.23,13.79,14.04,1051100
ISBC,20130110,7.2118,7.2431,7.1412,7.2196,88100
ISHG,20130110,96.91,97.44,96.75,97.31,5100
ISIG,20130110,1.85,2.32,1.83,2.14,80700
ISLE,20130110,5.65,5.65,5.58,5.61,25600
ISRG,20130110,510.8,510.8,505,508.87,134400
ISSC,20130110,3.83,3.91,3.75,3.81,15400
ITIC,20130110,62.95,64.54,62.95,64.32,1400
ITRI,20130110,45.06,45.26,44.22,44.58,232700
ITRN,20130110,14.01,14.05,13.8,13.91,23700
IVAC,20130110,4.44,4.51,4.26,4.29,50100
JACK,20130110,28.92,28.92,28.66,28.74,172900
JAKK,20130110,126.6,128,125,127,35700
JAZZ,20130110,56.16,56.68,55.33,56.5,406300
JBHT,20130110,61.94,62,61.26,61.4,432700
JBLU,20130110,5.92,5.97,5.78,5.81,3970000
JBSS,20130110,19.13,19.25,18.8,18.97,41300
JCS,20130110,10.58,11.03,10.58,10.81,13900
JCTCF,20130110,3.495,3.5225,3.495,3.5,1200
JJSF,20130110,64.96,65.07,63.56,64.26,25000
JKHY,20130110,41.44,41.73,40.84,41.15,314900
JOBS,20130110,26.895,26.895,25.77,26.31,83100
JOUT,20130110,20.56,21.32,20.43,21.32,4800
JRJC,20130110,14.5,14.9,14.1,14.8,27700
JSM,20130110,24.63,24.75,24.6,24.7,16800
JVA,20130110,7.42,7.43,7.2,7.31,103100
KALU,20130110,64.44,65.13,64.2,65.03,128900
KELYA,20130110,16.13,16.13,15.71,15.91,132300
KELYB,20130110,15.5,15.5,15.5,15.5,0
KEQU,20130110,12.19,12.22,12.19,12.2,500
KFFB,20130110,7.55,7.55,7.52,7.55,700
KFRC,20130110,14.41,14.44,14.1,14.23,119100
KINS,20130110,4.96,4.98,4.95,4.98,600
KIRK,20130110,10.85,10.98,10.76,10.91,64700
KLAC,20130110,48.12,48.7,48.03,48.59,1530800
KLIC,20130110,12.36,12.45,12.21,12.35,596000
KNDI,20130110,3.86,4,3.86,3.98,52800
KOPN,20130110,3.55,3.79,3.55,3.7,830400
KOSS,20130110,4.93,5.12,4.87,4.87,1700
KRNY,20130110,9.98,10.01,9.98,10,12400
KTCC,20130110,10.46,10.64,10.21,10.62,35500
KTOS,20130110,4.78,4.84,4.75,4.79,211900
KVHI,20130110,13.79,13.88,13.5,13.7,11900
LAKE,20130110,5.09,5.09,4.96,4.96,25400
LAMR,20130110,40.17,40.23,39.81,40.16,568400
LANC,20130110,70.91,71.75,70.78,71.08,31200
LARK,20130110,20.49,20.5,19.29,19.29,3400
LAWS,20130110,11.46,11.46,11.02,11.11,6700
LBAI,20130110,10.11,10.11,9.94,10.04,29700
LBTYA,20130110,33.7609,34.4456,33.7609,34.0215,976700
LBTYB,20130110,64.63,64.63,64.63,64.63,0
LBTYK,20130110,62.34,63.51,62.34,62.65,303900
LCNB,20130110,13.85,13.85,13.85,13.85,0
LCUT,20130110,10.53,10.56,10.45,10.5,6100
LECO,20130110,51.49,51.64,50.43,50.87,253600
LEDS,20130110,0.77,0.8,0.76,0.78,115200
LFUS,20130110,62.41,62.56,61.66,62.55,88500
LFVN,20130110,15.82,16.38,15.82,16.24,229600
LGND,20130110,20.54,20.54,19.68,20.25,72700
LHCG,20130110,21.38,21.38,21.05,21.25,16900
LIFE,20130110,758.1,762.44,750.68,757.4,1529600
LINC,20130110,5.01,5.1,5,5.08,56400
LIVE,20130110,1.2133,1.4333,1.2133,1.33,20900
LKFN,20130110,17.9067,17.9467,17.4933,17.5333,27400
LKQ,20130110,23.43,23.51,22.76,22.9,2136600
LLNW,20130110,2.27,2.29,2.26,2.28,158500
LMAT,20130110,5.8,5.98,5.72,5.86,16600
LMNR,20130110,21.27,21.49,21.27,21.39,5000
LNDC,20130110,12.25,12.36,11.96,12.06,225100
LOAN,20130110,1.07,1.07,1.07,1.07,0
LOGI,20130110,7.53,7.7,7.49,7.64,181900
LOPE,20130110,22.74,22.85,22.23,22.24,372700
LORL,20130110,55.44,55.52,54.91,55.32,95800
LPLA,20130110,30.09,30.49,29.99,30.23,568000
LPSN,20130110,13.54,13.92,13.4,13.65,458800
LPTH,20130110,0.82,0.84,0.8,0.83,25400
LQDT,20130110,42.74,43.95,42.36,43.87,412900
LRCX,20130110,37.75,38.28,37.62,37.85,1638800
LSBK,20130110,10.42,10.42,10.42,10.42,0
LSCC,20130110,4.08,4.12,4.04,4.09,480100
LSTR,20130110,55.03,55.58,54.72,55.49,485500
LTBR,20130110,117,119.4,112.2,116.4,10100
LTRX,20130110,1.9,1.9,1.82,1.82,6600
LULU,20130110,71.28,71.37,69.8,70.58,2057600
LUNA,20130110,1.33,1.33,1.26,1.27,13500
LWAY,20130110,8.59,8.74,8.55,8.56,3400
LXRX,20130110,16.45,16.66,16.03,16.45,638300
LYTS,20130110,7.74,7.74,7.45,7.57,20100
MACK,20130110,6.17,6.38,6.16,6.37,270100
MANH,20130110,16.06,16.06,15.6175,15.9125,125600
MANT,20130110,26.85,26.91,26.07,26.09,260100
MARK,20130110,1.6,1.6,1.47,1.5,20900
MARPS,20130110,15.66,15.66,14.48,14.72,8900
MASI,20130110,20.06,20.32,20.05,20.19,265200
MAT,20130110,36.88,37.04,36.51,37,2095400
MATW,20130110,33.06,33.46,32.94,33.28,62700
MAYS,20130110,21.77,21.77,21.77,21.77,0
MBWM,20130110,17.08,17.29,17.07,17.23,18300
MCBC,20130110,3.23,3.3,3.16,3.3,26100
MCHP,20130110,33.11,33.55,33.06,33.55,2322600
MCHX,20130110,4.09,4.12,4.02,4.1,20600
MCRI,20130110,10.68,10.68,10.39,10.45,51100
MDIV,20130110,20.8,20.82,20.5,20.6,107200
MDLZ,20130110,27.13,27.34,27.09,27.31,16348400
MDRX,20130110,9.68,10.06,9.53,9.93,3324100
MEIP,20130110,7.02,7.28,7.02,7.19,11100
MELI,20130110,86.65,86.83,85.52,86.29,436300
MEOH,20130110,33.9,34.07,33.3,33.32,239000
MERC,20130110,6.97,6.97,6.67,6.85,361600
MGEE,20130110,34.5,34.5,34.1067,34.4133,19900
MGIC,20130110,4.81,4.85,4.74,4.81,17300
MGLN,20130110,49.53,49.75,49.16,49.53,177400
MGPI,20130110,3.46,3.5,3.33,3.34,28800
MGRC,20130110,29.34,29.4,28.58,29.4,20400
MGYR,20130110,4.2,4.2,4.2,4.2,300
MHLD,20130110,9.81,10.01,9.77,9.79,258000
MIDD,20130110,44.2333,44.2333,43.5833,43.83,25700
MIND,20130110,14.41,14.48,13.9,14.04,72400
MITK,20130110,3.95,4,3.75,3.85,261800
MKSI,20130110,26.88,26.94,26.56,26.94,211300
MKTX,20130110,34.8,35.43,34.18,35.35,289100
MLAB,20130110,52.97,53.12,52.44,53,8000
MLHR,20130110,22.4,22.4,22.01,22.31,256100
MLVF,20130110,11.25,11.25,11.22,11.25,6600
MMLP,20130110,33,33.24,32.9,33.17,83900
MMSI,20130110,14.12,14.27,13.85,13.96,110300
MMYT,20130110,14.75,15.23,14.32,14.98,31100
MNDO,20130110,2.18,2.18,2.15,2.16,32600
MNKD,20130110,13.2,13.25,12.7,12.95,2751400
MNOV,20130110,1.67,1.68,1.67,1.67,3900
MNRO,20130110,35.37,35.37,34.48,34.96,124600
MNST,20130110,16.9333,16.9333,15.9933,16.2533,2444500
MNTX,20130110,8.68,8.76,8.36,8.47,156300
MOFG,20130110,21.33,21.61,21.3,21.61,2300
MORN,20130110,65.22,65.49,64.95,65.1,62200
MOSY,20130110,726,748,696,700,128900
MOVE,20130110,8.17,8.35,7.94,8.3,415500
MPAA,20130110,6.84,6.93,6.72,6.86,90500
MPAC,20130110,6.86,6.86,6.86,6.86,200
MPB,20130110,11.19,11.19,11.19,11.19,0
MPWR,20130110,22.99,23.03,22.5,22.99,369600
MRCC,20130110,14.9,14.99,14.7,14.7,20900
MRCY,20130110,8.41,8.46,8.18,8.19,87600
MRLN,20130110,21.93,22.06,21.59,21.68,6500
MRTN,20130110,8.3867,8.4445,8.2711,8.44,23500
MRVL,20130110,8.22,8.5,8.21,8.48,17807300
MSEX,20130110,19.24,19.24,19.02,19.21,18000
MSFT,20130110,26.65,26.98,26.29,26.46,71430800
MSON,20130110,6.98,6.99,6.5,6.77,54100
MSTR,20130110,94.18,94.35,92.67,93.41,87000
MTEX,20130110,6.3,6.52,5.91,6.25,1400
MTRX,20130110,12.6,12.89,12.6,12.8,86100
MTSI,20130110,14.97,14.97,14.84,14.89,14500
MU,20130110,7.36,7.44,7.28,7.42,18692800
MVIS,20130110,2.06,2.19,2.02,2.1,67800
MYGN,20130110,27.32,27.4,26.47,26.75,753600
MYRG,20130110,21.58,21.78,21.39,21.76,73700
NAII,20130110,5.05,5.05,5.03,5.04,600
NATH,20130110,34.07,34.81,33.89,34.31,25300
NATI,20130110,27.2,27.2,26.74,26.83,284700
NATR,20130110,15.03,15.18,14.53,14.93,33200
NBIX,20130110,8.57,8.68,8.38,8.65,641200
NBN,20130110,9.23,9.3,9.22,9.3,1400
NBTB,20130110,20.66,20.93,20.66,20.89,24600
NCMI,20130110,15.15,15.17,15.02,15.1,167900
NCTY,20130110,87.6,88.5,87.6,88.5,24500
NDAQ,20130110,26.45,26.63,26.37,26.63,930500
NDSN,20130110,65.76,65.83,64.36,64.91,135900
NECB,20130110,5.35,5.4,5.35,5.4,12000
NEO,20130110,2.66,2.66,2.54,2.63,31600
NEOG,20130110,23.64,23.64,23.365,23.51,117700
NEON,20130110,49.6,49.6,46.6,46.8,357900
NEPT,20130110,2.14,2.24,2.13,2.24,425600
NETE,20130110,30,30,26.6,29.4,17500
NEWT,20130110,9.6,9.6,9.2,9.35,21200
NFBK,20130110,15.48,15.48,15.31,15.41,5800
NFLX,20130110,13.7957,14.2743,13.6714,14,3731900
NICE,20130110,34.85,35.02,34.58,34.86,111900
NICK,20130110,13.94,13.95,13.64,13.83,41500
NKSH,20130110,32.16,32.16,31.71,32.14,2400
NKTR,20130110,8.3,8.66,8.19,8.31,1749700
NNBR,20130110,9.41,9.7,9.25,9.61,34800
NRIM,20130110,22.86,22.98,22.85,22.92,2100
NSEC,20130110,8.07,8.29,8.05,8.25,4300
NSIT,20130110,19.17,19.17,18.74,19.07,76300
NSSC,20130110,3.61,3.65,3.61,3.65,900
NSYS,20130110,2.99,2.99,2.99,2.99,0
NTAP,20130110,32.57,32.7,32.05,32.42,5213500
NTCT,20130110,27.08,27.08,26.47,27.07,170100
NTES,20130110,8.562,8.89,8.52,8.848,1246200
NTGR,20130110,39.44,39.5,38.4,39.06,200800
NTIC,20130110,5.775,6.115,5.765,6.115,2400
NTRS,20130110,52.36,52.61,52.15,52.41,1124500
NTWK,20130110,6.27,6.35,6.01,6.1,40800
NUAN,20130110,23.14,23.28,22.78,23.18,1470600
NURO,20130110,96,96,92.16,92.16,42500
NUVA,20130110,17.62,17.68,17.26,17.31,906100
NVAX,20130110,39.8,41.4,39.2,40.6,1032000
NVDA,20130110,3.08,3.095,3.04,3.0575,12659700
NVEC,20130110,55.9,55.9,54.61,55.56,4200
NVMI,20130110,7.82,7.93,7.68,7.84,70900
NWBI,20130110,12.42,12.44,12.36,12.42,142800
NWFL,20130110,30.3,30.55,30.1,30.1,4600
NWLI,20130110,161.51,163.07,160.95,162.15,1000
NWPX,20130110,24.01,24.01,23.2,23.87,26600
NWS,20130110,27.33,27.53,27.26,27.5,4257900
NWSA,20130110,26.84,27.01,26.67,26.97,19457400
NXPI,20130110,27.23,28.51,27.17,28.31,2823700
NXST,20130110,12.26,12.32,12,12.04,141200
NYMT,20130110,6.69,6.7,6.61,6.64,438100
NYMX,20130110,7.4,7.4,7.25,7.28,8400
OBAS,20130110,5.6,5.6,5.6,5.6,100
OBCI,20130110,2.38,2.38,2.38,2.38,100
OCC,20130110,4,4.01,4,4.01,2500
OCFC,20130110,13.45,13.45,13.15,13.31,50100
ODFL,20130110,36.18,36.25,35.51,35.69,653600
OFED,20130110,14.79,14.79,14.79,14.79,300
OFIX,20130110,37.17,37.65,36.78,37.24,128400
OFLX,20130110,12.71,13.05,12.62,13.05,1700
OFS,20130110,14.15,14.41,14.09,14.28,43700
OIIM,20130110,3.19,3.3,3.06,3.07,42400
OMAB,20130110,24.22,24.36,23.67,24.3,13900
OMCL,20130110,15.08,15.26,14.92,15,108500
OMER,20130110,6.37,6.49,6.28,6.29,106500
OMEX,20130110,37.2,38.16,36.48,38.04,421800
ONCY,20130110,3.72,3.88,3.66,3.87,179900
ONEQ,20130110,122.21,122.75,121.61,122.51,14200
OPEN,20130110,52.23,53.05,51.58,52.36,473900
OPHC,20130110,19.2,20,18.4,19.6,16900
OPOF,20130110,11.16,11.25,11.16,11.25,3400
ORLY,20130110,88.47,89.87,87.53,87.74,1122100
ORRF,20130110,10.15,10.5,10.15,10.43,6800
OSBC,20130110,1.27,1.3,1.27,1.28,8900
OSIS,20130110,67.52,68.73,66.82,68.64,137600
OSTK,20130110,14.62,14.9,14.42,14.7,79600
OSUR,20130110,7.24,7.34,7.2,7.3,269600
OTEX,20130110,14.6375,14.875,14.575,14.785,468600
OTTR,20130110,25.75,25.88,25.59,25.87,63900
OVBC,20130110,18.53,18.53,17.61,17.61,9700
OVLY,20130110,8.35,8.35,8.35,8.35,200
OXLC,20130110,15.37,15.49,15.25,15.46,39800
OXLCP,20130110,25.73,25.73,25.71,25.73,10700
PAAS,20130110,18.71,19.09,18.63,18.65,1466300
PACB,20130110,2.36,2.8,2.32,2.52,1836600
PACW,20130110,26.9,26.9,26.41,26.65,269800
PANL,20130110,26.11,27.03,24.87,25.26,1615300
PATK,20130110,7.4578,7.5467,7.4133,7.4445,46800
PAYX,20130110,32.1,32.16,31.73,31.85,2609100
PBCT,20130110,12.64,12.66,12.51,12.61,2219700
PBHC,20130110,10.3,10.3,10.3,10.3,0
PBIP,20130110,7.01,7.01,6.8,6.8,700
PCAR,20130110,45.92,46.04,45.48,46.01,1961600
PCH,20130110,40.51,40.68,40.39,40.57,252600
PCOM,20130110,11.5,11.68,11.45,11.49,24700
PCRX,20130110,18.26,18.74,18.26,18.65,234500
PCTI,20130110,7.23,7.3,6.93,7.26,61200
PCYO,20130110,2.86,2.95,2.85,2.88,27700
PDCE,20130110,36.08,36.28,35.31,35.8,382700
PDCO,20130110,35.57,35.76,35.51,35.6,916700
PDEX,20130110,2.06,2.37,2.06,2.37,27200
PDFS,20130110,15.84,16.13,15.45,15.92,174700
PEBK,20130110,9.67,9.81,9.67,9.81,1000
PEBO,20130110,22.08,22.18,21.92,21.99,13400
PEGA,20130110,12.075,12.075,11.875,12.03,50200
PENN,20130110,49.79,50.5,49.77,50.17,1068300
PERI,20130110,36.33,38.22,35.52,36.93,760700
PESI,20130110,3.6,3.75,3.6,3.75,65300
PETS,20130110,11.52,11.52,11.28,11.4,66600
PFBC,20130110,14.95,15.04,14.88,15.04,39400
PFIN,20130110,7.95,7.95,7.61,7.69,21100
PFLT,20130110,13.06,13.13,13,13.07,10200
PFMT,20130110,11.13,11.17,10.8,10.98,54700
PFSW,20130110,3.25,3.25,3.12,3.14,9600
PGC,20130110,14.45,14.67,14.45,14.57,23100
PKBK,20130110,4.9545,4.9818,4.8636,4.9545,5800
PKOH,20130110,20.82,21.08,20.73,20.93,35200
PLAB,20130110,5.92,5.96,5.81,5.92,147000
PLBC,20130110,3.47,3.47,3.36,3.36,500
PLCE,20130110,46.85,46.85,45.58,46.4,407900
PLPC,20130110,63.44,64.09,63.28,63.46,2700
PLUG,20130110,0.64,0.69,0.6,0.68,328900
PLUS,20130110,22.19,22.19,21.53,22.145,16400
PLXS,20130110,24.83,24.83,23.45,24.09,443600
PMBC,20130110,6.16,6.29,6.1,6.15,28600
PMD,20130110,11.25,11.47,11.04,11.25,22700
PNBK,20130110,13.5,13.5,13.2,13.2,2700
PNFP,20130110,19.73,19.75,19.56,19.68,81100
PNNT,20130110,11.15,11.18,11.05,11.12,357300
PNQI,20130110,43.16,43.16,42.72,43.16,5700
PNRG,20130110,25.92,25.92,25.92,25.92,100
PODD,20130110,22.53,23.08,22.53,23.02,221400
POOL,20130110,44.52,44.52,43.34,44.29,183600
POWI,20130110,17.5,17.545,17.125,17.435,110700
POWL,20130110,42.38,42.65,41.81,42.61,19500
PPBI,20130110,10.63,10.65,10.53,10.6,52300
PPC,20130110,8.09,8.19,7.82,8.07,669900
PRAA,20130110,34.5567,34.6467,34.2833,34.6033,89800
PRFT,20130110,11.84,12.02,11.65,11.95,116000
PRFZ,20130110,72.04,72.72,71.65,72.05,42300
PRGS,20130110,22.75,23.21,22.74,23.01,620900
PRIM,20130110,15.97,16.01,15.85,15.89,195600
PROV,20130110,19,19.08,18.75,18.99,100200
PRPH,20130110,1.41,1.45,1.41,1.41,2400
PRTA,20130110,5.91,6.23,5.89,6.1,690300
PRTS,20130110,1.85,1.92,1.8,1.87,6100
PSCC,20130110,35.42,35.48,35.17,35.48,20900
PSCD,20130110,33.93,34.03,33.71,34,8300
PSCE,20130110,34.45,34.8,34.45,34.79,2500
PSCF,20130110,31.77,31.85,31.77,31.85,6000
PSCH,20130110,37.05,37.07,36.78,37.04,20800
PSCI,20130110,30,33.55,30,33.55,5100
PSCM,20130110,33.49,33.49,33.49,33.49,0
PSCT,20130110,31.56,31.78,31.54,31.78,37900
PSCU,20130110,30.14,30.15,30.13,30.14,1600
PSEC,20130110,11.25,11.31,11.21,11.25,2321400
PSMT,20130110,81.59,81.99,77.25,77.31,619100
PSTI,20130110,32.7,32.9,32.1,32.5,107300
PTEN,20130110,19.54,19.71,19.09,19.37,2923500
PTIX,20130110,0.79,0.82,0.79,0.79,14100
PTNR,20130110,5.77,5.84,5.71,5.82,74500
PTSI,20130110,9.76,9.95,9.76,9.95,200
PWOD,20130110,26.5867,26.6,26.2867,26.4267,4500
PXLW,20130110,2.3,2.37,2.26,2.3,8000
PZZA,20130110,27.845,27.98,27.415,27.665,116700
QABA,20130110,26.45,26.59,26.45,26.57,5300
QADA,20130110,13.78,13.9,13.72,13.87,7600
QADB,20130110,12.71,12.71,12.7,12.7,300
QCLN,20130110,10,10,9.87,9.93,2900
QCOM,20130110,65.47,65.53,64.39,64.78,13113900
QCRH,20130110,14.52,14.58,14.3,14.3,3300
QDEL,20130110,22,22.02,21.53,21.75,231500
QLYS,20130110,16.1,16.27,15.46,16.17,64200
QNST,20130110,6.26,6.45,6.02,6.04,57000
QQEW,20130110,27.1,27.16,27.01,27.16,36400
QQQ,20130110,67.21,67.27,66.55,67.17,37534200
QQQX,20130110,16,16.02,15.8,16.02,93100
QQXT,20130110,25.79,25.79,25.58,25.68,1400
QTEC,20130110,26.83,26.88,26.65,26.87,24800
QUIK,20130110,28.42,31.36,28.14,29.96,330000
RADA,20130110,2.38,2.38,2.36,2.36,300
RAIL,20130110,24.33,24.34,24.03,24.13,76500
RAND,20130110,23.76,23.76,22.05,23.58,1000
RAVN,20130110,26.72,27.05,26.55,26.86,30600
RBCAA,20130110,22.4,22.44,22.25,22.34,38300
RBCN,20130110,64.4,66,63.1,65,136300
RCII,20130110,33.77,33.77,32.93,33.44,660500
RCKY,20130110,13.23,13.27,13.14,13.2,4600
RCMT,20130110,5.6,5.6,5.54,5.57,13400
RCON,20130110,8.5,8.7,8.25,8.3,29000
RDCM,20130110,2.43,2.43,2.41,2.41,26100
RDHL,20130110,11.1,11.1,11.1,11.1,0
RDI,20130110,6.03,6.05,5.92,6.05,28700
RDNT,20130110,2.74,2.78,2.69,2.76,89300
RDWR,20130110,16.835,16.955,16.765,16.9,163700
REFR,20130110,4.04,4.09,3.91,3.96,23900
REGI,20130110,6.65,6.65,6.25,6.28,248300
REGN,20130110,185.14,185.23,179.55,183.77,545200
RELL,20130110,11.58,12.24,11.31,12.06,35500
RENT,20130110,20.72,20.76,20.21,20.35,35400
RFIL,20130110,5.44,5.49,5.22,5.25,70000
RGCO,20130110,12.4,12.4733,12.32,12.4333,2000
RGEN,20130110,7.13,7.17,6.9,7.14,108200
RGLD,20130110,80.51,81.75,80.34,81.14,436000
RGLS,20130110,72.12,72.24,67.2,68.16,40600
RICK,20130110,8.25,8.25,8.12,8.18,12500
RIGL,20130110,7,7.01,6.81,6.92,261100
RMBS,20130110,4.96,5.09,4.93,5.08,552500
RMCF,20130110,11.74,11.91,11.65,11.91,14000
RMTI,20130110,7.4,7.62,7.36,7.39,150900
RNST,20130110,19.81,20,19.59,19.68,31200
RNWK,20130110,7.39,7.51,7.35,7.43,40600
ROCK,20130110,15.94,16.06,15.71,15.78,73200
ROIC,20130110,13,13.15,12.99,13.12,640100
ROLL,20130110,51.65,52.33,51.58,52,40000
ROST,20130110,28.455,28.705,28.185,28.65,1701200
RPRX,20130110,16.75,17.57,16.57,17.49,862500
RRGB,20130110,34.26,35.69,34.04,35.4,319600
RUSHA,20130110,14.3933,14.4133,13.9933,14.4133,82400
RUSHB,20130110,12.28,12.28,12,12.12,1900
RUTH,20130110,7.78,7.93,7.63,7.76,304900
RVSB,20130110,1.93,1.93,1.82,1.82,3400
RYAAY,20130110,38.28,38.39,37.63,38.24,655200
SAFM,20130110,49.86,49.86,48.41,49.01,264900
SAFT,20130110,46.76,47.05,46.49,47.02,26100
SAIA,20130110,15.58,15.6133,15.3667,15.5333,51400
SAL,20130110,25.75,25.89,25.53,25.89,3100
SALM,20130110,5.44,5.47,5.32,5.42,35200
SANM,20130110,10.99,11,10.74,10.89,853100
SANW,20130110,8.04,8.25,7.97,8.17,9700
SASR,20130110,19.9,20.1,19.64,20.05,25700
SATS,20130110,28.1125,28.1125,27.7875,28.0231,103900
SBAC,20130110,70.02,70.69,69.85,70.62,1722000
SBCF,20130110,8.15,8.25,8,8.15,59700
SBGI,20130110,13.2,13.3,12.95,13.09,460400
SBLK,20130110,35.35,35.95,35.05,35.75,7800
SBNY,20130110,74.12,74.45,73.27,74.36,196500
SBRA,20130110,23.63,23.87,23.51,23.66,227600
SBSI,20130110,20.0952,20.3238,19.9143,20.1619,42700
SBUX,20130110,27.38,27.585,27.15,27.27,7184200
SCHL,20130110,29.27,29.55,29.25,29.25,129300
SCHN,20130110,29.69,29.86,29.38,29.67,456200
SCOR,20130110,14.01,14.24,13.9,14.08,285900
SCSC,20130110,33.47,33.68,33.19,33.63,58900
SCVL,20130110,20.2,20.23,19.9,20.17,50400
SEAC,20130110,10.55,10.6,10.29,10.54,213200
SEED,20130110,15.3,16.1,15.3,15.4,94500
SEIC,20130110,24.82,24.85,24.62,24.82,794300
SENEA,20130110,30.99,30.99,30.06,30.46,31000
SENEB,20130110,30.8,30.8,30.8,30.8,0
SFBC,20130110,10.6,10.69,10.6,10.64,6300
SFNC,20130110,12.795,12.825,12.565,12.805,7400
SFST,20130110,9.55,9.55,9.41,9.55,4700
SGC,20130110,11.27,11.27,11.27,11.27,0
SGEN,20130110,27.19,27.35,27.03,27.18,594700
SGMA,20130110,4.64,4.74,4.64,4.74,3900
SGMO,20130110,6.76,7.05,6.75,6.9,874600
SGMS,20130110,9.6,9.62,9.47,9.52,146500
SGOC,20130110,4.76,4.88,4.6,4.88,17300
SGRP,20130110,1.93,1.93,1.88,1.88,1100
SHBI,20130110,5.27,5.49,5.27,5.43,8600
SHEN,20130110,7.925,7.925,7.75,7.84,25700
SHIP,20130110,1800,1824,1620,1620,44800
SHOO,20130110,19.0578,19.3733,18.8667,19.2089,416600
SHY,20130110,84.43,84.45,84.43,84.44,1687200
SIEB,20130110,1.65,1.67,1.65,1.67,300
SIFY,20130110,2.04,2.11,2.04,2.05,52700
SIGA,20130110,2.84,2.86,2.74,2.84,222200
SIGI,20130110,20.03,20.11,19.89,20.06,77700
SILC,20130110,18.88,19.01,18.58,18.83,25000
SIMO,20130110,14.76,14.76,14.57,14.59,164000
SINO,20130110,11.5,13.75,11.5,12.45,164000
SIRI,20130110,3.14,3.19,3.12,3.13,83789300
SIVB,20130110,60.65,61.19,60.3,60.9,357800
SKYW,20130110,13.65,13.69,13.28,13.28,295800
SKYY,20130110,20.65,20.65,20.33,20.55,77400
SLAB,20130110,42.02,42.08,41.04,41.46,312500
SLGN,20130110,21.125,21.345,20.94,20.99,325400
SLM,20130110,6.3071,6.3214,6.2286,6.3,3738300
SLMBP,20130110,55,55,54.9,54.9,300
SLP,20130110,4.29,4.32,4.25,4.27,8600
SLRC,20130110,24.41,24.52,24.32,24.5,476800
SMBC,20130110,11.745,11.745,11.7,11.7,700
SMCI,20130110,10.18,10.18,10.02,10.05,84700
SMED,20130110,2.75,3.02,2.74,3,117500
SMIT,20130110,2.96,2.96,2.96,2.96,0
SMMF,20130110,5.71,5.71,5.71,5.71,100
SMPL,20130110,14.69,14.8,14.67,14.71,28000
SMSI,20130110,5.8,6.24,5.72,6.16,138100
SMTC,20130110,29.5,29.71,29.31,29.65,330600
SNCR,20130110,23.31,23.7,22.31,23.02,496900
SNFCA,20130110,11.53,12.05,10.89,11.24,387800
SNPS,20130110,31.52,31.6,31.36,31.47,806500
SOCL,20130110,13.56,13.75,13.52,13.74,2400
SOHU,20130110,47.12,48.45,46.79,47.94,674100
SOXX,20130110,54.22,54.46,53.96,54.39,190700
SPBC,20130110,16.42,16.58,16.42,16.58,500
SPLK,20130110,29.89,29.89,29.22,29.77,720900
SPNS,20130110,4.42,4.42,4.32,4.37,22700
SPPI,20130110,12.96,13.15,12.9,13.01,1895500
SPRO,20130110,1.78,1.78,1.65,1.75,1500
SPSC,20130110,39.65,39.92,38.22,38.37,68300
SPTN,20130110,15.73,15.75,15.51,15.65,32200
SPWR,20130110,8.38,8.49,8.06,8.18,2813200
SQQQ,20130110,11721.6,12086.4,11696,11753.6,1189700
SRCE,20130110,22.4,22.63,22.39,22.62,13800
SRCL,20130110,95.72,95.85,94.83,95.24,335200
SRDX,20130110,23.85,24.08,23.73,24.05,48400
SREV,20130110,6.54,6.57,5.9,6.32,968000
SRPT,20130110,27.52,27.9,25.86,26.19,1213700
SSBI,20130110,7.05,7.05,6.98,7.03,12100
SSNC,20130110,22.64,22.8,22.56,22.65,53600
SSYS,20130110,87,87,81.9,83.58,903700
STAA,20130110,6.19,6.21,5.53,5.65,227300
STBA,20130110,17.92,18.19,17.8,18,33000
STFC,20130110,15.19,15.84,15.19,15.6,15000
STKL,20130110,6.29,6.3,6.21,6.27,41100
STLD,20130110,14.94,15.08,14.84,14.95,2468200
STRA,20130110,52.84,53.67,52.2,53.35,270200
STRL,20130110,9.95,10.03,9.8,9.86,8900
STRM,20130110,5.57,5.65,5.46,5.49,17700
STRN,20130110,5.05,5.05,5,5.04,4200
STRS,20130110,8.75,8.93,8.54,8.77,32700
STRT,20130110,26.51,27.18,26.51,26.6,3600
STSA,20130110,20.97,21.1,20.68,20.98,68000
STX,20130110,33.66,33.72,32.98,33.68,9941000
SUMR,20130110,18.54,18.81,18,18.45,36200
SUNS,20130110,19.41,19.49,19.32,19.45,34100
SUPN,20130110,7.3,7.3,6.93,7.17,78300
SURG,20130110,5.24,5.5,5.21,5.41,143800
SVBI,20130110,3.36,3.36,3.25,3.28,1200
SVVC,20130110,17.8,17.8,17.46,17.66,74400
SWIR,20130110,7.89,7.99,7.63,7.94,104100
SWKS,20130110,21.65,22.01,21.22,21.32,4737400
SYBT,20130110,15.0933,15.2667,14.9333,15.1733,23600
SYNA,20130110,29.53,30.56,29.45,30.35,514300
SYNL,20130110,13.88,14.3,13.88,14,19600
SYPR,20130110,4.03,4.03,3.9,3.98,38100
TACT,20130110,7.76,7.76,7.5,7.67,16800
TAIT,20130110,1.01,1.05,1,1.05,7200
TAST,20130110,6.2,6.22,6.13,6.17,26200
TATT,20130110,5.58,5.58,5.58,5.58,0
TAYD,20130110,8.57,8.74,8.57,8.73,4500
TBBK,20130110,10.72,10.99,10.7,10.94,131200
TBNK,20130110,22.98,22.98,22.77,22.79,6500
TCBI,20130110,46.41,46.62,46.08,46.26,227800
TCBK,20130110,16.79,17.09,16.51,17.01,39400
TCPC,20130110,14.73,14.73,14.6,14.68,286000
TCX,20130110,6.24,6.44,6.2,6.2,84200
TDIV,20130110,20.02,20.15,19.98,20.15,140100
TECH,20130110,70.1,70.39,69.57,69.65,176700
TESS,20130110,23.8,23.99,23.22,23.73,30900
TFSL,20130110,10.02,10.1,10,10.09,179800
TGA,20130110,9.09,9.93,9.09,9.62,820300
THFF,20130110,30.14,30.3,29.79,30.18,17500
THRM,20130110,13.68,13.68,13.37,13.55,85900
THRX,20130110,22.85,23.56,22.53,23.51,391700
TIGR,20130110,2.22,2.26,2.22,2.26,2700
TITN,20130110,27.03,27.87,26.98,27.79,505600
TLT,20130110,118.62,119.3,118.36,118.79,5603000
TOPS,20130110,9030000,9450000,8330000,8470000,21400
TOWN,20130110,15.69,15.69,15.4,15.52,28100
TQQQ,20130110,4.7192,4.7333,4.5833,4.7092,2455600
TREE,20130110,17.5,17.62,17.1,17.12,16900
TRIB,20130110,14.67,14.67,14.55,14.64,15000
TRIP,20130110,44.38,44.6,42.77,43.49,2676900
TRIT,20130110,2.43,2.43,2.37,2.37,29300
TRMB,20130110,31.58,31.66,30.82,31.02,434300
TRMD,20130110,3.3,3.3,3.15,3.18,900
TRMK,20130110,23.7,23.81,23.53,23.63,203600
TRNS,20130110,6.32,6.6,6,6.47,8400
TROW,20130110,67.85,68.25,67.32,68.21,1647100
TRS,20130110,29.16,29.38,28.62,29.25,204000
TRST,20130110,5.39,5.41,5.33,5.35,243000
TSBK,20130110,7.15,7.19,7.1,7.1,10500
TSCO,20130110,46.86,46.86,46.13,46.52,552900
TSEM,20130110,8.35,8.45,8.35,8.42,7600
TSLA,20130110,6.774,6.798,6.676,6.706,922400
TSRI,20130110,3.17,3.23,3.17,3.19,6300
TTEC,20130110,18.22,18.25,17.96,18.15,38800
TTEK,20130110,28.24,28.34,27.93,28.11,140700
TTGT,20130110,4.93,4.93,4.57,4.73,49700
TTMI,20130110,9.29,9.3,9.19,9.22,200300
TTWO,20130110,12.05,12.22,11.97,11.98,1592700
TW,20130110,57.9,57.95,56.76,57.82,218300
TWIN,20130110,18.32,18.32,17.98,18.06,9700
TXN,20130110,32.14,32.57,32.08,32.43,8019200
TXRH,20130110,17.81,17.83,17.52,17.64,1285400
TZOO,20130110,19.74,19.8,19.29,19.35,129100
UBCP,20130110,6.51,6.51,6.44,6.44,2700
UBFO,20130110,2.7,2.87,2.7,2.82,40200
UBOH,20130110,10.03,10.42,10.03,10.31,700
UBSI,20130110,25.33,25.48,25.06,25.34,171300
UCBI,20130110,9.93,9.94,9.82,9.93,68700
UCTT,20130110,4.87,4.9,4.77,4.81,21700
UEIC,20130110,19.2,19.31,18.72,19.05,20600
UEPS,20130110,5.22,5.34,5.16,5.29,181600
UFCS,20130110,23.1,23.24,22.6,23.13,35100
UFPI,20130110,40,40.17,39.01,40.1,68600
UFPT,20130110,18.49,19.1,18.2,19.09,16400
UG,20130110,21.16,21.16,21.16,21.16,0
UHAL,20130110,131.68,132.03,129.46,131.65,12600
UIHC,20130110,5.9,6.07,5.9,5.93,117200
ULBI,20130110,3.22,3.23,3.18,3.23,5300
ULTA,20130110,94.59,94.6,92.11,94.32,1095600
UMBF,20130110,45.38,45.62,45.09,45.19,47100
UMPQ,20130110,12.5,12.61,12.33,12.56,369000
UNAM,20130110,12.25,12.25,12.24,12.25,1200
UNB,20130110,19.45,19.45,19.41,19.44,2100
UNTY,20130110,6.06,6.06,5.92,6.05,4400
URBN,20130110,41.39,43.27,41.35,42.64,6044600
USAK,20130110,3.45,3.5,3.45,3.5,3000
USAP,20130110,37.3,37.3,36,36.04,31400
USEG,20130110,99,99,93.6,96.6,30200
USLM,20130110,47.7,47.7,46.66,46.85,2000
UTHR,20130110,53.11,53.32,52.42,52.53,445800
UTMD,20130110,40.64,40.64,39.26,40.42,3700
UTSI,20130110,3.3,3.33,3.24,3.24,71800
UVSP,20130110,17.59,17.59,17.44,17.52,17900
VALU,20130110,9.62,9.7,9.5,9.7,7800
VBFC,20130110,21.44,21.44,16.8,16.8,1900
VCIT,20130110,87.52,87.71,87.52,87.62,382200
VCLT,20130110,91.12,91.44,90.94,91.25,87900
VCSH,20130110,80.33,80.36,80.26,80.34,521600
VECO,20130110,31.4,31.72,29.76,30.12,999500
VGIT,20130110,65.21,65.27,65.21,65.27,3500
VGLT,20130110,73.97,74.3,73.83,74.01,11000
VGSH,20130110,60.89,60.89,60.87,60.88,15300
VIA,20130110,60.4,60.4,59.4,60.24,262100
VICR,20130110,5.42,5.44,5.36,5.36,78400
VIRC,20130110,2.68,2.68,2.68,2.68,0
VIVO,20130110,21.09,21.22,20.9,21.15,75200
VLGEA,20130110,31.75,32.2,31.75,31.98,9500
VMBS,20130110,52.22,52.22,52.13,52.13,77900
VNDA,20130110,3.81,3.82,3.65,3.8,116500
VNET,20130110,9.5,9.9,9.22,9.83,255600
VNQI,20130110,55.78,55.89,55.47,55.82,105900
VOD,20130110,26.5,26.69,26.36,26.65,8094600
VONE,20130110,67.08,67.44,66.98,67.44,4700
VONG,20130110,69.09,69.21,68.88,69.19,6400
VONV,20130110,65.55,65.86,65.4,65.84,5700
VOXX,20130110,9.15,9.47,8.91,9.26,981700
VRA,20130110,24.18,24.25,23.43,23.5,432900
VRNT,20130110,31.3,31.55,30.8,31.06,346800
VRSK,20130110,54.3,54.3,53.67,53.87,1141100
VRSN,20130110,39.87,39.9,38.8,38.87,4247000
VRTS,20130110,131.42,134.41,130.13,134.38,48200
VRTX,20130110,48.59,48.63,46.25,46.8,2511300
VSAT,20130110,39.09,39.3,37,37.66,458200
VSEC,20130110,12.595,12.81,12.27,12.68,38600
VSTM,20130110,10.95,11.05,10.93,11.04,21800
VTHR,20130110,67.51,67.52,67.26,67.26,800
VTIP,20130110,50.12,50.15,50.1,50.12,156300
VTWG,20130110,72.17,72.17,71.54,71.83,11000
VTWO,20130110,69.73,69.73,69.29,69.55,12500
VTWV,20130110,67.02,67.27,67.02,67.27,1200
VXUS,20130110,47.78,47.96,47.58,47.92,167700
WABC,20130110,44.74,44.83,44.1,44.6,160200
WAFD,20130110,17.06,17.19,16.9,17.15,379100
WASH,20130110,26.33,26.33,25.81,26.27,46300
WDAY,20130110,53.29,53.4,51.79,53.2,404700
WDC,20130110,43.76,44.25,43.66,44.16,4324400
WDFC,20130110,52.58,52.84,50.67,51.17,87300
WEN,20130110,4.8,4.82,4.76,4.8,2177200
WERN,20130110,22.7,22.79,22.55,22.74,586500
WETF,20130110,7.47,7.63,7.4,7.6,1143200
WEYS,20130110,23.11,23.11,22.7,22.76,11800
WHF,20130110,14.94,15,14.8,14.85,53800
WHLR,20130110,48.08,48.08,47.6,47.84,9500
WILC,20130110,4.96,5.58,4.96,5.23,23400
WINA,20130110,59.89,59.89,58.35,59.38,1400
WIRE,20130110,32.18,32.18,31.73,32.06,25800
WLDN,20130110,2.18,2.27,2.18,2.27,700
WLFC,20130110,14.72,14.72,14.67,14.7,8400
WOOD,20130110,46.67,46.67,46.26,46.49,27400
WOOF,20130110,21.97,22.02,21.81,22,362200
WPRT,20130110,28.96,29,27.86,27.93,347900
WRLD,20130110,74.73,74.9,74.43,74.65,97700
WSBC,20130110,22.14,22.48,22.02,22.17,48400
WSBF,20130110,7.94,8,7.76,7.91,29400
WSFS,20130110,14.91,15.0967,14.7333,14.9267,33500
WSTG,20130110,12.16,12.29,11.95,11.98,15100
WTBA,20130110,11.51,11.72,11.42,11.59,13900
WTFC,20130110,38.12,38.25,37.76,37.97,160900
WVFC,20130110,10,10,9.9,10,1300
WVVI,20130110,4.08,4.08,3.86,4.03,2100
WWD,20130110,39.75,40.17,39.16,39.48,200300
WYNN,20130110,123.65,123.69,120.26,122.9,1462000
XLNX,20130110,35.94,36.25,35.85,36,2402800
XOMA,20130110,59.4,59.6,55.6,57,626400
XRAY,20130110,40.52,40.52,40.15,40.33,525200
XRTX,20130110,7.8,8.35,7.76,8.17,551300
YNDX,20130110,23.47,23.89,23.33,23.44,1441900
YORW,20130110,17.99,18.2,17.99,18.15,19000
YY,20130110,13.51,13.51,13.06,13.3,132000
Z,20130110,31.7,32.68,31.26,32.31,267000
ZBRA,20130110,41.47,41.47,40.85,41.15,89700
ZEUS,20130110,21.85,22.18,21.64,21.88,10100
ZGNX,20130110,12,12.08,10.8,11.36,1559500
ZION,20130110,21.61,21.95,21.59,21.95,2712700
ZIOP,20130110,4.7,4.75,4.47,4.52,530800
ZIXI,20130110,3.16,3.24,3.11,3.16,301400
ZNGA,20130110,2.46,2.53,2.45,2.48,14035700
ZUMZ,20130110,20.41,20.42,19.87,20.24,390500
