AAME,20130123,3.3,3.32,3.29,3.3,6100
AAON,20130123,10.0845,10.1245,9.9245,9.9822,35300
AAPL,20130123,18.1718,18.3925,18.0275,18.3575,30767900
AAWW,20130123,47.09,47.09,46.09,46.13,118400
AAXJ,20130123,60.75,60.89,60.65,60.84,697400
ABCB,20130123,13.1,13.1,12.95,13.05,22700
ABIO,20130123,302.4,302.4,279.72,287.28,17200
ABMD,20130123,12.56,12.68,12.45,12.66,803200
ACAD,20130123,6,6.19,5.72,5.87,5254900
ACET,20130123,10.23,10.27,10.15,10.25,90000
ACGL,20130123,15.22,15.2533,15.08,15.15,355700
ACHC,20130123,26.91,26.98,26.12,26.3,220600
ACIW,20130123,15.6167,15.6433,15.4067,15.4167,101700
ACLS,20130123,5.04,5.16,4.96,5.04,93100
ACNB,20130123,16.12,16.14,16.1,16.1,1400
ACOR,20130123,28.5,28.84,28.08,28.54,458500
ACRX,20130123,5.48,5.75,5.35,5.56,337200
ACST,20130123,26.3,26.3,24.6,24.6,3200
ACTG,20130123,25.87,25.97,25.02,25.36,765300
ACWI,20130123,49.61,49.69,49.5,49.65,663500
ACWX,20130123,42.84,42.84,42.65,42.79,250400
ADBE,20130123,37.94,38.28,37.89,38.25,3308900
ADES,20130123,11.23,11.48,10.89,10.985,51000
ADI,20130123,43.31,43.45,43.03,43.35,2265200
ADP,20130123,52.6514,52.6514,52.1597,52.2914,1772600
ADRE,20130123,41.2,41.31,41.15,41.19,66400
ADSK,20130123,36.71,37.05,36.61,36.86,1653100
ADTN,20130123,20.99,21,20.32,20.36,1136800
ADUS,20130123,8.85,8.85,8.5,8.62,73800
AEHR,20130123,0.88,0.88,0.88,0.88,0
AEIS,20130123,14.79,14.84,14.6,14.82,323800
AEY,20130123,2.31,2.31,2.24,2.28,9800
AEZS,20130123,260,261,256,258,259800
AGEN,20130123,4.18,4.39,4.17,4.34,108300
AGNC,20130123,31.94,32,31.64,31.86,3513900
AGNCP,20130123,26.01,26.15,26,26.13,27600
AGYS,20130123,8.54,8.54,8.38,8.4,19800
AHPI,20130123,2.67,2.67,2.65,2.65,2000
AIMC,20130123,23.86,23.9,23.58,23.8,149600
AINV,20130123,26.94,26.94,26.7,26.94,1389400
AIRT,20130123,8.81,8.81,8.79,8.81,900
AKAM,20130123,40.18,40.48,39.73,40.06,2117200
ALCO,20130123,40.55,40.55,40.1,40.29,5200
ALGN,20130123,27.47,27.52,26.81,27.09,808800
ALGT,20130123,74.35,75.17,74.11,74.61,90200
ALIM,20130123,1.71,1.8,1.71,1.77,11300
ALKS,20130123,22.31,22.31,21.63,21.68,1065000
ALLT,20130123,13.71,14.38,13.71,14.15,1408400
ALNY,20130123,23.38,24.4,23.08,23.66,713400
ALOT,20130123,9.94,10.2,9.94,10.06,46300
ALRN,20130123,0.56,0.56,0.56,0.56,0
ALTR,20130123,35.62,35.69,35.02,35.18,4617100
ALVR,20130123,4.1,4.2,4.1,4.1,35700
AMAT,20130123,12.74,12.74,12.59,12.7,11479800
AMBA,20130123,12.15,12.29,11.82,11.99,115700
AMCX,20130123,56.41,57.11,55.93,56.66,665800
AMD,20130123,2.62,2.75,2.59,2.73,69200400
AMED,20130123,11.63,11.77,11.31,11.31,217400
AMGN,20130123,83.06,84.49,82.87,83.07,7670700
AMKR,20130123,4.53,4.67,4.51,4.65,684800
AMNB,20130123,20.23,20.37,20.15,20.16,11600
AMOT,20130123,6.85,6.85,6.66,6.68,9800
AMRN,20130123,8.38,8.75,8.18,8.44,6052900
AMRS,20130123,47.25,47.25,43.65,44.7,641600
AMSC,20130123,27.8,28.1,27.5,27.5,211900
AMSF,20130123,28.49,28.64,28.27,28.46,48700
AMSWA,20130123,8.45,8.47,8.37,8.4,17400
AMWD,20130123,26.74,27.78,26.74,27.55,57000
AMZN,20130123,270.57,271.09,266.65,268.11,2513500
ANAT,20130123,76.8,77.56,76.25,77.04,33600
ANDE,20130123,31.02,31.0533,30.4533,30.5733,76500
ANGI,20130123,11.53,11.68,11.44,11.56,331400
ANGO,20130123,12.05,12.2,12.05,12.07,126800
ANIK,20130123,10.78,10.83,10.63,10.65,67000
ANSS,20130123,72.49,73.18,72.49,72.62,229700
AOSL,20130123,8.97,8.99,8.92,8.94,57100
APEI,20130123,37.46,38.12,37.38,37.61,33000
APOG,20130123,24.57,24.87,24.4,24.84,144200
APWC,20130123,4.1,4.26,4.1,4.26,8500
ARAY,20130123,5.31,5.31,5.11,5.12,617000
ARCC,20130123,17.98,18,17.87,17.92,1290300
ARKR,20130123,17.05,17.1,17.05,17.1,3500
ARLP,20130123,33.125,33.225,32.58,32.74,58400
ARNA,20130123,88.2,88.5,86.4,86.8,6616600
AROW,20130123,24.73,25,24.31,24.44,30100
ARRY,20130123,3.99,4.04,3.97,4.02,469500
ARTNA,20130123,22.8,22.86,22.37,22.56,11000
ARTW,20130123,6.9,7.06,6.67,6.7,6800
ARWR,20130123,2.18,2.22,2.17,2.2,45400
ASML,20130123,69.25,69.46,68.51,69.24,1824700
ASPS,20130123,93.6,93.81,91.84,93.2,108500
ASRV,20130123,2.96,3.01,2.96,3.01,1900
ASTC,20130123,0.93,0.93,0.87,0.88,30100
ASTE,20130123,34.95,35.1,34.67,35.05,91100
ASUR,20130123,6.81,7.07,6.79,6.85,7000
ASYS,20130123,4.08,4.24,4.04,4.17,83300
ATAI,20130123,5.69,5.81,5.69,5.81,4400
ATAX,20130123,7.34,7.34,7.1,7.17,176700
ATEC,20130123,20.52,20.64,20.16,20.16,36000
ATHX,20130123,1.32,1.37,1.3,1.32,887400
ATLC,20130123,3.38,3.48,3.34,3.34,6700
ATLO,20130123,21.6,21.78,21.52,21.71,9600
ATNI,20130123,43.18,43.39,41.59,43.13,208600
ATOS,20130123,774,774,770.4,770.4,300
ATRC,20130123,7.92,7.92,7.62,7.65,75600
ATRI,20130123,191.38,196.33,191.38,195.12,1900
ATRO,20130123,18.9583,19.1917,18.6,19.1583,19000
ATRS,20130123,4.02,4.04,3.97,4,815200
ATSG,20130123,4.23,4.32,4.17,4.31,102800
ATVI,20130123,11.45,11.5,11.29,11.31,7628500
AUBN,20130123,21.03,21.03,21.03,21.03,300
AUDC,20130123,3.66,3.74,3.65,3.7,31200
AVAV,20130123,22.22,22.66,21.94,22.63,279900
AVEO,20130123,80,80.3,77.1,78.3,595900
AVGO,20130123,34.84,35,34.17,34.42,2279300
AVID,20130123,7.42,7.48,7.3,7.31,103400
AVNW,20130123,45.12,45.36,43.32,43.92,212200
AWRE,20130123,5.88,5.99,5.82,5.86,30200
AXDX,20130123,4.25,4.25,4.22,4.24,8800
AXTI,20130123,2.93,2.93,2.82,2.85,144900
AZPN,20130123,28.86,28.98,28.57,28.7,306000
BANF,20130123,41.6,41.69,41.21,41.34,12700
BANFP,20130123,26.3,26.3,26.3,26.3,0
BANR,20130123,31.68,31.77,31.31,31.45,71600
BBBY,20130123,56.5,56.66,56.1,56.52,2240300
BBGI,20130123,4.92,4.95,4.9,4.93,4600
BBSI,20130123,41.49,41.55,41.13,41.13,44100
BCBP,20130123,9.41,9.83,9.41,9.62,10700
BCOR,20130123,15.57,15.65,14.85,14.94,773200
BCOV,20130123,9.15,9.21,8.83,8.84,249900
BCPC,20130123,37.96,38.02,37.12,37.28,63200
BCRX,20130123,1.65,1.66,1.61,1.63,368800
BDSI,20130123,4.26,4.28,4.16,4.19,197300
BEAT,20130123,2.19,2.19,2.15,2.16,33800
BECN,20130123,35.99,36.25,35.85,36.19,354100
BELFA,20130123,16.5,16.5,16.5,16.5,0
BELFB,20130123,17.95,18.11,17.59,17.7,33200
BFIN,20130123,7.71,7.76,7.66,7.67,8700
BGCP,20130123,3.81,3.82,3.63,3.63,1208200
BGFV,20130123,14.67,14.68,13.76,13.77,126000
BIB,20130123,16.3275,16.4125,16.0175,16.02,10900
BICK,20130123,25.83,25.88,25.79,25.86,1800
BIDU,20130123,110.03,111.25,108.11,108.3,3553400
BIIB,20130123,133.2479,133.9019,132.0229,132.2255,1110100
BIOC,20130123,180.6,180.9,178.5,180,11400
BIOL,20130123,13.8,14,13.55,13.85,38400
BIS,20130123,58.57,59.16,58.57,58.84,1800
BJRI,20130123,33.78,33.89,32.91,33,235100
BKCC,20130123,10.55,10.6,10.47,10.49,483800
BKEP,20130123,7.66,7.84,7.5,7.57,18800
BKEPP,20130123,8.7,8.73,8.63,8.73,2200
BKSC,20130123,11.52,12.1,11.52,12.1,2800
BLDP,20130123,0.7,0.7,0.67,0.68,66700
BLIN,20130123,370,377.5,370,377.5,18500
BLKB,20130123,24.3,24.75,24.17,24.52,149600
BLMN,20130123,18.74,18.83,18.03,18.42,488800
BLRX,20130123,52.35,57.6,51.9,55.5,152400
BMRC,20130123,19.7,19.95,19.51,19.92,7000
BMRN,20130123,55.22,55.49,54.34,54.58,1236900
BMTC,20130123,22.07,22.16,21.91,22.02,19100
BNSO,20130123,1.34,1.41,1.33,1.37,15700
BOKF,20130123,56.66,56.72,56.31,56.39,46500
BOLT,20130123,15.41,15.49,15.38,15.4,17000
BOOM,20130123,15.66,15.89,15.57,15.6,48300
BOSC,20130123,4.58,4.74,4.29,4.5,19300
BOTJ,20130123,6.22,6.22,6.2,6.2,1000
BPOP,20130123,22.7,22.73,22.45,22.71,562000
BPOPM,20130123,23.71,23.71,23.71,23.71,400
BPOPN,20130123,23.65,23.8,23.5,23.5,7200
BRID,20130123,7,7,6.97,6.97,500
BRKL,20130123,8.9,8.9,8.78,8.82,203900
BRKR,20130123,16.79,16.85,16.64,16.72,604700
BRKS,20130123,9.31,9.35,9.2,9.31,398300
BRLI,20130123,30.91,30.91,29.52,30.35,481200
BSET,20130123,13.71,14.1,13.71,14,41100
BSQR,20130123,3.4,3.45,3.35,3.45,18800
BSRR,20130123,12.26,12.26,11.98,12.11,6000
BUSE,20130123,4.62,4.64,4.56,4.59,118400
BWEN,20130123,2.48,2.54,2.46,2.47,33300
BYFC,20130123,0.85,0.85,0.81,0.81,600
CAAS,20130123,6,6.06,5.45,5.58,104100
CAC,20130123,34.23,34.33,33.81,34.02,6600
CACC,20130123,99.49,99.7,97.85,99.53,30300
CAKE,20130123,33.43,33.43,33.06,33.1,622900
CALM,20130123,20.83,21.065,20.8,21.06,92100
CAMP,20130123,8.37,8.45,8.33,8.4,109300
CAMT,20130123,1.42,1.42,1.31,1.35,154500
CAR,20130123,21.18,21.32,21.08,21.2,789500
CARV,20130123,4.3,4.3,4.13,4.13,200
CARZ,20130123,30.23,30.23,30.08,30.18,6900
CASH,20130123,7.9967,7.9967,7.7533,7.78,1400
CASS,20130123,42,42,40.26,40.35,24400
CASY,20130123,54.06,54.72,53.61,54.31,139500
CATY,20130123,19.96,19.98,19.74,19.78,219800
CBAN,20130123,5.52,5.75,5.5,5.59,2800
CBNK,20130123,16.3,16.54,16.25,16.54,1700
CBRL,20130123,64.84,64.84,64,64.01,195400
CBSH,20130123,37.32,37.4,37,37.12,320500
CCBG,20130123,11.26,11.48,11.2,11.42,10300
CCMP,20130123,36.51,36.72,36.17,36.42,148600
CCNE,20130123,16.74,17,16.73,16.86,4700
CCOI,20130123,24.13,24.25,23.97,24,145200
CCRN,20130123,5.35,5.44,5.1,5.16,96400
CCXI,20130123,11.25,11.33,11.2,11.25,7300
CDNS,20130123,14,14.14,13.97,14.02,2265500
CDXS,20130123,2.26,2.39,2.26,2.32,42100
CDZI,20130123,7.12,7.27,7.06,7.12,9600
CECE,20130123,11.06,11.24,11.03,11.11,60200
CEMI,20130123,4.79,5.2,4.79,5.19,127000
CENT,20130123,9.42,9.49,9.28,9.33,150900
CENTA,20130123,9.5,9.57,9.39,9.45,353300
CENX,20130123,8.96,8.98,8.78,8.86,673600
CERE,20130123,38.32,39.04,35.28,36.08,80800
CERN,20130123,41.485,41.5,41.15,41.33,779700
CERS,20130123,3.02,3.05,3.01,3.04,101900
CEVA,20130123,17.38,17.6,17.27,17.51,110300
CFBK,20130123,8.69,8.8,8.525,8.745,9500
CFFI,20130123,41.76,41.95,40.65,40.81,4800
CFFN,20130123,11.86,12.01,11.84,11.95,678300
CG,20130123,29.15,29.19,28.99,29.15,70900
CGEN,20130123,5.59,5.7,5.59,5.61,442600
CGNX,20130123,9.72,9.7575,9.635,9.6775,165700
CGO,20130123,14.26,14.43,14.13,14.26,47700
CHCI,20130123,1.48,1.52,1.4,1.43,79300
CHCO,20130123,36,36.45,36,36.38,43100
CHDN,20130123,21.9933,22.13,21.9667,22.0533,24900
CHEF,20130123,15.79,15.81,15.34,15.66,97200
CHI,20130123,12.62,12.65,12.56,12.63,159400
CHKP,20130123,45.99,49.22,45.86,48.66,6329000
CHMG,20130123,29.31,29.31,29.3,29.3,300
CHNR,20130123,5.87,5.92,5.33,5.43,4900
CHRW,20130123,66.07,66.49,65.65,65.75,773900
CHSCP,20130123,30.88,31.2,30.7,31.04,37300
CHTR,20130123,78.42,79.14,78.42,78.95,428200
CHUY,20130123,24.13,25.79,24.11,25.34,74400
CHW,20130123,8.93,8.94,8.85,8.89,207700
CHY,20130123,12.85,12.88,12.8,12.81,218600
CIDM,20130123,14.8,15.5,13.6,13.6,59000
CINF,20130123,42.33,42.38,42.07,42.36,425800
CIZN,20130123,19,19,18.8,18.89,700
CJJD,20130123,0.9,1.08,0.9,1.08,3900
CLDX,20130123,112.35,112.95,110.1,110.7,494100
CLFD,20130123,4.98,5.02,4.96,4.97,4200
CLIR,20130123,4.83,4.9,4.8,4.87,5800
CLMT,20130123,32.79,33.2,32.61,32.98,443600
CLNE,20130123,13.81,13.85,13.46,13.53,934400
CLRO,20130123,6.79,6.95,6.76,6.8,78800
CLSN,20130123,7.95,7.96,7.51,7.63,2367900
CLVS,20130123,20.68,21.28,20.35,20.54,52900
CLWT,20130123,2.0467,2.0467,2.0467,2.0467,0
CMCO,20130123,16.21,16.36,16.07,16.27,50600
CMCSA,20130123,19.945,20.06,19.9,20,9539800
CME,20130123,56.45,57.04,56.38,56.85,2550200
CMLS,20130123,23.44,23.76,23.2,23.68,615200
CMTL,20130123,26.69,26.83,26.23,26.25,86500
CNBKA,20130123,32.06,32.76,31.4,32.21,2000
CNET,20130123,0.84,0.86,0.82,0.84,18300
CNOB,20130123,11.98,12,11.91,11.91,16300
CNSL,20130123,17.27,17.5,17.06,17.36,165100
CNTY,20130123,2.92,2.99,2.9,2.98,26900
COCO,20130123,2.6,2.62,2.56,2.62,702100
COHR,20130123,54.5,54.54,52.57,52.97,180300
COHU,20130123,10.72,10.8,10.45,10.54,42000
COKE,20130123,65.83,65.83,64.68,64.97,28300
COLB,20130123,19.7,19.83,19.67,19.78,384700
COLM,20130123,24.625,24.745,24.33,24.65,166600
CONE,20130123,21.8,22.6,21.76,22.6,1122500
CONN,20130123,27.72,28.06,27.55,28.01,376100
COOL,20130123,29.4,29.82,28.56,29.4,473400
CORT,20130123,1.99,2.14,1.99,2.11,967800
COST,20130123,102.3,102.75,101.77,102.12,1442700
COWN,20130123,2.59,2.63,2.57,2.62,778100
CPHC,20130123,10.35,10.36,10.35,10.36,400
CPIX,20130123,4.15,4.18,4.1,4.11,86200
CPLP,20130123,8,8.02,7.92,8,210200
CPRT,20130123,16,16.125,15.92,16.125,473900
CPRX,20130123,0.52,0.57,0.51,0.55,494500
CPSI,20130123,51.7,51.86,51.41,51.55,72700
CPSS,20130123,5.99,6.62,5.94,6.56,180400
CRAI,20130123,17.85,17.85,17.7,17.71,35700
CREG,20130123,106,113,106,110,7700
CRESW,20130123,0.08,0.08,0.08,0.08,9800
CRESY,20130123,9.48,9.55,9.1,9.1,99100
CRIS,20130123,16,17.4,15.05,15.6,921700
CRMT,20130123,40.52,41,40.29,40.58,60200
CRNT,20130123,4.97,4.99,4.92,4.95,214200
CROX,20130123,14.54,14.55,14.4,14.45,1246400
CRTX,20130123,5.49,5.49,5.33,5.46,29100
CRUS,20130123,29.11,30,29.07,29.95,3801800
CRVL,20130123,22.2,22.345,21.99,22.195,18200
CRWS,20130123,4.97,4.97,4.86,4.92,167500
CSCO,20130123,20.89,20.89,20.61,20.62,37138900
CSGP,20130123,91.83,92.28,91.28,92.02,75900
CSGS,20130123,18.84,18.9,18.42,18.51,179600
CSII,20130123,15.04,15.1,14.71,14.73,107300
CSIQ,20130123,4.65,4.74,4.53,4.57,670200
CSOD,20130123,31.47,31.51,31.12,31.14,97100
CSPI,20130123,6,6.38,5.96,6.21,22200
CSQ,20130123,10.51,10.53,10.36,10.48,438000
CSTE,20130123,18.5,19.3,18.5,18.99,128200
CSTR,20130123,49,49.16,48.06,48.31,1239100
CSWC,20130123,26.0025,26.365,25.8925,25.8925,7500
CSX,20130123,21.25,21.83,21.06,21.68,18306300
CTAS,20130123,42.65,42.81,42.35,42.47,498900
CTBI,20130123,32.9,33.23,32.85,32.99,25000
CTHR,20130123,3.9,3.98,3.85,3.94,17000
CTIB,20130123,5.29,5.29,5.29,5.29,300
CTIC,20130123,15.4,15.6,14.9,15,1570700
CTRN,20130123,12.29,12.53,12.12,12.39,94600
CTSH,20130123,39.37,39.455,38.68,38.88,2176100
CTXS,20130123,54.2118,55.3105,53.8615,54.8169,2170200
CUBA,20130123,8.35,8.87,8.35,8.53,52000
CUTR,20130123,10.18,10.97,10.17,10.5,92000
CVBF,20130123,11.06,11.08,10.99,11.01,292600
CVCO,20130123,50.84,51.78,50.72,51.59,52400
CVCY,20130123,8.82,8.85,8.72,8.85,14400
CVGI,20130123,7.36,7.48,7.17,7.31,333100
CVGW,20130123,24.08,24.44,23.7,23.75,105500
CVLT,20130123,72.39,73.93,71.81,72.43,714000
CVLY,20130123,15.24,15.45,15.2,15.2,2100
CVV,20130123,11.07,11.25,10.65,10.75,50100
CWBC,20130123,3.12,3.14,3.1,3.11,3500
CWCO,20130123,8.59,8.6,8.31,8.55,104500
CWST,20130123,4.4,4.4,4.26,4.38,201700
CXDC,20130123,4.36,4.41,4.32,4.33,41300
CYAN,20130123,4.91,5.1,4.91,4.98,13800
CYBE,20130123,6.32,6.68,6.32,6.68,600
CYCC,20130123,1243.2,1264.8,1231.2,1243.2,72000
CYCCP,20130123,9.88,9.88,9.88,9.88,1000
CYTK,20130123,5.94,6.18,5.94,6.18,346900
CZNC,20130123,19.57,19.69,19.49,19.49,8800
CZR,20130123,7.64,7.97,7.55,7.84,485200
CZWI,20130123,6.1,6.17,6.1,6.12,300
DAIO,20130123,1.73,1.78,1.7,1.71,9300
DAKT,20130123,11.44,11.62,11.39,11.54,415600
DCOM,20130123,14.25,14.49,13.96,14,104800
DCTH,20130123,371.2,376.32,358.4,368.64,1362700
DENN,20130123,5.23,5.23,5.1,5.19,557700
DGICA,20130123,13.17,13.44,13.08,13.31,17700
DGICB,20130123,18.75,18.75,18.75,18.75,0
DGII,20130123,9.6,9.76,9.57,9.72,301000
DGLY,20130123,3.62,3.62,3.5,3.5,400
DHIL,20130123,70.73,71.03,68.76,68.79,8000
DIOD,20130123,18.89,19.08,18.63,19.08,174400
DISCA,20130123,67.52,68.19,67.52,68.18,832200
DISCB,20130123,66.97,66.97,66.97,66.97,0
DISCK,20130123,30.915,30.985,30.755,30.895,363700
DISH,20130123,37.25,37.56,37.07,37.24,1580500
DJCO,20130123,99.5,99.5,99.31,99.31,200
DLHC,20130123,1.42,1.45,1.24,1.24,102700
DLTR,20130123,39.62,40.14,39.27,39.96,3673000
DMLP,20130123,22.38,22.61,22.08,22.21,37100
DMRC,20130123,21.95,22.17,21.9,22.04,7300
DORM,20130123,34.59,34.95,34.31,34.73,163600
DRIV,20130123,13.8,14.16,13.8,14.15,185000
DRRX,20130123,1.08,1.11,1.05,1.09,372500
DSGX,20130123,9.76,9.76,9.51,9.51,2500
DSPG,20130123,6.17,6.3,6.08,6.09,28700
DSWL,20130123,2.49,2.54,2.49,2.54,7500
DVAX,20130123,30.9,31.2,30.2,30.6,991800
DWSN,20130123,24.08,24.99,24,24.95,79000
DXCM,20130123,14.83,14.97,14.77,14.84,299900
DXLG,20130123,4.42,4.42,4.31,4.37,185100
DXPE,20130123,53.4,53.99,52.68,53.86,38700
DXYN,20130123,3.98,3.98,3.9,3.91,42700
DYNT,20130123,3.37,3.77,3.37,3.62,63400
EA,20130123,14.52,14.61,13.99,14.05,4998400
EAC,20130123,9.8,10.19,9.78,10.15,37900
EBAY,20130123,22.48,22.7453,22.4547,22.4758,9042100
EBIX,20130123,16.25,16.39,16.07,16.15,237100
EBMT,20130123,10.98,11.05,10.94,10.95,5700
EBSB,20130123,6.8913,7.1078,6.8913,7.0425,91100
EBTC,20130123,16.58,17.06,16.46,16.63,10100
ECHO,20130123,18.53,18.77,18.46,18.69,99000
ECOL,20130123,23.74,23.75,23.36,23.57,121500
ECPG,20130123,29.4,29.47,29.09,29.12,98500
EDAP,20130123,2.9,2.92,2.77,2.82,173500
EDUC,20130123,1.965,1.995,1.93,1.99,8600
EEFT,20130123,24.85,24.91,24.65,24.67,78600
EEMA,20130123,58.07,58.08,57.42,57.66,26600
EFSC,20130123,14.41,14.5,14.08,14.22,39900
EGAN,20130123,6.5,7.11,6.5,6.99,134100
EGBN,20130123,21.93,22.19,21.62,21.65,52300
EGLE,20130123,5670,5670,5468.4,5544,238000
EHTH,20130123,24.6,25.02,24.49,24.49,58900
ELSE,20130123,3.73,3.73,3.73,3.73,0
ELTK,20130123,1.31,1.31,1.22,1.28,10700
EMCB,20130123,81.75,82.09,81.41,81.52,41300
EMCF,20130123,20.75,20.75,20.75,20.75,0
EMIF,20130123,35.95,35.95,35.74,35.83,44600
EMKR,20130123,5.31,5.56,5.31,5.48,218300
EML,20130123,16.3,16.49,16.25,16.25,3600
ENDP,20130123,27.58,28.32,27.56,28.04,2530100
ENG,20130123,0.58,0.64,0.58,0.61,46100
ENPH,20130123,3.78,3.79,3.72,3.72,51300
ENSG,20130123,14.44,14.44,14.24,14.325,42900
ENTG,20130123,9.49,9.54,9.43,9.5,1669000
ENVI,20130123,1.88,1.95,1.88,1.92,27500
EPAY,20130123,27.73,28.56,27.57,28.38,450900
EQIX,20130123,222.4,222.61,220.81,221.63,467700
ERIC,20130123,10.53,10.62,10.51,10.53,6450200
ERIE,20130123,69.21,69.71,69.16,69.31,35400
ERII,20130123,3.8,3.8,3.66,3.66,61400
ESBK,20130123,23.25,23.72,23.2,23.27,2300
ESCA,20130123,5.49,5.49,5.41,5.41,3200
ESEA,20130123,8.32,8.56,8.24,8.4,73900
ESGR,20130123,119.91,120,119.18,119.99,6600
ESLT,20130123,37.81,38.2,37.59,38.2,4700
ESSA,20130123,10.95,10.97,10.93,10.93,5400
EUFN,20130123,20.71,20.72,20.59,20.71,30700
EVK,20130123,1.84,1.9,1.84,1.9,300
EVOL,20130123,6.46,6.46,6.44,6.46,5100
EWBC,20130123,23.16,23.23,22.94,23.16,701000
EXAS,20130123,11.35,11.44,11.19,11.25,698400
EXEL,20130123,4.66,4.7,4.61,4.62,1021100
EXLS,20130123,29.81,29.93,29.49,29.51,97200
EXPD,20130123,43.13,43.32,42.81,42.98,1293900
EXPE,20130123,62.16,62.74,61.73,62.61,960600
EXPO,20130123,13.87,14,13.7325,13.765,25800
EXTR,20130123,3.68,3.73,3.58,3.58,468500
EZPW,20130123,20.9,23.6,20.89,23.13,1163200
FANG,20130123,21.74,21.74,20.95,21.43,42600
FARM,20130123,13.9,13.9,12.8,12.82,123200
FARO,20130123,31.87,32.3,31.5,32.05,300700
FAST,20130123,23.915,23.985,23.655,23.81,1960300
FB,20130123,31.1,31.5,30.8,30.82,48899700
FBIZ,20130123,23.4,23.73,23.27,23.73,10500
FBMS,20130123,9.9,10,9.9,9.99,1700
FBNC,20130123,12.67,12.82,12.6,12.61,16000
FCAL,20130123,7.92,7.95,7.92,7.94,63900
FCAP,20130123,19.98,19.98,19.98,19.98,0
FCBC,20130123,16.05,16.25,15.85,15.93,12900
FCCO,20130123,9.03,9.03,9.03,9.03,100
FCCY,20130123,9,9,9,9,300
FCEL,20130123,169.92,171.36,162.72,165.6,1369200
FCFS,20130123,51.5,51.5,50.77,51.27,420500
FCNCA,20130123,172.44,172.99,171.64,172.65,9000
FDUS,20130123,17.58,17.67,17.07,17.55,66900
FEIM,20130123,8.93,8.95,8.93,8.95,3300
FELE,20130123,32.185,32.5,31.995,32.285,71700
FFBC,20130123,14.97,14.98,14.81,14.93,194900
FFHL,20130123,1.95,1.95,1.76,1.83,29600
FFIC,20130123,15.64,15.69,15.46,15.52,63200
FFIN,20130123,10.5875,10.655,10.475,10.5,49000
FFIV,20130123,97.44,99.05,96.07,98.81,3729700
FFNW,20130123,7.97,8.08,7.87,8.05,13100
FIBK,20130123,16.26,16.43,16.08,16.09,44200
FISI,20130123,19.5,19.6,19.01,19.17,16400
FISV,20130123,20.3825,20.4475,20.265,20.3075,1134900
FITB,20130123,16.46,16.56,16.31,16.37,8203900
FITBP,20130123,145.42,145.9,144.64,145.22,3200
FIVE,20130123,34.45,35.04,34.11,34.93,291700
FIZZ,20130123,13.91,14,13.78,13.95,110800
FLDM,20130123,16.03,16.1,15.99,16.02,69700
FLEX,20130123,6.62,6.68,6.58,6.64,2324200
FLIC,20130123,19.8,19.8,19.52,19.5267,9000
FLWS,20130123,3.77,3.78,3.74,3.74,89700
FLXS,20130123,23.16,23.39,22.73,22.75,11300
FMBI,20130123,13.07,13.43,12.74,12.85,674700
FMNB,20130123,6.51,6.63,6.38,6.38,11200
FNHC,20130123,5.53,5.57,5.37,5.52,3400
FNLC,20130123,16.64,16.8,16.6,16.67,13600
FOLD,20130123,3.7,3.74,3.63,3.67,438900
FONR,20130123,5.41,5.46,5.36,5.4,26900
FORD,20130123,1.82,1.98,1.75,1.9,187800
FORM,20130123,5.16,5.19,5.11,5.14,174200
FORR,20130123,25.9,26.59,25.9,26.49,57000
FORTY,20130123,17.2,17.46,16.7,17,22500
FOSL,20130123,103.89,104.77,101.61,103.49,889600
FRBK,20130123,2.15,2.2,2.15,2.17,18900
FREE,20130123,5700000,7500000,5400000,6900000,1423500
FRGI,20130123,18.5,18.56,18,18.22,26900
FRME,20130123,15.13,15.14,14.79,14.81,51700
FSBW,20130123,14.25,14.28,14.11,14.11,8600
FSFG,20130123,20.51,20.51,20.51,20.51,300
FSLR,20130123,31.87,31.99,30.99,31.15,2407400
FSTR,20130123,43.5,44.08,43.01,43.65,38600
FTEK,20130123,4.57,4.62,4.51,4.53,53900
FTNT,20130123,19.37,19.8,19.26,19.71,2807900
FULT,20130123,10.77,10.8,10.66,10.7,1349000
FUNC,20130123,7.02,7.25,7.02,7.1,4800
FUND,20130123,7.09,7.11,7.03,7.07,41800
FWRD,20130123,38.03,38.13,37.69,37.85,78700
GABC,20130123,14.5733,14.76,14.4133,14.48,4600
GAIA,20130123,3.08,3.28,3.08,3.13,170700
GAIN,20130123,7.34,7.44,7.33,7.36,85500
GALT,20130123,2.65,2.72,2.44,2.46,80400
GAME,20130123,3.16,3.19,3.05,3.08,197400
GASS,20130123,9.94,10.07,9.85,9.91,237800
GBCI,20130123,15.42,15.5,15.24,15.31,268800
GBDC,20130123,15.9,15.99,15.9,15.91,388600
GBLI,20130123,21.98,22.31,21.17,21.27,9200
GCBC,20130123,10.64,10.64,10.64,10.64,0
GENC,20130123,5.0267,5.16,4.9133,5.0667,14500
GENE,20130123,52,52,48.6,49.4,28100
GEOS,20130123,91.99,92.22,91.02,91.48,66700
GERN,20130123,1.69,1.73,1.65,1.65,978400
GEVO,20130123,12540,12540,11280,11580,753800
GFED,20130123,8.89,9.61,8.06,9.3,15300
GGAL,20130123,6.8,6.94,6.54,6.72,98800
GIFI,20130123,24.13,24.44,23.64,23.8,24600
GIGM,20130123,4.95,5.05,4.9,4.9,84700
GIII,20130123,18.005,18.195,17.635,17.7,76900
GILD,20130123,38.935,39.09,38.27,38.42,4493700
GILT,20130123,5.35,5.39,5.29,5.3,67600
GLAD,20130123,8.85,8.98,8.78,8.97,96900
GLBS,20130123,10400,10400,8720,9000,2700
GLBZ,20130123,11.35,11.35,11.35,11.35,0
GLDD,20130123,9.52,9.58,9.41,9.42,266300
GLNG,20130123,39.55,39.61,39.14,39.21,722600
GLRE,20130123,22.8,22.96,22.75,22.86,140400
GNMA,20130123,50,50.04,49.94,50,1700
GNOM,20130123,3.13,3.14,3.13,3.13,210800
GNTX,20130123,9.685,9.71,9.52,9.53,1037300
GOOD,20130123,18.5,18.68,18.45,18.51,21700
GOODN,20130123,26.21,26.21,25.81,25.88,3800
GOODO,20130123,25.4,25.4,25.4,25.4,0
GOOG,20130123,367.995,374.5,367.895,370.75,5911800
GPRE,20130123,8.06,8.18,7.84,7.85,211900
GRFS,20130123,12.235,12.375,12.13,12.29,879000
GRID,20130123,31.22,31.22,31.14,31.22,600
GRMN,20130123,38.99,38.99,38.25,38.3,1355400
GROW,20130123,4.25,4.43,4.22,4.36,39400
GRPN,20130123,97.4,101.8,96.2,101.8,12241500
GRVY,20130123,5.2,5.32,5.04,5.2,83300
GSBC,20130123,25.95,26.2,25.13,25.36,22300
GSIT,20130123,6.55,6.56,6.4,6.48,19000
GSM,20130123,15.36,15.41,15.13,15.18,293500
GT,20130123,13.86,13.91,13.61,13.71,3509100
GTIM,20130123,2.94,2.98,2.83,2.9,10300
GURE,20130123,6.25,6.45,6.1,6.2,87300
GYRO,20130123,73.97,74.94,73.4,74.65,9100
HA,20130123,6.75,6.75,6.63,6.65,434800
HAFC,20130123,15.87,16.21,15.87,16.04,234100
HAIN,20130123,27.685,27.805,27.075,27.16,1070600
HALL,20130123,9.28,9.48,8.94,8.96,44300
HALO,20130123,8.2,8.44,8.13,8.35,934600
HAS,20130123,38.9,39,38,38.12,2370700
HAYN,20130123,50.06,51,49.65,50.19,94800
HBAN,20130123,7.1,7.1,7,7.03,12819300
HBANP,20130123,1224.03,1260,1215.59,1260,200
HBCP,20130123,19.17,19.3,19.17,19.18,1800
HBIO,20130123,4.74,4.85,4.68,4.72,129200
HBMD,20130123,6.8,6.8,6.8,6.8,0
HBNC,20130123,9.2311,9.2311,9.1111,9.12,20200
HCCI,20130123,15.05,15.06,14.75,14.78,42900
HCKT,20130123,4.1,4.17,4,4.07,226900
HCSG,20130123,24.32,24.5,24.22,24.42,242800
HDSN,20130123,3.71,3.82,3.7,3.81,23600
HEES,20130123,19.34,19.56,19.02,19.37,231900
HELE,20130123,36.02,36.25,36,36.22,159300
HERO,20130123,6.91,6.91,6.75,6.82,2733900
HFBL,20130123,17.7,17.7,17.7,17.7,0
HFWA,20130123,14.56,14.59,14.41,14.42,4500
HGSH,20130123,7.6,7.7,6.78,6.9,22300
HIBB,20130123,54.61,54.61,54.02,54.24,180400
HIFS,20130123,69.48,69.48,67.91,69,1100
HIHO,20130123,1.78,1.82,1.78,1.82,300
HIMX,20130123,3.1,3.1,2.98,3,531600
HLIT,20130123,5.21,5.45,5.17,5.44,889100
HMNF,20130123,3.42,5,3.42,4.73,109300
HMST,20130123,27.21,27.33,26.98,27.13,96500
HNRG,20130123,7.84,8,7.75,7.86,10900
HOFT,20130123,14.09,14.3,14.08,14.16,32800
HOLI,20130123,13.12,13.22,12.94,13.02,246400
HOLX,20130123,23.27,23.43,22.91,23.09,2699100
HOMB,20130123,8.81,8.81,8.6275,8.695,49000
HOVNP,20130123,14.55,15.28,14.41,15.1,27600
HRZN,20130123,15.02,15.14,15.02,15.09,37100
HSIC,20130123,85.24,86,85.04,85.77,394400
HSII,20130123,15.31,15.41,15.08,15.15,67600
HSKA,20130123,8.19,8.2,8,8.11,15500
HSON,20130123,45.5,47,45.3,46.6,56400
HSTM,20130123,24.33,24.72,24.33,24.71,83400
HTBI,20130123,13.94,13.94,13.84,13.89,43900
HTBK,20130123,6.9,6.95,6.85,6.85,174900
HTHT,20130123,4.57,4.59,4.365,4.475,115500
HTLD,20130123,13.45,13.56,13.32,13.37,592100
HTLF,20130123,26.76,26.83,25.89,25.99,22200
HUBG,20130123,35.8,36.24,35.59,35.93,210900
HURC,20130123,29.08,29.08,28.57,28.76,7700
HURN,20130123,32.48,32.82,32.37,32.48,85300
HWBK,20130123,7.53,8,7.36,8,3100
HWKN,20130123,39.36,39.36,38.41,38.53,13000
HZNP,20130123,2.4,2.42,2.32,2.36,414000
IART,20130123,21.56,21.61,21.09,21.14,64300
IBB,20130123,145.65,145.88,144.34,144.51,373600
IBCP,20130123,4.16,4.3,4.16,4.27,51100
IBKR,20130123,13.85,13.85,13.57,13.61,1997200
IBOC,20130123,19.85,19.85,19.53,19.61,96400
ICAD,20130123,5.08,5.3,5.08,5.16,72700
ICCC,20130123,3.91,4.14,3.9,3.95,4000
ICFI,20130123,23.43,23.5,23.1,23.45,132400
ICLN,20130123,7.54,7.59,7.52,7.58,35100
ICLR,20130123,28.71,29.02,28.51,28.73,294700
ICPT,20130123,34.2,36.19,34.2,35.85,57800
ICUI,20130123,61.93,62.16,61.42,61.96,43500
IDCC,20130123,44.6,44.72,44.19,44.37,290600
IDRA,20130123,6,6.24,5.84,5.92,44000
IDXX,20130123,47.625,47.67,47.41,47.62,671900
IEP,20130123,58.92,60.18,58.9,60,25100
IESC,20130123,4.64,4.64,4.64,4.64,0
IFGL,20130123,33.26,33.26,33.12,33.19,227100
IGOV,20130123,102.85,103.1,102.51,102.79,36700
III,20130123,1.18,1.18,1.15,1.15,44700
IIN,20130123,4.55,4.6,4.55,4.6,1900
IIVI,20130123,17.86,17.99,16.95,17.18,528100
IKNX,20130123,8.12,8.12,8.12,8.12,0
ILMN,20130123,51,51.99,50.25,50.6,1010100
IMGN,20130123,15.72,15.75,15.28,15.35,645200
IMKTA,20130123,17.75,17.98,17.75,17.88,67600
IMMR,20130123,6.52,6.72,6.52,6.67,30100
IMOS,20130123,11.05,11.22,10.92,11.12,91500
INCY,20130123,18.65,18.9,18.23,18.38,3696800
INDB,20130123,31.38,31.44,31.11,31.41,60000
INDY,20130123,26.08,26.08,25.94,26,244100
INFI,20130123,35.5,35.98,34.85,35.06,236700
INFN,20130123,6.55,6.63,6.43,6.45,670000
INOD,20130123,3.76,3.77,3.6,3.66,55400
INSM,20130123,6.44,6.57,6.32,6.37,54300
INTC,20130123,21.2,21.22,21.04,21.11,42432200
INTG,20130123,22,22,21.98,21.98,200
INTU,20130123,63.81,64.06,63.65,63.67,1479000
INVE,20130123,14.3,14.7,14,14.5,69000
IOSP,20130123,40.31,40.51,40.07,40.25,82900
IPAR,20130123,20.52,20.59,20.33,20.41,73200
IPGP,20130123,67.72,67.72,66.11,66.86,318300
IRBT,20130123,21.19,21.39,20.86,21.11,250900
IRDM,20130123,7.28,7.34,7.1,7.29,1175800
IRIX,20130123,4,4,3.98,4,2300
IROQ,20130123,14.37,14.37,14.37,14.37,0
IRWD,20130123,13.05,13.15,12.91,13.03,712400
ISBC,20130123,7.1216,7.1373,7.0275,7.051,98200
ISHG,20130123,97.25,97.3,96.95,97.21,7100
ISIG,20130123,2.14,2.15,2.02,2.1,18200
ISLE,20130123,5.96,6.42,5.93,6.39,168400
ISRG,20130123,565.61,577.27,561,567.06,1756800
ISSC,20130123,3.9,4.05,3.89,4.03,31100
ITIC,20130123,67.28,67.7,66.62,66.62,1100
ITRI,20130123,45.41,45.79,45.22,45.62,140500
ITRN,20130123,14,14.11,13.84,14,36600
IVAC,20130123,4.4,4.61,4.26,4.3,241900
JACK,20130123,29.34,29.34,29,29.03,157800
JAKK,20130123,132.4,133,129.4,130.2,121700
JAZZ,20130123,57.46,57.64,56.68,57.4,269000
JBHT,20130123,63.56,64.12,63.18,63.46,671600
JBLU,20130123,6.35,6.37,6.24,6.28,3780300
JBSS,20130123,20.19,20.19,19.2,19.22,50300
JCS,20130123,10.85,11.05,10.84,10.86,4800
JCTCF,20130123,4.1875,4.1875,4.125,4.15,8700
JJSF,20130123,66.4,66.52,65.41,65.51,38800
JKHY,20130123,41.87,42.12,41.51,41.68,242300
JOBS,20130123,27.365,27.575,26.845,26.865,13600
JOUT,20130123,20.54,21,20.54,20.8,3800
JRJC,20130123,15.4,15.5,15,15.5,12100
JSM,20130123,24.93,24.96,24.71,24.82,15500
JVA,20130123,8.12,8.3,8.05,8.13,129200
KALU,20130123,62.69,62.69,61.58,61.76,135300
KELYA,20130123,16.55,16.61,16.42,16.52,133700
KELYB,20130123,16.35,16.35,16.35,16.35,0
KEQU,20130123,12.72,12.85,12.67,12.67,3200
KFFB,20130123,7.9,7.91,7.9,7.9,1900
KFRC,20130123,13.75,13.79,13.65,13.71,309000
KINS,20130123,4.99,5,4.91,5,800
KIRK,20130123,10.57,10.57,10.44,10.5,192200
KLAC,20130123,52,52.49,51.4,52.35,1968400
KLIC,20130123,12.55,12.55,12.41,12.48,542200
KNDI,20130123,3.77,3.79,3.71,3.76,26300
KOPN,20130123,3.35,3.35,3.27,3.27,88900
KOSS,20130123,5.01,5.01,5.01,5.01,100
KRNY,20130123,9.97,9.97,9.66,9.86,16300
KTCC,20130123,11.01,11.73,11.01,11.48,105100
KTOS,20130123,4.93,4.98,4.75,4.76,339700
KVHI,20130123,13.95,13.98,13.85,13.9,12300
LAKE,20130123,4.98,5.05,4.95,5,19200
LAMR,20130123,42.3,42.49,42,42.14,669600
LANC,20130123,71.15,71.97,71.15,71.54,119800
LARK,20130123,20.35,20.5,19.99,20.5,1600
LAWS,20130123,12.18,12.24,11.83,12.2,9300
LBAI,20130123,10.01,10.01,9.73,9.75,34900
LBTYA,20130123,34.8493,34.9055,34.3383,34.6346,1838300
LBTYB,20130123,67.99,67.99,67.99,67.99,0
LBTYK,20130123,63.3,64.13,63.3,63.72,345000
LCNB,20130123,13.9,14.25,13.9,14.25,300
LCUT,20130123,10.52,10.61,10.45,10.47,12900
LECO,20130123,52.12,52.47,51.98,52.29,188700
LEDS,20130123,0.7,0.87,0.67,0.82,911000
LFUS,20130123,64,64.26,63.57,64.23,50400
LFVN,20130123,19.88,20.23,18.69,19.25,328800
LGND,20130123,19.91,19.91,19.71,19.85,110700
LHCG,20130123,21.15,21.25,21.03,21.16,50800
LIFE,20130123,861.28,868.56,857.78,863.8,1878200
LINC,20130123,5.23,5.24,5.06,5.06,70000
LIVE,20130123,1.1667,1.2567,1.1667,1.1933,21700
LKFN,20130123,16.9067,16.9133,16.6667,16.7467,61800
LKQ,20130123,22.44,22.81,22.32,22.68,920800
LLNW,20130123,2.32,2.4,2.3,2.38,391700
LMAT,20130123,6.29,6.3,6.19,6.22,7600
LMNR,20130123,22.1,22.1,21.53,21.72,22400
LNDC,20130123,12.45,12.58,12.23,12.33,216500
LOAN,20130123,1.1,1.1,1.1,1.1,0
LOGI,20130123,7.79,7.84,7.49,7.61,1154800
LOPE,20130123,23.45,23.65,22.86,22.97,257800
LORL,20130123,58.07,58.78,57.99,58.62,58500
LPLA,20130123,29.69,29.84,29.64,29.76,237600
LPSN,20130123,13.41,13.67,13.41,13.55,357700
LPTH,20130123,0.85,0.89,0.83,0.83,12800
LQDT,20130123,40.78,41.25,40.56,40.98,372800
LRCX,20130123,40.27,40.42,39.65,40.1,2599700
LSBK,20130123,10.38,10.38,10.38,10.38,100
LSCC,20130123,4.14,4.14,4.04,4.05,764800
LSTR,20130123,57.78,58.32,57.32,57.53,397400
LTBR,20130123,108,112.2,106.2,106.2,17000
LTRX,20130123,1.93,1.97,1.93,1.94,92400
LULU,20130123,65.47,66.57,65.31,66.21,1906800
LUNA,20130123,1.35,1.35,1.25,1.28,3100
LWAY,20130123,9.87,10,9.67,9.95,28700
LXRX,20130123,15.96,15.96,15.19,15.47,1548400
LYTS,20130123,7.48,7.54,7.3,7.4,76200
MACK,20130123,6.28,6.3,6.15,6.19,207600
MANH,20130123,16.0375,16.1275,15.8825,15.9275,88800
MANT,20130123,26.39,26.39,25.96,25.99,69000
MARK,20130123,1.36,1.36,1.34,1.35,2500
MARPS,20130123,15,15,14.98,14.98,800
MASI,20130123,21.18,21.18,20.76,20.86,277000
MAT,20130123,38.14,38.3,37.72,37.98,1675700
MATW,20130123,32.89,33.09,32.83,32.94,61500
MAYS,20130123,21.77,21.77,21.77,21.77,0
MBWM,20130123,17.08,17.08,16.91,16.95,8200
MCBC,20130123,3.72,3.72,3.65,3.69,28900
MCHP,20130123,33.31,33.34,32.98,33.15,1567700
MCHX,20130123,3.82,3.97,3.65,3.68,84500
MCRI,20130123,10.52,10.7,10.34,10.53,6500
MDIV,20130123,20.99,20.99,20.89,20.94,245500
MDLZ,20130123,27.5,27.89,27.35,27.79,15212200
MDRX,20130123,10.48,10.65,10.37,10.63,2346200
MEIP,20130123,7.02,7.02,6.61,6.62,8100
MELI,20130123,87.53,88.23,86.62,87.55,446200
MEOH,20130123,32.37,32.4,32.01,32.29,122200
MERC,20130123,6.74,6.86,6.7,6.86,260300
MGEE,20130123,34.8533,35,34.7067,34.82,19600
MGIC,20130123,4.66,4.66,4.58,4.64,27100
MGLN,20130123,50.59,51.22,50.17,50.82,168300
MGPI,20130123,3.41,3.52,3.35,3.48,39600
MGRC,20130123,29.1,29.19,28.93,29.02,103300
MGYR,20130123,4.47,4.47,4.47,4.47,400
MHLD,20130123,10.3,10.34,10.14,10.31,191400
MIDD,20130123,45,47,45,46.07,353200
MIND,20130123,14.41,15,14.41,14.92,111900
MITK,20130123,3.55,3.56,3.38,3.46,253700
MKSI,20130123,27.84,27.84,27.54,27.75,152800
MKTX,20130123,37.19,37.29,36.74,37,202300
MLAB,20130123,52.88,52.88,52.06,52.11,1100
MLHR,20130123,23.5,23.83,23.35,23.68,318300
MLVF,20130123,11.44,11.64,11.44,11.6,800
MMLP,20130123,34.44,34.79,34.04,34.27,123700
MMSI,20130123,14.05,14.11,13.85,13.88,121100
MMYT,20130123,14.51,15.19,14.49,15,25100
MNDO,20130123,2.18,2.22,2.18,2.21,10300
MNKD,20130123,13.25,13.35,13,13.05,1804800
MNOV,20130123,1.65,1.76,1.61,1.66,1500
MNRO,20130123,36.01,36.49,35.88,36.15,137100
MNST,20130123,16.2467,16.3267,15.9133,16.02,1754800
MNTX,20130123,9.06,9.15,8.83,9.03,60600
MOFG,20130123,22.77,22.88,22.64,22.76,5500
MORN,20130123,65.41,65.62,65.37,65.49,43100
MOSY,20130123,698,704,692,696,63600
MOVE,20130123,8.52,8.9,8.52,8.8,434400
MPAA,20130123,6.79,6.79,6.58,6.7,108100
MPAC,20130123,6.91,7,6.91,7,5400
MPB,20130123,11.28,11.28,11.28,11.28,0
MPWR,20130123,23.38,23.46,23.14,23.32,303600
MRCC,20130123,15.25,15.25,15.07,15.2,11700
MRCY,20130123,8.11,8.11,7.86,8,161600
MRLN,20130123,22,22.28,21.9,21.97,18100
MRTN,20130123,8.8889,9.1778,8.8889,9.1555,80700
MRVL,20130123,8.88,9.38,8.73,9.31,27890600
MSEX,20130123,19.5,19.75,19.41,19.52,40100
MSFT,20130123,27.2,27.64,27.2,27.61,50387600
MSON,20130123,7.37,7.78,7.32,7.4,26600
MSTR,20130123,91.6,94.87,91.6,94.46,94900
MTEX,20130123,6.7,6.7,6.48,6.49,700
MTRX,20130123,14.84,14.9,14.41,14.46,319200
MTSI,20130123,14.9,15.2,14.79,15,57900
MU,20130123,7.88,7.9,7.68,7.78,23846000
MVIS,20130123,1.92,1.94,1.9,1.9,96900
MYGN,20130123,27.34,27.34,26.85,26.95,386000
MYRG,20130123,22.57,22.74,22.36,22.37,229500
NAII,20130123,5.45,5.49,5.33,5.33,13400
NATH,20130123,39.3,39.69,38.74,39.45,13200
NATI,20130123,27.58,27.85,27.49,27.6,192700
NATR,20130123,14.86,14.92,14.21,14.56,45700
NBIX,20130123,9.22,9.32,9.12,9.19,565500
NBN,20130123,9.5,9.5,9.4,9.4,19700
NBTB,20130123,21.04,21.04,20.52,20.65,47000
NCMI,20130123,14.95,14.99,14.76,14.82,285600
NCTY,20130123,93,94.5,91.8,93.3,119700
NDAQ,20130123,27.48,27.5,27.1,27.38,859400
NDSN,20130123,66.45,66.87,66.35,66.49,108500
NECB,20130123,5.5,5.5,5.41,5.49,56900
NEO,20130123,2.66,2.8,2.65,2.79,64700
NEOG,20130123,23.24,23.4,22.94,23.035,58700
NEON,20130123,51,52.5,50,51,510400
NEPT,20130123,2.54,2.58,2.53,2.57,241300
NETE,20130123,30.6,30.7,30,30.5,5300
NEWT,20130123,10.25,10.25,9.85,9.85,7200
NFBK,20130123,15.6,16.05,15.5,15.83,119200
NFLX,20130123,13.8757,14.8329,13.86,14.7514,10605500
NICE,20130123,37.41,37.74,37.41,37.42,166500
NICK,20130123,13.48,13.48,13.12,13.25,13500
NKSH,20130123,32.82,33.94,32.5,32.5,2000
NKTR,20130123,8.78,8.87,8.65,8.72,751400
NNBR,20130123,9.82,9.9,9.6,9.72,28300
NRIM,20130123,21.74,21.79,21.48,21.48,7900
NSEC,20130123,8.5,8.5,8.5,8.5,0
NSIT,20130123,18.77,18.99,18.54,18.69,314600
NSSC,20130123,3.62,3.62,3.58,3.6,8100
NSYS,20130123,2.96,2.96,2.96,2.96,0
NTAP,20130123,35,35,34.14,34.72,4452500
NTCT,20130123,25.45,26.02,25.45,25.94,307200
NTES,20130123,8.86,9.018,8.778,8.976,755700
NTGR,20130123,39.4,39.57,38.48,38.78,221800
NTIC,20130123,6.16,6.475,6.135,6.455,7800
NTRS,20130123,50.5,50.7,50.13,50.57,994500
NTWK,20130123,6.54,6.64,6.53,6.62,53500
NUAN,20130123,23.16,23.3,22.83,23.15,2763100
NURO,20130123,96,97.92,96,97.92,41900
NUVA,20130123,17.82,17.82,17.38,17.39,449100
NVAX,20130123,39.2,39.6,38,38.4,856300
NVDA,20130123,3.0375,3.04,3,3.0325,10550700
NVEC,20130123,56.1,56.2,54.44,54.78,13400
NVMI,20130123,9.39,9.39,9,9.18,70300
NWBI,20130123,12.4,12.4,12.25,12.31,397600
NWFL,20130123,30.04,30.68,30,30.68,800
NWLI,20130123,163.6,164.1,163.6,163.9,800
NWPX,20130123,23.81,24.08,23.8,23.83,21600
NWS,20130123,27.6,28.02,27.58,27.99,3696100
NWSA,20130123,27.14,27.41,27.06,27.41,15096600
NXPI,20130123,29.33,29.67,29.29,29.5,2899700
NXST,20130123,12.87,13.02,12.8,12.86,422400
NYMT,20130123,6.96,6.97,6.84,6.88,2290300
NYMX,20130123,7,7.05,6.87,6.88,28900
OBAS,20130123,5.6,6,5.6,5.99,400
OBCI,20130123,2.51,2.69,2.51,2.6,3900
OCC,20130123,4.04,4.19,3.95,4.03,7200
OCFC,20130123,13.17,13.44,13.04,13.32,130100
ODFL,20130123,36.84,37.02,36.38,36.72,608000
OFED,20130123,14.59,14.59,14.59,14.59,0
OFIX,20130123,36.7,36.96,36.16,36.87,617100
OFLX,20130123,13.55,13.9,13.2,13.83,6100
OFS,20130123,14.15,14.38,14.1,14.2,73900
OIIM,20130123,3.06,3.13,3.05,3.09,300300
OMAB,20130123,25.8,25.8,24.4,25.03,37200
OMCL,20130123,15.61,15.61,15.43,15.55,120500
OMER,20130123,5.7,5.77,5.61,5.7,98900
OMEX,20130123,37.8,39.24,37.56,38.04,507500
ONCY,20130123,3.81,3.83,3.58,3.66,203300
ONEQ,20130123,125,125,123.79,123.94,3800
OPEN,20130123,54.94,55.2,54.61,54.76,413300
OPHC,20130123,20.8,20.8,20.4,20.4,42400
OPOF,20130123,11.65,12.58,11.64,11.98,28700
ORLY,20130123,88.52,90.17,87.75,89.86,1445300
ORRF,20130123,11,11.1,10.66,11.02,8400
OSBC,20130123,1.53,1.57,1.32,1.55,13600
OSIS,20130123,70.25,72.02,70.1,71.36,290500
OSTK,20130123,15.52,15.57,15.14,15.35,113300
OSUR,20130123,7.03,7.05,6.84,6.86,352700
OTEX,20130123,14.49,14.705,14.455,14.6075,294600
OTTR,20130123,26.42,26.5,26.2,26.46,60000
OVBC,20130123,17.95,17.95,17.95,17.95,300
OVLY,20130123,8.28,8.28,7.85,8.25,2500
OXLC,20130123,15.43,15.52,15.39,15.5,12000
OXLCP,20130123,25.9,26,25.85,26,9500
PAAS,20130123,18.8,18.91,18.47,18.53,1286000
PACB,20130123,3.03,3.09,2.5,2.6,757100
PACW,20130123,27.28,27.38,27.13,27.24,111000
PANL,20130123,27.2,27.26,26.15,26.81,1169600
PATK,20130123,6.8045,6.8133,6.5422,6.6489,113700
PAYX,20130123,32.54,32.65,32.22,32.28,3173900
PBCT,20130123,12.56,12.66,12.47,12.49,7177500
PBHC,20130123,10.4,10.4,10.4,10.4,0
PBIP,20130123,7.4,7.69,7.4,7.69,2800
PCAR,20130123,46.56,46.7,46,46.19,1326700
PCH,20130123,43.41,44.2,43.3,44.16,440800
PCOM,20130123,11.93,11.96,11.66,11.67,38800
PCRX,20130123,19.98,20.1,19.43,19.9,252700
PCTI,20130123,7.44,7.48,7.35,7.44,67200
PCYO,20130123,3.25,3.39,3.22,3.35,60200
PDCE,20130123,39.78,39.78,37.76,37.79,492200
PDCO,20130123,35.93,36.22,35.8,36.18,620900
PDEX,20130123,2.01,2.01,2.01,2.01,300
PDFS,20130123,15.33,15.41,14.51,14.9,127300
PEBK,20130123,9.9,10.05,9.9,10.01,5400
PEBO,20130123,21.66,21.66,20,20.75,13000
PEGA,20130123,11.71,11.83,11.58,11.62,59100
PENN,20130123,48.54,48.85,48.4,48.65,833600
PERI,20130123,34.08,34.08,30.36,32.28,1916500
PESI,20130123,4.15,4.2,4.05,4.2,43700
PETS,20130123,12.05,12.34,11.87,12.34,403700
PFBC,20130123,14.56,14.59,14.52,14.55,31300
PFIN,20130123,9.03,9.2,8.62,8.7,34400
PFLT,20130123,13.38,13.4,13.13,13.27,8700
PFMT,20130123,10.95,11.14,10.9,11.06,122000
PFSW,20130123,3.29,3.33,3.26,3.27,42300
PGC,20130123,14.59,14.8,14.5,14.53,18400
PKBK,20130123,5.0182,5.0909,4.9273,5.0909,8800
PKOH,20130123,22.9,22.9,22.37,22.37,11100
PLAB,20130123,6.14,6.14,6,6.04,310400
PLBC,20130123,4.25,4.25,3.64,3.64,900
PLCE,20130123,49.46,49.53,48.85,49.43,246800
PLPC,20130123,65.9,67.8,65.42,66.9,7200
PLUG,20130123,0.45,0.47,0.44,0.47,151200
PLUS,20130123,23.635,23.82,23.33,23.52,8400
PLXS,20130123,26.57,26.77,26.11,26.51,326600
PMBC,20130123,5.96,6.03,5.92,5.93,13700
PMD,20130123,11.89,12.11,11.89,11.94,14500
PNBK,20130123,14,16.3,14,16.3,6600
PNFP,20130123,21.32,21.32,21.07,21.13,134300
PNNT,20130123,11.28,11.3,11.22,11.22,384600
PNQI,20130123,43.32,43.63,43.31,43.52,18200
PNRG,20130123,24.4,24.7,24.4,24.7,600
PODD,20130123,23.66,23.89,23.36,23.49,229100
POOL,20130123,45.16,45.16,44.72,44.99,117800
POWI,20130123,18.32,18.44,18.165,18.355,178600
POWL,20130123,43.2,43.24,42.83,43.08,14900
PPBI,20130123,10.76,11.36,10.58,11.27,174000
PPC,20130123,8.72,8.9,8.7,8.8,443400
PRAA,20130123,34.6133,34.9367,34.31,34.4767,81300
PRFT,20130123,11.36,11.4,11.21,11.3,148800
PRFZ,20130123,73.45,73.49,73.13,73.29,32100
PRGS,20130123,23.67,23.85,23.67,23.75,306600
PRIM,20130123,18.69,18.74,18.55,18.68,309200
PROV,20130123,18.99,19.24,18.76,19.03,114600
PRPH,20130123,1.54,1.57,1.51,1.53,5000
PRTA,20130123,6.14,6.2,5.81,6.01,125600
PRTS,20130123,2.07,2.1,1.88,1.91,81100
PSCC,20130123,36.01,36.03,35.78,35.9,3900
PSCD,20130123,35.04,35.07,34.99,35.01,4700
PSCE,20130123,35.7,35.71,35.51,35.51,2200
PSCF,20130123,32.46,32.49,32.44,32.45,6200
PSCH,20130123,37.72,37.72,37.37,37.37,164400
PSCI,20130123,34.54,34.54,34,34,12500
PSCM,20130123,34.81,34.81,34.63,34.63,300
PSCT,20130123,34.53,34.53,32.4,32.59,25100
PSCU,20130123,30.91,31.08,30.76,30.77,1900
PSEC,20130123,11.39,11.48,11.33,11.43,4162700
PSMT,20130123,78.64,78.64,77.24,77.43,98900
PSTI,20130123,34.9,34.9,32.3,32.5,469100
PTEN,20130123,19.65,19.86,19.55,19.78,2147700
PTIX,20130123,0.85,0.9,0.85,0.9,4400
PTNR,20130123,5.76,5.83,5.7,5.78,55000
PTSI,20130123,10.04,10.04,9.75,9.75,4400
PWOD,20130123,26.66,26.68,26.4667,26.4667,3700
PXLW,20130123,2.56,2.59,2.53,2.59,3400
PZZA,20130123,28.065,28.12,27.81,27.985,54400
QABA,20130123,26.88,26.88,26.71,26.71,1300
QADA,20130123,13.49,13.89,13.49,13.75,10100
QADB,20130123,12.75,12.75,12.75,12.75,0
QCLN,20130123,10.03,10.21,10.03,10.2,4800
QCOM,20130123,64.92,65.3,64.66,64.89,9251000
QCRH,20130123,14.8,14.8,14.35,14.77,2000
QDEL,20130123,21.87,22.28,21.82,22.01,289300
QLYS,20130123,15.57,15.83,14.89,15.11,57800
QNST,20130123,5.49,5.6,5.49,5.55,67200
QQEW,20130123,27.67,27.7,27.59,27.64,90000
QQQ,20130123,67.56,67.79,67.46,67.59,31977400
QQQX,20130123,16.33,16.4,16.23,16.36,59300
QQXT,20130123,26.05,26.05,26,26.05,3400
QTEC,20130123,27.55,27.6,27.47,27.51,18500
QUIK,20130123,29.54,29.68,28.7,29.26,172700
RADA,20130123,2.22,2.24,2.22,2.24,8600
RAIL,20130123,24.63,24.67,24.23,24.34,109700
RAND,20130123,23.85,23.94,22.05,23.94,12500
RAVN,20130123,27.39,27.88,27.35,27.81,137300
RBCAA,20130123,23.04,23.06,22.42,22.49,33700
RBCN,20130123,64.6,66.2,63.3,65.5,405700
RCII,20130123,34.8,34.84,34.58,34.66,378500
RCKY,20130123,14.04,14.32,13.96,14.04,21400
RCMT,20130123,5.47,5.52,5.4,5.44,15000
RCON,20130123,8.35,8.4,8.2,8.3,14500
RDCM,20130123,4,4.02,3.63,3.89,3900
RDHL,20130123,11.45,11.45,11,11,700
RDI,20130123,5.94,5.98,5.9,5.95,38100
RDNT,20130123,2.75,2.84,2.75,2.79,68500
RDWR,20130123,17.69,17.75,17.525,17.71,122500
REFR,20130123,3.6,3.72,3.6,3.65,52200
REGI,20130123,6.66,6.66,6.46,6.49,117900
REGN,20130123,174.98,177.25,173.57,176.16,655700
RELL,20130123,12.05,12.09,11.96,12,105400
RENT,20130123,20.01,20.18,19.95,20.03,62200
RFIL,20130123,6.4,6.4,5.8,5.99,380200
RGCO,20130123,12.1867,12.4,12.0867,12.16,9700
RGEN,20130123,7.05,7.05,6.82,6.85,93100
RGLD,20130123,81.07,81.47,80.28,80.58,398000
RGLS,20130123,68.4,70.8,66.36,69.6,25500
RICK,20130123,8.4,8.59,8.4,8.45,15900
RIGL,20130123,7,7.09,6.75,6.8,433500
RMBS,20130123,5.26,5.26,5.15,5.22,430300
RMCF,20130123,11.5,11.98,11.5,11.75,14500
RMTI,20130123,7.35,7.55,7.3,7.49,83100
RNST,20130123,19.2,19.2,18.54,18.86,59100
RNWK,20130123,7.6,7.68,7.58,7.65,113000
ROCK,20130123,17.18,17.38,17.11,17.37,111100
ROIC,20130123,13.15,13.18,13.11,13.16,437800
ROLL,20130123,52.23,52.92,52.19,52.54,82400
ROST,20130123,29.37,29.635,29.345,29.545,2296200
RPRX,20130123,18.61,18.95,18.57,18.79,197600
RRGB,20130123,37.06,37.07,36.32,36.4,78800
RUSHA,20130123,15.6,15.68,15.54,15.6267,110500
RUSHB,20130123,13,13.0333,12.98,13,18100
RUTH,20130123,7.66,7.72,7.55,7.6,60700
RVSB,20130123,1.94,2.13,1.94,1.98,11900
RYAAY,20130123,38.03,38.07,37.68,37.77,364000
SAFM,20130123,49.1,49.45,48.71,49.37,154900
SAFT,20130123,47.65,47.85,47.51,47.85,21000
SAIA,20130123,16.1467,16.1867,15.96,16.1333,65100
SAL,20130123,24.57,25.29,24.57,25.29,800
SALM,20130123,5.26,5.4,5.26,5.4,12000
SANM,20130123,11.65,11.79,11.64,11.7,458600
SANW,20130123,8,8.15,7.86,7.96,146400
SASR,20130123,19.85,20.13,19.52,20.01,66800
SATS,20130123,29.2013,29.2338,28.8763,29.0956,96300
SBAC,20130123,71.48,71.73,71.31,71.34,1081700
SBCF,20130123,8.65,8.65,8.35,8.4,114000
SBGI,20130123,13.08,13.3,12.92,13.28,403700
SBLK,20130123,36.45,36.45,34.9,35.75,4900
SBNY,20130123,75.34,75.8,74.63,75.71,214000
SBRA,20130123,24.01,24.04,23.77,23.9,140200
SBSI,20130123,20.3333,20.3333,20.0476,20.0667,47200
SBUX,20130123,27.44,27.465,27.1,27.23,5459800
SCHL,20130123,28.91,29.04,28.85,28.98,182600
SCHN,20130123,30.61,30.69,29.98,30.32,154000
SCOR,20130123,14.16,14.21,14.02,14.1,67300
SCSC,20130123,33.71,33.89,33.38,33.46,73500
SCVL,20130123,20.76,21,20.76,20.86,62600
SEAC,20130123,10.75,10.91,10.68,10.81,427900
SEED,20130123,17.9,18.3,17.2,17.2,186100
SEIC,20130123,25.02,25.24,24.91,25.01,332800
SENEA,20130123,31.13,31.45,30.9,31.45,14300
SENEB,20130123,30.85,31.1,30.85,31.1,800
SFBC,20130123,11.05,11.65,11.05,11.65,2800
SFNC,20130123,12.715,12.715,12.46,12.54,26800
SFST,20130123,10.01,10.35,10.01,10.32,18800
SGC,20130123,10.94,11.2,10.94,11.2,500
SGEN,20130123,29.66,30.08,29.28,29.54,771000
SGMA,20130123,5.09,5.2,5.05,5.2,7400
SGMO,20130123,9.54,10.05,9.5,9.81,1036600
SGMS,20130123,9.32,9.32,9.15,9.17,321200
SGOC,20130123,5.08,5.28,4.92,5.28,26500
SGRP,20130123,1.73,1.73,1.71,1.71,12500
SHBI,20130123,5.32,5.39,5.27,5.37,2300
SHEN,20130123,7.23,7.34,7.22,7.24,41100
SHIP,20130123,1752,1800,1740,1752,3900
SHOO,20130123,20.5555,20.5733,20.1289,20.2178,342400
SHY,20130123,84.45,84.46,84.45,84.45,747200
SIEB,20130123,1.67,1.67,1.67,1.67,1100
SIFY,20130123,2.28,2.38,2.25,2.34,170700
SIGA,20130123,2.77,2.93,2.75,2.92,199100
SIGI,20130123,20.1,20.1,19.66,19.96,217000
SILC,20130123,22.01,23.74,21.65,23.35,341800
SIMO,20130123,15.51,15.85,15.48,15.83,525100
SINO,20130123,9.8,10.7,9.8,10.15,14600
SIRI,20130123,3.14,3.15,3.11,3.12,37916000
SIVB,20130123,61.21,61.71,60.81,61.17,237600
SKYW,20130123,13.87,13.9,13.65,13.82,332700
SKYY,20130123,20.95,20.95,20.61,20.76,34700
SLAB,20130123,42,42.33,41.95,42.14,91200
SLGN,20130123,21.48,21.53,21.395,21.425,162000
SLM,20130123,6.0357,6.0714,5.9857,6.0607,2321700
SLMBP,20130123,56.12,59.98,56.12,58,4200
SLP,20130123,4.28,4.44,4.28,4.4,13700
SLRC,20130123,24.89,24.95,24.68,24.92,338600
SMBC,20130123,11.635,11.635,11.635,11.635,100
SMCI,20130123,11.45,12.54,11.23,12.48,1573100
SMED,20130123,2.7,2.96,2.7,2.87,39500
SMIT,20130123,3.02,3.02,3.02,3.02,1700
SMMF,20130123,5.99,6.49,5.93,6.1,2800
SMPL,20130123,14.78,14.78,14.72,14.72,5500
SMSI,20130123,6.12,6.24,6.04,6.04,64800
SMTC,20130123,29.05,29.54,28.93,29.41,1066300
SNCR,20130123,23.5,23.6,23.25,23.32,113300
SNFCA,20130123,11.86,12.71,11.8,12.35,409300
SNPS,20130123,32.21,32.5,32.13,32.29,2109600
SOCL,20130123,13.78,13.95,13.72,13.92,5100
SOHU,20130123,49.28,50.4,49.1,49.82,586600
SOXX,20130123,55.8,56.2,55.63,56.14,284500
SPBC,20130123,15.95,15.95,15.95,15.95,300
SPLK,20130123,33.73,33.74,33,33.23,1306400
SPNS,20130123,4.6,4.63,4.51,4.61,65000
SPPI,20130123,11.62,11.74,11.42,11.44,783000
SPRO,20130123,1.59,1.59,1.59,1.59,1500
SPSC,20130123,38.61,38.83,37.92,38.14,32000
SPTN,20130123,15.87,16.11,15.77,15.8,71400
SPWR,20130123,8.09,8.25,8,8,1558000
SQQQ,20130123,11532.8,11590.4,11417.6,11526.4,1361500
SRCE,20130123,22.92,22.92,21.99,22,56100
SRCL,20130123,95.03,95.66,94.88,94.91,513800
SRDX,20130123,24.59,24.72,24.06,24.09,61400
SREV,20130123,6.04,6.28,5.96,6.18,515900
SRPT,20130123,24.48,24.85,24.26,24.68,692300
SSBI,20130123,7.34,7.87,7.3,7.56,3500
SSNC,20130123,22.83,23.02,22.72,22.73,121000
SSYS,20130123,90.4,90.49,85.4,86.51,893500
STAA,20130123,5.25,5.25,5.2,5.23,100500
STBA,20130123,18.25,18.25,17.92,18.05,31600
STFC,20130123,15.28,15.28,14.78,14.83,12200
STKL,20130123,6.7,6.92,6.7,6.88,359800
STLD,20130123,15.29,15.44,15.16,15.36,1780600
STRA,20130123,54.49,54.7,53.6,54.31,80300
STRL,20130123,10.05,10.09,9.96,10.05,47000
STRM,20130123,5.85,5.85,5.66,5.67,22200
STRN,20130123,5.43,5.5,5.41,5.5,1000
STRS,20130123,10.63,11.14,10.6,10.66,2500
STRT,20130123,29.19,29.25,28.94,29.25,2500
STSA,20130123,21.19,21.19,20.9,21.09,260800
STX,20130123,37.9,37.94,36.15,36.62,11842200
SUMR,20130123,16.47,16.47,15.12,16.02,112000
SUNS,20130123,18.85,18.85,18.45,18.66,184300
SUPN,20130123,7.77,7.79,7.53,7.58,147500
SURG,20130123,5.22,5.25,4.95,5.07,79200
SVBI,20130123,3.3,3.39,3.18,3.39,6400
SVVC,20130123,17.7,17.74,17.66,17.71,22300
SWIR,20130123,8.15,8.18,8,8.14,30000
SWKS,20130123,21.05,22.31,20.8,21.83,5376200
SYBT,20130123,14.9667,14.9667,14.7333,14.8067,55700
SYNA,20130123,32.92,33.16,32.41,32.6,527400
SYNL,20130123,14.5,14.5,14.28,14.39,1300
SYPR,20130123,3.97,4.05,3.95,3.99,23400
TACT,20130123,7.85,7.9,7.74,7.88,12200
TAIT,20130123,1.01,1.01,1.01,1.01,0
TAST,20130123,5.97,6.01,4.66,5.58,723900
TATT,20130123,6.21,6.21,6.21,6.21,300
TAYD,20130123,8.36,8.49,8.36,8.38,1300
TBBK,20130123,10.43,11.02,10.39,10.89,377200
TBNK,20130123,22.62,22.65,22.5,22.51,9800
TCBI,20130123,46.64,46.98,45.63,46.1,300900
TCBK,20130123,17.06,17.06,16.66,16.68,23600
TCPC,20130123,14.79,14.9,14.73,14.79,153200
TCX,20130123,7.12,7.64,7.12,7.6,239200
TDIV,20130123,20.57,20.81,20.46,20.53,27500
TECH,20130123,68.1,68.37,67.72,68.15,171100
TESS,20130123,21.69,21.74,21.06,21.22,91200
TFSL,20130123,10.04,10.17,9.97,10.13,477900
TGA,20130123,8.68,8.75,8.49,8.67,90300
THFF,20130123,29.55,29.81,29.24,29.42,17600
THRM,20130123,13.72,13.85,13.68,13.83,89900
THRX,20130123,20.41,20.57,19.98,20.29,1210800
TIGR,20130123,2.11,2.11,2.01,2.01,1000
TILE,20130123,16.06,16.21,15.92,16.1,193900
TITN,20130123,28.18,28.84,28,28.75,381700
TLT,20130123,120.34,120.58,119.95,120.09,2849300
TOPS,20130123,7770000,7770000,7770000,7770000,200
TOWN,20130123,15.48,15.48,15.28,15.31,28400
TQQQ,20130123,4.7883,4.8375,4.7683,4.7892,2344500
TREE,20130123,17.46,17.47,17.1,17.3,25900
TRIB,20130123,15.7,15.83,15.54,15.82,76300
TRIP,20130123,44.48,44.95,44.2,44.84,1236400
TRIT,20130123,2.88,2.89,2.69,2.74,89500
TRMB,20130123,31.31,31.53,31.095,31.45,549000
TRMD,20130123,3.15,3.18,3.15,3.18,200
TRMK,20130123,23.38,23.55,22.57,22.8,474600
TRNS,20130123,6.7,6.92,6.06,6.9,2400
TROW,20130123,71.7,71.85,70.94,71.58,1207700
TRS,20130123,29.93,30.03,29.7,30.02,136600
TRST,20130123,5.27,5.3,5.19,5.21,476700
TSBK,20130123,7.39,7.54,7.01,7.32,31900
TSCO,20130123,46.71,46.9,45.66,46.145,891700
TSEM,20130123,8.4,8.55,8.4,8.55,10900
TSLA,20130123,7.01,7.248,6.992,7.2,1564200
TSRI,20130123,3.34,3.34,3.34,3.34,500
TTEC,20130123,18.07,18.17,17.99,18.02,68900
TTEK,20130123,28.85,29.02,28.46,28.48,133700
TTGT,20130123,5.11,5.15,4.91,5.01,12400
TTMI,20130123,7.96,8.06,7.92,8.05,1083000
TTWO,20130123,12.54,12.61,12.47,12.53,874300
TW,20130123,58.33,59.73,58.22,59.56,468500
TWIN,20130123,20.43,22.51,20.29,22.08,136300
TXN,20130123,33.22,33.3,32.8,33.08,9517000
TXRH,20130123,18.14,18.29,17.77,17.79,673100
TZOO,20130123,18.76,19.35,18.76,19.21,166200
UBCP,20130123,6.05,6.2,6.02,6.1,9500
UBFO,20130123,3.42,3.57,3.35,3.47,28500
UBOH,20130123,10.4,10.6,10.4,10.6,2900
UBSI,20130123,25.7,25.94,25.68,25.71,146000
UCBI,20130123,9.9,10.05,9.85,9.91,137600
UCTT,20130123,5.19,5.21,5.11,5.18,36400
UEIC,20130123,18.85,19.35,18.74,19,83800
UEPS,20130123,5.27,5.32,5.19,5.25,243800
UFCS,20130123,23.49,23.5,23.16,23.45,24000
UFPI,20130123,39.9,40.14,39.67,39.8,65900
UFPT,20130123,19.31,19.47,18.98,19.02,6100
UG,20130123,20.4,20.45,19.87,19.9,1300
UHAL,20130123,131.77,131.92,130.08,130.65,17300
UIHC,20130123,5.97,6,5.9,5.99,144000
ULBI,20130123,3.09,3.21,3.09,3.1,7600
ULTA,20130123,95.73,97.14,95.24,97.14,385000
UMBF,20130123,46,46.25,43.27,44.35,611500
UMPQ,20130123,12.56,12.86,12.52,12.85,823700
UNAM,20130123,12.79,12.94,12.78,12.78,2900
UNB,20130123,21.19,21.19,20.21,20.6,4200
UNTY,20130123,6.08,6.15,6,6.15,8800
URBN,20130123,42.8,42.85,42.25,42.5,1409200
USAK,20130123,3.68,3.72,3.64,3.65,19000
USAP,20130123,33.45,33.45,32.67,32.83,10400
USEG,20130123,134.4,141,124.2,136.8,1010700
USLM,20130123,46.55,47.86,46.55,47.25,1800
UTHR,20130123,53.29,53.5,52.57,52.73,438400
UTMD,20130123,40.14,40.57,40.1,40.31,1300
UTSI,20130123,3.12,3.12,3.03,3.12,237700
UVSP,20130123,17.33,17.34,16.96,17.06,45200
VALU,20130123,9.84,9.84,9.55,9.8,2600
VBFC,20130123,20,20,20,20,9800
VCIT,20130123,87.82,87.82,87.65,87.76,379600
VCLT,20130123,91.62,91.76,91.55,91.68,75800
VCSH,20130123,80.3,80.41,80.3,80.39,667800
VECO,20130123,32.85,33.75,32.78,33.61,1234100
VGIT,20130123,65.43,65.48,65.42,65.46,7800
VGLT,20130123,74.84,74.95,74.71,74.78,9300
VGSH,20130123,60.88,60.9,60.88,60.88,90900
VIA,20130123,62,62.31,61.12,61.89,23100
VICR,20130123,5.36,5.53,5.36,5.5,130900
VIRC,20130123,2.67,2.71,2.67,2.71,3400
VIVO,20130123,20.5,21.43,20.27,20.38,363500
VLGEA,20130123,31.27,31.31,30.05,30.09,16300
VMBS,20130123,52.21,52.21,52.12,52.17,83900
VNDA,20130123,4.3,4.34,4.21,4.24,408600
VNET,20130123,10.56,10.56,10.39,10.46,311400
VNQI,20130123,55.56,55.56,55.28,55.37,150800
VOD,20130123,25.94,26.14,25.89,26.1,11679100
VONE,20130123,68.49,68.61,68.38,68.57,13400
VONG,20130123,70.18,70.24,70.05,70.13,8700
VONV,20130123,66.95,67.13,66.84,67.06,9900
VOXX,20130123,9.16,9.22,9.1,9.1,154000
VRA,20130123,23.7,23.93,23.34,23.72,719000
VRNT,20130123,34.22,34.35,33.55,33.64,458600
VRSK,20130123,54.68,54.75,54.37,54.52,424000
VRSN,20130123,39.75,40.04,39.64,39.87,1921800
VRTS,20130123,141.13,143.73,140.85,143.22,37600
VRTX,20130123,46.91,47.29,46.47,46.5,896800
VSAT,20130123,38.53,38.67,38.03,38.09,73100
VSEC,20130123,12.3,12.705,12.3,12.48,4000
VSTM,20130123,10.46,10.55,10.03,10.38,15400
VTHR,20130123,68.72,68.84,68.67,68.78,4900
VTIP,20130123,50.14,50.14,50.1,50.14,143100
VTWG,20130123,73.49,73.49,73.14,73.18,6000
VTWO,20130123,71.02,71.03,70.79,70.79,23100
VTWV,20130123,68.58,68.58,68.35,68.37,2100
VXUS,20130123,47.96,47.96,47.72,47.86,224100
WABC,20130123,43.66,43.92,43.5,43.68,107300
WAFD,20130123,17.56,17.59,17.34,17.4,311200
WASH,20130123,26.09,26.11,25.8,25.8,21700
WDAY,20130123,50.19,52.14,50.19,51.93,744100
WDC,20130123,47.48,47.77,46.52,47.07,6164000
WDFC,20130123,53.22,53.77,53.19,53.37,26500
WEN,20130123,5.17,5.2,5.09,5.15,2575900
WERN,20130123,23.54,23.64,23.27,23.47,594600
WETF,20130123,8.29,8.55,8.25,8.55,2424000
WEYS,20130123,23,23.16,22.8,22.91,9700
WHF,20130123,14.76,14.8,14.65,14.72,65300
WHLR,20130123,48.64,49.6,48.48,48.56,10400
WILC,20130123,5.55,5.55,5.41,5.45,10200
WINA,20130123,62.15,62.95,61.99,62.08,3200
WIRE,20130123,32.04,32.51,31.74,32.04,35500
WLDN,20130123,2.14,2.14,2.14,2.14,500
WLFC,20130123,14.7,14.75,14.62,14.68,12800
WOOD,20130123,47.45,47.54,47.37,47.44,52700
WOOF,20130123,20.89,21.16,20.71,21.08,1051200
WPRT,20130123,27.57,28.45,27.1,28.43,881500
WRLD,20130123,73.88,74.68,73.83,74.28,76100
WSBC,20130123,22.53,22.67,22.35,22.51,39100
WSBF,20130123,7.89,7.96,7.72,7.88,18900
WSFS,20130123,15.1667,15.1667,14.9167,14.9567,10900
WSTG,20130123,12.17,12.61,12.17,12.35,7200
WTBA,20130123,11.17,11.29,10.9,10.97,18400
WTFC,20130123,37.5,38.01,37.5,37.61,146700
WVFC,20130123,9.42,9.42,9.42,9.42,100
WVVI,20130123,4.05,4.1,4.05,4.07,1500
WWD,20130123,39.14,40.91,37.66,37.92,1037400
WYNN,20130123,124.42,124.98,122.75,123.13,1017400
XLNX,20130123,36.8,36.95,36.57,36.7,1719300
XOMA,20130123,53.4,54.6,52.4,54.6,468400
XRAY,20130123,40.9,40.98,40.75,40.88,625900
XRTX,20130123,9.84,9.87,9.66,9.68,135300
YNDX,20130123,22.8,23.1,22.62,22.75,954400
YORW,20130123,18.22,18.22,18.07,18.17,19000
YY,20130123,13.5,13.66,13.3,13.3,78000
Z,20130123,33.54,35.38,33.32,34.69,653100
ZBRA,20130123,41.93,42.08,41.72,41.8,146800
ZEUS,20130123,21.68,21.8,21.11,21.23,66700
ZGNX,20130123,12.16,12.16,11.6,11.84,685000
ZION,20130123,22.73,22.74,22.47,22.58,1588000
ZIOP,20130123,4.06,4.09,4.04,4.06,527200
ZIXI,20130123,3.12,3.16,3.05,3.1,168900
ZNGA,20130123,2.46,2.5,2.44,2.45,9911800
ZUMZ,20130123,21.3,21.3,20.84,20.91,252700
