AAME,20131004,4,4.05,4,4.03,8400
AAOI,20131004,10.1,10.2,9.82,10.2,109700
AAON,20131004,17.5133,17.8467,17.1533,17.6933,28700
AAPL,20131004,17.2807,17.3072,17.0929,17.2511,9245300
AAWW,20131004,44.76,45.01,42.83,44,461300
AAXJ,20131004,59.67,60.12,59.53,60.04,200300
ABCB,20131004,17.81,18.2,17.81,18.18,18700
ABIO,20131004,200.34,207.9,195.3,205.38,483800
ABMD,20131004,19.15,19.48,18.98,19.23,309200
ACAD,20131004,28.6,29.16,28.58,28.77,1866100
ACET,20131004,15.54,15.61,15.4,15.4,160600
ACGL,20131004,18.1667,18.33,18.0633,18.3233,219700
ACHC,20131004,39.9,40.55,39.67,39.94,138900
ACIW,20131004,18.15,18.27,18.0233,18.07,215600
ACLS,20131004,8.92,9.4,8.92,9.36,858700
ACNB,20131004,16.79,16.79,16.7,16.7,2300
ACOR,20131004,36.03,36.75,35.77,36.54,189600
ACRX,20131004,10.61,11.08,10.57,10.96,614400
ACST,20131004,24.4,24.4,24,24,10200
ACTG,20131004,21.86,22.1,21.79,22.02,321900
ACWI,20131004,53.96,54.3,53.88,54.25,566600
ACWX,20131004,44.83,45.16,44.83,45.11,117000
ADBE,20131004,50.09,51.67,50.02,51.57,3881400
ADES,20131004,20.44,20.745,20,20.215,82400
ADI,20131004,46.38,47.01,46.22,46.99,1865100
ADP,20131004,62.5636,62.8709,62.2828,62.7919,1240900
ADRE,20131004,37.49,37.75,37.39,37.75,28900
ADSK,20131004,41.96,42.79,41.68,42.49,3926500
ADTN,20131004,26.33,27.1,26.15,26.77,325400
ADUS,20131004,28.91,29.7,28.84,29.36,98900
AEHR,20131004,3.29,3.45,2.85,3.07,169300
AEIS,20131004,17.8,18.27,17.7,18.09,318700
AEY,20131004,2.48,2.53,2.45,2.48,15200
AEZS,20131004,152,152,149,151,156400
AGEN,20131004,2.81,2.84,2.7,2.73,290700
AGIO,20131004,32.16,33.59,31.86,33.18,104400
AGNC,20131004,22.93,23.12,22.85,23.05,5652700
AGNCP,20131004,25.3,25.3,25.25,25.25,3100
AGYS,20131004,11.72,11.81,11.72,11.75,35000
AHPI,20131004,2.28,2.3,2.22,2.25,16800
AIMC,20131004,27.19,27.43,26.98,27.3,227500
AINV,20131004,24.63,24.9,24.51,24.72,2703400
AIQ,20131004,28.61,30.48,27.78,30.18,65600
AIRT,20131004,10.95,11.3,10.8,11.29,5900
AKAM,20131004,51.31,52.47,51.18,52.32,1524200
ALCO,20131004,39.33,40.03,39.21,39.86,6800
ALGN,20131004,46.76,47.02,45.6,45.8,1557700
ALGT,20131004,102.25,103.47,102.12,102.6,91200
ALIM,20131004,3.81,4,3.75,3.79,93300
ALKS,20131004,32.43,32.94,32.15,32.32,629500
ALLT,20131004,13.73,14.02,13.5,14,192900
ALNY,20131004,64.29,65.4,64.1,64.63,474000
ALOT,20131004,11.58,12,11.58,11.89,8400
ALTR,20131004,36.76,37.23,36.65,36.87,1775100
ALVR,20131004,0.85,0.9,0.81,0.87,125900
AMAT,20131004,17.33,17.66,17.32,17.57,11027600
AMBA,20131004,19.55,20.05,19.48,19.98,908700
AMCX,20131004,67.11,68.47,67.11,68.24,362700
AMD,20131004,3.91,3.95,3.89,3.91,17134400
AMED,20131004,17.69,17.96,17.55,17.85,195500
AMGN,20131004,110.74,113.49,110.11,112.91,3087900
AMKR,20131004,4.41,4.48,4.39,4.45,1509500
AMNB,20131004,21.95,22.12,21.88,21.96,10300
AMOT,20131004,8.05,8.15,8.03,8.05,10900
AMRN,20131004,6.9,7.23,6.9,7.18,7647800
AMRS,20131004,33,34.65,33,33.75,150000
AMSC,20131004,22.1,22.3,22,22.1,279900
AMSF,20131004,35.11,35.25,34.83,35.16,72900
AMSWA,20131004,8.42,8.7,8.42,8.61,90200
AMWD,20131004,33.37,33.5,32.6,32.69,255400
AMZN,20131004,315.74,319.2,312.62,319.04,1814900
ANAT,20131004,97.86,98.99,96.89,97.45,13700
ANDE,20131004,46.3667,47.4867,45.7867,47.2533,66900
ANGI,20131004,17.35,17.8,16.53,16.7,4096000
ANGO,20131004,13.46,13.71,13.37,13.38,138200
ANIK,20131004,24.99,25.82,24.97,25.31,138000
ANIP,20131004,11.02,11.25,9.8,11.17,43300
ANSS,20131004,85.29,86.41,85.21,85.94,267500
AOSL,20131004,8.12,8.26,8.1,8.2,30400
APEI,20131004,36.68,37.14,36.5,36.94,129700
APOG,20131004,29.84,30.36,29.67,30.2,231200
APWC,20131004,3.57,3.62,3.57,3.59,500
ARAY,20131004,7.42,7.61,7.36,7.59,1642300
ARCC,20131004,17.2,17.3,17.15,17.26,965500
ARKR,20131004,21.94,21.99,20.9,21.2,7400
ARLP,20131004,38.25,38.25,37.835,37.925,39800
ARNA,20131004,49.2,49.5,48.3,48.4,5199400
AROW,20131004,25.03,25.15,24.91,25.1,23100
ARRY,20131004,6.58,6.65,6.46,6.49,1339200
ARTNA,20131004,22.19,22.42,22.15,22.28,7000
ARTW,20131004,6.91,6.91,6.85,6.85,600
ARWR,20131004,6.05,6.07,5.89,6.04,212500
ASML,20131004,100.09,101.03,99.97,100.96,729100
ASPS,20131004,145.37,149.05,144.82,147.36,159200
ASRV,20131004,3.15,3.15,3.07,3.15,14000
ASTC,20131004,0.7,0.7,0.66,0.67,27100
ASTE,20131004,35.03,35.92,34.6,35.64,29300
ASUR,20131004,4.02,4.46,4.02,4.25,25000
ASYS,20131004,7.46,7.98,7.3,7.61,28000
ATAI,20131004,4.95,5,4.92,4.92,15700
ATAX,20131004,6.79,6.99,6.79,6.99,80600
ATEC,20131004,23.16,23.16,22.44,22.92,90200
ATHX,20131004,1.62,1.67,1.61,1.65,264800
ATLC,20131004,3.55,3.75,3.55,3.59,2500
ATLO,20131004,21.12,21.92,21.12,21.81,7800
ATNI,20131004,52.75,53.05,52.14,52.76,27300
ATOS,20131004,950.4,972,907.2,957.6,414100
ATRC,20131004,11.54,11.61,11.23,11.51,61300
ATRI,20131004,256,256.91,254.97,256.91,1300
ATRO,20131004,40.35,42.0167,39.9417,41.925,52900
ATRS,20131004,4.49,4.72,4.45,4.59,3234900
ATSG,20131004,7.11,7.3,7.11,7.21,74600
ATVI,20131004,16.63,16.95,16.6,16.88,4317400
AUBN,20131004,23.93,23.93,23.93,23.93,100
AUDC,20131004,6.91,7.2,6.91,7.03,203200
AVAV,20131004,22.4,22.79,22.4,22.6,93400
AVEO,20131004,20.4,22.3,20.4,21.1,1903400
AVGO,20131004,43.42,43.72,43.29,43.5,1724500
AVID,20131004,6.17,6.4,6.17,6.35,148600
AVNW,20131004,26.88,27.6,25.44,25.56,804400
AWRE,20131004,5.43,5.43,5.21,5.28,73000
AXDX,20131004,12.64,13.8,12.5,13.63,135200
AXGN,20131004,4.39,4.53,4.24,4.45,24700
AXTI,20131004,2.38,2.44,2.37,2.41,24000
AZPN,20131004,34.93,35.28,34.92,35.03,181000
BANF,20131004,52.77,53.12,52.42,53.11,11800
BANFP,20131004,27.25,27.25,27.25,27.25,0
BANR,20131004,36.83,37.43,36.83,37.18,45200
BBBY,20131004,77.29,78.08,76.92,77.97,792800
BBGI,20131004,8.15,9.27,7.83,8.28,13500
BBSI,20131004,67.66,69.02,67.66,68.49,17100
BCBP,20131004,10.71,10.83,10.71,10.83,3900
BCOR,20131004,23.52,23.94,23.36,23.82,428400
BCOV,20131004,11.76,12.47,11.7,12.37,301900
BCPC,20131004,49.88,52,49.85,51.24,25800
BCRX,20131004,7.45,7.56,7.32,7.35,457600
BDSI,20131004,5.67,5.7,5.5,5.6,147100
BEAT,20131004,10.41,10.57,10.21,10.3,405300
BECN,20131004,34.23,34.45,33.99,34.09,770700
BELFA,20131004,17.32,17.32,17.32,17.32,0
BELFB,20131004,17.3,17.98,17.3,17.93,6700
BFIN,20131004,8.98,9.24,8.88,9.23,15900
BGCP,20131004,5.38,5.48,5.38,5.41,474300
BGFV,20131004,15.75,16.08,15.6,15.99,142000
BIB,20131004,32.96,33.8175,32.96,33.62,47300
BICK,20131004,24.02,24.02,24.02,24.02,500
BIDU,20131004,157.13,160.48,157.07,159,2598100
BIIB,20131004,217.7415,222.4023,216.8296,221.343,1325900
BIOL,20131004,9.55,9.85,9.55,9.75,75600
BIS,20131004,25.11,25.19,24.59,24.8,9900
BJRI,20131004,28.71,29,28.12,28.25,411100
BKCC,20131004,9.31,9.39,9.3,9.32,330100
BKEP,20131004,8.13,8.15,8.13,8.13,11100
BKEPP,20131004,9.1,9.1,9.05,9.05,18300
BKSC,20131004,14.39,14.45,14.07,14.07,4600
BLDP,20131004,1.41,1.41,1.36,1.37,6486200
BLIN,20131004,272.5,272.5,262.5,270,13400
BLKB,20131004,39.11,39.9,39.1,39.65,86600
BLMN,20131004,22.41,22.72,22.25,22.33,361600
BLRX,20131004,40.95,40.95,37.8,38.85,150700
BLUE,20131004,25.49,26.44,25.44,25.96,56700
BMRC,20131004,20.22,20.395,20.005,20.27,13400
BMRN,20131004,73.81,74.79,73.66,73.82,665400
BMTC,20131004,25.73,26.02,25.39,25.74,31000
BNDX,20131004,49.72,49.72,49.54,49.65,228000
BNFT,20131004,47.35,48.01,44.14,44.77,252700
BNSO,20131004,1.39,1.39,1.39,1.39,0
BOKF,20131004,62.31,63.26,62.31,63.07,48900
BOLT,20131004,17.8,17.98,17.8,17.9,5000
BOOM,20131004,22.04,22.06,21.33,21.54,68200
BOSC,20131004,3.5,3.68,3.5,3.65,700
BOTJ,20131004,8.08,8.1,8.08,8.09,1700
BPOP,20131004,25.83,26.18,25.75,26.13,920200
BPOPM,20131004,18.2,18.21,18.2,18.21,900
BPOPN,20131004,19.29,19.3,19.04,19.28,2600
BRID,20131004,10.51,10.51,10.51,10.51,100
BRKL,20131004,9.12,9.18,9.09,9.18,123500
BRKR,20131004,21.23,21.26,20.79,20.8,853000
BRKS,20131004,9.17,9.28,9.16,9.27,94500
BRLI,20131004,29.07,29.51,28.5,28.56,149000
BSET,20131004,14.68,14.92,14.51,14.51,39800
BSQR,20131004,2.64,2.67,2.64,2.67,1100
BSRR,20131004,15.96,16.05,15.77,16.01,9100
BUSE,20131004,4.99,5.09,4.99,5.06,64300
BWEN,20131004,8.19,8.32,8.03,8.16,119100
BYFC,20131004,1.09,1.09,1.09,1.09,400
CAAS,20131004,7.67,7.83,7.65,7.74,33300
CAC,20131004,40.65,41.49,40.6,41,26600
CACC,20131004,109.35,110.95,109.35,110.41,5900
CACG,20131004,9.96,9.96,9.96,9.96,0
CAKE,20131004,43.6,44.04,43.34,43.62,428100
CALM,20131004,24.01,24.59,23.985,24.455,67200
CAMP,20131004,21.46,23.34,21.35,23.21,1623200
CAMT,20131004,1.65,1.74,1.65,1.74,6800
CAR,20131004,29.5,30.45,29.4,30.42,1789300
CARV,20131004,7.82,8.5,7.82,8.5,1500
CARZ,20131004,38.75,39.14,38.75,39.06,13000
CASH,20131004,12.73,12.85,12.73,12.78,5600
CASS,20131004,51.87,52.67,51.22,51.86,32500
CASY,20131004,71.4,72.74,70.71,72.12,181900
CATY,20131004,23.31,23.62,23.26,23.54,183300
CBAN,20131004,5.83,6.09,5.81,6.09,1100
CBNK,20131004,17.37,17.65,17.37,17.5,1000
CBRL,20131004,102.44,104.47,102.4,104.24,163700
CBSH,20131004,44,44.12,43.74,43.91,402000
CCBG,20131004,11.91,12.05,11.62,11.74,47800
CCMP,20131004,37.88,38.88,37.85,38.79,66300
CCNE,20131004,16.83,17.14,16.8,16.98,6800
CCOI,20131004,32.04,32.6,31.85,32.33,97000
CCRN,20131004,5.9,5.97,5.9,5.93,33300
CCXI,20131004,5.48,5.51,5.4,5.41,1893900
CDNS,20131004,13.23,13.44,13.2,13.4,1156100
CDW,20131004,23.34,23.36,23.16,23.35,110300
CDXS,20131004,1.64,1.7,1.61,1.65,223500
CDZI,20131004,4.9,5.09,4.86,4.86,14500
CECE,20131004,14.43,15.09,14.43,15.04,112100
CEMI,20131004,3.59,3.88,3.55,3.7,50700
CENT,20131004,6.98,7.17,6.98,7.13,14000
CENTA,20131004,6.75,6.91,6.74,6.87,208300
CENX,20131004,8.1,8.2,8.04,8.11,303800
CERE,20131004,12.32,12.56,11.84,12,341900
CERN,20131004,53.66,54.82,53.53,54.71,1953500
CERS,20131004,6.87,6.94,6.8,6.85,400900
CEVA,20131004,14.2,14.26,13.91,13.97,528000
CFBK,20131004,7.425,7.425,7.425,7.425,400
CFFI,20131004,48.65,49.68,48.27,49.49,22800
CFFN,20131004,12.24,12.35,12.23,12.33,292600
CG,20131004,26.98,28.17,26.4,27.14,634400
CGEN,20131004,10.02,10.26,9.7,10.2,123300
CGNX,20131004,15.245,15.47,15.245,15.41,285300
CGO,20131004,13.4,13.58,13.4,13.56,16500
CHCI,20131004,1.83,1.83,1.82,1.82,14600
CHCO,20131004,42.48,42.74,42.43,42.55,20100
CHDN,20131004,28.29,28.97,28.29,28.86,23300
CHEF,20131004,22.33,23.36,22.32,23.18,101300
CHI,20131004,12.49,12.64,12.49,12.64,152800
CHKP,20131004,56.79,57.91,56.52,57.62,966700
CHMG,20131004,33.7,34.76,33.51,34.31,4700
CHNR,20131004,4.26,4.28,4.26,4.28,400
CHRW,20131004,57.83,58.54,57.51,58.48,1090600
CHSCO,20131004,27.5,27.57,27.5,27.54,148700
CHSCP,20131004,29.5,29.86,29.31,29.32,19000
CHTR,20131004,132.04,133.31,131.35,132.64,748800
CHUY,20131004,36.74,38.59,35.82,37.79,188900
CHW,20131004,8.47,8.54,8.47,8.51,95800
CHY,20131004,12.21,12.44,12.21,12.42,158200
CIDM,20131004,15,15.1,14.6,15,333800
CINF,20131004,47.01,47.67,46.61,47.63,611000
CIZN,20131004,18,18,17.98,17.98,500
CJJD,20131004,0.92,0.92,0.72,0.86,28300
CLDX,20131004,502.8,522.15,486.15,488.25,3686900
CLFD,20131004,14.6,14.6,14.05,14.35,66900
CLIR,20131004,7.33,7.45,7.21,7.42,29500
CLMT,20131004,28.3,28.73,28.01,28.35,391200
CLNE,20131004,13.07,13.17,12.95,13.15,1226300
CLRO,20131004,8.29,8.3,8.13,8.22,16800
CLSN,20131004,1.27,1.29,1.24,1.27,1976800
CLVS,20131004,57.82,58.25,55.64,56.99,317600
CLWT,20131004,2.1,2.1667,2.08,2.1533,19500
CMCO,20131004,23.69,23.83,23.56,23.61,23100
CMCSA,20131004,22.455,22.925,22.375,22.82,11559200
CME,20131004,74.25,75.43,73.83,75,1876900
CMLS,20131004,42.56,44.08,42.48,43.92,1043300
CMRX,20131004,21.87,22.5,21.8,22.49,22000
CMTL,20131004,26.5,26.74,25.41,25.77,504500
CNBKA,20131004,32.5,33.18,32.45,32.69,2400
CNET,20131004,0.59,0.6,0.58,0.58,17600
CNOB,20131004,14.09,14.61,14.09,14.1,14300
CNSL,20131004,17.45,17.62,17.45,17.55,122100
CNTY,20131004,5.83,6,5.8,5.98,158700
COCO,20131004,2.08,2.09,2.04,2.05,1095400
COHR,20131004,61.94,62.7,61.88,62.36,19700
COHU,20131004,10.75,11,10.71,11,67300
COKE,20131004,61.1,61.79,60.61,60.98,17600
COLB,20131004,24.35,24.46,24.32,24.4,200100
COLM,20131004,29.835,30.125,29.835,30.02,15000
CONE,20131004,18.51,18.95,18.44,18.52,142700
CONN,20131004,52.36,55.79,51.72,55.65,1173700
COOL,20131004,25.2,25.2,24.36,24.78,66200
CORT,20131004,1.6,1.66,1.6,1.65,63800
COST,20131004,114.18,114.94,114.03,114.44,1084900
COWN,20131004,3.52,3.56,3.51,3.54,384000
CPHC,20131004,11.49,11.74,11.34,11.35,3700
CPIX,20131004,4.72,4.75,4.66,4.66,17000
CPLP,20131004,8.87,8.98,8.8,8.9,143000
CPRT,20131004,16.515,16.625,16.505,16.535,836500
CPRX,20131004,3.5,3.52,3.21,3.28,2458000
CPSI,20131004,58.57,59.87,58.55,59.55,53600
CPSS,20131004,6.31,6.62,6.2,6.29,91800
CRAI,20131004,17.94,18.05,17.91,18.01,18200
CREG,20131004,250,270,237,265,53400
CRESW,20131004,0.04,0.06,0.04,0.06,3700
CRESY,20131004,8.66,8.8,8.63,8.69,21700
CRIS,20131004,22.65,22.75,21.5,21.6,856500
CRMT,20131004,44.9,45.14,44.85,44.89,17900
CRNT,20131004,3.92,4.04,3.92,4.04,54400
CROX,20131004,13.5,13.75,13.41,13.62,416100
CRTX,20131004,9.37,9.42,9.35,9.37,131600
CRUS,20131004,23.09,23.76,22.95,23.5,2602700
CRVL,20131004,36.78,37.97,36.78,37.35,31200
CRWS,20131004,7.36,7.39,7.29,7.38,11000
CSCO,20131004,22.96,23.09,22.85,23.02,33609000
CSGP,20131004,169.55,173.46,169.31,172.28,63700
CSGS,20131004,24.3,24.7,24.3,24.65,72900
CSII,20131004,19.42,20.21,19.02,20.13,131500
CSIQ,20131004,19.65,19.7,18.75,19.59,3602500
CSOD,20131004,50.83,52.28,50.83,51.33,359600
CSPI,20131004,7.06,7.12,6.99,6.99,13800
CSQ,20131004,9.99,10.11,9.99,10.11,288400
CSTE,20131004,45,46.25,44.94,45.21,137500
CSWC,20131004,31.02,32.4,30.91,32.25,22100
CSX,20131004,25.26,25.64,25.04,25.57,6913500
CTAS,20131004,50.23,50.74,50.05,50.55,359100
CTBI,20131004,38.88,39.26,38.4,39.07,37400
CTG,20131004,17.87,17.98,17.62,17.71,79100
CTHR,20131004,6.7,6.93,6.66,6.85,94500
CTIB,20131004,5.15,5.15,5.15,5.15,100
CTIC,20131004,15.7,16.1,15.3,15.9,1271800
CTRN,20131004,17.33,17.41,16.85,17.13,36900
CTSH,20131004,41.83,42.48,41.605,42.425,2017800
CTXS,20131004,54.7611,56.3854,54.7213,56.1146,1159200
CUBA,20131004,8.73,8.8,8.73,8.8,1700
CUTR,20131004,8.87,8.98,8.84,8.93,27500
CVBF,20131004,13.64,13.95,13.61,13.84,677200
CVCO,20131004,56.1,57.39,55.7,56.24,21500
CVCY,20131004,9.91,10.3,9.85,10.14,23800
CVGI,20131004,7.97,8.15,7.97,8.01,127100
CVGW,20131004,29.56,29.57,29.26,29.43,12400
CVLT,20131004,87.27,89.27,86.44,88.86,238700
CVLY,20131004,17.82,18.1,17.8,17.94,5700
CVV,20131004,10.83,10.88,10.02,10.03,64500
CWBC,20131004,5.62,5.79,5.53,5.55,2400
CWCO,20131004,14.44,14.6,14.34,14.45,40000
CWST,20131004,5.7,5.75,5.67,5.67,63600
CXDC,20131004,4.8,4.82,4.75,4.81,20200
CYAN,20131004,5.63,5.78,5.55,5.68,8300
CYBE,20131004,6.45,6.48,6.31,6.47,5600
CYCC,20131004,950.4,972,943.2,960,220300
CYCCP,20131004,9.24,9.24,9.24,9.24,0
CYTK,20131004,7.09,7.22,7,7.08,297500
CZNC,20131004,19.51,19.97,19.51,19.66,7900
CZR,20131004,20.78,21.91,19.54,21.55,2857600
CZWI,20131004,7.39,7.52,7.25,7.25,5200
DAIO,20131004,3.08,3.08,3.06,3.06,500
DAKT,20131004,10.86,11.05,10.85,11.03,39900
DCOM,20131004,16.39,16.41,16.37,16.38,85700
DCTH,20131004,115.2,153.6,110.08,130.56,11748800
DENN,20131004,6.13,6.25,6.13,6.23,220700
DGICA,20131004,14.22,14.45,14.22,14.3,22800
DGICB,20131004,19.98,19.98,19.98,19.98,0
DGII,20131004,9.47,9.69,9.47,9.58,24900
DGLY,20131004,14.21,14.23,13.56,13.75,41000
DGRE,20131004,25.63,25.77,25.6,25.65,11600
DGRS,20131004,25.9,26.14,25.9,26.01,4400
DGRW,20131004,25.18,25.39,25.18,25.38,12600
DHIL,20131004,106.85,108.4,106.85,107.69,4100
DIOD,20131004,23.76,24.05,23.5,24,301600
DISCA,20131004,81.31,81.57,80.55,81.27,1042700
DISCB,20131004,80.32,80.32,80.32,80.32,0
DISCK,20131004,37.565,37.72,37.23,37.575,208100
DISH,20131004,46.97,48.59,46.75,48.47,2874900
DJCO,20131004,139.7,139.7,139.7,139.7,0
DLHC,20131004,1.13,1.24,1.13,1.23,9600
DLTR,20131004,58.81,59.4,58.46,59.21,1427900
DMLP,20131004,23.8,24.09,23.77,23.78,20800
DMRC,20131004,19.5,19.7,19.5,19.54,9200
DORM,20131004,49.85,50.23,49.31,49.74,102600
DRIV,20131004,18,18.25,18,18.1,108700
DRRX,20131004,1.3,1.37,1.29,1.35,330000
DSGX,20131004,11.37,11.5,11.3,11.4,2100
DSPG,20131004,7.01,7.19,7.01,7.05,55800
DSWL,20131004,2.42,2.6,2.42,2.54,10500
DVAX,20131004,12.2,12.9,12.2,12.8,1065600
DWSN,20131004,31.7,32.85,31.7,32.52,23800
DXCM,20131004,28.37,28.92,28.03,28.04,452100
DXJS,20131004,27.25,27.52,27.17,27.52,6600
DXLG,20131004,6.73,6.88,6.59,6.61,229500
DXPE,20131004,80.03,80.92,80.03,80.61,17700
DXYN,20131004,11.21,11.25,10.93,11.14,29300
DYNT,20131004,3.05,3.09,3,3.09,7500
EA,20131004,25.12,25.9,25.06,25.76,2814500
EAC,20131004,18.63,19.01,18.04,18.93,57900
EBAY,20131004,23.1832,23.4947,23.0821,23.4021,5869100
EBIX,20131004,10.76,10.9,10.71,10.86,330700
EBMT,20131004,10.98,11.04,10.95,11,10200
EBSB,20131004,8.6806,8.8644,8.3619,8.5376,48200
EBTC,20131004,18.42,19.29,18.17,19.09,8600
ECHO,20131004,20.23,20.72,20.07,20.25,54600
ECOL,20131004,30.43,30.9,30.33,30.46,31100
ECPG,20131004,47.11,47.52,46.78,46.85,256600
EDAP,20131004,3.38,3.38,3.08,3.15,313700
EDUC,20131004,1.39,1.39,1.385,1.385,300
EEFT,20131004,40.11,40.6,40.11,40.2,91600
EEMA,20131004,56.45,56.62,56.45,56.62,2800
EFSC,20131004,16.73,16.93,16.58,16.81,15300
EGAN,20131004,14.82,15.2,13.75,14.09,263400
EGBN,20131004,28.01,28.59,27.74,28.18,46900
EGLE,20131004,20160,20286,18950.4,19126.8,724000
EHTH,20131004,33.42,33.54,32.87,33.21,137600
ELSE,20131004,4.02,4.08,4.01,4.08,1600
ELTK,20131004,1.3,1.3,1.29,1.29,3800
EMCB,20131004,74.59,75.38,74.59,75.38,3600
EMCF,20131004,25.95,25.95,25.95,25.95,500
EMIF,20131004,33.92,34.21,33.9,34.15,8800
EMKR,20131004,4.53,4.87,4.41,4.77,256600
EML,20131004,16.74,16.77,16.5,16.6,3600
ENDP,20131004,46.42,46.9,43.82,45.54,3795900
ENG,20131004,0.93,0.98,0.93,0.97,31500
ENPH,20131004,8.41,9,8.34,8.93,450000
ENSG,20131004,20.69,21.22,20.66,21.015,48200
ENTA,20131004,22.75,22.75,21.46,21.84,163800
ENTG,20131004,9.9,10.11,9.86,10.03,665500
ENVI,20131004,3.21,3.3,3.16,3.26,127100
EPAY,20131004,27.59,28.33,27.59,28.25,170700
EPZM,20131004,40.03,41.13,39,39.28,172700
EQIX,20131004,167.57,168.73,166.03,167.57,1320800
ERIC,20131004,13.35,13.42,13.32,13.34,3662800
ERIE,20131004,70.79,71.44,70.79,71.22,25400
ERII,20131004,6.83,6.96,6.62,6.76,419300
ESBK,20131004,24.75,24.75,24.75,24.75,200
ESCA,20131004,8.62,8.69,8.58,8.69,9000
ESEA,20131004,11.92,11.92,10.96,11.52,220000
ESGR,20131004,135.11,137.55,135.1,135.73,9600
ESLT,20131004,52.26,52.88,52.2,52.36,8200
ESPR,20131004,18.71,18.9,17.71,18.61,55900
ESSA,20131004,10.31,10.57,10.31,10.52,4900
ESXB,20131004,3.57,3.58,3.57,3.57,800
EUFN,20131004,23.26,23.34,23.22,23.28,108200
EVK,20131004,4.9,4.9,4.5,4.74,46700
EVOK,20131004,12.87,14.09,12.85,13.99,325500
EVOL,20131004,9.98,10.5,9.98,10.48,83700
EWBC,20131004,32.61,32.96,32.45,32.89,569300
EXAS,20131004,11.76,11.86,11.71,11.8,426700
EXEL,20131004,5.73,5.88,5.72,5.77,843300
EXLS,20131004,28.84,29.28,28.03,29.15,101300
EXPD,20131004,43.07,43.11,42.51,43.03,1391700
EXPE,20131004,52.07,52.26,51.48,51.67,3586900
EXPO,20131004,17.305,17.6025,17.1525,17.4625,10700
EXTR,20131004,5.18,5.21,5.14,5.16,1339900
EZPW,20131004,16.07,16.18,15.94,16.04,257500
FANG,20131004,43.82,47.36,43.68,46.01,646600
FARM,20131004,15.6,15.83,15.46,15.81,12000
FARO,20131004,39.89,40.49,39.51,40.04,65800
FAST,20131004,25.42,25.77,25.36,25.63,1481700
FATE,20131004,6.95,7.2,6.8,7.15,61300
FB,20131004,49.77,51.16,49.57,51.04,74446900
FBIZ,20131004,32.82,32.82,32.52,32.58,4600
FBMS,20131004,14,14,13.75,13.91,3600
FBNC,20131004,13.67,14.25,13.6,14.18,30000
FCAP,20131004,20.75,20.75,20.75,20.75,100
FCBC,20131004,15.98,16.08,15.83,16,9100
FCCO,20131004,10.27,10.41,10.27,10.41,200
FCCY,20131004,10.25,10.25,10.25,10.25,0
FCEL,20131004,181.44,182.88,177.12,178.56,1516000
FCFS,20131004,56.25,57.18,56.25,57.06,84400
FCNCA,20131004,203.23,207.56,203.23,206.5,10600
FDUS,20131004,18.74,19.07,18.7,19.02,16200
FEIM,20131004,10.89,11.3,10.7,10.93,15700
FELE,20131004,38.71,39.38,38.71,39.11,41200
FFBC,20131004,14.92,14.96,14.8,14.9,229400
FFHL,20131004,1.14,1.25,1.11,1.13,52200
FFIC,20131004,18.07,18.5,18.07,18.4,39900
FFIN,20131004,14.355,14.5975,14.355,14.56,31500
FFIV,20131004,89.89,91.68,89.5,91.54,1408600
FFNW,20131004,10.06,10.25,10.06,10.2,28800
FIBK,20131004,23.59,23.96,23.45,23.83,28600
FISI,20131004,20.27,20.73,20.27,20.65,15800
FISV,20131004,25.08,25.32,25.0325,25.25,354500
FITB,20131004,18,18.21,17.93,18.19,6107900
FIVE,20131004,47.55,47.75,46.51,47.36,794200
FIZZ,20131004,17.5,18.09,17.5,17.9,39700
FLDM,20131004,21.99,22.59,21.99,22.43,82400
FLEX,20131004,9.2,9.25,9.15,9.17,1772900
FLIC,20131004,25,25.84,25,25.7333,33800
FLL,20131004,2.8,2.84,2.79,2.82,49200
FLWS,20131004,4.87,5.03,4.87,4.9,182100
FLXS,20131004,23.23,24.17,23.06,23.67,18800
FMBI,20131004,14.95,15.19,14.95,15.17,130800
FMNB,20131004,6.34,6.39,6.26,6.3,15400
FNHC,20131004,9.61,9.99,9.53,9.87,13000
FNLC,20131004,16.52,16.99,16.52,16.66,23400
FOLD,20131004,2.32,2.37,2.3,2.34,161400
FONR,20131004,7.39,8.6,7.34,8.59,488000
FORD,20131004,1.86,1.88,1.84,1.88,19100
FORM,20131004,6.57,6.62,6.49,6.5,270000
FORR,20131004,36.33,36.76,36.25,36.49,50900
FORTY,20131004,25.2,25.35,25.2,25.35,200
FOSL,20131004,117.55,120.28,117.42,119.89,539100
FOX,20131004,33.27,33.67,33.02,33.59,2236700
FOXA,20131004,33.33,33.83,33.2,33.65,10079000
FOXF,20131004,18.96,20.17,18.96,19.53,155500
FRBK,20131004,3.14,3.21,3.08,3.17,3300
FREE,20131004,2280000,2340000,2160000,2190000,4778700
FRGI,20131004,38.41,39.2,37.77,38.86,194100
FRME,20131004,17.7,17.93,17.66,17.89,97900
FSBW,20131004,17.09,17.09,17.09,17.09,0
FSFG,20131004,22.25,22.85,22.25,22.5,400
FSLR,20131004,43.08,44.48,42.55,43.97,5283900
FSTR,20131004,45.28,46.48,45.28,45.62,10200
FTCS,20131004,30.41,30.46,30.38,30.45,10600
FTEK,20131004,4.49,4.68,4.36,4.67,88100
FTNT,20131004,21.19,21.97,20.95,21.69,4920000
FTSL,20131004,49.31,49.34,49.28,49.29,8400
FULT,20131004,11.72,11.77,11.64,11.73,757100
FUNC,20131004,8.22,8.38,8.15,8.25,9500
FUND,20131004,7.24,7.32,7.21,7.3,35700
FWRD,20131004,39.57,40.34,39.43,39.76,66500
GABC,20131004,15.7467,15.9533,15.7467,15.8667,6500
GAIA,20131004,5.32,5.39,5.11,5.31,22600
GAIN,20131004,6.88,7,6.8,6.89,107100
GALT,20131004,10.25,11.79,10.1,11,739500
GAME,20131004,3.99,4.16,3.97,4.15,1966200
GASS,20131004,10.59,10.94,10.57,10.94,226000
GBCI,20131004,24.38,24.74,24.37,24.58,241200
GBDC,20131004,16.88,16.99,16.83,16.93,131900
GBLI,20131004,23.97,25.07,23.97,24.83,15800
GCBC,20131004,12.68,12.9,12.68,12.9,200
GENC,20131004,5.82,5.82,5.7,5.7867,10100
GENE,20131004,46,48,45,47.8,64800
GEOS,20131004,84.36,85.99,83.5,85.51,66800
GERN,20131004,3.16,3.38,3.15,3.35,1724600
GEVO,20131004,11340,11340,11040,11040,358900
GFED,20131004,11.4,11.56,11.2,11.56,5400
GGAL,20131004,9.27,9.39,8.91,9.15,351200
GIFI,20131004,23.83,24.9,23.83,24.75,28700
GIGM,20131004,4.8,4.85,4.8,4.8,8900
GIII,20131004,27.745,28.115,27.205,27.25,97900
GILD,20131004,61.69,63.06,61.63,63.04,6351700
GILT,20131004,4.93,4.93,4.76,4.83,11100
GLAD,20131004,8.61,8.75,8.61,8.71,60500
GLBS,20131004,11960,12600,11960,12480,18400
GLBZ,20131004,11.73,11.73,11.73,11.73,100
GLDD,20131004,7.48,7.53,7.34,7.4,619200
GLDI,20131004,15.13,15.13,15.04,15.07,2100
GLNG,20131004,38.44,38.62,38.15,38.35,503600
GLRE,20131004,27.97,28.25,27.97,28.16,24300
GNMA,20131004,48.3,49.09,48.3,49,4700
GNTX,20131004,12.7,12.935,12.655,12.85,569000
GOGO,20131004,17.07,17.64,17.07,17.15,551500
GOOD,20131004,17.55,17.72,17.5,17.62,25200
GOODN,20131004,25.25,25.25,25.25,25.25,0
GOODO,20131004,24.88,24.88,24.88,24.88,900
GOOG,20131004,437.5,438.755,435,436.175,1358400
GPRE,20131004,16.28,16.85,16.15,16.75,474900
GRFS,20131004,15.035,15.355,15.035,15.185,128200
GRID,20131004,33.94,34.48,33.94,34.48,800
GRMN,20131004,47.13,47.56,46.75,47.13,1328200
GROW,20131004,2.7,2.76,2.7,2.76,11500
GRPN,20131004,228.2,230,222.2,229,15349100
GRVY,20131004,4.52,4.56,4.52,4.56,4700
GSBC,20131004,26.71,26.72,26.34,26.43,22300
GSIT,20131004,7.12,7.2,7.07,7.1,33800
GSM,20131004,15.95,16.22,15.95,16.18,337800
GT,20131004,22.8,23.11,22.62,23.01,4014500
GTIM,20131004,2.2,2.4,2.11,2.33,180900
GURE,20131004,8.5,9.5,8.5,9.15,392900
GYRO,20131004,76,76.59,75.96,76.59,4100
HA,20131004,7.5,7.66,7.5,7.61,476500
HAFC,20131004,16.63,16.91,16.62,16.83,115500
HAIN,20131004,39.075,39.395,38.99,39.09,405200
HALL,20131004,8.5,8.53,8.5,8.52,3900
HALO,20131004,10.64,11.19,10.6,10.93,1428700
HAS,20131004,46.9,47.46,46.82,47.43,804500
HAYN,20131004,45.82,47.52,45.82,46.85,33300
HBAN,20131004,8.31,8.47,8.31,8.45,5597100
HBANP,20131004,1215.05,1258.79,1210,1256.49,1200
HBCP,20131004,17.47,17.76,17.47,17.72,2000
HBIO,20131004,5.12,5.28,5.08,5.09,72600
HBMD,20131004,8.75,8.75,8.75,8.75,0
HBNC,20131004,9.6711,9.96,9.6489,9.9555,34200
HCCI,20131004,18.15,18.49,17.71,18.02,9700
HCKT,20131004,6.97,7.02,6.96,6.97,65400
HCSG,20131004,25.22,25.91,25.1,25.48,163100
HDSN,20131004,2.04,2.12,2.01,2.1,89900
HEES,20131004,24.99,25.22,24.8,24.97,108600
HELE,20131004,44.14,44.31,43.6,44.01,148800
HERO,20131004,7.32,7.48,7.23,7.4,1952400
HFBL,20131004,17.25,17.25,17.25,17.25,200
HFWA,20131004,15.26,15.26,15.05,15.12,25900
HGSH,20131004,16.8,16.8,16,16.74,7100
HIBB,20131004,56.38,56.99,56.06,56.93,219700
HIFS,20131004,67.5,69.5,67.21,67.59,6100
HIHO,20131004,2.12,2.2,2.12,2.19,16500
HIMX,20131004,10.99,11.3,10.89,10.94,10077700
HLIT,20131004,7.61,7.77,7.6,7.75,284900
HMNF,20131004,7.81,8.01,7.75,7.75,5100
HMST,20131004,19.05,19.05,18.8,18.83,119900
HMTV,20131004,10.82,11.07,10.4,10.51,13100
HNRG,20131004,6.97,7.1,6.95,6.99,70500
HOFT,20131004,14.17,14.42,14.15,14.32,18200
HOLI,20131004,14.64,15.98,14.59,15.88,193000
HOLX,20131004,20.84,21.03,20.66,20.75,3004800
HOMB,20131004,15.025,15.095,14.93,14.985,168200
HOVNP,20131004,14.45,14.85,14.06,14.5,12000
HRZN,20131004,13.03,13.16,12.99,13,31700
HSIC,20131004,103.69,105.5,103.57,105.3,244300
HSII,20131004,18.82,19.12,18.62,18.99,46200
HSKA,20131004,5.75,5.87,5.75,5.81,4500
HSON,20131004,34.3,35.3,34.3,34.7,59600
HSTM,20131004,37,37.26,36,36.99,58900
HTBI,20131004,16.21,16.47,16.21,16.44,42700
HTBK,20131004,7.29,7.29,7.25,7.27,7400
HTBX,20131004,139.2,147,138.6,139.9,40600
HTHT,20131004,4.955,4.9975,4.845,4.99,36800
HTLD,20131004,13.98,14.17,13.96,14.14,181300
HTLF,20131004,26.93,27.15,26.93,27.02,4400
HUBG,20131004,38.8,39.04,38.47,38.77,83000
HURC,20131004,24.4,24.72,23.65,24.61,22100
HURN,20131004,53.03,53.3,53.01,53.09,45300
HWBK,20131004,14.29,14.29,13.49,13.8,2300
HWKN,20131004,36.91,37.7,36.91,37.42,9500
HYLS,20131004,50.5,50.55,50.32,50.47,2300
HZNP,20131004,3.41,3.7,3.3,3.67,1056900
IART,20131004,20.36,20.695,20.325,20.69,180600
IBB,20131004,210.99,213.17,210.43,212.5,672700
IBCP,20131004,9.61,9.8,9.55,9.71,40400
IBKR,20131004,19.05,19.69,18.91,19.52,366400
IBOC,20131004,21.8,22.13,21.78,22.04,103800
IBTX,20131004,35.75,36.32,35.7,36,11400
ICAD,20131004,5.95,6.51,5.9,6.39,132900
ICCC,20131004,4.5,4.5,4.4,4.4,13200
ICFI,20131004,34.36,35.12,34.36,34.61,49300
ICLN,20131004,10.45,10.58,10.38,10.58,20700
ICLR,20131004,40.77,41.42,40.75,40.89,177100
ICPT,20131004,68.79,69.91,68.37,68.89,78900
ICUI,20131004,67.51,68.48,66.43,67.81,153100
IDCC,20131004,37.06,38.19,37.06,37.97,205700
IDRA,20131004,22,24.96,21.6,22.88,10591800
IDXX,20131004,50.54,51.36,50.54,50.995,167100
IEP,20131004,83.67,86.55,83.64,85.65,97000
IESC,20131004,4.27,4.68,4.05,4.66,64800
IFGL,20131004,33.37,33.46,33.28,33.44,91200
IGOV,20131004,101.42,101.46,100.8,101.09,32500
III,20131004,4.27,4.28,4.15,4.19,184500
IIN,20131004,4.47,4.55,4.3,4.43,20300
IIVI,20131004,18.32,18.59,18.29,18.5,358800
IKNX,20131004,19,19,19,19,500
ILMN,20131004,79.29,81.5,77.58,81.19,707800
IMGN,20131004,16.86,17.49,16.86,17.29,754500
IMKTA,20131004,26.94,27.57,26.94,27.22,23000
IMMR,20131004,13.24,13.55,13.16,13.34,165900
IMOS,20131004,17.83,18.39,17.67,18.09,139100
INBK,20131004,25.28,27.45,25.28,27.22,3600
INCY,20131004,40.84,41.95,39.92,40.11,1324500
INDB,20131004,35.48,35.82,35.47,35.79,35700
INDY,20131004,22.02,22.34,22.02,22.27,124800
INFI,20131004,16.83,17.06,16.72,16.78,501700
INFN,20131004,11.25,11.78,11.19,11.73,1382800
INOD,20131004,2.45,2.49,2.42,2.44,12900
INSM,20131004,15.61,15.97,15.11,15.18,406400
INTC,20131004,22.6,22.85,22.6,22.81,22550800
INTG,20131004,20.04,20.04,20.04,20.04,100
INTU,20131004,66.03,66.54,65.46,66.3,2365700
INVE,20131004,7,7.1,6.9,7.1,71600
IOSP,20131004,44.62,45.86,44.22,45.45,29400
IPAR,20131004,29.52,30.6,29.41,30.02,94300
IPDN,20131004,38.56,38.64,38.4,38.4,18800
IPGP,20131004,59.27,61.92,59.08,61.39,717200
IRBT,20131004,36.99,37.3,36.4,36.55,494300
IRDM,20131004,6.65,6.74,6.63,6.67,424200
IRIX,20131004,6.01,6.01,5.96,5.96,4500
IROQ,20131004,16.23,16.25,16,16,5500
IRWD,20131004,11.72,11.99,11.52,11.52,1340100
ISBC,20131004,8.6314,8.6863,8.6235,8.6784,61700
ISHG,20131004,95.78,95.79,95.34,95.79,1900
ISIG,20131004,2.82,2.82,2.77,2.82,20700
ISLE,20131004,7.32,7.42,7.32,7.34,99900
ISRG,20131004,360.92,365.87,360.28,364.28,368200
ISSC,20131004,7.72,7.86,7.6,7.63,13300
ITIC,20131004,74.69,75.14,73.65,73.97,7600
ITRI,20131004,42.6,43.19,42.36,42.99,301600
ITRN,20131004,17.87,18.23,17.76,18.06,4600
IVAC,20131004,5.67,5.68,5.49,5.56,37700
JACK,20131004,40.24,40.58,40.01,40.33,152300
JAKK,20131004,45.6,47.2,45.1,46.7,281100
JAZZ,20131004,89.98,92.25,89.54,90.99,601800
JBHT,20131004,72.34,72.94,71.77,72.92,570600
JBLU,20131004,6.65,6.8,6.61,6.69,3451800
JBSS,20131004,22.51,22.6,22.1,22.31,7500
JCS,20131004,10.55,10.55,10.4,10.51,3900
JCTCF,20131004,5.575,5.575,5.315,5.4,9500
JJSF,20131004,79.44,80.54,78.27,79.63,29700
JKHY,20131004,51.81,52.43,51.63,52.37,309400
JOBS,20131004,36.785,37.39,36,36.75,46200
JOUT,20131004,25.41,25.65,25.19,25.64,9200
JRJC,20131004,19.1,22,18.5,22,248000
JSM,20131004,20.42,20.67,20.32,20.67,14700
JVA,20131004,5.82,5.93,5.8,5.84,33900
KALU,20131004,72.02,72.76,71.76,72.63,81000
KELYA,20131004,19.52,19.73,19.41,19.48,77500
KELYB,20131004,20.55,20.55,20.55,20.55,0
KEQU,20131004,16.91,17.05,16.51,16.93,1400
KFFB,20131004,8.08,8.08,8.08,8.08,100
KFRC,20131004,17.63,17.86,17.63,17.72,59400
KINS,20131004,5.29,5.29,5.29,5.29,0
KIRK,20131004,17.84,18.3,17.84,18.07,55600
KLAC,20131004,60.46,60.99,59.96,60.8,1471800
KLIC,20131004,11.33,11.6,11.27,11.54,256900
KMDA,20131004,15.8,16.19,15.74,15.91,18600
KNDI,20131004,7.1,7.56,7.1,7.47,2394300
KOPN,20131004,3.85,3.99,3.85,3.94,88200
KOSS,20131004,5.25,5.25,5.07,5.24,12400
KRNY,20131004,10.28,10.49,10.27,10.4,13700
KTCC,20131004,10.07,10.16,9.96,9.99,77300
KTOS,20131004,8.38,8.57,8.35,8.38,339300
KVHI,20131004,13.23,13.72,13.23,13.7,97400
LAKE,20131004,5.5,5.65,5.4,5.51,4200
LAMR,20131004,47.04,47.67,46.93,47.33,1409100
LANC,20131004,77.01,78.2,76.94,78.05,22500
LAND,20131004,16.27,16.36,15.77,16.06,14300
LARK,20131004,19.54,19.54,19,19.5,2100
LAWS,20131004,10.42,10.61,10.4,10.55,10500
LBAI,20131004,11.04,11.36,11.04,11.23,27600
LBTYA,20131004,39.7956,40.1942,39.7598,39.9285,1695000
LBTYK,20131004,74.77,75.28,74.14,74.46,699600
LCNB,20131004,18.81,19.6,18.77,19.56,12600
LCUT,20131004,14.58,14.63,14.47,14.54,8200
LECO,20131004,67.71,68.23,67.48,67.84,181800
LEDS,20131004,1.28,1.44,1.26,1.32,1220100
LFUS,20131004,76.2,77.77,76.16,77.11,68600
LFVN,20131004,16.31,16.66,16.17,16.66,200300
LGND,20131004,48.17,48.98,48.02,48.67,206600
LHCG,20131004,23.4,24,23.31,23.72,23000
LIFE,20131004,1048.18,1051.4,1048.18,1051.12,1669700
LINC,20131004,4.52,4.65,4.46,4.53,34700
LIVE,20131004,1.0833,1.1,1.0467,1.0667,33500
LKFN,20131004,21.66,21.8067,21.52,21.6667,22600
LKQ,20131004,32.61,32.84,32.41,32.61,1242400
LLNW,20131004,1.92,1.98,1.92,1.97,246200
LMAT,20131004,6.72,6.8,6.71,6.76,12200
LMNR,20131004,24.76,25.5,24.76,25.47,15300
LNDC,20131004,12.02,12.09,11.94,11.96,78400
LOAN,20131004,1.95,1.99,1.88,1.99,1300
LOGI,20131004,9.07,9.21,9.04,9.2,317800
LOPE,20131004,39.95,40.66,39.82,40.31,143400
LORL,20131004,67.12,67.99,67.12,67.79,9000
LPLA,20131004,38.43,38.79,38.27,38.54,843200
LPSN,20131004,9.27,9.4,9.24,9.35,145400
LPTH,20131004,1.34,1.36,1.3,1.35,46300
LQDT,20131004,32.12,32.97,32.12,32.77,263500
LRCX,20131004,51.09,52.07,51.05,52,1562200
LSBK,20131004,11.47,11.5,11.47,11.5,200
LSCC,20131004,4.46,4.57,4.45,4.5,566500
LSTR,20131004,55.24,56,55.11,55.42,229400
LTBR,20131004,108,114,108,110.4,15800
LTRX,20131004,1.4,1.42,1.4,1.41,38800
LULU,20131004,76.34,77.75,76.01,76.45,2312000
LUNA,20131004,1.31,1.35,1.31,1.34,19900
LWAY,20131004,12.99,13.63,12.85,13.34,38600
LXRX,20131004,19.88,20.16,19.46,20.16,1029300
LYTS,20131004,8.35,8.41,8.3,8.35,18900
MACK,20131004,3.9,4,3.83,3.97,973800
MANH,20131004,23.8825,24.1275,23.86,23.945,45900
MANT,20131004,28.29,28.54,28.05,28.21,82100
MARK,20131004,3.74,3.75,3.62,3.73,4400
MARPS,20131004,17.01,17.28,16.88,17.28,1100
MASI,20131004,26.79,26.97,26.55,26.7,158700
MAT,20131004,42.24,42.7,42.08,42.55,1293000
MATW,20131004,38.27,38.83,38.24,38.52,33600
MAYS,20131004,25.89,25.89,25.89,25.89,0
MBII,20131004,16.9,17.39,16.53,16.87,17800
MBWM,20131004,20.3,20.54,20.3,20.49,9400
MCBC,20131004,5.23,5.34,5.21,5.29,17300
MCHP,20131004,39.43,39.67,39.32,39.39,1844600
MCHX,20131004,7.52,7.76,7.52,7.74,55500
MCRI,20131004,19.66,19.97,19.64,19.79,18500
MDIV,20131004,20.65,20.66,20.51,20.64,151200
MDLZ,20131004,30.48,31.13,30.48,30.86,7617500
MDRX,20131004,14.81,15.12,14.76,15.03,1323100
MDXG,20131004,4.85,4.87,4.62,4.8,419400
MEIP,20131004,9.63,10.25,9.37,9.91,35000
MELI,20131004,136.34,141.27,136.33,139.75,393200
MEOH,20131004,51.25,52.62,51.21,52.4,357500
MERC,20131004,7.4,7.52,7.39,7.47,27200
MGEE,20131004,35.2333,35.5067,35.12,35.26,21500
MGI,20131004,19.17,19.68,18.9,19.11,139100
MGIC,20131004,6.83,6.83,6.33,6.63,224500
MGLN,20131004,59.41,60.8,59.1,60.4,40600
MGPI,20131004,5.24,5.24,5,5.01,9900
MGRC,20131004,34.92,35.89,34.92,35.53,29000
MGYR,20131004,7.41,7.41,7.41,7.41,200
MHLD,20131004,11.96,12.12,11.95,12.1,141600
MICT,20131004,5,5.11,4.75,5.11,14300
MIDD,20131004,69.6133,71.11,69.47,70.5267,53500
MIND,20131004,14.87,15.23,14.86,15.16,35500
MITK,20131004,5.06,5.24,5,5.2,247800
MKSI,20131004,27,27.49,26.97,27.4,221100
MKTX,20131004,61.22,63.12,61,63,301100
MLAB,20131004,67.77,68.95,67.5,68.42,21700
MLHR,20131004,28.46,28.6,28.02,28.11,235600
MLVF,20131004,12.79,12.79,12.68,12.68,600
MMLP,20131004,47.22,47.4,46.81,46.86,49400
MMSI,20131004,12.67,13.09,12.67,12.97,233700
MMYT,20131004,14.94,15.18,14.86,14.94,19400
MNDO,20131004,1.67,1.69,1.67,1.67,13500
MNKD,20131004,28.2,28.35,26.85,26.9,4986800
MNOV,20131004,2.38,2.52,2.35,2.52,2500
MNRO,20131004,45.51,46.28,45.5,45.96,97900
MNST,20131004,17.27,17.48,17.17,17.29,1876200
MNTX,20131004,11.01,11.27,11.01,11.16,37600
MOFG,20131004,24.1,24.47,23.56,23.69,8700
MORN,20131004,77.5,78.88,77.05,77.85,24300
MOSY,20131004,808,824,796,806,66700
MOVE,20131004,17.15,17.66,17.15,17.52,537100
MPAA,20131004,12.76,13.01,12.57,12.8,80300
MPB,20131004,11.55,11.55,11.55,11.55,0
MPWR,20131004,30.64,31.33,30.64,31.17,174900
MRCC,20131004,13.5,13.57,13.4,13.47,50000
MRCY,20131004,9.75,10.15,9.72,10.12,92200
MRLN,20131004,24.28,24.9,24.28,24.69,17500
MRTN,20131004,11.26,11.34,11.18,11.2533,56200
MRTX,20131004,18.43,19.65,18.43,19.2,22500
MRVL,20131004,11.32,11.37,11.12,11.15,4479400
MSEX,20131004,20.38,20.92,20.3,20.6,16700
MSFT,20131004,33.69,33.99,33.62,33.88,33008100
MSON,20131004,4.42,4.43,4.17,4.17,10400
MSTR,20131004,103.99,106.31,103.32,105.56,18700
MTEX,20131004,22.7,23.45,22.5,23.11,16200
MTRX,20131004,19.12,19.72,19.12,19.51,174800
MTSI,20131004,17.82,17.91,17.69,17.78,26400
MU,20131004,18.08,18.55,18.01,18.47,48080500
MVIS,20131004,1.74,1.76,1.73,1.75,61800
MYGN,20131004,24.9,25.27,24.87,25.11,1678400
MYRG,20131004,23.75,24.13,23.75,24.02,46000
NAII,20131004,5.94,6.01,5.85,5.94,11400
NATH,20131004,52.75,53.66,52,53.16,27200
NATI,20131004,30.91,31.21,30.73,31.15,260500
NATR,20131004,18.57,18.93,18.57,18.85,9400
NBIX,20131004,11.31,11.88,11.31,11.67,662300
NBN,20131004,9.8,9.83,9.8,9.8,1100
NBTB,20131004,22.58,22.8,22.27,22.66,36600
NCMI,20131004,18.3,18.55,18.11,18.53,75900
NCTY,20131004,72,77.7,72,75.9,55800
NDAQ,20131004,32.35,33.01,32.27,32.9,1647600
NDLS,20131004,43.16,43.85,43,43.58,350200
NDSN,20131004,74.18,74.74,73.83,73.99,386200
NECB,20131004,6.47,6.72,6.47,6.6,2100
NEO,20131004,2.89,3.06,2.82,3,108200
NEOG,20131004,31.17,31.67,31.025,31.295,82900
NEON,20131004,57,62.9,55.2,59.7,649300
NEPT,20131004,3.79,3.79,3.52,3.77,268000
NETE,20131004,43.2,44.7,43.2,43.5,7400
NEWT,20131004,15.3,15.5,15,15.05,87200
NFBK,20131004,12.07,12.21,12.07,12.17,52100
NFLX,20131004,46.24,46.9,45.5057,46.7514,2402500
NICE,20131004,40.36,40.87,40.36,40.67,89200
NICK,20131004,16.36,16.51,16.36,16.5,25100
NKSH,20131004,35,35.11,35,35.07,1500
NKTR,20131004,10.38,10.77,10.31,10.68,1161900
NNBR,20131004,15.58,15.99,15.49,15.79,39400
NRIM,20131004,23.51,23.77,23.5,23.77,6800
NSEC,20131004,6.61,6.62,6.47,6.47,1200
NSIT,20131004,18.69,18.97,18.57,18.93,116900
NSSC,20131004,5.13,5.13,4.99,5.04,141000
NSTG,20131004,11.5,11.5,11.13,11.39,50200
NSYS,20131004,4.69,4.7,4.65,4.7,700
NTAP,20131004,42.1,42.37,42.1,42.27,4490700
NTCT,20131004,24.67,25.32,24.66,25.06,195900
NTES,20131004,14.52,14.642,14.462,14.518,744900
NTGR,20131004,30.65,31.37,30.43,31.14,141900
NTIC,20131004,8.875,8.99,8.845,8.885,10800
NTRS,20131004,53.25,53.86,53.04,53.63,1316600
NTWK,20131004,8.5,8.71,7.82,8.55,618400
NUAN,20131004,18.58,18.79,18.4,18.7,2097400
NURO,20131004,54.4,55.36,53.44,53.76,32800
NUVA,20131004,24.01,24.33,23.95,24.25,162100
NVAX,20131004,65.2,67.8,64.4,66.6,3834400
NVDA,20131004,3.84,3.93,3.83,3.8975,6155700
NVEC,20131004,51.35,51.97,51.18,51.78,15400
NVEE,20131004,7.85,7.85,7.85,7.85,200
NVMI,20131004,8.77,8.85,8.71,8.8,31900
NWBI,20131004,13.25,13.46,13.25,13.45,474400
NWFL,20131004,28.71,29.19,28.71,29.19,200
NWLI,20131004,199.73,201.26,199.57,201.26,1800
NWPX,20131004,32.76,33.1,32.76,32.9,26800
NWS,20131004,16.24,16.4,16.2,16.27,1114000
NWSA,20131004,15.84,16.01,15.79,15.84,13660000
NXPI,20131004,38.5,38.7,37.91,38.67,3103300
NXST,20131004,43.32,45.14,43.32,44.95,343400
NYMT,20131004,6.2,6.24,6.2,6.21,387200
NYMTP,20131004,21,21,20.95,20.95,3600
NYMX,20131004,6.75,6.95,6.74,6.75,77700
OBAS,20131004,6.2,6.2,6.2,6.2,0
OBCI,20131004,2.39,2.39,2.39,2.39,100
OCC,20131004,4.09,4.16,3.88,3.89,7300
OCFC,20131004,16.75,17.02,16.18,16.86,35700
ODFL,20131004,46.75,47.32,46.56,47.16,319900
OFED,20131004,16.94,16.94,16.94,16.94,100
OFIX,20131004,20.64,21.19,20.43,20.62,167700
OFLX,20131004,18.6,19.05,18.6,18.71,26400
OFS,20131004,12.58,12.77,12.55,12.75,20400
OIIM,20131004,3.11,3.22,3.11,3.12,19900
OLED,20131004,31.15,31.62,31.03,31.36,406100
OMAB,20131004,28.49,28.49,27.55,27.87,12700
OMCL,20131004,23.89,24.79,23.89,24.59,191500
OMER,20131004,12.72,13.76,12.41,13.14,3151800
OMEX,20131004,34.32,35.88,34.2,35.76,394500
ONB,20131004,14.02,14.12,13.96,14,246800
ONCY,20131004,2.92,3.39,2.9,3,2803300
ONEQ,20131004,148.05,149.95,147.9,149.68,14200
ONTX,20131004,4395,4669.5,4363.5,4371,181600
OPEN,20131004,71.76,72.47,70.21,70.66,1501100
OPHC,20131004,13.8,15.2,13.8,15.2,9100
OPOF,20131004,13.1,13.1,13.09,13.1,1300
ORLY,20131004,125.44,127.14,125.13,127.04,379500
ORMP,20131004,6.32,6.45,6.25,6.25,19900
ORRF,20131004,17.58,17.69,16.49,16.9,34300
OSBC,20131004,5.78,5.78,5.67,5.7,900
OSIS,20131004,74.81,76.74,74.81,75.9,69800
OSTK,20131004,29.64,30.46,29.63,30.19,151400
OSUR,20131004,5.9,6.1,5.82,5.85,312700
OTEX,20131004,18.58,18.6875,18.52,18.6375,164400
OTTR,20131004,26.94,27.19,26.93,27.03,38400
OVBC,20131004,21.05,21.05,20.01,20.15,1600
OVLY,20131004,7.88,8.13,7.85,8.1,8100
OXLC,20131004,15.12,15.18,15.05,15.05,45100
OXLCO,20131004,23,23,22.88,22.88,2000
OXLCP,20131004,26,26,26,26,0
PAAS,20131004,10.28,10.37,10.19,10.28,1637600
PACB,20131004,5.57,5.62,5.42,5.45,787700
PACW,20131004,34.74,35.94,34.61,35.38,1036100
PATK,20131004,12.9245,13.1289,12.8933,12.9689,35500
PAYX,20131004,39.62,39.69,39.35,39.55,2199700
PBCT,20131004,14.54,14.72,14.51,14.67,1620600
PBHC,20131004,13.71,13.71,13.71,13.71,100
PBIP,20131004,10.25,10.45,10.25,10.4,6000
PBPB,20131004,28.66,33.78,28.12,30.77,16996000
PCAR,20131004,55.53,55.64,55.14,55.52,1541100
PCH,20131004,39.12,39.42,38.61,38.84,136700
PCOM,20131004,22.51,22.73,22.34,22.43,28900
PCRX,20131004,52.54,54.11,52.42,53.77,488900
PCTI,20131004,8.94,9.09,8.94,9.07,48200
PCYO,20131004,4.67,5.14,4.67,4.93,69200
PDCE,20131004,65.26,67.18,64.79,66.49,601700
PDCO,20131004,39.92,40.33,39.81,40.17,846300
PDEX,20131004,2.02,2.5,2.02,2.48,155100
PDFS,20131004,21.54,22.2,21.5,22.13,167500
PEBK,20131004,12.52,12.52,12.46,12.46,200
PEBO,20131004,20.83,21.09,20.37,20.5,21400
PEGA,20131004,19.155,19.46,19.095,19.11,78000
PENN,20131004,54.99,55.61,54.87,55.33,532800
PERI,20131004,40.02,41.22,40.02,40.62,172100
PESI,20131004,3.35,3.35,3.2,3.35,53500
PETS,20131004,16.2,16.66,16.18,16.6,120300
PFBC,20131004,17.85,18,17.78,18,37400
PFIN,20131004,7.56,7.72,7.55,7.72,3300
PFLT,20131004,13.43,13.58,13.41,13.48,85200
PFMT,20131004,9.53,9.91,9.42,9.88,291300
PFSW,20131004,7,7.65,6.87,7.04,460300
PGC,20131004,18,18.36,18,18.12,3800
PINC,20131004,31.49,31.73,30.95,31.12,854400
PKBK,20131004,7.9818,8.0909,7.8909,7.8909,31600
PKOH,20131004,37.7,38.38,37.49,37.83,18600
PLAB,20131004,8.13,8.2,8.07,8.08,136100
PLBC,20131004,6.22,6.22,6,6.01,600
PLCE,20131004,56.64,56.74,55.83,56.09,527300
PLPC,20131004,70.35,71.96,70.35,70.99,15200
PLUG,20131004,0.68,0.72,0.67,0.71,2978700
PLUS,20131004,25.5,26.095,25.5,25.755,8100
PLXS,20131004,36.78,37.59,36.57,37.32,110600
PMBC,20131004,6.07,6.11,5.96,5.99,10800
PMD,20131004,12.94,13.33,12.93,13.23,24400
PME,20131004,2.01,2.1,1.8,1.81,72800
PNBK,20131004,13.1,13.9,13,13.9,2000
PNFP,20131004,30.11,30.46,30.11,30.18,98000
PNNT,20131004,11.07,11.24,11.06,11.21,152500
PNQI,20131004,62.23,62.91,61.94,62.76,35300
PNRG,20131004,48.75,48.75,48.47,48.47,200
PODD,20131004,37.4,38.27,37.01,37.64,375400
POOL,20131004,54.47,55.16,54.47,55.03,156700
POWI,20131004,26.805,27.485,26.73,26.935,195600
POWL,20131004,62.28,63.14,61.75,62.76,67200
PPBI,20131004,13.06,13.5,13,13.42,43400
PPC,20131004,16.17,16.2,15.94,16.17,1058400
PPSI,20131004,8.05,8.1,8.05,8.09,1400
PRAA,20131004,58.72,59.59,58.54,58.77,384900
PRFT,20131004,19.14,19.4,18.54,18.86,166000
PRFZ,20131004,89.23,90.08,89.09,89.89,18200
PRGS,20131004,25.72,26.35,25.54,26.16,262000
PRIM,20131004,24.74,24.88,24.55,24.66,65600
PROV,20131004,16.84,17.14,16.84,17.01,12300
PRPH,20131004,1.87,1.87,1.83,1.87,1500
PRTA,20131004,22.25,23.1,21.99,22.07,296500
PRTS,20131004,1.45,1.53,1.42,1.49,174000
PSCC,20131004,45.84,46.46,45.84,46.46,3400
PSCD,20131004,43.83,44.11,43.69,44.08,6700
PSCE,20131004,46.63,47.15,46.63,47.13,8900
PSCF,20131004,36.66,36.81,36.57,36.75,3400
PSCH,20131004,49.33,49.65,49.1,49.46,18600
PSCI,20131004,40.89,40.91,40.56,40.88,8700
PSCM,20131004,39,39.26,38.92,39.14,2000
PSCT,20131004,40.69,41.12,40.48,40.94,32000
PSCU,20131004,32.53,32.55,32.51,32.51,400
PSEC,20131004,10.97,11.02,10.97,11.02,2719900
PSMT,20131004,96.39,98.53,96.39,98.42,58000
PSTI,20131004,33.4,33.6,33,33.5,88500
PTCT,20131004,19.27,19.6,18.84,19.03,75300
PTEN,20131004,22.65,23.75,22.54,23.36,4052900
PTIX,20131004,2.89,2.92,2.78,2.81,31700
PTNR,20131004,8.07,8.25,8.07,8.2,52700
PTSI,20131004,17.45,17.45,17.03,17.39,16100
PWOD,20131004,31.6467,32.2,31.3467,31.8867,6000
PXLW,20131004,4.78,5.05,4.67,5.01,1443000
PZZA,20131004,34.97,35.22,34.76,34.99,57500
QABA,20131004,32.03,32.22,32,32.08,15900
QADA,20131004,13.64,13.65,13.54,13.61,11200
QADB,20131004,11.55,11.61,11.55,11.61,200
QCLN,20131004,16.62,16.91,16.53,16.87,26200
QCOM,20131004,67.25,68.19,67.13,68.02,7852300
QCRH,20131004,15.89,15.9,15.67,15.9,2500
QDEL,20131004,26.63,27.1,26.63,26.89,50100
QIWI,20131004,38.49,39.73,38,39.08,802100
QLYS,20131004,21.04,21.76,20.97,21.23,74400
QNST,20131004,9.17,9.32,9.17,9.31,35700
QQEW,20131004,33.56,34,33.56,33.95,42700
QQQ,20131004,78.72,79.51,78.65,79.4,22854200
QQQX,20131004,16.4,16.46,16.32,16.46,17800
QQXT,20131004,32.45,32.6,32.41,32.56,8700
QTEC,20131004,32.38,32.87,32.37,32.85,10500
QUIK,20131004,36.4,42.7,36.4,40.46,972300
QUMU,20131004,12.8,13.16,12.62,13,100700
RADA,20131004,2.92,2.92,2.92,2.92,100
RAIL,20131004,20.59,20.74,20.04,20.52,106600
RAND,20131004,25.65,26.55,25.65,26.55,5600
RAVN,20131004,31.12,31.55,30.96,31.36,89600
RBCAA,20131004,27.25,27.67,27.25,27.64,16600
RBCN,20131004,108.7,109.9,107.2,107.3,208600
RCII,20131004,36.82,36.82,35.79,36.53,1761400
RCKY,20131004,17.83,17.85,17.29,17.69,16700
RCMT,20131004,6.01,6.05,5.92,6,6800
RCON,20131004,11.7,12.05,11.45,11.95,54700
RDCM,20131004,5,5.24,5,5.06,9600
RDHL,20131004,10.65,10.65,10.65,10.65,500
RDI,20131004,6.17,6.28,6.1,6.23,58000
RDNT,20131004,2.53,2.59,2.45,2.49,37000
RDWR,20131004,13.94,14.35,13.9,14.21,228600
REFR,20131004,4.22,4.31,4.22,4.28,13700
REGI,20131004,15.13,15.63,14.95,15.52,247500
REGN,20131004,303.5,310.76,303.5,308.6,494000
RELL,20131004,11.13,11.27,11.12,11.12,8700
RENT,20131004,33.65,35.41,32.05,34.75,51800
RFIL,20131004,7.43,7.51,7.37,7.4,12800
RGCO,20131004,12.2667,12.2667,12.2667,12.2667,0
RGEN,20131004,10.92,11.32,10.92,11.11,173300
RGLD,20131004,48.49,49.13,48.13,48.37,676500
RGLS,20131004,113.4,115.56,112.56,114.12,529500
RICK,20131004,12.63,12.63,12.45,12.47,24300
RIGL,20131004,3.43,3.62,3.4,3.6,373300
RMBS,20131004,9.29,9.44,9.24,9.36,412900
RMCF,20131004,12.51,12.59,12.28,12.32,8300
RMTI,20131004,12.49,12.8,12.4,12.46,2024900
RNA,20131004,6.74,6.8,6.52,6.61,184000
RNST,20131004,27.18,27.5,27.17,27.37,21800
RNWK,20131004,8.3,8.54,8.22,8.34,56600
ROCK,20131004,13.69,14,13.65,13.85,23300
ROIC,20131004,13.66,13.81,13.62,13.7,411300
ROLL,20131004,63.7,65.3,63.7,64.94,32700
ROST,20131004,36.465,36.845,36.39,36.74,831400
RPRX,20131004,25.55,26.31,25.01,26.07,257900
RRGB,20131004,73.05,74.47,72.9,74.17,123700
RUSHA,20131004,17.8067,18.0133,17.74,17.9733,55100
RUSHB,20131004,15.02,15.1667,14.96,15.1667,9900
RUTH,20131004,11.8,11.91,11.65,11.75,173900
RVSB,20131004,2.58,2.62,2.55,2.59,16500
RYAAY,20131004,49.99,49.99,48.99,49.61,797000
SAFM,20131004,63.14,64,63.03,63.09,159600
SAFT,20131004,51.49,52.94,51.25,52.85,17900
SAIA,20131004,31.12,32.08,31.12,31.99,139600
SAL,20131004,25.9,25.9,25.9,25.9,0
SALM,20131004,8.25,8.3,8.25,8.26,31700
SAMG,20131004,13.65,14.09,13.61,13.72,27000
SANM,20131004,17.21,17.73,17.2,17.21,835800
SANW,20131004,7.5,7.65,7.37,7.48,103000
SASR,20131004,23.15,23.4,22.97,23.21,31900
SATS,20131004,38.1875,38.9919,38.1631,38.7969,161700
SBAC,20131004,77.83,78.39,77.26,77.51,976700
SBCF,20131004,10.3,10.5,10.3,10.4,83100
SBFG,20131004,7.61,7.85,7.56,7.85,1900
SBGI,20131004,33.77,35,33.64,34.74,1330200
SBLK,20131004,43.45,44.75,43,43.3,404100
SBNY,20131004,92.39,93.28,92.01,92.7,228500
SBRA,20131004,23.05,23.16,22.74,22.77,188500
SBSI,20131004,26.26,26.95,26.26,26.85,19200
SBUX,20131004,38.4,38.73,38.255,38.7,2621000
SCHL,20131004,28.17,28.48,28.17,28.29,104900
SCHN,20131004,27.35,27.85,27.22,27.6,111600
SCOR,20131004,28.45,29.06,28.35,28.83,82000
SCSC,20131004,35.23,35.69,35.23,35.47,47300
SCVL,20131004,26.44,26.67,26.28,26.51,46500
SEAC,20131004,13.22,13.25,12.89,12.92,414400
SEED,20131004,13.9,14,13.2,13.7,45600
SEIC,20131004,31.05,31.63,30.79,31.51,545700
SENEA,20131004,29.33,30.28,29.33,29.88,23000
SENEB,20131004,30.36,30.36,29.95,29.95,500
SFBC,20131004,15.58,15.58,15.35,15.35,5600
SFM,20131004,46.07,48.15,46.01,48.12,828000
SFNC,20131004,15.12,15.3,15.12,15.265,18400
SFST,20131004,13.25,13.3,13.25,13.27,700
SGC,20131004,13.17,13.27,12.84,13.11,3800
SGEN,20131004,45.78,46.48,45.27,45.35,529000
SGMA,20131004,5.49,5.49,5.49,5.49,0
SGMO,20131004,12.85,13.2,12.6,12.65,1029700
SGMS,20131004,16.89,17.06,16.78,16.9,279200
SGOC,20131004,11.24,11.56,10.88,11.48,68500
SGRP,20131004,1.89,1.89,1.89,1.89,0
SHBI,20131004,8.92,9.08,8.75,8.79,20500
SHEN,20131004,12.29,12.59,12.035,12.345,97300
SHIP,20131004,2052,2052,1980,2016,5400
SHOO,20131004,23.8667,24.42,23.72,24.1667,260200
SHY,20131004,84.42,84.44,84.41,84.41,498600
SIEB,20131004,1.65,1.66,1.65,1.66,3800
SIFY,20131004,1.82,1.9,1.81,1.88,130800
SIGA,20131004,3.73,3.75,3.64,3.69,191900
SIGI,20131004,24.06,24.19,23.96,24.11,238300
SILC,20131004,36.45,37.11,36.3,36.88,22700
SIMO,20131004,12.75,13.45,12.42,13.19,521300
SINO,20131004,10.7,11.35,10.65,10.9,36000
SIRI,20131004,3.93,3.97,3.92,3.95,26720600
SIVB,20131004,88.7,90.57,88.49,89.86,190500
SKYW,20131004,14.13,14.5,14.01,14.32,171500
SKYY,20131004,24.72,25.04,24.72,24.98,20600
SLAB,20131004,42.29,42.71,41.72,42.54,359700
SLGN,20131004,23.47,23.57,23.295,23.355,143800
SLM,20131004,8.8,8.9821,8.7607,8.95,2431400
SLMBP,20131004,69.43,69.43,69.43,69.43,200
SLP,20131004,4.75,4.82,4.74,4.8,23300
SLRC,20131004,21.87,22.08,21.84,21.98,104200
SLVO,20131004,17.4,17.4,17.32,17.37,1700
SMBC,20131004,13.75,13.75,13.75,13.75,500
SMCI,20131004,13.75,13.97,13.75,13.94,88700
SMED,20131004,3.02,3.06,3.01,3.02,15800
SMIT,20131004,2.53,2.62,2.53,2.53,400
SMMF,20131004,8.64,8.7,8.45,8.7,3100
SMPL,20131004,15.67,15.75,15.65,15.71,7500
SMSI,20131004,3.6,3.76,3.56,3.6,67900
SMTC,20131004,29.79,30.44,29.75,30.28,453100
SNCR,20131004,37.55,38.25,37.27,37.75,217300
SNFCA,20131004,5.85,5.99,5.72,5.73,22400
SNPS,20131004,37.28,37.79,37.14,37.59,348400
SOCL,20131004,20.09,20.36,19.9,20.35,226900
SOHO,20131004,4.7,4.78,4.7,4.78,14700
SOHU,20131004,82.61,87.29,82.13,86.7,2151500
SOXX,20131004,67.16,67.68,67.07,67.51,60000
SPBC,20131004,19.6,19.6,19.6,19.6,0
SPCB,20131004,4.67,4.67,4.41,4.55,12400
SPLK,20131004,60.82,63.77,60.53,62.95,1324300
SPNS,20131004,5.9,6.25,5.9,6.03,55900
SPPI,20131004,8.33,8.51,8.24,8.49,748600
SPRO,20131004,2.29,2.29,2.25,2.29,1400
SPSC,20131004,65.82,67.25,64.54,66.31,22600
SPTN,20131004,21.65,22.21,21.65,22.04,62700
SPWR,20131004,27.5,28.98,27.25,28.66,3034900
SQQQ,20131004,6620.8,6633.6,6419.2,6444.8,2241600
SRCE,20131004,25.98,26.87,25.98,26.62,12900
SRCL,20131004,114.26,116.19,113.95,115.83,298500
SRDX,20131004,23.13,23.46,23.06,23.38,26800
SREV,20131004,12.03,12.41,11.96,12.37,485600
SRPT,20131004,50.79,54.42,50.71,53.48,3290800
SSBI,20131004,9.41,9.58,9.41,9.56,1100
SSNC,20131004,37.07,37.94,36.82,37.55,360500
SSYS,20131004,100.83,101.15,99.01,99.61,794600
STAA,20131004,13.24,13.36,13.08,13.12,87500
STBA,20131004,23.73,24.05,23.73,23.93,13100
STFC,20131004,19.07,19.26,18.9,19.07,19200
STKL,20131004,9.73,10,9.72,9.95,214200
STLD,20131004,16.77,16.92,16.66,16.85,1373500
STRA,20131004,41.15,41.36,40.98,41.14,82000
STRL,20131004,8.89,9.13,8.88,8.98,18200
STRM,20131004,8.13,8.19,7.85,8.06,33000
STRN,20131004,4.9,4.9,4.9,4.9,400
STRS,20131004,13.24,13.75,13.24,13.55,2700
STRT,20131004,41.4,41.6,40.9,41.49,8200
STSA,20131004,28.77,29.3,28.77,29.04,609100
STX,20131004,45.56,45.94,44.57,45.87,4059700
SUMR,20131004,24.93,26.1,23.58,24.48,39600
SUNS,20131004,17.72,18.13,17.72,18,14800
SUPN,20131004,7.08,7.32,7.08,7.25,222200
SURG,20131004,4.49,4.54,4.27,4.51,108300
SVBI,20131004,5.12,5.14,5.01,5.14,3400
SVVC,20131004,25.11,25.2,24.51,24.77,184500
SWIR,20131004,16.9,16.99,16.67,16.99,618900
SWKS,20131004,25.04,25.85,24.94,25.64,2479600
SYBT,20131004,18.3067,18.6733,18.3067,18.4533,12100
SYNA,20131004,45.64,47.89,45.47,47.66,816000
SYNL,20131004,16.45,16.51,15.92,16.25,83400
SYPR,20131004,3.18,3.18,3.1,3.13,4200
TACT,20131004,13.16,13.45,12.96,13.13,15900
TAIT,20131004,1.03,1.03,1.03,1.03,0
TAST,20131004,5.98,6.04,5.98,6,46000
TATT,20131004,8,8.05,8,8.03,1700
TAYD,20131004,8.71,8.82,8.55,8.7,4400
TBBK,20131004,17.52,17.91,17.4,17.5,105100
TBNK,20131004,22.03,22.2,21.92,22.18,20200
TCBI,20131004,45.65,46.15,45.47,45.88,146800
TCBK,20131004,22.55,22.92,22.5,22.52,14900
TCFC,20131004,19.4,19.4,19,19.01,1400
TCPC,20131004,16.07,16.26,16,16.12,239300
TCX,20131004,9.48,9.76,9.48,9.76,37400
TDIV,20131004,22.62,22.76,22.58,22.73,49100
TECH,20131004,80.69,81,80.07,80.68,271600
TESS,20131004,33.99,34.18,33.82,34.04,10300
TFSL,20131004,12.04,12.04,11.96,12,301900
TGA,20131004,8.57,9.32,8.57,9.21,363300
TGTX,20131004,4.74,4.85,4.69,4.73,142100
THFF,20131004,30.53,31.31,30.53,30.85,27700
THRM,20131004,19.8,20.15,19.67,19.88,203300
THRX,20131004,40.41,40.98,40.17,40.32,447100
TIGR,20131004,1.72,1.79,1.72,1.75,11200
TILE,20131004,19.62,19.95,19.51,19.54,226900
TIPT,20131004,7.49,7.49,7.49,7.49,0
TITN,20131004,16.05,16.31,16.01,16.15,310600
TLT,20131004,105.67,105.78,105.35,105.71,5547100
TNXP,20131004,3850,4000,3750,3950,12100
TOPS,20131004,12600000,13090000,12600000,12670000,2400
TOWN,20131004,13.75,13.91,13.75,13.83,15600
TQQQ,20131004,7.4458,7.6725,7.4333,7.6417,959900
TREE,20131004,27.23,28.16,27.23,27.91,61100
TRIB,20131004,22.96,22.96,22.75,22.88,25400
TRIP,20131004,78.35,79.46,78,78.41,1706500
TRIT,20131004,1.4,1.44,1.4,1.44,3000
TRMB,20131004,30.69,30.93,30.38,30.67,1164000
TRMK,20131004,25.4,25.75,25.22,25.69,153700
TRNS,20131004,7.89,8,7.88,7.88,3900
TROW,20131004,72.2,72.87,71.76,72.71,941200
TRS,20131004,37.14,37.72,36.9,37.44,127000
TRST,20131004,5.9,5.94,5.9,5.92,203200
TSBK,20131004,9.05,9.05,9,9,1000
TSC,20131004,12.96,13.14,12.82,13.03,69300
TSCO,20131004,68.33,68.79,67.94,68.53,468300
TSEM,20131004,4.9,4.95,4.85,4.95,42700
TSLA,20131004,35.28,36.236,34.53,36.196,14413900
TSRI,20131004,3.4,3.4,3.4,3.4,100
TTEC,20131004,24.51,24.84,24.23,24.75,54600
TTEK,20131004,25.16,25.5,25,25.38,323400
TTGT,20131004,4.96,4.99,4.96,4.96,8700
TTMI,20131004,9.68,9.89,9.68,9.86,97800
TTWO,20131004,17.83,18.15,17.74,17.83,2961400
TW,20131004,113.54,115.69,113.19,115,1346700
TWIN,20131004,25.69,25.69,24.16,24.76,39600
TXN,20131004,40.25,40.25,39.83,39.93,6539200
TXRH,20131004,25.76,26.13,25.7,25.93,442200
TZOO,20131004,25.99,26.52,25.97,26.45,26800
UBCP,20131004,6.75,6.77,6.64,6.71,600
UBFO,20131004,4.21,4.23,4.19,4.2,2300
UBOH,20131004,12.07,12.5,12,12,10300
UBSI,20131004,28.64,28.84,28.4,28.76,83000
UCBI,20131004,15,15.32,15,15.16,195600
UCTT,20131004,6.75,7,6.75,6.94,50700
UEIC,20131004,34.42,36,34.07,35.84,41400
UEPS,20131004,12.27,12.46,12.02,12.42,106600
UFCS,20131004,29.11,30.19,29,30.08,25600
UFPI,20131004,40.93,42.16,40.17,41.7,50000
UFPT,20131004,22.14,22.22,21.86,22.22,16300
UG,20131004,25.12,25.33,24.9,24.9,3300
UHAL,20131004,192.03,195.97,192.03,195.39,66500
UIHC,20131004,8.75,8.76,8.68,8.71,18500
ULBI,20131004,3.94,3.94,3.77,3.87,10000
ULTA,20131004,124.16,125,122.84,123.92,1119600
UMBF,20131004,54.6,54.93,54.31,54.42,146600
UMPQ,20131004,16.31,16.61,16.27,16.44,1647800
UNAM,20131004,12.23,12.26,12.16,12.26,400
UNB,20131004,21.26,21.27,21.12,21.12,600
UNTY,20131004,7.42,7.42,7.42,7.42,0
URBN,20131004,36.83,37.15,36.55,36.96,991500
USAK,20131004,8.91,9.05,8.91,9,18300
USAP,20131004,31.78,32.65,31.75,32.35,20800
USEG,20131004,132,132,129,132,50500
USLM,20131004,56.44,57.48,56.35,57.29,23400
UTHR,20131004,85.06,85.92,84.37,85.48,547700
UTMD,20131004,56.72,58.45,56.72,57.54,3100
UTSI,20131004,2.91,2.97,2.86,2.86,100800
UVSP,20131004,18.48,18.74,18.48,18.57,17500
VALU,20131004,8.63,8.65,8.63,8.65,1300
VBFC,20131004,27.2,27.2,27.2,27.2,300
VCIT,20131004,83.5,83.59,83.31,83.42,190000
VCLT,20131004,81.99,82.04,81.78,82.03,36700
VCSH,20131004,79.56,79.6,79.49,79.51,1913600
VECO,20131004,37.35,38.46,37.35,38.08,585500
VGIT,20131004,63.75,63.75,63.7,63.74,3600
VGLT,20131004,66.49,66.49,66.36,66.36,600
VGSH,20131004,60.91,60.91,60.88,60.88,80800
VIA,20131004,82.6,83.59,82.54,83.39,14400
VICR,20131004,7.96,8,7.82,7.94,81400
VIRC,20131004,2.07,2.11,2.04,2.11,5600
VIVO,20131004,23.2,23.49,23.09,23.39,82000
VLGEA,20131004,34.52,34.92,34.42,34.89,15500
VMBS,20131004,51.53,51.53,51.4,51.42,47800
VNDA,20131004,10.97,11.14,10.72,10.79,251400
VNET,20131004,17.2,17.99,17.01,17.83,407400
VNQI,20131004,56.62,56.69,56.41,56.64,54900
VOD,20131004,35.68,35.81,35.37,35.46,8569600
VONE,20131004,77.83,78.2,77.79,78.13,6100
VONG,20131004,80.15,80.73,80.15,80.7,6000
VONV,20131004,75.22,75.8,75.22,75.73,11000
VOXX,20131004,13.79,14.02,13.6,13.72,69500
VRA,20131004,20.12,21.42,20.05,20.93,640100
VRNT,20131004,37,38.04,37,37.98,506600
VRSK,20131004,64.13,65.1,63.87,65.02,884600
VRSN,20131004,51.1,51.85,51.1,51.61,580600
VRTS,20131004,155.74,158.98,155.35,158.7,78500
VRTX,20131004,77.51,77.84,76.6,77.21,1316800
VSAT,20131004,63.79,65.05,63.42,64.57,100100
VSEC,20131004,22.98,23.13,22.51,22.85,12800
VSTM,20131004,12.15,12.31,11.41,11.65,153300
VTHR,20131004,78.38,78.38,78.38,78.38,0
VTIP,20131004,49.49,49.5,49.41,49.47,74400
VTNR,20131004,3.07,3.07,3.05,3.07,32300
VTWG,20131004,91.6,92.61,91.6,92.4,5000
VTWO,20131004,85.44,86.19,85.31,86,23200
VTWV,20131004,79.54,79.98,79.54,79.97,1400
VWOB,20131004,76.51,76.85,76.51,76.63,5300
VXUS,20131004,50.37,50.52,50.22,50.46,129100
WABC,20131004,49.8,50.13,49.58,49.78,80700
WAFD,20131004,20.77,21.03,20.72,21.02,505400
WASH,20131004,30.73,31.48,30.73,31.24,29100
WDAY,20131004,82.05,83.54,81.79,82.39,562200
WDC,20131004,64.18,65.18,63.5,65.03,1381400
WDFC,20131004,61.05,62.48,61.05,62.32,30300
WEN,20131004,8.5,8.51,8.32,8.34,9920100
WERN,20131004,23.33,23.67,23.3,23.62,418300
WETF,20131004,12.12,12.17,11.79,11.92,1091800
WEYS,20131004,27.05,27.59,27,27.48,15000
WHF,20131004,14.8,15.01,14.8,14.97,23100
WHLR,20131004,35.04,35.04,34.08,34.08,7000
WILC,20131004,7.2,7.2,7.2,7.2,500
WINA,20131004,72.34,73.6,72.34,73.07,15500
WIRE,20131004,39.3,40.14,38.95,40.09,38400
WLDN,20131004,3.7,3.73,3.61,3.67,10000
WLFC,20131004,15.85,15.9,15.78,15.9,9800
WOOD,20131004,49.84,49.87,49.49,49.79,27400
WOOF,20131004,27.89,28.24,27.89,28.06,477500
WPRT,20131004,25.15,25.87,25.02,25.5,1658700
WRLD,20131004,97.84,99.98,96.69,96.98,135800
WSBC,20131004,29.5,29.89,29.31,29.64,20100
WSBF,20131004,10.56,10.63,10.5,10.52,3100
WSFS,20131004,19.61,20.08,19.61,20.02,5600
WSTG,20131004,12.94,12.94,12.86,12.93,9100
WTBA,20131004,13.5,13.79,13.5,13.66,10500
WTFC,20131004,41.01,41.41,40.84,41.32,156900
WVFC,20131004,11.25,11.25,11.25,11.25,0
WVVI,20131004,5.53,5.6,5.35,5.35,9800
WWD,20131004,40.2,41,40.06,40.92,216100
WYNN,20131004,159.11,161.06,158.81,160.18,996300
XLNX,20131004,46.41,46.9,46.33,46.65,1934200
XLRN,20131004,25.79,26.73,25.39,25.89,316600
XOMA,20131004,105.4,110,104.2,107.8,1301000
XONE,20131004,43.01,45.25,42.46,44.19,555600
XRAY,20131004,43.94,44.81,43.48,44.49,1424400
XRTX,20131004,11.01,11.4,10.8,11.27,1249300
XTLB,20131004,26.65,26.65,26.65,26.65,0
YNDX,20131004,38.38,38.75,37.97,38.35,1988000
YORW,20131004,19.85,20.24,19.84,19.99,18000
YY,20131004,49.05,50.45,48.76,49.72,911100
Z,20131004,87,87.38,82.65,83.03,1920100
ZBRA,20131004,46.17,46.83,46.11,46.52,86800
ZEUS,20131004,27.69,28.32,27.69,28.11,12200
ZGNX,20131004,19.92,20.72,19.2,20.24,1563800
ZION,20131004,27.11,27.85,27.02,27.84,1570600
ZIOP,20131004,4.19,4.76,4.18,4.68,2137500
ZIXI,20131004,4.77,4.92,4.74,4.87,310200
ZNGA,20131004,3.7,3.79,3.69,3.76,12658600
ZUMZ,20131004,27.45,27.87,27.25,27.81,445500
