AAME,20131108,3.77,4.04,3.77,4.02,700
AAOI,20131108,12.9,12.99,12.42,12.8,88200
AAON,20131108,17.5,18.46,17.3333,17.46,123600
AAPL,20131108,18.3779,18.6118,18.3068,18.5914,9975600
AAWW,20131108,38.38,38.88,38.02,38.25,404000
AAXJ,20131108,58.7,59.01,58.54,59,344700
ABCB,20131108,18.52,19,18.52,18.81,168400
ABIO,20131108,211.68,212.94,190.26,192.78,1417100
ABMD,20131108,25.72,27.24,25.71,27.19,734500
ACAD,20131108,21.08,22.26,20.78,21.73,2130100
ACET,20131108,18,20.1,18,19.77,1183200
ACGL,20131108,19.35,19.5133,19.3267,19.49,297400
ACHC,20131108,41.8,43.65,41.65,43.06,230700
ACIW,20131108,19.13,19.9067,19.0733,19.87,604700
ACLS,20131108,9.4,9.64,9.32,9.48,794800
ACNB,20131108,17.65,17.65,17.65,17.65,500
ACOR,20131108,31.88,32.29,31.5,31.8,479700
ACRX,20131108,6.73,7.68,6.71,7.45,1027900
ACST,20131108,19.5,19.5,19.1,19.1,600
ACTG,20131108,14.78,15.04,14.75,14.78,539200
ACWI,20131108,55.3,55.94,55.3,55.94,790300
ACWX,20131108,45.39,45.74,45.39,45.67,433900
ADBE,20131108,53.42,54.93,53.33,54.84,5940900
ADES,20131108,19.585,23.775,19.585,23,374700
ADI,20131108,49.16,49.81,48.89,49.8,1240100
ADP,20131108,66.2336,66.7514,66.0316,66.7341,1379200
ADRE,20131108,37.17,37.32,36.92,37.28,6800
ADSK,20131108,41.89,42.77,41.73,42.76,2151400
ADTN,20131108,23.3,24.11,23.25,23.72,499700
ADUS,20131108,23.72,26.04,21.5,25.63,195100
ADXS,20131108,56.4,57,52.5,54.9,437700
AEHR,20131108,2.34,2.49,2.27,2.41,29300
AEIS,20131108,24.25,24.86,24.25,24.46,417100
AERI,20131108,10.68,11,10.38,10.89,60300
AEY,20131108,2.65,2.65,2.6,2.64,9000
AEZS,20131108,135,137,131,135,430200
AGEN,20131108,2.65,2.68,2.55,2.61,480600
AGIO,20131108,19.49,20.48,19.37,19.85,102300
AGNC,20131108,21.36,21.41,20.85,21.05,12291900
AGNCP,20131108,25.64,25.65,25.53,25.56,49800
AGYS,20131108,11.81,12.12,11.81,11.98,39500
AHPI,20131108,2.57,2.57,2.57,2.57,0
AIMC,20131108,30.44,31,30.44,30.99,240500
AINV,20131108,25.65,25.89,25.41,25.74,2273900
AIQ,20131108,23.62,24.84,23.62,24.6,49400
AIRT,20131108,11.62,11.64,11.31,11.47,15500
AKAM,20131108,44.57,45.27,44.55,45.27,2041700
ALCO,20131108,38.4,38.96,38.13,38.44,4100
ALGN,20131108,56.97,58.44,56.7,58.24,814300
ALGT,20131108,104.74,107.99,104.74,106.2,56900
ALIM,20131108,1.83,2.06,1.83,1.87,70800
ALKS,20131108,35.2,36.66,35.08,36.12,973000
ALLT,20131108,12.84,13.15,12.65,12.83,255500
ALNY,20131108,50.99,54.12,50.99,52.98,670900
ALOT,20131108,12.69,12.99,12.6,12.85,7200
ALTR,20131108,33.24,33.63,33.15,33.39,3033100
ALVR,20131108,0.65,0.72,0.65,0.72,39900
AMAT,20131108,17.45,17.8,17.26,17.75,12424500
AMBA,20131108,19.64,20.8,19.55,20.54,747900
AMCX,20131108,68.06,68.33,66.64,66.75,1573300
AMD,20131108,3.26,3.29,3.2,3.27,12072000
AMED,20131108,16.41,17.17,16.27,17.1,267000
AMGN,20131108,111.29,113.97,111.27,113.21,3060000
AMKR,20131108,5.61,5.74,5.58,5.61,1122600
AMNB,20131108,22.23,23.07,22.23,22.97,21400
AMOT,20131108,9.53,9.53,8.95,9.12,11200
AMRN,20131108,1.61,1.65,1.53,1.57,8384300
AMRS,20131108,40.2,42,39.75,41.4,292000
AMSC,20131108,19.4,19.7,18.9,19.3,600400
AMSF,20131108,38.44,40.63,38.44,39.65,88400
AMSWA,20131108,9.01,9.38,9.01,9.33,48500
AMWD,20131108,33.14,33.18,32.6,33.03,51800
AMZN,20131108,345.95,351.05,344.04,350.31,2656800
ANAT,20131108,104.48,108.86,104.34,107.71,14600
ANDE,20131108,51.0733,53.0333,51.0733,52.7733,136600
ANGI,20131108,14.16,14.51,14.08,14.47,715800
ANGO,20131108,14.69,14.98,14.68,14.91,96200
ANIK,20131108,28.88,31.38,28.88,31,249300
ANIP,20131108,11.42,11.75,11.01,11.73,50500
ANSS,20131108,84.19,85.36,83.79,84.4,440800
AOSL,20131108,7.42,7.67,7.42,7.64,25500
APEI,20131108,41.9,42.92,39.54,42.53,131100
APOG,20131108,33,33.59,32.57,33.58,246400
APWC,20131108,3.48,3.49,3.48,3.49,1100
ARAY,20131108,7.5,7.87,7.32,7.7,4907200
ARCC,20131108,17.36,17.58,17.26,17.58,1471000
ARKR,20131108,21.4,21.4,21.4,21.4,200
ARLP,20131108,37.85,37.85,37.03,37.43,78100
ARNA,20131108,44.5,49.8,44,47.9,16337600
AROW,20131108,25.81,26.64,25.81,26.28,30800
ARRY,20131108,5.32,5.64,5.3,5.59,1605000
ARTNA,20131108,22.62,22.82,22.5,22.77,10900
ARTW,20131108,6.08,6.18,6.05,6.18,5900
ARWR,20131108,7.05,7.54,7.05,7.36,192000
ASML,20131108,86.66,87.81,86.34,87.37,1012900
ASPS,20131108,142.69,143.64,139.8,140.41,118900
ASRV,20131108,3.11,3.12,3.09,3.1,6600
ASTC,20131108,1.37,1.44,1.37,1.41,142000
ASTE,20131108,33.28,34.05,33.28,33.97,70900
ASUR,20131108,4.84,4.98,4.68,4.94,20900
ASYS,20131108,8.11,8.29,8.1,8.23,29700
ATAI,20131108,4.26,4.27,4.14,4.23,19500
ATAX,20131108,7.16,7.16,7.08,7.08,12700
ATEC,20131108,21.96,22.44,21.12,22.2,116300
ATHX,20131108,1.62,1.64,1.61,1.61,268400
ATLC,20131108,3.35,3.4,3.33,3.35,10300
ATLO,20131108,21.92,22.46,21.86,22.21,32500
ATNI,20131108,53.7,57.45,53.25,56.2,65200
ATOS,20131108,356.4,369,345.6,365.4,53200
ATRC,20131108,13.85,14.53,13.85,14.46,94100
ATRI,20131108,270.96,272,268.68,270.7,1300
ATRO,20131108,47.35,49.16,47.35,48.96,100300
ATRS,20131108,3.62,3.78,3.61,3.77,1619900
ATSG,20131108,6.86,7.32,6.85,7.25,150100
ATVI,20131108,16.83,17.18,16.76,17.07,6914100
AUBN,20131108,24.5,24.5,24.5,24.5,0
AUDC,20131108,5.68,6.1,5.68,5.97,250000
AVAV,20131108,27.74,28.28,27.61,27.83,214500
AVEO,20131108,20.6,20.9,20.1,20.3,439400
AVGO,20131108,44,44.39,43.1,44.35,3606900
AVID,20131108,7.48,7.7,7.48,7.65,140000
AVNW,20131108,24.6,24.96,24.48,24.96,208500
AWRE,20131108,5.29,5.54,5.27,5.47,142000
AXDX,20131108,12.76,12.91,12,12.37,80000
AXGN,20131108,4.45,4.45,4.3,4.32,5500
AXTI,20131108,2.42,2.45,2.41,2.41,27900
AZPN,20131108,37.69,38.23,37.62,37.88,473500
BANF,20131108,54.5,56.47,54.3,55.89,40800
BANFP,20131108,27.25,27.25,27.25,27.25,0
BANR,20131108,37.8,39.69,37.8,39.5,119300
BANX,20131108,25,25.05,24.95,24.99,61200
BBBY,20131108,75.27,75.82,75.04,75.76,1450500
BBGI,20131108,8.29,8.93,8.29,8.73,3800
BBSI,20131108,80.01,82.76,80.01,82.3,29300
BCBP,20131108,12.45,12.45,12.01,12.31,3600
BCOR,20131108,28,28.85,27.94,28.76,627400
BCOV,20131108,14.74,15.13,14.74,15.04,458100
BCPC,20131108,52.09,54.37,52.09,54.15,108400
BCRX,20131108,5.09,5.57,5.03,5.55,607300
BDSI,20131108,4.89,5.04,4.87,4.95,216600
BEAT,20131108,10.45,11.67,10.4,11.22,1029400
BECN,20131108,35.17,35.44,34.68,35.3,274800
BELFA,20131108,21,21,21,21,0
BELFB,20131108,21.05,21.5,21,21.37,34400
BFIN,20131108,8.97,9.39,8.97,9.39,24900
BGCP,20131108,5.5,5.6,5.35,5.58,1070600
BGFV,20131108,17.66,17.95,17.66,17.92,150700
BIB,20131108,29.02,30.8725,29,30.5525,107100
BICK,20131108,23.9,23.9,23.9,23.9,700
BIDU,20131108,147.95,152.6,147.2,151.09,4396400
BIIB,20131108,214.7294,218.8007,212.0858,218.0178,1095900
BIOL,20131108,9.1,9.45,9.1,9.15,635200
BIS,20131108,27.59,27.59,25.77,25.93,39600
BJRI,20131108,27.06,28,27.06,27.7,446700
BKCC,20131108,9.58,9.58,9.4,9.47,527700
BKEP,20131108,9,9,8.58,8.91,48600
BKEPP,20131108,9.11,9.24,9.1,9.14,39700
BKSC,20131108,17.09,17.09,17.09,17.09,100
BLDP,20131108,1.3,1.3,1.25,1.27,505900
BLIN,20131108,215,230,215,227.5,10900
BLKB,20131108,33.88,35.99,33.88,35.48,264600
BLMN,20131108,24.51,25.67,24.51,25.61,1073900
BLRX,20131108,40.35,40.35,37.5,38.25,24700
BLUE,20131108,20.29,21.77,20.29,20.95,80000
BMRC,20131108,21.79,22.635,21.745,22.435,15400
BMRN,20131108,61,61.72,60.04,61.47,2349800
BMTC,20131108,27.98,28.77,27.98,28.42,39300
BNDX,20131108,50.03,50.03,49.81,49.9,79700
BNFT,20131108,46.18,48.5,46.18,46.26,164600
BNSO,20131108,1.56,1.56,1.44,1.45,1100
BOKF,20131108,62.46,64.34,62.46,63.92,55000
BOLT,20131108,18.1,18.93,18.1,18.55,21400
BOOM,20131108,22.55,23.1,22.39,22.57,39700
BOSC,20131108,4.1,4.13,4.1,4.1,3300
BOTJ,20131108,8.88,8.88,8,8,12000
BPOP,20131108,27.06,27.95,27.05,27.78,1528300
BPOPM,20131108,18.77,18.95,18.4,18.94,1700
BPOPN,20131108,19.55,19.75,19.4,19.66,12300
BRID,20131108,9.7,9.7,9.7,9.7,400
BRKL,20131108,8.71,8.88,8.71,8.87,416800
BRKR,20131108,18.53,19.06,18.38,18.98,928300
BRKS,20131108,9.47,9.74,9.43,9.66,413700
BRLI,20131108,32.85,33.81,32.85,33.54,194000
BSET,20131108,13.25,14.23,13.1,13.68,21100
BSQR,20131108,3.39,3.39,3.3,3.3,12400
BSRR,20131108,17.82,18,17.53,17.79,28800
BUSE,20131108,5.4,5.69,5.32,5.57,260900
BWEN,20131108,7.34,7.59,7.31,7.48,113200
BYFC,20131108,1.04,1.09,1.04,1.09,1300
CAAS,20131108,6.33,6.55,6.32,6.52,30600
CAC,20131108,38.79,39.95,38.75,39.78,32600
CACC,20131108,121.72,123.5,121.71,122.96,12800
CACG,20131108,9.8,9.8,9.8,9.8,0
CAKE,20131108,47.43,48.25,47.43,48.16,458400
CALM,20131108,25.66,26.2,25.66,26.045,45600
CAMP,20131108,21.66,23,21.02,22.79,508000
CAMT,20131108,1.88,1.9,1.85,1.86,28000
CAR,20131108,31.01,32.31,30.92,32.19,2290600
CARV,20131108,7.45,7.45,7.45,7.45,0
CARZ,20131108,38.31,38.57,38.3,38.57,5600
CASH,20131108,12.26,12.43,12.18,12.3667,17200
CASS,20131108,56.07,58.59,56.07,58.34,32600
CASY,20131108,77.23,77.26,75.98,77.07,191800
CATY,20131108,24.28,25.55,24.28,25.54,320400
CBAN,20131108,6.31,6.38,6.31,6.38,400
CBNK,20131108,17.43,17.77,17.28,17.6,15000
CBRL,20131108,110.24,113.19,110.08,112.2,148500
CBSH,20131108,45.56,47.24,45.56,47.2,345900
CCBG,20131108,12.13,12.52,11.97,12.28,77900
CCMP,20131108,42.77,43.72,42.68,43.06,330800
CCNE,20131108,19.75,20.5,19.75,20.45,47700
CCOI,20131108,33.67,36.48,33,36.01,532500
CCRN,20131108,6.05,6.29,6,6.16,187200
CCXI,20131108,4.68,4.99,4.68,4.85,471400
CDNS,20131108,13,13.08,12.87,12.9,4130200
CDW,20131108,22.96,23.06,22.54,22.95,554400
CDXS,20131108,1.68,1.76,1.68,1.71,94200
CDZI,20131108,5.47,5.49,5.38,5.4,5000
CECE,20131108,16.38,16.77,15.86,16.08,396800
CEMI,20131108,3.85,3.95,3.47,3.6,171500
CENT,20131108,7.61,7.7,7.49,7.65,27300
CENTA,20131108,7.48,7.61,7.39,7.57,105600
CENX,20131108,8.55,9,8.55,8.86,750200
CERE,20131108,14.32,14.4,13.04,14,396000
CERN,20131108,55.99,57.09,55.95,57.04,1136500
CERS,20131108,5.77,5.97,5.71,5.91,315400
CEVA,20131108,15.13,15.33,15.1,15.26,107500
CFBK,20131108,7.48,7.48,7.26,7.315,19400
CFFI,20131108,51.62,53.91,51.57,53.87,17500
CFFN,20131108,12.21,12.43,12.18,12.4,4301500
CG,20131108,29.97,30.87,29.51,30.77,298500
CGEN,20131108,9.99,10.85,9.99,10.56,346800
CGNX,20131108,14.9,15.45,14.9,15.345,360900
CGO,20131108,13.56,13.66,13.56,13.59,17200
CHCI,20131108,2.1,2.1,1.98,2.04,56700
CHCO,20131108,45.03,47.01,44.87,46.84,36400
CHDN,20131108,27.6,28.2167,27.5567,28.05,16400
CHEF,20131108,23.99,24.35,23.98,24.32,86200
CHI,20131108,12.82,13.08,12.82,13.08,116500
CHKP,20131108,59.71,60.38,59.54,59.72,1023200
CHMG,20131108,32.34,33.12,31.94,33.09,4100
CHNR,20131108,4.8,4.83,4.75,4.75,1900
CHRW,20131108,59.5,59.76,59.28,59.66,1440500
CHSCO,20131108,28.3,28.3,28.12,28.21,26700
CHSCP,20131108,29.67,29.73,29.3,29.35,4900
CHTR,20131108,127.6,128.91,126.93,128.06,933500
CHUY,20131108,37.4,37.97,37.07,37.72,55600
CHW,20131108,8.76,8.96,8.64,8.92,1000100
CHY,20131108,12.74,12.82,12.69,12.8,155600
CIDM,20131108,17.1,18.3,17,17.2,397900
CINF,20131108,49.73,50.58,49.61,50.57,446400
CIZN,20131108,18.62,18.62,18.62,18.62,200
CJJD,20131108,1.05,1.14,1,1.06,144600
CLDX,20131108,374.7,395.4,367.5,384.75,3250000
CLFD,20131108,16.17,16.83,15.54,15.96,162800
CLIR,20131108,7.07,7.08,6.86,7.05,98800
CLMT,20131108,25.9,26.35,25.51,25.94,1150800
CLNE,20131108,11.3,11.99,11.27,11.93,1558600
CLRO,20131108,9.17,9.32,9.16,9.19,11900
CLSN,20131108,3.95,4.05,3.91,3.98,283000
CLVS,20131108,49.98,53.35,49.98,52.85,261100
CLWT,20131108,2.3467,2.36,2.26,2.26,8400
CMCO,20131108,25.54,27,25.11,26.93,76400
CMCSA,20131108,23.685,24.12,23.455,24.09,10010000
CME,20131108,74.83,78.03,74.65,77.81,2152600
CMLS,20131108,49.44,50.88,48.08,50.8,2115500
CMRX,20131108,12.97,15.07,12.97,14.84,92100
CMTL,20131108,30.49,30.9,30.24,30.53,147600
CNBKA,20131108,32.67,32.67,32,32.45,3400
CNET,20131108,0.77,0.77,0.73,0.73,29300
CNOB,20131108,15.32,15.99,15.32,15.61,71600
CNSL,20131108,18.74,19.2,18.7,19.19,375700
CNTY,20131108,5.65,5.85,5.6,5.72,108200
COCO,20131108,2,2.03,1.98,2.02,1046000
COHR,20131108,64.05,65.97,64.05,65.47,73800
COHU,20131108,9.43,9.93,9.43,9.85,68600
COKE,20131108,63.39,64.33,63.09,64.32,28700
COLB,20131108,25.85,26.87,25.7,26.72,268700
COLM,20131108,33.325,33.875,33.24,33.495,56800
COMM,20131108,14.95,15.3,14.86,15.27,248900
CONE,20131108,19.56,20.53,19.35,19.65,398000
CONN,20131108,56.56,58.62,55.72,58.55,686000
COOL,20131108,23.1,23.94,23.1,23.52,383100
CORT,20131108,1.6,1.78,1.6,1.65,283000
COST,20131108,122.21,122.89,121.12,122.78,2314700
COWN,20131108,3.69,3.77,3.6,3.75,636000
CPHC,20131108,10.1,10.1,10.1,10.1,200
CPIX,20131108,4.87,4.92,4.73,4.82,48100
CPLP,20131108,8.43,8.58,8.36,8.45,388800
CPRT,20131108,15.605,15.765,15.54,15.615,1238100
CPRX,20131108,1.49,1.51,1.35,1.44,895700
CPSI,20131108,59.26,61.44,59.03,60.98,62300
CPSS,20131108,6.52,6.65,6.51,6.6,64200
CRAI,20131108,17.66,18.46,17.43,18.27,16100
CREG,20131108,305,309,285,303,53800
CRESW,20131108,0.07,0.08,0.07,0.07,11900
CRESY,20131108,10.47,10.74,10.41,10.58,68400
CRIS,20131108,14.75,15.05,13.55,13.75,1342300
CRMT,20131108,45.08,45.08,43.3,43.72,32800
CRNT,20131108,3.48,3.58,3.41,3.43,135100
CROX,20131108,12.3,12.67,12.28,12.66,1617700
CRTO,20131108,35.39,35.39,28.27,29.75,1097700
CRTX,20131108,9.47,9.5,9.46,9.47,35900
CRUS,20131108,22.29,22.47,21.93,22.25,1621500
CRVL,20131108,39.15,40.56,39,40.4,55200
CRWS,20131108,7.65,7.75,7.65,7.74,19400
CSCO,20131108,23.28,23.52,23.08,23.51,30893200
CSGP,20131108,169.7,175.1,168.03,174.05,126500
CSGS,20131108,26.89,27.88,26.75,27.88,233200
CSII,20131108,28.54,29.14,28.1,29.01,193600
CSIQ,20131108,27.35,28.65,26.56,28.65,4180600
CSOD,20131108,48.18,48.73,47.19,47.28,459800
CSPI,20131108,7.84,8.03,7.76,7.93,4500
CSQ,20131108,10.52,10.53,10.45,10.5,297500
CSTE,20131108,44.83,45.2,44,44.19,186100
CSWC,20131108,31.41,32.8,31.16,32.17,46900
CSX,20131108,26.26,26.63,26.22,26.61,6095700
CTAS,20131108,52.68,53.47,52.27,53.46,378700
CTBI,20131108,42.19,43.98,42.19,43.64,29300
CTG,20131108,16.96,17.36,16.96,17.23,23100
CTHR,20131108,5.14,5.32,5.11,5.24,20100
CTIB,20131108,5.24,5.85,5.2,5.24,5200
CTIC,20131108,16.1,17.6,16,17.4,1430100
CTRN,20131108,14.97,15.18,14.71,15.12,81700
CTSH,20131108,44.85,45.23,44.69,45.115,1399700
CTXS,20131108,47.6115,48.0414,46.9586,47.6035,2586500
CUBA,20131108,8.55,8.76,8.53,8.68,11900
CUTR,20131108,8.48,8.6,8.3,8.45,106900
CVBF,20131108,14.41,15.03,14.41,14.89,692500
CVCO,20131108,57.65,58.39,56.22,57.04,31100
CVCY,20131108,11.07,11.4,10.99,10.99,34100
CVGI,20131108,7.2,7.48,7.11,7.13,221200
CVGW,20131108,28.26,29.04,27.85,28.84,79500
CVLT,20131108,75.51,77.02,74.5,75.76,476700
CVLY,20131108,20.97,21.39,20.97,21.39,600
CVV,20131108,10.9,11.1,10.77,10.82,13700
CWBC,20131108,6,6,6,6,500
CWCO,20131108,14.71,15.09,14.71,15.03,83100
CWST,20131108,5.76,5.84,5.76,5.79,79900
CXDC,20131108,4.65,4.7,4.62,4.64,38000
CYAN,20131108,4.87,5.1,4.76,5.04,9400
CYBE,20131108,5.14,5.14,5.06,5.06,200
CYCC,20131108,854.4,900,842.4,878.4,262500
CYCCP,20131108,7.46,7.46,7.46,7.46,500
CYTK,20131108,6.34,6.65,6.3,6.52,345600
CZNC,20131108,20.23,20.9,20.23,20.84,15800
CZR,20131108,17.05,18.22,16.9,18.15,1270600
CZWI,20131108,7.41,7.41,7.41,7.41,1000
DAIO,20131108,3,3.2,2.8,2.95,12200
DAKT,20131108,11.87,12.13,11.74,12.08,95300
DCOM,20131108,16.13,16.68,16.13,16.6,90800
DCTH,20131108,79.36,81.92,76.8,76.8,1792700
DENN,20131108,6.5,6.69,6.5,6.66,333400
DGICA,20131108,15.38,15.98,15.38,15.69,23800
DGICB,20131108,21.14,22.5,21.14,22.5,400
DGII,20131108,10.28,10.5,10.14,10.36,79500
DGLY,20131108,8.21,9.78,8.21,9.24,75500
DGRE,20131108,24.95,25.09,24.93,25.09,19800
DGRS,20131108,26.87,27,26.87,26.99,13700
DGRW,20131108,26.52,26.74,26.42,26.74,18100
DHIL,20131108,110.63,113.62,110.63,111.98,17900
DIOD,20131108,23.48,23.83,23.36,23.65,216500
DISCA,20131108,84.39,85.65,83.73,85.36,1228900
DISCB,20131108,84.32,84.32,84.32,84.32,0
DISCK,20131108,39.245,39.735,39.03,39.525,288400
DISH,20131108,48.31,48.59,47.87,48.25,1259100
DJCO,20131108,146.9,148.29,146.3,148.29,700
DLHC,20131108,1.38,1.41,1.38,1.38,4300
DLTR,20131108,58.08,58.78,57.76,58.66,1876200
DMLP,20131108,24.17,24.79,24.14,24.76,53100
DMRC,20131108,18.3,18.97,18.3,18.55,12000
DORM,20131108,47.02,47.38,46.77,47.1,82800
DRIV,20131108,17.14,17.67,17.11,17.49,235800
DRRX,20131108,1.45,1.53,1.4,1.5,1533300
DSGX,20131108,12,12.41,11.65,11.65,6300
DSPG,20131108,7.65,7.68,7.59,7.63,25200
DSWL,20131108,2.55,2.56,2.48,2.52,6000
DVAX,20131108,11.2,11.9,11.1,11.6,5685900
DWSN,20131108,27.89,29.35,27.89,28.33,39600
DXCM,20131108,33.23,33.87,32.87,33.05,1001400
DXGE,20131108,25.45,25.68,25.45,25.67,4900
DXJS,20131108,27.99,28.22,27.99,28.18,62500
DXLG,20131108,6.48,6.73,6.48,6.65,107400
DXPE,20131108,93.31,97.76,92.25,93.41,84600
DXYN,20131108,12.53,13,12.29,12.7,116900
DYNT,20131108,3.19,3.19,3.04,3.05,11800
EA,20131108,25.36,25.94,25.15,25.7,3349500
EAC,20131108,17.77,17.78,14.77,17.22,337500
EBAY,20131108,22.2484,22.3874,22.0926,22.3158,9804300
EBIX,20131108,12.64,13.46,11.34,12.87,1471000
EBMT,20131108,11,11,10.88,10.88,500
EBSB,20131108,9.4485,9.9592,9.4485,9.6691,7800
EBTC,20131108,17.87,18.31,17.87,18.09,13300
ECHO,20131108,19.19,19.58,19.13,19.24,54700
ECOL,20131108,33.73,35.15,33.5,34.82,63400
ECPG,20131108,50.49,51.95,46.72,47.45,1256700
EDAP,20131108,2.58,2.71,2.56,2.61,34600
EDUC,20131108,1.425,1.425,1.385,1.385,1400
EEFT,20131108,41.4,44.64,41.07,44.45,419400
EEMA,20131108,55.9,56.19,55.85,55.94,4400
EFSC,20131108,17.88,18.86,17.77,18.76,116600
EGAN,20131108,12.06,13.97,12.03,13.4,385200
EGBN,20131108,27.5,28.6,27.5,28.55,63800
EGLE,20131108,11163.6,12096,10962,11818.8,700100
EHTH,20131108,40.37,43,40.37,42.82,362600
ELSE,20131108,3.99,3.99,3.92,3.92,2600
ELTK,20131108,1.25,1.27,1.23,1.26,11700
EMCB,20131108,74.86,75.04,74.77,74.77,1800
EMCF,20131108,24.81,25.1,24.22,24.22,600
EMIF,20131108,33.74,33.74,33.29,33.52,78100
EMKR,20131108,5.31,5.5,5.28,5.46,240400
EML,20131108,16.5,16.6,16.5,16.6,2000
ENDP,20131108,57.38,61.4,57.16,60.5,8422100
ENG,20131108,1.4,1.88,1.37,1.79,744500
ENPH,20131108,7.82,7.96,7.62,7.84,135600
ENSG,20131108,20.585,22.675,20.4,21.81,204000
ENTA,20131108,19.87,20.53,19.52,20.01,150000
ENTG,20131108,10.22,10.42,10.17,10.41,446900
ENVI,20131108,2.88,3.01,2.76,2.92,125000
EPAY,20131108,32.73,33.07,32.18,32.41,204200
EPZM,20131108,33.22,35.33,33.22,33.88,56800
EQIX,20131108,160.73,161.1,154.5,155.94,1947800
ERIC,20131108,12.03,12.12,11.98,12.08,1858500
ERIE,20131108,70.66,72.41,70.66,71.36,17200
ERII,20131108,4.79,5.18,4.69,5.1,532600
ESBK,20131108,23,23,22.56,22.75,2600
ESCA,20131108,8.95,9.04,8.82,8.82,8600
ESEA,20131108,10.16,10.4,10.16,10.32,60800
ESGR,20131108,134.13,135.9,133.02,133.8,16100
ESLT,20131108,52.95,53.29,52.89,52.96,17900
ESPR,20131108,14.5,15.07,14.5,14.85,18500
ESSA,20131108,10.98,11.22,10.86,11,12800
ESXB,20131108,3.65,3.71,3.65,3.7,1600
EUFN,20131108,23.5,23.83,23.5,23.77,64800
EVK,20131108,4.23,4.23,4.11,4.11,4600
EVOK,20131108,8.96,10.47,8.89,9.73,20300
EVOL,20131108,10,10.36,9.95,10.03,145700
EWBC,20131108,33.03,34.25,32.91,34.16,807500
EXAS,20131108,10.84,11.64,10.84,11.39,746800
EXEL,20131108,4.72,5.09,4.72,4.99,1547000
EXLS,20131108,23.73,24.4,23.72,23.94,384900
EXPD,20131108,42.15,42.59,42.08,42.42,1412700
EXPE,20131108,59.16,60.69,59.1,59.88,2491700
EXPO,20131108,18.345,18.9,18.345,18.68,24000
EXTR,20131108,6.01,6.3,6.01,6.29,1814300
EZPW,20131108,13.59,13.79,11.3,11.34,2665500
FANG,20131108,53.91,54.47,53.07,53.47,1044500
FARM,20131108,17.68,18.22,17.17,18.16,28100
FARO,20131108,51.95,53.15,51.76,53.06,122000
FAST,20131108,23.305,23.59,23.155,23.565,1642100
FATE,20131108,4.95,5.02,4.5,4.61,81800
FB,20131108,47.81,48.65,47.25,47.53,70731100
FBIZ,20131108,35.32,35.35,35.29,35.3,3300
FBMS,20131108,15.49,15.49,14.98,14.98,300
FBNC,20131108,14.58,15.41,14.5,15.25,21700
FCAP,20131108,20.17,20.31,20.16,20.24,1400
FCBC,20131108,16.51,17.35,16.51,17.09,57600
FCCO,20131108,10.37,10.37,10.34,10.34,300
FCCY,20131108,10.51,10.51,10.51,10.51,100
FCEL,20131108,192.96,197.28,188.64,191.52,1500800
FCFS,20131108,61.78,61.85,59.6,60,130800
FCNCA,20131108,210.9,220.05,210.8,219.38,15500
FDUS,20131108,19.85,20.65,19.67,20.54,49800
FEIM,20131108,11.15,11.18,11.15,11.18,200
FELE,20131108,37.85,39.2,37.85,39.16,158600
FFBC,20131108,15.28,15.99,15.28,15.88,212300
FFHL,20131108,1.18,1.18,1.15,1.15,7000
FFIC,20131108,20.16,20.37,19.56,20.27,95400
FFIN,20131108,15.135,15.7475,15.135,15.6125,121900
FFIV,20131108,80.37,82.13,80.34,82.02,1911800
FFNW,20131108,10.86,11.04,10.86,10.96,53000
FIBK,20131108,24.22,25.11,24.22,25.07,107400
FISI,20131108,23.37,24.3,23.37,23.82,37100
FISV,20131108,25.95,26.4175,25.91,26.405,420700
FITB,20131108,19.15,20.03,19.06,20.01,15342200
FIVE,20131108,50.23,51.41,50.23,50.85,522900
FIZZ,20131108,18.6,18.89,18.52,18.8,16900
FLDM,20131108,29.7,30.1,29.42,29.95,238100
FLEX,20131108,7.78,7.79,7.66,7.7,2470300
FLIC,20131108,25.9933,26.8133,25.74,26.7,21200
FLL,20131108,2.71,2.77,2.71,2.77,19600
FLWS,20131108,4.79,4.98,4.79,4.92,133200
FLXS,20131108,27.6,27.8,27.27,27.63,15900
FMBI,20131108,16.52,17.39,16.52,17.33,399700
FMNB,20131108,6.32,6.32,6.26,6.31,2000
FNHC,20131108,11.4,11.85,11.38,11.85,77700
FNLC,20131108,16.78,17.24,16.78,17.07,6500
FOLD,20131108,2.01,2.1,2.01,2.06,174200
FONR,20131108,11.15,11.5,10.92,11.41,67600
FORD,20131108,1.74,1.74,1.66,1.7,6800
FORM,20131108,5.05,5.38,5.04,5.31,276200
FORR,20131108,37.51,38.81,37.51,38.41,40600
FORTY,20131108,25.86,26.3,25.08,25.69,43000
FOSL,20131108,125.15,128.4,124.72,127.91,685200
FOX,20131108,32.91,33.64,32.77,33.61,2432600
FOXA,20131108,33.04,33.89,32.87,33.84,13908700
FOXF,20131108,17.03,17.51,17.01,17.43,106000
FRBK,20131108,3.12,3.22,3.1,3.2,21400
FREE,20131108,1020000,1020000,930000,960000,2713100
FRGI,20131108,42.25,43.4,42.2,42.99,294700
FRME,20131108,18.89,19.49,18.63,19.35,158600
FSBW,20131108,17.14,17.18,17.14,17.18,1500
FSFG,20131108,22.33,22.33,22.33,22.33,100
FSLR,20131108,58.81,61.08,58.51,60.5,5308000
FSTR,20131108,45.41,46.5,45.41,45.67,14200
FTCS,20131108,32.28,32.57,32.28,32.57,4500
FTEK,20131108,4.66,4.91,4.51,4.58,255400
FTGC,20131108,28.96,28.96,28.96,28.96,0
FTNT,20131108,19.44,19.55,19.21,19.44,1256400
FTSL,20131108,49.56,49.66,49.56,49.65,24000
FULT,20131108,11.96,12.39,11.9,12.38,1020200
FUNC,20131108,8,8.41,8,8.12,4000
FUND,20131108,7.49,7.63,7.46,7.53,12100
FWRD,20131108,40.21,41.03,39.88,41,112400
GABC,20131108,18.2067,18.6667,18.2067,18.6533,23100
GAIA,20131108,6.15,6.15,5.81,5.97,51800
GAIN,20131108,7.25,7.32,7.24,7.3,202000
GALT,20131108,8.95,8.95,7.9,8.75,567500
GAME,20131108,4,4.17,4,4.13,630500
GASS,20131108,12.03,12.43,11.91,12.32,174100
GBCI,20131108,27.63,28.8,27.63,28.68,400400
GBDC,20131108,17.17,17.45,17,17.36,144300
GBLI,20131108,25.04,25.32,24.8,25.11,10200
GCBC,20131108,13.75,14,13.725,14,2300
GENC,20131108,6.0267,6.0933,6.0067,6.0933,900
GENE,20131108,37.2,37.4,35.4,36.2,65900
GEOS,20131108,97.42,100.52,95.91,98.64,62100
GERN,20131108,5.08,5.29,4.3,4.61,19659900
GEVO,20131108,8280,8460,8100,8160,327000
GFED,20131108,11.33,11.33,11.33,11.33,400
GGAL,20131108,9.72,9.94,9.6,9.67,385300
GIFI,20131108,25.49,26.72,25.49,26,26300
GIGM,20131108,5.05,5.15,4.95,5.05,39100
GIII,20131108,27.4,28.025,26.71,27.13,151800
GILD,20131108,66.5,67.58,66.25,67.37,12507000
GILT,20131108,5.2,5.23,5.15,5.2,53300
GLAD,20131108,8.92,9.1,8.91,9.1,308600
GLBS,20131108,10720,10840,10600,10640,7100
GLBZ,20131108,12.38,12.38,11.28,12.25,400
GLDD,20131108,8.41,8.73,8.32,8.64,385400
GLDI,20131108,15.04,15.04,14.84,14.88,13200
GLNG,20131108,36.59,37.58,36.48,37.54,437000
GLPI,20131108,45.4,45.8,44.72,45.49,2594100
GLRE,20131108,30.76,31.08,30.63,30.94,96100
GNMA,20131108,48.86,48.86,48.86,48.86,400
GNTX,20131108,14.175,14.42,14.16,14.4,892000
GOGO,20131108,17.48,19,17.11,18.75,1085800
GOOD,20131108,18.89,18.89,18.51,18.83,43500
GOODN,20131108,25.51,25.55,25.38,25.45,4300
GOODO,20131108,24.77,24.99,24.76,24.99,1200
GOOG,20131108,504.375,509.25,504.25,508.015,1294500
GPRE,20131108,15.63,16.16,15.56,15.97,411800
GRFS,20131108,14.89,15.14,14.75,14.98,183100
GRID,20131108,35.61,35.61,35.32,35.49,800
GRMN,20131108,46.74,46.74,46.1,46.25,1621200
GROW,20131108,2.64,2.64,2.62,2.64,14500
GRPN,20131108,195,208.6,189,202.2,46081000
GRVY,20131108,4.76,5,4.72,4.8,10200
GSBC,20131108,27.15,28.12,27.15,27.95,23900
GSIT,20131108,6.49,6.56,6.45,6.47,40400
GSM,20131108,16.5,17.2,16.33,16.83,570900
GT,20131108,20.85,21.35,20.81,21.06,3543900
GTIM,20131108,2.54,2.54,2.49,2.53,14200
GURE,20131108,10.4,10.75,10.35,10.65,108700
GYRO,20131108,75.1,75.1,74.6,74.95,1800
HA,20131108,8.19,8.36,8.18,8.27,847900
HAFC,20131108,17.81,18.6,17.81,18.4,476100
HAIN,20131108,41.41,42.485,41.355,41.85,624000
HALL,20131108,8.76,9.02,8.76,9.02,18700
HALO,20131108,11.52,13.52,11.3,12.9,5058500
HAS,20131108,50.59,50.98,50.17,50.48,2721200
HAYN,20131108,53.44,53.55,52.77,53.09,69500
HBAN,20131108,8.65,9.02,8.64,9.02,14150800
HBANP,20131108,1262.5,1284.48,1262.5,1262.85,700
HBCP,20131108,18.53,18.89,18.53,18.66,5700
HBIO,20131108,4.14,4.32,4.14,4.3,116100
HBMD,20131108,8.7,8.7,8.7,8.7,0
HBNC,20131108,9.3822,9.7778,9.3822,9.6933,24300
HCCI,20131108,17.1,18,16.88,17.82,36400
HCKT,20131108,5.86,6.1,5.81,5.83,193600
HCSG,20131108,26.82,27.55,26.8,27.36,191000
HDSN,20131108,2.04,2.14,2.04,2.11,89400
HEES,20131108,28.36,28.65,27.86,28.24,154900
HELE,20131108,45.31,46.53,45.03,46.1,57100
HERO,20131108,6.92,7.16,6.92,7.14,2712600
HFBL,20131108,17.16,17.3,17.16,17.3,1200
HFWA,20131108,16.29,16.58,16.25,16.47,96800
HGSH,20131108,10.4,10.4,7.4,8.6,138300
HIBB,20131108,59.8,60.72,59.31,59.68,319900
HIFS,20131108,72.88,72.88,72.88,72.88,300
HIHO,20131108,2.5,2.5,2.4,2.5,12200
HIMX,20131108,8.3,8.8,8.13,8.75,8756200
HLIT,20131108,7.19,7.39,7.19,7.32,624900
HMNF,20131108,8.5,8.65,8.5,8.6,2600
HMST,20131108,19.21,19.71,19.21,19.62,38100
HMTV,20131108,9.14,9.71,9.14,9.64,20600
HNRG,20131108,6.75,6.86,6.72,6.75,31500
HOFT,20131108,15.1,16.04,15.1,15.9,39600
HOLI,20131108,15.85,16.02,15.69,15.74,101100
HOLX,20131108,22.25,22.45,21.86,22.04,6669200
HOMB,20131108,16.965,17.84,16.965,17.745,157600
HOVNP,20131108,14.63,14.84,14.07,14.8,15500
HRZN,20131108,13.82,13.95,13.61,13.87,36600
HSIC,20131108,109.69,111.16,109.42,111.15,261400
HSII,20131108,18.2,18.57,17.81,17.94,62200
HSKA,20131108,7.05,8.1,7,7.83,128300
HSON,20131108,31.7,33,31.1,31.1,17300
HSTM,20131108,31.79,33.2,31.59,33.13,232400
HTBI,20131108,16.1,16.29,16.1,16.25,35300
HTBK,20131108,7.48,7.86,7.48,7.83,20100
HTBX,20131108,89.5,94,89.5,92,16000
HTHT,20131108,5.6425,5.7475,5.55,5.675,116900
HTLD,20131108,14.24,14.33,14.19,14.28,248500
HTLF,20131108,26.32,27.64,26.32,27.03,42600
HUBG,20131108,36.24,36.54,35.76,36.32,223700
HURC,20131108,24.95,24.98,24.21,24.84,22700
HURN,20131108,56.24,58.34,56.13,58.22,146600
HWBK,20131108,13.47,13.7,13.47,13.54,500
HWKN,20131108,35.68,36.5,35.68,36.42,22600
HYLS,20131108,56,56,51.44,51.45,8000
HZNP,20131108,4.38,4.92,4.2,4.86,3963400
IART,20131108,21.1,21.765,20.89,21.685,399800
IBB,20131108,199.04,204.85,199.04,204.18,1107400
IBCP,20131108,10.4,11.29,10.27,11.04,207400
IBKR,20131108,21.87,22.25,21.8,22.11,536900
IBOC,20131108,23.26,24.77,23.26,24.71,222500
IBTX,20131108,38.68,42.79,38.5,40.02,29900
ICAD,20131108,8.55,9.1,8.34,8.75,119100
ICCC,20131108,4.38,4.38,4.31,4.31,1000
ICFI,20131108,33.01,34.3,32.96,33.65,50000
ICLN,20131108,10.53,10.64,10.5,10.64,46000
ICLR,20131108,40.56,41.44,40.56,41.17,350500
ICPT,20131108,48.67,50.63,46.81,48.97,271100
ICUI,20131108,61.45,62.99,61.19,62.8,129200
IDCC,20131108,33.45,33.73,33.04,33.64,457000
IDRA,20131108,13.44,14.88,13.28,14.16,663100
IDXX,20131108,54.4,54.86,54.025,54.805,155700
IEP,20131108,114.5,120.99,113.02,120.25,416200
IESC,20131108,4.47,4.47,4.47,4.47,200
IFGL,20131108,33.3,33.48,33.25,33.48,106500
IGOV,20131108,100.39,100.39,99.59,99.77,32000
III,20131108,4.04,4.19,3.51,3.88,490700
IIN,20131108,4.18,4.2,4.18,4.2,8600
IIVI,20131108,15.45,15.57,15.33,15.39,471300
IKNX,20131108,18.39,18.6,18.39,18.51,400
ILMN,20131108,93.13,96.21,93.13,96.05,834500
IMGN,20131108,12.78,13.86,12.76,13.64,1476700
IMKTA,20131108,25.48,26.48,25.48,26.44,70300
IMMR,20131108,12.24,12.63,11.97,12.01,571000
IMOS,20131108,15.79,16.21,15.43,16.2,167800
INBK,20131108,24.14,24.14,23.6,23.6,2000
INCY,20131108,36.97,38.33,36.59,37.56,2633700
INDB,20131108,34.91,36.05,34.91,36.05,62400
INDY,20131108,22.14,22.14,21.96,22.14,61100
INFI,20131108,12.36,14.6,12.02,14.05,1797200
INFN,20131108,9.41,9.59,9.28,9.32,2560400
INOD,20131108,2.34,2.36,2.21,2.25,117500
INSM,20131108,14.23,15.07,14.07,15.06,394300
INTC,20131108,24.04,24.11,23.84,24.09,31502800
INTG,20131108,19.49,19.54,19.49,19.53,500
INTU,20131108,71.86,72.49,71.85,72.48,1862400
INVE,20131108,7.3,7.8,6.7,6.7,887000
IOSP,20131108,45.07,45.82,45.07,45.69,91100
IPAR,20131108,35.16,35.44,34.65,35.08,133800
IPDN,20131108,39.92,40.08,39.6,39.6,3800
IPGP,20131108,61.98,66.21,61.98,64.8,755600
IRBT,20131108,32.83,33.32,32.32,33.3,477700
IRDM,20131108,5.52,5.63,5.43,5.45,1036800
IRIX,20131108,7.97,8.38,7.97,8.27,99400
IROQ,20131108,16.35,16.36,16.35,16.35,900
IRWD,20131108,9.29,9.64,9.13,9.24,770800
ISBC,20131108,9.1412,9.4118,9.1412,9.4118,271200
ISHG,20131108,94.64,94.83,94.5,94.54,5000
ISIG,20131108,2.49,2.52,2.41,2.45,26200
ISLE,20131108,7.46,7.64,7.46,7.56,31600
ISRG,20131108,378.64,390.66,377.1,389.83,398300
ISSC,20131108,7.26,7.5,7.14,7.49,15500
ITIC,20131108,78.85,79.65,78.85,78.97,3900
ITRI,20131108,42.59,43.4,42.59,43.38,559700
ITRN,20131108,18.24,18.35,18.22,18.29,17900
IVAC,20131108,5.26,5.49,5.26,5.41,29400
JACK,20131108,41.53,42.6,41.11,42.28,164100
JAKK,20131108,63.2,65.1,62.1,64.3,345200
JAZZ,20131108,94,98.3,94,98.24,763100
JBHT,20131108,72.84,73.5,72.8,73.2,549900
JBLU,20131108,7.51,7.75,7.46,7.71,4160200
JBSS,20131108,24.41,25.5,24.41,25.09,59600
JCS,20131108,12.04,12.25,11.72,11.9,6100
JCTCF,20131108,4.95,4.95,4.855,4.95,24900
JJSF,20131108,82.62,82.95,82.25,82.53,32300
JKHY,20131108,54.73,55.54,54.72,55.49,203000
JOBS,20131108,36.9,36.9,34.44,34.8,76700
JOUT,20131108,27.51,27.51,27.26,27.44,8000
JRJC,20131108,26.4,27.5,26.2,27.4,87100
JSM,20131108,19.86,19.86,19.5,19.66,30700
JVA,20131108,5.04,5.22,5.03,5.13,32000
KALU,20131108,65.91,66.95,65.5,66.01,228100
KELYA,20131108,20.25,21.02,20.25,20.83,115300
KELYB,20131108,21.49,21.49,21.49,21.49,0
KEQU,20131108,17.66,17.9,17.66,17.76,1900
KFFB,20131108,8.24,8.24,8.24,8.24,0
KFRC,20131108,19.5,20.09,19.23,19.99,108700
KINS,20131108,5.18,5.25,5.18,5.25,600
KIRK,20131108,17.45,17.59,17.17,17.57,76200
KLAC,20131108,63.99,64.8,63.53,64.8,816900
KLIC,20131108,11.77,12,11.47,11.96,1593700
KMDA,20131108,14.87,15.14,14.87,15.12,93300
KNDI,20131108,6.26,6.5,6.15,6.2,1069400
KOPN,20131108,3.43,3.66,3.43,3.52,123000
KOSS,20131108,5.18,5.18,4.96,4.96,10500
KPTI,20131108,15.92,16.38,15.5,16.24,502700
KRNY,20131108,10.48,10.6,10.47,10.5,52400
KTCC,20131108,10.6,10.67,10.55,10.59,19000
KTOS,20131108,7.88,8.05,6.9,7.17,2634700
KVHI,20131108,13,13.05,12.91,13,22100
LAKE,20131108,5.2,5.48,5.18,5.29,10200
LAMR,20131108,48.6,48.89,48.27,48.87,1153500
LANC,20131108,80.65,82.87,80.46,82.63,57100
LAND,20131108,16,16.11,15.95,16.11,13600
LARK,20131108,19.7,19.7,19.57,19.7,3000
LAWS,20131108,12.86,13.11,12.61,12.82,35400
LBAI,20131108,11.3,11.94,11.3,11.8,52900
LBTYA,20131108,40.6745,41.1088,40.2862,41.1088,2356400
LBTYB,20131108,79.96,79.96,79.96,79.96,0
LBTYK,20131108,75.2,76.39,74.93,76.13,950300
LCNB,20131108,17.62,18.05,17.6,17.69,34400
LCUT,20131108,15.28,15.59,14.82,15.02,19600
LECO,20131108,69.41,71.06,69.41,71,267800
LEDS,20131108,1.05,1.14,1.02,1.14,363700
LFUS,20131108,81.47,83.49,81.47,83.16,70500
LFVN,20131108,14.35,14.49,13.72,13.93,864500
LGIH,20131108,12.6,13.47,12.49,13.04,208500
LGND,20131108,45.45,48.99,45.25,48.33,445500
LHCG,20131108,21.23,21.23,19.73,20.28,69200
LIFE,20131108,1056.3,1060.5,1056.02,1058.26,1409900
LINC,20131108,5.29,5.63,5.29,5.53,52300
LIVE,20131108,0.9867,0.9867,0.95,0.9567,7500
LKFN,20131108,23.68,24.5933,23.68,24.32,40600
LKQ,20131108,30.86,31.41,30.86,31.19,905800
LLNW,20131108,1.98,2.05,1.92,1.98,591600
LMAT,20131108,7.89,8.34,7.7,8.21,101000
LMNR,20131108,24.67,25.96,24.67,24.92,16500
LNDC,20131108,11.33,11.52,11.31,11.5,112700
LOAN,20131108,1.89,1.98,1.89,1.96,6700
LOGI,20131108,10.16,10.35,10.14,10.28,458600
LOPE,20131108,46.28,47.75,46.21,47.39,215800
LORL,20131108,70.4,71.96,70.4,70.79,22600
LPLA,20131108,39.4,39.85,39.4,39.85,563900
LPSN,20131108,11.13,11.47,10.75,11.31,559300
LPTH,20131108,1.37,1.37,1.33,1.33,18900
LQDT,20131108,26.68,27.89,26.68,27.53,345300
LRCX,20131108,52.44,53.05,52.1,52.85,1811100
LSBK,20131108,12,12,12,12,100
LSCC,20131108,5.38,5.52,5.35,5.51,881400
LSTR,20131108,55.27,55.49,55.06,55.46,132600
LTBR,20131108,93.6,96,91.2,93,29100
LTRX,20131108,1.49,1.53,1.44,1.44,28200
LULU,20131108,68.15,69.07,68.05,69,1372000
LUNA,20131108,1.35,1.46,1.34,1.36,36700
LWAY,20131108,14.6,15.34,14.51,15.33,22000
LXRX,20131108,15.75,16.87,15.75,16.66,849500
LYTS,20131108,8.88,9.34,8.88,9.11,29000
MACK,20131108,2.56,2.62,2.4,2.47,2522400
MANH,20131108,26.41,27.555,26.41,27.52,91800
MANT,20131108,27.52,28.29,27.5,28.13,117300
MAR,20131108,45.41,46.12,45.37,46.12,2028700
MARK,20131108,3.85,3.9,3.76,3.89,9800
MARPS,20131108,16.15,16.25,15.75,15.75,11100
MASI,20131108,26.71,27.43,26.6,27.4,242000
MAT,20131108,44.39,44.49,43.79,44.17,2520900
MATW,20131108,40.4,41.31,40.01,40.76,56600
MAYS,20131108,25.5,25.57,25.5,25.57,600
MBII,20131108,16.02,17.07,16,16.53,16600
MBWM,20131108,21.82,22.04,21.78,22.04,15700
MCBC,20131108,4.71,4.94,4.71,4.78,69900
MCHP,20131108,42.22,42.95,42.09,42.89,1541400
MCHX,20131108,9.3,9.53,9.2,9.25,169300
MCRI,20131108,17.59,18.54,17.59,17.94,54800
MDIV,20131108,20.9,20.94,20.77,20.94,87700
MDLZ,20131108,32.03,32.82,31.76,32.68,13468200
MDRX,20131108,15.18,15.43,13.98,14.49,5438900
MDXG,20131108,5.38,5.74,5.27,5.71,379500
MEIP,20131108,7.5,8,7.5,7.92,78900
MELI,20131108,117.24,118.62,113.71,114.33,1146200
MEOH,20131108,58.02,60.87,57.86,60.44,695300
MERC,20131108,9.25,10.38,9.24,10.29,243700
MGEE,20131108,36.7533,37.44,36.3667,37.3733,45600
MGI,20131108,19.67,19.97,19.28,19.92,124600
MGIC,20131108,6.48,6.5,6.41,6.5,24900
MGLN,20131108,59.14,59.65,59.03,59.46,109800
MGNX,20131108,26.25,26.51,25.37,25.91,59100
MGPI,20131108,5.23,5.35,5,5.16,34700
MGRC,20131108,35.22,36.12,35.22,35.89,40200
MGYR,20131108,7.24,7.24,7.24,7.24,0
MHLD,20131108,11.28,11.77,11.28,11.76,431400
MICT,20131108,4.65,4.74,4.25,4.3,10100
MIDD,20131108,73.7533,75.7667,72.05,74.6667,169700
MIND,20131108,16.59,17,16.59,16.91,43600
MITK,20131108,5.95,6.01,5.53,5.63,874100
MKSI,20131108,29.27,29.83,29.12,29.69,145700
MKTX,20131108,65.69,66.32,65.22,65.97,253100
MLAB,20131108,70.06,72.64,70.06,71.72,21900
MLHR,20131108,29.55,30.4,29.22,30.33,202000
MLVF,20131108,12.1,12.4,12.1,12.24,37200
MMLP,20131108,46.56,46.9,46,46.29,43800
MMSI,20131108,15.42,16,15.4,15.76,150800
MMYT,20131108,15.1,15.49,14.61,15.08,42300
MNDO,20131108,1.76,1.78,1.74,1.77,27100
MNKD,20131108,23.45,25.7,23.45,25.65,7150600
MNOV,20131108,2.35,2.35,2.11,2.15,14000
MNRO,20131108,48.52,48.52,46.72,46.88,124700
MNST,20131108,18.6367,19.2267,18.1367,18.3867,3332600
MNTX,20131108,12.51,12.51,11.31,11.9,303200
MOFG,20131108,25.6,26.5,25.5,26.48,6600
MORN,20131108,80.24,81.67,79.9,81.66,46400
MOSY,20131108,836,868,830,854,115900
MOVE,20131108,15.62,16.26,15.56,16.09,420700
MPAA,20131108,12.93,13.21,12.86,13.12,54100
MPB,20131108,12.07,12.07,12.07,12.07,0
MPWR,20131108,31.05,31.95,30.84,31.9,263300
MRCC,20131108,11.87,12.05,11.8,11.85,73800
MRCY,20131108,9.28,9.81,9.28,9.54,76900
MRLN,20131108,25.43,26.4,24.77,26.24,29500
MRTN,20131108,11.56,11.8667,11.4933,11.76,55700
MRTX,20131108,16.12,16.28,15.76,15.79,12000
MRVL,20131108,13.03,13.35,13,13.35,6246100
MSEX,20131108,21.37,21.78,21.37,21.77,33600
MSFT,20131108,37.67,37.78,37.34,37.78,36743100
MSON,20131108,3.86,4.08,3.86,4.02,72700
MSTR,20131108,122.81,125.52,120,124.23,105200
MTEX,20131108,28.69,29.5,28.28,29.14,23700
MTRX,20131108,20.09,20.88,19.05,19.83,263500
MTSI,20131108,15.6,15.83,15.39,15.72,21300
MU,20131108,17.7,18.12,17.61,18.1,33201300
MVIS,20131108,1.5,1.54,1.5,1.52,70100
MYGN,20131108,26.15,27,26.15,26.59,2271900
MYRG,20131108,24.26,24.38,23.66,23.67,191100
NAII,20131108,6.1,6.12,6.01,6.11,4600
NATH,20131108,53.29,53.29,50.54,52.52,14300
NATI,20131108,31.12,31.85,30.8,31.66,356000
NATR,20131108,18.01,18.15,17.9,18,18200
NBIX,20131108,8.68,9.13,8.68,8.98,592100
NBN,20131108,9.93,9.95,9.84,9.88,1200
NBTB,20131108,24.03,25,24.03,24.99,139500
NCMI,20131108,17.28,17.79,17.28,17.61,218000
NCTY,20131108,77.1,78.3,75.3,78.3,16100
NDAQ,20131108,35.25,36.01,35.13,35.93,965000
NDLS,20131108,42.1,42.5,41.9,42.14,155800
NDSN,20131108,70.28,70.77,69.93,70.74,182200
NECB,20131108,7.8,7.8,7.75,7.75,3400
NEO,20131108,3.77,3.84,3.7,3.82,140300
NEOG,20131108,35.085,36.5775,34.77,35.9175,112200
NEON,20131108,54,58,51.5,53.2,1166600
NEPT,20131108,2.9,2.97,2.86,2.88,72400
NETE,20131108,39.4,40.6,39.4,40.6,900
NEWT,20131108,15,15.1,14.55,14.75,71000
NFBK,20131108,12.6,12.77,12.58,12.73,279000
NFLX,20131108,46.7029,47.9429,46.5029,47.8429,2781100
NICE,20131108,37.73,38.25,37.5,37.71,111000
NICK,20131108,15.32,15.87,15.32,15.72,19300
NKSH,20131108,34.53,35.5,34.53,35.44,4100
NKTR,20131108,9.13,11.06,9.13,10.84,2650300
NMIH,20131108,14,14.5,13.26,14,1552200
NNBR,20131108,17.18,17.64,17.04,17.56,134900
NRIM,20131108,25.25,26,25.25,25.7,34200
NSEC,20131108,6.6,6.87,6.58,6.8,1200
NSIT,20131108,21.43,21.96,21.41,21.75,189600
NSSC,20131108,5.89,5.93,5.8,5.82,32600
NSTG,20131108,10.59,10.9,10.52,10.66,16800
NSYS,20131108,4.63,4.8,4.63,4.73,8000
NTAP,20131108,39.63,39.93,39.32,39.91,4985100
NTCT,20131108,28.09,28.99,28.09,28.82,247000
NTES,20131108,13.35,13.356,12.72,13.328,708800
NTGR,20131108,29.55,30.08,29.27,29.84,885100
NTIC,20131108,8.58,8.675,8.1,8.1,600
NTRS,20131108,56.12,58.42,56.04,58.4,1195500
NTWK,20131108,5.98,5.98,5.09,5.23,1434700
NUAN,20131108,15.55,15.62,15.34,15.58,4024200
NURO,20131108,67.84,76.48,61.76,63.36,1317200
NUVA,20131108,31.28,32.1,31.09,31.89,448100
NVAX,20131108,55,59,54,58,2138000
NVDA,20131108,3.75,3.9025,3.735,3.89,18364300
NVEC,20131108,52.53,53.18,52.53,53.18,15500
NVEE,20131108,8.5,8.5,8.5,8.5,900
NVMI,20131108,9.18,9.24,9.11,9.23,112200
NWBI,20131108,13.61,14.14,13.56,14.1,987900
NWFL,20131108,28.45,28.45,27.57,28.25,2300
NWLI,20131108,202.1,206.1,202,205,7700
NWPX,20131108,37.09,38.21,37.04,37.99,38600
NWS,20131108,17.58,17.97,17.54,17.94,518700
NWSA,20131108,17.31,17.62,17.17,17.6,1787500
NXPI,20131108,40.6,41.71,40.51,41.59,1800500
NXST,20131108,44.47,46.46,44.14,46.43,321500
NYMT,20131108,6.62,6.65,6.49,6.62,652300
NYMTP,20131108,20.52,20.52,20.32,20.46,6200
NYMX,20131108,6.84,7.05,6.76,6.87,30100
OBAS,20131108,6.61,6.61,6.32,6.41,2200
OBCI,20131108,2.25,2.31,2.2,2.31,8100
OCC,20131108,3.86,4,3.86,3.91,6800
OCFC,20131108,17.71,18.52,17.71,18.13,26200
ODFL,20131108,46.59,47.61,46.41,47.58,377600
OFED,20131108,17.2,17.2,17.2,17.2,500
OFIX,20131108,21.02,21.27,20.75,21.22,124100
OFLX,20131108,20.17,20.87,20.14,20.54,6100
OFS,20131108,11.66,12.05,11.58,11.8,17600
OIIM,20131108,2.96,2.98,2.87,2.87,18600
OLED,20131108,34.5,36.98,33.2,36.61,3849200
OMAB,20131108,26.07,26.45,25.45,26.26,9700
OMCL,20131108,22.7,23.16,22.6,22.98,147900
OMER,20131108,8.63,8.83,8.24,8.63,464200
OMEX,20131108,24.84,26.76,24.84,26.76,1047100
ONB,20131108,14.7,15.34,14.7,15.29,623400
ONCY,20131108,2.44,2.45,2.4,2.44,166000
ONEQ,20131108,152.09,154.32,152.09,154.32,18300
ONTX,20131108,1996.5,2136,1920,1945.5,250900
OPEN,20131108,75.95,77.98,75.14,77.69,720000
OPHC,20131108,14.3,14.3,14.3,14.3,1200
OPOF,20131108,12.7,12.72,12.7,12.72,500
ORLY,20131108,123.31,123.92,122.42,123.52,659900
ORMP,20131108,6.96,7.14,6.65,7.01,11800
ORRF,20131108,17,17.22,16.53,16.95,13500
OSBC,20131108,4.49,4.49,4.32,4.43,35000
OSIS,20131108,72.46,73.79,72.46,73.56,97800
OSTK,20131108,23.64,25.02,23.41,24.9,392400
OSUR,20131108,6.36,6.93,6.36,6.86,1195000
OTEX,20131108,20.715,21.125,20.665,20.9425,320400
OTTR,20131108,30.16,30.7,29.78,30.64,88700
OVBC,20131108,21,21.34,20.95,21.3,3600
OVLY,20131108,8.05,8.05,8.05,8.05,1100
OXLC,20131108,15.65,15.99,15.63,15.82,16900
OXLCO,20131108,23.66,23.66,23.5,23.66,1300
OXLCP,20131108,26.08,26.08,26.08,26.08,0
PAAS,20131108,10.1,10.42,10.01,10.42,1732800
PACB,20131108,3.94,4.11,3.9,4.11,541700
PACW,20131108,38.3,39.9,38.15,39.74,394700
PATK,20131108,12.9067,13.1111,12.72,13.0533,41700
PAYX,20131108,41.78,42.21,41.72,42.21,1927900
PBCT,20131108,14.37,14.71,14.33,14.61,3941400
PBHC,20131108,13.5,13.5,13.5,13.5,100
PBIP,20131108,10.65,10.8,10.65,10.68,23300
PBPB,20131108,25.94,26.4,25.75,25.77,162800
PCAR,20131108,56.01,56.84,55.91,56.84,1239500
PCH,20131108,39.59,40.03,39.28,40,241100
PCOM,20131108,20.67,22.32,20.64,22.05,93400
PCRX,20131108,47.49,51.77,47.49,51.44,462900
PCTI,20131108,9.33,9.72,9.33,9.68,72800
PCYG,20131108,9.22,9.66,8.77,9.51,19600
PCYO,20131108,5.99,6.22,5.99,6.2,19000
PDCE,20131108,57.2,60.98,57.2,60.04,1265500
PDCO,20131108,42.93,43.27,42.65,43.25,523100
PDEX,20131108,2.16,2.22,2.16,2.22,23300
PDFS,20131108,22.23,22.95,22.23,22.67,114000
PEBK,20131108,13.04,13.12,13.04,13.12,3100
PEBO,20131108,21.86,23.17,21.86,22.97,28400
PEGA,20131108,19.16,19.75,19.11,19.24,135500
PENN,20131108,12.89,13.74,12.75,13.68,4242400
PERI,20131108,30.33,32.7,30.15,31.83,360000
PESI,20131108,4,4,3.93,3.95,11900
PETS,20131108,14.51,14.98,14.51,14.71,210400
PFBC,20131108,18.9,19.5,18.9,19.3,22500
PFIN,20131108,7.65,7.68,7.45,7.51,2800
PFLT,20131108,13.39,13.42,13.3,13.38,57400
PFMT,20131108,9.8,10.44,9.44,9.5,1408200
PFSW,20131108,6.7,6.95,6.58,6.87,49800
PGC,20131108,17.4,18.95,17.35,17.56,17500
PINC,20131108,30.99,31.12,30.78,30.98,245000
PKBK,20131108,8.2273,8.2273,8.1364,8.1364,3500
PKOH,20131108,37.76,38.5,37.76,38.2,28800
PLAB,20131108,7.99,8.5,7.84,8.35,246800
PLBC,20131108,6.6,6.6,6.6,6.6,400
PLCE,20131108,52.68,53.67,52.25,53.38,382300
PLPC,20131108,76.73,76.73,72.41,72.8,22900
PLUG,20131108,0.5,0.54,0.5,0.53,691200
PLUS,20131108,25.01,26.445,24.625,26.23,14300
PLXS,20131108,38.24,38.99,38.24,38.91,157300
PMBC,20131108,6.15,6.29,6.11,6.25,6500
PMD,20131108,14.09,14.52,13.9,13.95,11200
PME,20131108,2.87,3.1,2.86,3.09,75500
PNBK,20131108,12.1,12.3,12.1,12.2,3300
PNFP,20131108,31,32.45,30.25,32.27,120400
PNNT,20131108,11.2,11.32,11.17,11.27,316500
PNQI,20131108,61.32,62.2,61.19,62.13,56100
PNRG,20131108,48.52,48.52,48.52,48.52,100
PODD,20131108,36.3,37.15,35.01,36.43,1355100
POOL,20131108,52.92,53.79,52.92,53.7,404500
POWI,20131108,27.5,28.37,27.5,28.125,135700
POWL,20131108,62.54,63.98,62.14,62.65,26100
PPBI,20131108,13.71,14.2,13.71,14.15,31100
PPC,20131108,13.91,14.28,13.76,14.19,1228700
PPSI,20131108,8.4,8.85,8.4,8.75,3200
PRAA,20131108,57.32,57.8,56.44,57.3,445000
PRFT,20131108,19.42,20.9,18.86,20.57,306000
PRFZ,20131108,90.89,92.44,90.81,92.28,67900
PRGS,20131108,25.5,25.97,25.13,25.75,134400
PRIM,20131108,27.23,28.76,27.23,28.38,232900
PROV,20131108,14.53,14.66,14.36,14.59,145200
PRPH,20131108,1.71,1.84,1.71,1.75,5500
PRTA,20131108,23.31,25,23.31,24.9,81700
PRTS,20131108,2.46,2.48,2.36,2.43,136700
PSCC,20131108,48.85,49.13,46.5,48.85,12400
PSCD,20131108,45.65,45.99,44.27,45.9,15500
PSCE,20131108,46.27,47.72,46.27,47.7,44300
PSCF,20131108,38,38.62,37.92,38.44,10000
PSCH,20131108,51.12,52.44,50.85,52.43,26900
PSCI,20131108,41.8,42.57,41.79,42.57,4800
PSCM,20131108,39.68,40.14,39.46,40.12,7700
PSCT,20131108,41.07,41.86,40.92,41.68,31000
PSCU,20131108,34.12,34.41,33.87,34.34,2400
PSEC,20131108,11.15,11.31,11.13,11.3,2837900
PSMT,20131108,116,118.08,116,117.38,132000
PSTI,20131108,32.7,32.9,32.3,32.8,109300
PTCT,20131108,16.68,17.31,16.66,16.86,61700
PTEN,20131108,24.29,24.81,24,24.79,3280800
PTIX,20131108,3.29,3.29,2.5,2.81,598700
PTNR,20131108,8.21,8.47,8.21,8.46,210600
PTSI,20131108,17.81,18,17.65,17.92,4700
PWOD,20131108,32.9133,34.1,32.9133,33.9733,13600
PXLW,20131108,4.2,4.28,3.73,4.26,1701100
PZZA,20131108,38.015,38.685,38.015,38.52,106300
QABA,20131108,33.36,34.63,33.36,34.47,2000
QADA,20131108,14.65,15.22,14.65,15.04,16900
QADB,20131108,12.49,13.34,12.43,13.34,500
QCLN,20131108,17.11,17.46,17,17.45,57400
QCOM,20131108,67.42,68.04,67.06,67.45,14752500
QCRH,20131108,17.65,17.85,17.5,17.7,11500
QDEL,20131108,24.31,25.47,24.31,24.68,100600
QIWI,20131108,38.02,40.48,37.84,40.48,99500
QLYS,20131108,21.4,21.75,20.57,20.64,199400
QNST,20131108,8.4,8.64,8.36,8.56,108100
QQEW,20131108,33.82,34.24,33.81,34.24,66400
QQQ,20131108,81.73,82.56,81.51,82.54,31480500
QQQX,20131108,17.06,17.18,17.01,17.12,54800
QQXT,20131108,32.47,32.93,32.47,32.93,13500
QTEC,20131108,32.74,33.05,32.74,33.05,18900
QUIK,20131108,46.2,48.02,45.36,47.74,166700
QUMU,20131108,14.59,14.81,14.26,14.78,16700
RADA,20131108,3.48,3.48,3.32,3.32,900
RAIL,20131108,23.87,24.75,23.87,24.36,98700
RAND,20131108,26.55,26.55,26.19,26.46,3400
RAVN,20131108,33.34,34.15,33.34,34,57900
RBCAA,20131108,23.25,23.34,23.09,23.25,67900
RBCN,20131108,90.2,92.7,89.2,90.1,365600
RCII,20131108,33.47,33.89,33.06,33.81,615800
RCKY,20131108,16.45,16.8,16.23,16.55,23800
RCMT,20131108,6.15,6.45,6.14,6.35,18900
RCON,20131108,24.85,24.9,23.8,24.7,88600
RDCM,20131108,4.49,4.49,4.22,4.22,7100
RDHL,20131108,10.5,10.5,10.5,10.5,100
RDI,20131108,6.61,6.64,6.48,6.6,37900
RDIB,20131108,8.99,8.99,8.99,8.99,0
RDNT,20131108,2.38,2.42,2.32,2.35,171600
RDWR,20131108,14.55,15.06,14.37,14.96,149100
REFR,20131108,4.86,5.29,4.75,5,361700
REGI,20131108,13.03,13.4,12.82,13.34,966400
REGN,20131108,277.3,287.62,277.3,283.07,747100
RELL,20131108,11.12,11.48,11.12,11.39,19800
RENT,20131108,35.61,40.5,35.61,40.5,216700
RFIL,20131108,9.5,9.86,9.25,9.47,131900
RGCO,20131108,13.2067,13.2067,13.2067,13.2067,100
RGEN,20131108,11.57,12.17,11.35,11.95,875000
RGLD,20131108,46.17,47.78,46,47.75,667000
RGLS,20131108,77.52,80.64,73.08,74.52,175800
RICK,20131108,10.74,10.88,10.42,10.52,84500
RIGL,20131108,2.77,2.93,2.72,2.87,536000
RMBS,20131108,8.17,8.48,8.17,8.46,454900
RMCF,20131108,12.56,12.7,12.5,12.61,7600
RMTI,20131108,11.21,12.15,11.2,12.11,1372500
RNA,20131108,3.7,3.77,3.62,3.66,86400
RNST,20131108,28.73,29.75,28.73,29.69,59100
RNWK,20131108,7.13,7.27,7.1,7.2,48000
ROCK,20131108,16.6,17.29,16.6,17.09,79200
ROIC,20131108,14.6,14.62,14.26,14.44,333500
ROLL,20131108,67.05,69.09,66.79,67.37,71700
ROST,20131108,38.5,39.08,38.36,39.045,908000
RPRX,20131108,14.95,15.67,14.93,15.28,541100
RRGB,20131108,79.17,81.13,78.76,80.2,121900
RUSHA,20131108,18.3533,18.9267,18.3533,18.6467,89300
RUSHB,20131108,16.0067,16.0133,15.8267,15.8267,10400
RUTH,20131108,13.27,13.51,13.23,13.49,353600
RVSB,20131108,2.63,2.7,2.62,2.7,46700
RYAAY,20131108,46.13,46.74,45.93,46.11,484300
SAFM,20131108,65.21,65.6,64.36,65.59,363000
SAFT,20131108,53.52,55.59,53.52,55.01,20900
SAIA,20131108,31.69,32.48,31.58,32.05,227400
SAL,20131108,25.95,26,25.77,26,1200
SALM,20131108,8.87,9,8.71,8.75,58700
SAMG,20131108,14.71,15.15,14.2,14.8,8300
SANM,20131108,15.15,15.49,14.97,15.36,1045900
SANW,20131108,6.15,6.29,5.95,6.09,126900
SASR,20131108,24.57,25.53,24.38,25.4,101300
SATS,20131108,38.4394,38.61,37.9031,38.1225,116400
SBAC,20131108,91.35,91.85,89.76,91.6,1891700
SBCF,20131108,11.2,11.3,11.05,11.15,440400
SBFG,20131108,7.92,8.14,7.92,7.93,12900
SBGI,20131108,31.74,34.71,31.68,33.97,3159100
SBLK,20131108,40.75,42.5,40.5,41.8,74600
SBNY,20131108,101.63,105.64,101.15,105.49,307300
SBRA,20131108,26.26,26.26,25.48,25.71,338300
SBSI,20131108,26,27.05,25.99,26.88,71200
SBUX,20131108,39.755,40.625,39.7,40.6,5743800
SCHL,20131108,28.56,29.36,28.56,29.15,127500
SCHN,20131108,29.88,31.52,29.88,31.42,281300
SCOR,20131108,26.5,27.42,26.5,27.28,218800
SCSC,20131108,39.7,40.12,39.69,39.95,166900
SCVL,20131108,25.23,26.39,25.23,25.7,69900
SEAC,20131108,13.31,13.54,13.19,13.28,301500
SEED,20131108,17.1,18.1,16.6,17.9,61300
SEIC,20131108,32.4,33.5,32.4,33.5,653200
SENEA,20131108,29.61,30.15,29.45,29.75,43500
SENEB,20131108,29.41,29.41,29.41,29.41,100
SFBC,20131108,16.59,16.59,16.59,16.59,300
SFM,20131108,44.6,48.95,44.21,45.69,825600
SFNC,20131108,16.75,17.455,16.63,17.265,33100
SFST,20131108,13.1,13.48,13.05,13.4,29500
SGC,20131108,14.01,14.91,14.01,14.68,5500
SGEN,20131108,37.04,39.63,37.04,38.92,944200
SGMA,20131108,5.44,5.44,5.09,5.3,24000
SGMO,20131108,9.25,9.92,9.25,9.69,719700
SGMS,20131108,17.72,19.48,17.19,18.05,2120100
SGOC,20131108,14.6,15.76,14.6,15.08,126000
SGRP,20131108,2,2,2,2,1300
SHBI,20131108,8.91,9.14,8.81,8.92,6500
SHEN,20131108,13.14,13.5,13.14,13.4,72100
SHIP,20131108,1416,1440,1416,1440,5100
SHOO,20131108,24.4067,25.26,24.3667,25.0267,493500
SHY,20131108,84.48,84.49,84.46,84.46,1591100
SIEB,20131108,1.63,1.63,1.63,1.63,0
SIFY,20131108,1.91,1.95,1.88,1.92,73700
SIGA,20131108,3.32,3.46,3.25,3.44,150300
SIGI,20131108,26.19,26.94,26.19,26.8,107000
SILC,20131108,44.12,44.5,43.74,44.46,41700
SIMO,20131108,12.47,12.63,12.36,12.56,101200
SINO,20131108,9.7,9.7,9.4,9.6,2700
SIRI,20131108,3.61,3.67,3.58,3.65,34789400
SIVB,20131108,94.72,99.45,94.72,99.17,321500
SKYW,20131108,15.36,16.11,15.25,15.75,591500
SKYY,20131108,24.68,24.88,24.63,24.88,25000
SLAB,20131108,39.4,39.98,39.37,39.91,144000
SLGN,20131108,22.37,23.11,22.37,22.55,217300
SLM,20131108,8.8893,8.9929,8.7893,8.9643,2624200
SLMBP,20131108,68.6,68.6,68.6,68.6,100
SLP,20131108,5.29,5.41,5.24,5.32,35500
SLRC,20131108,22.2,22.57,22.07,22.55,279200
SLVO,20131108,17.25,17.25,17.15,17.24,6700
SMBC,20131108,15.745,15.745,15.745,15.745,0
SMCI,20131108,14.14,14.54,14.14,14.51,199400
SMED,20131108,4.5,4.75,4.46,4.59,76500
SMIT,20131108,2.6,2.6,2.6,2.6,0
SMMF,20131108,9.15,9.43,9.15,9.43,500
SMPL,20131108,15.51,15.51,15.5,15.51,17100
SMSI,20131108,3.24,3.52,3.24,3.44,361700
SMTC,20131108,30.43,31.1,30.37,31.1,360300
SNCR,20131108,33.06,33.99,32.74,33.17,746100
SNFCA,20131108,5.98,5.98,5.65,5.92,5400
SNPS,20131108,36.17,36.94,35.94,36.31,190300
SOCL,20131108,18.83,18.97,18.6,18.82,187700
SOHO,20131108,4.94,5.2,4.77,4.97,91800
SOHU,20131108,62.39,62.39,60.33,60.99,1097500
SOXX,20131108,67.37,68.04,67.27,68.02,60500
SPBC,20131108,19.38,19.9,19.38,19.45,500
SPCB,20131108,4.2,4.39,4.03,4.2,5700
SPLK,20131108,61.99,62.36,59.5,60.3,2295900
SPNS,20131108,6.61,6.75,6.5,6.73,20400
SPPI,20131108,9.1,9.54,9.05,9.42,991200
SPRO,20131108,2.15,2.15,2.15,2.15,1500
SPSC,20131108,66.96,67.83,66.38,66.87,35600
SPTN,20131108,22.98,23.28,22.65,23.07,82000
SPWR,20131108,30.28,31.88,29.76,31.87,3692700
SQQQ,20131108,5836.8,5878.4,5657.6,5660.8,3146000
SRCE,20131108,31.2,32.5,31.2,32.24,61300
SRCL,20131108,115.29,117.39,115.29,116.57,214100
SRDX,20131108,21.6,22.17,21.58,22.12,72100
SREV,20131108,9.1,9.3,8.91,9.29,949500
SRNE,20131108,8.25,8.99,8.25,8.75,8700
SRPT,20131108,35.16,36.57,34.6,36,1080900
SSBI,20131108,10.08,10.09,10.03,10.08,4500
SSNC,20131108,40.1,41,40,40.88,189800
SSYS,20131108,119.42,121.2,116,119.05,1365000
STAA,20131108,12.5,13,12.5,12.88,115500
STBA,20131108,23.25,25.1,23.25,24.82,75800
STFC,20131108,19.96,20.52,19.96,20.45,18100
STKL,20131108,9.42,9.44,9.14,9.27,348400
STLD,20131108,18.57,19.33,18.48,19.16,2915000
STRA,20131108,36.97,38.19,36.77,37.5,291400
STRL,20131108,9.95,10.22,9.8,10.13,31900
STRM,20131108,7.96,8.05,7.87,7.87,5600
STRN,20131108,4.5,4.8,4.5,4.58,2200
STRS,20131108,16.39,16.64,16.39,16.64,400
STRT,20131108,40.4,41.93,39.06,41.19,26000
STSA,20131108,29.3,30.57,29.3,30.53,229400
STX,20131108,47.15,48.2,47.15,48.18,3412700
SUMR,20131108,24.75,25.74,24.75,25.56,40200
SUNS,20131108,18,18.4,18,18.24,16800
SUPN,20131108,6.68,7,6.5,6.98,746000
SURG,20131108,4.16,4.19,4.05,4.06,26600
SVBI,20131108,4.67,4.85,4.62,4.81,900
SVVC,20131108,22.32,22.94,22.3,22.44,136700
SWIR,20131108,16.48,17.3,15.5,17.09,1579200
SWKS,20131108,25.28,25.41,25,25.35,2034300
SYBT,20131108,19.64,20.6667,19.64,20.38,21600
SYNA,20131108,44.68,45.4,44.49,45.34,748700
SYNL,20131108,15.65,16.05,15.51,15.86,3000
SYPR,20131108,2.77,2.83,2.76,2.82,15800
TACT,20131108,14.75,14.77,14.43,14.49,18000
TAIT,20131108,1.06,1.07,1.05,1.05,8800
TAST,20131108,6.08,6.25,6.03,6.14,119600
TATT,20131108,7.91,7.94,7.53,7.82,2000
TAYD,20131108,8.01,8.01,8.01,8.01,200
TBBK,20131108,16.12,16.76,16.12,16.72,253700
TBNK,20131108,22.49,23.12,22.49,22.96,17000
TCBI,20131108,51.34,53.32,51.34,52.98,560000
TCBK,20131108,25.46,26.74,25.46,26.25,42200
TCFC,20131108,19.55,20,19.06,19.7,34300
TCPC,20131108,16.98,17.41,16.85,17.27,368400
TCX,20131108,10.08,10.36,9.96,10.12,66200
TDIV,20131108,23.65,23.79,23.5,23.79,53200
TECH,20131108,85.77,87.37,85.18,87.2,161400
TESS,20131108,35.03,35.91,34.71,35.17,42500
TFSL,20131108,11.92,12.28,11.92,12.21,198100
TGA,20131108,8.85,9.1,8.78,9.04,131600
TGTX,20131108,4.03,4.18,4.03,4.14,477200
THFF,20131108,34.16,36,34.16,35.48,53000
THRM,20131108,22.78,23.29,22.21,22.99,403200
THRX,20131108,33.9,35.54,33.74,34.62,713400
TIGR,20131108,1.89,1.95,1.88,1.95,6800
TILE,20131108,20.1,20.48,20,20.38,392700
TIPT,20131108,7.85,7.85,7.85,7.85,100
TITN,20131108,18.28,18.64,18.26,18.46,290800
TLT,20131108,103.97,104.11,103.39,103.41,16889900
TNXP,20131108,4150,4220,4100,4150,14900
TOPS,20131108,12600000,13230000,11550000,11900000,4200
TOWN,20131108,14.41,14.97,14.41,14.63,29200
TQQQ,20131108,8.275,8.5208,8.2058,8.5125,1230100
TREE,20131108,31.6,32.11,31.29,31.58,122700
TRIB,20131108,24.76,25.26,24.76,25.1,102500
TRIP,20131108,84.09,85.9,83.17,84.48,1939800
TRIT,20131108,1.56,1.61,1.45,1.56,80500
TRMB,20131108,31.36,32.16,31.25,31.84,1405000
TRMK,20131108,26.82,27.98,26.79,27.86,371600
TRNS,20131108,7.78,7.89,7.69,7.81,15900
TROW,20131108,76.79,78.87,76.79,78.8,1935900
TRS,20131108,37.95,38.44,37.95,38.12,403700
TRST,20131108,6.62,6.88,6.62,6.8,222100
TSBK,20131108,8.4,8.75,8.4,8.68,5800
TSC,20131108,11.97,12.27,11.97,12.18,33900
TSCO,20131108,70.06,71.58,70.03,71.37,886000
TSEM,20131108,4.61,4.65,4.57,4.65,17000
TSLA,20131108,27.296,28.12,26.464,27.59,22477800
TSRI,20131108,3.45,3.45,3.45,3.45,0
TTEC,20131108,25.35,26.02,25.35,25.85,70600
TTEK,20131108,26.12,26.5,25.96,26.45,343600
TTGT,20131108,4.85,5.35,4.82,5.21,35400
TTMI,20131108,8.96,9.12,8.95,9.05,258600
TTWO,20131108,17.31,17.75,17.21,17.51,3037000
TW,20131108,107.46,109.76,107.1,109.52,645600
TWIN,20131108,25.91,27.02,25.91,26.36,17700
TXN,20131108,41.84,42.04,41.56,41.98,5590100
TXRH,20131108,27.63,28.04,27.45,28.01,604200
TZOO,20131108,20.49,20.77,20.33,20.58,96100
UBCP,20131108,6.95,7.06,6.95,7,4300
UBFO,20131108,4.87,4.9,4.45,4.65,34400
UBOH,20131108,13.35,13.4,13.35,13.4,1000
UBSI,20131108,29.72,30.99,29.67,30.79,245000
UCBI,20131108,15.66,16.16,15.65,15.9,1554600
UCTT,20131108,9.43,9.68,9.37,9.66,175400
UEIC,20131108,38.19,38.36,36.5,37.15,222800
UEPS,20131108,12.35,12.4,11.69,11.93,368900
UFCS,20131108,29.1,30.66,29.1,29.92,45600
UFPI,20131108,52.2,54.23,52.07,53.74,202900
UFPT,20131108,25.36,25.79,24.88,25.78,20000
UG,20131108,24.26,24.63,24.26,24.5,2000
UHAL,20131108,220.25,224.9,220.02,224.03,50600
UIHC,20131108,10.02,10.25,10,10.05,27500
ULBI,20131108,3.75,3.84,3.7,3.78,27900
ULTA,20131108,127.06,129.2,126.61,127.89,507500
UMBF,20131108,60.47,62.81,60.23,62.53,142500
UMPQ,20131108,16.55,17.33,16.4,17.32,1144700
UNAM,20131108,12.52,12.75,12.36,12.36,1900
UNB,20131108,21.95,22.02,21.6,21.6,1600
UNTY,20131108,7.7,7.73,7.69,7.69,2300
URBN,20131108,38.51,39.51,38.46,39.48,1637700
USAK,20131108,12.43,13.04,12.43,12.84,358900
USAP,20131108,32,33.16,32,32.78,16600
USEG,20131108,197.4,208.8,196.8,205.2,277300
USLM,20131108,57.06,57.36,56.17,56.39,23100
UTHR,20131108,87.92,91.97,87.92,90.46,566000
UTMD,20131108,54.58,55.09,54.41,55.09,1900
UTSI,20131108,2.32,2.37,2.31,2.34,124900
UVSP,20131108,19.68,20.45,19.68,20.28,49700
VALU,20131108,9.17,9.29,9.17,9.18,2600
VBFC,20131108,24.8,24.8,24.8,24.8,500
VCIT,20131108,83.57,83.59,83.35,83.35,292300
VCLT,20131108,81.81,81.81,81.37,81.37,47000
VCSH,20131108,79.98,79.99,79.92,79.98,563700
VCYT,20131108,11.1,11.55,11,11.41,26300
VECO,20131108,30.47,31.27,29.55,30.56,883300
VGIT,20131108,63.77,63.77,63.64,63.65,13100
VGLT,20131108,65.5,65.55,65.14,65.15,115800
VGSH,20131108,60.99,60.99,60.92,60.94,31700
VIA,20131108,81.27,82.54,80.84,82.28,17200
VICR,20131108,8.97,9.24,8.97,9.11,17000
VIRC,20131108,2.09,2.09,2.08,2.09,500
VIVO,20131108,24.69,25.4,24.69,24.97,121800
VLGEA,20131108,35.92,36.96,35.92,36.34,16400
VMBS,20131108,51.38,51.48,51.38,51.4,100700
VNDA,20131108,5.85,6.36,5.7,6.24,1893200
VNET,20131108,18,18.56,17.84,18.36,219900
VNQI,20131108,56.49,56.73,56.26,56.71,78000
VOD,20131108,36.42,36.82,36.4,36.54,10812400
VONE,20131108,80.7,81.78,80.7,81.78,11200
VONG,20131108,83.13,84.01,83.1,84.01,7200
VONV,20131108,78.39,79.5,78.39,79.5,6700
VOXX,20131108,15.41,15.77,15.38,15.71,80000
VRA,20131108,24.28,25,24.17,25,632800
VRNT,20131108,35.49,36.05,35.24,36.03,260100
VRSK,20131108,61.45,62.59,61.25,62.47,935300
VRSN,20131108,53.35,54.48,53.35,54.15,1151300
VRTS,20131108,203.9,207.98,202.1,207.9,33100
VRTX,20131108,60.86,62.25,60.42,61.06,2187800
VSAT,20131108,65.26,65.99,64.5,64.92,158900
VSEC,20131108,22.995,23.405,22.455,23.235,8800
VSTM,20131108,10.47,11.2,10.47,10.92,85100
VTHR,20131108,81.87,82.1,81.84,82.1,1400
VTIP,20131108,49.5,49.5,49.41,49.45,80000
VTNR,20131108,2.93,3.04,2.93,3.04,21100
VTWG,20131108,91.43,93.28,91.43,93.06,7300
VTWO,20131108,86.32,87.87,86.32,87.7,91300
VTWV,20131108,81.77,82.53,81.77,82.5,1100
VWOB,20131108,77,77,76.23,76.5,15100
VXUS,20131108,50.93,51.26,50.8,51.25,805200
WABC,20131108,52.06,54.29,52.06,54.06,127700
WAFD,20131108,22.17,23.05,22.16,22.86,428400
WASH,20131108,32.97,34.01,32.71,33.84,25300
WDAY,20131108,75,76.28,73.57,74.08,1486300
WDC,20131108,70.34,72.04,70.23,71.67,1543600
WDFC,20131108,71.87,73.62,71.87,73.1,76300
WEN,20131108,8.25,8.35,8.17,8.34,13955800
WERN,20131108,23.01,23.17,22.95,23.15,658300
WETF,20131108,13.72,14.32,13.72,14.05,1507500
WEYS,20131108,28.94,29.34,28.56,28.97,29500
WHF,20131108,15.43,15.75,15.27,15.74,15600
WHLR,20131108,33.28,34.16,33.28,33.52,5200
WILC,20131108,7.71,7.71,7.54,7.6,14700
WINA,20131108,73.03,74.2,73.03,73.84,17100
WIRE,20131108,49.28,50.94,49.27,50.24,135300
WIX,20131108,16.59,18.09,16.58,17.3,526700
WLDN,20131108,3.65,3.9,3.58,3.65,42200
WLFC,20131108,17.6,17.89,17.59,17.85,13700
WOOD,20131108,50.05,50.67,49.83,50.65,25100
WOOF,20131108,27.91,28.15,27.84,28.11,1033200
WPRT,20131108,22.56,22.67,22.35,22.44,885800
WRLD,20131108,87.48,89.61,87.02,88.32,225400
WSBC,20131108,28.69,30.21,28,29.68,76000
WSBF,20131108,10.59,10.78,10.59,10.76,7000
WSFS,20131108,23.1067,23.7367,23.1067,23.5733,92800
WSTG,20131108,13.4,13.4,13.16,13.4,6100
WTBA,20131108,13.71,14.19,13.71,14.07,24100
WTFC,20131108,43.23,44.99,43.23,44.77,332500
WVFC,20131108,11.15,11.15,11.15,11.15,1600
WVVI,20131108,6.55,6.65,6.48,6.64,4600
WWD,20131108,39.38,39.9,39.05,39.32,400800
WYNN,20131108,159.86,164.24,159.86,163.71,2473900
XLNX,20131108,44.5,44.66,44.14,44.63,2701600
XLRN,20131108,17.42,18.82,16.78,18.5,57300
XOMA,20131108,80.4,82.6,77,77.6,1885900
XONE,20131108,54.41,58.5,54.41,58.3,477000
XRAY,20131108,47.24,47.83,47.06,47.81,801300
XRTX,20131108,10.12,10.24,10.02,10.09,101200
XTLB,20131108,21.75,21.95,21.75,21.95,400
YNDX,20131108,36.12,36.58,35.59,36.35,2340400
YORW,20131108,20.23,20.63,20.23,20.6,24800
YY,20131108,47.67,49.5,46.06,47.47,1944100
Z,20131108,75.26,77.83,74.6,77.28,1097700
ZBRA,20131108,50.67,51.17,50.17,50.62,359000
ZEUS,20131108,25.8,27.2,25.8,26.99,44500
ZGNX,20131108,20.56,21.76,20.16,21.28,1244700
ZION,20131108,28.13,29.67,28.07,29.64,2271000
ZIOP,20131108,3.09,3.3,3.05,3.1,1045900
ZIXI,20131108,4.21,4.27,4.17,4.25,343500
ZNGA,20131108,3.47,3.55,3.42,3.46,17273900
ZUMZ,20131108,29.1,29.95,28.97,29.58,143000
