AAME,20131106,4.04,4.05,3.97,4.04,9900
AAOI,20131106,12.5,13.31,12.5,13.12,99800
AAON,20131106,19.1733,19.3733,18.92,19.16,80200
AAPL,20131106,18.7197,18.745,18.5072,18.6043,7977700
AAWW,20131106,38.53,39.03,38.28,38.37,352900
AAXJ,20131106,60.13,60.15,59.86,59.9,196800
ABCB,20131106,18.48,18.89,17.99,18.78,45400
ABIO,20131106,187.74,187.74,172.62,176.4,831300
ABMD,20131106,24.62,26.48,24.32,25.84,1325700
ACAD,20131106,22.62,22.79,20.13,21,3056500
ACET,20131106,16.53,16.75,16.36,16.51,234600
ACGL,20131106,19.2767,19.4733,19.24,19.4333,338800
ACHC,20131106,43.41,43.92,42.15,42.21,195500
ACIW,20131106,17.89,17.9467,17.56,17.5767,414900
ACLS,20131106,8.88,9.2,8.88,9.04,1249600
ACNB,20131106,17.5,17.8,17.5,17.53,9400
ACOR,20131106,33.29,34.25,32.5,32.55,756900
ACRX,20131106,7.02,7.23,6.21,6.86,1463300
ACST,20131106,19.2,19.8,19,19,11100
ACTG,20131106,14.75,14.98,14.64,14.96,772000
ACWI,20131106,56.2,56.4,56.15,56.24,571900
ACWX,20131106,46.3,46.39,46.23,46.3,115700
ADBE,20131106,54.9,55.1,54.54,54.88,3286000
ADES,20131106,19.79,20.115,19.435,20.02,75400
ADI,20131106,49.99,50.05,49.55,49.93,1094100
ADP,20131106,66.1457,66.7691,66.1283,66.576,1254600
ADRE,20131106,38.03,38.1,37.97,38.04,9600
ADSK,20131106,41.96,42.15,41.54,42.02,2777200
ADTN,20131106,23.84,24.15,23.4,23.61,241900
ADUS,20131106,24.54,24.93,24.05,24.58,122900
ADXS,20131106,57.6,57.75,56.4,56.85,258300
AEHR,20131106,2.52,2.59,2.45,2.45,32600
AEIS,20131106,26,26.05,23.73,24.06,1499500
AERI,20131106,11.57,12.03,10.84,10.93,63800
AEY,20131106,2.53,2.57,2.53,2.57,600
AEZS,20131106,142,145,138,141,280400
AGEN,20131106,2.48,2.48,2.4,2.4,181900
AGIO,20131106,24.53,24.9,21.16,22,296400
AGNC,20131106,21.7,21.92,21.66,21.8,6272900
AGNCP,20131106,25.5,25.6,25.38,25.6,34300
AGYS,20131106,11.89,11.89,11.7,11.79,19600
AHPI,20131106,2.51,2.6,2.48,2.56,3800
AIMC,20131106,31.09,31.09,30.37,30.76,27600
AINV,20131106,25.74,25.86,25.56,25.77,978500
AIQ,20131106,25.56,25.56,23.8,24.06,18600
AIRT,20131106,11.46,11.48,11.35,11.35,300
AKAM,20131106,45.31,45.48,44.84,45.16,1215900
ALCO,20131106,38.93,39.13,38,38.57,9600
ALGN,20131106,57.19,57.75,56.31,57.09,665300
ALGT,20131106,108.02,108.2,105.41,105.77,65400
ALIM,20131106,1.99,1.99,1.86,1.87,98700
ALKS,20131106,36.05,36.15,35,35.15,809400
ALLT,20131106,12.93,13,12.77,12.93,177400
ALNY,20131106,57.96,58.16,54.23,54.97,1264700
ALOT,20131106,12.82,12.99,12.65,12.66,3000
ALTR,20131106,33.02,33.3,32.96,33.11,1996300
ALVR,20131106,0.71,0.73,0.7,0.71,36400
AMAT,20131106,17.85,17.94,17.6,17.92,7458400
AMBA,20131106,20.8,21.14,20.43,20.61,517700
AMCX,20131106,72.13,73.39,71.84,72.35,1230700
AMD,20131106,3.33,3.35,3.3,3.32,15065200
AMED,20131106,16.84,16.99,16.66,16.83,187700
AMGN,20131106,116.25,116.29,113.09,113.32,3494200
AMKR,20131106,5.74,5.82,5.66,5.78,1282500
AMNB,20131106,22.85,23.11,22.45,22.5,36600
AMOT,20131106,9.44,9.8,9.22,9.22,11100
AMRN,20131106,1.43,1.49,1.39,1.4,6300300
AMRS,20131106,39.45,39.45,38.4,39.3,177500
AMSC,20131106,20.3,21.3,20,21.1,522300
AMSF,20131106,39.62,39.77,38.85,39.4,20900
AMSWA,20131106,9.13,9.22,9.11,9.15,15000
AMWD,20131106,33.75,34.03,33.49,33.56,35200
AMZN,20131106,360.45,362.87,354.5,356.18,2288000
ANAT,20131106,103,103.88,102.24,103.29,11100
ANDE,20131106,51.3667,52.3333,50.72,50.8733,200400
ANGI,20131106,15,15,14.21,14.54,1430700
ANGO,20131106,15.35,15.35,14.77,14.8,199800
ANIK,20131106,30.93,31.42,29.88,30.44,231300
ANIP,20131106,11.01,11.61,10.8,11.26,140000
ANSS,20131106,87.94,89.1,87.37,89.03,253500
AOSL,20131106,7.54,7.57,7.53,7.54,14900
APEI,20131106,39.93,43.29,39.5,42.43,250600
APOG,20131106,32.55,33.76,32.55,33.74,203100
APWC,20131106,3.38,3.42,3.37,3.42,1600
ARAY,20131106,6.82,6.92,6.62,6.91,823700
ARCC,20131106,17.64,17.75,17.6,17.67,1306800
ARKR,20131106,21.35,21.61,21.35,21.6,12200
ARLP,20131106,37.85,38.24,37.75,37.89,36100
ARNA,20131106,43.3,43.5,40.5,41.4,4820300
AROW,20131106,25.96,26.16,25.81,25.95,9900
ARRY,20131106,5.85,5.9,5.51,5.55,3295100
ARTNA,20131106,22.6,22.78,22.5,22.51,3600
ARTW,20131106,6.11,6.11,6.01,6.06,14400
ARWR,20131106,7.17,7.17,6.75,7,367300
ASML,20131106,90.59,91.12,90.2,90.54,884800
ASPS,20131106,153.78,154.42,146.5,149.78,123400
ASRV,20131106,3.1,3.14,3.1,3.13,800
ASTC,20131106,1.39,1.42,1.37,1.4,89200
ASTE,20131106,34.28,34.28,33.65,33.79,25200
ASUR,20131106,4.8,5.09,4.8,4.99,2600
ASYS,20131106,8.2,8.45,8,8.39,50500
ATAI,20131106,4.12,4.2,4.11,4.13,7600
ATAX,20131106,7.1,7.25,6.99,7,88200
ATEC,20131106,23.28,23.28,22.32,22.32,40900
ATHX,20131106,1.67,1.69,1.67,1.67,169200
ATLC,20131106,3.35,3.48,3.35,3.47,1900
ATLO,20131106,22.02,22.08,21.57,21.77,5500
ATNI,20131106,53.05,55.24,52.69,54.75,23300
ATOS,20131106,367.2,376.2,360,360,42600
ATRC,20131106,14.23,14.23,13.8,14.01,31600
ATRI,20131106,270.5,271.89,270.03,270.5,1800
ATRO,20131106,46,47.7,45.98,47.64,149100
ATRS,20131106,3.93,3.93,3.62,3.72,2735400
ATSG,20131106,7.3,7.38,7.09,7.24,127800
ATVI,20131106,16.9,16.97,16.44,16.53,11871800
AUBN,20131106,24.72,24.72,24.72,24.72,400
AUDC,20131106,6.21,6.3,5.96,6.03,257200
AVAV,20131106,28.23,28.6,28,28.25,177000
AVEO,20131106,20.8,20.9,20.5,20.5,471400
AVGO,20131106,45.18,45.49,44.97,45.37,1048500
AVID,20131106,7.34,7.53,7.24,7.5,269000
AVNW,20131106,24.6,25.56,24.12,24.6,233600
AWRE,20131106,5.22,5.29,5.2,5.27,60200
AXDX,20131106,13.71,13.85,13.1,13.21,71400
AXGN,20131106,4.32,4.32,4.32,4.32,200
AXTI,20131106,2.47,2.5,2.44,2.46,67700
AZPN,20131106,38.2,38.45,37.93,38.27,323700
BANF,20131106,55.39,55.39,52.63,55,6500
BANFP,20131106,27.25,27.25,27.25,27.25,0
BANR,20131106,38.46,38.46,37.83,38.15,73800
BBBY,20131106,76.69,77.22,75.26,76,2242200
BBGI,20131106,8.24,8.25,7.77,8.15,6000
BBSI,20131106,87.93,88.1,82.41,83.17,32800
BCBP,20131106,11.3,11.69,11.18,11.6,13600
BCOR,20131106,27.49,29.5,27.01,29.23,3756200
BCOV,20131106,15.72,16.19,15.6,15.63,428000
BCPC,20131106,54.51,54.8,53.22,53.73,60700
BCRX,20131106,5.43,5.58,5.1,5.26,829200
BDSI,20131106,5.28,5.28,4.73,4.82,676300
BEAT,20131106,10.15,11.4,10.09,10.44,4142600
BECN,20131106,35.75,36.23,35.3,35.43,301900
BELFA,20131106,21,21,20.97,20.97,400
BELFB,20131106,21.26,21.38,20.94,21.26,29800
BFIN,20131106,9.1,9.23,9,9.1,12900
BGCP,20131106,5.6,5.66,5.58,5.63,806500
BGFV,20131106,18.52,18.68,17.93,18.05,325600
BIB,20131106,32.0375,32.0375,29.75,29.8025,66400
BICK,20131106,24.5,24.53,24.5,24.53,300
BIDU,20131106,154,155.49,147.79,150.09,3800100
BIIB,20131106,225.9209,226.5749,218.8836,219.6666,1053600
BIOL,20131106,9.95,10.1,9.7,9.7,708200
BIS,20131106,25.35,26.97,25.22,26.97,29100
BJRI,20131106,27.95,28,27.17,27.21,240900
BKCC,20131106,9.48,9.49,9.4,9.47,312600
BKEP,20131106,8.61,9.15,8.61,8.91,109100
BKEPP,20131106,9.1,9.24,9.1,9.24,16600
BKSC,20131106,17.2,17.22,17.1,17.19,5300
BLDP,20131106,1.35,1.4,1.32,1.33,581200
BLIN,20131106,200,222.5,200,222.5,49300
BLKB,20131106,35.63,36.09,35.39,35.7,109700
BLMN,20131106,25.25,26.49,24.55,25.37,1699400
BLRX,20131106,40.5,40.5,38.25,39.45,72900
BLUE,20131106,20.78,21.06,19.58,20.08,373500
BMRC,20131106,21.57,21.625,21.5,21.56,3400
BMRN,20131106,62.85,62.95,59.87,60.19,2376100
BMTC,20131106,28.49,28.49,28.07,28.27,8200
BNDX,20131106,49.92,49.99,49.8,49.9,68000
BNFT,20131106,48.68,49.42,47.83,48.63,22600
BNSO,20131106,1.55,1.62,1.53,1.55,9000
BOKF,20131106,62.15,62.55,61.95,62.46,41800
BOLT,20131106,18.44,18.44,18.1,18.29,10100
BOOM,20131106,22.88,23.23,22.5,22.95,66500
BOSC,20131106,4.32,4.49,4.3,4.32,700
BOTJ,20131106,8.7,8.7,8.7,8.7,0
BPOP,20131106,26.45,26.95,26.43,26.87,1127600
BPOPM,20131106,18.7,18.99,18.7,18.99,900
BPOPN,20131106,19.51,19.74,19.5,19.6,4800
BRID,20131106,9.53,9.53,9.53,9.53,300
BRKL,20131106,8.72,8.77,8.7,8.76,246200
BRKR,20131106,19.32,19.36,18.7,18.8,1126700
BRKS,20131106,9.54,9.54,9.34,9.45,187000
BRLI,20131106,33.24,33.48,32.9,33.2,89100
BSET,20131106,13.44,13.68,13.42,13.53,30500
BSQR,20131106,3.48,3.5,3.41,3.48,17400
BSRR,20131106,18.84,18.84,18.46,18.55,5300
BUSE,20131106,5.33,5.39,5.28,5.38,64300
BWEN,20131106,7.47,7.6,7.28,7.56,247500
BYFC,20131106,1.05,1.05,1.05,1.05,700
CAAS,20131106,6.68,6.68,6.5,6.57,98900
CAC,20131106,39.51,39.51,39.16,39.22,7700
CACC,20131106,122.42,122.83,121.6,121.93,11300
CACG,20131106,9.8,9.8,9.8,9.8,0
CAKE,20131106,49.18,49.18,48.46,48.53,490500
CALM,20131106,26.02,26.495,26.02,26.105,89200
CAMP,20131106,23.84,24.7,23.81,23.89,328300
CAMT,20131106,1.89,1.92,1.82,1.92,10300
CAR,20131106,31.19,31.54,30.53,31.24,1445300
CARV,20131106,7,7,6.84,6.99,3100
CARZ,20131106,39.07,39.28,39.07,39.14,15200
CASH,20131106,12.2967,12.3433,12.17,12.2533,10900
CASS,20131106,58.05,58.05,57.11,57.24,11200
CASY,20131106,77.47,77.58,76.65,77.03,210300
CATY,20131106,25,25.19,24.69,24.97,165200
CBAN,20131106,6.13,6.13,6.13,6.13,0
CBNK,20131106,17.55,17.55,17.35,17.36,4200
CBRL,20131106,115,115,112.62,112.68,135500
CBSH,20131106,45.75,46.34,45.63,46.05,224600
CCBG,20131106,12.03,12.25,12,12.18,126200
CCMP,20131106,43.76,44.61,43.76,43.8,369700
CCNE,20131106,20.02,20.13,19.49,19.92,18300
CCOI,20131106,35.8,36.12,34.94,35.13,198200
CCRN,20131106,5.92,5.92,5.74,5.74,35200
CCXI,20131106,5,5.07,4.61,4.71,590500
CDNS,20131106,13.15,13.28,13.15,13.2,5728100
CDW,20131106,23,23.25,22.8,22.99,113000
CDXS,20131106,1.75,1.79,1.69,1.71,180700
CDZI,20131106,5.4,5.49,5.38,5.4,39600
CECE,20131106,17.82,17.84,17.5,17.71,127800
CEMI,20131106,3.8,3.8,3.74,3.78,24300
CENT,20131106,7.47,7.66,7.47,7.59,24000
CENTA,20131106,7.43,7.48,7.33,7.4,66100
CENX,20131106,9.47,9.53,9.28,9.29,613500
CERE,20131106,14.72,15.76,14.08,15.76,650600
CERN,20131106,56.06,56.52,55.95,56.45,920000
CERS,20131106,6.4,6.42,5.84,5.9,856600
CEVA,20131106,14.96,15.25,14.75,15.11,103500
CFBK,20131106,7.48,7.48,7.26,7.37,5600
CFFI,20131106,52.81,52.95,52.2,52.2,1700
CFFN,20131106,12.47,12.59,12.42,12.52,525100
CG,20131106,29.5,31.22,29.5,30.54,467400
CGEN,20131106,9.9,10.21,9.63,10.06,259300
CGNX,20131106,15.58,15.68,15.355,15.39,444200
CGO,20131106,13.73,13.89,13.72,13.75,29400
CHCI,20131106,2.13,2.13,2.08,2.11,55500
CHCO,20131106,45.85,46.04,44.85,45.85,22200
CHDN,20131106,28.4367,28.6667,27.9433,28.0033,28700
CHEF,20131106,24.23,24.54,24,24.07,83500
CHI,20131106,13.03,13.11,12.97,12.98,156400
CHKP,20131106,59.08,60.84,59.04,60.11,1325500
CHMG,20131106,33.83,33.83,32.3,33.3,4500
CHNR,20131106,4.68,4.8,4.68,4.7,7300
CHRW,20131106,59,60.97,58.88,60.1,3289900
CHSCO,20131106,28.49,28.49,28.25,28.3,33700
CHSCP,20131106,29.64,29.65,29.22,29.23,20200
CHTR,20131106,130.94,131.33,128.2,128.92,1536300
CHUY,20131106,38.49,38.76,37.83,38.47,76500
CHW,20131106,8.9,8.94,8.87,8.89,141000
CHY,20131106,12.8,12.82,12.76,12.78,170400
CIDM,20131106,17.3,17.8,16.6,17.5,177500
CINF,20131106,49.95,50.26,49.84,50.24,493000
CIZN,20131106,18.76,18.79,18.76,18.76,900
CJJD,20131106,0.99,1.32,0.98,1.16,270800
CLDX,20131106,354.45,356.55,312.75,322.65,3014400
CLFD,20131106,14.47,14.86,14.45,14.47,91000
CLIR,20131106,7.34,7.43,7.23,7.29,37000
CLMT,20131106,28.75,28.98,27.89,28.36,1190600
CLNE,20131106,11.63,11.77,11.37,11.5,1101300
CLRO,20131106,9.26,9.3,9.15,9.19,14000
CLSN,20131106,4.11,4.19,4.02,4.06,314900
CLVS,20131106,51.36,51.71,50.11,50.7,384400
CLWT,20131106,2.4,2.4267,2.4,2.4133,4000
CMCO,20131106,26.32,26.73,26.22,26.48,36800
CMCSA,20131106,23.94,24.105,23.83,23.905,7457300
CME,20131106,73.66,74.8,73.55,74.73,1060900
CMLS,20131106,51.12,52.24,50.4,51.36,2483000
CMRX,20131106,14.9,14.96,13.36,13.55,148000
CMTL,20131106,30.56,30.94,30.44,30.87,78600
CNBKA,20131106,32.29,32.7,32.24,32.42,5200
CNET,20131106,0.79,0.8,0.76,0.76,17900
CNOB,20131106,14.89,15.29,14.89,15.22,9800
CNSL,20131106,18.73,18.76,18.36,18.56,154200
CNTY,20131106,5.95,5.96,5.76,5.82,77100
COCO,20131106,2.05,2.1,1.98,1.99,1042300
COHR,20131106,65.8,66.37,65.1,66.12,67000
COHU,20131106,9.37,9.6,9.2,9.5,35500
COKE,20131106,63.62,64.27,63.24,63.24,16400
COLB,20131106,26.03,26.23,25.99,26.15,133600
COLM,20131106,33.945,34.09,33.365,33.815,37000
COMM,20131106,15,15.09,14.78,15,1002200
CONE,20131106,19.18,19.18,18.03,18.15,363700
CONN,20131106,63.36,63.48,59.13,60.05,735200
COOL,20131106,25.2,25.62,22.26,23.1,1071900
CORT,20131106,1.68,1.68,1.62,1.64,31000
COST,20131106,120.44,124.56,120.32,124.07,3065800
COWN,20131106,3.99,4.02,3.97,3.97,678400
CPHC,20131106,10.09,10.18,10.06,10.06,1300
CPIX,20131106,4.9,4.9,4.73,4.86,190600
CPLP,20131106,8.68,8.75,8.59,8.67,627000
CPRT,20131106,15.845,16.09,15.76,15.92,1237500
CPRX,20131106,1.58,1.61,1.44,1.48,1138400
CPSI,20131106,61.46,61.85,60.91,60.97,50800
CPSS,20131106,6.73,6.78,6.65,6.74,75700
CRAI,20131106,18.38,18.65,17.63,17.77,21900
CREG,20131106,319,319,310,317,81700
CRESW,20131106,0.08,0.08,0.08,0.08,1600
CRESY,20131106,10.73,10.94,10.68,10.86,69900
CRIS,20131106,16.6,16.6,14.2,14.3,2795900
CRMT,20131106,46.14,46.49,45.33,46.02,22100
CRNT,20131106,3.5,3.59,3.47,3.5,115200
CROX,20131106,12.52,12.62,12.2,12.22,1190700
CRTO,20131106,34.47,34.73,33.58,33.62,497100
CRTX,20131106,9.46,9.46,9.45,9.45,51500
CRUS,20131106,23,23.05,22.69,22.76,2495800
CRVL,20131106,40.39,40.96,40,40.24,94800
CRWS,20131106,7.68,7.68,7.54,7.66,28600
CSCO,20131106,23.21,23.37,23.02,23.28,48257700
CSGP,20131106,177.2,179.46,175.06,176.35,76600
CSGS,20131106,27.6,27.6,27.24,27.36,142900
CSII,20131106,30.36,30.46,28.75,29.34,280800
CSIQ,20131106,28.45,28.5,26.13,27.28,4824500
CSOD,20131106,52.29,53.16,47.72,49.03,983100
CSPI,20131106,7.56,8.29,7.56,7.93,34200
CSQ,20131106,10.57,10.64,10.55,10.63,433700
CSTE,20131106,42.55,47.5,42.52,45.19,845800
CSWC,20131106,33.06,33.69,32.21,32.73,22200
CSX,20131106,26.47,26.56,26.2,26.25,6704000
CTAS,20131106,53.39,53.53,53.08,53.49,418000
CTBI,20131106,42.99,42.99,42.67,42.75,13900
CTG,20131106,17.33,17.39,17,17,24200
CTHR,20131106,5.4,5.63,5.1,5.18,153000
CTIB,20131106,5.21,5.21,5.21,5.21,200
CTIC,20131106,17.5,17.6,16.8,17.1,1418900
CTRN,20131106,14.96,15.25,14.72,15.01,68000
CTSH,20131106,45.245,45.5,44.98,45.34,2301200
CTXS,20131106,45.8121,47.7389,45.8041,47.5557,3577200
CUBA,20131106,8.63,8.89,8.63,8.85,10600
CUTR,20131106,8.59,8.92,8.55,8.6,133900
CVBF,20131106,14.61,14.77,14.49,14.7,237700
CVCO,20131106,58.26,58.28,57.43,57.77,6800
CVCY,20131106,11,11.1,10.6,11,4500
CVGI,20131106,7.23,7.26,6.98,7.23,297600
CVGW,20131106,29.15,29.3,28.76,28.92,23800
CVLT,20131106,76.73,76.94,75.67,76.9,646500
CVLY,20131106,21.42,21.42,20.36,21.38,3800
CVV,20131106,11.1,11.1,10.93,11.01,22100
CWBC,20131106,5.91,5.91,5.85,5.85,500
CWCO,20131106,15.39,15.41,14.93,14.94,88200
CWST,20131106,6.02,6.03,5.93,5.93,103100
CXDC,20131106,4.85,4.86,4.71,4.78,55500
CYAN,20131106,5.39,5.39,5.34,5.39,1900
CYBE,20131106,5.05,5.13,5.01,5.01,15300
CYCC,20131106,936,955.2,866.4,878.4,277800
CYCCP,20131106,8.85,8.85,7.45,7.45,200
CYTK,20131106,6.4,6.4,6.12,6.2,464700
CZNC,20131106,20.23,20.93,20.01,20.62,23000
CZR,20131106,17.61,17.79,17.17,17.64,938400
CZWI,20131106,7.63,7.63,7.6,7.6,2300
DAIO,20131106,2.96,3,2.92,2.99,5200
DAKT,20131106,11.89,11.89,11.69,11.81,43600
DCOM,20131106,16.36,16.4,16.28,16.39,78100
DCTH,20131106,81.92,84.48,81.92,84.48,685300
DENN,20131106,6.56,6.6,6.42,6.51,302400
DGICA,20131106,15.06,15.3,14.89,15.06,37300
DGICB,20131106,21.76,21.76,21,21,300
DGII,20131106,10.13,10.18,10.01,10.05,51100
DGLY,20131106,8.88,9.04,8.53,8.68,33700
DGRE,20131106,25.49,25.6,25.47,25.48,2400
DGRS,20131106,27.37,27.37,26.99,27.02,21300
DGRW,20131106,26.83,26.83,26.65,26.75,31700
DHIL,20131106,111.94,112,111,111.41,2500
DIOD,20131106,24,24,23.68,23.8,184300
DISCA,20131106,86.9,87.72,85.47,85.65,1057300
DISCB,20131106,86.95,87.02,86.11,86.11,400
DISCK,20131106,40.425,40.715,39.7,39.775,282100
DISH,20131106,49.1,49.35,48.38,48.84,1559300
DJCO,20131106,146.48,146.63,146.48,146.63,300
DLHC,20131106,1.38,1.38,1.38,1.38,3000
DLTR,20131106,58.39,59.85,58.25,58.72,1070900
DMLP,20131106,24.81,24.9,24.57,24.9,23800
DMRC,20131106,19.23,19.31,18.64,18.93,27800
DORM,20131106,48.15,48.4,47.25,47.3,64400
DRIV,20131106,17.67,17.81,17.35,17.42,199100
DRRX,20131106,1.6,1.61,1.51,1.53,418500
DSGX,20131106,11.92,12.04,11.1,11.1,5300
DSPG,20131106,7.7,7.93,7.36,7.91,56500
DSWL,20131106,2.47,2.49,2.46,2.47,11100
DVAX,20131106,11.6,12,11,11.1,3618400
DWSN,20131106,29.16,29.21,28.57,28.89,26200
DXCM,20131106,28.68,28.95,27.1,27.24,1006900
DXGE,20131106,25.75,25.75,25.68,25.72,5400
DXJS,20131106,28.4,28.44,28.28,28.41,3800
DXLG,20131106,6.63,6.68,6.47,6.52,582500
DXPE,20131106,97.64,97.64,95.67,95.85,148400
DXYN,20131106,12.43,12.63,12.12,12.55,53000
DYNT,20131106,3.01,3.2,3,3.09,36700
EA,20131106,25.71,25.88,25.57,25.74,3682100
EAC,20131106,19.75,19.75,18.65,18.96,30500
EBAY,20131106,21.7137,22.6611,21.5242,22.4337,25126700
EBIX,20131106,12.31,12.4,12.05,12.39,543400
EBMT,20131106,10.95,10.95,10.95,10.95,2200
EBSB,20131106,9.7753,9.9592,9.6528,9.7304,7200
EBTC,20131106,18.51,18.51,18.37,18.46,1900
ECHO,20131106,19.14,19.48,19.11,19.38,127900
ECOL,20131106,34.01,34.81,33.86,34.44,96500
ECPG,20131106,47.38,47.48,46.52,47,98400
EDAP,20131106,2.67,2.69,2.57,2.62,59500
EDUC,20131106,1.435,1.435,1.425,1.425,400
EEFT,20131106,42.87,43.49,42.81,43.07,181400
EEMA,20131106,57.03,57.03,57.03,57.03,0
EFSC,20131106,17.66,17.77,17.46,17.7,21900
EGAN,20131106,12.28,12.8,12.17,12.2,174600
EGBN,20131106,27.68,27.76,27.45,27.57,45400
EGLE,20131106,13759.2,13759.2,11667.6,11667.6,3440300
EHTH,20131106,40.79,41.41,40.41,41.08,213300
ELSE,20131106,3.94,3.94,3.89,3.89,600
ELTK,20131106,1.25,1.3,1.24,1.29,15100
EMCB,20131106,75.45,75.45,75.19,75.36,3900
EMCF,20131106,24.53,25.56,24.53,24.58,1900
EMIF,20131106,34.69,34.69,34.44,34.5,42700
EMKR,20131106,5.4,5.51,5.3,5.47,211000
EML,20131106,16.25,16.63,16.25,16.25,4400
ENDP,20131106,56.26,56.49,55.52,56.21,6768800
ENG,20131106,1.32,1.32,1.2,1.3,116700
ENPH,20131106,7.72,8.23,7.72,8,369300
ENSG,20131106,21.32,21.32,20.92,21.085,32100
ENTA,20131106,19,19.6,18.79,19.5,59100
ENTG,20131106,10.45,10.48,10.27,10.45,457100
ENVI,20131106,3,3.05,2.96,2.99,162200
EPAY,20131106,33.61,33.94,32.91,33.11,182600
EPZM,20131106,36.27,36.27,32.61,33.62,470800
EQIX,20131106,162.64,163.6,160.47,163.26,1523800
ERIC,20131106,12.3,12.36,12.25,12.27,4072800
ERIE,20131106,70.7,71.24,69.81,69.82,11000
ERII,20131106,5.9,5.9,5.46,5.59,424600
ESBK,20131106,23,23,23,23,300
ESCA,20131106,9.04,9.1,9.02,9.1,44700
ESEA,20131106,10.88,10.88,10.08,10.24,98400
ESGR,20131106,136.74,137.6,135.01,135.16,8200
ESLT,20131106,52.73,53.5,52.7,53.34,26300
ESPR,20131106,15.42,15.8,14.75,14.77,61600
ESSA,20131106,10.97,11,10.94,10.97,7300
ESXB,20131106,3.65,3.65,3.6,3.63,6100
EUFN,20131106,24.03,24.11,23.9,24,120000
EVK,20131106,4.01,4.22,3.98,4.13,54000
EVOK,20131106,11.42,11.61,10.7,10.73,24100
EVOL,20131106,10.47,10.73,10.17,10.46,18500
EWBC,20131106,33.64,33.75,33.35,33.6,421800
EXAS,20131106,11.34,11.34,10.99,11.11,803400
EXEL,20131106,4.97,4.99,4.78,4.79,1242700
EXLS,20131106,23.25,24.12,23.1,24.02,639600
EXPD,20131106,42.84,43.04,42.34,42.61,2260700
EXPE,20131106,59.57,59.95,59.15,59.81,2665900
EXPO,20131106,18.585,18.8375,18.5825,18.6675,23400
EXTR,20131106,5.98,6.21,5.92,6.15,2043000
EZPW,20131106,15.47,15.7,15.44,15.52,175800
FANG,20131106,55.01,55.89,52.32,53.46,1018000
FARM,20131106,17.97,17.97,17.15,17.47,38300
FARO,20131106,52.3,53,51.52,52.71,170200
FAST,20131106,24.75,24.75,24.04,24.135,3026500
FATE,20131106,6.1,6.18,5.94,5.95,15600
FB,20131106,50.26,50.45,48.71,49.12,67889300
FBIZ,20131106,35.3,35.35,35.16,35.16,1000
FBMS,20131106,14.35,14.35,14.35,14.35,300
FBNC,20131106,14.99,15.08,14.69,14.83,13000
FCAP,20131106,21.6,21.6,21.6,21.6,300
FCBC,20131106,16.34,16.67,16.34,16.55,19000
FCCO,20131106,10.35,10.36,10.32,10.35,17100
FCCY,20131106,10.17,10.17,10.17,10.17,0
FCEL,20131106,197.28,201.6,194.4,194.4,1479600
FCFS,20131106,61.46,62.14,58.26,61.51,58200
FCNCA,20131106,212,212,209.38,209.38,9200
FDUS,20131106,20.48,20.71,19.95,20.12,35000
FEIM,20131106,11.26,11.39,10.99,10.99,5800
FELE,20131106,38.1,38.67,37.84,38.39,70400
FFBC,20131106,15.45,15.63,15.38,15.49,94400
FFHL,20131106,1.19,1.19,1.14,1.14,20100
FFIC,20131106,19.87,19.98,19.8,19.92,20200
FFIN,20131106,15.36,15.47,15.0775,15.4325,59200
FFIV,20131106,80.34,81.42,79.9,81.2,1598900
FFNW,20131106,10.85,10.94,10.84,10.91,66500
FIBK,20131106,24.5,24.73,24.38,24.5,119500
FISI,20131106,23.3,23.85,23.1,23.36,28200
FISV,20131106,26.0925,26.3325,26.0925,26.3275,321600
FITB,20131106,19.09,19.19,19.03,19.13,6978100
FIVE,20131106,52.95,53.65,52,52.22,807600
FIZZ,20131106,18.79,19.11,18.7,18.7,8100
FLDM,20131106,30.05,30.15,29.78,29.89,251700
FLEX,20131106,7.82,7.9,7.79,7.8,4347900
FLIC,20131106,25.8667,26.2667,25.8667,26.0667,2200
FLL,20131106,2.75,2.81,2.73,2.74,32700
FLWS,20131106,5.09,5.14,4.83,4.9,228300
FLXS,20131106,27.6,27.6,27.25,27.44,24900
FMBI,20131106,16.66,16.82,16.57,16.72,315700
FMNB,20131106,6.3,6.35,6.24,6.32,69300
FNHC,20131106,11.48,11.5,11.29,11.4,98900
FNLC,20131106,17.24,17.24,16.85,16.86,9800
FOLD,20131106,2.1,2.24,2.07,2.07,128400
FONR,20131106,12.1,12.2,11.67,11.87,74900
FORD,20131106,1.78,1.79,1.71,1.71,3700
FORM,20131106,5.25,5.29,5.14,5.17,244500
FORR,20131106,37.6,37.94,37.19,37.27,43600
FORTY,20131106,26.05,26.36,26.05,26.1,400
FOSL,20131106,132.12,134.99,126.42,128.46,1953100
FOX,20131106,34.21,35.19,33.57,33.76,2044100
FOXA,20131106,34.42,35.44,33.78,33.92,18028700
FOXF,20131106,17.75,18.62,17.25,18.25,307700
FRBK,20131106,3.15,3.19,3.09,3.09,23300
FREE,20131106,1200000,1200000,990000,1050000,12994300
FRGI,20131106,42.53,44.65,42.43,44.47,347700
FRME,20131106,18.81,19.08,18.8,18.86,62700
FSBW,20131106,17.15,17.15,17.15,17.15,200
FSFG,20131106,22.29,22.29,22.28,22.28,500
FSLR,20131106,61.97,62.45,59.54,61.15,5293700
FSTR,20131106,47.6,48.81,46.32,46.68,16600
FTCS,20131106,32.45,32.55,32.45,32.55,4800
FTEK,20131106,4.53,4.57,4.5,4.5,25100
FTGC,20131106,29.04,29.04,29,29,3600
FTNT,20131106,20.14,20.25,19.83,19.94,1295100
FTSL,20131106,49.65,49.65,49.55,49.63,73300
FULT,20131106,12.19,12.2,12.09,12.11,600800
FUNC,20131106,7.95,8.08,7.8,7.81,2900
FUND,20131106,7.55,7.63,7.51,7.57,15500
FWRD,20131106,40.7,40.99,39.63,39.96,65300
GABC,20131106,18.3267,18.6333,18.0867,18.52,34500
GAIA,20131106,6.2,6.33,5.41,6.32,55300
GAIN,20131106,7.1,7.17,7.08,7.14,102400
GALT,20131106,9.85,10,8.5,8.52,341900
GAME,20131106,4.1,4.14,4.05,4.1,504300
GASS,20131106,12.52,12.97,12.17,12.22,439700
GBCI,20131106,28,28.08,27.87,27.97,206000
GBDC,20131106,17.69,17.69,17.5,17.56,117900
GBLI,20131106,24.54,25.39,24.54,24.99,12200
GCBC,20131106,13.1,13.1,13.01,13.025,900
GENC,20131106,6.1133,6.1133,5.9733,6.0933,4100
GENE,20131106,38.2,38.4,37,38.2,19300
GEOS,20131106,99.6,100.8,97.57,99.24,70200
GERN,20131106,3.88,4,3.56,3.6,3175700
GEVO,20131106,8220,9000,7800,7920,3056100
GFED,20131106,11.3,11.9,11.28,11.3,7200
GGAL,20131106,10.41,10.5,9.4,9.58,369900
GIFI,20131106,25.97,26.11,25.57,25.66,15600
GIGM,20131106,5.05,5.15,5.05,5.05,18200
GIII,20131106,28.24,28.56,27.865,27.87,46800
GILD,20131106,69.66,69.96,67.21,67.36,11095700
GILT,20131106,5.28,5.28,5.15,5.15,89900
GLAD,20131106,8.9,8.92,8.79,8.88,72600
GLBS,20131106,10760,11120,10760,10760,5100
GLBZ,20131106,11.3,11.68,11.3,11.65,1000
GLDD,20131106,8.49,8.61,8.37,8.53,531800
GLDI,20131106,15.2,15.2,15.16,15.2,4800
GLNG,20131106,38.19,38.31,37.68,38,448300
GLPI,20131106,46.5,47.18,45.91,46.9,1583700
GLRE,20131106,30.55,31.61,30.52,31.44,132700
GNMA,20131106,48.74,49.07,48.74,49.07,1400
GNTX,20131106,14.555,14.615,14.39,14.5,731300
GOGO,20131106,18.57,18.61,17.6,18.04,637100
GOOD,20131106,19.07,19.08,18.86,19.02,49300
GOODN,20131106,25.85,25.85,25.85,25.85,0
GOODO,20131106,24.98,24.98,24.98,24.98,500
GOOG,20131106,512.8,513.5,507.685,511.375,914600
GPRE,20131106,15.77,15.95,15.52,15.77,490700
GRFS,20131106,15.45,15.595,15.085,15.18,685000
GRID,20131106,36.11,36.54,36.06,36.47,1900
GRMN,20131106,48.08,48.09,47.39,47.95,875000
GROW,20131106,2.64,2.65,2.64,2.64,30500
GRPN,20131106,206.2,208.6,195.4,200.2,26516400
GRVY,20131106,4.96,5,4.88,4.88,3800
GSBC,20131106,27.38,27.62,26.95,27.57,17700
GSIT,20131106,6.69,6.73,6.53,6.58,31800
GSM,20131106,17.31,17.72,17.12,17.71,404200
GT,20131106,21.14,21.19,20.55,20.58,4031200
GTIM,20131106,2.5,2.59,2.5,2.58,42300
GURE,20131106,11.05,11.3,10.3,10.5,217600
GYRO,20131106,74.34,75.96,74.1,75.36,4300
HA,20131106,8.37,8.47,8.23,8.25,511000
HAFC,20131106,17.8,18.16,17.77,18,247400
HAIN,20131106,42.52,44.18,41.79,43.125,930100
HALL,20131106,8.7,8.74,8.65,8.67,82700
HALO,20131106,11.89,11.96,11.3,11.5,1379100
HAS,20131106,52.37,52.37,51.91,52.29,1162400
HAYN,20131106,54.4,54.96,54.35,54.41,41300
HBAN,20131106,8.78,8.9,8.74,8.85,10515500
HBANP,20131106,1251,1265,1251,1265,100
HBCP,20131106,18.58,19.15,18.58,18.83,33400
HBIO,20131106,4.3,4.37,4.07,4.15,304800
HBMD,20131106,8.7,8.7,8.7,8.7,0
HBNC,20131106,9.6222,9.6222,9.5111,9.5155,9200
HCCI,20131106,17.75,17.75,17.24,17.26,15900
HCKT,20131106,6.71,6.71,5.88,6.23,413200
HCSG,20131106,27.39,27.39,26.87,27,191800
HDSN,20131106,2.18,2.18,2.15,2.16,41900
HEES,20131106,31.05,31.61,28.99,29.38,255600
HELE,20131106,46.69,46.69,45.99,46.12,63500
HERO,20131106,6.59,6.68,6.4,6.58,3478700
HFBL,20131106,17.02,17.02,16.85,16.85,1100
HFWA,20131106,16.27,16.3,16.17,16.25,13300
HGSH,20131106,11.4,11.4,10.7,11.16,4600
HIBB,20131106,59.94,60.35,59.33,59.96,251100
HIFS,20131106,73,73,72.64,72.65,1100
HIHO,20131106,2.34,2.35,2.3,2.35,2700
HIMX,20131106,10.01,10.02,9.45,9.47,7948500
HLIT,20131106,7.34,7.4,7.26,7.3,389700
HMNF,20131106,8.51,8.51,8.51,8.51,0
HMST,20131106,18.65,19.2,18.6,19.04,81900
HMTV,20131106,9.71,9.79,8.98,9.37,65900
HNRG,20131106,7.1,7.17,6.92,6.96,58700
HOFT,20131106,15.42,15.49,15.3,15.42,8100
HOLI,20131106,16.27,16.5,16.09,16.46,54000
HOLX,20131106,22.34,22.42,22.16,22.26,3463700
HOMB,20131106,17.44,17.505,17.24,17.275,93600
HOVNP,20131106,14.43,14.85,14.4,14.8,4300
HRZN,20131106,13.94,13.99,13.84,13.89,85100
HSIC,20131106,111.76,111.9,110,110.18,410300
HSII,20131106,18.78,18.78,18.51,18.6,26600
HSKA,20131106,5.9,5.95,5.9,5.95,4200
HSON,20131106,34.4,34.7,31.4,31.9,69300
HSTM,20131106,33.54,33.69,32.68,32.8,128300
HTBI,20131106,16.22,16.27,16.07,16.08,21000
HTBK,20131106,7.57,7.7,7.38,7.6,61500
HTBX,20131106,95,95.8,89,91.7,51400
HTHT,20131106,5.92,6.0475,5.8,5.9025,246800
HTLD,20131106,14.48,14.61,14.25,14.33,298900
HTLF,20131106,26.62,26.68,26.46,26.59,6900
HUBG,20131106,36.96,37.17,36.21,36.43,321300
HURC,20131106,25,25.26,24.78,25.08,9000
HURN,20131106,60.49,61.01,57.45,58.48,356500
HWBK,20131106,12.8,13.78,12.8,13.75,5500
HWKN,20131106,35.75,36.12,35.56,36.12,18500
HYLS,20131106,51.99,51.99,51.62,51.76,21200
HZNP,20131106,4.09,4.09,3.8,3.89,566700
IART,20131106,22.56,22.57,20.9,21.2,662800
IBB,20131106,208,208.15,200.84,201.07,1672700
IBCP,20131106,9.99,10.3,9.99,10.21,274500
IBKR,20131106,21.58,21.78,21.31,21.76,440700
IBOC,20131106,22.83,22.86,22.6,22.71,94600
IBTX,20131106,37.67,39.48,37.67,38.47,16600
ICAD,20131106,8.68,8.92,8.36,8.38,79300
ICCC,20131106,4.3,4.5,4.29,4.33,3500
ICFI,20131106,36.03,36.03,32.55,33.14,75700
ICLN,20131106,10.92,10.99,10.88,10.88,7600
ICLR,20131106,40.37,40.62,40.22,40.39,384000
ICPT,20131106,52.5,53.39,49.09,49.94,72300
ICUI,20131106,61.22,61.85,60.67,61.32,84100
IDCC,20131106,34.62,34.76,33.16,33.4,742300
IDRA,20131106,14.4,14.64,13.2,13.6,771700
IDXX,20131106,54.685,54.685,53.815,54.32,116500
IEP,20131106,117.66,124.66,116,123,386000
IESC,20131106,4.54,4.79,4.49,4.57,3500
IFGL,20131106,33.88,33.88,33.68,33.75,101500
IGOV,20131106,100.87,101.17,100.58,100.58,136700
III,20131106,4.22,4.34,4.13,4.21,143300
IIN,20131106,4.11,4.11,4.11,4.11,200
IIVI,20131106,16.48,16.49,15.78,15.8,835900
IKNX,20131106,18.51,18.51,18.51,18.51,0
ILMN,20131106,95.21,95.5,93.19,94.42,1005500
IMGN,20131106,13.19,13.4,12.55,13.01,2309300
IMKTA,20131106,26.56,26.69,26.05,26.35,72600
IMMR,20131106,13.34,13.34,12.77,12.77,185500
IMOS,20131106,16.41,16.41,16.1,16.14,118900
INBK,20131106,24.41,24.41,23.11,24.14,2000
INCY,20131106,40,40.5,37.24,37.5,3782500
INDB,20131106,35.49,35.49,35.05,35.19,32600
INDY,20131106,22.89,23,22.81,22.87,87700
INFI,20131106,12.84,13.1,11.94,11.97,977700
INFN,20131106,9.75,9.8,9.52,9.63,1611400
INOD,20131106,2.34,2.38,2.34,2.36,31000
INSM,20131106,15.02,15.02,14.48,14.55,656900
INTC,20131106,24.06,24.31,23.89,24.25,25525700
INTG,20131106,19.5,19.5,19.25,19.25,1100
INTU,20131106,71.68,72.45,71.51,72.24,1334100
INVE,20131106,6.5,7.3,6.3,7.2,430100
IOSP,20131106,45.24,46.34,43,45.67,148700
IPAR,20131106,35.81,36.06,35.31,35.85,158400
IPDN,20131106,43.04,43.04,41.52,42,2600
IPGP,20131106,63.12,64.41,62.78,63,516900
IRBT,20131106,34.99,35.01,34.08,34.41,203500
IRDM,20131106,5.56,5.67,5.45,5.6,991600
IRIX,20131106,8.45,8.55,7.88,8.04,191300
IROQ,20131106,16.45,16.45,16.35,16.35,1200
IRWD,20131106,9.72,9.78,9.13,9.37,1602200
ISBC,20131106,9.2824,9.2824,9.1843,9.2196,362400
ISHG,20131106,95.52,95.62,95.43,95.53,5200
ISIG,20131106,2.44,2.49,2.32,2.33,107400
ISLE,20131106,7.71,7.71,7.37,7.62,107200
ISRG,20131106,376.01,378.27,374.14,377.17,194300
ISSC,20131106,7.67,7.7,7.53,7.61,6700
ITIC,20131106,78.19,79.22,77.8,78.93,16500
ITRI,20131106,43.11,43.41,42.26,43.06,177900
ITRN,20131106,18.42,18.45,18.39,18.41,85600
IVAC,20131106,5.3,5.55,5.22,5.53,44400
JACK,20131106,42.64,42.81,42.29,42.74,273100
JAKK,20131106,67.5,67.5,61.3,62.7,445200
JAZZ,20131106,94.89,97.44,90.47,93.78,1150200
JBHT,20131106,74.48,74.82,73.15,73.2,1471000
JBLU,20131106,7.55,7.68,7.53,7.64,5300500
JBSS,20131106,25.02,25.19,24.71,24.86,23700
JCS,20131106,11.25,11.62,11.13,11.29,6300
JCTCF,20131106,5.285,5.3,5.11,5.11,24300
JJSF,20131106,85.02,85.17,84.41,84.91,26400
JKHY,20131106,54.8,55.59,54.14,55.26,330200
JOBS,20131106,39.1,40,38.615,39.005,48200
JOUT,20131106,27.46,27.65,27.45,27.52,3700
JRJC,20131106,25.9,25.9,24.6,24.9,51600
JSM,20131106,19.76,19.96,19.51,19.81,34400
JVA,20131106,5.25,5.25,5.16,5.19,33200
KALU,20131106,67.83,67.91,67,67.3,173200
KELYA,20131106,21.5,22.25,21.21,21.33,252800
KELYB,20131106,22,22,22,22,800
KEQU,20131106,17.8,17.8,17.8,17.8,0
KFFB,20131106,8.23,8.23,8.2,8.22,3800
KFRC,20131106,20.23,20.5,19.71,20,79600
KINS,20131106,5.25,5.25,5.25,5.25,2200
KIRK,20131106,17.92,18.01,17.79,17.86,61200
KLAC,20131106,64.6,64.77,64.03,64.65,931600
KLIC,20131106,12.79,12.97,12.73,12.94,833600
KMDA,20131106,14.85,15.33,14.84,14.9,33600
KNDI,20131106,7.02,7.02,6.58,6.67,679800
KOPN,20131106,3.59,3.6,3.53,3.53,73600
KOSS,20131106,5.11,5.11,5,5.09,1400
KPTI,20131106,17.86,19.09,15.61,16.05,5951100
KRNY,20131106,10.5,10.5,10.36,10.45,17700
KTCC,20131106,10.86,10.86,10.72,10.72,21400
KTOS,20131106,8.64,8.73,8.35,8.44,227200
KVHI,20131106,13.49,13.49,13.18,13.28,20600
LAKE,20131106,5.28,5.4,5.28,5.33,4400
LAMR,20131106,48.12,49.58,48,48.74,2605700
LANC,20131106,82.54,83.06,81.49,82.02,57000
LAND,20131106,16.25,16.27,15.92,16,33200
LARK,20131106,19.8,19.82,19.8,19.82,200
LAWS,20131106,13.11,13.11,12.66,12.82,26300
LBAI,20131106,11.37,11.61,11.21,11.43,59200
LBTYA,20131106,39.6168,41.5432,39.3459,41.3797,6049300
LBTYB,20131106,78.82,81.45,78.82,80.77,6900
LBTYK,20131106,72.69,77.07,72.69,76.6,2392800
LCNB,20131106,17.75,17.87,17.55,17.76,23900
LCUT,20131106,15.56,15.69,15.49,15.49,61000
LECO,20131106,71.12,71.42,70.44,70.62,249100
LEDS,20131106,1.12,1.18,1.08,1.09,112700
LFUS,20131106,84.28,84.83,83.01,83.4,49500
LFVN,20131106,15.19,15.33,13.65,13.79,903300
LGND,20131106,52.65,52.83,48.32,49,549800
LHCG,20131106,21.31,21.89,21,21.33,51400
LIFE,20131106,1055.32,1057.28,1055.32,1056.86,664400
LINC,20131106,5.23,5.44,5.19,5.3,63400
LIVE,20131106,1.01,1.01,0.9733,0.9767,13300
LKFN,20131106,24.0667,24.26,23.84,23.98,56100
LKQ,20131106,32.29,32.48,31.76,31.89,965500
LLNW,20131106,1.9,2,1.9,1.97,418500
LMAT,20131106,8.1,8.19,7.64,7.87,41700
LMNR,20131106,25.63,25.77,25.14,25.65,14500
LNDC,20131106,11.65,11.78,11.41,11.51,61000
LOAN,20131106,2.05,2.05,1.96,2.02,24200
LOGI,20131106,10.25,10.31,10.14,10.15,232600
LOPE,20131106,47.51,47.74,46.88,47.6,418500
LORL,20131106,71.91,72,71.25,71.49,16600
LPLA,20131106,40.77,40.93,40.44,40.59,374600
LPSN,20131106,9.34,9.4,9.1,9.11,423200
LPTH,20131106,1.33,1.39,1.33,1.38,8300
LQDT,20131106,26.8,27.05,26.52,26.96,228300
LRCX,20131106,54.32,54.5,53.47,54.08,1155100
LSBK,20131106,12,12,12,12,0
LSCC,20131106,5.44,5.49,5.38,5.4,708700
LSTR,20131106,55.34,55.38,54.99,55.1,252100
LTBR,20131106,95.4,95.4,91.8,94.8,11400
LTRX,20131106,1.44,1.52,1.44,1.44,21900
LULU,20131106,69.6,70.19,68.59,69.97,1589000
LUNA,20131106,1.35,1.45,1.35,1.45,27500
LWAY,20131106,15.02,15.2,14.85,14.97,8500
LXRX,20131106,16.31,16.52,15.33,15.33,916600
LYTS,20131106,8.98,9.16,8.85,9.12,34700
MACK,20131106,2.3,2.32,2.05,2.06,3353300
MANH,20131106,26.715,27.1975,26.515,27.0075,97100
MANT,20131106,27.93,28.19,27.56,27.9,60000
MAR,20131106,45.95,46.52,45.93,46.34,2871800
MARK,20131106,3.69,3.81,3.69,3.81,9100
MARPS,20131106,16,16.25,16,16.03,3000
MASI,20131106,26.81,26.9,26.55,26.85,380200
MAT,20131106,45.1,45.16,44.72,44.9,2184900
MATW,20131106,41.18,41.31,40.65,41,60100
MAYS,20131106,27.8,27.8,27.8,27.8,0
MBII,20131106,16.8,17.25,16.63,16.77,12200
MBWM,20131106,21.94,21.98,21.54,21.89,21300
MCBC,20131106,4.79,4.83,4.7,4.79,50900
MCHP,20131106,42.69,43.1,42.51,42.97,1157900
MCHX,20131106,10,10,8.17,9.9,928300
MCRI,20131106,18.58,19.02,18.3,18.73,61200
MDIV,20131106,21.08,21.12,21.03,21.12,102600
MDLZ,20131106,33.16,33.49,32.99,33.44,9292400
MDRX,20131106,14.48,14.58,14.28,14.44,1399500
MDXG,20131106,5.47,5.76,5.46,5.74,395500
MEIP,20131106,8.07,8.07,7.57,7.85,248100
MELI,20131106,119.21,124.56,116.82,120.48,3239900
MEOH,20131106,59.68,60.07,59.07,59.67,320600
MERC,20131106,8.99,9.62,8.99,9.09,296500
MGEE,20131106,37.5067,37.7067,37.2467,37.3667,11500
MGI,20131106,20.85,21.01,20.08,20.77,43300
MGIC,20131106,6.41,6.62,6.27,6.44,80900
MGLN,20131106,58.97,59.61,58.97,59.46,441700
MGNX,20131106,26.09,27.01,25.62,26.23,261600
MGPI,20131106,5.34,5.34,5.02,5.2,10200
MGRC,20131106,36.05,36.2,35.44,35.87,30700
MGYR,20131106,7.4,7.49,7.24,7.24,1900
MHLD,20131106,11.25,11.36,10.96,11.18,468200
MICT,20131106,4.67,4.74,4.67,4.74,200
MIDD,20131106,79.6667,79.6667,71.6667,75.2067,289200
MIND,20131106,16.82,16.82,16.41,16.53,20100
MITK,20131106,5.26,5.59,5.26,5.53,442300
MKSI,20131106,29.76,29.84,29.47,29.55,163300
MKTX,20131106,66.33,66.95,65.71,65.92,111900
MLAB,20131106,65.78,68.59,65,67.81,28200
MLHR,20131106,30.75,30.75,29.56,29.81,296300
MLVF,20131106,12.13,12.15,12.13,12.15,1200
MMLP,20131106,46.22,46.73,46.22,46.37,33400
MMSI,20131106,16.06,16.15,15.83,15.86,114800
MMYT,20131106,15.2,15.44,14.9,15.08,20800
MNDO,20131106,1.78,1.8,1.73,1.76,47700
MNKD,20131106,25.85,26.05,23.15,23.35,6013600
MNOV,20131106,2.3,2.49,2.25,2.31,16500
MNRO,20131106,49.29,49.29,47.98,49.02,116800
MNST,20131106,19.17,19.3333,18.9533,19.2767,1192300
MNTX,20131106,13.1,13.14,12.68,13.01,157400
MOFG,20131106,26.01,26.04,25.42,25.55,4100
MORN,20131106,79.04,80.89,79.04,80.4,49800
MOSY,20131106,882,888,856,864,113600
MOVE,20131106,17.83,17.87,16.55,16.64,448400
MPAA,20131106,13.51,13.76,12.95,13.03,120000
MPB,20131106,12.07,12.07,12.07,12.07,100
MPWR,20131106,31.73,32.03,31.42,31.95,168900
MRCC,20131106,12.54,12.74,12.45,12.5,27800
MRCY,20131106,9.25,9.41,9.21,9.33,149300
MRLN,20131106,27.07,27.28,26.13,27.2,10200
MRTN,20131106,11.9067,12.02,11.6333,11.64,41400
MRTX,20131106,17.35,17.35,16.85,16.85,26900
MRVL,20131106,13.02,13.16,12.81,13.01,12576900
MSEX,20131106,21.39,21.66,21.19,21.52,31100
MSFT,20131106,37.24,38.22,37.06,38.18,88948800
MSON,20131106,4,4.14,3.98,3.99,33600
MSTR,20131106,127.92,129.72,123.87,124.38,99300
MTEX,20131106,24.9,26.52,24.02,26.5,14700
MTRX,20131106,21.54,21.55,20.78,20.79,93500
MTSI,20131106,16.7,16.7,16.07,16.1,26900
MU,20131106,17.78,17.82,17.39,17.5,21799500
MVIS,20131106,1.53,1.61,1.5,1.5,155100
MYGN,20131106,27.98,27.98,25,25.36,7406200
MYRG,20131106,26.69,26.76,25.25,25.5,271900
NAII,20131106,6.11,6.12,6,6.12,7500
NATH,20131106,53.89,54,53.25,53.55,7900
NATI,20131106,32.28,32.38,32.08,32.14,320800
NATR,20131106,18.7,19.79,18.6,19.46,28800
NBIX,20131106,9.14,9.27,8.57,8.76,1492600
NBN,20131106,9.85,9.95,9.85,9.9,5800
NBTB,20131106,24.34,24.54,24.22,24.39,171400
NCMI,20131106,17.8,17.99,17.67,17.72,134100
NCTY,20131106,78.3,80.1,78.3,78.9,19700
NDAQ,20131106,35.45,35.67,35.36,35.5,597000
NDLS,20131106,48,48.29,46.04,46.68,616100
NDSN,20131106,72.88,72.88,71.65,71.96,114300
NECB,20131106,7.8,7.97,7.8,7.83,2500
NEO,20131106,3.82,3.85,3.72,3.77,86100
NEOG,20131106,35.8725,36.225,35.16,35.3625,84000
NEON,20131106,54.8,56.7,53.6,54.5,461200
NEPT,20131106,3.05,3.05,2.91,2.96,133300
NETE,20131106,41.6,43.7,41.6,43.7,1600
NEWT,20131106,14.95,15.3,14.95,15.15,186800
NFBK,20131106,12.78,12.78,12.64,12.72,100400
NFLX,20131106,48.4986,49.1957,47.5414,47.9471,2970500
NICE,20131106,38.1,38.27,38.03,38.09,287100
NICK,20131106,15.59,15.75,15.44,15.55,22300
NKSH,20131106,35.56,35.65,35.01,35.65,3200
NKTR,20131106,9.66,9.82,9.16,9.36,946100
NNBR,20131106,16.32,17.37,15.89,17.23,172200
NRIM,20131106,25.52,25.61,25.36,25.36,2700
NSEC,20131106,6.9,6.9,6.9,6.9,0
NSIT,20131106,21.29,21.68,21.22,21.65,231300
NSSC,20131106,5.84,5.92,5.75,5.84,103200
NSTG,20131106,10.74,11.25,10.1,10.11,17500
NSYS,20131106,5.04,5.04,5.02,5.02,1000
NTAP,20131106,38.55,38.89,38.34,38.77,4011500
NTCT,20131106,28.76,28.79,28.16,28.48,81500
NTES,20131106,13.27,13.374,12.976,13.038,651100
NTGR,20131106,29.59,29.78,29.22,29.62,497800
NTIC,20131106,8.11,8.275,8.11,8.275,800
NTRS,20131106,57.54,57.54,56.88,57.18,753700
NTWK,20131106,7.53,7.65,7.48,7.5,115800
NUAN,20131106,15.67,15.88,15.51,15.83,4494300
NURO,20131106,51.2,67.84,51.2,61.12,1241000
NUVA,20131106,32.84,32.84,31.5,31.68,502700
NVAX,20131106,57.8,58,54.6,56.2,3906000
NVDA,20131106,3.7,3.7275,3.6625,3.725,4951100
NVEC,20131106,53.66,53.66,52.79,53.39,15800
NVEE,20131106,8.57,8.57,8.49,8.5,3000
NVMI,20131106,9.09,9.23,9.01,9.18,81900
NWBI,20131106,13.85,13.98,13.68,13.85,510100
NWFL,20131106,27.78,28.74,27.2,28.41,3900
NWLI,20131106,204.42,204.42,202.13,204.36,3000
NWPX,20131106,37.5,37.64,36.94,37.34,84200
NWS,20131106,18.09,18.24,17.71,17.77,619700
NWSA,20131106,17.73,17.82,17.35,17.41,3923600
NXPI,20131106,42.41,42.77,42.02,42.09,1744100
NXST,20131106,46.96,47.64,43.86,44.07,835000
NYMT,20131106,6.57,6.74,6.53,6.7,1314500
NYMTP,20131106,20.56,20.67,20.46,20.58,44100
NYMX,20131106,7.07,7.1,6.86,6.9,27900
OBAS,20131106,6.31,6.31,6.31,6.31,0
OBCI,20131106,2.26,2.31,2.26,2.28,1600
OCC,20131106,4.07,4.07,3.92,4.05,3300
OCFC,20131106,17.64,17.81,17.51,17.63,10100
ODFL,20131106,47.71,47.95,46.96,47.04,433800
OFED,20131106,17.21,17.21,17.21,17.21,0
OFIX,20131106,20.74,21.18,20.74,21.12,369800
OFLX,20131106,21.08,21.34,20.8,20.94,3200
OFS,20131106,11.8,11.98,11.79,11.96,27000
OIIM,20131106,3.05,3.12,2.86,3.12,33200
OLED,20131106,30.7,30.9,29.53,29.99,1051800
OMAB,20131106,26.17,26.41,26.16,26.32,104500
OMCL,20131106,23.59,23.59,23.25,23.3,188600
OMER,20131106,10.29,10.42,9.1,9.14,888900
OMEX,20131106,29.64,29.88,26.04,26.04,2752100
ONB,20131106,14.82,14.94,14.69,14.8,416100
ONCY,20131106,2.58,2.58,2.5,2.54,208100
ONEQ,20131106,155.84,155.86,154.69,154.98,4700
ONTX,20131106,2464.5,2502,2296.5,2302.5,236000
OPEN,20131106,76.82,82.87,76.46,79.92,3308600
OPHC,20131106,14.2,14.3,14.2,14.2,7100
OPOF,20131106,12.65,12.7,12.65,12.7,200
ORLY,20131106,124.37,124.89,123.59,124.25,419000
ORMP,20131106,6.69,7.49,6.69,7.04,67300
ORRF,20131106,17,17.35,16.88,17.01,8000
OSBC,20131106,4.45,4.54,4.42,4.45,13900
OSIS,20131106,73.51,73.75,72.92,72.98,115900
OSTK,20131106,23.67,24.22,23.46,24.11,288700
OSUR,20131106,6.37,6.51,5.91,5.97,1121600
OTEX,20131106,20.5,20.8375,19.59,20.8025,672200
OTTR,20131106,30.7,30.95,30.58,30.74,60900
OVBC,20131106,21.23,21.23,21.1,21.23,1200
OVLY,20131106,8.05,8.05,8,8,2400
OXLC,20131106,15.9,15.9,15.65,15.9,30500
OXLCO,20131106,23.5,23.5,23.5,23.5,0
OXLCP,20131106,26.08,26.08,26.08,26.08,0
PAAS,20131106,10.59,10.65,10.51,10.6,1650900
PACB,20131106,4.28,4.28,4,4,947600
PACW,20131106,38.55,38.85,38.35,38.73,744100
PATK,20131106,13.7911,13.8267,13.1155,13.4445,45800
PAYX,20131106,41.91,42.24,41.72,41.91,2119100
PBCT,20131106,14.26,14.35,14.23,14.35,2638700
PBHC,20131106,13.76,13.76,13.5,13.5,200
PBIP,20131106,10.8,10.8,10.77,10.8,29400
PBPB,20131106,27.6,27.7,26.83,26.96,114600
PCAR,20131106,57.7,57.7,56.75,56.89,953600
PCH,20131106,40.43,40.55,40.13,40.23,110500
PCOM,20131106,21.59,21.71,20.9,20.96,51100
PCRX,20131106,53.65,53.99,49.82,50.56,636500
PCTI,20131106,9.4,9.4,9.34,9.35,18000
PCYG,20131106,9.64,9.75,9.5,9.51,25800
PCYO,20131106,6.21,6.28,6.12,6.21,22700
PDCE,20131106,63.07,64.05,59.17,59.62,824500
PDCO,20131106,42.94,43.14,42.85,43.1,401500
PDEX,20131106,2.16,2.17,2.15,2.15,5900
PDFS,20131106,23.24,23.35,22.66,22.8,90300
PEBK,20131106,13.07,13.35,13.07,13.35,800
PEBO,20131106,21.9,22.03,21.74,21.82,5400
PEGA,20131106,19.165,19.34,18.995,19.255,74000
PENN,20131106,13.3,13.61,13.1,13.26,3992100
PERI,20131106,32.55,33.45,32.43,32.73,220000
PESI,20131106,4,4.01,3.96,4,12100
PETS,20131106,14.7,14.81,14.48,14.75,228900
PFBC,20131106,19.25,19.25,19.01,19.14,10000
PFIN,20131106,7.72,7.75,7.7,7.75,1200
PFLT,20131106,13.19,13.31,13.15,13.24,67100
PFMT,20131106,10.57,10.61,10.16,10.23,94200
PFSW,20131106,6.82,6.99,6.59,6.9,57100
PGC,20131106,18.2,18.2,17.65,17.66,7500
PINC,20131106,31.17,31.93,30.77,31.24,267100
PKBK,20131106,8.1,8.2636,8.1,8.1818,1700
PKOH,20131106,38.53,38.74,38.08,38.58,25800
PLAB,20131106,8.4,8.52,8.28,8.34,51700
PLBC,20131106,6.28,6.28,6.28,6.28,100
PLCE,20131106,53.74,54.22,51.99,52.01,538200
PLPC,20131106,88.68,92.46,88.68,92.46,18300
PLUG,20131106,0.55,0.58,0.45,0.48,3493100
PLUS,20131106,26.94,26.94,26.375,26.43,3300
PLXS,20131106,38.63,38.87,38.28,38.46,113100
PMBC,20131106,6.36,6.36,6.08,6.26,10200
PMD,20131106,14.45,14.68,14.17,14.48,18300
PME,20131106,3.11,3.15,2.92,3.04,154500
PNBK,20131106,11.7,11.8,11.6,11.8,3500
PNFP,20131106,31.57,31.57,31.15,31.35,46300
PNNT,20131106,11.37,11.46,11.32,11.36,127100
PNQI,20131106,63.58,63.59,62.33,62.7,48300
PNRG,20131106,47.26,47.26,46.73,46.73,5200
PODD,20131106,39.89,39.99,37.69,37.71,452500
POOL,20131106,54.95,54.95,54.16,54.31,141000
POWI,20131106,28.39,28.925,28.145,28.545,116600
POWL,20131106,63.78,63.98,61.65,62.77,9900
PPBI,20131106,13.99,13.99,13.64,13.75,27500
PPC,20131106,14.63,14.82,14.45,14.49,769900
PPSI,20131106,8.5,8.5,8.38,8.4,5200
PRAA,20131106,58.67,59.56,58.11,58.17,273900
PRFT,20131106,18.12,18.26,17.68,17.83,224600
PRFZ,20131106,93,93.14,92.01,92.14,31400
PRGS,20131106,25.82,26.08,25.77,26.02,98900
PRIM,20131106,28.62,28.73,27.75,27.78,346400
PROV,20131106,14.56,14.7,14.55,14.6,172700
PRPH,20131106,1.84,1.84,1.8,1.83,1400
PRTA,20131106,24.34,24.34,23.77,23.85,161700
PRTS,20131106,2.23,2.69,2.2,2.65,762800
PSCC,20131106,49.53,49.75,49.34,49.36,9000
PSCD,20131106,46.31,46.31,45.69,45.92,13100
PSCE,20131106,48.89,48.89,47.52,47.57,14100
PSCF,20131106,38.71,38.71,38.46,38.46,3700
PSCH,20131106,52.25,52.25,51.17,51.38,29900
PSCI,20131106,42.73,42.85,42.53,42.68,10800
PSCM,20131106,40.39,40.39,40.06,40.37,2100
PSCT,20131106,42.11,42.21,41.83,42.01,57700
PSCU,20131106,34.63,34.63,34.4,34.4,400
PSEC,20131106,11.3,11.36,11.28,11.3,3073100
PSMT,20131106,120.49,120.66,116.94,117.84,205300
PSTI,20131106,33.9,34.1,33.3,33.7,186200
PTCT,20131106,18.12,18.33,16.9,17.25,279800
PTEN,20131106,24.48,24.86,24.26,24.58,1894500
PTIX,20131106,3.17,3.17,3.01,3.12,44500
PTNR,20131106,8.08,8.15,8.05,8.12,64300
PTSI,20131106,17.45,18.25,17.43,17.92,33400
PWOD,20131106,33.5,33.5667,33,33.1333,11900
PXLW,20131106,4.59,4.74,4.46,4.55,286300
PZZA,20131106,38.89,39.255,38.17,38.465,154000
QABA,20131106,33.96,33.96,33.63,33.72,7300
QADA,20131106,14.65,14.8,14.59,14.71,11300
QADB,20131106,12.35,12.41,12.3,12.41,1900
QCLN,20131106,18.09,18.09,17.61,17.8,75100
QCOM,20131106,69.43,69.81,68.67,69.74,13386400
QCRH,20131106,17.54,17.73,17.41,17.5,13900
QDEL,20131106,24.49,24.7,24.05,24.43,202000
QIWI,20131106,42.74,42.75,39.32,40.21,165300
QLYS,20131106,21.41,21.8,21.1,21.59,166600
QNST,20131106,8.89,8.89,8.53,8.54,94400
QQEW,20131106,34.63,34.63,34.34,34.42,60200
QQQ,20131106,83.35,83.4,82.73,83,25576800
QQQX,20131106,17.35,17.4,17.26,17.34,61400
QQXT,20131106,33.45,33.45,33.01,33.09,13800
QTEC,20131106,33.18,33.18,33.04,33.18,13500
QUIK,20131106,48.16,48.16,45.92,46.2,287200
QUMU,20131106,14.79,14.99,14.32,14.6,13100
RADA,20131106,3.5,3.66,3.26,3.28,17900
RAIL,20131106,23.9,23.96,23.4,23.76,80700
RAND,20131106,25.47,25.65,25.47,25.65,900
RAVN,20131106,34.35,34.45,33.85,34.29,57300
RBCAA,20131106,23.01,23.14,22.93,23.1,14400
RBCN,20131106,96.7,96.9,91.5,95.1,705400
RCII,20131106,34.16,34.16,33.62,33.69,462400
RCKY,20131106,15.75,17.2,15.05,16.9,79300
RCMT,20131106,6.47,6.47,6.26,6.38,11100
RCON,20131106,26,26,24,24.85,246000
RDCM,20131106,4.22,4.45,4.22,4.43,3600
RDHL,20131106,10.46,10.46,10.38,10.38,800
RDI,20131106,6.53,6.67,6.45,6.47,55500
RDIB,20131106,8.99,8.99,8.99,8.99,200
RDNT,20131106,2.48,2.5,2.48,2.48,33900
RDWR,20131106,14.78,14.96,14.69,14.8,113800
REFR,20131106,4.71,4.85,4.71,4.77,15400
REGI,20131106,13.91,13.91,12,13,2988300
REGN,20131106,304,304.85,287.94,288.27,1119200
RELL,20131106,11.13,11.26,11.04,11.18,108700
RENT,20131106,36.06,36.1,35.46,35.94,36300
RFIL,20131106,9.44,9.8,9.35,9.55,164000
RGCO,20131106,12.9533,13.3133,12.8133,13.3133,3900
RGEN,20131106,11.43,11.44,10.89,10.98,393100
RGLD,20131106,48.7,49.3,48.37,48.8,558700
RGLS,20131106,84.36,84.6,79.92,81.96,88700
RICK,20131106,11.2,11.33,10.79,11.06,82700
RIGL,20131106,2.88,2.98,2.65,2.72,752300
RMBS,20131106,8.72,8.72,8.43,8.53,413000
RMCF,20131106,12.69,12.73,12.56,12.56,20700
RMTI,20131106,12.03,12.45,11.31,11.55,2683300
RNA,20131106,3.66,3.7,3.58,3.66,118300
RNST,20131106,29.36,29.36,28.14,29.05,47400
RNWK,20131106,7.36,7.45,7.21,7.27,58100
ROCK,20131106,17.01,17.21,16.78,17.08,75700
ROIC,20131106,14.71,14.87,14.68,14.73,242300
ROLL,20131106,68.27,68.57,66.8,67.86,41100
ROST,20131106,38.91,39.11,38.735,38.87,983100
RPRX,20131106,17.7,17.77,15.28,15.65,1191600
RRGB,20131106,82.25,83.53,82.25,82.83,256900
RUSHA,20131106,18.9667,19.1333,18.6467,18.72,21200
RUSHB,20131106,16.08,16.08,15.9667,15.9933,3200
RUTH,20131106,12.95,13.08,12.81,13.03,253800
RVSB,20131106,2.6,2.67,2.59,2.63,10100
RYAAY,20131106,47.07,47.07,46.29,46.46,1069600
SAFM,20131106,66.17,66.63,65.68,66.09,122800
SAFT,20131106,55.27,55.6,54.73,54.73,20600
SAIA,20131106,32.64,32.7,31.52,31.94,234800
SAL,20131106,26.18,26.18,26.18,26.18,200
SALM,20131106,8.5,8.85,8.5,8.7,127400
SAMG,20131106,14.69,14.88,14.2,14.77,13900
SANM,20131106,15.83,15.84,15.27,15.48,2244800
SANW,20131106,5.88,6.91,5.8,6.8,209300
SASR,20131106,25.05,25.13,24.78,25,17300
SATS,20131106,38.7238,38.9594,38.1388,38.3825,72900
SBAC,20131106,91.5,91.87,91,91.83,1731400
SBCF,20131106,11.25,11.25,10.95,11.25,1531300
SBFG,20131106,8.1,8.15,7.9,8,5300
SBGI,20131106,34.75,36.57,33.52,34.17,2097700
SBLK,20131106,42.45,42.75,41.6,42.2,144500
SBNY,20131106,101.85,102.56,101.52,101.98,149200
SBRA,20131106,27.08,27.2,26.86,26.9,181600
SBSI,20131106,26.1,26.1,25.95,25.95,45200
SBUX,20131106,41.195,41.25,40.485,40.565,4281100
SCHL,20131106,28.61,28.85,28.42,28.55,91200
SCHN,20131106,30.52,30.54,29.97,30.42,123900
SCOR,20131106,26.37,26.77,25.93,26.6,129700
SCSC,20131106,40.04,40.04,39.61,39.81,113400
SCVL,20131106,25.77,25.85,25.18,25.55,18400
SEAC,20131106,14.35,14.56,13.96,14,154600
SEED,20131106,17.8,19.9,17.4,18.8,175800
SEIC,20131106,33.3,33.42,32.97,33.27,478100
SENEA,20131106,29.75,29.93,29.32,29.48,17800
SENEB,20131106,29.34,29.34,29.34,29.34,100
SFBC,20131106,16.8,16.8,16.8,16.8,200
SFM,20131106,47.88,48.1,47.45,48.04,357900
SFNC,20131106,16.825,17.085,16.75,17.015,62900
SFST,20131106,12.97,13.06,12.97,13,16100
SGC,20131106,15.3,15.35,14.6,14.68,5700
SGEN,20131106,39.52,39.58,37.55,37.86,1352800
SGMA,20131106,5.3,5.49,5.26,5.35,1400
SGMO,20131106,9.95,10,9.1,9.2,1735600
SGMS,20131106,18.75,18.79,18.28,18.49,306700
SGOC,20131106,13.8,14.6,13.8,14.36,45300
SGRP,20131106,1.86,2.08,1.86,2.07,57600
SHBI,20131106,9.09,9.23,9.03,9.1,13000
SHEN,20131106,13.045,13.335,12.88,13.27,87000
SHIP,20131106,1380,1380,1380,1380,800
SHOO,20131106,25.1733,25.1733,24.7133,24.7933,417700
SHY,20131106,84.5,84.52,84.49,84.5,1151900
SIEB,20131106,1.65,1.65,1.63,1.63,700
SIFY,20131106,1.97,2.01,1.93,1.93,90000
SIGA,20131106,3.43,3.43,3.25,3.37,233500
SIGI,20131106,26.73,26.8,26.32,26.49,97800
SILC,20131106,44.5,44.55,44.1,44.14,34500
SIMO,20131106,12.77,12.8,12.51,12.61,223400
SINO,20131106,9.25,9.35,9.25,9.35,2200
SIRI,20131106,3.73,3.74,3.64,3.65,54287600
SIVB,20131106,96.63,96.99,95.84,96.18,125000
SKYW,20131106,16.35,16.82,15.79,16.61,475100
SKYY,20131106,25.19,25.29,25.05,25.19,77600
SLAB,20131106,39.82,40.04,39.32,39.66,309400
SLGN,20131106,22.62,22.705,22.495,22.615,165400
SLM,20131106,9.0643,9.0893,8.9857,9.0571,1771200
SLMBP,20131106,68.8,69.95,68.06,68.4,1800
SLP,20131106,5.4,5.57,5.4,5.41,59200
SLRC,20131106,22.38,22.58,22.38,22.42,182600
SLVO,20131106,17.55,17.58,17.47,17.5,9600
SMBC,20131106,15.01,15.625,15,15.245,3100
SMCI,20131106,14.46,14.53,14.36,14.48,161400
SMED,20131106,4.53,4.74,4.5,4.66,140900
SMIT,20131106,2.5,2.6,2.5,2.6,6700
SMMF,20131106,9.05,9.05,9.05,9.05,200
SMPL,20131106,15.36,15.7,15.36,15.5,5200
SMSI,20131106,3.36,3.36,3.28,3.28,47600
SMTC,20131106,30.84,31.04,30.54,30.86,289500
SNCR,20131106,35.26,35.28,34.3,34.94,579700
SNFCA,20131106,5.89,6,5.86,5.92,5700
SNPS,20131106,36.07,36.5,35.83,36.42,378000
SOCL,20131106,19.89,19.89,19.41,19.52,356200
SOHO,20131106,4.64,4.71,4.64,4.67,6300
SOHU,20131106,64.6,64.9,62.37,62.87,1231100
SOXX,20131106,68.65,68.8,68.21,68.5,52000
SPBC,20131106,19.85,19.85,19.45,19.45,300
SPCB,20131106,4.34,4.39,4.08,4.17,3000
SPLK,20131106,64.52,64.7,63.1,63.65,1191000
SPNS,20131106,6.48,6.61,6.44,6.53,69500
SPPI,20131106,9.54,9.54,9.14,9.29,757900
SPRO,20131106,2,2,2,2,300
SPSC,20131106,69.84,69.84,67.58,68.26,26000
SPTN,20131106,23.5,23.72,23.17,23.36,62900
SPWR,20131106,34.15,34.22,31.97,32.75,5057900
SQQQ,20131106,5510.4,5638.4,5500.8,5584,1717800
SRCE,20131106,31.76,31.84,31.36,31.76,28400
SRCL,20131106,116.33,116.49,115.48,115.8,192200
SRDX,20131106,23.68,23.68,21.61,22.52,47700
SREV,20131106,10.79,10.9,8.68,8.96,3652400
SRNE,20131106,9.4,9.45,8.66,8.74,157800
SRPT,20131106,38.17,39.25,36.05,36.57,2036500
SSBI,20131106,9.95,10,9.95,9.99,3400
SSNC,20131106,41.6,41.7,41.13,41.37,341700
SSYS,20131106,120,120,113.04,114.35,1682900
STAA,20131106,13.09,13.09,12.47,12.76,115100
STBA,20131106,24.49,24.76,24.3,24.46,37700
STFC,20131106,20.39,20.56,19.87,20.27,13000
STKL,20131106,10.27,10.67,8.88,8.89,1410300
STLD,20131106,18.81,18.96,18.65,18.84,1197200
STRA,20131106,37.82,38.29,37.31,37.6,176100
STRL,20131106,9.83,9.97,9.76,9.95,50700
STRM,20131106,8.12,8.29,7.92,8,17700
STRN,20131106,4.6,4.6,4.6,4.6,500
STRS,20131106,16.36,16.55,16.25,16.55,6300
STRT,20131106,42.62,42.67,41.44,42.36,7000
STSA,20131106,29.45,29.52,29.36,29.5,270000
STX,20131106,48.86,48.97,48.1,48.47,3062500
SUMR,20131106,26.1,26.37,24.12,25.29,151900
SUNS,20131106,18.09,18.31,18.02,18.02,11900
SUPN,20131106,6.88,6.99,6.12,6.66,2736600
SURG,20131106,4.3,4.34,4.18,4.18,32200
SVBI,20131106,4.89,4.89,4.82,4.86,4600
SVVC,20131106,24.95,24.95,23.04,23.79,253600
SWIR,20131106,17.78,17.92,17.47,17.73,268100
SWKS,20131106,26,26.2,25.78,26.18,2207000
SYBT,20131106,20.2133,20.46,19.9667,19.9867,7300
SYNA,20131106,45.69,45.88,44.16,44.5,1360600
SYNL,20131106,15.82,16.16,15.8,15.88,12700
SYPR,20131106,3.1,3.17,2.86,2.9,102700
TACT,20131106,14.46,14.68,14.05,14.39,19400
TAIT,20131106,1.01,1.01,1.01,1.01,100
TAST,20131106,5.65,6.11,5.57,6.08,131800
TATT,20131106,7.77,7.77,7.77,7.77,100
TAYD,20131106,8.42,8.42,8.15,8.28,1400
TBBK,20131106,16.45,16.45,16.2,16.23,124700
TBNK,20131106,22.67,22.73,22.46,22.62,5100
TCBI,20131106,52.16,52.49,52.03,52.18,229900
TCBK,20131106,25.91,26.04,25.79,25.91,9400
TCFC,20131106,19.5,19.6,19.5,19.6,1300
TCPC,20131106,16.96,17.05,16.87,16.92,145500
TCX,20131106,10,10.44,9.64,10.08,64900
TDIV,20131106,23.84,23.89,23.75,23.88,87900
TECH,20131106,87.49,87.49,85.86,86.28,120900
TESS,20131106,35.87,36,35.54,35.9,11100
TFSL,20131106,11.99,12.09,11.91,12.09,367900
TGA,20131106,9.59,9.59,9.1,9.19,174300
TGTX,20131106,4.36,4.54,4.1,4.2,197600
THFF,20131106,34.81,34.86,34.39,34.67,9400
THRM,20131106,24.94,25.25,24,24.18,366300
THRX,20131106,37,37.47,34.22,34.62,1510200
TIGR,20131106,1.92,1.92,1.92,1.92,100
TILE,20131106,20.6,20.6,20.24,20.4,111100
TIPT,20131106,7.7,7.7,7.7,7.7,2000
TITN,20131106,17.58,18.1,17.53,18.05,298500
TLT,20131106,104.94,105.14,104.69,105.07,5643000
TNXP,20131106,4250,4250,4140,4200,20500
TOPS,20131106,11060000,13300000,10710000,11970000,6800
TOWN,20131106,14.49,14.55,14.36,14.55,11500
TQQQ,20131106,8.7833,8.7967,8.5917,8.67,1707300
TREE,20131106,28.28,28.56,27.95,28.2,24600
TRIB,20131106,25.07,25.32,24.75,24.96,88900
TRIP,20131106,88,88.68,86.1,86.61,1920200
TRIT,20131106,1.74,1.85,1.74,1.74,11900
TRMB,20131106,32.17,32.35,31.63,31.98,1610000
TRMK,20131106,27.27,27.28,27.01,27.27,119100
TRNS,20131106,7.76,8.45,7.76,7.77,6200
TROW,20131106,77.36,77.75,77.12,77.61,837400
TRS,20131106,37.62,38.16,37.45,38.14,583100
TRST,20131106,6.7,6.73,6.64,6.69,143700
TSBK,20131106,8.5,8.5,8.4,8.5,8100
TSC,20131106,12.5,12.5,11.87,12.07,44500
TSCO,20131106,70.95,71.96,70.55,71.39,957600
TSEM,20131106,4.7,4.77,4.61,4.63,80600
TSLA,20131106,30.962,32.146,29.27,30.232,31071700
TSRI,20131106,3.5,3.5,3.5,3.5,0
TTEC,20131106,26.05,26.45,25.7,25.88,50200
TTEK,20131106,26.72,26.73,26.15,26.43,303400
TTGT,20131106,5.14,5.15,5,5.05,14600
TTMI,20131106,9.38,9.51,8.98,9.05,254700
TTWO,20131106,18.4,18.48,17.79,17.83,2615400
TW,20131106,111.63,112.1,108.55,109.59,1064800
TWIN,20131106,26.32,26.79,26.1,26.57,11900
TXN,20131106,42.11,42.26,41.9,42.14,4637200
TXRH,20131106,28.17,28.22,27.67,27.78,423500
TZOO,20131106,20.82,20.82,20.52,20.61,41300
UBCP,20131106,6.94,6.94,6.9,6.9,3200
UBFO,20131106,5.05,5.05,4.55,4.63,40800
UBOH,20131106,13.27,13.27,13.27,13.27,500
UBSI,20131106,29.88,29.89,29.53,29.81,171600
UCBI,20131106,15.9,15.9,15.72,15.82,134000
UCTT,20131106,9.78,9.99,9.71,9.8,247100
UEIC,20131106,39.93,40.57,39.04,39.13,116500
UEPS,20131106,12.18,12.65,12.1,12.37,209000
UFCS,20131106,30.24,30.79,28.67,29.22,48900
UFPI,20131106,53.6,54.4,53.13,53.75,188700
UFPT,20131106,25.7,26.18,25.23,26.05,78300
UG,20131106,25.12,25.12,25,25.01,700
UHAL,20131106,204.99,207.99,202.81,206,29600
UIHC,20131106,10.44,10.48,10.07,10.31,52000
ULBI,20131106,3.75,3.87,3.7,3.75,50800
ULTA,20131106,131.84,131.94,129.63,131.41,282200
UMBF,20131106,59.9,60.56,59.48,60.5,186900
UMPQ,20131106,16.8,16.8,16.63,16.74,982700
UNAM,20131106,12.37,12.6,12.37,12.6,1900
UNB,20131106,21.62,21.62,21.61,21.61,200
UNTY,20131106,7.79,7.79,7.51,7.6,1800
URBN,20131106,38.92,39.32,38.61,38.76,1166000
USAK,20131106,13.01,13.32,12.66,12.99,903400
USAP,20131106,32.77,33,32.12,32.73,6600
USEG,20131106,193.2,208.8,193.2,208.2,412100
USLM,20131106,56.15,57.3,56.15,57.19,14900
UTHR,20131106,89.83,90.8,88.43,89.93,695800
UTMD,20131106,55.07,55.3,55.07,55.3,300
UTSI,20131106,2.32,2.4,2.32,2.39,92000
UVSP,20131106,19.93,20.1,19.9,19.95,27200
VALU,20131106,9.22,9.24,9.1,9.1,1600
VBFC,20131106,25.28,25.28,25.28,25.28,1100
VCIT,20131106,84.05,84.11,83.93,84.11,201700
VCLT,20131106,82.62,82.62,82.36,82.43,23100
VCSH,20131106,80.12,80.16,80.06,80.15,647300
VCYT,20131106,12.16,12.39,11.5,11.5,157700
VECO,20131106,32.02,32.22,31.44,31.98,523300
VGIT,20131106,63.88,63.92,63.88,63.91,1700
VGLT,20131106,66.04,66.09,65.94,66.09,5600
VGSH,20131106,60.94,60.98,60.94,60.96,35400
VIA,20131106,85.19,85.5,82.83,83.77,6300
VICR,20131106,9.01,9.17,8.94,8.99,12700
VIRC,20131106,2.09,2.09,2.09,2.09,1000
VIVO,20131106,25.06,25.17,24.84,24.91,92000
VLGEA,20131106,36.05,36.58,35.87,36.3,22800
VMBS,20131106,51.67,51.67,51.61,51.65,114000
VNDA,20131106,6.68,6.73,6.13,6.45,1294500
VNET,20131106,20.37,20.53,18.55,18.56,1159000
VNQI,20131106,57.41,57.5,57.18,57.23,84800
VOD,20131106,37.05,37.25,37.02,37.16,7071700
VONE,20131106,81.77,81.83,81.57,81.6,5100
VONG,20131106,84.24,84.42,83.99,84.25,17200
VONV,20131106,79.09,79.31,79.08,79.22,18800
VOXX,20131106,16.39,16.39,15.7,15.81,68600
VRA,20131106,23.22,24.24,23.05,24.22,528100
VRNT,20131106,36.25,36.35,35.99,36.14,150400
VRSK,20131106,61,62.85,60.16,62,5231700
VRSN,20131106,54.52,54.63,54.26,54.31,995900
VRTS,20131106,207.11,211,204.13,205.61,49400
VRTX,20131106,65.09,65.4,61.96,62.6,4712100
VSAT,20131106,67.78,68.21,66.36,67.8,123400
VSEC,20131106,22.795,23.46,22.795,23.33,8700
VSTM,20131106,10.77,10.81,10.4,10.46,148200
VTHR,20131106,82.2,82.2,82.13,82.13,11300
VTIP,20131106,49.52,49.59,49.48,49.54,69400
VTNR,20131106,3.2,3.2,2.92,2.92,88100
VTWG,20131106,94.41,94.41,92.88,93,4900
VTWO,20131106,88.62,88.62,87.46,87.64,174100
VTWV,20131106,83.28,83.28,82.38,82.49,3700
VWOB,20131106,77.25,77.25,77,77.03,5300
VXUS,20131106,51.91,51.95,51.74,51.86,132500
WABC,20131106,52.58,52.72,52.17,52.61,65900
WAFD,20131106,22.51,22.9,22.43,22.84,420100
WASH,20131106,33.63,33.76,33.41,33.43,15800
WDAY,20131106,77.52,78.41,77.01,77.34,865000
WDC,20131106,71.81,72.47,70.65,71.37,1387000
WDFC,20131106,72.6,73.98,72.21,73.73,47400
WEN,20131106,9.5,9.51,9.09,9.09,10188000
WERN,20131106,23.49,23.7,22.99,23.04,405300
WETF,20131106,14.1,14.19,13.92,13.95,826500
WEYS,20131106,28.61,29.5,28.49,29.46,15000
WHF,20131106,15.39,15.68,15.23,15.45,9200
WHLR,20131106,33.6,33.68,33.28,33.6,8300
WILC,20131106,7.5,7.6,7.35,7.53,126200
WINA,20131106,72.92,73.11,72.44,73.11,15400
WIRE,20131106,49.91,50.81,49.49,50.23,53700
WIX,20131106,18.5,18.9,16.19,16.31,11105200
WLDN,20131106,3.65,3.65,3.63,3.65,4700
WLFC,20131106,17.5,17.67,17.49,17.66,38300
WOOD,20131106,50.91,50.91,50.65,50.82,18000
WOOF,20131106,28.35,28.48,28,28.15,702900
WPRT,20131106,23.28,23.38,22.76,22.85,740800
WRLD,20131106,89.54,90.25,88.83,89.7,144800
WSBC,20131106,29.35,29.44,28.93,29.03,29000
WSBF,20131106,10.72,10.73,10.6,10.65,6500
WSFS,20131106,23.44,23.44,23.1167,23.33,4500
WSTG,20131106,13.48,13.48,12.87,13.27,5500
WTBA,20131106,13.73,13.89,13.7,13.74,7400
WTFC,20131106,43.59,43.79,43.46,43.64,52300
WVFC,20131106,11.13,11.13,11.1,11.1,2000
WVVI,20131106,6.85,6.85,6.32,6.77,11300
WWD,20131106,40,40.11,39.3,40.05,232100
WYNN,20131106,166.75,166.89,163.42,164.38,1270900
XLNX,20131106,45.15,45.29,44.87,45.09,2122200
XLRN,20131106,21.63,21.65,16.78,19.53,328400
XOMA,20131106,86,89,84.6,87.6,2010000
XONE,20131106,60,60.99,56.05,57.69,821400
XRAY,20131106,47.2,47.53,47.02,47.33,444000
XRTX,20131106,10.1,10.11,10.03,10.06,78700
XTLB,20131106,26.75,26.75,26.75,26.75,0
YNDX,20131106,37.83,38.37,37.6,38.27,1982900
YORW,20131106,20.6,20.95,20.51,20.61,12400
YY,20131106,55.54,56.15,47.66,48.01,5706600
Z,20131106,87.75,88.69,77.2,78.81,4309800
ZBRA,20131106,52.98,53.43,51.53,51.55,484800
ZEUS,20131106,27,27.11,26.42,26.53,69300
ZGNX,20131106,20.24,21.12,18.8,20,8989500
ZION,20131106,28.7,28.91,28.56,28.85,1533700
ZIOP,20131106,3.59,3.63,3.32,3.35,1153000
ZIXI,20131106,4.25,4.32,4.14,4.19,320700
ZNGA,20131106,3.8,3.84,3.68,3.7,16585600
ZUMZ,20131106,29.6,29.6,28.93,29.19,147100
