AAME,20110503,2.1,2.1,2.07,2.07,500
AAON,20110503,9.6445,9.68,9.3837,9.5111,45200
AAPL,20110503,12.4282,12.4961,12.3436,12.4357,11198600
AAWW,20110503,65.25,65.53,62.37,63.71,1523500
AAXJ,20110503,64.2,64.29,63.64,63.94,479900
ABCB,20110503,9.72,9.74,9.56,9.61,20000
ABIO,20110503,1663.2,2419.2,1564.92,1587.6,7471100
ABMD,20110503,17.14,17.39,16.7,16.76,171800
ACAD,20110503,2.81,2.84,2.7,2.71,628000
ACET,20110503,7.78,7.91,7.53,7.56,80900
ACGL,20110503,11.3656,11.4667,11.3244,11.3767,184300
ACIW,20110503,10.76,10.82,10.4367,10.5433,123700
ACLS,20110503,7.28,7.44,6.84,7.04,2595300
ACMR,20110503,2.77,2.77,2.66,2.69,10500
ACNB,20110503,15,15,15,15,0
ACOR,20110503,28,28.78,27.69,27.91,430300
ACRX,20110503,3.35,3.41,3.35,3.35,1300
ACTG,20110503,39.74,39.99,38.24,39.42,533100
ACWI,20110503,50.42,50.52,49.98,50.21,213100
ACWX,20110503,47.27,47.42,46.9,47.02,31900
ADBE,20110503,33.46,33.7,33.1,33.49,2976500
ADES,20110503,5.775,5.775,5.38,5.48,38100
ADI,20110503,40.36,40.42,39.79,40.18,1391800
ADP,20110503,47.9368,48.2529,47.4363,47.7701,3000000
ADRE,20110503,47.91,47.93,47.26,47.47,57800
ADSK,20110503,44.72,44.81,43.66,44.22,1258100
ADTN,20110503,41.41,41.86,40.93,40.96,1222800
ADUS,20110503,5.87,6.05,5.77,5.86,20500
AEHR,20110503,1.49,1.49,1.38,1.38,6300
AEIS,20110503,15.16,15.56,14.73,14.85,3024200
AEY,20110503,3.05,3.06,3.03,3.05,6700
AEZS,20110503,1398,1416,1326,1344,2983400
AGEN,20110503,0.94,0.99,0.94,0.94,1041100
AGNC,20110503,29.2,29.22,29.07,29.19,2111000
AGYS,20110503,4.97,5.06,4.9,4.95,64300
AHPI,20110503,4.31,4.32,4.31,4.32,2000
AIMC,20110503,26.15,27.3,26.15,26.47,434700
AINV,20110503,34.92,35.07,34.5,34.89,1056500
AIRT,20110503,9.6,9.61,9.59,9.61,1100
AKAM,20110503,34.12,34.31,33.42,33.46,7127100
ALCO,20110503,25.75,25.82,25.32,25.32,3700
ALGN,20110503,24.49,24.8,24.06,24.35,562400
ALGT,20110503,44.54,45.03,43.84,44.98,105600
ALIM,20110503,9,9,8.6,8.79,70700
ALKS,20110503,14.58,14.7,14.29,14.46,287900
ALLT,20110503,15.9,16.24,15.11,15.46,268600
ALNY,20110503,9.93,10.06,9.62,9.86,626600
ALOT,20110503,7.98,7.98,7.98,7.98,200
ALRN,20110503,2.15,2.16,2.15,2.15,2300
ALTR,20110503,48.54,48.58,47.34,48.01,4434300
ALVR,20110503,17.2,17.3,16.8,17,147900
AMAT,20110503,15.13,15.26,15.03,15.24,16833500
AMD,20110503,9,9.04,8.63,8.8,17356000
AMED,20110503,33.65,34.22,33.4,33.81,309400
AMGN,20110503,57.12,57.8,57.07,57.5,6515500
AMKR,20110503,6.62,6.63,6.35,6.46,2706800
AMNB,20110503,22.53,22.71,22.43,22.43,2000
AMOT,20110503,6.82,7.45,6.7,7.45,39300
AMPL,20110503,25,26,25,25,16200
AMRN,20110503,16.38,16.47,15.63,15.76,2919800
AMRS,20110503,404.85,404.85,390,394.95,90100
AMSC,20110503,117,119.7,116,116.4,1737700
AMSF,20110503,22.32,22.56,22.11,22.24,64400
AMSWA,20110503,7.6,7.64,7.32,7.33,61300
AMWD,20110503,19.86,19.9,19.7,19.74,4100
AMZN,20110503,201,202.59,196.69,198.45,6053200
ANAT,20110503,79.61,79.62,78.96,79.58,13400
ANDE,20110503,32.6533,32.6533,31.7667,32.0467,143000
ANGN,20110503,4.79,4.79,4.79,4.79,0
ANGO,20110503,15.75,15.85,15.45,15.6,118000
ANIK,20110503,8.8,8.81,8.48,8.53,58100
ANSS,20110503,54.46,54.92,54.12,54.73,383500
AOSL,20110503,13.94,13.96,13.25,13.6,71100
APAC,20110503,5.67,5.72,5.62,5.63,108700
APEI,20110503,42.78,43.56,42.73,43.01,84200
APOG,20110503,13.99,14.18,13.89,14.02,297500
APWC,20110503,6.11,6.2,6.1,6.2,8300
ARAY,20110503,8.87,9.07,8.78,8.97,548400
ARCC,20110503,17.79,17.8,17.25,17.4,2454600
ARKR,20110503,16.55,16.55,16.37,16.37,3300
ARLP,20110503,40,40.13,38.34,38.64,161400
ARNA,20110503,13.5,13.9,13.5,13.7,1286900
AROW,20110503,24.04,24.3,23.66,24.07,24900
ARRY,20110503,2.97,3.05,2.82,2.87,364600
ARTNA,20110503,19.19,19.33,19.12,19.12,6600
ARTW,20110503,8.59,8.66,8.51,8.64,9800
ARWR,20110503,0.59,0.6,0.58,0.59,87900
ASML,20110503,41.54,41.75,41.12,41.58,2615200
ASPS,20110503,32.36,32.39,32.2,32.39,88700
ASRV,20110503,2.35,2.35,2.35,2.35,4800
ASTC,20110503,1.03,1.04,1.03,1.03,20800
ASTE,20110503,37.96,38.63,37.48,37.83,130900
ASUR,20110503,1.7067,1.7067,1.64,1.64,3000
ASYS,20110503,22.3,22.55,21.83,21.9,297000
ATAI,20110503,8,8.05,7.91,8.03,114800
ATAX,20110503,5.64,5.74,5.61,5.67,45200
ATEC,20110503,37.92,38.4,34.8,35.4,417300
ATHX,20110503,2.99,3.02,2.9,2.91,123200
ATLO,20110503,17.69,17.99,17.39,17.39,9300
ATNI,20110503,37.77,38.28,37.73,37.82,53100
ATRC,20110503,13.49,13.59,12.71,12.93,38400
ATRI,20110503,171.54,172,167.95,168.38,1800
ATRO,20110503,20.475,20.825,19.6833,19.875,24200
ATSG,20110503,7.85,7.9,7.61,7.81,854500
ATVI,20110503,11.42,11.5,11.32,11.46,4396200
AUBN,20110503,19.7,19.71,19.6,19.6,1200
AUDC,20110503,6.3,6.39,5.97,6.04,394100
AVAV,20110503,29.18,29.56,28.8,29.21,329900
AVEO,20110503,154.5,154.6,149.5,154.3,330700
AVGO,20110503,33.29,33.43,32.13,32.16,1176100
AVID,20110503,18.04,18.54,18.01,18.01,164300
AVNW,20110503,59.76,60.48,59.04,59.4,421100
AWRE,20110503,3.38,3.38,3.35,3.38,4600
AXTI,20110503,6.7,7.3,6.7,7.19,1495500
AZPN,20110503,14.64,14.64,14.22,14.38,408300
BANF,20110503,39.51,40.22,39.41,40.09,102800
BANFP,20110503,27.5,27.5,27.5,27.5,0
BANR,20110503,18.83,19.6,18.2,18.69,1886100
BBBY,20110503,55.89,56.24,55.48,55.51,2228100
BBGI,20110503,6,6.93,6,6.34,6300
BBSI,20110503,16.46,16.5,16.11,16.14,9700
BCBP,20110503,11,11.17,10.87,11.01,10400
BCPC,20110503,38.91,39.6,37.84,38.68,186700
BCRX,20110503,3.73,3.76,3.62,3.62,140700
BDSI,20110503,3.68,3.7,3.57,3.7,87100
BEAT,20110503,4.43,4.48,4.42,4.43,86400
BECN,20110503,21.68,21.76,20.78,21.35,343200
BELFA,20110503,22.4,22.4,22,22,900
BELFB,20110503,19.32,19.32,18.48,18.63,19700
BFIN,20110503,9.15,9.2,9.01,9.01,13200
BGCP,20110503,9.62,9.66,9.38,9.41,543300
BGFV,20110503,11.8,11.99,11.67,11.77,75700
BIB,20110503,9.9775,9.9775,9.6438,9.6813,9400
BICK,20110503,34.32,34.32,33.7,33.79,13200
BIDU,20110503,147.83,148.4,136.5,139.84,15593300
BIIB,20110503,90.4807,91.0979,89.9373,90.2597,1802700
BIOC,20110503,155.1,156,154.5,154.8,35300
BIS,20110503,148.72,151.24,148.72,150.36,6200
BJRI,20110503,46.31,46.68,45.63,45.83,181000
BKCC,20110503,10.3,10.44,10.28,10.36,534300
BKSC,20110503,10.52,10.52,10.52,10.52,0
BLDP,20110503,2.08,2.1,1.81,1.94,921700
BLIN,20110503,275,275,275,275,0
BLKB,20110503,27.26,27.44,26.66,26.92,112400
BMRC,20110503,18.47,18.65,18.045,18.05,19700
BMRN,20110503,27.11,27.44,26.19,26.44,521800
BMTC,20110503,20.14,20.3,19.91,20.23,25700
BNSO,20110503,2.18,2.18,2,2.14,3200
BOKF,20110503,54.13,54.52,53.96,54.35,42300
BOLT,20110503,14.75,14.78,14.57,14.58,21100
BOOM,20110503,25.88,26.19,24.61,25.06,123400
BOSC,20110503,11.88,12.64,11.24,11.4,13500
BPOP,20110503,31.8,32.1,31.4,32,4306500
BPOPM,20110503,18.51,18.51,18.51,18.51,0
BPOPN,20110503,20.4,20.5,20.3,20.37,21500
BRID,20110503,9.76,9.81,9.75,9.75,2200
BRKL,20110503,9.16,9.22,9.07,9.15,348900
BRKR,20110503,19.48,19.59,18.89,19.01,580900
BRKS,20110503,11.78,12,11.55,11.85,392500
BRLI,20110503,24.92,24.98,23.94,24.76,216800
BSET,20110503,8.81,9.01,8.75,8.96,65000
BSQR,20110503,6.91,6.94,6.66,6.86,73900
BSRR,20110503,10.99,11.09,10.96,10.98,12200
BUSE,20110503,5.18,5.26,5.17,5.22,126000
BWEN,20110503,16.6,16.7,16,16.2,615500
BYFC,20110503,2.31,2.31,2.31,2.31,0
CAAS,20110503,9.41,9.5,9,9.14,180700
CAC,20110503,34.12,34.28,34.12,34.15,3800
CACC,20110503,81.05,81.75,78.25,79.89,40000
CAKE,20110503,28.95,29.31,28.67,29.04,793400
CALM,20110503,14.3,14.3,13.95,14.02,218900
CAMP,20110503,3.03,3.07,2.92,2.94,111500
CAMT,20110503,3.68,3.72,3.59,3.65,50700
CAR,20110503,18.52,18.76,17.98,18.06,2052600
CARV,20110503,0.62,0.62,0.47,0.52,7700
CASH,20110503,4.8333,4.8333,4.8333,4.8333,1400
CASS,20110503,39.47,39.47,38.17,38.55,36900
CASY,20110503,38.45,38.58,38.01,38.51,290100
CATY,20110503,17.08,17.4,16.9,17.11,272700
CBAN,20110503,4,4,3.94,3.94,400
CBNK,20110503,14.23,14.25,14.23,14.25,1300
CBRL,20110503,50.27,50.39,49.56,49.93,201500
CBSH,20110503,42.77,43.16,42.56,42.98,309500
CCBG,20110503,10.85,11.16,10.85,11.06,25700
CCMP,20110503,48.41,49.06,48.35,48.65,271200
CCNE,20110503,13.41,13.5,13.25,13.26,12100
CCOI,20110503,14.41,14.63,14.17,14.34,220500
CCRN,20110503,7.23,7.42,7.16,7.36,97500
CDNS,20110503,10.42,10.68,10.28,10.39,3323900
CDXS,20110503,10.2,10.38,10.15,10.26,63100
CDZI,20110503,12,12.1,11.98,12.01,15800
CECE,20110503,5.61,5.65,5.43,5.6,42100
CENT,20110503,9.65,9.9,9.64,9.88,177800
CENTA,20110503,9.9,10.12,9.86,10.06,215100
CENX,20110503,19.85,20.26,19.47,19.74,2731500
CERN,20110503,30.245,30.3025,29.585,29.82,604100
CERS,20110503,2.8,2.91,2.76,2.8,294000
CEVA,20110503,29.78,30.35,28.88,29.53,261600
CFBK,20110503,32.175,42.075,32.175,41.25,5600
CFFI,20110503,21,21.08,21,21.08,500
CFFN,20110503,11.17,11.22,11.1,11.15,1685100
CGEN,20110503,4.67,4.77,4.67,4.73,62600
CGNX,20110503,8.67,9.2225,8.625,9.0475,2070100
CHCI,20110503,1.24,1.3,1.24,1.28,21600
CHCO,20110503,33.31,33.65,33.18,33.51,37300
CHDN,20110503,13.6967,13.7,13.5333,13.6133,43200
CHKP,20110503,54.82,55.16,54.24,55.08,1433400
CHNG,20110503,5.2,5.22,5.06,5.09,256700
CHNR,20110503,13.61,13.62,13.18,13.2,19800
CHRS,20110503,4.35,4.5,4.33,4.41,546400
CHRW,20110503,80.2,80.6,79.06,79.39,1041200
CHSCP,20110503,29.51,29.6,29.5,29.52,7500
CHTR,20110503,57.96,59.99,57.36,58.71,173200
CIDM,20110503,22.8,22.9,22.3,22.6,57200
CINF,20110503,31.32,31.43,30.92,31.3,1969000
CIZN,20110503,19.95,20,19.22,19.22,6100
CJJD,20110503,2.71,2.72,2.6,2.67,37700
CLDX,20110503,61.95,62.25,60.15,60.9,277900
CLFD,20110503,5.85,5.96,5.8,5.87,67200
CLMT,20110503,21.68,21.91,20.86,20.97,652000
CLNE,20110503,16.58,16.78,16.02,16.17,1567500
CLRO,20110503,7.1,7.1,6.7,6.73,19800
CLSN,20110503,3.39,3.4,2.87,3.02,1053000
CLWT,20110503,4.5467,4.5467,4.3633,4.3633,6600
CMCO,20110503,19.91,20.28,19.58,19.8,76500
CMCSA,20110503,13.35,13.46,13.17,13.305,14758200
CME,20110503,59.268,59.6,57.876,58.344,475600
CMLS,20110503,36.4,39.76,36.4,37.44,546300
CMTL,20110503,28.25,28.25,27.49,27.69,173500
CNBKA,20110503,26.83,27.28,26.55,26.55,2800
CNET,20110503,3.24,3.25,3.07,3.25,10100
CNOB,20110503,9.6,9.65,9.52,9.6,14000
CNSL,20110503,18.19,18.35,18.1,18.26,115100
CNTY,20110503,3.03,3.03,2.95,2.96,25400
COCO,20110503,4.47,4.49,4.17,4.31,2255700
COHR,20110503,62,62.66,59.04,60.2,141400
COHU,20110503,13.89,14.2,13.58,14.14,184400
COIN,20110503,0.22,0.22,0.2,0.2,1287900
COKE,20110503,69.84,70,68.4,68.53,55000
COLB,20110503,18.52,18.93,18.01,18.9,330200
COLM,20110503,33.5,34.055,33.5,33.985,247100
CONN,20110503,6.11,6.34,6.05,6.15,136300
COOL,20110503,141.96,148.68,132.3,139.86,2315800
CORT,20110503,4.33,4.35,4.26,4.29,250800
COST,20110503,80.99,81.16,80.13,80.51,2658900
COWN,20110503,4.12,4.13,3.99,4.01,299700
CPHC,20110503,13.01,13.01,12.85,13.01,3800
CPIX,20110503,5.04,5.14,4.98,5.03,33400
CPLP,20110503,11.25,11.33,11.11,11.32,108700
CPRT,20110503,11.255,11.4575,11.2475,11.3225,638300
CPRX,20110503,1.17,1.17,1.1,1.11,9200
CPSI,20110503,59.07,59.86,58.02,58.84,51700
CPSS,20110503,1.14,1.16,1.1,1.16,62600
CRAI,20110503,27.55,28.09,26.87,26.92,33300
CREG,20110503,232,238,227,238,15900
CRESW,20110503,0.23,0.23,0.23,0.23,0
CRESY,20110503,17.39,17.39,16.68,17.07,59000
CRIS,20110503,19,19.15,18.2,18.55,1399300
CRMT,20110503,24.71,24.99,24.71,24.95,18300
CRNT,20110503,12.19,12.19,11.88,11.98,163400
CROX,20110503,20.1,20.17,19.53,19.85,2447200
CRTX,20110503,6.8,6.86,6.72,6.76,20800
CRUS,20110503,16.32,16.41,15.98,16.2,4584600
CRVL,20110503,25.27,25.555,24.99,25.01,8900
CRWS,20110503,4.65,4.86,4.65,4.72,4300
CSCO,20110503,17.53,17.57,17.29,17.41,56884500
CSGP,20110503,67.35,68.25,66.8,67.95,193800
CSGS,20110503,21.26,21.53,20.86,21,239700
CSII,20110503,11.23,11.72,11.23,11.56,41500
CSIQ,20110503,10.38,10.39,9.87,9.94,1310000
CSOD,20110503,19.71,20.66,19.71,20.27,41200
CSPI,20110503,4.84,4.93,4.7,4.76,9700
CSTR,20110503,54.5,54.5,53.22,53.63,1282100
CSWC,20110503,23.75,23.885,23.75,23.75,4700
CSX,20110503,26.0633,26.1067,25.75,25.98,2202600
CTAS,20110503,30.99,31.22,30.88,31.04,734700
CTBI,20110503,27.61,27.94,27.58,27.61,20900
CTHR,20110503,2.86,2.86,2.77,2.82,8300
CTIB,20110503,5.56,5.98,5.56,5.62,1800
CTIC,20110503,17.5,18,17,17,11354900
CTRN,20110503,21.66,21.92,21.16,21.49,52700
CTSH,20110503,39.085,39.13,36.785,38.76,14302500
CTXS,20110503,65.3901,66.1067,63.7659,64.8169,1910700
CUBA,20110503,7.33,7.33,7.22,7.31,5300
CUTR,20110503,8.32,8.75,8.31,8.71,104500
CVBF,20110503,9.51,9.68,9.46,9.56,496000
CVCO,20110503,44.65,44.72,41.88,42.04,13500
CVCY,20110503,6.84,6.9,6.84,6.9,700
CVGI,20110503,16.67,16.67,16,16.26,202700
CVGW,20110503,20,20.02,19.63,19.84,34800
CVLT,20110503,39.37,39.72,37.74,38.04,468500
CVLY,20110503,10.68,10.89,10.62,10.63,2900
CVV,20110503,11.35,11.35,10.62,10.76,11400
CWBC,20110503,4.35,4.35,4.2,4.25,4100
CWCO,20110503,9.5,9.84,9.33,9.81,111600
CWST,20110503,6.91,6.99,6.69,6.76,82100
CXDC,20110503,4.62,4.62,4.3,4.55,114200
CYAN,20110503,3.15,3.21,3.15,3.18,5200
CYBE,20110503,10,10,9.92,10,5900
CYCC,20110503,2368.8,2570.4,2352,2402.4,1318200
CYCCP,20110503,4.05,4.05,4.05,4.05,0
CYTK,20110503,8.7,8.88,8.52,8.58,270200
CZNC,20110503,17.32,17.35,16.85,16.99,22900
CZWI,20110503,5.18,5.26,5.17,5.26,500
DAIO,20110503,6.2,6.2,6.11,6.17,1200
DAKT,20110503,10.42,10.53,10.03,10.24,114700
DCOM,20110503,15.12,15.25,15.07,15.16,67900
DCTH,20110503,1715.2,1735.68,1676.8,1697.28,745900
DENN,20110503,4.07,4.17,3.99,4.04,1024700
DGICA,20110503,13.19,13.25,13.08,13.16,14500
DGICB,20110503,15.35,15.35,15.35,15.35,0
DGII,20110503,11.5,11.64,11.01,11.31,104800
DGLY,20110503,1.37,1.4,1.34,1.38,39600
DHIL,20110503,80.39,80.49,79.46,79.91,12600
DIOD,20110503,33.58,34.42,31.78,32.01,295600
DISCA,20110503,44.51,44.92,44.47,44.6,1850900
DISCB,20110503,45.33,45.33,45.33,45.33,0
DISCK,20110503,19.84,20.015,19.835,19.88,850300
DISH,20110503,29.45,29.62,28.64,29.2,6041200
DJCO,20110503,74.01,74.01,74.01,74.01,0
DLTR,20110503,29.015,29.395,28.98,29.37,889300
DMLP,20110503,28.46,28.63,28.11,28.25,51700
DMRC,20110503,27.03,27.03,25.95,26.01,13600
DORM,20110503,18.5,18.945,18.205,18.905,52500
DRIV,20110503,31.9,32.24,31.52,32.06,659500
DRRX,20110503,3.59,3.67,3.02,3.17,1480600
DSGX,20110503,6.51,6.61,6.38,6.42,10600
DSPG,20110503,7.89,7.92,7.83,7.9,133300
DSWL,20110503,3.18,3.19,3.16,3.16,1900
DVAX,20110503,27,27.3,26.6,26.7,381400
DWSN,20110503,43.5,44.32,41.53,41.59,108800
DXCM,20110503,16.69,16.91,16.13,16.5,347700
DXPE,20110503,26.16,26.39,25.43,25.48,90000
DXYN,20110503,4.37,4.42,4.2,4.2,8500
DYNT,20110503,8.5,8.5,8,8.35,95000
EBAY,20110503,14.1389,14.3032,14.0042,14.1221,5798500
EBIX,20110503,22.6,22.76,21.63,22.02,665600
EBMT,20110503,11.35,11.35,11.35,11.35,600
EBSB,20110503,5.5556,5.5556,5.4861,5.4984,11200
EBTC,20110503,18.01,18.01,16.41,16.5,33600
ECHO,20110503,13.8,14.03,13.56,13.63,192100
ECOL,20110503,18.18,18.5,17.29,17.33,79900
ECPG,20110503,29.65,29.79,29.19,29.43,70300
EDAP,20110503,3.83,3.94,3.82,3.82,76400
EDUC,20110503,2.825,2.845,2.825,2.83,6100
EEFT,20110503,18.78,18.87,18.53,18.66,178100
EFOI,20110503,3.95,4.05,3.85,4,70000
EFSC,20110503,14.02,14.15,13.46,13.84,37100
EGBN,20110503,13.51,13.66,13.34,13.44,36800
EGLE,20110503,33768,34372.8,33062.4,33264,1374000
EHTH,20110503,13.21,13.24,12.89,13.09,123200
ELSE,20110503,4.25,4.25,4.25,4.25,200
ELTK,20110503,1.1,1.13,1.07,1.09,20100
EMCF,20110503,18.5,18.5,18.5,18.5,0
EMIF,20110503,36.55,36.61,36.23,36.4,15900
EMKR,20110503,10.32,10.52,9.44,9.64,1152500
ENDP,20110503,38.28,40.19,38.18,39.9,2464100
ENG,20110503,4.13,4.16,3.94,3.94,58500
ENSG,20110503,14.16,14.235,13.935,14,104000
ENTG,20110503,8.58,8.65,8.41,8.49,1400200
EPAY,20110503,25.21,26.3,25.21,25.81,223000
EQIX,20110503,98.32,99.05,96.88,98.1,519100
ERIC,20110503,15.04,15.12,14.9,14.98,6020000
ERIE,20110503,71.85,72.21,71.56,71.64,32700
ERII,20110503,2.94,3.02,2.9,2.92,171700
ESBK,20110503,16.66,16.79,16.66,16.79,700
ESCA,20110503,5.57,5.6,5.51,5.51,1800
ESEA,20110503,34.88,35.2,34.24,34.8,39000
ESGR,20110503,109.5,110.86,107.22,108.77,86700
ESLT,20110503,54.31,54.32,53.8,54.09,8000
ESSA,20110503,12.26,12.32,11.66,11.79,25400
EUFN,20110503,24.79,24.79,24.79,24.79,0
EVK,20110503,1.9,1.9,1.9,1.9,0
EVOL,20110503,7.77,7.77,7.6,7.67,21900
EWBC,20110503,21.38,21.6,21.17,21.32,604300
EXAS,20110503,8,8.07,7.36,7.64,1081800
EXEL,20110503,11.72,11.94,11.37,11.57,1833200
EXLS,20110503,22.25,24.25,21.6,24.04,851300
EXPD,20110503,54.35,54.59,53.48,53.72,966000
EXPE,20110503,25.33,25.45,24.74,24.98,4663200
EXPO,20110503,10.4775,10.53,10.3775,10.4975,41000
EXTR,20110503,3.15,3.23,3.13,3.15,814300
EZPW,20110503,31.11,31.11,30.42,30.67,317900
FARM,20110503,12.14,12.22,11.97,11.98,9300
FARO,20110503,42.15,42.53,41.52,42.26,96000
FAST,20110503,16.695,16.805,16.435,16.5625,679700
FBIZ,20110503,11.85,13,11.85,12.92,53600
FBMS,20110503,8.7,8.98,8.7,8.98,500
FBNC,20110503,13.21,13.5,13.1,13.15,15700
FCAL,20110503,3.8,3.91,3.78,3.85,170000
FCAP,20110503,16.5,16.5,16.5,16.5,0
FCBC,20110503,14.58,14.8,14.52,14.76,22000
FCCO,20110503,6.97,7.43,6.97,7.36,700
FCCY,20110503,8.29,8.29,8.05,8.05,1000
FCEL,20110503,247.68,262.08,241.92,241.92,4688200
FCFS,20110503,38.8,39.17,37.86,38.28,183400
FCNCA,20110503,200.8,201.35,199.62,200,30200
FEIM,20110503,11.53,11.79,10.59,11.3,167500
FELE,20110503,22.1,22.16,21.66,21.915,71800
FFBC,20110503,16.33,16.51,16.25,16.33,203200
FFHL,20110503,2.57,2.57,2.49,2.54,32700
FFIC,20110503,14.55,14.74,14.43,14.52,285900
FFIN,20110503,9.2,9.2634,9.0684,9.12,30900
FFIV,20110503,99.81,101.36,99.12,100.55,2182700
FFNW,20110503,6.25,6.29,6.25,6.29,18100
FIBK,20110503,13.51,13.83,13.51,13.7,30800
FISI,20110503,16.55,16.72,16.48,16.58,27400
FISV,20110503,15.47,15.7175,15.4575,15.565,1193400
FITB,20110503,13.04,13.42,12.91,13.4,24272100
FITBP,20110503,141.87,141.87,141.87,141.87,25000
FIZZ,20110503,13.61,13.76,13.41,13.68,21700
FLDM,20110503,16.31,16.31,15.41,15.68,39300
FLEX,20110503,7.01,7.03,6.85,6.91,8642600
FLIC,20110503,18.14,18.2,17.8733,17.9533,13800
FLWS,20110503,3.08,3.21,3.01,3.18,252200
FLXS,20110503,14.8,15.1,14.55,14.67,6400
FMBI,20110503,13.18,13.48,12.82,12.97,893000
FNLC,20110503,14.74,14.83,14.36,14.36,5600
FOLD,20110503,7.14,7.45,7.06,7.45,16500
FONR,20110503,1.85,1.9,1.81,1.81,16100
FORD,20110503,4.34,4.46,4.34,4.4,7000
FORM,20110503,10.17,10.3,9.81,9.9,475700
FORR,20110503,38.68,38.77,37.92,38.14,38700
FORTY,20110503,19.7,19.8,19.16,19.16,4800
FOSL,20110503,91.46,92.5,89.55,91.01,551900
FRBK,20110503,2.64,2.74,2.64,2.68,28100
FREE,20110503,79500000,84000000,79500000,82500000,14100
FRME,20110503,9.13,9.4,9.12,9.26,59800
FRPT,20110503,4.79,4.87,4.7,4.86,1101600
FSFG,20110503,16,16,16,16,0
FSII,20110503,4.5,4.61,4.47,4.5,295600
FSLR,20110503,136.9,136.9,133.85,134.66,2573900
FSTR,20110503,39.17,39.51,36.54,36.6,102600
FTEK,20110503,7.65,7.89,7.65,7.79,86600
FTNT,20110503,23.185,23.5,21.75,22.615,1707300
FULT,20110503,11.75,11.82,11.68,11.79,1414700
FUNC,20110503,4.25,5.15,4.03,4.24,56600
FUND,20110503,8.32,8.32,8.17,8.18,24200
FWRD,20110503,32.77,32.84,31.84,32.2,166800
GABC,20110503,11.62,11.62,11.5067,11.5067,7600
GAIA,20110503,5.65,5.74,5.58,5.66,35900
GAIN,20110503,7.6,7.7,7.57,7.58,81300
GALT,20110503,8.28,8.34,7.92,8.22,129900
GAME,20110503,7.4,7.4,7.13,7.16,891200
GASS,20110503,6,6.13,5.9,5.91,74400
GBCI,20110503,14.92,15.02,14.75,14.88,300400
GBDC,20110503,16.08,16.24,15.97,16.06,72300
GBLI,20110503,24.85,25.5,24.85,25.13,161800
GCBC,20110503,9.265,9.265,9.265,9.265,0
GENC,20110503,5.1333,5.1667,5.0867,5.1667,700
GENE,20110503,156.2,192,147,162.8,2079500
GERN,20110503,4.89,4.93,4.82,4.85,1241700
GEVO,20110503,122400,125520,118260,119100,37300
GFED,20110503,6.25,6.31,6.24,6.26,1600
GGAL,20110503,12.71,12.89,12.49,12.85,158900
GIFI,20110503,32.85,32.85,31.82,32.23,104000
GIGM,20110503,7.4,7.4,6.65,6.8,714500
GIII,20110503,21.405,21.67,20.61,21.165,167500
GILD,20110503,20.43,20.865,20.15,20.83,11712700
GILT,20110503,4.7,4.75,4.6,4.73,87300
GLAD,20110503,11.27,11.5,11.27,11.3,104700
GLBL,20110503,9.62,9.69,9,9.11,1350500
GLBS,20110503,36000,36000,36000,36000,200
GLBZ,20110503,7.66,7.66,7.66,7.66,400
GLDD,20110503,7.25,7.35,7.03,7.34,648200
GLNG,20110503,31.6,31.84,29.72,30.42,686000
GLRE,20110503,27.37,27.48,26.81,27.25,176200
GNOM,20110503,15.55,15.55,13.66,14.18,311300
GNTX,20110503,15.63,15.855,15.505,15.62,1364000
GOOD,20110503,18.26,18.39,18.08,18.17,24300
GOODO,20110503,24.73,24.98,24.49,24.98,3400
GOOG,20110503,268.565,271.005,264.815,266.945,2081500
GPRE,20110503,12.39,12.5,12.02,12.08,361400
GPRO,20110503,83.95,84.99,81.97,82,1523900
GRID,20110503,34.86,34.86,34.44,34.55,1300
GRMN,20110503,34,34.01,33.43,33.49,2670800
GROW,20110503,9.52,9.87,9.51,9.77,68400
GRVY,20110503,6.96,7.12,6.96,7,5700
GSBC,20110503,20.46,20.49,20.06,20.1,7100
GSIT,20110503,8.35,8.4,8.14,8.32,143600
GSM,20110503,22.18,22.22,20.83,21.37,676800
GT,20110503,17.78,17.97,17.46,17.66,10001700
GTIM,20110503,1.9,1.98,1.9,1.98,600
GYRO,20110503,72.22,74.05,72.22,74.05,500
HA,20110503,5.86,5.88,5.67,5.78,501200
HAFC,20110503,1.3,1.32,1.28,1.29,432900
HAIN,20110503,16.47,16.705,16.35,16.635,536700
HALL,20110503,8.35,8.5,8.34,8.41,22800
HALO,20110503,6.49,6.53,6.27,6.39,287100
HAS,20110503,46.96,47.15,46.65,46.94,1300900
HAYN,20110503,52.47,52.55,50.32,51.13,75500
HBAN,20110503,6.77,6.88,6.7,6.85,13920100
HBANP,20110503,1148,1150,1148,1149.68,300
HBCP,20110503,15.8,15.8,15.41,15.41,5600
HBIO,20110503,5.52,5.68,5.48,5.48,108500
HBNC,20110503,5.3333,5.3432,5.3333,5.3333,5400
HCCI,20110503,17.53,17.82,17.53,17.82,14300
HCII,20110503,8.03,8.05,8,8.05,3200
HCIIW,20110503,0.79,0.79,0.79,0.79,100
HCKT,20110503,4.1,4.1,3.88,3.91,47200
HCSG,20110503,17.36,17.45,17.12,17.32,220500
HDSN,20110503,1.9,1.9,1.85,1.89,42600
HEES,20110503,18.98,19.02,17.98,18.35,141400
HELE,20110503,31.25,31.46,30.18,30.38,149400
HERO,20110503,6.2,6.54,6.12,6.41,12831000
HFBL,20110503,13.14,13.14,13.14,13.14,200
HFWA,20110503,13.84,14.44,13.66,13.9,23900
HGSH,20110503,5,5.3,5,5.08,8200
HIBB,20110503,37.6,37.6,36.52,36.63,298100
HIFS,20110503,51.5,51.5,51.5,51.5,200
HIHO,20110503,2.99,3.03,2.99,3,7200
HIMX,20110503,2.54,2.55,2.43,2.46,72100
HLIT,20110503,8.03,8.17,7.66,7.93,1948200
HMNF,20110503,2.96,2.96,2.9,2.9,2100
HNRG,20110503,11,11.17,11,11.01,8300
HOFT,20110503,12,12.06,11.98,12.01,43100
HOLI,20110503,11.81,11.81,11.28,11.4,563000
HOLX,20110503,22.41,23.09,22.25,22.69,5769500
HOMB,20110503,5.8875,6,5.85,5.9925,112900
HOOK,20110503,9.08,9.3,9.08,9.17,15700
HOVNP,20110503,6.16,6.41,6.16,6.32,2100
HRZN,20110503,16.1,16.15,15.76,16.01,24100
HSIC,20110503,73.1,73.63,71.23,73.55,794600
HSII,20110503,22.68,22.77,21.86,22.03,110700
HSKA,20110503,6.61,6.89,6.61,6.66,7100
HSTM,20110503,9.89,10.57,9.68,9.87,115100
HTBK,20110503,5.19,5.24,5.17,5.21,17100
HTHT,20110503,5.46,5.5125,5.2,5.4375,364200
HTLD,20110503,17.05,17.15,16.89,16.99,451800
HTLF,20110503,15.42,15.62,15,15,13300
HUBG,20110503,38.9,39.34,37.7,38.82,287500
HURC,20110503,32.25,32.58,32.25,32.44,13300
HURN,20110503,29.45,29.46,28.67,28.89,49800
HWBK,20110503,8.4,8.4,8.1,8.25,1700
HWKN,20110503,45.98,46.1,45.09,45.13,39300
IART,20110503,26.06,26.06,25.785,26,165400
IBB,20110503,107.6,108.22,106.6,107.21,328200
IBCP,20110503,2.95,2.96,2.56,2.68,233000
IBKR,20110503,17.45,17.45,17.27,17.4,373000
IBOC,20110503,17.15,17.48,17.15,17.37,191900
ICAD,20110503,1.18,1.24,1.18,1.2,148800
ICCC,20110503,4.47,4.78,4.46,4.57,2900
ICFI,20110503,23.91,24.14,23.85,23.89,115000
ICLK,20110503,7,7.17,6.93,7.02,114100
ICLN,20110503,18.18,18.18,17.81,17.91,30200
ICLR,20110503,24.17,24.53,23.23,24.16,167000
ICUI,20110503,44.63,44.93,44.14,44.56,39800
IDCC,20110503,45.35,45.75,44.35,44.75,665900
IDRA,20110503,20.8,21.44,20.72,20.88,13600
IDXX,20110503,40.63,40.69,39.97,40.145,240900
IESC,20110503,3.3,3.47,3.3,3.47,600
IFGL,20110503,32.76,32.76,32.47,32.48,17200
IGOV,20110503,108.27,108.5,107.82,108.09,28600
III,20110503,2.28,2.3,2.18,2.24,33400
IIN,20110503,4.52,4.58,4.5,4.58,1500
IIVI,20110503,28.505,28.69,27.675,28.15,186900
IKNX,20110503,7.73,7.85,7.7,7.85,1400
ILMN,20110503,71.16,72,70.76,71.94,1588000
IMGN,20110503,13.48,13.72,13.07,13.36,676600
IMKTA,20110503,18.25,18.84,18.25,18.55,39000
IMMR,20110503,7.25,7.33,7.09,7.17,123400
IMOS,20110503,7.7,8.13,7.7,7.98,88300
INCY,20110503,18.45,21.15,18.09,20.43,5776100
INDB,20110503,28.82,29.19,28.81,29.11,90300
INDY,20110503,28.79,28.79,28.26,28.41,346300
INFI,20110503,5.79,5.87,5.75,5.85,22400
INFN,20110503,7.5,7.64,7.35,7.45,1551000
INMD,20110503,10.16,10.25,10.1,10.13,12100
INOD,20110503,2.6,2.62,2.52,2.55,45300
INSM,20110503,8.75,8.82,8.54,8.59,27600
INTC,20110503,22.81,23.46,22.67,23.23,110497500
INTG,20110503,22.01,22.25,22,22.25,1400
INTU,20110503,55.03,55.47,54.53,55.23,1723400
INVE,20110503,35.1,37.3,34.1,35.2,693400
IOSP,20110503,35.71,35.8,32.85,33.74,455700
IPAR,20110503,18.91,19.31,18.88,18.94,85500
IPGP,20110503,72.93,74.18,65.71,69.83,1496200
IRBT,20110503,34.54,34.71,32.08,32.87,495500
IRDM,20110503,7.76,7.88,7.67,7.78,464800
IRIX,20110503,4,4,3.9,3.93,10400
IRWD,20110503,14.36,14.48,13.93,14.19,89000
ISBC,20110503,5.8039,5.8863,5.8039,5.8706,159800
ISHG,20110503,110.69,110.87,110.38,110.59,5800
ISIG,20110503,5.28,5.56,5.05,5.29,524500
ISLE,20110503,9.17,9.3,9.03,9.22,76500
ISRG,20110503,353.19,356.4,350.7,352.01,276500
ISSC,20110503,5.75,5.79,5.73,5.79,9100
ITIC,20110503,33.35,34,33.35,33.98,1500
ITRI,20110503,53.98,54.3,53.75,54.17,427900
ITRN,20110503,16.29,16.29,16,16.12,33700
IVAC,20110503,10.46,12.03,10.14,11.4,139300
JACK,20110503,20.31,20.55,20.23,20.43,580600
JAKK,20110503,203.4,206.2,195.2,204.4,134200
JAZZ,20110503,32.45,32.45,30.6,31.88,1130500
JBHT,20110503,47,47.27,46.16,46.88,799900
JBLU,20110503,5.62,5.82,5.62,5.81,4454900
JBSS,20110503,10.78,10.78,10.45,10.45,22000
JCS,20110503,15.94,16.19,15.94,16.05,6600
JCTCF,20110503,2.415,2.415,2.415,2.415,0
JJSF,20110503,49.57,50.59,49.48,50.43,47600
JKHY,20110503,33.51,33.71,33.08,33.39,483100
JOBS,20110503,28.14,28.895,28.005,28.23,97100
JOUT,20110503,16.53,16.53,16.17,16.28,16300
JRJC,20110503,54.5,55.2,51.6,52.5,161400
JVA,20110503,5.4,6.15,5.3,5.99,481600
KALU,20110503,51.09,51.97,49.96,50.6,427700
KELYA,20110503,19.03,19.24,18.95,19.13,159900
KELYB,20110503,19.6,19.6,19.6,19.6,0
KEQU,20110503,11.08,11.08,10.75,10.75,7500
KFFB,20110503,8.04,8.04,8.04,8.04,0
KFRC,20110503,15.21,15.37,14.96,14.96,156800
KINS,20110503,3.6,3.6,3.6,3.6,0
KIRK,20110503,14.93,15.1,14.84,15.05,86800
KLAC,20110503,43.73,44.06,42.66,43.05,2266100
KLIC,20110503,10.33,10.53,9.95,10.2,9877500
KNDI,20110503,2.78,2.82,2.66,2.73,87600
KOPN,20110503,4.57,4.66,4.52,4.54,148900
KOSS,20110503,6.44,6.51,6.25,6.25,3700
KRNY,20110503,9.41,9.44,9.31,9.33,14300
KTCC,20110503,5.22,5.22,5.1,5.12,31000
KTOS,20110503,13.7,13.84,13.69,13.69,53800
KVHI,20110503,12.84,12.99,12.69,12.81,130100
LAKE,20110503,8.65,8.7,8.58,8.62,10400
LAMR,20110503,31.95,32.06,31.22,32.03,1428700
LANC,20110503,59.33,60.31,59.27,60.07,92400
LARK,20110503,16.62,16.62,14.75,15.89,10800
LAWS,20110503,22,22.06,21.48,21.6,17100
LBAI,20110503,10.15,10.25,9.96,10.1,21400
LBTYA,20110503,23.5565,23.8017,23.2039,23.3929,822700
LBTYB,20110503,46.15,46.15,46.15,46.15,0
LBTYK,20110503,43.93,44.29,43.58,43.75,343400
LCUT,20110503,15.39,15.82,15.39,15.65,36400
LECO,20110503,38.96,39.235,38.225,38.465,118600
LEDS,20110503,11.14,11.39,10.87,10.97,33400
LFUS,20110503,64.77,65.5,63.57,64.18,230000
LGND,20110503,11.14,11.2,11.1,11.12,79500
LHCG,20110503,30.38,30.38,29.75,29.92,80000
LIFE,20110503,776.16,779.52,770.7,778.96,1510600
LINC,20110503,16.77,16.9,16.53,16.7,82500
LIVE,20110503,1.3333,1.3333,1.2667,1.2667,2500
LKFN,20110503,14.2933,14.8933,14.2933,14.34,19400
LLNW,20110503,6.35,6.43,6.25,6.28,1749000
LMAT,20110503,7,7.02,6.85,6.98,14500
LMNR,20110503,20.83,21.45,20.2,20.2,12100
LNDC,20110503,6.35,6.35,6.06,6.19,43500
LOAN,20110503,1.62,1.62,1.48,1.48,6400
LOGI,20110503,13.25,13.45,13.15,13.38,2161600
LOOP,20110503,18.5,18.7,18.5,18.6,1086500
LOPE,20110503,14.04,14.7,13.95,14.47,280700
LORL,20110503,69.09,69.51,66.88,67.98,85000
LPLA,20110503,37,37.06,36.48,36.86,257500
LPSN,20110503,12.14,12.53,10.82,11.2,5361400
LPTH,20110503,1.52,1.64,1.52,1.62,31900
LQDT,20110503,19.36,19.36,18.67,18.72,61200
LRCX,20110503,48.08,48.38,46.45,46.95,4011500
LSBK,20110503,10.94,10.95,10.94,10.95,2000
LSCC,20110503,6.9,7,6.77,6.87,2190200
LSTR,20110503,47.11,47.46,46.29,47.12,329700
LTBR,20110503,301.8,305.4,300,301.2,40800
LTRX,20110503,4,4,3.85,4,17200
LULU,20110503,47.79,47.79,46.08,46.65,2524900
LUNA,20110503,2.05,2.38,2,2.14,277000
LWAY,20110503,9.3,9.43,9.15,9.22,9900
LXRX,20110503,11.76,11.76,11.34,11.41,815900
LYTS,20110503,8.33,8.43,8.27,8.36,76000
MANH,20110503,8.995,8.995,8.87,8.955,119500
MANT,20110503,43.45,43.86,43.4,43.48,147900
MARPS,20110503,19.15,19.39,19.15,19.39,4400
MASI,20110503,34.34,34.45,33.35,33.73,670100
MAT,20110503,26.58,26.82,26.31,26.36,3519100
MATW,20110503,39.81,40.29,39.29,39.71,68500
MAYS,20110503,18.38,18.38,18.38,18.38,0
MBWM,20110503,9.12,9.34,9.12,9.29,2400
MCBC,20110503,2.51,2.55,2.5,2.52,24800
MCHP,20110503,40.74,40.79,40.18,40.55,1623500
MCHX,20110503,7.14,7.18,6.65,6.69,161600
MCRI,20110503,11.19,11.19,10.77,10.88,15700
MDRX,20110503,21.61,21.69,21.28,21.52,1217900
MELI,20110503,92.04,92.04,86.11,86.76,751500
MEOH,20110503,31.63,31.84,31.15,31.64,314700
MERC,20110503,12.03,12.1,11.65,11.93,521400
MGEE,20110503,27.66,28,27.66,27.8267,40200
MGIC,20110503,6.25,6.3,5.9,6,507200
MGLN,20110503,51.6,51.79,49.57,49.94,396600
MGPI,20110503,8.23,8.35,8.15,8.15,20200
MGRC,20110503,27.9,28.22,27.44,27.56,35800
MGYR,20110503,4.25,4.3,4.15,4.3,3800
MHLD,20110503,7.31,7.42,7.29,7.34,102700
MIDD,20110503,29.4667,29.73,28.8067,28.9,101600
MIND,20110503,15.79,16.33,15.22,15.55,79800
MKSI,20110503,26.4,26.67,25.66,25.85,1044200
MKTX,20110503,22.42,23.05,21.99,22.47,164500
MLAB,20110503,30.7,31.12,30.7,31.12,500
MLHR,20110503,25.53,25.82,25,25.3,163500
MLVF,20110503,8,8,8,8,0
MMLP,20110503,40.51,40.51,38.92,39.7,178300
MMSI,20110503,18.744,18.792,18.504,18.656,126400
MMYT,20110503,30.04,30.49,29.07,29.26,105600
MNDO,20110503,3.34,3.37,3.23,3.28,87000
MNKD,20110503,22.2,22.55,20.9,21.4,1176300
MNOV,20110503,2.7,2.72,2.59,2.61,58700
MNRO,20110503,29.4,29.66,29.12,29.23,203300
MNST,20110503,10.8167,10.8167,10.445,10.5767,1329100
MNTX,20110503,5.8,5.95,5.8,5.94,47900
MOFG,20110503,14.21,14.21,14.05,14.05,11800
MORN,20110503,57.76,58.01,56.94,57.4,77900
MOSY,20110503,1224,1224,1180,1190,62100
MOVE,20110503,9.2,9.4,8.88,9.24,501500
MPAA,20110503,13.5,14.14,13.5,13.75,48200
MPAC,20110503,5.45,5.79,5.45,5.7,35000
MPB,20110503,9,9.01,9,9.01,500
MPWR,20110503,16.57,16.85,16.26,16.34,609000
MRCY,20110503,19.03,19.03,18.77,18.81,128800
MRLN,20110503,11.99,12.03,11.86,11.9,5200
MRNA,20110503,0.61,0.61,0.55,0.55,253600
MRTN,20110503,9.6667,9.7022,9.4711,9.5555,24500
MRVL,20110503,15.27,15.31,14.85,15,15750500
MSEX,20110503,18.19,18.59,18.16,18.17,27000
MSFT,20110503,25.6,25.85,25.49,25.81,71909300
MSON,20110503,2.31,2.4,2.3,2.3,9600
MSTR,20110503,140.53,140.78,135.87,136.7,53100
MTEX,20110503,16,16.3,15.5,15.6,13900
MTRX,20110503,14.28,14.28,13.3,13.5,103300
MU,20110503,11.2,11.23,10.8,10.9,36970800
MVIS,20110503,12.8,12.88,11.6,11.68,1180600
MYGN,20110503,21.51,21.96,21.01,21.34,991500
MYRG,20110503,24.81,24.98,23.86,24.13,46000
NAII,20110503,4.52,4.54,4.45,4.53,3200
NATH,20110503,17.22,17.31,17.15,17.15,2500
NATI,20110503,30.01,30.43,29.94,30.15,874600
NATR,20110503,8.47,8.75,8.47,8.47,8300
NBIX,20110503,7.63,7.79,7.54,7.67,305500
NBN,20110503,14.11,14.11,14.11,14.11,0
NBTB,20110503,22.23,22.47,22.1,22.28,75900
NCMI,20110503,17.29,17.4,17.15,17.29,165100
NCTY,20110503,211.8,213.6,198,200.1,46600
NDAQ,20110503,27.2,27.23,26.59,26.77,1701300
NDSN,20110503,55.45,56.44,53.84,54.37,392000
NECB,20110503,6.23,6.23,6.22,6.22,1500
NEOG,20110503,20.845,21.055,19.815,19.93,187100
NEPT,20110503,3.41,3.41,2.99,3.09,216800
NEWT,20110503,6.9,7.2,6.85,6.9,25200
NFBK,20110503,13.7,13.73,13.45,13.52,23300
NFLX,20110503,33.67,33.7057,32.5714,33.0343,4640400
NICE,20110503,36.43,36.65,36.1,36.5,313600
NICK,20110503,12.49,12.68,12.49,12.6,24100
NKSH,20110503,27.82,28.29,27.49,27.67,6600
NKTR,20110503,10.35,10.36,9.89,10.08,989700
NLTX,20110503,0.85,0.85,0.82,0.82,83300
NNBR,20110503,18.84,19.39,18.64,18.83,279500
NRIM,20110503,19.77,19.77,19.74,19.74,600
NSEC,20110503,13.17,13.23,13.17,13.23,900
NSIT,20110503,16.57,16.7,16.1,16.39,140500
NSSC,20110503,2.19,2.28,2.12,2.2,21800
NSYS,20110503,3.79,3.79,3.52,3.52,1100
NTAP,20110503,51.79,52.28,51.59,52.05,3555600
NTCT,20110503,24.59,24.59,23.9,24.14,239800
NTES,20110503,9.89,9.944,8.934,9.1,2625100
NTGR,20110503,39.9,40.75,37.94,38.48,1262900
NTIC,20110503,7.725,7.88,7.5,7.88,9100
NTRS,20110503,49.05,49.49,48.86,49.37,1676300
NTWK,20110503,17.2,17.2,16.6,16.7,535400
NUAN,20110503,20.4,20.44,19.85,20.28,1996500
NURO,20110503,101.76,105.6,96,103.68,39100
NUVA,20110503,30.45,31.03,29.57,30.02,977300
NVAX,20110503,50,50.6,48.2,49,1098800
NVDA,20110503,4.875,4.89,4.6375,4.6975,20239000
NVEC,20110503,57.55,57.85,56.36,56.73,45800
NVMI,20110503,9.56,9.66,9.07,9.22,280700
NWBI,20110503,12.41,12.54,12.29,12.38,726000
NWFL,20110503,27.62,27.72,27.62,27.72,2100
NWLI,20110503,158.5,160.38,157.01,157.06,1700
NWPX,20110503,22.96,23.1,22.38,22.82,42100
NWS,20110503,18.74,19.02,18.51,18.66,2073300
NWSA,20110503,17.86,18.01,17.42,17.52,14911400
NXPI,20110503,33.09,33.38,31.61,31.8,1849400
NXST,20110503,8.4,8.64,8.3,8.41,72800
NYMT,20110503,6.75,6.75,6.62,6.67,25300
NYMX,20110503,7.37,7.49,7.14,7.15,119200
OBAS,20110503,8.75,8.9,8.75,8.75,6700
OBCI,20110503,3.33,3.38,3.13,3.21,13100
OCC,20110503,4.71,4.83,4.42,4.71,26800
OCFC,20110503,14.38,14.5,14.37,14.4,17000
ODFL,20110503,24.8333,24.8333,24.52,24.6933,310500
OFED,20110503,12.21,12.21,12.21,12.21,0
OFIX,20110503,34.37,34.62,34.34,34.4,63700
OFLX,20110503,13.85,14.08,13.3,14,7200
OIIM,20110503,7.25,7.34,7.19,7.3,146900
OMAB,20110503,16.31,16.65,15.89,16,21100
OMCL,20110503,15.52,15.97,15.4,15.57,154500
OMER,20110503,5,5,4.72,4.77,76500
OMEX,20110503,46.2,46.8,43.92,44.52,405100
ONCY,20110503,5.94,6,5.65,5.81,119500
ONEQ,20110503,112.65,112.67,111.47,111.85,11300
OPEN,20110503,113.54,113.97,104.24,105,2741700
OPHC,20110503,103.6,103.6,85.2,86.8,4200
OPNT,20110503,38,38.21,37.09,37.45,111700
OPOF,20110503,11.6,11.6,11.6,11.6,0
ORLY,20110503,59.29,60,59.29,59.67,1272600
ORRF,20110503,27.05,27.11,26.08,26.22,16000
OSBC,20110503,1.25,1.3,1.22,1.22,65400
OSIS,20110503,38.23,38.45,37.31,37.43,69500
OSTK,20110503,13.92,13.93,13.61,13.7,84200
OSUR,20110503,8.63,8.67,8.53,8.64,96800
OTEX,20110503,15.3425,15.3875,14.9775,15.2275,305900
OTTR,20110503,23.01,23.26,22.92,23,64400
OVBC,20110503,19.25,19.25,18.41,18.46,7300
OVLY,20110503,5.96,5.96,5.96,5.96,0
OXLC,20110503,19.15,19.79,19.15,19.79,2500
PAAS,20110503,34.23,34.83,33.5,33.83,3708600
PACB,20110503,10.7,11.15,10.44,10.98,774900
PACW,20110503,22.78,23.05,22.63,22.95,219200
PANL,20110503,54.44,54.58,50.92,52.98,876100
PATK,20110503,1.2311,1.2311,0.9911,1.0755,5700
PAYX,20110503,32.82,32.98,32.5,32.98,2618100
PBCT,20110503,13.55,13.81,13.51,13.69,9317900
PBHC,20110503,9.87,9.87,9.87,9.87,0
PBIP,20110503,6.8,6.8,6.8,6.8,300
PCAR,20110503,52.94,53.36,52.72,53.01,2157700
PCH,20110503,37.86,38.39,37.38,37.77,191400
PCOM,20110503,10.59,10.59,9.86,10.2,89900
PCRX,20110503,10.16,11.3,10.14,11,178900
PCTI,20110503,7.35,7.36,7.2,7.26,20000
PCYO,20110503,3.58,3.61,3.45,3.6,9000
PDCO,20110503,35.3,35.43,34.92,35.21,573100
PDEX,20110503,2.36,2.36,2.36,2.36,0
PDFS,20110503,6.04,6.07,5.89,6.02,150500
PEBK,20110503,6.49,6.68,6.4,6.67,20400
PEBO,20110503,13.34,13.64,12.92,13.32,31400
PEGA,20110503,18.52,18.735,18.08,18.47,148500
PENN,20110503,39.44,39.47,38.47,38.68,723900
PESI,20110503,7.15,7.35,6.95,7,78000
PETS,20110503,14.7,14.8,14.55,14.66,147600
PFBC,20110503,1.59,1.63,1.58,1.62,31800
PFIN,20110503,3.86,3.88,3.82,3.82,3400
PFLT,20110503,12.99,13,12.83,12.89,89700
PFSW,20110503,5.74,5.78,5.38,5.58,175200
PGC,20110503,13,13.09,12.99,13,16600
PKBK,20110503,8.5364,8.6364,8.5,8.6364,5200
PKOH,20110503,20.73,20.8,19.77,20.05,26800
PLAB,20110503,8.29,8.43,8.01,8.18,963600
PLBC,20110503,2.29,2.32,2.29,2.31,400
PLCE,20110503,52.3,53.18,52.27,52.84,465100
PLPC,20110503,69.7,70.7,66.95,67.82,26200
PLUG,20110503,0.56,0.57,0.55,0.57,229300
PLUS,20110503,13.68,13.685,13.5,13.555,16200
PLXS,20110503,36.68,36.68,35.38,35.75,231300
PMBC,20110503,4.22,4.22,4.11,4.19,4400
PMD,20110503,10.35,10.4,10.2,10.21,10000
PNBK,20110503,20.4,20.5,20.4,20.5,2500
PNFP,20110503,16.01,16.35,15.66,15.79,163100
PNNT,20110503,12.11,12.34,12,12.1,223100
PNQI,20110503,41.41,41.41,39.98,40.11,19500
PNRG,20110503,26.57,26.57,26.57,26.57,0
PODD,20110503,21.51,21.87,20.97,21.09,286500
POOL,20110503,29.88,29.96,29.5,29.59,179100
POWI,20110503,19.865,20.35,18.72,19.09,423000
POWL,20110503,38.97,39.25,38.69,39.19,38200
PPBI,20110503,7.14,7.17,6.98,7,3600
PRAA,20110503,29.52,29.8367,29,29.1667,75100
PRFT,20110503,12.22,12.37,11.69,11.85,58200
PRFZ,20110503,69.74,69.87,68.74,69.09,13900
PRGS,20110503,28.63,28.73,28.18,28.63,319200
PRIM,20110503,11.35,11.35,11.07,11.22,90300
PROV,20110503,8.08,8.15,8.08,8.11,5900
PRPH,20110503,0.99,1.04,0.99,0.99,4600
PRTS,20110503,7.9,8,7.4,7.41,157500
PSCC,20110503,31.2,31.2,30.88,31.02,178700
PSCD,20110503,29.06,29.07,28.78,28.93,6400
PSCE,20110503,40.39,40.39,38.35,38.78,147300
PSCF,20110503,28.68,28.72,28.26,28.53,3600
PSCH,20110503,34.23,34.23,33.48,33.66,182700
PSCI,20110503,30.58,30.62,30.27,30.36,6700
PSCM,20110503,30,30,29.71,29.92,400
PSCT,20110503,32.23,32.23,31.44,31.69,62100
PSCU,20110503,29.64,29.64,29.5,29.53,2000
PSEC,20110503,11.94,12.04,11.9,11.95,846600
PSMT,20110503,40.23,41.41,39.77,41.18,129500
PSTI,20110503,27.6,27.7,26.6,26.8,152200
PTEN,20110503,29.93,30.02,28.8,29.2,3752900
PTIX,20110503,2.22,2.22,2.21,2.21,1900
PTNR,20110503,18.88,18.92,18.78,18.87,116400
PTSI,20110503,11.18,11.18,11.01,11.01,9500
PWOD,20110503,25.0333,25.0667,24.5933,24.5933,6200
PXLW,20110503,2.56,2.7,2.41,2.45,53600
PZZA,20110503,14.81,15.01,14.775,14.955,119200
QABA,20110503,25.38,25.43,25.3,25.43,1800
QADA,20110503,11.07,11.09,10.41,11,33700
QADB,20110503,10.28,10.55,10.1,10.15,10100
QCLN,20110503,16.69,16.75,16.47,16.5,6000
QCOM,20110503,57.31,57.54,55.96,56.49,11726500
QCRH,20110503,8.65,8.91,8.5,8.91,12700
QDEL,20110503,13.13,13.43,12.95,13.39,668600
QNST,20110503,18.72,19.12,18.53,18.75,427100
QQEW,20110503,26.17,26.17,25.82,25.97,17500
QQQ,20110503,58.95,59,58.33,58.69,38143400
QQQX,20110503,15,15.07,14.8,14.88,47100
QQXT,20110503,23.67,23.67,23.43,23.47,9700
QTEC,20110503,27.52,27.59,27.1,27.32,273600
QUIK,20110503,52.92,53.9,50.54,51.1,270400
RADA,20110503,6.64,6.72,6.3,6.72,600
RAIL,20110503,30.07,30.09,28.94,29.12,110400
RAM,20110503,2.01,2.04,1.94,1.97,484000
RAND,20110503,26.55,27,26.55,27,800
RAVN,20110503,26.38,26.595,25.275,25.39,79900
RBCAA,20110503,21.8,21.95,21.65,21.75,18200
RBCN,20110503,281.7,289.7,268,273.4,1040000
RCII,20110503,30.43,31.43,30.43,30.88,1014700
RCKY,20110503,15,15.23,14.86,15.01,30900
RCMT,20110503,5.7,5.9,5.68,5.85,28600
RCON,20110503,15.05,15.85,14.1,15.65,10100
RDCM,20110503,7.24,7.25,6.89,6.98,65400
RDI,20110503,4.9,5.02,4.87,5.02,13000
RDIB,20110503,6,6,6,6,200
RDNT,20110503,3.71,3.87,3.65,3.85,130500
RDWR,20110503,17.125,17.355,16.855,17.335,167500
REED,20110503,2.02,2.05,2,2,17300
REFR,20110503,6.08,6.09,5.77,5.85,41300
REGN,20110503,53.46,56,49.33,51.11,2205000
RELL,20110503,13.43,13.51,13.32,13.36,84600
RENT,20110503,22.63,22.82,22.42,22.76,40000
RFIL,20110503,3.84,3.96,3.84,3.96,4000
RGCO,20110503,11.2833,11.2833,11.18,11.18,300
RGEN,20110503,4,4.03,3.95,4.02,34300
RGLD,20110503,59.97,60.19,58.57,59.18,646700
RICK,20110503,10.2,10.29,10,10.2,64500
RIGL,20110503,9.01,9.08,8.51,8.51,422100
RMBS,20110503,19.27,19.41,18.7,18.88,1020600
RMCF,20110503,10.42,10.53,10.42,10.46,2500
RMTI,20110503,10.17,10.37,10.13,10.37,40100
RNST,20110503,15.91,16.12,15.76,15.81,36000
RNWK,20110503,3.56,3.65,3.5,3.55,277400
ROCK,20110503,11.39,11.7,11.25,11.31,108700
ROIC,20110503,11.16,11.28,11,11.05,285800
ROLL,20110503,39.19,39.65,39.04,39.09,197800
ROST,20110503,18.3475,18.45,18.115,18.3375,1275700
RPRX,20110503,5.9,5.95,5.37,5.6,260100
RRGB,20110503,27.12,27.38,26.95,27.16,185000
RUSHA,20110503,13.4933,13.5467,13.0933,13.2467,62800
RUSHB,20110503,11.6333,11.6333,11.4467,11.5333,800
RUTH,20110503,4.9,4.94,4.82,4.9,164600
RVSB,20110503,3.16,3.19,3.11,3.11,11200
RYAAY,20110503,30.32,30.47,29.99,30.01,521100
SAFM,20110503,46.01,47.44,45.93,46.96,194000
SAFT,20110503,46.27,46.7,46.15,46.62,25400
SAIA,20110503,10.9067,11.1,10.8533,11.06,73300
SALM,20110503,3.52,3.52,3.45,3.45,17900
SANM,20110503,11.92,11.95,11.56,11.78,718300
SANW,20110503,3.79,3.86,3.6,3.68,10900
SASR,20110503,17.36,17.71,17.09,17.3,34600
SATS,20110503,28.1856,28.275,27.4869,27.5438,314200
SBAC,20110503,38.04,38.79,37.74,38,2241800
SBCF,20110503,9.15,9.15,8.95,9.05,219600
SBGI,20110503,11.42,11.42,10.89,11.01,522800
SBLK,20110503,180.75,183,178.5,180.75,83000
SBNY,20110503,57.43,57.78,56.81,57.23,113900
SBRA,20110503,16.96,17.09,16.85,16.88,162900
SBSI,20110503,19.981,20.3333,19.7143,19.8095,27000
SBUX,20110503,18.25,18.285,17.9,18.15,6078900
SCHL,20110503,25.76,26.14,25.76,25.88,118500
SCHN,20110503,60.03,60.21,58.52,59.57,257100
SCKT,20110503,2.3,2.59,2.3,2.57,35000
SCOR,20110503,31.28,31.28,26.83,27.89,377000
SCSC,20110503,35.97,36.18,35.73,35.91,106800
SCVL,20110503,18.66,18.9733,17.78,17.8733,97700
SEAC,20110503,10.46,10.48,10.28,10.43,112500
SEED,20110503,79.6,81.7,75.8,76.2,267100
SEIC,20110503,22.28,22.46,22.19,22.42,814300
SENEA,20110503,27.01,27.04,26.16,26.16,39400
SENEB,20110503,26.78,26.78,26.21,26.21,1300
SFNC,20110503,12.865,13.095,12.865,13.045,28200
SFST,20110503,7.97,7.97,7.97,7.97,0
SGC,20110503,11.1,11.25,11.1,11.1,9700
SGEN,20110503,16.85,17.23,16.79,16.96,1769700
SGMA,20110503,5.2,5.2,5.2,5.2,0
SGMO,20110503,7.42,7.5,7.01,7.08,643200
SGMS,20110503,10.33,10.42,10.11,10.18,465300
SGOC,20110503,13.76,15.2,13.76,15.2,4900
SGRP,20110503,1.72,1.8,1.65,1.8,2900
SHBI,20110503,9.52,9.67,9.32,9.38,14300
SHEN,20110503,8.74,8.985,8.505,8.58,40900
SHIP,20110503,612,648,600,600,90200
SHIPW,20110503,0.02,0.02,0.02,0.02,69100
SHOO,20110503,15.5319,15.7511,15.3659,15.437,327100
SHY,20110503,84.08,84.09,84.05,84.08,450900
SIEB,20110503,1.9,1.9,1.9,1.9,100
SIFY,20110503,6.34,6.74,5.62,5.9,8539900
SIGA,20110503,13.08,13.1,12.59,12.74,309100
SIGI,20110503,17.44,17.99,17.44,17.77,165000
SILC,20110503,21.15,21.26,20.35,20.36,13300
SIMO,20110503,11.8,11.91,11.41,11.78,387500
SINO,20110503,10.25,11.25,10.25,11,14000
SIRI,20110503,1.96,2.09,1.96,2.07,243855300
SIVB,20110503,59.6,60.45,59.6,59.98,336800
SKYW,20110503,16.69,16.87,16.58,16.76,191700
SLAB,20110503,41.91,42.21,41.13,41.4,418800
SLGN,20110503,22.865,23.165,22.775,22.835,437700
SLP,20110503,3.05,3.14,3.05,3.06,7800
SLRC,20110503,25.3,25.91,24.99,25.15,126700
SMBC,20110503,12.96,12.96,12.87,12.87,300
SMCI,20110503,16.36,16.62,15.94,16.19,222400
SMED,20110503,4.68,4.68,4.55,4.61,64700
SMIT,20110503,3.45,3.45,3.45,3.45,0
SMMF,20110503,3.75,3.8,3.6,3.72,5800
SMSI,20110503,30.6,30.64,29.2,29.92,829900
SMTC,20110503,27.69,28.08,26.84,27.01,411000
SNCR,20110503,31.59,31.62,30.6,30.65,517400
SNFCA,20110503,1.63,1.64,1.5,1.5,8800
SNPS,20110503,27.34,27.44,26.93,27.13,460900
SOHU,20110503,103.29,103.87,93.68,94.83,5322100
SONO,20110503,34.47,35.15,34.17,34.18,43600
SOXX,20110503,59.95,60.09,59.08,59.49,115600
SPBC,20110503,12.3,12.3,12.3,12.3,0
SPNS,20110503,3.74,3.9,3.61,3.89,30100
SPPI,20110503,9.62,9.76,9.05,9.11,2824500
SPRO,20110503,2.18,2.19,2.18,2.18,3300
SPSC,20110503,17.97,17.97,16.79,17.76,93300
SPTN,20110503,15.44,15.58,15.35,15.51,58400
SQQQ,20110503,29849.6,30784,29772.8,30208,922300
SRCE,20110503,20.83,20.84,20.55,20.56,26700
SRCL,20110503,90.26,90.91,88.96,89.75,579100
SRDX,20110503,15.19,15.41,15.11,15.22,91300
SREV,20110503,12.77,13.1,12.35,12.9,109400
SSBI,20110503,6.8,6.8,6.75,6.75,400
SSNC,20110503,20,20.19,19.94,19.99,58800
SSYS,20110503,51.07,51.18,48.77,49.5,345800
STAA,20110503,5.42,5.53,5.29,5.48,182600
STBA,20110503,19.54,19.72,19.17,19.32,92500
STFC,20110503,16.6,16.78,16.52,16.57,30300
STKL,20110503,6.99,7.09,6.91,7.01,425900
STLD,20110503,17.9,18.06,17.58,17.77,3304700
STRA,20110503,122.59,125.04,121.06,121.84,282900
STRC,20110503,4.92,4.94,4.62,4.79,5000
STRL,20110503,15.06,15.48,14.58,14.68,59200
STRM,20110503,1.81,1.81,1.75,1.75,13400
STRN,20110503,7.84,7.89,7.76,7.81,2700
STRS,20110503,13.82,14.82,13.56,14,1100
STRT,20110503,28.18,28.18,27.63,27.85,900
STSA,20110503,17.77,17.77,17.54,17.75,97100
STX,20110503,17.63,17.67,17.15,17.18,11997100
SUMR,20110503,76.14,76.95,74.61,75.06,38700
SUNS,20110503,18.73,18.82,18.63,18.63,23700
SURG,20110503,5.45,5.48,5.31,5.45,86500
SVBI,20110503,4.31,4.34,4.31,4.34,500
SVVC,20110503,15.53,18.07,15.33,16.99,29100
SWIR,20110503,11.41,11.52,11.1,11.25,161800
SWKS,20110503,30.51,30.53,29.58,29.82,3522700
SWTX,20110503,12.4,12.4,11.9,11.9,7200
SYBT,20110503,16.1133,16.24,16.1133,16.1733,19000
SYNA,20110503,28.22,28.29,27.55,27.93,390000
SYNL,20110503,14.97,14.97,14.75,14.75,4000
SYPR,20110503,5.04,5.05,4.97,5.04,33800
TACT,20110503,11.45,11.45,11.17,11.44,58300
TAIT,20110503,1.45,1.45,1.45,1.45,400
TAST,20110503,9.69,9.77,9.42,9.56,57100
TATT,20110503,5.44,5.47,5.35,5.47,2000
TAYD,20110503,5.86,5.86,5.8,5.83,8700
TBBK,20110503,9.62,9.87,9.59,9.81,79800
TBNK,20110503,19.9,20.05,19.9,19.95,13000
TCBI,20110503,25.25,25.42,25.01,25.2,196700
TCBK,20110503,15.72,15.85,15.55,15.56,20200
TCX,20110503,3.24,3.24,3.16,3.2,66600
TECH,20110503,77.67,80.34,77.67,79.9,105100
TESS,20110503,11.65,11.9,11.65,11.85,32700
TFSL,20110503,10.77,10.96,10.77,10.8,305600
TGA,20110503,14.31,14.32,13.22,13.48,213000
THFF,20110503,31.89,32.2,31.57,31.8,15700
THRX,20110503,25.56,25.73,24.23,24.54,631500
TIGR,20110503,4.18,4.59,4.18,4.5,8200
TITN,20110503,31.43,31.8,30.72,31,249600
TLT,20110503,93.96,94.17,93.58,94.17,6486800
TNDM,20110503,14.98,15.02,14.76,14.99,312800
TOPS,20110503,4760000,5180000,4760000,5040000,19200
TOWN,20110503,14.36,15.5,14.3,14.33,59800
TQQQ,20110503,3.8175,3.8283,3.7004,3.7721,276600
TREE,20110503,5.2,5.38,5.08,5.09,40100
TRIB,20110503,9.16,9.2,9.05,9.17,13900
TRIT,20110503,10.69,10.84,10.25,10.34,27200
TRMB,20110503,23.17,23.295,21.45,21.53,2184500
TRMD,20110503,67,67.7,66,66.5,14600
TRMK,20110503,23.13,23.5,23.13,23.35,200100
TRNS,20110503,9.66,9.88,9.59,9.74,900
TROW,20110503,63.8,63.8,62.63,62.99,2070100
TRS,20110503,23.09,23.17,22.56,22.83,304100
TRST,20110503,5.85,5.91,5.77,5.8,172000
TRUE,20110503,0.62,0.69,0.58,0.65,12000
TSBK,20110503,6.18,6.38,6.15,6.38,4200
TSCO,20110503,29.69,29.945,29.22,29.755,922400
TSEM,20110503,19.35,19.5,19.05,19.2,762800
TSLA,20110503,5.476,5.478,5.3,5.374,913900
TSRI,20110503,4.93,4.93,4.85,4.92,2100
TTEC,20110503,19.7,20.21,19.58,20.09,260000
TTEK,20110503,23.5,23.54,22.82,23.07,281400
TTGT,20110503,8.2,8.22,7.78,7.93,59500
TTMI,20110503,18.46,18.49,17.43,17.79,1027600
TTWO,20110503,16.03,16.08,15.6,15.97,1499800
TW,20110503,57.13,57.68,56.84,57.23,272700
TWIN,20110503,33.35,33.35,31.66,31.99,137900
TXN,20110503,35.02,35.08,34.51,34.8,8562800
TXRH,20110503,15.6,15.98,15.41,15.59,1922900
TZOO,20110503,77.59,80.3,75.11,75.56,1055500
UBCP,20110503,8.73,8.73,8.73,8.73,600
UBFO,20110503,3.21,3.25,3.21,3.25,1800
UBOH,20110503,8.8,8.85,8.78,8.85,1300
UBSI,20110503,25.54,25.78,25.33,25.58,104000
UCBI,20110503,2.51,2.56,2.39,2.42,799400
UCTT,20110503,11.13,11.22,10.78,10.9,90700
UEIC,20110503,27.56,27.86,26.98,27.22,29900
UEPS,20110503,8.32,8.36,8.2,8.29,193300
UFCS,20110503,19.21,19.88,19.21,19.53,46300
UFPI,20110503,32.49,32.61,32.11,32.34,72200
UFPT,20110503,18.95,19.31,18.95,19.11,68300
UG,20110503,14.25,14.25,14,14.04,3600
UHAL,20110503,100.16,100.49,98.55,99.89,60600
ULBI,20110503,4.18,4.31,4.09,4.3,55700
ULTA,20110503,53.11,53.36,51.73,52.4,359200
UMBF,20110503,41.5,42.2,41.5,41.91,161600
UMPQ,20110503,11.4,11.58,11.36,11.5,442100
UNAM,20110503,9.16,9.6,9.11,9.6,500
UNB,20110503,19.5,19.5,19.5,19.5,400
UNTY,20110503,6.74,6.81,6.6,6.76,30800
URBN,20110503,31.95,32.26,31.72,32.19,2221200
USAK,20110503,12.43,12.67,12.28,12.35,11300
USAP,20110503,36.53,36.75,36.53,36.74,30900
USEG,20110503,332.4,340.8,323.4,325.2,184100
USLM,20110503,41.36,41.36,40.72,40.72,1300
UTHR,20110503,68.12,68.3,66.6,67.6,590400
UTMD,20110503,28.03,28.47,27.25,27.57,4400
UTSI,20110503,7.65,7.83,7.2,7.26,1299700
UVSP,20110503,16.54,16.83,16.13,16.15,19500
VALU,20110503,13.93,13.95,13.75,13.89,4400
VBFC,20110503,43.52,46.88,42.4,46.88,2300
VCIT,20110503,80.5,80.5,80.3,80.42,39400
VCLT,20110503,79.12,79.12,78.7,78.99,4000
VCSH,20110503,78.07,78.23,78.07,78.22,128400
VECO,20110503,51.18,52.49,49.63,50.61,1259500
VGIT,20110503,61.44,61.56,61.44,61.47,9300
VGLT,20110503,60.53,60.68,60.53,60.68,3500
VGSH,20110503,60.76,60.76,60.68,60.68,13000
VIA,20110503,58.17,58.52,57.5,57.91,26300
VICR,20110503,15.92,16.23,15.82,15.96,81900
VIRC,20110503,2.95,2.95,2.95,2.95,800
VIVO,20110503,24.4,24.58,24.04,24.24,96100
VLGEA,20110503,27.1,27.29,27.1,27.11,6200
VMBS,20110503,50.81,50.87,50.74,50.86,3800
VNDA,20110503,8.01,8.06,7.85,7.99,112100
VNET,20110503,16.9,16.93,15.54,15.74,1387400
VNQI,20110503,52.72,52.72,52.15,52.28,14700
VOD,20110503,28.23,28.67,28.21,28.32,6904500
VONE,20110503,62.35,62.43,61.88,62.19,15600
VONG,20110503,63.81,63.86,63.28,63.51,10400
VONV,20110503,61.19,61.19,60.8,61.03,6000
VOXX,20110503,7.2,7.23,7.07,7.16,76700
VRA,20110503,48.06,48.08,46.11,46.5,305000
VRNT,20110503,33.83,34.05,33.67,33.89,98900
VRSK,20110503,32.86,33.55,32.86,33.39,1434300
VRSN,20110503,37.15,37.32,36.13,36.56,6606900
VRTS,20110503,51.54,54.94,51.18,52.75,44700
VRTX,20110503,55,55.27,53.97,54.74,1865600
VSAT,20110503,39.62,39.76,39.11,39.55,130300
VSEC,20110503,13.82,14.545,13.815,13.93,38500
VTHR,20110503,62.66,62.66,62.28,62.28,4600
VTWG,20110503,70.05,70.05,68.96,68.96,3400
VTWO,20110503,67.41,67.55,66.27,66.62,26800
VTWV,20110503,64.42,64.53,63.58,64.02,7500
VXUS,20110503,53.07,53.28,52.65,52.92,44400
WABC,20110503,50.04,50.69,50.04,50.44,76500
WAFD,20110503,16,16.11,15.9,16.04,550400
WASH,20110503,22.63,23.04,22.63,22.85,21600
WDC,20110503,39.29,39.5,38.5,38.56,2944600
WDFC,20110503,41.25,41.25,40.4,40.77,62900
WERN,20110503,25.59,25.74,25.32,25.64,495000
WEYS,20110503,23.9,23.92,23.37,23.37,4900
WILC,20110503,7.29,7.32,7.24,7.3,13100
WINA,20110503,41.09,41.59,41.09,41.42,2000
WIRE,20110503,27,27.24,26.22,26.68,132000
WLDN,20110503,4.4,4.4,4.25,4.25,8600
WLFC,20110503,12.91,13.22,12.91,13.2,4600
WOOD,20110503,49.65,49.65,48.82,49.18,43600
WOOF,20110503,24.68,24.91,24.63,24.73,269000
WPRT,20110503,25.17,25.29,23.93,24.39,631500
WRLD,20110503,67.39,67.85,67.16,67.53,117500
WSBC,20110503,19.91,20.49,19.91,20.08,28200
WSBF,20110503,3.12,3.19,3.08,3.15,12200
WSFS,20110503,14.5833,14.73,14.3467,14.51,31400
WSTG,20110503,14,14.22,14,14.22,4000
WTBA,20110503,7.8,7.88,7.66,7.8,10900
WTFC,20110503,33.64,34.29,33.64,33.82,179500
WVFC,20110503,8.89,8.89,8.89,8.89,0
WVVI,20110503,3.26,3.28,3.16,3.16,400
WWD,20110503,36.74,37.32,36.24,36.45,325300
WYNN,20110503,147.7,148.5,144.36,146.08,1455200
XLNX,20110503,35,35.2,34.54,34.88,4282800
XOMA,20110503,59.2,59.2,57.2,58.2,448800
XRAY,20110503,38.02,38.03,37.55,37.76,703200
XRTX,20110503,9.98,10.04,9.67,9.74,322200
YORW,20110503,17.22,17.33,16.76,16.76,11200
ZBRA,20110503,39.73,40.51,39.73,39.92,339800
ZEUS,20110503,29.22,29.49,28.43,28.77,38900
ZGNX,20110503,37.68,38.72,36.64,38.16,36800
ZION,20110503,24.3,24.7,24.15,24.44,2924300
ZIOP,20110503,7.7,7.81,7.09,7.11,1582600
ZIXI,20110503,3.22,3.26,2.98,3.04,2199900
ZUMZ,20110503,28.39,28.82,27.77,28.06,258200
