AAME,20110113,2,2,1.92,2,6800
AAON,20110113,8.1481,8.1955,8.0593,8.1955,32800
AAPL,20110113,12.3272,12.38,12.2804,12.3457,10648000
AAWW,20110113,52.01,52.24,51.1,51.5,429000
AAXJ,20110113,64.25,64.34,63.74,63.88,1371700
ABCB,20110113,10.91,10.98,10.83,10.98,26400
ABIO,20110113,2479.68,2509.92,2464.56,2479.68,24400
ABMD,20110113,10.25,10.3,10.08,10.29,65500
ACAD,20110113,1.7,1.72,1.6,1.64,975500
ACET,20110113,9.17,9.26,9.07,9.2,119300
ACGL,20110113,9.7756,9.7778,9.6944,9.7344,249100
ACIW,20110113,8.9433,8.9433,8.7233,8.7867,72100
ACLS,20110113,14.32,14.76,14.32,14.4,3762000
ACMR,20110113,2.45,2.55,2.44,2.52,33400
ACNB,20110113,15.04,15.1,15,15.1,1200
ACOR,20110113,29.3,29.43,27.4,27.44,1300400
ACTG,20110113,26.65,28.33,26.57,27.77,479100
ACWI,20110113,47.66,47.7,47.4,47.41,1420900
ACWX,20110113,44.75,44.79,44.41,44.54,57800
ADBE,20110113,33.58,33.72,33.07,33.38,7594700
ADES,20110113,6.675,6.675,6.38,6.45,34700
ADI,20110113,37.95,38.05,37.73,37.85,2124000
ADP,20110113,42.8621,42.9764,42.3003,42.59,2140900
ADRE,20110113,48.59,48.68,48.04,48.15,38100
ADSK,20110113,40.43,41.24,40.33,41.08,2311600
ADTN,20110113,39.65,39.65,39.19,39.42,403900
ADUS,20110113,4.73,4.76,4.7,4.72,17700
AEHR,20110113,1.35,1.48,1.33,1.36,52200
AEIS,20110113,14.77,14.93,14.57,14.75,458000
AEY,20110113,3.08,3.11,3.07,3.11,13300
AEZS,20110113,996,1002,966,966,1345200
AGEN,20110113,1.02,1.04,0.99,1.04,596400
AGNC,20110113,29.3,29.35,28.54,28.64,8025100
AGYS,20110113,5.56,5.69,5.35,5.37,124400
AHPI,20110113,4.12,4.36,4.07,4.34,6200
AIMC,20110113,21.12,21.41,21.09,21.18,81800
AINV,20110113,35.7,36,35.43,35.58,1370400
AIRT,20110113,10.42,10.49,10.42,10.49,2300
AKAM,20110113,49.25,51.08,49.2,50.38,5019700
ALCO,20110113,25.9,26.19,25.9,26.06,13200
ALGN,20110113,20.31,20.6,20.31,20.56,359700
ALGT,20110113,47.99,48.2,47.76,48.03,98900
ALIM,20110113,9.99,10.01,9.85,9.96,107500
ALKS,20110113,12.64,12.74,12.56,12.62,383800
ALLT,20110113,12.9,13.44,12.52,13.41,931800
ALNY,20110113,10.34,10.42,10.25,10.33,147900
ALOT,20110113,7.5,8,7.36,7.95,22100
ALRN,20110113,2.36,2.36,2.25,2.3,3600
ALTR,20110113,36.79,37.17,36.45,36.96,4738600
ALVR,20110113,23.4,23.5,23,23.4,238700
AMAT,20110113,14.28,14.34,14.2,14.24,9343200
AMD,20110113,8.44,8.46,8.24,8.26,31566600
AMED,20110113,33.51,34.21,32.67,33.06,396900
AMGN,20110113,56.72,57,56.23,56.32,4660200
AMKR,20110113,7.92,7.97,7.83,7.91,788900
AMNB,20110113,23.38,23.38,22.67,22.67,3800
AMOT,20110113,7.2,7.5,7.15,7.5,30000
AMPL,20110113,50,50,49.4,49.8,2500
AMRN,20110113,9.15,9.21,8.81,9.1,2085500
AMRS,20110113,455.25,486.3,455.25,478.65,158900
AMSC,20110113,297.1,297.8,290.2,292,537600
AMSF,20110113,18.49,18.49,18.16,18.32,51800
AMSWA,20110113,6.74,6.75,6.53,6.58,34100
AMWD,20110113,23.35,23.35,22.09,22.6,28300
AMZN,20110113,183.6,186.45,183.51,185.53,3368700
ANAT,20110113,87.32,87.39,86.16,86.19,24500
ANDE,20110113,26.6667,27.32,26.5333,26.8933,334800
ANGN,20110113,5.25,5.45,5.15,5.36,19000
ANGO,20110113,17.4,17.4,17.2,17.25,58600
ANIK,20110113,7,7.05,6.96,7,26100
ANSS,20110113,53.72,54.08,53.69,53.96,180000
AOSL,20110113,14.29,14.29,14.09,14.25,51800
APAC,20110113,6.17,6.17,5.99,5.99,302000
APEI,20110113,36.08,36.29,35.77,36,104800
APOG,20110113,14.02,14.14,13.96,14.09,207500
ARAY,20110113,7.55,7.74,7.41,7.48,301900
ARCC,20110113,16.61,16.83,16.58,16.73,1302400
ARKR,20110113,14.4,14.5,14.4,14.5,2100
ARLP,20110113,35,35.26,35,35.15,49400
ARNA,20110113,21.3,21.8,20.5,20.5,4332800
AROW,20110113,26.63,26.81,26.25,26.25,7900
ARRY,20110113,3.19,3.22,3.16,3.21,356800
ARTNA,20110113,19.04,19.55,19.04,19.32,12300
ARTW,20110113,11.79,12.2,11.79,12.2,19600
ARWR,20110113,0.93,0.94,0.93,0.94,60600
ASML,20110113,37.33,37.66,37.16,37.29,973400
ASPS,20110113,28.89,29.11,28.89,29.06,91100
ASRV,20110113,1.75,1.92,1.71,1.91,19600
ASTC,20110113,1.3,1.3,1.23,1.26,115900
ASTE,20110113,32.91,33.07,32.53,32.89,102800
ASUR,20110113,1.8933,1.9267,1.8467,1.86,6300
ASYS,20110113,29.13,29.35,27.61,27.92,460900
ATAI,20110113,3.89,3.89,3.75,3.75,1100
ATAX,20110113,5.38,5.39,5.34,5.34,87400
ATEC,20110113,32.04,32.76,31.44,31.56,448500
ATHX,20110113,2.68,2.74,2.65,2.65,53900
ATLO,20110113,20.85,21.48,20.85,20.87,5600
ATNI,20110113,39.3,39.3,38.94,39.21,68400
ATRC,20110113,11.16,11.22,11.15,11.22,26400
ATRI,20110113,183.9,184.98,183.15,184.98,800
ATRO,20110113,19.2,19.2417,19.1083,19.175,10400
ATSG,20110113,7.82,8.02,7.81,7.82,111900
ATVI,20110113,12,12.14,11.93,12.04,9628100
AUBN,20110113,20.02,20.37,20.01,20.37,300
AUDC,20110113,7.54,7.55,7.32,7.41,238000
AVAV,20110113,27.15,28.15,27.12,27.89,114200
AVEO,20110113,148.9,148.9,144.4,144.5,33400
AVGO,20110113,28.4,28.66,28.02,28.35,964400
AVID,20110113,17.6,17.96,17.5,17.82,50900
AVNW,20110113,66.6,66.6,64.56,65.16,314300
AWRE,20110113,3.4,3.85,3.36,3.6,23900
AXTI,20110113,10.99,11.05,10.58,10.97,465900
AZPN,20110113,13.68,13.93,13.52,13.91,753600
BANF,20110113,42.45,43.28,42.45,43.21,12900
BANFP,20110113,26.75,26.75,26.75,26.75,200
BANR,20110113,15.4,15.47,15.19,15.33,919500
BBBY,20110113,49.41,49.48,48.78,49.24,1844300
BBGI,20110113,5.46,5.5,5.45,5.45,500
BBSI,20110113,15.31,15.31,15.02,15.03,6700
BCBP,20110113,10.51,10.52,10.3,10.3,4700
BCPC,20110113,35.91,36.01,35.5,35.7,62100
BCRX,20110113,5,5,4.63,4.82,1100100
BDSI,20110113,3.6,3.7,3.55,3.7,110400
BEAT,20110113,4.94,4.97,4.89,4.9,62300
BECN,20110113,18.2,18.28,18.13,18.24,133000
BELFA,20110113,26.82,26.82,26.28,26.75,1000
BELFB,20110113,24.53,24.91,24.45,24.6,10400
BFIN,20110113,9.52,9.65,9.44,9.58,26100
BGCP,20110113,8.85,9.09,8.81,9,976100
BGFV,20110113,14.62,14.62,14.24,14.31,39000
BIB,20110113,7.9388,7.9388,7.9388,7.9388,100
BICK,20110113,33.16,33.24,32.88,33.03,40700
BIDU,20110113,105.25,107.95,105.23,106.25,7245000
BIIB,20110113,62.1105,62.4421,61.8895,62.1934,1471200
BIOC,20110113,131.7,132.9,131.4,131.4,2600
BIS,20110113,180.24,193.16,180.24,192.68,500
BJRI,20110113,34.4,34.75,34.12,34.55,401500
BKCC,20110113,11.78,11.78,11.62,11.7,386600
BKSC,20110113,11.3,12.3,11.17,11.75,1100
BLDP,20110113,1.65,1.67,1.62,1.63,235600
BLIN,20110113,350,350,330,347.5,35700
BLKB,20110113,26.46,26.58,26.17,26.4,79700
BMRC,20110113,17.425,17.515,17.35,17.5,5000
BMRN,20110113,26.39,26.59,26.24,26.59,435300
BMTC,20110113,17.74,17.75,17.5,17.62,15500
BNSO,20110113,1.69,1.69,1.69,1.69,3800
BOKF,20110113,53.98,54.34,53.56,53.7,52200
BOLT,20110113,13.63,13.82,13.43,13.78,14600
BOOM,20110113,21.7,21.73,21.35,21.67,57500
BOSC,20110113,6.28,6.72,6.28,6.4,2600
BPOP,20110113,32.6,32.7,31.7,32.1,6026300
BPOPM,20110113,19.95,19.95,19.31,19.31,400
BPOPN,20110113,20.73,20.98,20.72,20.72,4300
BRID,20110113,12.19,12.22,12,12.01,1900
BRKL,20110113,10.69,10.74,10.59,10.64,201400
BRKR,20110113,17.37,17.79,17.16,17.34,624700
BRKS,20110113,9.7,10.23,9.6,10.23,595100
BRLI,20110113,23.5,23.65,23.31,23.64,131200
BSET,20110113,4.4,4.4,4.37,4.37,700
BSQR,20110113,11.8,11.82,11.3,11.46,181800
BSRR,20110113,10.98,10.98,10.83,10.83,11000
BUSE,20110113,4.78,4.8,4.69,4.76,69200
BWEN,20110113,23,23.3,22.3,22.5,354500
BYFC,20110113,2.8,2.8,2.51,2.51,13700
CAAS,20110113,14.43,14.5,14.12,14.17,144800
CAC,20110113,34.6,35.06,34.6,34.7,6900
CACC,20110113,59,59.53,58.74,59.07,29000
CAKE,20110113,30.28,30.49,29.65,30,1703000
CALM,20110113,14.525,14.595,14.425,14.49,138600
CAMP,20110113,3.39,3.39,3.3,3.35,191000
CAMT,20110113,3.39,3.39,3.2,3.27,34100
CAR,20110113,14.45,14.68,14.31,14.56,872800
CARV,20110113,2.3,2.77,2.3,2.48,41000
CASH,20110113,4.94,4.9933,4.93,4.9333,2400
CASS,20110113,38.87,38.93,38.55,38.73,5100
CASY,20110113,41.94,42.05,41.74,42.02,180600
CATY,20110113,16.44,16.65,16.27,16.32,465700
CBAN,20110113,4.24,4.24,4.2,4.2,600
CBNK,20110113,12.93,12.93,12.37,12.66,49700
CBRL,20110113,53,53.86,53,53.86,289300
CBSH,20110113,40.78,41.87,40.45,40.88,699000
CCBG,20110113,13.09,13.09,12.78,12.84,18200
CCMP,20110113,42.25,43.46,42.21,43.46,158000
CCNE,20110113,15,15.11,14.8,14.87,9700
CCOI,20110113,14.71,14.99,14.64,14.78,369100
CCRN,20110113,8.19,8.52,8.19,8.3,27800
CDNS,20110113,8.6,8.63,8.49,8.58,1455400
CDXS,20110113,10.32,10.65,10.17,10.64,95400
CDZI,20110113,12.58,12.64,12.17,12.64,48400
CECE,20110113,6.19,6.36,6.14,6.24,6900
CENT,20110113,10.19,10.25,10,10.02,19200
CENTA,20110113,10.19,10.27,9.99,10.02,93800
CENX,20110113,16.77,16.85,16.38,16.47,1193700
CERN,20110113,23.9525,23.9875,23.785,23.855,225700
CERS,20110113,3.07,3.17,2.95,3.04,1999400
CEVA,20110113,24.48,24.8,24.2,24.48,92700
CFBK,20110113,30.525,31.075,29.975,30.25,6600
CFFI,20110113,22.75,22.75,22.75,22.75,0
CFFN,20110113,11.72,11.75,11.69,11.7,1244100
CGEN,20110113,4.97,5.1,4.94,5.1,188600
CGNX,20110113,7.3875,7.4775,7.35,7.43,188000
CHCI,20110113,1.42,1.45,1.34,1.38,127600
CHCO,20110113,34.93,35.07,34.11,34.3,26600
CHDN,20110113,13.93,14.1,13.77,14.0367,17200
CHKP,20110113,45.3,45.38,44.95,45.18,1915600
CHNG,20110113,5.79,5.92,5.7,5.76,389800
CHNR,20110113,15.81,16.09,15.81,15.86,5600
CHRS,20110113,3.33,3.35,3.16,3.17,954700
CHRW,20110113,79.62,79.96,79.12,79.38,596700
CHSCP,20110113,28.88,28.97,28.76,28.78,12600
CHTR,20110113,40,40.24,39.74,40.02,122700
CIDM,20110113,16,16.9,15.7,16,50400
CINF,20110113,32.05,32.14,31.77,31.85,637300
CIZN,20110113,20.59,20.65,20.59,20.65,200
CJJD,20110113,5.6,5.6,4.8,4.8,124500
CLDX,20110113,60.6,60.6,58.65,59.1,231500
CLFD,20110113,4.1,4.16,4.03,4.1,29100
CLMT,20110113,22.9,23.42,22.79,23.1,180100
CLNE,20110113,14.02,14.28,14.01,14.14,756900
CLRO,20110113,4.3,5.12,4.3,4.72,139900
CLSN,20110113,2.65,2.9,2.62,2.77,337500
CLWT,20110113,4.2167,4.2167,4.1433,4.2167,3800
CMCO,20110113,21.86,22.25,21.34,21.54,203400
CMCSA,20110113,11.245,11.335,11.215,11.27,12191600
CME,20110113,63.07,63.07,62.038,62.72,361700
CMLS,20110113,32.96,33.52,32.64,33.04,22400
CMTL,20110113,28.29,28.67,28.11,28.23,200600
CNBKA,20110113,26.8,26.8,26.48,26.51,1000
CNET,20110113,4.89,5.24,4.48,4.63,156500
CNOB,20110113,8.69,8.69,8.5,8.5,3700
CNSL,20110113,18.63,18.69,18.5,18.6,174000
CNTY,20110113,2.59,2.61,2.55,2.57,15800
COCO,20110113,4.64,4.92,4.6,4.72,8539700
COHR,20110113,48.49,49.14,46.79,48.61,90000
COHU,20110113,16.11,16.37,15.97,16.33,71100
COIN,20110113,0.48,0.48,0.42,0.43,2675800
COKE,20110113,56.3,56.3,55.98,56.02,17700
COLB,20110113,20.8,20.88,20.41,20.58,114900
COLM,20110113,29.7,29.775,29.56,29.68,81200
CONN,20110113,4.51,4.57,4.45,4.52,171200
COOL,20110113,48.3,50.4,47.04,47.88,1771200
CORT,20110113,4.4,4.51,4.22,4.36,361700
COST,20110113,71.32,71.75,71.25,71.6,1923500
COWN,20110113,4.68,4.8,4.6,4.66,68600
CPHC,20110113,11.43,11.43,11.43,11.43,0
CPIX,20110113,5.72,5.77,5.63,5.67,101800
CPLP,20110113,9.95,10.08,9.85,10.01,166500
CPRT,20110113,9.375,9.405,9.345,9.405,5573800
CPRX,20110113,1.23,1.24,1.2,1.23,28200
CPSI,20110113,47,47.82,46.88,47.11,47400
CPSS,20110113,1.22,1.3,1.22,1.26,30200
CRAI,20110113,24.05,25.21,23.77,25.08,26600
CREG,20110113,311,320,308,315,50700
CRESW,20110113,0.26,0.26,0.26,0.26,0
CRESY,20110113,19,19,18.9,18.93,78700
CRIS,20110113,14.7,15.75,14.4,14.85,4449600
CRMT,20110113,27.34,27.86,27.18,27.86,22200
CRNT,20110113,13.39,13.5,13.2,13.26,181400
CROX,20110113,17.19,17.23,16.95,17.04,2009300
CRTX,20110113,6.02,6.06,5.89,5.89,46700
CRUS,20110113,18.01,18.59,18.01,18.48,2041300
CRVL,20110113,24.75,24.84,24.675,24.81,52800
CRWS,20110113,4.76,4.87,4.67,4.7,4100
CSCO,20110113,21.18,21.23,21.01,21.08,35030200
CSGP,20110113,58.34,58.95,57.95,58.3,64500
CSGS,20110113,19.56,19.68,19.2,19.3,97400
CSII,20110113,12.82,12.95,12.6,12.75,59000
CSIQ,20110113,14.28,14.33,13.87,14.24,1324300
CSPI,20110113,3.96,3.99,3.88,3.99,4000
CSTR,20110113,57.12,57.65,56.44,56.95,5717100
CSWC,20110113,25.175,25.175,24.75,24.78,5500
CSX,20110113,22.93,23.1367,22.8533,23.09,3964500
CTAS,20110113,28.62,28.62,28.35,28.52,563800
CTBI,20110113,29.35,29.41,28.97,29.06,7900
CTHR,20110113,2.68,2.75,2.61,2.65,37600
CTIB,20110113,5.94,6,5.87,5.87,9800
CTIC,20110113,19.5,19.5,18.5,19,9234000
CTRN,20110113,23.63,24.27,23.56,24.25,132600
CTSH,20110113,37.375,37.675,36.77,37.295,3223500
CTXS,20110113,54.1401,54.3153,53.535,53.8774,2057000
CUBA,20110113,7.32,7.33,7.29,7.31,6700
CUTR,20110113,8.72,8.74,8.6,8.68,15500
CVBF,20110113,8.33,8.48,8.3,8.35,499400
CVCO,20110113,46.47,46.65,44.44,45.12,36900
CVCY,20110113,5.88,5.98,5.88,5.98,5000
CVGI,20110113,18.5,19.11,18.08,18.82,323500
CVGW,20110113,23.43,23.72,23.43,23.64,18300
CVLT,20110113,29.86,30.82,29.86,30.26,235100
CVLY,20110113,9.95,9.95,9.84,9.93,1900
CVV,20110113,7.97,8.07,7.6,7.83,15600
CWBC,20110113,4.02,4.24,4.02,4.24,6800
CWCO,20110113,10.51,10.62,10.35,10.39,45500
CWST,20110113,6.77,6.9,6.68,6.86,63400
CXDC,20110113,5.6,5.68,5.55,5.58,28600
CYAN,20110113,3.01,3.13,3.01,3.13,7700
CYBE,20110113,8.63,8.9,8.51,8.9,6600
CYCC,20110113,2620.8,2620.8,2553.6,2570.4,658500
CYTK,20110113,12.18,12.3,12.12,12.18,644200
CZNC,20110113,15.92,16,15.83,16,16600
CZWI,20110113,4.74,4.75,4.7,4.75,5700
DAIO,20110113,5.69,5.72,5.61,5.61,72800
DAKT,20110113,16.5,16.5,16.31,16.38,200300
DCOM,20110113,14.86,14.92,14.71,14.92,61000
DCTH,20110113,2511.36,2524.16,2444.8,2470.4,581500
DDMX,20110113,24.83,24.85,24.83,24.84,69500
DENN,20110113,3.75,3.77,3.68,3.71,495500
DGICA,20110113,13.98,14.87,13.82,14.02,23300
DGICB,20110113,17.6,17.6,17.6,17.6,0
DGII,20110113,12,12.42,11.92,12.19,110700
DGLY,20110113,1.66,1.68,1.6,1.68,68300
DHIL,20110113,74.72,75,74.5,74.86,4100
DIOD,20110113,26.43,27.36,26.17,27.36,270500
DISCA,20110113,39.68,39.7,38.75,38.83,3052200
DISCB,20110113,40.29,40.29,40.29,40.29,0
DISCK,20110113,17.13,17.255,16.81,16.825,1096400
DISH,20110113,21.48,21.71,21.4,21.46,1449500
DJCO,20110113,71,71,71,71,0
DLTR,20110113,25.295,25.475,25.09,25.325,1782700
DMLP,20110113,28.2,28.4,27.66,27.95,61200
DMRC,20110113,30.21,30.72,29.8,29.92,22700
DORM,20110113,18.835,18.835,17.915,18.165,44600
DRIV,20110113,36.33,36.34,35.3,35.6,603800
DRRX,20110113,3.58,3.62,3.48,3.58,221000
DSGX,20110113,7.01,7.01,6.83,6.88,7300
DSPG,20110113,8.42,8.42,8.24,8.38,60700
DSWL,20110113,3.48,3.48,3.36,3.44,7900
DVAX,20110113,33,34.1,32.8,33.2,1310000
DWSN,20110113,34.07,34.45,33.58,34.41,40700
DXCM,20110113,15.07,15.52,14.86,15.42,928700
DXPE,20110113,24.95,24.99,24.37,24.57,43100
DXYN,20110113,4.17,4.48,4.11,4.15,36600
DYNT,20110113,3.9,3.9,3.7,3.9,9500
EBAY,20110113,12.1684,12.1726,11.9958,12.0884,8715900
EBIX,20110113,25.07,25.31,24.41,24.59,411700
EBMT,20110113,11.57,11.74,10.58,11.49,1000
EBSB,20110113,5.0613,5.0694,5.0082,5.0082,4500
EBTC,20110113,13.32,14,13.31,13.96,3100
ECHO,20110113,12.09,12.38,12.03,12.34,63400
ECOL,20110113,17.94,18.16,17.82,18.05,51600
ECPG,20110113,24.06,24.3,23.96,24.09,24900
EDAP,20110113,4.7,4.8,4.66,4.71,138300
EDUC,20110113,3.34,3.395,3.335,3.335,700
EEFT,20110113,19.02,19.02,18.85,18.98,266400
EFOI,20110113,4.7,5.1,4.7,5.1,181000
EFSC,20110113,12.09,12.09,11.87,12,30100
EGBN,20110113,14.33,14.6,14.11,14.53,37100
EGLE,20110113,50299.2,50702.4,49896,49896,1158000
EHTH,20110113,12.65,12.65,12.37,12.41,310600
ELSE,20110113,4.5,4.5,4.4,4.45,4500
ELTK,20110113,1.45,1.45,1.42,1.42,3000
EMCF,20110113,17,17,17,17,0
EMIF,20110113,34.97,34.98,34.82,34.91,12800
EMKR,20110113,6.08,6.12,5.8,5.84,2007800
ENDP,20110113,34.24,34.95,33.85,34.87,1953900
ENG,20110113,3.79,4.33,3.78,4.3,498400
ENSG,20110113,12.3,12.54,12.145,12.46,100300
ENTG,20110113,7.6,7.6,7.34,7.49,1082300
EPAY,20110113,21.12,21.19,20.94,21.13,79800
EQIX,20110113,87.64,87.99,86.63,87.05,310500
ERES,20110113,7.25,7.3,7.19,7.22,129000
ERIC,20110113,11.54,11.55,11.4,11.45,2053700
ERIE,20110113,65.86,65.94,65.55,65.88,27700
ERII,20110113,4.13,4.2,4.01,4.07,419800
ESBK,20110113,17.6,18.5,17.59,18.5,5300
ESCA,20110113,6.86,6.93,6.77,6.85,12500
ESEA,20110113,29.36,29.44,28.96,29.12,24200
ESGR,20110113,84.95,85.3,84.31,84.62,6900
ESLT,20110113,53.71,54,53.57,54,5400
ESSA,20110113,12.98,12.98,12.59,12.62,11500
EUFN,20110113,22.37,22.49,22.28,22.29,40500
EVK,20110113,2.2,2.25,2.16,2.16,1000
EVOL,20110113,8.13,8.2,8.13,8.15,1400
EWBC,20110113,20.81,20.81,20.41,20.64,1120100
EXAS,20110113,6.38,6.55,6.32,6.33,584200
EXEL,20110113,7.76,7.78,7.3,7.36,1996000
EXLS,20110113,22.46,22.49,21.66,22.02,56900
EXPD,20110113,54.24,54.44,53.83,54.03,688200
EXPE,20110113,26.58,27.91,26.35,27.12,9862200
EXPO,20110113,9.2775,9.3275,9.13,9.205,41800
EXTR,20110113,3.47,3.48,3.39,3.4,229800
EZPW,20110113,27.84,28.63,27.81,28.56,366200
FARM,20110113,15.47,15.47,14.9,14.91,11400
FARO,20110113,31.58,32.07,31.28,31.58,26300
FAST,20110113,14.695,14.75,14.585,14.7025,1431800
FBIZ,20110113,12.13,12.13,12.13,12.13,2400
FBMS,20110113,9.47,9.47,9.47,9.47,0
FBNC,20110113,16.01,16.28,15.6,16.07,24300
FCAL,20110113,3,3.02,2.98,2.98,11500
FCAP,20110113,16.65,16.65,16.65,16.65,0
FCBC,20110113,14.58,14.81,14.25,14.37,41200
FCCO,20110113,5.7,5.75,5.65,5.65,1100
FCCY,20110113,9.2,9.2,9,9.06,1200
FCEL,20110113,288,289.44,283.68,288,3268900
FCFS,20110113,31.22,31.42,31.03,31.21,92500
FCNCA,20110113,191.96,191.96,190.61,190.92,3500
FEIM,20110113,7.01,7.06,6.89,7.03,5100
FELE,20110113,21.09,21.28,20.935,21.14,74900
FFBC,20110113,17.68,17.69,17.44,17.48,140400
FFHL,20110113,4.39,4.79,4.32,4.54,320400
FFIC,20110113,14.59,14.77,14.4,14.69,35100
FFIN,20110113,8.485,8.665,8.485,8.5967,35600
FFIV,20110113,142.08,145.76,141.37,143.95,1776600
FFNW,20110113,4.33,4.33,4.25,4.28,6700
FIBK,20110113,15.01,15.01,14.6,14.83,83800
FISI,20110113,19.83,20.06,19.52,19.57,35900
FISV,20110113,15.21,15.28,15.17,15.19,661100
FITB,20110113,14.78,14.83,14.5,14.62,7224400
FITBP,20110113,146.26,146.26,146.26,146.26,100
FIZZ,20110113,13.8,13.85,13.65,13.72,14700
FLEX,20110113,8.31,8.32,8.13,8.3,4225900
FLIC,20110113,18.9,18.9,18.5867,18.7,6600
FLWS,20110113,2.66,2.66,2.49,2.57,249100
FLXS,20110113,18.49,18.69,18.36,18.69,12100
FMBI,20110113,12.68,12.68,12.32,12.42,724900
FNLC,20110113,15.67,15.81,15.56,15.56,3000
FOLD,20110113,4.74,5.4,4.73,5.35,124600
FONR,20110113,1.37,1.38,1.33,1.34,12300
FORD,20110113,3.7,3.72,3.53,3.68,48000
FORM,20110113,9.5,9.68,9.44,9.51,289800
FORR,20110113,35.11,35.42,34.75,34.98,34400
FORTY,20110113,19.45,19.65,19.2,19.52,7600
FOSL,20110113,68.74,69.66,67.52,69.28,833400
FRBK,20110113,2.73,2.91,2.69,2.85,40400
FREE,20110113,109200000,111000000,105000000,105900000,49600
FRME,20110113,9.23,9.23,9.1,9.15,29600
FRPT,20110113,5.83,5.87,5.78,5.87,369100
FSFG,20110113,15.09,15.1,15.09,15.1,600
FSII,20110113,4.23,4.3,4.11,4.14,555100
FSLR,20110113,139.5,142.11,139,141.55,1383600
FSTR,20110113,40.24,40.36,39.46,39.79,48500
FTEK,20110113,9.64,9.75,9.5,9.57,85600
FTNT,20110113,18.375,19,18.275,18.395,813700
FULT,20110113,10.3,10.37,10.12,10.16,904800
FUNC,20110113,4.49,4.5,4.35,4.4,7700
FUND,20110113,7.75,7.77,7.68,7.72,18200
FWRD,20110113,28.92,29.36,28.72,29.34,94600
GABC,20110113,12,12,11.8533,11.9333,13400
GAIA,20110113,7.44,7.64,7.44,7.59,28000
GAIN,20110113,7.85,7.92,7.79,7.92,92200
GALT,20110113,7.32,7.5,7.2,7.2,835900
GAME,20110113,6.41,6.74,6.41,6.59,1084600
GASS,20110113,7.45,7.45,6.78,7.06,233700
GBCI,20110113,14.81,14.84,14.51,14.6,275400
GBDC,20110113,17.47,17.63,17.35,17.36,28900
GBLI,20110113,20.38,20.55,20.38,20.45,19200
GCBC,20110113,9.75,9.97,9.505,9.505,1200
GENC,20110113,4.9,4.9,4.9,4.9,1100
GENE,20110113,49.2,60,48,58,96900
GERN,20110113,5.25,5.36,5.16,5.24,2844000
GFED,20110113,4.63,4.99,4.63,4.99,500
GGAL,20110113,15.35,15.4,15.04,15.17,184800
GIFI,20110113,28.24,28.75,28.24,28.63,39200
GIGM,20110113,7.55,7.7,7.25,7.3,681600
GIII,20110113,17.64,18.01,17.59,17.7,145100
GILD,20110113,18.94,19.265,18.91,19.06,9559900
GILT,20110113,5.85,5.85,5.77,5.81,14000
GLAD,20110113,11.97,12.04,11.8,11.89,50000
GLBL,20110113,7.2,7.24,7.14,7.22,712600
GLBS,20110113,39240,41600,39080,39240,2100
GLBZ,20110113,8.85,8.98,8.81,8.81,400
GLDD,20110113,8.59,8.65,8.32,8.38,465200
GLNG,20110113,16.15,16.34,15.94,16.28,242500
GLRE,20110113,27.36,28.11,27.36,27.67,77000
GNOM,20110113,7.8,8.04,7.65,7.78,270800
GNTX,20110113,15.815,15.855,15.61,15.785,591600
GOOD,20110113,19.33,19.33,18.94,19.07,18800
GOODO,20110113,24.9,24.9,24.9,24.9,500
GOOG,20110113,308.485,309.835,307.08,308.345,1333900
GPRE,20110113,11.71,11.76,11.49,11.7,224200
GPRO,20110113,59.52,59.75,59.42,59.68,115900
GRID,20110113,32.75,32.8,32.64,32.64,3400
GRMN,20110113,30.9,31,30.7,30.76,635800
GROW,20110113,7.57,7.59,7.45,7.58,55800
GRVY,20110113,7.4,7.4,7.16,7.16,12900
GSBC,20110113,24.41,24.41,23.85,23.93,8500
GSIT,20110113,9.5,9.7,9.47,9.7,267300
GSM,20110113,19.19,19.22,18.84,18.96,369400
GT,20110113,13.15,13.19,12.42,12.47,8193900
GTEC,20110113,16.47,17,16.34,16.98,14400
GYRO,20110113,80,80,78.75,78.75,1500
HA,20110113,7.82,7.87,7.53,7.78,528400
HAFC,20110113,1.17,1.17,1.15,1.15,1219100
HAIN,20110113,13.385,13.5,13.375,13.48,165700
HALL,20110113,9.06,9.08,9,9.01,23700
HALO,20110113,7.8,7.8,7.6,7.64,354200
HAS,20110113,44.91,44.94,44.21,44.65,2224100
HAYN,20110113,42.86,42.86,42.02,42.5,31500
HBAN,20110113,7.21,7.23,7.06,7.12,24333200
HBANP,20110113,1105,1105,1105,1105,100
HBCP,20110113,13.98,14,13.92,13.95,13800
HBIO,20110113,4.36,4.36,4.24,4.26,20000
HBNC,20110113,5.2346,5.2978,5.1793,5.2978,1100
HCCI,20110113,10.4,10.7,10.34,10.67,30700
HCII,20110113,8.4,8.4,8.35,8.35,5000
HCIIW,20110113,0.76,0.8,0.7,0.8,4700
HCKT,20110113,3.75,3.82,3.74,3.75,36800
HCSG,20110113,16.23,16.38,16.15,16.27,271300
HDSN,20110113,1.69,1.71,1.66,1.66,38400
HEES,20110113,12.21,12.66,12.2,12.45,93000
HELE,20110113,29.96,29.96,28.93,29.07,269400
HERO,20110113,3.59,3.59,3.39,3.42,3000300
HFWA,20110113,14.37,14.46,14.22,14.4,21400
HGSH,20110113,6.92,6.92,6.6,6.6,4400
HIBB,20110113,34.88,35.03,34.26,34.51,292200
HIFS,20110113,45.5,45.5,45.5,45.5,0
HIHO,20110113,3.8,3.83,3.79,3.81,2900
HIMX,20110113,2.59,2.61,2.56,2.6,173100
HLIT,20110113,8.41,8.43,8.15,8.32,1193400
HMNF,20110113,3,3,3,3,5200
HNRG,20110113,10.73,11.15,10.65,10.93,5300
HOFT,20110113,13.67,13.67,13.36,13.44,16200
HOLI,20110113,16.94,17.01,16.81,16.98,248100
HOLX,20110113,19.09,19.15,18.82,18.88,1543500
HOMB,20110113,5.155,5.19,5.12,5.1475,48000
HOOK,20110113,7.14,7.3,7.14,7.28,40200
HOVNP,20110113,6.61,6.61,6.26,6.34,13600
HRZN,20110113,15.53,15.85,15.53,15.74,116100
HSIC,20110113,63.62,64.24,63.33,63.91,414400
HSII,20110113,29.92,29.92,29.33,29.52,30800
HSTM,20110113,6.79,7,6.7,6.8,73500
HTBK,20110113,4.29,4.29,4.2,4.27,4300
HTHT,20110113,5.9275,5.9925,5.845,5.94,165600
HTLD,20110113,16.46,16.6,16.32,16.37,440500
HTLF,20110113,17.92,18.04,17.69,17.71,5700
HUBG,20110113,36.68,36.95,36.28,36.63,103200
HURC,20110113,24.08,24.53,23.88,24.41,19600
HURN,20110113,27.19,27.19,26.41,26.57,60800
HWBK,20110113,8.5,8.5,8.5,8.5,300
HWKN,20110113,45.07,45.8,45.07,45.23,28400
IART,20110113,23.645,23.87,23.645,23.87,82600
IBB,20110113,95.85,96.21,95.76,96.07,185500
IBCP,20110113,2.65,3.3,2.53,3.17,1367500
IBKR,20110113,18.25,18.31,17.95,18.08,325100
IBOC,20110113,20.09,20.09,19.83,19.97,158000
ICAD,20110113,1.44,1.45,1.42,1.45,78600
ICCC,20110113,3.22,3.22,3.22,3.22,0
ICFI,20110113,25.39,25.51,25.25,25.31,24600
ICLK,20110113,5.6,5.68,5.48,5.58,85000
ICLN,20110113,16.6,16.66,16.45,16.55,20000
ICLR,20110113,23.26,23.89,23.25,23.47,331300
ICUI,20110113,36.13,36.44,35.77,35.82,39900
IDCC,20110113,45.05,48.35,43.5,48.03,2423700
IDRA,20110113,28.48,28.8,25.44,25.84,86100
IDXX,20110113,34.57,34.72,34.17,34.25,373700
IESC,20110113,3.6,3.64,3.6,3.62,12800
IFGL,20110113,31.74,32.01,31.74,31.76,28900
IGOV,20110113,101.61,101.98,101.61,101.75,8500
III,20110113,2.14,2.14,2.06,2.07,84100
IIIIU,20110113,2.1,2.11,1.91,1.98,12400
IIIIW,20110113,0.0085,0.0085,0.0068,0.0068,201500
IIN,20110113,3.99,4,3.99,4,300
IIVI,20110113,23.235,24.175,23.205,24.085,145800
IKNX,20110113,7.42,7.5,7.42,7.5,800
ILMN,20110113,67.15,69.77,67.07,69.55,2368200
IMGN,20110113,9.74,9.75,9.43,9.47,493000
IMKTA,20110113,19.45,19.85,19.31,19.84,77200
IMMR,20110113,6.47,6.52,6.37,6.44,95300
IMOS,20110113,1.7,1.78,1.7,1.76,394700
INCY,20110113,15.89,16.03,15.65,15.96,1443800
INDB,20110113,26.9,27.52,26.89,27,29300
INDY,20110113,29.64,29.64,29.15,29.17,81800
INFI,20110113,6,6,5.87,5.95,20100
INFN,20110113,10.35,10.46,10.17,10.22,1239800
INMD,20110113,8.65,8.72,8.64,8.68,6100
INOD,20110113,2.97,3.01,2.92,2.93,26900
INSM,20110113,0.63,0.65,0.63,0.65,267100
INTC,20110113,21.26,21.32,21.08,21.29,104828200
INTG,20110113,20.99,21.5,20.99,21.5,1000
INTU,20110113,46.51,47.04,46.15,46.36,3267400
INVE,20110113,22.8,23.9,22.7,23.1,4500
IOSP,20110113,20.76,20.83,20.51,20.61,27300
IPAR,20110113,18.56,18.65,18.35,18.58,66000
IPGP,20110113,35.26,36.7,35.05,35.94,352400
IRBT,20110113,25.98,26.34,25.73,25.92,119300
IRDM,20110113,8.52,8.66,8.39,8.45,235400
IRIX,20110113,4.13,4.13,3.95,4,53100
IRWD,20110113,10.87,10.92,10.68,10.84,50200
ISBC,20110113,5.4431,5.4588,5.3843,5.4157,151300
ISHG,20110113,103.86,104.16,103.54,103.72,9500
ISIG,20110113,6.47,6.5,6.45,6.49,6100
ISLE,20110113,10.97,11.22,10.92,11.16,141800
ISRG,20110113,281.99,281.99,277.5,279.11,247900
ISSC,20110113,5.87,5.94,5.81,5.83,16700
ITIC,20110113,30.8,30.8,30.8,30.8,100
ITRI,20110113,59.31,59.4,57.91,58.33,395600
ITRN,20110113,18.03,18.2,17.88,18.18,14000
IVAC,20110113,14.96,15.05,14.8,14.94,163200
JACK,20110113,22.33,22.74,22.33,22.72,516000
JAKK,20110113,176.5,176.7,167.6,169.1,165400
JAZZ,20110113,23.44,23.57,21.98,22.45,1384000
JBHT,20110113,41.9,42.1,41.56,42.02,731500
JBLU,20110113,6.95,6.98,6.85,6.89,2738300
JBSS,20110113,12.27,12.4,12.12,12.19,10700
JCS,20110113,14.39,15.67,14.2,15.52,36300
JCTCF,20110113,2.43,2.43,2.43,2.43,400
JJSF,20110113,49,49.06,48.42,48.78,32400
JKHY,20110113,29.77,29.77,29.51,29.68,194600
JOBS,20110113,28.83,29.165,28.605,28.94,70900
JOUT,20110113,14.78,15,14.46,14.99,13400
JRJC,20110113,65,65.2,62.1,62.3,207900
JVA,20110113,4.17,4.28,3.96,4,42900
KALU,20110113,47.77,49.28,47.69,48.17,91400
KELYA,20110113,19.14,19.14,18.79,19,97200
KEQU,20110113,13.51,13.74,13.51,13.74,1000
KFFB,20110113,9.3,9.45,9.21,9.45,2100
KFRC,20110113,17.99,18.25,17.9,18.08,84300
KINS,20110113,3.5,3.5,3.45,3.45,1100
KIRK,20110113,14.04,14.74,13.91,14.68,202900
KLAC,20110113,39.58,40.12,39.26,39.75,3511000
KLIC,20110113,9.49,9.5,9.31,9.41,1569500
KNDI,20110113,5.11,5.35,4.98,5.26,1227700
KOPN,20110113,4.2,4.2,4.02,4.03,284000
KOSS,20110113,5.48,5.5,5.4,5.5,2700
KRNY,20110113,9.01,9.03,8.97,9,30300
KTCC,20110113,5.69,5.89,5.67,5.86,57400
KTOS,20110113,13.76,13.77,13.51,13.72,64200
KVHI,20110113,12.52,12.62,12.34,12.54,57400
LAKE,20110113,8.51,8.51,8.4,8.46,13700
LAMR,20110113,39.15,39.18,38.27,38.43,337900
LANC,20110113,54.34,54.61,53.78,54.05,61800
LARK,20110113,16.52,16.52,16.52,16.52,0
LAWS,20110113,23.77,23.9,23.54,23.64,3900
LBAI,20110113,10.67,10.94,10.57,10.69,26800
LBTYA,20110113,19.1007,19.2029,18.9934,19.07,615800
LBTYB,20110113,37.69,37.69,37.69,37.69,0
LBTYK,20110113,35.29,35.56,35.13,35.42,141700
LCUT,20110113,13.59,14.04,13.59,14.01,27600
LECO,20110113,34.29,34.505,34.085,34.345,112500
LEDS,20110113,18.97,19.56,18.55,18.76,6941300
LFUS,20110113,52.69,52.69,51.83,52.05,84500
LGND,20110113,9.12,9.12,8.99,9.06,77200
LHCG,20110113,28.9,29.14,28.8,28.94,105900
LIFE,20110113,785.12,789.6,781.9,783.02,865200
LINC,20110113,14.79,14.91,14.62,14.69,144500
LIVE,20110113,2.2233,2.3967,2.2167,2.2533,9800
LKFN,20110113,14.92,15.22,14.92,15.1533,22000
LLNW,20110113,6.25,6.32,6.17,6.24,582600
LMAT,20110113,6.9,7,6.85,7,6000
LMNR,20110113,27.82,27.99,27.29,27.59,11500
LNDC,20110113,6.67,6.73,6.58,6.69,64600
LOAN,20110113,1.34,1.34,1.34,1.34,0
LOGC,20110113,0.77,0.77,0.77,0.77,0
LOGI,20110113,18.3,18.3,18.07,18.12,1552700
LOOP,20110113,11.17,11.18,11.08,11.16,99400
LOPE,20110113,18.31,18.5,18.21,18.36,308700
LORL,20110113,78.38,78.83,76.99,78.79,43900
LPLA,20110113,34.08,34.15,33.58,33.65,268500
LPSN,20110113,11.18,11.34,11.05,11.33,345700
LPTH,20110113,1.82,1.82,1.8,1.82,9200
LQDT,20110113,13.63,13.66,13.14,13.23,107400
LRCX,20110113,50.16,50.81,50.08,50.4,1776300
LSBK,20110113,8.8,9.2,8.8,9.2,4400
LSCC,20110113,6.14,6.15,6.04,6.08,591900
LSTR,20110113,41.93,42.38,41.78,42.32,302300
LTBR,20110113,372,390,367.2,385.8,126500
LTRX,20110113,3.75,3.89,3.49,3.49,7300
LULU,20110113,36.255,36.335,35.345,35.88,2210600
LUNA,20110113,1.77,1.84,1.77,1.84,4900
LWAY,20110113,9.35,9.64,9.34,9.44,24200
LXRX,20110113,14.56,14.63,14,14.63,1163800
LYTS,20110113,8.18,8.32,8.15,8.22,53600
MANH,20110113,7.5975,7.665,7.4,7.59,33400
MANT,20110113,40.3,40.44,39.92,40.11,243400
MARPS,20110113,23.87,23.94,22.54,23.85,4200
MASI,20110113,28.2,28.48,27.88,28,570100
MAT,20110113,23.97,24.14,23.86,24.05,2767700
MATW,20110113,34.46,34.46,34.01,34.19,69300
MAYS,20110113,17.25,17.25,17.25,17.25,0
MBWM,20110113,8.26,8.86,8.26,8.71,8200
MCBC,20110113,4.98,4.98,4.55,4.7,108600
MCHP,20110113,35.8,36.03,35.47,36.01,1532700
MCHX,20110113,9.72,9.9,9.52,9.55,34500
MCRI,20110113,12.55,12.58,12.23,12.44,12100
MDRX,20110113,20.82,20.85,20.5,20.63,1737800
MELI,20110113,73.11,73.99,72.57,73.35,315900
MEOH,20110113,30.08,30.27,29.67,29.68,167100
MERC,20110113,8.47,8.66,8.32,8.43,211300
MGEE,20110113,28.7467,28.7467,28.46,28.6667,50600
MGIC,20110113,7,7.35,6.8,7.21,818700
MGLN,20110113,50.1,50.88,49.76,50.5,143600
MGPI,20110113,10.44,10.45,10.36,10.38,21100
MGRC,20110113,25.86,26.1,25.8,26.07,51700
MGYR,20110113,3.97,4.01,3.96,4.01,1100
MHLD,20110113,8.39,8.41,8.35,8.41,107100
MIDD,20110113,28.9667,29.1267,28.0267,28.92,74000
MIND,20110113,11.18,11.2,11.06,11.2,11400
MKSI,20110113,25.44,25.6,25.35,25.47,243300
MKTX,20110113,21.14,21.21,20.97,21.17,50700
MLAB,20110113,28.96,28.96,28.96,28.96,100
MLHR,20110113,25.94,26.12,25.71,25.92,131300
MLVF,20110113,8.25,8.25,8.25,8.25,0
MMLP,20110113,41.6,42.56,41.5,42.22,70700
MMSI,20110113,11.952,12.152,11.904,11.96,87800
MMYT,20110113,30.02,30.6,29.77,30.02,68600
MNDO,20110113,2.6,2.6,2.55,2.6,54600
MNKD,20110113,46.35,48.9,45.6,47,6870300
MNOV,20110113,5.6,5.6,5.38,5.39,3100
MNRO,20110113,32.71,32.82,31.95,32.17,242300
MNST,20110113,8.88,8.9167,8.7817,8.8583,706200
MNTX,20110113,4.79,5.05,4.7,4.95,102700
MOFG,20110113,15.05,15.23,14.91,14.91,13300
MORN,20110113,53.07,53.78,52.73,53.78,44500
MOSY,20110113,1300,1320,1274,1292,42000
MOVE,20110113,10.48,10.72,10.24,10.28,189600
MPAA,20110113,14.4,14.46,13.69,14.27,144100
MPAC,20110113,5.2,5.2,5.2,5.2,0
MPB,20110113,7.2,7.2,7.2,7.2,0
MPWR,20110113,15.96,16.01,15.88,15.92,430300
MRCY,20110113,19.87,19.88,18.83,18.99,272400
MRLN,20110113,12.26,12.51,12.07,12.2,34700
MRNA,20110113,1.64,1.64,1.58,1.61,134600
MRTN,20110113,9.1378,9.1822,9.0578,9.1155,70900
MRVL,20110113,21.01,21.5,20.77,21.43,15790800
MSEX,20110113,18.89,18.95,18.73,18.83,28800
MSFT,20110113,28.33,28.39,28.01,28.19,67082700
MSON,20110113,2.3,2.31,2.3,2.31,1600
MSTR,20110113,91.2,92.35,91,91.52,135900
MTEX,20110113,19.5,19.5,18.6,18.6,44100
MTRX,20110113,11.41,11.44,11.18,11.32,102800
MU,20110113,9.79,9.87,9.58,9.63,75461000
MVIS,20110113,18.88,18.88,18,18.08,917000
MYGN,20110113,21.97,22.1,21.56,21.59,1085400
MYRG,20110113,19.92,20.02,19.68,19.74,103800
NAII,20110113,5.64,5.64,5.54,5.6,9900
NATH,20110113,16.31,16.75,16.3,16.75,19500
NATI,20110113,25.9933,26.12,25.74,25.9267,195500
NATR,20110113,8.93,8.93,8.58,8.72,15400
NAVI,20110113,3.88,4.12,3.87,4.05,135300
NBIX,20110113,7.59,7.69,7.51,7.64,271600
NBN,20110113,15.3,15.4,14.9,15.3,2000
NBTB,20110113,24.1,24.45,24.04,24.2,47500
NCMI,20110113,18.37,18.49,18.26,18.37,152900
NCTY,20110113,244.5,253.2,244.5,251.4,190200
NDAQ,20110113,23.56,24.21,23.56,24.11,1878000
NDSN,20110113,46.92,47.355,46.55,46.915,91000
NECB,20110113,6,6.05,5.99,6.05,3100
NEOG,20110113,19.805,19.985,19.49,19.63,87500
NEPT,20110113,2.31,2.43,2.31,2.36,21500
NEWT,20110113,9.35,9.5,9.35,9.4,22300
NFBK,20110113,13.42,13.67,13.42,13.67,12800
NFLX,20110113,26.92,27.4786,26.7143,27.3557,4280500
NICE,20110113,35.19,35.43,35.09,35.4,140700
NICK,20110113,11.7,11.74,11.52,11.7,30200
NKSH,20110113,29.8,29.8,29.5,29.5,2700
NKTR,20110113,12.35,12.35,12.18,12.29,524400
NLTX,20110113,0.56,0.58,0.56,0.56,51800
NNBR,20110113,14.64,15.03,14.62,14.84,138800
NRIM,20110113,18.5,18.71,18.5,18.64,3500
NSEC,20110113,12.5,12.55,12.5,12.55,800
NSIT,20110113,14.36,14.55,14.3,14.53,199900
NSSC,20110113,1.76,1.8,1.73,1.73,1900
NSYS,20110113,4.6,4.6,4.6,4.6,0
NTAP,20110113,58.79,59.03,58.38,58.62,3413300
NTCT,20110113,25.05,25.53,24.96,25.53,275100
NTES,20110113,7.84,7.884,7.79,7.8,842600
NTGR,20110113,37.46,38,37.07,37.33,232600
NTIC,20110113,7.6,7.6,7.4,7.5,5600
NTRS,20110113,55.99,56.14,55.49,55.5,1400000
NTWK,20110113,19.4,19.4,18.5,18.5,387900
NUAN,20110113,20.52,20.62,20.05,20.51,1683000
NURO,20110113,113.28,113.28,105.6,109.44,44400
NUVA,20110113,28.21,28.39,27.88,28,680800
NVAX,20110113,51,51,49.6,49.8,327500
NVDA,20110113,5.7775,5.96,5.595,5.8475,67408700
NVEC,20110113,61.41,61.75,60.35,61.08,34800
NVMI,20110113,8.5,8.81,8.44,8.78,354300
NWBI,20110113,11.93,11.99,11.82,11.9,531700
NWFL,20110113,27,27,27,27,100
NWLI,20110113,171.32,171.32,171.32,171.32,100
NWPX,20110113,23.48,23.74,22.88,22.97,21500
NWS,20110113,16.11,16.16,15.9,15.97,2580200
NWSA,20110113,14.41,14.44,14.1,14.13,17527600
NXPI,20110113,23.86,23.86,22.99,23.33,250400
NXST,20110113,5.82,5.87,5.81,5.81,7200
NYMT,20110113,7.22,7.35,7.17,7.3,34200
NYMX,20110113,8.5,8.81,8.15,8.3,214400
OBAS,20110113,7.5,7.75,7.5,7.5,16600
OBCI,20110113,1.91,2.02,1.9,1.94,14500
OCFC,20110113,13.6,13.6,13.48,13.56,17100
ODFL,20110113,21.5667,22.18,21.1933,22.0067,397300
OFIX,20110113,31.66,31.81,31.12,31.35,98400
OFLX,20110113,14.26,14.28,14.1,14.26,1000
OIIM,20110113,6.4,6.44,6.38,6.41,85400
OMAB,20110113,15.81,15.95,15.8,15.91,21900
OMCL,20110113,14.16,14.23,13.87,13.93,99100
OMER,20110113,8.04,8.07,7.96,7.96,38500
OMEX,20110113,39.6,40.2,36,37.44,870200
ONCY,20110113,6.29,6.39,6.15,6.34,139000
ONEQ,20110113,108.19,108.19,107.61,107.7,15400
OPEN,20110113,80.73,81.08,78.82,79.74,534700
OPHC,20110113,167.6,167.6,167.6,167.6,0
OPNT,20110113,27.93,27.93,27.26,27.68,74200
OPOF,20110113,12.03,12.03,11.94,12,5400
ORLY,20110113,57.15,57.15,56.62,56.71,760300
ORRF,20110113,26.6,27.59,26.6,27.34,22500
OSBC,20110113,1.71,1.8,1.7,1.71,19100
OSIS,20110113,35.13,35.22,34.82,35.01,94200
OSTK,20110113,16.49,16.66,16.25,16.51,61500
OSUR,20110113,6.72,6.75,6.64,6.68,120900
OTEX,20110113,11.7575,11.845,11.7175,11.76,482500
OTTR,20110113,22.89,22.99,22.77,22.83,94500
OVBC,20110113,19.38,19.38,19.38,19.38,100
OVLY,20110113,5.97,5.99,5.97,5.99,200
PAAS,20110113,37.81,37.85,36,36.33,1321700
PACB,20110113,15.91,15.96,15.5,15.61,39400
PACW,20110113,21.11,21.27,20.85,21.13,232800
PANL,20110113,35.82,38.32,35.6,37.29,621400
PATK,20110113,0.9111,0.9245,0.8755,0.8755,4000
PAYX,20110113,32.2,32.25,32.02,32.09,1472600
PBCT,20110113,14.16,14.28,14.09,14.21,3315800
PBHC,20110113,8.49,8.49,8.49,8.49,0
PBIP,20110113,6.25,6.25,6.25,6.25,0
PCAR,20110113,56.58,56.9,56,56.4,2857500
PCH,20110113,33.87,34,33.53,33.81,361800
PCTI,20110113,6.44,6.57,6.36,6.47,19300
PCYO,20110113,3.7,3.73,3.3,3.65,17400
PDCO,20110113,31.4,31.59,31.35,31.48,535200
PDEX,20110113,2.14,2.16,2.14,2.15,1700
PDFS,20110113,5.87,6,5.47,5.53,144100
PEBK,20110113,5.99,6,5.84,6,1100
PEBO,20110113,15.61,15.61,14.58,14.61,31700
PEGA,20110113,18.07,18.285,17.92,18.005,38300
PENN,20110113,35.13,35.33,34.61,34.76,592800
PESI,20110113,8,8.15,7.85,8.05,61400
PETS,20110113,15.6,15.8,15.56,15.61,123500
PFBC,20110113,1.98,2,1.96,2,12700
PFIN,20110113,3.41,3.49,3.41,3.49,900
PFSW,20110113,4.38,4.62,4.38,4.52,76100
PGC,20110113,13.39,13.65,13.39,13.41,6200
PKBK,20110113,9.1818,9.1818,9.1091,9.1818,2600
PKOH,20110113,23.17,23.82,23.05,23.49,15900
PLAB,20110113,5.9,6.01,5.85,5.99,598000
PLBC,20110113,2.49,2.61,2.42,2.55,6900
PLCE,20110113,46.23,46.23,44.76,44.99,806900
PLPC,20110113,64.57,64.71,63.72,63.75,2400
PLUG,20110113,0.54,0.68,0.54,0.61,4700400
PLUS,20110113,12.2,12.57,12.2,12.5,9700
PLXS,20110113,29.99,29.99,29.52,29.55,184500
PMBC,20110113,4,4.14,4,4.08,19100
PMD,20110113,8.8,8.8,8.57,8.63,8700
PNBK,20110113,25,25,23.9,24.5,9700
PNFP,20110113,14.2,14.2,13.49,13.55,237800
PNNT,20110113,12.4,12.53,12.38,12.45,183300
PNQI,20110113,36.5,36.56,36.35,36.35,6500
PNRG,20110113,20.04,20.99,19.08,19.32,6500
PODD,20110113,16.48,17.34,16.2,17.25,566700
POOL,20110113,23.34,23.43,23.12,23.4,116000
POWI,20110113,19.825,20.035,19.565,20.015,205200
POWL,20110113,38.03,38.43,37.85,38.03,265600
PPBI,20110113,6.39,6.4,6.31,6.31,2100
PRAA,20110113,25.2933,25.3633,25.0667,25.18,31100
PRFT,20110113,12.78,12.95,12.59,12.69,57700
PRFZ,20110113,66.09,66.18,65.68,65.84,19200
PRGS,20110113,29,29.0667,28.9133,29,165100
PRIM,20110113,9.21,9.47,9.12,9.3,16200
PROV,20110113,7.2,7.2,7.16,7.16,5200
PRPH,20110113,1.41,1.45,1.38,1.45,11300
PRTS,20110113,9.11,9.18,9.07,9.12,50400
PSEC,20110113,11.49,11.59,11.4,11.53,2523900
PSMT,20110113,39.37,39.95,39.2,39.73,72600
PSTI,20110113,27,29.7,26.9,28.5,1114000
PTEN,20110113,20.39,20.5,19.98,20.15,2774200
PTIX,20110113,1.7,1.79,1.69,1.77,6800
PTNR,20110113,20.04,20.17,20,20.07,108300
PTSI,20110113,11.42,11.46,11.36,11.38,1500
PWOD,20110113,26.5133,26.5733,26.2667,26.2667,3900
PXLW,20110113,3.49,3.53,3.4,3.45,38400
PZZA,20110113,14.07,14.2,14.055,14.2,53500
QABA,20110113,25.05,25.14,24.97,24.97,9700
QADA,20110113,9.12,9.51,9.1,9.51,7500
QADB,20110113,10.23,10.4,10.18,10.31,10400
QCLN,20110113,17.36,17.46,17.31,17.31,2800
QCOM,20110113,52.28,52.45,51.51,51.87,12552700
QCRH,20110113,8.05,8.26,8.05,8.05,2000
QDEL,20110113,14.17,14.4,13.88,13.96,124300
QNST,20110113,22.5,23.27,22.34,23.03,779800
QQEW,20110113,24.52,24.56,24.44,24.46,22700
QQQ,20110113,56.59,56.73,56.41,56.58,47430300
QQQX,20110113,14.63,14.64,14.5,14.51,65400
QQXT,20110113,21.5,21.54,21.49,21.52,4900
QTEC,20110113,26.97,27.1,26.89,26.99,294400
QUIK,20110113,84.14,84.14,80.5,81.76,671900
RADA,20110113,5.34,5.44,5.34,5.44,35800
RAIL,20110113,29.76,30,29.75,29.86,16600
RAM,20110113,1.84,1.86,1.79,1.79,182800
RAND,20110113,28.8,28.8,27.81,27.99,3900
RAVN,20110113,23.765,24.06,23.725,23.965,20400
RBCAA,20110113,21.47,21.56,21.3,21.39,22400
RBCN,20110113,231.8,233.7,224.3,228.7,865600
RCII,20110113,30.51,30.83,30.21,30.7,327700
RCKY,20110113,11.2,11.2,10.76,11.14,19900
RCMT,20110113,4.45,4.5,4.41,4.45,55100
RCON,20110113,22.1,22.1,21.4,21.4,9300
RDCM,20110113,12.81,12.99,12.54,12.94,72600
RDI,20110113,5.05,5.07,5.01,5.01,22000
RDIB,20110113,9,9,9,9,400
RDNT,20110113,3.27,3.35,3.15,3.33,163400
RDWR,20110113,20,20.015,19.45,19.86,265700
REED,20110113,2.1,2.12,2.06,2.11,18900
REFR,20110113,6.94,6.97,6.63,6.95,65100
REGN,20110113,32.55,33.42,32.34,32.82,367100
RELL,20110113,12.6,12.75,12.55,12.7,93100
RENT,20110113,28.73,28.99,28.47,28.53,15500
RFIL,20110113,3.5,3.5,3.5,3.5,2000
RGCO,20110113,10.26,10.4,10.26,10.4,500
RGEN,20110113,4.67,4.67,4.53,4.65,33700
RGLD,20110113,51.3,51.5,49.02,49.31,501900
RICK,20110113,8.5,8.6,8.45,8.46,81300
RIGL,20110113,7.57,7.69,7.52,7.68,214700
RMBS,20110113,20.78,21.12,20.7,21.11,935800
RMCF,20110113,10.09,10.26,10.08,10.15,3800
RMTI,20110113,8.53,9.07,8.53,8.93,84700
RNST,20110113,16.6,16.84,16.42,16.49,24600
RNWK,20110113,4.01,4.06,4.01,4.04,319000
ROCK,20110113,12.34,12.67,11.98,12.47,123100
ROIC,20110113,10.04,10.05,9.98,10,129100
ROLL,20110113,38.39,38.4,37.46,37.96,40300
ROST,20110113,15.9825,16.0375,15.895,15.95,669000
RPRX,20110113,2.85,2.85,2.7,2.81,240300
RRGB,20110113,21.92,22.09,21.78,21.98,119600
RUSHA,20110113,13.08,13.08,12.7067,12.8733,136100
RUSHB,20110113,11.4733,11.4733,11.24,11.3267,1500
RUTH,20110113,5.41,5.46,5.29,5.3,209000
RVSB,20110113,2.75,2.75,2.7,2.7,20800
RYAAY,20110113,31.71,32.01,31.5,31.86,493300
SAFM,20110113,39.53,39.69,39.03,39.2,648300
SAFT,20110113,49.22,49.44,49,49.24,15200
SAIA,20110113,10.3867,10.6667,10.1067,10.66,69700
SALM,20110113,3.34,3.34,3.22,3.33,5200
SANM,20110113,12.9,13.38,12.86,13.34,2728200
SANW,20110113,3.5,3.7,3.5,3.7,12000
SASR,20110113,17.81,18.07,17.67,18,29600
SATS,20110113,21.515,21.6938,21.4906,21.6531,106300
SBAC,20110113,40.38,40.85,39.79,39.91,1534900
SBCF,20110113,7.6,8.25,7.6,8.1,674900
SBGI,20110113,8.26,8.27,8.06,8.12,208500
SBLK,20110113,206.25,207.75,204,207.75,114800
SBNY,20110113,47.96,48.98,47.96,48.73,174600
SBRA,20110113,18.9,19.09,18.73,18.94,95300
SBSI,20110113,19.9524,20.1143,19.4381,19.6381,53100
SBUX,20110113,16.055,16.22,16.055,16.205,5617700
SCHL,20110113,30.83,31.2,30.29,30.61,123700
SCHN,20110113,64.85,65.49,63.84,64.12,409400
SCKT,20110113,2.09,2.09,1.81,1.84,8600
SCOR,20110113,23.68,23.95,23.5,23.71,172100
SCSC,20110113,32.43,34.37,32.41,33.47,198700
SCVL,20110113,17.7,17.7,16.7267,16.9467,68600
SEAC,20110113,8.95,8.95,8.61,8.66,153800
SEED,20110113,113.3,118.6,111.1,113.1,1287000
SEIC,20110113,24.55,24.55,24.3,24.37,338100
SENEA,20110113,26.52,26.77,26.38,26.75,12400
SENEB,20110113,26.5,26.5,26.5,26.5,0
SFNC,20110113,14.36,14.675,14.36,14.425,19200
SFST,20110113,7.51,7.51,7.51,7.51,0
SGC,20110113,10.99,11,10.95,11,1900
SGEN,20110113,17.08,17.45,16.97,17.23,875500
SGMA,20110113,6.3,6.45,6.28,6.45,2200
SGMO,20110113,7.54,7.83,7.43,7.55,516100
SGMS,20110113,10.13,10.24,10.01,10.06,383400
SGOC,20110113,20.04,20.2,20.04,20.2,7600
SGRP,20110113,0.99,0.99,0.99,0.99,500
SHBI,20110113,10.64,10.75,10.45,10.58,3300
SHEN,20110113,9.325,9.335,9.095,9.165,16400
SHIP,20110113,1140,1140,1116,1128,50200
SHIPW,20110113,0.02,0.02,0.02,0.02,23400
SHOO,20110113,12.5393,12.5541,12.1363,12.323,598100
SHY,20110113,83.99,84.03,83.96,84.02,685800
SIEB,20110113,1.99,1.99,1.99,1.99,0
SIFY,20110113,2.55,2.7,2.4,2.52,1269900
SIGA,20110113,13.6,13.6,13.22,13.35,207900
SIGI,20110113,18.42,18.53,18.24,18.35,64700
SILC,20110113,18.89,18.89,18.5,18.75,16500
SIMO,20110113,4.5,4.65,4.5,4.6,244500
SINO,20110113,11.75,11.75,11.75,11.75,0
SIRI,20110113,1.55,1.56,1.53,1.53,42446600
SIVB,20110113,55.21,55.5,54.36,54.69,523200
SKYW,20110113,16.48,16.64,16.37,16.6,145900
SLAB,20110113,49.83,49.99,49.22,49.81,308300
SLGN,20110113,17.705,17.83,17.595,17.705,200100
SLP,20110113,2.72,2.84,2.7,2.82,25900
SLRC,20110113,24.57,24.83,24.16,24.83,111400
SMBC,20110113,8.965,9.1,8.775,8.985,700
SMCI,20110113,12.28,12.47,12.17,12.46,71100
SMED,20110113,4.11,4.3,4.01,4.02,153100
SMIT,20110113,3.28,3.28,3.26,3.28,500
SMMF,20110113,4.22,4.22,3.93,3.95,10600
SMSI,20110113,60.84,60.96,53.12,53.72,3094300
SMTC,20110113,23.29,23.33,22.96,23.33,459200
SNCR,20110113,31.8,32.13,30.62,30.88,307600
SNFCA,20110113,1.82,2.19,1.82,1.87,20400
SNPS,20110113,26.55,26.6,26.35,26.44,948700
SOHU,20110113,69.01,71.73,68.77,69.68,1041800
SONO,20110113,34.65,35,34.65,34.87,71600
SOXX,20110113,59.41,59.64,59.1,59.44,229300
SPBC,20110113,9.77,9.96,9.77,9.89,5100
SPNS,20110113,2.9,2.97,2.9,2.93,22200
SPPI,20110113,6.65,6.69,6.56,6.57,391200
SPRO,20110113,2.41,2.5,2.41,2.5,4300
SPSC,20110113,15.72,16.12,15.5,15.55,31900
SPTN,20110113,16.17,16.17,15.8,16.02,64500
SQQQ,20110113,35545.6,35814.4,35251.2,35494.4,452000
SRCE,20110113,19.67,19.78,19.27,19.29,7400
SRCL,20110113,78,78.1,77.01,77.32,387600
SRDX,20110113,11.8,11.84,11.65,11.72,36700
SSBI,20110113,6.5,6.5,6.5,6.5,2800
SSNC,20110113,19.57,19.94,19.25,19.52,73900
SSYS,20110113,36.99,36.99,35.14,35.68,81200
STAA,20110113,6.38,6.38,6.15,6.35,62100
STBA,20110113,22.09,22.37,21.8,21.9,83500
STFC,20110113,16.29,16.33,16,16.02,40200
STKL,20110113,8.43,8.47,8.24,8.44,179900
STLD,20110113,18.95,19.16,18.58,18.65,2815100
STRA,20110113,123.73,125.49,122.27,122.96,232100
STRC,20110113,4.96,5.49,4.95,5.3,39500
STRL,20110113,13.87,13.92,13.67,13.81,19600
STRM,20110113,1.72,1.85,1.72,1.75,8200
STRN,20110113,6.85,6.9,6.8,6.85,4800
STRS,20110113,9.12,9.12,9.07,9.07,400
STRT,20110113,31.19,35.7,31.19,35.47,12500
STSA,20110113,21.99,21.99,20.76,21.33,64100
STX,20110113,14.19,14.23,13.98,14.08,6200200
SUMR,20110113,68.76,69.21,67.59,68.67,116700
SURG,20110113,4.42,4.53,4.17,4.52,146200
SVBI,20110113,3.42,3.42,3.25,3.3,800
SWIR,20110113,16.5,16.5,15.37,15.75,1189700
SWKS,20110113,31.82,32.08,31.4,31.8,2840300
SYBT,20110113,16.6667,16.6667,16.3133,16.4467,14800
SYNA,20110113,30.59,31.04,30.41,31.03,414900
SYNL,20110113,12.11,12.24,11.8,11.92,8100
SYPR,20110113,5.63,5.68,5.61,5.61,25700
TACT,20110113,9.8,10.01,9.69,9.71,30300
TAIT,20110113,1.36,1.5,1.36,1.5,400
TAST,20110113,7.72,7.75,7.61,7.64,29900
TATT,20110113,5.51,5.59,5.5,5.5,2200
TAYD,20110113,5.07,5.15,5.06,5.06,1700
TBBK,20110113,9.81,9.81,9.33,9.46,73800
TBNK,20110113,20.2,20.3,20.02,20.02,23300
TCBI,20110113,21.46,21.53,21.32,21.41,120700
TCBK,20110113,15.61,15.81,15.55,15.6,35600
TCX,20110113,3.08,3.08,3.04,3.04,11000
TECH,20110113,65.7,66.34,65.7,65.92,81200
TESS,20110113,16.33,16.53,16.2,16.2,10300
TFSL,20110113,9.6,9.82,9.6,9.62,1569600
TGA,20110113,15.25,15.57,15.13,15.47,237100
THFF,20110113,33.17,33.18,32.69,32.7,12500
THRX,20110113,25.07,26.39,25.06,25.78,507300
TIGR,20110113,4.5,4.68,4.5,4.61,2100
TITN,20110113,21.73,22.16,21.55,21.84,186100
TLT,20110113,91.62,92.77,91.45,92.43,14502300
TNDM,20110113,15.8,16.06,15.67,15.7,271500
TOPS,20110113,7630000,7700000,7350000,7560000,34200
TOWN,20110113,16.66,16.78,16.43,16.73,34000
TQQQ,20110113,3.4502,3.4698,3.4156,3.4488,342700
TREE,20110113,8.5,8.67,8.26,8.67,26300
TRIB,20110113,8.75,8.8,8.74,8.8,30700
TRIT,20110113,14.28,14.75,13.62,13.66,245100
TRMB,20110113,20.625,20.745,20.54,20.705,287700
TRMD,20110113,70.6,71,70.1,70.1,7500
TRMK,20110113,24.85,25.08,24.19,24.67,280500
TRNS,20110113,7.82,8.63,7.82,8.49,4200
TROW,20110113,66.49,67.47,66.31,66.74,1533500
TRS,20110113,20.65,20.78,20.4,20.7,130100
TRST,20110113,6.26,6.34,6.21,6.24,78000
TRUE,20110113,1,1.05,0.92,0.94,44600
TSBK,20110113,3.85,4.02,3.85,4,14400
TSCO,20110113,23.52,23.545,23.15,23.175,678100
TSEM,20110113,22.35,22.5,21.9,22.2,1447400
TSLA,20110113,5.392,5.394,5.232,5.244,723500
TSRI,20110113,4.99,5.13,4.99,5.07,5200
TTEC,20110113,21.16,21.33,21.05,21.08,130600
TTEK,20110113,24.65,24.78,24.52,24.75,215400
TTGT,20110113,7.36,7.51,7.36,7.49,18400
TTMI,20110113,16,17.84,15.5,17.74,3261700
TTWO,20110113,12.7,13.21,12.68,13.15,1821500
TW,20110113,54.36,54.57,53.51,54.16,261000
TWIN,20110113,29.42,29.81,28.8,29.3,62100
TXN,20110113,33.36,33.52,33.05,33.48,6322800
TXRH,20110113,17.41,17.94,17.29,17.89,690800
TZOO,20110113,47.59,48,46.71,47.16,152100
UBCP,20110113,7.86,7.99,7.69,7.77,5300
UBFO,20110113,3.61,3.65,3.6,3.6,9100
UBOH,20110113,9.81,10.3,9.81,10.3,7400
UBSI,20110113,29.03,29.26,28.85,28.87,119200
UCBI,20110113,1.83,1.83,1.7,1.7,1009800
UCTT,20110113,10.3,12.47,10.13,11.7,1513700
UEIC,20110113,27.16,27.37,26.51,26.79,23900
UEPS,20110113,11.71,12.2,11.5,11.9,354500
UFCS,20110113,22.04,22.19,21.53,21.66,30300
UFPI,20110113,39.3,39.5,38.83,39.03,51200
UFPT,20110113,15.21,15.48,15.06,15.43,44100
UG,20110113,14.4,14.56,14.38,14.4,1600
UHAL,20110113,88.85,91.34,88.56,90.62,81100
ULBI,20110113,7.31,7.49,6.8,7.38,104300
ULTA,20110113,37.22,37.35,36.83,37.12,263300
UMBF,20110113,42.48,42.9,42.3,42.64,82700
UMPQ,20110113,12.42,12.45,12.35,12.41,611500
UNAM,20110113,9.25,9.25,9.25,9.25,0
UNB,20110113,18,18.18,18,18.1,800
UNTY,20110113,6.2,6.59,6.2,6.49,1200
URBN,20110113,36.23,36.67,36.08,36.31,2084400
USAK,20110113,13.42,13.42,13.33,13.33,3300
USAP,20110113,29.75,29.82,29.11,29.22,27600
USEG,20110113,371.4,377.4,366,370.2,242000
USLM,20110113,40.55,41.44,40.55,41.14,9700
UTHR,20110113,67.2,67.43,66.15,67,307200
UTMD,20110113,26.6,26.98,26.56,26.93,2900
UTSI,20110113,6.99,7.02,6.84,6.93,614000
UVSP,20110113,18.92,19.09,18.64,18.75,15700
VALU,20110113,14.35,14.39,14.25,14.26,1200
VBFC,20110113,36.48,36.48,36.48,36.48,600
VCIT,20110113,78.77,79.37,78.77,79.22,38500
VCLT,20110113,77.16,77.75,77,77.11,23800
VCSH,20110113,77.65,77.7,77.53,77.7,126800
VECO,20110113,47.59,48.46,46.6,47.57,2518000
VGIT,20110113,60.96,61.26,60.96,61.26,8200
VGLT,20110113,59.22,59.88,59.07,59.8,9500
VGSH,20110113,60.63,60.63,60.55,60.56,14000
VIA,20110113,47.58,47.63,47.19,47.41,11900
VICR,20110113,15.44,15.69,15.27,15.37,79900
VIRC,20110113,2.84,2.98,2.79,2.98,12700
VIVO,20110113,23.05,23.08,22.77,22.86,122500
VLGEA,20110113,32.95,33.03,32.88,33.03,7100
VMBS,20110113,50.27,50.41,50.27,50.41,4900
VNDA,20110113,9.11,9.16,9.06,9.06,131900
VNQI,20110113,52.04,52.04,51.28,51.35,23200
VOD,20110113,27.42,27.59,27.25,27.36,5072400
VONE,20110113,58.64,58.66,58.54,58.54,1100
VONG,20110113,60.13,60.13,59.96,60.01,800
VONV,20110113,57.72,57.72,57.72,57.72,900
VOXX,20110113,7.77,7.87,7.57,7.57,105600
VRA,20110113,37.66,38.5,37.07,38.07,324500
VRNT,20110113,35.06,35.5,34.66,35.18,228900
VRSK,20110113,34.04,34.04,33.8,34,326300
VRSN,20110113,32.44,32.69,32.44,32.57,1416600
VRTS,20110113,48.33,48.49,47.31,47.66,27100
VRTX,20110113,37.31,38.55,37.19,38.55,2432000
VSAT,20110113,44.76,44.76,42.11,43.17,595200
VSEC,20110113,16.055,16.11,15.95,15.95,1200
VTHR,20110113,58.73,58.73,58.73,58.73,0
VTWG,20110113,64.54,64.8,64.46,64.53,12300
VTWO,20110113,63.12,63.27,62.84,62.98,55000
VTWV,20110113,61.42,61.44,61.38,61.39,800
WABC,20110113,54.94,55.37,54.58,54.77,68300
WAFD,20110113,17.47,17.53,17.2,17.39,682100
WASH,20110113,22.1,22.49,21.42,21.44,61200
WDC,20110113,33.01,33.25,32.52,32.75,3482200
WDFC,20110113,37.56,37.66,37.27,37.49,80300
WERN,20110113,23.41,23.47,23.08,23.47,648100
WEYS,20110113,24.54,24.54,24.27,24.29,3900
WILC,20110113,6.88,7.09,6.88,7,39000
WINA,20110113,33.26,33.5,33.26,33.38,11000
WIRE,20110113,23.46,23.69,23.32,23.45,59600
WLDN,20110113,4.04,4.04,4.04,4.04,0
WLFC,20110113,13.94,13.99,13.9,13.9,4400
WOOD,20110113,47.43,47.43,47.1,47.1,24200
WOOF,20110113,24.83,24.96,24.57,24.65,426200
WPRT,20110113,18.63,18.67,18,18.16,488600
WRLD,20110113,54.52,55.31,54.22,55.22,108100
WSBC,20110113,19.07,19.15,18.75,18.84,14300
WSBF,20110113,2.84,2.87,2.8,2.81,26200
WSFS,20110113,16.0867,16.1633,15.92,15.9567,11900
WSTG,20110113,11.4,11.45,11.2,11.4,4600
WTBA,20110113,7.88,7.98,7.81,7.85,19100
WTFC,20110113,31.83,31.96,31.51,31.73,219400
WVFC,20110113,9.17,9.31,9.1,9.22,3100
WVVI,20110113,3.41,3.5,3.4,3.5,21000
WYNN,20110113,118.41,119.18,116.35,116.72,2351100
XLNX,20110113,30.45,31.09,30.42,30.89,3623500
XOMA,20110113,119,119.6,114,114.8,1846200
XRAY,20110113,36.28,36.38,36.15,36.3,472400
XRTX,20110113,14.27,14.31,13.9,13.95,452100
YORW,20110113,16.77,16.96,16.55,16.76,14600
ZBRA,20110113,38.61,38.95,38.58,38.79,141100
ZEUS,20110113,27.25,28.45,27.25,28.07,60000
ZGNX,20110113,46.16,47.04,45.84,45.84,71300
ZION,20110113,24.02,24.29,23.65,23.8,3558000
ZIOP,20110113,5.55,5.7,5.32,5.7,961000
ZIXI,20110113,4.67,4.85,4.63,4.74,662400
ZUMZ,20110113,24.64,24.64,23.81,23.95,342600
