AAME,20110111,2.07,2.07,1.93,1.98,11900
AAON,20110111,8.0445,8.1422,7.9081,8.0503,42800
AAPL,20110111,12.3172,12.32,12.1239,12.2014,15859900
AAWW,20110111,51.95,52.9,51.5,51.97,225500
AAXJ,20110111,63.46,63.64,63.26,63.4,1825700
ABCB,20110111,10.9,10.94,10.57,10.83,24600
ABIO,20110111,2487.24,2509.92,2449.44,2472.12,36300
ABMD,20110111,10.05,10.1,9.99,10.09,61000
ACAD,20110111,1.5,1.59,1.42,1.59,2131700
ACET,20110111,8.74,8.83,8.53,8.55,83500
ACGL,20110111,9.6,9.7344,9.5756,9.7189,438700
ACIW,20110111,8.8767,8.9567,8.75,8.8567,79400
ACLS,20110111,12.96,13.72,12.96,13.36,1506500
ACMR,20110111,2.52,2.53,2.45,2.49,14300
ACNB,20110111,15.48,15.49,15.48,15.49,700
ACOR,20110111,31,31.67,30.81,30.98,1092900
ACTG,20110111,25.75,25.82,25.07,25.36,235100
ACWI,20110111,46.78,46.79,46.5,46.68,378900
ACWX,20110111,43.61,43.73,43.44,43.61,96600
ADBE,20110111,33.13,33.26,32.66,32.98,7110500
ADES,20110111,6.815,7,6.35,6.59,66600
ADI,20110111,37.74,38.11,37.62,38.03,2362100
ADP,20110111,42.309,42.7304,42.1773,42.4496,2810900
ADRE,20110111,47.76,48,47.71,47.9,66100
ADSK,20110111,41.18,41.37,40.63,40.8,2373900
ADTN,20110111,39.16,39.62,38.94,38.99,1216400
ADUS,20110111,4.83,4.83,4.54,4.61,21300
AEHR,20110111,1.3,1.32,1.25,1.25,30500
AEIS,20110111,13.57,13.99,13.57,13.66,456200
AEY,20110111,3.08,3.14,3.08,3.08,5000
AEZS,20110111,1020,1062,1008,1026,1553000
AGEN,20110111,1,1.03,0.99,1.03,623500
AGNC,20110111,29.61,29.63,29.5,29.55,1286900
AGYS,20110111,5.3,5.41,5.27,5.34,131000
AHPI,20110111,4.15,4.15,4.15,4.15,0
AIMC,20110111,21.39,21.59,20.96,21.22,63900
AINV,20110111,34.95,35.16,34.74,34.95,1129800
AIRT,20110111,10.09,10.42,10.09,10.16,6000
AKAM,20110111,49.46,49.59,48.33,48.75,2940500
ALCO,20110111,25.04,25.5,25.03,25.32,6700
ALGN,20110111,20.25,20.46,20.02,20.3,847100
ALGT,20110111,49.45,49.45,46.55,46.97,336600
ALIM,20110111,10.3,10.41,10.01,10.1,353700
ALKS,20110111,12.53,12.88,12.53,12.77,541000
ALLT,20110111,12.55,12.7,12,12.33,397100
ALNY,20110111,10.04,10.26,9.94,10.11,218600
ALOT,20110111,7.38,7.54,7.36,7.42,15800
ALRN,20110111,2.45,2.45,2.43,2.43,3300
ALTR,20110111,36.08,36.35,35.66,36.07,5898500
ALVR,20110111,24.1,24.4,23.7,24.2,106000
AMAT,20110111,13.87,14.1,13.84,14.08,17290100
AMD,20110111,8.77,8.8,8.33,8.36,82092300
AMED,20110111,34.44,34.44,33.69,34.15,193500
AMGN,20110111,56.55,56.88,56.09,56.19,5864100
AMKR,20110111,7.78,7.8,7.72,7.78,985300
AMNB,20110111,23.34,23.49,22.99,23.14,12700
AMOT,20110111,7.23,7.23,7.12,7.23,8900
AMPL,20110111,49.4,49.4,48.2,48.4,33700
AMRN,20110111,9.35,9.65,9.13,9.33,8125900
AMRS,20110111,446.85,464.4,442.5,449.25,112100
AMSC,20110111,286.4,291.6,280.8,289.8,1043500
AMSF,20110111,18.25,18.41,18.17,18.31,73200
AMSWA,20110111,6.69,6.8,6.67,6.7,15500
AMWD,20110111,22.53,23.11,22.41,23.06,10500
AMZN,20110111,185.42,186,183.21,184.34,2815800
ANAT,20110111,86.59,87.35,85.1,86.88,33600
ANDE,20110111,25.7267,26.2333,25.56,25.92,264100
ANGN,20110111,5.38,5.49,5.27,5.27,21700
ANGO,20110111,17,17.55,17,17.33,102700
ANIK,20110111,6.78,6.84,6.72,6.84,9000
ANSS,20110111,53.9,54.24,53.75,53.97,225500
AOSL,20110111,14.2,14.32,13.98,14.06,98500
APAC,20110111,6.06,6.08,6.02,6.07,110000
APEI,20110111,34.91,35.89,34.43,35.75,223200
APOG,20110111,14.12,14.27,13.83,13.99,161500
ARAY,20110111,6.94,7.23,6.76,7.1,716900
ARCC,20110111,16.51,16.6,16.29,16.48,1412200
ARKR,20110111,14.5,14.5,14.4,14.4,2400
ARLP,20110111,34.75,35.465,34.675,35.165,131300
ARNA,20110111,21.1,21.7,20,20.6,4872700
AROW,20110111,26.88,27.04,26.55,26.55,11800
ARRY,20110111,3.3,3.3,3.21,3.25,274600
ARTNA,20110111,18.98,19.19,18.98,19.19,15000
ARTW,20110111,11.49,11.49,11.3,11.36,13000
ARWR,20110111,0.92,0.93,0.9,0.91,159900
ASML,20110111,36.73,36.97,36.53,36.75,2000100
ASPS,20110111,28.96,29.02,28.77,28.84,21500
ASRV,20110111,1.74,1.74,1.67,1.67,2800
ASTC,20110111,1.3,1.3,1.23,1.28,155400
ASTE,20110111,33,33.24,32.65,32.75,69200
ASUR,20110111,1.8733,1.9333,1.8733,1.88,4800
ASYS,20110111,28,28.42,27.02,28.21,783000
ATAI,20110111,3.8,3.8,3.8,3.8,10000
ATAX,20110111,5.36,5.42,5.36,5.38,110800
ATEC,20110111,33,33,31.8,32.16,540000
ATHX,20110111,2.62,2.73,2.6,2.72,102400
ATLO,20110111,20.28,20.47,20.2,20.27,2100
ATNI,20110111,39.25,39.29,38.83,39.1,94300
ATRC,20110111,11.07,11.22,11.07,11.22,63200
ATRI,20110111,184,184.55,184,184.55,500
ATRO,20110111,19.1,19.2667,19.05,19.2333,14600
ATSG,20110111,7.75,8.15,7.61,8.03,415600
ATVI,20110111,12.02,12.03,11.81,11.94,10559800
AUBN,20110111,20.26,20.26,19.83,20,6300
AUDC,20110111,7.34,7.76,7.27,7.48,740400
AVAV,20110111,27.13,27.33,26.7,26.92,226500
AVEO,20110111,148.1,149.2,145,147.7,26200
AVGO,20110111,29.14,29.26,28.84,29.24,1354800
AVID,20110111,17.39,17.45,16.95,17.17,150900
AVNW,20110111,64.32,66.36,61.8,65.52,380400
AWRE,20110111,3.14,3.28,3.14,3.27,39000
AXTI,20110111,10.93,11.27,10.93,11.04,529100
AZPN,20110111,13.49,13.76,13.39,13.67,377700
BANF,20110111,42.36,42.52,42.18,42.48,11000
BANFP,20110111,26.64,26.64,26.64,26.64,0
BANR,20110111,14.98,15.4,14.91,14.98,815200
BBBY,20110111,48.91,49.42,48.79,49.23,2167500
BBGI,20110111,5.5,5.55,5.5,5.51,26600
BBSI,20110111,15,15.43,15,15.18,12500
BCBP,20110111,10.56,10.57,10.4,10.4,3600
BCPC,20110111,36.04,36.15,35.47,35.48,115900
BCRX,20110111,5.19,5.31,5.16,5.16,252900
BDSI,20110111,3.54,3.58,3.49,3.54,80700
BEAT,20110111,4.89,4.97,4.88,4.9,146300
BECN,20110111,18.19,18.29,18.06,18.18,258900
BELFA,20110111,25.42,25.45,25.42,25.45,700
BELFB,20110111,24.15,24.18,23.83,24.05,12500
BFIN,20110111,9.56,9.59,9.46,9.58,18000
BGCP,20110111,8.61,8.64,8.5,8.62,429100
BGFV,20110111,14.9,14.9,14.5,14.66,34900
BIB,20110111,7.8025,7.8025,7.8,7.8,200
BICK,20110111,32.52,32.76,32.52,32.76,20900
BIDU,20110111,106.5,107.38,105.37,106.28,5373300
BIIB,20110111,61.7052,62.9395,61.521,62.9119,1602000
BIOC,20110111,132.3,134.1,132.3,132.9,2300
BIS,20110111,195.72,195.72,195.72,195.72,100
BJRI,20110111,34.16,34.16,33.52,33.56,327000
BKCC,20110111,11.49,11.52,11.37,11.51,394100
BKSC,20110111,12.15,12.25,12,12,1700
BLDP,20110111,1.66,1.66,1.61,1.63,306500
BLIN,20110111,350,352.5,337.5,342.5,28300
BLKB,20110111,26.44,26.56,26.18,26.37,68300
BMRC,20110111,17.225,17.385,17.22,17.375,4300
BMRN,20110111,27.05,27.23,26.7,26.76,697200
BMTC,20110111,17.39,17.48,17.16,17.48,12700
BNSO,20110111,1.57,1.62,1.56,1.62,5600
BOKF,20110111,53.69,54.16,53.31,53.89,33400
BOLT,20110111,13.82,13.91,13.13,13.36,41700
BOOM,20110111,21.73,22.14,21.4,21.82,89700
BOSC,20110111,6.4,6.8,6.36,6.76,7300
BPOP,20110111,31.9,32.3,31.3,32,9814800
BPOPM,20110111,19.3,19.3,19.3,19.3,100
BPOPN,20110111,21.16,21.24,20.98,21.23,4000
BRID,20110111,12.8,12.9,12.55,12.55,2400
BRKL,20110111,10.66,10.82,10.49,10.66,300400
BRKR,20110111,16.8,17.19,16.64,16.82,673100
BRKS,20110111,9.36,9.41,9.01,9.37,316700
BRLI,20110111,23.5,23.64,23.32,23.61,122100
BSET,20110111,4.25,4.25,4.22,4.25,2900
BSQR,20110111,11.87,11.88,11.11,11.66,392800
BSRR,20110111,10.95,11.2,10.92,10.96,13300
BUSE,20110111,4.7,4.79,4.65,4.77,92000
BWEN,20110111,22.4,22.6,21.6,22.6,908300
BYFC,20110111,2.66,2.66,2.66,2.66,0
CAAS,20110111,13.59,14.79,13.44,14.79,715400
CAC,20110111,35.97,35.97,34.88,35.17,8200
CACC,20110111,59.29,59.85,58.69,59.84,19300
CAKE,20110111,30.26,30.4,28.89,28.9,4765300
CALM,20110111,14.545,14.7,14.485,14.53,73600
CAMP,20110111,3.1,3.37,3.09,3.26,206000
CAMT,20110111,3.2,3.4,3.04,3.36,229400
CAR,20110111,14.5,14.78,14.32,14.52,2135900
CARV,20110111,2.62,2.85,2.55,2.56,5300
CASH,20110111,4.7067,4.7233,4.6533,4.7233,6100
CASS,20110111,38.6,39.27,38.34,39.21,6400
CASY,20110111,40.37,41.64,40.37,41.4,216100
CATY,20110111,16.52,16.68,16.28,16.43,411700
CBAN,20110111,4.27,4.35,4.27,4.35,1100
CBNK,20110111,12.9,13.07,12.9,13,14300
CBRL,20110111,54.63,54.71,53.96,54.45,183600
CBSH,20110111,40.27,40.43,39.97,40.17,322600
CCBG,20110111,13.25,13.25,12.93,13.03,17900
CCMP,20110111,40.89,41.69,40.71,41.67,147700
CCNE,20110111,14.99,14.99,14.8,14.88,5200
CCOI,20110111,14.16,14.49,14.12,14.37,238900
CCRN,20110111,8.24,8.25,7.99,8,59100
CDNS,20110111,8.54,8.57,8.44,8.46,1331800
CDXS,20110111,10.08,10.33,9.8,10.08,146800
CDZI,20110111,12.16,12.48,11.95,12.48,23600
CECE,20110111,5.93,6.11,5.81,6.1,20200
CENT,20110111,9.9,10.01,9.84,9.96,30800
CENTA,20110111,9.95,10.03,9.81,10.01,137600
CENX,20110111,16.62,16.9,16.45,16.73,1430400
CERN,20110111,23.9125,24.1025,23.84,24.02,308100
CERS,20110111,2.82,2.97,2.82,2.86,1358100
CEVA,20110111,24.2,24.75,24.2,24.42,202000
CFBK,20110111,28.6,28.875,26.95,28.875,8300
CFFI,20110111,22.75,22.75,22.75,22.75,0
CFFN,20110111,11.83,11.83,11.59,11.67,2729400
CGEN,20110111,5.02,5.04,4.94,4.94,59800
CGNX,20110111,7.115,7.21,7.0875,7.1575,101700
CHCI,20110111,1.37,1.55,1.35,1.48,325700
CHCO,20110111,35.14,35.52,34.56,34.89,66500
CHDN,20110111,14.58,14.59,14.4367,14.54,12600
CHKP,20110111,45.05,45.38,44.75,44.98,2143900
CHNG,20110111,5.77,5.79,5.7,5.72,144900
CHNR,20110111,15.6,16.42,15.5,16.06,35700
CHRS,20110111,3.5,3.5,3.35,3.37,893600
CHRW,20110111,79.71,80.09,78.94,79.51,764500
CHSCP,20110111,28.75,28.99,28.59,28.72,22100
CHTR,20110111,39.3,39.3,38.89,39.04,86700
CIDM,20110111,15.7,16.3,15.7,15.7,10900
CINF,20110111,32.07,32.26,31.62,31.7,651500
CIZN,20110111,20.3,20.3,20.16,20.27,300
CJJD,20110111,4.47,4.75,4.45,4.65,128900
CLDX,20110111,57.45,58.5,56.7,58.05,381400
CLFD,20110111,4,4.15,3.98,4.07,18300
CLMT,20110111,22.19,22.99,22.19,22.69,175400
CLNE,20110111,13.97,13.99,13.78,13.89,664400
CLRO,20110111,3.89,4,3.87,4,10100
CLSN,20110111,2.7,2.74,2.6,2.61,111600
CLWT,20110111,4.29,4.29,4.29,4.29,0
CMCO,20110111,21.07,21.49,20.97,21.35,135800
CMCSA,20110111,11.375,11.41,11.255,11.3,11710700
CME,20110111,63.002,63.5,61.812,62.168,415100
CMLS,20110111,33.6,34,32.8,33.52,28600
CMTL,20110111,28.05,28.26,27.75,27.98,147400
CNBKA,20110111,27,27.04,26.81,27,3900
CNET,20110111,4.56,4.6,4.33,4.41,98300
CNOB,20110111,8.55,8.65,8.49,8.51,4900
CNSL,20110111,19.1,19.2,19.08,19.15,345100
CNTY,20110111,2.51,2.61,2.51,2.57,36600
COCO,20110111,4.79,4.79,4.62,4.65,7165400
COHR,20110111,48.31,48.76,47.87,47.97,107200
COHU,20110111,15.97,16.12,15.76,15.79,50900
COIN,20110111,0.5,0.52,0.48,0.49,3658700
COKE,20110111,55.9,55.9,55.19,55.83,14000
COLB,20110111,20.48,20.54,20.02,20.25,74900
COLM,20110111,29.84,29.84,29.21,29.375,108500
CONN,20110111,4.51,4.59,4.46,4.49,73100
COOL,20110111,35.28,40.74,34.02,38.64,401800
CORT,20110111,3.92,4.32,3.9,4.29,1281200
COST,20110111,70.55,71.25,70.32,71.07,2065400
COWN,20110111,4.81,4.82,4.69,4.72,61200
CPHC,20110111,11.31,11.65,11.31,11.65,1500
CPIX,20110111,5.7,5.78,5.57,5.6,41800
CPLP,20110111,9.88,9.99,9.78,9.91,144900
CPRT,20110111,9.36,9.3975,9.3525,9.365,1643900
CPRX,20110111,1.24,1.25,1.2,1.2,43800
CPSI,20110111,45.07,46.76,45.07,46.45,69000
CPSS,20110111,1.3,1.3,1.22,1.29,38800
CRAI,20110111,23.28,23.39,23.16,23.35,7900
CREG,20110111,301,304,295,304,11000
CRESW,20110111,0.33,0.35,0.25,0.25,54500
CRESY,20110111,18.58,18.71,18.26,18.53,55800
CRIS,20110111,10.85,11.4,10.8,11.4,479300
CRMT,20110111,27.82,28.33,27.63,27.97,25300
CRNT,20110111,13.13,13.31,12.94,13,202600
CROX,20110111,17.53,17.8,17.25,17.31,1716900
CRTX,20110111,5.86,5.99,5.86,5.99,26500
CRUS,20110111,18.51,18.69,18.13,18.19,3068000
CRVL,20110111,24.52,24.55,24.435,24.545,32900
CRWS,20110111,4.44,4.75,4.38,4.58,26700
CSCO,20110111,20.9,20.96,20.79,20.88,38352300
CSGP,20110111,59.36,59.85,59.19,59.25,52100
CSGS,20110111,19.24,19.47,19.08,19.37,200600
CSII,20110111,13.31,13.4,12.91,13.05,122200
CSIQ,20110111,14.1,14.32,13.92,14.19,2014200
CSPI,20110111,4.02,4.1,4.01,4.1,6100
CSTR,20110111,56.77,57.1,55.4,55.58,917900
CSWC,20110111,25.25,25.29,24.88,24.88,5600
CSX,20110111,22.91,22.9233,22.5367,22.6667,3200400
CTAS,20110111,28.16,28.33,27.94,28.07,832600
CTBI,20110111,28.66,29.18,28.45,29.18,18900
CTHR,20110111,2.55,2.66,2.55,2.62,15600
CTIB,20110111,5.86,5.86,5.71,5.78,12700
CTIC,20110111,19,20,19,19.5,5426700
CTRN,20110111,23.53,23.53,23.15,23.33,64100
CTSH,20110111,37.745,37.85,37.54,37.755,1926800
CTXS,20110111,55.6449,55.7643,53.9809,54.1242,2194500
CUBA,20110111,7.03,7.25,7.03,7.25,6100
CUTR,20110111,8.76,8.79,8.39,8.45,30700
CVBF,20110111,8.28,8.45,8.25,8.4,863600
CVCO,20110111,48.44,48.77,48.15,48.22,6700
CVCY,20110111,5.84,5.95,5.78,5.8,2300
CVGI,20110111,19.02,19.29,18.79,19.15,205600
CVGW,20110111,22.77,22.91,22.45,22.82,26000
CVLT,20110111,30.15,30.58,29.91,30,187900
CVLY,20110111,9.8,9.8,9.54,9.54,1000
CVV,20110111,7,7,6.75,6.9,2300
CWBC,20110111,3.89,4,3.89,4,8100
CWCO,20110111,10.18,10.44,10.06,10.42,74600
CWST,20110111,6.57,6.68,6.53,6.65,68000
CXDC,20110111,5.65,5.68,5.57,5.62,34800
CYAN,20110111,3.12,3.16,3.11,3.11,6700
CYBE,20110111,8.44,8.6,8.29,8.53,3500
CYCC,20110111,2570.4,2654.4,2536.8,2620.8,1335000
CYTK,20110111,12.24,12.42,12.06,12.18,855800
CZNC,20110111,15.58,15.95,15.58,15.93,6900
CZWI,20110111,4.89,4.89,4.89,4.89,0
DAIO,20110111,5.6,5.65,5.56,5.56,12700
DAKT,20110111,16.31,16.51,16.19,16.39,178900
DCOM,20110111,14.67,14.8,14.47,14.71,87500
DCTH,20110111,2388.48,2536.96,2311.68,2493.44,1579000
DDMX,20110111,24.85,24.85,24.83,24.83,37400
DENN,20110111,3.59,3.74,3.58,3.66,2170500
DGICA,20110111,14.71,14.95,14.66,14.73,4300
DGICB,20110111,17.6,17.6,17.6,17.6,0
DGII,20110111,11.65,11.74,11.55,11.71,74100
DGLY,20110111,1.86,1.89,1.65,1.65,297600
DHIL,20110111,73.1,74.73,73.1,74.73,4900
DIOD,20110111,26.38,27.42,26.38,27.1,174500
DISCA,20110111,40.04,40.2,39.78,39.95,1543500
DISCB,20110111,41.35,41.35,41.35,41.35,0
DISCK,20110111,17.405,17.425,17.245,17.375,452600
DISH,20110111,20.97,21.48,20.93,21.43,3608700
DJCO,20110111,71.5,71.5,70.99,71,3700
DLTR,20110111,26.35,26.39,25.965,26.015,1670400
DMLP,20110111,27.75,28.4,27.65,28.05,80000
DMRC,20110111,30,30.05,29.9,30.05,21500
DORM,20110111,19.045,19.5,18.89,18.975,75500
DRIV,20110111,36.49,37,36.38,36.6,292400
DRRX,20110111,3.59,3.59,3.54,3.58,134100
DSGX,20110111,6.92,7.03,6.77,6.89,17000
DSPG,20110111,8.47,8.48,8.24,8.42,69700
DSWL,20110111,3.43,3.56,3.36,3.37,6000
DVAX,20110111,35.2,35.9,32.8,33.8,4838300
DWSN,20110111,32.03,33.24,32.03,33.18,36700
DXCM,20110111,13.71,14.05,13.62,14.01,348500
DXPE,20110111,24.67,24.81,24.3,24.42,48900
DXYN,20110111,3.89,4,3.85,3.93,20300
DYNT,20110111,3.6,3.9,3.45,3.8,43500
EBAY,20110111,11.9411,12.0042,11.8274,11.9411,9838800
EBIX,20110111,25.29,25.5,25.06,25.25,390800
EBMT,20110111,10.95,11.19,10.95,11.1,6500
EBSB,20110111,5.0123,5.0327,4.9918,5.0286,19900
EBTC,20110111,13.85,14.05,13.85,13.98,4200
ECHO,20110111,11.84,12.23,11.78,12.08,59900
ECOL,20110111,17.82,17.86,17.47,17.62,76900
ECPG,20110111,23.82,24.59,23.5,24.37,99000
EDAP,20110111,4.79,4.92,4.6,4.75,190300
EDUC,20110111,3.315,3.33,3.315,3.33,200
EEFT,20110111,18.54,18.82,18.39,18.8,227600
EFOI,20110111,4.75,4.8,4.6,4.7,112600
EFSC,20110111,11.23,11.37,11.06,11.17,32900
EGBN,20110111,13.86,14.53,13.58,14.28,81300
EGLE,20110111,50400,50702.4,49996.8,50198.4,1573400
EHTH,20110111,12.71,12.81,12.48,12.65,285500
ELSE,20110111,4.41,4.41,4.18,4.25,5000
ELTK,20110111,1.4,1.4,1.37,1.4,5200
EMCF,20110111,17,17,17,17,100
EMIF,20110111,34.62,34.62,34.31,34.55,14000
EMKR,20110111,5.16,5.8,5.12,5.76,3042400
ENDP,20110111,33.97,34.27,33.78,34.15,1805200
ENG,20110111,3.62,3.7,3.6,3.69,74100
ENSG,20110111,12.5,12.5,12.165,12.235,80800
ENTG,20110111,7.36,7.62,7.35,7.52,1509800
EPAY,20110111,21.14,21.3,21.05,21.21,165700
EQIX,20110111,86.28,88.41,86.28,87.11,916800
ERES,20110111,7.1,7.19,7.04,7.14,117300
ERIC,20110111,11.15,11.19,11.09,11.16,2939700
ERIE,20110111,66,66,65.69,65.92,43700
ERII,20110111,3.92,4.25,3.92,4.23,529100
ESBK,20110111,17.75,18.45,17.75,17.95,2900
ESCA,20110111,6.68,7.1,6.63,7.03,24600
ESEA,20110111,30.4,30.4,28.72,29.12,185000
ESGR,20110111,83.38,84.79,83,83.68,12500
ESLT,20110111,53.6,54.7,53.6,54.7,20000
ESSA,20110111,12.84,12.95,12.84,12.91,5700
EUFN,20110111,20.67,20.87,20.63,20.87,273000
EVK,20110111,2.3,2.31,2.2,2.25,3100
EVOL,20110111,8.25,8.28,8.15,8.28,10500
EWBC,20110111,20.68,20.87,20.31,20.64,1345600
EXAS,20110111,6.09,6.65,6.08,6.64,1169100
EXEL,20110111,7.97,8,7.75,7.86,1239400
EXLS,20110111,21.85,22,21.44,21.99,33500
EXPD,20110111,54.34,54.39,53.37,53.73,874500
EXPE,20110111,25.67,26.36,25.48,26.36,8603200
EXPO,20110111,9.34,9.4125,9.245,9.3475,38300
EXTR,20110111,3.26,3.51,3.25,3.44,720600
EZPW,20110111,27.89,28.23,27.74,28.07,278700
FARM,20110111,16.22,16.25,15.73,15.73,20400
FARO,20110111,31.3,32,31.11,31.8,19400
FAST,20110111,14.86,14.9975,14.725,14.85,953400
FBIZ,20110111,12.06,12.06,12.04,12.04,300
FBMS,20110111,8.83,9.89,8.83,9.47,2400
FBNC,20110111,16.3,16.4,16.11,16.2,70800
FCAL,20110111,3.08,3.08,2.94,3.01,30600
FCAP,20110111,16.65,16.65,16.65,16.65,200
FCBC,20110111,14.02,14.38,14.01,14.35,25900
FCCO,20110111,5.75,5.75,5.75,5.75,0
FCCY,20110111,9.35,9.45,9.26,9.35,3000
FCEL,20110111,306.72,308.16,277.92,279.36,2441100
FCFS,20110111,31.9,31.9,31.06,31.13,141100
FCNCA,20110111,190.56,191.19,189.3,190.74,4100
FEIM,20110111,6.97,7.38,6.97,7.34,66300
FELE,20110111,20.27,20.51,20.22,20.485,91200
FFBC,20110111,17.6,17.83,17.41,17.6,142200
FFHL,20110111,3.79,4.49,3.72,4.3,616400
FFIC,20110111,14.26,14.45,14.15,14.44,130900
FFIN,20110111,8.4634,8.515,8.4034,8.5034,22600
FFIV,20110111,144,144.1,141.1,142.65,1766400
FFNW,20110111,4.26,4.28,4.25,4.26,3700
FIBK,20110111,15.89,16.11,15.5,15.51,85300
FISI,20110111,19.45,19.75,19.45,19.64,19800
FISV,20110111,14.8175,15.05,14.81,15.045,872400
FITB,20110111,14.55,14.69,14.4,14.55,8028700
FITBP,20110111,146.39,147,146.39,147,3100
FIZZ,20110111,13.7,13.7,13.54,13.64,31100
FLEX,20110111,8.16,8.2,8.09,8.18,2897700
FLIC,20110111,18.3067,18.58,18.2733,18.58,9500
FLWS,20110111,2.48,2.53,2.48,2.53,108100
FLXS,20110111,18.71,19.69,18.33,18.48,36000
FMBI,20110111,12.61,12.74,12.47,12.68,804200
FNLC,20110111,15.43,15.9,15.43,15.82,8500
FOLD,20110111,4.37,4.6,4.29,4.59,61100
FONR,20110111,1.46,1.47,1.42,1.43,31600
FORD,20110111,3.27,3.33,3.18,3.32,35000
FORM,20110111,9.5,9.5,9.08,9.28,444800
FORR,20110111,35.51,36,35.38,35.45,47700
FORTY,20110111,20.1,20.2,19.8,20.11,15200
FOSL,20110111,71.61,72.77,69.16,69.52,1171500
FRBK,20110111,2.65,3,2.64,2.99,216000
FREE,20110111,112500000,114300000,112500000,112800000,8400
FRME,20110111,9.2,9.24,9.01,9.24,61700
FRPT,20110111,5.8,5.84,5.72,5.77,556200
FSFG,20110111,15,15,15,15,0
FSII,20110111,4.01,4.12,3.93,4.05,531600
FSLR,20110111,137.39,138.47,135.39,137.69,1044900
FSTR,20110111,38.57,40.03,38.36,40,90600
FTEK,20110111,9.67,9.89,9.54,9.85,186900
FTNT,20110111,18.235,18.39,17.965,18.03,322800
FULT,20110111,10.26,10.32,10.06,10.17,599900
FUNC,20110111,4.25,4.44,4.25,4.44,5800
FUND,20110111,7.59,7.62,7.53,7.57,52700
FWRD,20110111,28.25,28.38,27.96,28.14,37000
GABC,20110111,12.02,12.0667,11.94,12.0467,8800
GAIA,20110111,7.27,7.39,7.19,7.25,21200
GAIN,20110111,7.69,7.86,7.69,7.86,57600
GALT,20110111,7.17,7.2,6.48,6.6,754600
GAME,20110111,6.09,6.28,6.09,6.24,338500
GASS,20110111,8.29,8.29,8.06,8.13,62000
GBCI,20110111,15.04,15.15,14.72,14.74,290100
GBDC,20110111,17.45,17.62,17.08,17.29,34600
GBLI,20110111,20.49,20.53,20.11,20.28,31000
GCBC,20110111,9.38,9.4,9.375,9.39,700
GENC,20110111,4.9267,4.9333,4.8267,4.9333,1700
GENE,20110111,51,51,46.6,47.8,84600
GERN,20110111,5.29,5.3,5.22,5.3,1130900
GFED,20110111,4.66,5,4.66,5,6000
GGAL,20110111,15.04,15.35,15,15.16,207000
GIFI,20110111,28.12,28.58,27.51,27.72,73800
GIGM,20110111,7.35,7.4,7.25,7.3,382900
GIII,20110111,18.11,18.11,17.495,17.56,122100
GILD,20110111,18.37,18.625,18.215,18.585,10632100
GILT,20110111,5.85,5.89,5.78,5.79,22700
GLAD,20110111,11.89,11.9,11.64,11.88,70300
GLBL,20110111,6.97,7.01,6.45,7.01,694500
GLBS,20110111,40000,40000,39200,39200,1300
GLBZ,20110111,8.39,8.39,8.39,8.39,500
GLDD,20110111,8,8.37,8,8.35,536400
GLNG,20110111,16.22,16.26,16,16.12,231100
GLRE,20110111,27.17,27.25,26.95,27.1,34600
GNOM,20110111,7.6,8.06,7.48,8,125100
GNTX,20110111,15.845,15.895,15.6,15.71,1244100
GOOD,20110111,18.92,19,18.53,19,22100
GOODO,20110111,24.79,24.79,24.79,24.79,0
GOOG,20110111,308.855,309.4,307.25,308.005,1440900
GPRE,20110111,11.35,11.75,11.35,11.68,196700
GPRO,20110111,58.9,59.82,58.77,59.47,259600
GRID,20110111,32.08,32.38,32.08,32.13,4700
GRMN,20110111,30.58,30.83,30.48,30.77,662700
GROW,20110111,7.75,7.84,7.65,7.7,39700
GRVY,20110111,7.4,7.68,7.2,7.68,28300
GSBC,20110111,23.62,24,23.53,23.82,27200
GSIT,20110111,9.3,9.55,9.18,9.51,610200
GSM,20110111,18.77,19.09,18.73,19,865100
GT,20110111,13.24,13.25,12.85,12.87,5201900
GTEC,20110111,17.11,17.2,17,17.16,30000
GYRO,20110111,79.5,79.5,79.09,79.09,1000
HA,20110111,8.05,8.05,7.84,7.95,529800
HAFC,20110111,1.11,1.17,1.1,1.17,1484300
HAIN,20110111,13.23,13.265,13.035,13.155,625400
HALL,20110111,9.07,9.14,8.99,9.09,81800
HALO,20110111,7.71,7.74,7.57,7.66,362500
HAS,20110111,46.34,46.97,45.88,45.99,2376700
HAYN,20110111,41.04,42.11,41.04,41.82,29500
HBAN,20110111,7.26,7.34,7.11,7.12,22118000
HBANP,20110111,1104.7,1110,1104.7,1110,100
HBCP,20110111,13.55,14.06,13.55,14.06,11000
HBIO,20110111,4.28,4.32,4.1,4.29,14900
HBNC,20110111,5.1852,5.1852,5.1852,5.1852,1500
HCCI,20110111,10.38,10.47,10.2,10.2,7300
HCII,20110111,8.3,8.47,8.3,8.35,17300
HCIIW,20110111,0.86,0.9,0.86,0.9,6800
HCKT,20110111,3.9,3.94,3.84,3.87,40600
HCSG,20110111,15.96,16.1,15.81,16,216700
HDSN,20110111,1.66,1.7,1.66,1.7,18100
HEES,20110111,12.49,12.6,12.08,12.14,67400
HELE,20110111,31.2,31.22,29.6,29.93,215100
HERO,20110111,3.57,3.68,3.55,3.66,3534000
HFWA,20110111,13.99,14.19,13.9,14.15,29700
HGSH,20110111,7,7,6.6,7,2300
HIBB,20110111,35.07,35.2,34.54,34.75,188200
HIFS,20110111,45.53,45.53,45.5,45.5,500
HIHO,20110111,3.77,3.77,3.7,3.76,13800
HIMX,20110111,2.62,2.62,2.52,2.57,318500
HLIT,20110111,8.45,8.54,8.23,8.38,1175300
HMNF,20110111,2.95,2.95,2.95,2.95,0
HNRG,20110111,10.27,10.48,10.27,10.46,4400
HOFT,20110111,14.09,14.18,13.72,13.75,42000
HOLI,20110111,16.42,16.91,16.37,16.9,357200
HOLX,20110111,18.86,19.06,18.77,18.94,1286000
HOMB,20110111,5.29,5.345,5.1575,5.1775,34300
HOOK,20110111,7.05,7.2,6.96,7.13,52900
HOVNP,20110111,6.74,6.74,6.16,6.5,23500
HRZN,20110111,15.61,15.78,15.45,15.59,49600
HSIC,20110111,62.58,62.99,62.58,62.81,334800
HSII,20110111,29.5,29.76,29.06,29.55,65000
HSTM,20110111,7.62,7.66,6.82,6.85,236600
HTBK,20110111,4.5,4.5,4.37,4.41,10300
HTHT,20110111,6.005,6.095,5.9875,5.9875,231300
HTLD,20110111,16.69,16.78,16.35,16.51,389900
HTLF,20110111,17.31,17.83,17.12,17.81,15200
HUBG,20110111,36.3,36.49,35.83,36.38,205800
HURC,20110111,25.2,25.3,25.04,25.17,5900
HURN,20110111,26.91,27.36,26.76,26.96,52900
HWBK,20110111,9,9.11,8.38,8.5,13200
HWKN,20110111,45.75,46.86,45.02,45.46,86100
IART,20110111,23.59,23.805,23.53,23.64,71300
IBB,20110111,95.74,95.74,95.19,95.46,427000
IBCP,20110111,2.38,2.54,2.36,2.5,253000
IBKR,20110111,17.86,17.97,17.75,17.81,178000
IBOC,20110111,19.76,20.01,19.53,19.69,94300
ICAD,20110111,1.39,1.42,1.36,1.4,88000
ICCC,20110111,3.19,3.19,3.19,3.19,0
ICFI,20110111,25.44,25.58,25.08,25.51,36400
ICLK,20110111,5.52,5.64,5.43,5.58,129500
ICLN,20110111,16,16.12,15.94,16.12,12700
ICLR,20110111,21.98,22.68,21.85,22.63,352700
ICUI,20110111,36.36,36.6,36.32,36.44,25100
IDCC,20110111,46.69,46.78,45.61,45.82,682300
IDRA,20110111,23.76,24.64,23.6,24.56,75900
IDXX,20110111,34.245,34.51,33.96,34.47,398600
IESC,20110111,3.6,3.67,3.6,3.63,9300
IFGL,20110111,31.34,31.38,31.21,31.34,24700
IGOV,20110111,99.78,99.78,99.25,99.65,11000
III,20110111,2.11,2.11,2.01,2.07,81800
IIIIU,20110111,2.05,2.1,2.05,2.1,3300
IIIIW,20110111,0.0087,0.0087,0.0071,0.0071,458400
IIN,20110111,3.93,4.05,3.93,4,4500
IIVI,20110111,22.935,23.31,22.78,23.005,64800
IKNX,20110111,7.26,7.32,7.26,7.32,1800
ILMN,20110111,66.25,67.34,66.08,67.34,773200
IMGN,20110111,9.56,9.76,9.45,9.47,419200
IMKTA,20110111,19.25,19.46,19.06,19.23,54100
IMMR,20110111,6.52,6.63,6.34,6.35,133800
IMOS,20110111,1.58,1.7,1.57,1.7,1095600
INCY,20110111,15.68,15.74,15.42,15.67,2139500
INDB,20110111,27.36,27.48,26.82,27.06,33400
INDY,20110111,29.54,29.54,29.17,29.24,92100
INFI,20110111,5.98,6,5.84,5.9,38600
INFN,20110111,10.78,10.94,10.49,10.5,928400
INMD,20110111,8.68,8.79,8.65,8.71,8100
INOD,20110111,2.93,2.94,2.85,2.92,34200
INSM,20110111,0.63,0.64,0.63,0.63,209100
INTC,20110111,20.83,21.12,20.74,21.05,64452500
INTG,20110111,20.48,21,20.47,21,4000
INTU,20110111,47.81,47.84,46.96,47.05,4317600
INVE,20110111,24.3,24.3,23.5,23.5,9500
IOSP,20110111,20.92,21.33,20.49,20.61,41200
IPAR,20110111,18.81,19.06,18.56,18.68,51000
IPGP,20110111,31.35,33.7,31.3,33.6,391300
IRBT,20110111,26.04,26.04,25.4,25.48,118300
IRDM,20110111,8.39,8.43,8.32,8.38,341900
IRIX,20110111,3.97,4.17,3.94,4.04,70700
IRWD,20110111,10.87,10.91,10.8,10.91,44200
ISBC,20110111,5.4196,5.4353,5.298,5.3373,109400
ISHG,20110111,101.65,101.95,101.5,101.91,14300
ISIG,20110111,6.39,6.45,6.35,6.45,2500
ISLE,20110111,10.66,10.8,10.55,10.71,62400
ISRG,20110111,272.58,284.38,272.03,280.99,723100
ISSC,20110111,5.92,5.95,5.76,5.79,9100
ITIC,20110111,31.33,31.5,31.02,31.5,1800
ITRI,20110111,57.66,58.25,57.34,58.24,664100
ITRN,20110111,17.83,18,17.75,17.94,7700
IVAC,20110111,14.42,15,14.1,14.8,85700
JACK,20110111,21.59,22.11,21.31,22.09,651000
JAKK,20110111,174.8,176.1,170,172.3,209800
JAZZ,20110111,21.95,21.97,21.03,21.1,764500
JBHT,20110111,42.18,42.63,41.54,41.8,773000
JBLU,20110111,6.92,6.93,6.75,6.85,3578700
JBSS,20110111,12.22,12.28,12.09,12.28,11600
JCS,20110111,14.17,14.17,14.05,14.05,1200
JCTCF,20110111,2.375,2.375,2.375,2.375,100
JJSF,20110111,47.98,48.84,47.81,48.73,73200
JKHY,20110111,29.68,29.86,29.57,29.64,200200
JOBS,20110111,28.915,30,28.655,29.5,254700
JOUT,20110111,14.68,14.71,14.4,14.7,23200
JRJC,20110111,69.7,70.3,67.8,68,42000
JVA,20110111,4.08,4.3,3.96,4.1,18700
KALU,20110111,48.79,49.24,47.97,48,58000
KELYA,20110111,19,19.16,18.62,19.09,136200
KEQU,20110111,13.25,13.67,13.25,13.67,1700
KFFB,20110111,9.2,9.2,9.2,9.2,0
KFRC,20110111,17.72,17.8,17.45,17.72,162200
KINS,20110111,3.45,3.75,3.45,3.67,1000
KIRK,20110111,14,14.09,13.74,13.96,456000
KLAC,20110111,38.73,38.95,38.46,38.56,1694600
KLIC,20110111,9.13,9.35,9,9.02,3732100
KNDI,20110111,4.75,4.92,4.66,4.7,476400
KOPN,20110111,4.14,4.18,4.08,4.09,183400
KOSS,20110111,5.4,5.43,5.35,5.43,2500
KRNY,20110111,9.02,9.06,8.96,8.99,46200
KTCC,20110111,5.59,5.7,5.59,5.63,15600
KTOS,20110111,13.86,13.89,13.59,13.8,43500
KVHI,20110111,12.07,12.29,12.07,12.16,47300
LAKE,20110111,8.51,8.69,8.42,8.69,11700
LAMR,20110111,39.51,39.75,39.15,39.61,236400
LANC,20110111,53.11,54.17,52.88,53.92,88700
LARK,20110111,17,17,17,17,4700
LAWS,20110111,22.58,23.98,22.58,23.98,17200
LBAI,20110111,10.69,10.76,10.44,10.56,31900
LBTYA,20110111,19.1211,19.2437,18.9371,19.1518,977200
LBTYB,20110111,37.69,37.69,37.69,37.69,0
LBTYK,20110111,35.5,35.83,35.09,35.36,488000
LCUT,20110111,13.62,13.94,13.55,13.74,10800
LECO,20110111,33.62,34.525,33.515,34.265,207400
LEDS,20110111,28.7,28.7,27.9,28.4,142900
LFUS,20110111,53.07,53.4,52.5,52.73,68900
LGND,20110111,9.06,9.06,8.97,9.01,75200
LHCG,20110111,30.08,30.13,29.64,29.89,107700
LIFE,20110111,793.66,793.94,781.76,785.68,1761900
LINC,20110111,14.54,14.83,14,14.47,667500
LIVE,20110111,2.16,2.3233,2.16,2.2033,5700
LKFN,20110111,14.8467,15.1133,14.8467,15.1067,20500
LLNW,20110111,6.26,6.3,6.15,6.29,747100
LMAT,20110111,6.85,6.9,6.6,6.9,7500
LMNR,20110111,28.08,28.27,27.27,27.87,13300
LNDC,20110111,6.38,6.4,6.33,6.36,51700
LOAN,20110111,1.34,1.34,1.32,1.34,4200
LOGC,20110111,0.8,0.82,0.75,0.78,41500
LOGI,20110111,18.23,18.39,18.13,18.23,989300
LOOP,20110111,11.02,11.1,10.91,11.06,123800
LOPE,20110111,18.3,18.53,18,18.05,628200
LORL,20110111,78.69,79.29,77.4,78.59,40200
LPLA,20110111,34,34.51,33.73,34.24,116900
LPSN,20110111,11.46,11.46,10.98,10.99,577200
LPTH,20110111,1.79,1.84,1.78,1.79,14200
LQDT,20110111,13.46,13.98,13.45,13.82,113400
LRCX,20110111,48.68,49.56,48.68,49.48,2818100
LSBK,20110111,9.2,9.2,9.17,9.2,1400
LSCC,20110111,5.86,6.04,5.85,5.99,1348900
LSTR,20110111,42.24,42.68,41.5,41.79,623900
LTBR,20110111,340.8,348,334.2,340.2,158300
LTRX,20110111,3.6,3.6,3.56,3.56,3300
LULU,20110111,34.455,34.745,33.385,33.62,1880400
LUNA,20110111,1.75,1.75,1.73,1.73,5400
LWAY,20110111,9.6,9.67,9.41,9.65,6300
LXRX,20110111,14.77,15.05,13.79,13.93,2720600
LYTS,20110111,8.22,8.39,8.19,8.33,54900
MANH,20110111,7.5925,7.6075,7.45,7.5075,86700
MANT,20110111,40.26,40.89,40.16,40.77,233000
MARPS,20110111,22.15,22.87,21.85,22.72,6800
MASI,20110111,28.39,28.55,27.99,28.05,333600
MAT,20110111,23.96,24.13,23.86,24.04,3923700
MATW,20110111,33.89,33.99,33.66,33.83,111000
MAYS,20110111,17.31,17.31,17.25,17.25,1300
MBWM,20110111,8.69,8.89,8.53,8.67,11900
MCBC,20110111,5.15,5.2,4.75,4.91,73400
MCHP,20110111,35.44,35.79,35.13,35.62,2567100
MCHX,20110111,9.69,9.71,9.39,9.52,48500
MCRI,20110111,12.47,12.55,12.14,12.35,14300
MDRX,20110111,20.99,21.34,20.75,20.89,4844900
MELI,20110111,75,75.95,74,74.2,179800
MEOH,20110111,28.93,29,28.66,28.8,294100
MERC,20110111,8.49,8.75,8.36,8.38,398300
MGEE,20110111,28.6267,28.66,28.3867,28.6133,48600
MGIC,20110111,7.4,7.47,6.9,7.11,570600
MGLN,20110111,48.65,49.75,48.65,49.64,195700
MGPI,20110111,10.11,10.29,10.11,10.27,29500
MGRC,20110111,26.04,26.25,25.84,26.22,79300
MGYR,20110111,4.02,4.16,4.02,4.16,400
MHLD,20110111,8.31,8.42,8.28,8.36,138600
MIDD,20110111,29.2867,29.34,28.8767,28.8867,81400
MIND,20110111,10.62,11.46,10.62,11.46,17300
MKSI,20110111,24.12,24.6,24.03,24.43,284400
MKTX,20110111,20.76,20.77,20.52,20.68,84400
MLAB,20110111,29.33,29.54,29.33,29.35,1200
MLHR,20110111,26.07,26.35,25.79,25.98,162900
MLVF,20110111,8,8.26,8,8.25,600
MMLP,20110111,40.9,41.11,40.73,41.06,67000
MMSI,20110111,12.416,12.44,12.216,12.248,109500
MMYT,20110111,30.25,30.62,29.79,30.02,107200
MNDO,20110111,2.5,2.6,2.49,2.6,52500
MNKD,20110111,42.7,43.75,42.25,43.55,3746600
MNOV,20110111,5.6,5.81,5.26,5.33,4700
MNRO,20110111,32.36,32.65,32,32.19,258300
MNST,20110111,8.9433,8.9433,8.855,8.8783,393800
MNTX,20110111,4.28,4.4,4.2,4.4,128200
MOFG,20110111,15.03,15.1,14.9,15.1,3700
MORN,20110111,53.26,53.73,52.89,53.29,19800
MOSY,20110111,1264,1328,1208,1316,328400
MOVE,20110111,10.28,10.52,10.08,10.28,191800
MPAA,20110111,13.09,14.94,13,14.36,458900
MPAC,20110111,4.93,5,4.79,4.84,9400
MPB,20110111,7.2,7.2,7.2,7.2,100
MPWR,20110111,16.08,16.12,15.84,15.96,441600
MRCY,20110111,18.06,18.25,17.87,18.09,95600
MRLN,20110111,12.06,12.13,11.81,12.13,22900
MRNA,20110111,1.6,1.61,1.55,1.61,103000
MRTN,20110111,9.2045,9.3022,9.0978,9.12,61500
MRVL,20110111,20.45,20.66,20.25,20.52,11327300
MSEX,20110111,18.71,18.89,18.59,18.83,27900
MSFT,20110111,28.2,28.25,28.05,28.11,50308400
MSON,20110111,2.42,2.42,2.26,2.3,4900
MSTR,20110111,89.56,91.18,89.26,91,91900
MTEX,20110111,18.8,19.6,18,19.4,130400
MTRX,20110111,11.46,11.7,11.11,11.32,257100
MU,20110111,8.62,8.73,8.48,8.72,27511300
MVIS,20110111,18,19.04,17.2,18.16,2373600
MYGN,20110111,20.82,21.43,20.61,21.39,1120600
MYRG,20110111,20.53,21.08,20.18,20.33,124600
NAII,20110111,5.7,5.7,5.64,5.66,12200
NATH,20110111,16.59,16.6,16.59,16.59,3400
NATI,20110111,26.1933,26.3533,26.02,26.1933,207300
NATR,20110111,8.5,8.79,8.5,8.78,9200
NAVI,20110111,3.6,3.75,3.6,3.73,41800
NBIX,20110111,7.55,7.66,7.36,7.44,388700
NBN,20110111,14.75,14.8,14.7,14.8,4600
NBTB,20110111,24.07,24.2,23.92,24.14,53800
NCMI,20110111,18.3,18.64,18.16,18.5,253500
NCTY,20110111,245.4,245.4,234,240,57700
NDAQ,20110111,23.63,23.8,23.55,23.77,2067000
NDSN,20110111,46.89,47.18,46.555,46.93,151400
NECB,20110111,6,6,5.9,5.9,1500
NEOG,20110111,19.74,19.89,19.475,19.68,105000
NEPT,20110111,2.3,2.43,2.3,2.33,18800
NEWT,20110111,9.3,9.45,9.15,9.45,89500
NFBK,20110111,13.38,13.64,13.29,13.64,20400
NFLX,20110111,27.06,27.3286,26.5386,26.6643,4649700
NICE,20110111,34.17,34.64,33.97,34.49,193500
NICK,20110111,10.5,12.5,10.5,11.93,97800
NKSH,20110111,29.25,29.81,29.25,29.81,9800
NKTR,20110111,11.96,12.22,11.83,12.2,773200
NLTX,20110111,0.56,0.59,0.55,0.59,82900
NNBR,20110111,15.02,15.54,14.23,14.31,316600
NRIM,20110111,18.66,18.93,18.66,18.93,1500
NSEC,20110111,12.26,12.26,11.81,12.25,4400
NSIT,20110111,13.87,13.97,13.66,13.73,106900
NSSC,20110111,1.75,1.76,1.75,1.75,1200
NSYS,20110111,4.69,4.69,4.69,4.69,0
NTAP,20110111,58.78,58.8,57.49,58.28,4180900
NTCT,20110111,24.95,25.6,24.65,25.26,190700
NTES,20110111,7.618,7.894,7.6,7.786,1131000
NTGR,20110111,36.88,37.33,36.29,36.4,434900
NTIC,20110111,7.245,7.735,7.125,7.735,10800
NTRS,20110111,54.84,55.28,54.8,54.85,1298400
NTWK,20110111,18.9,19.2,18.6,19,368500
NUAN,20110111,20.01,20.24,19.74,20,1975500
NURO,20110111,103.68,111.36,99.84,111.36,642500
NUVA,20110111,27.57,27.9,26.9,27.39,1458400
NVAX,20110111,53.2,53.2,51.6,51.6,364500
NVDA,20110111,5.2275,5.2775,4.9675,5.0775,67786500
NVEC,20110111,60,61.79,59.59,60.65,62000
NVMI,20110111,8.8,8.9,8.5,8.61,290200
NWBI,20110111,11.83,11.88,11.69,11.81,973300
NWFL,20110111,27.22,27.25,27.07,27.25,600
NWLI,20110111,169,170.45,169,170.33,1000
NWPX,20110111,23.68,24.33,23.45,23.47,31700
NWS,20110111,16.3,16.36,15.98,16.16,2112100
NWSA,20110111,14.49,14.66,14.25,14.41,20324400
NXPI,20110111,23.82,24.07,23.63,24,278200
NXST,20110111,5.85,5.92,5.79,5.81,3300
NYMT,20110111,7.27,7.3,7.2,7.29,42600
NYMX,20110111,8.3,8.41,8.1,8.25,107600
OBAS,20110111,7.5,7.5,7.5,7.5,2000
OBCI,20110111,1.92,1.95,1.87,1.95,8100
OCFC,20110111,13.47,13.6,13.4,13.52,21600
ODFL,20110111,21.8,21.9067,21.4133,21.6133,248200
OFIX,20110111,30.5,31.87,30.19,31.5,243600
OFLX,20110111,14.27,14.27,14.1,14.13,8200
OIIM,20110111,6.45,6.45,6.35,6.39,34200
OMAB,20110111,15.62,15.73,15.59,15.7,11600
OMCL,20110111,14.21,14.4,14.14,14.21,120800
OMER,20110111,8.14,8.41,7.96,8,30100
OMEX,20110111,42.24,42.36,38.64,40.8,642500
ONCY,20110111,6.32,6.35,6.21,6.28,268600
ONEQ,20110111,107.44,107.44,106.81,107.11,9600
OPEN,20110111,81.99,82.69,78.91,79.57,1108300
OPHC,20110111,174,174,164.8,168,1900
OPNT,20110111,26.9,27,26.23,26.99,53100
OPOF,20110111,11.89,12.02,11.89,12.02,2100
ORLY,20110111,56.83,57.49,56.23,56.25,1127900
ORRF,20110111,27.34,27.42,27.18,27.3,4100
OSBC,20110111,1.8,1.8,1.74,1.78,39400
OSIS,20110111,36.35,36.71,36.1,36.21,93000
OSTK,20110111,16.23,16.6,15.85,16.25,86500
OSUR,20110111,6.66,6.66,6.45,6.58,376500
OTEX,20110111,11.765,11.78,11.6375,11.755,77700
OTTR,20110111,22.61,22.62,22.36,22.51,76900
OVBC,20110111,19.34,19.34,19.34,19.34,0
OVLY,20110111,5.85,5.85,5.85,5.85,0
PAAS,20110111,37.99,38,37.65,37.86,1141700
PACB,20110111,15.22,16.1,15.08,16.07,107200
PACW,20110111,21.12,21.2,20.63,20.98,96700
PANL,20110111,35,36.24,34.62,35.98,419800
PATK,20110111,0.84,0.88,0.84,0.88,3300
PAYX,20110111,32.07,32.17,31.88,31.98,1691900
PBCT,20110111,14.08,14.18,13.99,14.04,2347700
PBHC,20110111,8.3,8.3,8.3,8.3,0
PBIP,20110111,6.24,6.25,6.1,6.1,6100
PCAR,20110111,57.55,57.94,57.25,57.45,1881000
PCH,20110111,33.59,34.04,33.4,33.61,177300
PCTI,20110111,6.41,6.64,6.38,6.61,29200
PCYO,20110111,3.62,3.67,3.55,3.67,1700
PDCO,20110111,31.26,31.59,31.22,31.44,597900
PDEX,20110111,2.09,2.1,2.09,2.1,1300
PDFS,20110111,4.8,4.85,4.68,4.8,74100
PEBK,20110111,5.75,5.95,5.65,5.8,5600
PEBO,20110111,15.32,15.71,15.23,15.64,19900
PEGA,20110111,17.665,18.08,17.595,17.92,85900
PENN,20110111,35.6,36,35.5,35.72,760700
PESI,20110111,8,8.25,7.85,8,165000
PETS,20110111,15.79,15.91,15.51,15.65,297100
PFBC,20110111,1.99,2.09,1.87,1.93,54400
PFIN,20110111,3.48,3.48,3.48,3.48,0
PFSW,20110111,4.25,4.35,4.16,4.28,99200
PGC,20110111,13.41,13.48,13.34,13.42,3900
PKBK,20110111,9.1455,9.1455,9.1455,9.1455,100
PKOH,20110111,22.99,23.18,22.61,23.07,40500
PLAB,20110111,5.81,5.95,5.78,5.82,449200
PLBC,20110111,2.22,2.4,2.22,2.4,400
PLCE,20110111,45.81,46.19,45.09,45.71,715300
PLPC,20110111,61.99,64.16,61.19,63.99,17300
PLUG,20110111,0.47,0.52,0.46,0.48,1173900
PLUS,20110111,12.45,12.74,12.4,12.495,46500
PLXS,20110111,30.35,30.59,29.9,30.21,115600
PMBC,20110111,3.96,3.97,3.95,3.95,4000
PMD,20110111,8.64,8.68,8.62,8.68,22800
PNBK,20110111,23.5,24,23.1,24,16100
PNFP,20110111,14.51,14.54,13.8,13.91,358600
PNNT,20110111,12.48,12.48,12.23,12.39,206700
PNQI,20110111,36.05,36.2,35.97,36.06,32000
PNRG,20110111,19.33,19.33,19.33,19.33,0
PODD,20110111,15.83,16.18,15.7,16.13,354900
POOL,20110111,23.18,23.18,22.89,23.1,228700
POWI,20110111,19.985,20.015,19.745,19.835,255200
POWL,20110111,36.44,37.34,36.27,37.23,99000
PPBI,20110111,6.18,6.39,6.15,6.33,3600
PRAA,20110111,24.9467,25.06,24.8633,24.99,60400
PRFT,20110111,12.5,12.65,12.32,12.44,68000
PRFZ,20110111,65.5,65.59,64.98,65.32,20800
PRGS,20110111,29,29.06,28.7,28.7333,175800
PRIM,20110111,9.32,9.63,9.11,9.46,65700
PROV,20110111,7.16,7.33,7.16,7.28,24400
PRPH,20110111,1.36,1.44,1.35,1.44,7800
PRTS,20110111,9.05,9.19,9.05,9.13,19400
PSEC,20110111,10.93,11.03,10.9,11,902100
PSMT,20110111,38.75,39.93,38.59,39.93,190200
PSTI,20110111,24.3,26.8,23.9,23.9,2089200
PTEN,20110111,20.31,20.87,20.21,20.55,2765200
PTIX,20110111,1.76,1.82,1.76,1.8,29000
PTNR,20110111,20.25,20.3,20.05,20.22,120900
PTSI,20110111,11.48,11.51,11.35,11.41,3700
PWOD,20110111,26.2867,26.56,26.2867,26.56,2900
PXLW,20110111,3.41,3.43,3.38,3.41,59800
PZZA,20110111,14.11,14.17,14.01,14.045,81400
QABA,20110111,24.95,25.05,24.86,25.01,2600
QADA,20110111,9.17,9.38,9.1,9.17,6400
QADB,20110111,10.12,10.12,9.98,10.01,13700
QCLN,20110111,17.23,17.25,17.17,17.2,5300
QCOM,20110111,51.57,52.44,51.57,52.07,10289700
QCRH,20110111,8.15,8.15,7.94,7.97,1300
QDEL,20110111,14.07,14.19,13.96,13.96,263300
QNST,20110111,21.94,22.45,21.91,22.22,289200
QQEW,20110111,24.34,24.34,24.23,24.29,10600
QQQ,20110111,56.29,56.36,55.95,56.16,56663700
QQQX,20110111,14.64,14.68,14.43,14.43,69900
QQXT,20110111,21.43,21.45,21.36,21.41,4000
QTEC,20110111,26.71,26.71,26.51,26.61,258200
QUIK,20110111,87.36,89.6,84.14,85.26,402200
RADA,20110111,5,5.26,5,5.26,18500
RAIL,20110111,30.07,30.07,29.54,29.78,27600
RAM,20110111,1.78,1.81,1.75,1.81,152900
RAND,20110111,28.71,28.71,28.71,28.71,0
RAVN,20110111,23.725,24.245,23.495,24.2,50600
RBCAA,20110111,21.95,21.99,21.75,21.89,17200
RBCN,20110111,219,222.7,213.8,220,450600
RCII,20110111,30.48,30.57,30,30.32,547100
RCKY,20110111,10.89,10.97,10.79,10.9,21300
RCMT,20110111,4.46,4.58,4.44,4.5,45700
RCON,20110111,22.55,23,22.05,22.1,5800
RDCM,20110111,12,12.5,11.95,12.4,66000
RDI,20110111,4.96,5.01,4.96,5.01,3900
RDIB,20110111,9,9,9,9,0
RDNT,20110111,3.35,3.47,3.16,3.31,309000
RDWR,20110111,19.44,19.965,19.345,19.955,407200
REED,20110111,2.03,2.1,2.02,2.05,15600
REFR,20110111,6.14,6.9,6.14,6.64,138100
REGN,20110111,33.26,33.76,33,33.15,353500
RELL,20110111,12.69,12.69,12.51,12.6,161100
RENT,20110111,28.15,28.6,28.05,28.46,9500
RFIL,20110111,3.39,3.39,3.375,3.39,500
RGCO,20110111,10.3667,10.5933,10.3667,10.5633,1200
RGEN,20110111,4.49,4.53,4.38,4.5,43400
RGLD,20110111,50.8,51.18,49.8,51.15,345400
RICK,20110111,8.18,8.18,8.05,8.17,167500
RIGL,20110111,7.63,7.79,7.61,7.67,134400
RMBS,20110111,20.65,20.81,20.62,20.69,420600
RMCF,20110111,10.29,10.39,10.29,10.3,6900
RMTI,20110111,8.23,8.5,8.21,8.47,56700
RNST,20110111,16.9,16.97,16.75,16.9,37700
RNWK,20110111,4.12,4.16,3.98,3.98,610400
ROCK,20110111,12.02,12.19,11.91,12.18,117200
ROIC,20110111,9.95,9.95,9.85,9.88,101500
ROLL,20110111,38.09,38.11,37.21,37.88,49300
ROST,20110111,16.1025,16.1375,15.9475,16.1225,1012400
RPRX,20110111,2.86,2.93,2.68,2.89,375000
RRGB,20110111,22.44,22.64,22.13,22.2,207100
RUSHA,20110111,13.4,13.4667,12.9533,13.12,188600
RUSHB,20110111,11.74,11.7467,11.4867,11.6267,1600
RUTH,20110111,5.44,5.44,5.22,5.38,353300
RVSB,20110111,2.75,2.75,2.69,2.71,15400
RYAAY,20110111,31.49,32.04,31.29,31.99,626100
SAFM,20110111,39.04,40.2,38.86,39.93,441500
SAFT,20110111,49.38,49.79,48.94,49.2,23100
SAIA,20110111,10,10.1067,9.88,10.0667,152700
SALM,20110111,3.08,3.13,3.04,3.12,40000
SANM,20110111,12.32,12.54,12.16,12.37,529000
SANW,20110111,3.43,3.55,3.37,3.41,17600
SASR,20110111,18,18.05,17.82,18,37200
SATS,20110111,21.3281,21.7506,21.3281,21.6938,321900
SBAC,20110111,39.78,39.89,39.35,39.63,1135900
SBCF,20110111,7.3,7.45,7.25,7.3,160000
SBGI,20110111,8.06,8.15,7.99,8.15,415100
SBLK,20110111,209.25,210,204.75,208.5,111900
SBNY,20110111,48.49,48.98,48.13,48.41,159800
SBRA,20110111,19.19,19.23,18.87,18.96,127500
SBSI,20110111,19.619,19.819,19.581,19.8,26100
SBUX,20110111,16.45,16.45,16.08,16.13,8055000
SCHL,20110111,31.5,31.53,31.05,31.29,138200
SCHN,20110111,64.66,65.8,63.33,64.06,492000
SCKT,20110111,2.11,2.11,2.04,2.04,700
SCOR,20110111,23.34,23.79,23.34,23.65,363400
SCSC,20110111,31.37,31.93,31.27,31.92,96500
SCVL,20110111,17.3067,17.54,16.8333,17.4467,45300
SEAC,20110111,8.99,9.06,8.9,8.94,100400
SEED,20110111,107.4,110,107.2,107.7,211700
SEIC,20110111,24.1,24.52,24.02,24.17,821400
SENEA,20110111,25.34,27.1,25.26,25.69,78200
SENEB,20110111,26.5,26.95,25.76,25.76,3600
SFNC,20110111,14.65,14.71,14.4,14.525,28000
SFST,20110111,7.5,7.51,7.44,7.51,800
SGC,20110111,11,11,10.8,10.84,3300
SGEN,20110111,15.85,16.95,15.63,16.83,3383100
SGMA,20110111,6.42,6.44,6.35,6.35,1100
SGMO,20110111,7.12,7.19,7.05,7.15,280700
SGMS,20110111,10.46,10.47,10.18,10.25,423000
SGOC,20110111,20.04,20.2,20.04,20.04,7400
SGRP,20110111,0.95,0.95,0.95,0.95,0
SHBI,20110111,10.66,10.84,10.66,10.79,7100
SHEN,20110111,9.21,9.44,9.065,9.215,55300
SHIP,20110111,1128,1140,1116,1128,149900
SHIPW,20110111,0.03,0.03,0.03,0.03,0
SHOO,20110111,12.0503,12.1303,11.9111,11.9526,334100
SHY,20110111,84.05,84.05,83.98,83.99,1060300
SIEB,20110111,1.8,1.8,1.79,1.8,900
SIFY,20110111,2.5,2.74,2.5,2.5,2316800
SIGA,20110111,13.36,13.74,13.13,13.68,302800
SIGI,20110111,18.38,18.41,18.19,18.34,78600
SILC,20110111,18.49,18.52,18.14,18.22,28000
SIMO,20110111,4.49,4.58,4.43,4.56,105700
SINO,20110111,11.75,11.75,11.75,11.75,5500
SIRI,20110111,1.6,1.61,1.56,1.57,50374400
SIVB,20110111,52.86,54.35,52.67,54.25,673900
SKYW,20110111,16.55,16.56,16.04,16.27,194100
SLAB,20110111,49.26,49.73,49.08,49.44,438100
SLGN,20110111,17.55,17.765,17.475,17.605,263900
SLP,20110111,2.71,2.87,2.63,2.8,80300
SLRC,20110111,24.28,24.71,24.01,24.7,149900
SMBC,20110111,8.91,8.91,8.91,8.91,0
SMCI,20110111,11.91,11.95,11.69,11.81,119800
SMED,20110111,4.19,4.22,4.05,4.12,66400
SMIT,20110111,3.6,3.62,3.6,3.62,500
SMMF,20110111,4.44,4.44,4.44,4.44,0
SMSI,20110111,61.52,67.04,59.52,64.52,1290600
SMTC,20110111,22.79,23.32,22.7,23.13,682600
SNCR,20110111,31.01,31.98,30.76,31.46,812900
SNFCA,20110111,1.98,1.98,1.98,1.98,0
SNPS,20110111,26.83,26.95,26.55,26.55,1306200
SOHU,20110111,68.58,70.75,68.58,69.7,1019800
SONO,20110111,33.73,34.31,33.73,34.16,129600
SOXX,20110111,58.44,58.44,57.96,58.26,44100
SPBC,20110111,9.8,9.81,9.8,9.81,1500
SPNS,20110111,2.88,2.88,2.65,2.83,22700
SPPI,20110111,6.69,6.69,6.37,6.42,955500
SPRO,20110111,2.5,2.5,2.5,2.5,100
SPSC,20110111,15.24,15.24,14.87,15.13,15000
SPTN,20110111,16.26,16.32,15.8,15.84,163400
SQQQ,20110111,36044.8,36723.2,35968,36390.4,294800
SRCE,20110111,19.37,19.61,19.35,19.61,26700
SRCL,20110111,77.19,77.8,76.73,77.3,412500
SRDX,20110111,11.62,11.74,11.48,11.54,82100
SSBI,20110111,6.5,6.5,6.5,6.5,700
SSNC,20110111,20.4,20.85,19.89,20.04,66000
SSYS,20110111,35.7,37,35.7,36.27,159700
STAA,20110111,6.23,6.39,6.2,6.35,242900
STBA,20110111,21.89,22.12,21.77,22.1,103100
STFC,20110111,16.4,16.5,16.19,16.25,22500
STKL,20110111,8.11,8.53,8.06,8.39,572000
STLD,20110111,18.65,18.94,18.65,18.91,2722700
STRA,20110111,120.6,120.6,116.57,118.4,876600
STRC,20110111,4.88,4.9,4.75,4.9,24100
STRL,20110111,13.37,13.77,13.29,13.67,37200
STRM,20110111,1.65,1.73,1.63,1.73,18700
STRN,20110111,6.84,6.92,6.84,6.9,2700
STRS,20110111,9.2,9.28,9.2,9.28,1000
STRT,20110111,32.18,32.18,29.41,30.35,6500
STSA,20110111,20.68,21.8,20.16,21.66,58800
STX,20110111,14.35,14.46,14.08,14.12,7594500
SUMR,20110111,72.18,72.18,70.65,70.83,111800
SURG,20110111,4.55,4.67,4.45,4.55,95200
SVBI,20110111,3.43,3.43,3.02,3.39,5700
SWIR,20110111,14.87,15.1,14.5,14.91,390800
SWKS,20110111,31.85,32.19,31.06,31.61,3675000
SYBT,20110111,16.4133,16.4933,16.3,16.4933,14100
SYNA,20110111,30.67,30.67,30.22,30.39,355800
SYNL,20110111,11.86,11.86,11.68,11.82,3300
SYPR,20110111,5,6.2,4.98,5.36,207000
TACT,20110111,9.31,9.5,9.31,9.48,5200
TAIT,20110111,1.56,1.56,1.36,1.37,1300
TAST,20110111,7.75,7.76,7.57,7.75,25100
TATT,20110111,5.52,5.87,5.28,5.5,7200
TAYD,20110111,5.13,5.22,5.05,5.05,9800
TBBK,20110111,9.85,9.85,9.72,9.78,32200
TBNK,20110111,19.99,20.17,19.92,20.12,22400
TCBI,20110111,21.09,21.41,21.04,21.24,193100
TCBK,20110111,15.46,15.46,15.31,15.42,10400
TCX,20110111,3.04,3.12,3.04,3.04,25500
TECH,20110111,66.38,67.12,65.79,66.47,88100
TESS,20110111,16.01,16.13,15.92,16.01,11000
TFSL,20110111,9.26,9.41,9.23,9.37,946000
TGA,20110111,14.92,15.33,14.92,15.28,344700
THFF,20110111,32.5,32.72,32.34,32.67,9500
THRX,20110111,24.8,24.98,24.55,24.83,181400
TIGR,20110111,4.43,4.51,4.43,4.45,2600
TITN,20110111,21.01,21.13,20.85,20.95,104600
TLT,20110111,92.49,92.6,91.69,92.33,9495300
TNDM,20110111,15.51,15.79,15.51,15.76,345900
TOPS,20110111,7280000,7700000,7210000,7350000,91400
TOWN,20110111,16.2,16.37,16.1,16.33,42500
TQQQ,20110111,3.395,3.4023,3.3352,3.3696,286200
TREE,20110111,8.11,8.88,8.11,8.71,70900
TRIB,20110111,8.64,8.83,8.54,8.79,63200
TRIT,20110111,13.71,13.9,13,13.34,151100
TRMB,20110111,20.415,20.57,20.205,20.52,470300
TRMD,20110111,68.6,69.8,68.5,69.4,13000
TRMK,20110111,24.84,25.08,24.55,24.75,172000
TRNS,20110111,8.18,8.18,8.18,8.18,0
TROW,20110111,64.99,66.01,64.91,65.21,1087300
TRS,20110111,20.6,20.61,20.33,20.52,127500
TRST,20110111,6.22,6.28,6.19,6.25,103800
TRUE,20110111,0.92,0.96,0.91,0.91,29700
TSBK,20110111,3.89,4.08,3.89,4.01,4400
TSCO,20110111,23.99,24.175,23.4,23.47,483100
TSEM,20110111,21.75,21.9,21.6,21.6,530700
TSLA,20110111,5.718,5.742,5.384,5.392,1711300
TSRI,20110111,5.29,5.29,5.11,5.13,3300
TTEC,20110111,20.97,21.22,20.85,21.04,124300
TTEK,20110111,24.5,25.48,24.36,24.8,866100
TTGT,20110111,7.21,7.33,7.13,7.32,24600
TTMI,20110111,14.25,14.32,14,14.28,257700
TTWO,20110111,12.82,12.97,12.7,12.81,1352100
TW,20110111,54.05,54.89,53.52,54.73,325100
TWIN,20110111,26.56,29.35,26.5,29.34,104700
TXN,20110111,33.45,33.68,33.3,33.5,7132300
TXRH,20110111,17.66,17.66,17.1,17.38,1096900
TZOO,20110111,45.79,48.4,45.06,47.11,425300
UBCP,20110111,8.62,8.63,7.53,7.61,34000
UBFO,20110111,3.71,3.74,3.58,3.74,3400
UBOH,20110111,9.97,9.97,9.56,9.56,600
UBSI,20110111,28.91,29.27,28.46,28.95,152300
UCBI,20110111,1.81,1.87,1.67,1.75,1786800
UCTT,20110111,9.18,9.44,9.13,9.2,156700
UEIC,20110111,27.1,27.54,26.81,27.12,20900
UEPS,20110111,11.27,11.54,11.27,11.45,241300
UFCS,20110111,21.97,21.97,21.62,21.8,23400
UFPI,20110111,39.27,39.64,38.59,39,64500
UFPT,20110111,14.96,15,14.43,14.71,126000
UG,20110111,14.27,14.49,14.25,14.44,800
UHAL,20110111,89.42,90.9,86.65,88.66,66900
ULBI,20110111,7.09,7.3,7.04,7.26,136100
ULTA,20110111,37.72,37.85,36.63,37.17,667800
UMBF,20110111,41.99,42.45,41.83,42.16,113300
UMPQ,20110111,12.38,12.6,12.23,12.35,615700
UNAM,20110111,9.15,9.45,9.15,9.17,2100
UNB,20110111,18.19,18.19,18.19,18.19,0
UNTY,20110111,6.35,6.35,6.03,6.09,63400
URBN,20110111,36.22,36.25,35.44,35.89,2296700
USAK,20110111,13.41,13.48,13.37,13.43,34100
USAP,20110111,29.68,29.93,29.47,29.59,17200
USEG,20110111,361.8,365.4,355.8,357.6,243800
USLM,20110111,41.76,41.88,40.13,40.63,11800
UTHR,20110111,67.1,67.85,67,67.36,257900
UTMD,20110111,26.41,26.58,26.3,26.58,2000
UTSI,20110111,7.14,7.17,6.9,7.11,873900
UVSP,20110111,19.11,19.56,19.11,19.31,10700
VALU,20110111,14.13,14.27,14.13,14.21,4800
VBFC,20110111,38.08,38.08,37.28,37.92,8000
VCIT,20110111,79.11,79.11,78.7,78.93,41500
VCLT,20110111,77.16,77.2,76.77,77.15,3100
VCSH,20110111,77.64,77.64,77.48,77.55,90900
VECO,20110111,48,48.47,47.51,48.04,1470200
VGIT,20110111,61.14,61.19,60.99,61.04,1500
VGLT,20110111,59.81,59.81,59.36,59.71,22300
VGSH,20110111,60.66,60.66,60.57,60.63,5400
VIA,20110111,47.31,47.43,46.86,47.29,17900
VICR,20110111,15.54,15.7,15.45,15.53,66000
VIRC,20110111,2.82,2.83,2.82,2.83,5800
VIVO,20110111,23.2,23.54,23.07,23.1,74600
VLGEA,20110111,32.95,33.07,32.95,33.01,18100
VMBS,20110111,50.4,50.4,50.25,50.31,9600
VNDA,20110111,9.36,9.45,9.09,9.13,124400
VNQI,20110111,50.77,50.77,50.46,50.56,25100
VOD,20110111,27.64,27.66,27.24,27.34,6456800
VONE,20110111,58.25,58.33,58.2,58.3,500
VONG,20110111,59.59,59.62,59.52,59.53,2500
VONV,20110111,57.15,57.15,56.94,57.1,5600
VOXX,20110111,8.05,8.4,7.47,7.84,314900
VRA,20110111,36.63,36.88,35.55,36.05,102300
VRNT,20110111,35.83,38.1,34.53,35.63,4623900
VRSK,20110111,34.32,34.37,33.81,33.94,479100
VRSN,20110111,33.2,33.2,32.66,32.77,3361700
VRTS,20110111,47.09,48.08,46.77,47.72,28200
VRTX,20110111,37.66,37.85,36.52,36.79,2442100
VSAT,20110111,45.05,45.15,44.32,44.73,188200
VSEC,20110111,16.235,16.245,15.785,15.955,22700
VTHR,20110111,58.51,58.51,58.51,58.51,600
VTWG,20110111,64.22,64.32,63.81,64.08,4100
VTWO,20110111,62.7,62.79,62.42,62.56,33800
VTWV,20110111,60.91,60.95,60.91,60.94,2100
WABC,20110111,54.63,55.21,54.5,54.89,91900
WAFD,20110111,17.26,17.39,17.13,17.39,582500
WASH,20110111,22.23,22.33,22.1,22.24,11700
WDC,20110111,33.08,33.23,32.53,32.56,3778800
WDFC,20110111,38.49,38.49,36.72,37.22,366400
WERN,20110111,23.91,23.96,23.18,23.32,899900
WEYS,20110111,23.94,24.2,23.9,24.2,3100
WILC,20110111,6.9,6.9,6.82,6.85,15700
WINA,20110111,33.87,34,33.21,33.87,5300
WIRE,20110111,23.39,23.63,23.28,23.59,41600
WLDN,20110111,4,4,4,4,0
WLFC,20110111,13.8,14.2,13.8,14.07,15700
WOOD,20110111,46.54,46.54,46.16,46.52,11200
WOOF,20110111,24.5,24.87,24.4,24.66,623200
WPRT,20110111,18.62,18.95,18.62,18.82,267300
WRLD,20110111,52.52,53.86,52.33,53.72,122200
WSBC,20110111,18.67,18.81,18.47,18.75,41800
WSBF,20110111,2.94,3,2.94,2.96,3700
WSFS,20110111,16.04,16.0667,15.8067,15.89,26900
WSTG,20110111,11.25,11.28,11.11,11.28,3500
WTBA,20110111,7.94,7.94,7.85,7.93,6100
WTFC,20110111,31.82,32.03,31.45,31.74,274500
WVFC,20110111,9.1,9.1,9.1,9.1,0
WVVI,20110111,3.52,3.52,3.42,3.42,1100
WYNN,20110111,119.75,119.9,116.34,117.09,2353900
XLNX,20110111,30.25,30.53,30.05,30.51,4097300
XOMA,20110111,119.6,119.8,110.6,114.4,3948400
XRAY,20110111,35.17,35.71,35.07,35.32,754500
XRTX,20110111,14.14,14.33,13.96,13.98,858400
YORW,20110111,16.84,17,16.73,16.84,22300
ZBRA,20110111,37.82,38.67,37.7,38.51,209000
ZEUS,20110111,27.96,28.24,26.76,27.18,69400
ZGNX,20110111,46.88,48,45.76,46.72,126300
ZION,20110111,24.36,24.8,24.11,24.31,2095300
ZIOP,20110111,5.27,5.27,5.14,5.21,245000
ZIXI,20110111,4.73,4.8,4.64,4.7,1032300
ZUMZ,20110111,25.65,25.71,24.49,24.51,475200
