AAME,20110902,1.97,1.97,1.63,1.7,1400
AAON,20110902,7.6355,7.6355,7.1111,7.12,72300
AAPL,20110902,13.3889,13.5,13.2797,13.3589,15684500
AAWW,20110902,48.41,48.41,46.21,46.56,292700
AAXJ,20110902,55.12,55.32,54.56,54.71,172300
ABCB,20110902,8.64,8.76,8.45,8.47,93700
ABIO,20110902,846.72,869.4,824.04,869.4,19300
ABMD,20110902,12,12.36,11.65,11.74,164700
ACAD,20110902,1.34,1.34,1.27,1.3,95300
ACET,20110902,5.02,5.18,4.96,5.01,123000
ACGL,20110902,11.1633,11.2333,11.0067,11.01,507000
ACIW,20110902,9.4567,9.6467,9.2833,9.3333,207900
ACLS,20110902,5.2,5.44,5.2,5.24,765200
ACMR,20110902,1.28,1.36,1.28,1.32,59400
ACNB,20110902,14.41,14.49,14.41,14.49,400
ACOR,20110902,24.6,25.23,24.15,24.3,218800
ACRX,20110902,3.1,3.1,3.1,3.1,0
ACTG,20110902,41.71,42.25,41.17,41.79,512800
ACWI,20110902,42.62,42.71,42.19,42.35,385100
ACWX,20110902,38.99,39.2,38.7,38.81,114700
ADBE,20110902,24.29,24.32,23.77,24.15,6477000
ADES,20110902,7.5,7.595,7.275,7.325,51500
ADI,20110902,32.25,32.34,31.8,32.01,3540600
ADP,20110902,43.0201,43.1081,42.467,42.59,2881000
ADRE,20110902,41.47,41.57,40.84,41.18,66300
ADSK,20110902,26.58,26.88,26.02,26.38,4488900
ADTN,20110902,29.81,30.1,28.65,28.89,882000
ADUS,20110902,4.95,5,4.94,4.95,13300
AEHR,20110902,1.22,1.23,1.11,1.12,2100
AEIS,20110902,9.33,9.46,9.15,9.24,438200
AEY,20110902,2.29,2.39,2.19,2.34,20100
AEZS,20110902,1152,1170,1122,1158,726700
AGEN,20110902,0.5,0.55,0.48,0.49,2115100
AGNC,20110902,27,27.88,26.7,27.27,8698200
AGYS,20110902,8.5,8.66,8.08,8.11,96400
AHPI,20110902,3.42,3.6,3.36,3.42,4000
AIMC,20110902,14.2,14.44,13.5,13.64,228800
AINV,20110902,26.46,26.7,25.53,25.56,2256400
AIRT,20110902,7.92,7.98,7.91,7.98,5300
AKAM,20110902,21.04,21.08,20.42,20.5,2948300
ALCO,20110902,20.28,20.63,20.14,20.2,22200
ALGN,20110902,18.39,18.79,17.57,17.82,421600
ALGT,20110902,45.26,46.17,44.95,45.32,107500
ALIM,20110902,6.94,7.09,6.79,6.86,59800
ALKS,20110902,16.72,17.08,16.52,16.56,542900
ALLT,20110902,11.91,12.07,11.53,11.73,108400
ALNY,20110902,6.68,6.8,6.49,6.52,310700
ALOT,20110902,7.35,7.35,7.35,7.35,100
ALRN,20110902,1.97,1.97,1.97,1.97,0
ALTR,20110902,35.34,35.53,34.43,34.75,5345600
ALVR,20110902,12.2,12.4,12.1,12.3,101500
AMAT,20110902,10.89,10.96,10.8,10.84,11991000
AMCX,20110902,34.5,35.52,33.99,34.02,153400
AMD,20110902,6.42,6.48,6.28,6.32,17935100
AMED,20110902,16.14,16.14,15.36,15.37,382500
AMGN,20110902,54.42,55.2,54.07,54.1,6219100
AMKR,20110902,4.16,4.23,4.12,4.16,3136900
AMNB,20110902,18.11,18.32,17.84,18.11,11300
AMOT,20110902,5.28,5.29,5.25,5.28,3300
AMPL,20110902,9.4,9.4,9.4,9.4,0
AMRN,20110902,10.71,11.1,10.2,10.83,1340200
AMRS,20110902,291.75,293.55,282.3,283.35,106700
AMSC,20110902,64.2,64.6,60,60.9,871600
AMSF,20110902,19.21,19.21,18.8,18.95,78400
AMSWA,20110902,7.58,7.88,7.25,7.38,93300
AMWD,20110902,14.27,14.3,12.86,12.86,30900
AMZN,20110902,208.94,210.69,207,210,4237200
ANAT,20110902,72.19,72.91,71.4,71.41,19300
ANDE,20110902,25.1667,25.7133,24.8333,25,118200
ANGN,20110902,3.99,4,3.8,3.85,67300
ANGO,20110902,14.05,14.24,13.45,13.53,89400
ANIK,20110902,5.88,5.88,5.8,5.81,8300
ANSS,20110902,52.26,52.45,50.91,51.21,575400
AOSL,20110902,8.25,8.35,7.86,7.86,61600
APAC,20110902,8.47,8.48,8.46,8.46,263100
APEI,20110902,39.18,39.76,38.28,38.73,129000
APOG,20110902,8.97,8.97,8.41,8.49,102700
APWC,20110902,3.53,3.59,3.25,3.58,11200
ARAY,20110902,4.61,4.77,4.45,4.46,463600
ARCC,20110902,14.45,14.65,14.34,14.4,1409900
ARKR,20110902,13.78,13.79,13.59,13.69,1500
ARLP,20110902,36.005,36.515,35.305,36.475,96000
ARNA,20110902,12.8,12.8,12.4,12.6,1518400
AROW,20110902,22.78,23.43,22.51,22.53,43200
ARRY,20110902,2.04,2.18,2.02,2.16,350700
ARTNA,20110902,17.75,18.18,17.75,17.86,22200
ARTW,20110902,6.64,6.86,6.6,6.66,1900
ARWR,20110902,0.55,0.56,0.5,0.51,53200
ASML,20110902,33.71,34.31,33.66,33.92,1888400
ASPS,20110902,35.12,35.21,34.63,34.83,37300
ASRV,20110902,2.13,2.2,2.06,2.06,3100
ASTC,20110902,0.73,0.77,0.73,0.74,9800
ASTE,20110902,32.41,32.77,31.37,31.66,82600
ASUR,20110902,2.3467,2.3867,2.2667,2.3733,1900
ASYS,20110902,10.2,10.52,9.92,10.05,238000
ATAI,20110902,9.29,9.53,9.22,9.47,2500
ATAX,20110902,5.35,5.55,5.35,5.43,52400
ATEC,20110902,30.48,30.72,28.44,28.8,246700
ATHX,20110902,2.05,2.1,1.98,1.99,64200
ATLO,20110902,15.99,16.17,15.75,15.75,16400
ATNI,20110902,32.61,32.92,31.18,31.48,36800
ATRC,20110902,9.6,9.86,9.41,9.41,43400
ATRI,20110902,209.57,209.57,202.43,204.25,1600
ATRO,20110902,23.5333,24.0417,23.4167,23.6167,64000
ATSG,20110902,5.2,5.31,5.16,5.18,407400
ATVI,20110902,11.4,11.5,11.25,11.33,5629200
AUBN,20110902,19.18,19.18,19.18,19.18,200
AUDC,20110902,3.97,4.02,3.91,3.95,50500
AVAV,20110902,28.73,29.3,27.78,28.43,235900
AVEO,20110902,165.7,168.4,158.2,159.1,217100
AVGO,20110902,30.84,31.54,30.51,31.13,1686100
AVID,20110902,9.3,9.5,9.11,9.3,188300
AVNW,20110902,29.16,29.88,28.32,28.56,467300
AWRE,20110902,3.12,3.2,2.95,3,3100
AXTI,20110902,7.57,7.75,7.29,7.32,351700
AZPN,20110902,16.18,16.32,15.88,15.97,599100
BANF,20110902,34.07,34.66,33.51,33.72,51400
BANFP,20110902,27,27,27,27,0
BANR,20110902,14.83,15,14.14,14.2,139900
BBBY,20110902,56.49,57.1,55.87,56.44,3146900
BBGI,20110902,3.89,3.89,3.82,3.84,7000
BBSI,20110902,13.56,14.08,13.29,13.82,35000
BCBP,20110902,10.02,10.05,9.92,9.92,1300
BCPC,20110902,40.21,40.87,39.42,39.5,158100
BCRX,20110902,2.96,3.08,2.85,2.91,334500
BDSI,20110902,3.35,3.37,3.25,3.33,76800
BEAT,20110902,3.16,3.21,3.11,3.14,103300
BECN,20110902,17.47,17.67,16.94,17.08,444900
BELFA,20110902,18.28,18.29,17.75,17.75,1100
BELFB,20110902,16.24,16.6,16.04,16.09,26700
BFIN,20110902,7.29,7.52,7.18,7.24,64400
BGCP,20110902,6.33,6.34,6.03,6.07,892900
BGFV,20110902,7,7.08,6.58,6.63,113000
BIB,20110902,7.0388,7.3588,6.975,6.9775,7700
BICK,20110902,26.92,27.06,26.67,26.67,19000
BIDU,20110902,140,141.84,137.73,140.45,5831400
BIIB,20110902,85.0646,86.2252,84.1435,84.3554,975700
BIOC,20110902,141,146.4,141,143.1,2300
BIS,20110902,177.4,178.6,175.68,177.96,5100
BJRI,20110902,44.41,45.08,44.07,44.38,261100
BKCC,20110902,8.44,8.57,8.21,8.28,517900
BKEP,20110902,7.3,7.49,7.25,7.47,2200
BKSC,20110902,9.4,9.4,9.4,9.4,300
BLDP,20110902,1.31,1.33,1.28,1.31,69400
BLIN,20110902,202.5,202.5,202.5,202.5,200
BLKB,20110902,24.2,24.5,23.51,23.66,199400
BLRX,20110902,60,60,60,60,100
BMRC,20110902,17.275,17.275,16.63,16.635,27200
BMRN,20110902,28.37,28.9,28.17,28.57,1143700
BMTC,20110902,18.07,18.18,17.52,17.55,39600
BNSO,20110902,1.65,1.66,1.46,1.46,12200
BOKF,20110902,46.36,47.39,45.58,45.58,138400
BOLT,20110902,10.89,11.19,10.72,11.12,14600
BOOM,20110902,18.54,19.06,18.02,18.15,57300
BOSC,20110902,5.6,6.04,5.44,5.44,3200
BPOP,20110902,20.1,20.2,19.2,19.2,5466500
BPOPM,20110902,17.38,17.48,17.38,17.48,400
BPOPN,20110902,19.75,19.75,19.68,19.75,1900
BRID,20110902,9.55,9.73,9.48,9.73,2900
BRKL,20110902,8.12,8.2,7.78,7.82,729200
BRKR,20110902,13.51,13.51,13.15,13.26,514700
BRKS,20110902,8.7,8.9,8.46,8.53,413000
BRLI,20110902,20.01,20.19,19.78,19.88,206100
BSET,20110902,7.29,7.48,7.12,7.36,8200
BSQR,20110902,4.59,4.74,4.56,4.71,23700
BSRR,20110902,9.91,9.99,9.71,9.73,30900
BUSE,20110902,4.55,4.71,4.36,4.36,313300
BWEN,20110902,6.8,6.8,5.6,5.6,1741200
BYFC,20110902,1.48,1.48,1.48,1.48,200
CAAS,20110902,4.98,4.98,4.74,4.79,102600
CAC,20110902,27.62,27.62,26.7,26.7,36400
CACC,20110902,67.15,67.35,64.73,65.22,64400
CAKE,20110902,26.63,27.01,26.26,26.37,674100
CALM,20110902,15.745,16.495,15.745,16.115,170400
CAMP,20110902,2.96,2.99,2.91,2.97,46100
CAMT,20110902,2.28,2.38,2.26,2.35,23000
CAR,20110902,12.62,12.82,12.19,12.35,1552700
CARV,20110902,0.69,0.69,0.69,0.69,100
CARZ,20110902,25.58,25.58,25.58,25.58,0
CASH,20110902,6.0933,6.1067,6.07,6.1067,300
CASS,20110902,34.91,35.52,34.33,34.51,43700
CASY,20110902,43.75,44.42,43.53,43.76,283700
CATY,20110902,11.82,12.15,11.54,11.58,754300
CBAN,20110902,2.97,2.98,2.97,2.98,200
CBNK,20110902,14,14.01,14,14,3900
CBRL,20110902,40.5,40.86,39.81,40.58,345300
CBSH,20110902,37.69,38.13,37.1,37.15,544200
CCBG,20110902,9.99,10.14,9.97,10.06,61500
CCMP,20110902,37.96,38.08,36.79,37.09,136200
CCNE,20110902,12.75,13.18,12.37,12.6,49500
CCOI,20110902,13.46,13.82,13.08,13.17,194700
CCRN,20110902,4.56,4.69,4.29,4.33,155400
CDNS,20110902,9.07,9.24,8.8,8.88,2143800
CDXS,20110902,6.07,6.16,5.58,5.6,225000
CDZI,20110902,10.07,10.4,8.96,8.98,28500
CECE,20110902,5.65,6.31,5.65,5.7,8200
CENT,20110902,7.4,7.63,7.35,7.37,80500
CENTA,20110902,7.4,7.7,7.37,7.37,283500
CENX,20110902,11.08,11.29,10.92,11.09,1445200
CERN,20110902,32.075,32.41,31.53,32,1169100
CERS,20110902,2.02,2.06,1.98,2.02,168600
CEVA,20110902,25,25.98,24.3,24.7,219200
CFBK,20110902,20.625,20.625,20.625,20.625,0
CFFI,20110902,23.13,23.75,23.11,23.49,1100
CFFN,20110902,10.51,10.58,10.47,10.48,1093100
CGEN,20110902,3.6,3.69,3.6,3.64,45800
CGNX,20110902,7.6075,7.7375,7.3525,7.405,359600
CHCI,20110902,1.11,1.11,1.03,1.05,9500
CHCO,20110902,28.5,29.15,27.49,27.62,73400
CHDN,20110902,14.1333,14.1333,13.49,13.5167,41900
CHEF,20110902,13.78,13.78,13.13,13.56,54500
CHKP,20110902,53.03,53.49,52.5,53.06,1587100
CHNG,20110902,2.38,2.43,2.28,2.31,47600
CHNR,20110902,12.19,12.19,11.7,11.78,1800
CHRS,20110902,2.83,2.91,2.73,2.78,2102400
CHRW,20110902,68,68.35,66.51,66.99,1257000
CHSCP,20110902,28.36,28.48,28.05,28.05,13900
CHTR,20110902,49.13,49.6,48.48,48.88,233900
CIDM,20110902,14.5,14.7,13.7,14.3,33900
CINF,20110902,26.87,27.35,26.83,26.88,1222700
CIZN,20110902,18.76,18.9,18.5,18.5,2200
CJJD,20110902,1.74,1.76,1.72,1.73,33900
CLDX,20110902,43.2,43.95,40.8,41.4,248500
CLFD,20110902,7,7.51,7,7.1,80900
CLMT,20110902,19.78,20,19.78,19.98,55400
CLNE,20110902,12.5,12.75,12.28,12.42,1283700
CLRO,20110902,6.41,6.43,6.31,6.31,2100
CLSN,20110902,3.46,3.63,3.4,3.6,440300
CLWT,20110902,3.4833,3.4833,3.4833,3.4833,0
CMCO,20110902,12.97,13.12,12.2,12.46,128300
CMCSA,20110902,10.595,10.675,10.42,10.5,16466500
CME,20110902,52.15,52.734,51.022,51.74,582600
CMLS,20110902,20.8,20.8,19.76,20.16,260700
CMTL,20110902,27.3,27.82,27.12,27.34,241000
CNBKA,20110902,25.33,25.33,23.55,24.31,7200
CNET,20110902,1.22,1.82,1.22,1.6,128600
CNOB,20110902,9.15,9.45,9,9.01,41800
CNSL,20110902,18.46,18.76,18.37,18.39,158400
CNTY,20110902,2.74,2.8,2.7,2.77,8300
COCO,20110902,1.95,1.96,1.85,1.91,2033800
COHR,20110902,42.67,42.96,40.55,40.92,148400
COHU,20110902,11.02,11.14,10.43,10.58,126800
COKE,20110902,55.58,55.98,54.49,55.01,41200
COLB,20110902,15.26,15.8,14.96,14.98,226900
COLM,20110902,25.285,25.41,24.615,24.79,98300
CONN,20110902,5.4,5.4,5.16,5.24,179300
COOL,20110902,101.22,102.9,98.7,99.96,696400
CORT,20110902,2.69,2.79,2.6,2.6,195800
COST,20110902,78.23,79.68,78.08,78.56,2459200
COWN,20110902,3.3,3.36,3.15,3.21,540500
CPHC,20110902,8.76,9.5,8.76,9.5,600
CPIX,20110902,6.12,6.13,5.87,5.98,57400
CPLP,20110902,6.4,6.4,5.99,6.06,200900
CPRT,20110902,10.4,10.5275,10.3,10.3325,167700
CPRX,20110902,1.28,1.31,1.21,1.3,18700
CPSI,20110902,67.61,68.73,66.38,66.5,56500
CPSS,20110902,1,1.06,1,1.02,22800
CRAI,20110902,22.9,23.33,22.02,22.09,57800
CREG,20110902,137,139,128,139,11200
CRESW,20110902,0.14,0.14,0.14,0.14,0
CRESY,20110902,13.97,14.12,13.86,14.01,127500
CRIS,20110902,14.75,15.1,14.25,14.4,463700
CRMT,20110902,28.62,29.05,28.05,28.44,92700
CRNT,20110902,9.6,9.68,9.45,9.65,201300
CROX,20110902,26.5,26.5,25.07,25.4,3093400
CRTX,20110902,7.55,7.74,7.5,7.5,31500
CRUS,20110902,14.18,14.55,14.08,14.2,1319200
CRVL,20110902,22.265,22.59,21.76,21.95,85900
CRWS,20110902,4.13,4.15,4.13,4.15,700
CSCO,20110902,15.51,15.72,15.3,15.41,55499600
CSGP,20110902,48.57,49.84,48.31,48.36,195900
CSGS,20110902,13.09,13.09,12.71,12.74,570800
CSII,20110902,13,13.17,12.55,12.56,81000
CSIQ,20110902,6.31,6.43,5.91,6.04,579300
CSOD,20110902,15.06,15.18,14.29,14.34,62600
CSPI,20110902,3.44,3.44,3.41,3.42,2900
CSTR,20110902,45.97,46.57,44.63,45.22,777100
CSWC,20110902,20.455,20.945,20.14,20.25,9400
CSX,20110902,21,21.05,20.49,20.56,7829600
CTAS,20110902,30.94,31.3,30.63,30.83,680300
CTBI,20110902,24.52,24.82,23.96,24,91700
CTHR,20110902,2.45,2.45,2.45,2.45,6300
CTIB,20110902,4.27,4.27,4.19,4.19,1200
CTIC,20110902,58.5,60.5,57,59.5,1571200
CTRN,20110902,11.19,11.37,11.04,11.25,216100
CTSH,20110902,30.825,31.24,30.45,30.55,2410100
CTXS,20110902,46.1385,46.5764,45.3185,45.6608,2440100
CUBA,20110902,6.47,6.52,6.4,6.47,12100
CUTR,20110902,7.47,7.55,7.31,7.47,20400
CVBF,20110902,8.12,8.24,7.9,7.97,808700
CVCO,20110902,34.17,34.66,33.44,33.95,35300
CVCY,20110902,6.2,6.2,6.19,6.19,2000
CVGI,20110902,6.6,6.74,6.29,6.35,282600
CVGW,20110902,18.93,19.38,18.93,19.06,47000
CVLT,20110902,33.61,33.95,32.18,32.38,431100
CVLY,20110902,9.75,9.75,9.75,9.75,100
CVV,20110902,17,18.71,16.1,18.62,234000
CWBC,20110902,2.57,2.57,2.57,2.57,0
CWCO,20110902,7.88,7.92,7.66,7.66,56400
CWST,20110902,5.88,5.99,5.56,5.6,113800
CXDC,20110902,5.25,5.33,5.2,5.2,139300
CYAN,20110902,3.75,3.75,3.65,3.66,1700
CYBE,20110902,8.1,8.1,7.81,7.81,700
CYCC,20110902,1411.2,1411.2,1260,1293.6,173800
CYCCP,20110902,3.33,3.33,3.33,3.33,0
CYTK,20110902,6.42,6.78,6.24,6.66,136300
CZNC,20110902,15.68,15.79,14.53,14.53,42800
CZWI,20110902,5.44,5.44,5.44,5.44,200
DAIO,20110902,5.41,5.56,5.31,5.48,13000
DAKT,20110902,9.17,9.44,8.99,9.2,249400
DCOM,20110902,11.32,11.47,10.99,11,156500
DCTH,20110902,916.48,1000.96,896,975.36,683300
DENN,20110902,3.58,3.69,3.48,3.48,536100
DGICA,20110902,11.55,11.98,11.55,11.61,36000
DGICB,20110902,15.65,15.65,15.65,15.65,200
DGII,20110902,12.54,12.58,12.22,12.35,140600
DGLY,20110902,0.92,0.95,0.8,0.86,25900
DHIL,20110902,71.12,72.32,69.67,70.05,30400
DIOD,20110902,19.02,19.24,18.38,18.52,293700
DISCA,20110902,40.66,41.11,40.33,40.34,1709400
DISCB,20110902,41.79,41.79,41.79,41.79,0
DISCK,20110902,19.24,19.51,19.155,19.385,596000
DISH,20110902,24.5,24.53,23.76,24.3,3158600
DJCO,20110902,69.04,69.04,68.85,68.85,400
DLTR,20110902,35.285,35.905,35.14,35.605,1094400
DMLP,20110902,24.19,24.31,24.02,24.06,37200
DMRC,20110902,32.74,33.29,31.72,31.72,51600
DORM,20110902,15.015,15.015,14.28,14.455,81300
DRIV,20110902,18.95,18.95,18.49,18.58,487800
DRRX,20110902,1.44,1.54,1.44,1.44,486800
DSGX,20110902,6.43,6.43,6.17,6.17,8800
DSPG,20110902,6.27,6.37,6.22,6.29,114000
DSWL,20110902,3.14,3.29,3.14,3.24,22300
DVAX,20110902,22.9,23.1,21.7,21.9,690400
DWSN,20110902,32.85,33.05,31.4,32,45100
DXCM,20110902,11.66,12.02,11.41,11.52,388500
DXPE,20110902,22.54,22.94,21.18,21.52,31900
DXYN,20110902,3.89,3.89,3.89,3.89,100
DYNT,20110902,5.25,5.45,5.1,5.35,61700
EBAY,20110902,12.6189,12.6442,12.2779,12.3832,7975800
EBIX,20110902,16.11,16.11,15.02,15.33,542200
EBMT,20110902,10.46,10.46,10.46,10.46,300
EBSB,20110902,4.902,4.9755,4.8407,4.8529,24400
EBTC,20110902,13.29,13.79,12.82,12.86,12600
ECHO,20110902,13.19,13.52,13.15,13.24,141100
ECOL,20110902,17.43,17.59,16.78,16.84,128700
ECPG,20110902,22.31,22.35,21.89,22.25,182400
EDAP,20110902,2.06,2.12,2.02,2.1,19300
EDUC,20110902,2.675,2.675,2.63,2.675,300
EEFT,20110902,15.65,16.08,15.37,15.71,343000
EFOI,20110902,2.1,2.2,2.1,2.2,16300
EFSC,20110902,13.8,14.78,13.3,13.4,51700
EGBN,20110902,11.58,12.1,11.31,11.33,82400
EGLE,20110902,18345.6,19555.2,17841.6,18043.2,383800
EHTH,20110902,12.32,12.64,12.32,12.37,113700
ELSE,20110902,4.28,4.28,4.04,4.04,1300
ELTK,20110902,1.18,1.19,1.18,1.19,800
EMCF,20110902,16.6,16.6,16.6,16.6,1000
EMIF,20110902,30.27,30.5,30.01,30.12,13400
EMKR,20110902,6.04,6.36,6,6.04,593200
ENDP,20110902,31.24,31.36,30.57,30.71,917700
ENG,20110902,3.03,3.18,3.03,3.15,18000
ENSG,20110902,10.945,11.015,10.535,10.825,145500
ENTG,20110902,7.01,7.2,6.8,6.87,1023500
EPAY,20110902,21.98,22.56,21.73,21.91,198600
EQIX,20110902,90.8,91.71,89.95,90.89,599400
ERIC,20110902,11.12,11.2,10.89,10.96,6596200
ERIE,20110902,71.54,73.11,71.27,71.32,61600
ERII,20110902,2.59,2.59,2.35,2.48,259200
ESBK,20110902,15.85,15.85,15.85,15.85,0
ESCA,20110902,5.13,5.19,4.96,5,28100
ESEA,20110902,28.96,30.4,28.64,30,12800
ESGR,20110902,96.15,99.9,95.52,95.66,26800
ESLT,20110902,39.4,39.4,38.54,39.09,9900
ESSA,20110902,10.76,10.91,10.71,10.76,39900
EUFN,20110902,17,17.06,16.74,16.86,12400
EVK,20110902,1.73,1.73,1.73,1.73,100
EVOL,20110902,6.6,6.76,6.41,6.6,9900
EWBC,20110902,15.63,15.72,15.3,15.36,1363200
EXAS,20110902,7.52,7.75,7.46,7.61,634500
EXEL,20110902,6.92,7.17,6.67,6.81,1037100
EXLS,20110902,25.56,26.05,25.23,25.55,93600
EXPD,20110902,44.1,44.2,42.83,43.08,1527600
EXPE,20110902,29.2,29.85,29,29.24,8218600
EXPO,20110902,10.3575,10.46,10.135,10.145,63200
EXTR,20110902,2.75,2.75,2.59,2.6,523300
EZPW,20110902,31.81,32.51,31.5,31.65,362600
FARM,20110902,5.54,5.54,5.29,5.29,48100
FARO,20110902,35.05,36.77,35.03,35.64,109200
FAST,20110902,16.09,16.3,15.945,16.03,1596400
FBIZ,20110902,16.12,16.12,16.12,16.12,0
FBMS,20110902,8.5,8.53,8.4,8.4,3700
FBNC,20110902,9.2,9.31,8.65,8.76,64300
FCAL,20110902,3.24,3.28,3.23,3.25,4700
FCAP,20110902,18.41,18.41,18.41,18.41,0
FCBC,20110902,11.1,11.41,10.58,10.78,62200
FCCO,20110902,6.64,6.64,6.64,6.64,200
FCCY,20110902,6.91,6.98,6.91,6.94,1900
FCEL,20110902,156.96,162.72,148.32,149.76,2057200
FCFS,20110902,45.45,47.17,45.19,46.15,353800
FCNCA,20110902,161,161,147.22,149.21,13800
FDUS,20110902,13.4,13.81,12.8,13.12,8500
FEIM,20110902,10.11,10.15,9.82,9.95,16400
FELE,20110902,19.915,20.385,19.58,19.635,122800
FFBC,20110902,14.92,15.28,14.64,14.71,449700
FFHL,20110902,2.48,2.48,2.16,2.34,40100
FFIC,20110902,10.93,11.09,10.58,10.61,151800
FFIN,20110902,7.0075,7.1525,6.815,6.84,134600
FFIV,20110902,77.1,78.49,75.55,76.31,1782800
FFNW,20110902,4.51,4.66,4.5,4.63,38400
FIBK,20110902,11.47,11.59,11.08,11.1,82000
FISI,20110902,14.69,15.07,14.25,14.33,52500
FISV,20110902,13.55,13.615,13.3625,13.3725,836700
FITB,20110902,10,10.07,9.58,9.62,12322500
FITBP,20110902,125,125.31,124.75,125.31,2700
FIZZ,20110902,15.8,16.02,15.5,15.66,46300
FLDM,20110902,12.6,13.15,12.6,12.99,79600
FLEX,20110902,5.55,5.6,5.4,5.42,2474100
FLIC,20110902,15.36,15.4,14.86,15.0267,24600
FLWS,20110902,2.25,2.39,2.2,2.22,246100
FLXS,20110902,14.71,15.03,14.71,14.95,4700
FMBI,20110902,8.2,8.31,7.77,7.85,705800
FNLC,20110902,12.71,13.01,12.35,12.35,33400
FOLD,20110902,4.24,4.29,3.8,3.8,55900
FONR,20110902,1.89,1.93,1.85,1.89,17000
FORD,20110902,2.65,2.7,2.55,2.7,15200
FORM,20110902,7.48,7.64,7.36,7.37,455200
FORR,20110902,32.38,32.91,31.94,32.36,84300
FORTY,20110902,15.74,15.74,15.74,15.74,100
FOSL,20110902,93.42,96.49,91,93.76,1075400
FRBK,20110902,1.94,1.94,1.83,1.85,9200
FREE,20110902,36000000,36900000,36000000,36000000,4900
FRME,20110902,7.12,7.2,6.8,6.92,129700
FRPT,20110902,3.88,3.96,3.86,3.88,396900
FSFG,20110902,15.4,15.4,15.4,15.4,100
FSII,20110902,2.05,2.08,1.94,2,991000
FSLR,20110902,94.86,95.33,88.82,90.1,2992300
FSTR,20110902,22.94,23.44,22.06,22.42,123500
FTEK,20110902,5.7,5.95,5.7,5.85,187500
FTNT,20110902,18.76,19,18.23,18.4,1531800
FULT,20110902,8.56,8.68,8.33,8.33,906200
FUNC,20110902,4.19,4.19,3.63,3.8,2100
FUND,20110902,6.87,6.89,6.77,6.81,43300
FWRD,20110902,27.34,27.97,26.64,27.01,186600
GABC,20110902,10.2933,10.4667,9.94,9.9533,51000
GAIA,20110902,3.67,3.72,3.6,3.7,39600
GAIN,20110902,6.51,6.62,6.41,6.43,88800
GALT,20110902,4.98,5.22,4.86,5.1,46800
GAME,20110902,5.31,5.49,5.3,5.4,501000
GASS,20110902,4.2,4.32,4.2,4.25,35900
GBCI,20110902,10.75,10.91,10.49,10.49,504300
GBDC,20110902,14.55,14.78,14.3,14.44,35700
GBLI,20110902,17.67,18.47,17.39,17.5,49800
GCBC,20110902,9.42,9.42,9.285,9.42,400
GENC,20110902,4.94,4.9867,4.8867,4.8867,6100
GENE,20110902,130,135.8,125.8,130.4,158400
GERN,20110902,2.83,2.91,2.61,2.64,2401200
GEVO,20110902,60420,61020,57420,57840,61900
GFED,20110902,4.95,4.95,4.83,4.95,1400
GGAL,20110902,11.5,11.78,11.1,11.2,291000
GIFI,20110902,22.86,23.3,22.39,22.44,114500
GIGM,20110902,4.25,4.4,4.05,4.4,235300
GIII,20110902,13.825,14.105,13.15,13.35,208700
GILD,20110902,19.505,19.75,19.4,19.41,4996800
GILT,20110902,3.9,4.01,3.81,3.86,41800
GLAD,20110902,7.71,7.85,7.6,7.6,102300
GLBL,20110902,4.45,4.62,4.35,4.57,2051400
GLBS,20110902,25640,28560,25240,28000,21800
GLBZ,20110902,8.14,8.14,8.14,8.14,0
GLDD,20110902,4.65,4.75,4.59,4.61,513700
GLNG,20110902,31.77,33.21,31.57,31.82,547300
GLRE,20110902,21.96,22.75,21.66,21.93,208700
GNOM,20110902,8.94,8.94,8.25,8.41,252400
GNTX,20110902,12.405,12.645,12.24,12.4,1078400
GOOD,20110902,16.01,16.19,15.44,15.56,46500
GOODO,20110902,23.75,23.75,23.75,23.75,0
GOOG,20110902,262.49,263.96,260.365,262.42,2402000
GPRE,20110902,9.97,10.26,9.75,9.76,147200
GPRO,20110902,57.55,58.41,55.92,56.38,223400
GRFS,20110902,6.79,6.86,6.71,6.8,29300
GRID,20110902,27.43,27.57,27.24,27.24,3400
GRMN,20110902,32.05,32.49,31.83,32,797900
GROW,20110902,7.1,7.19,6.76,6.82,101500
GRVY,20110902,5.88,5.88,5.8,5.8,18600
GSBC,20110902,16.56,16.8,16.02,16.02,30600
GSIT,20110902,4.87,4.98,4.78,4.78,63700
GSM,20110902,16.04,16.12,15.61,15.79,701900
GT,20110902,11.85,11.94,11.29,11.5,5131500
GTIM,20110902,1.76,1.76,1.7,1.7,200
GURE,20110902,9,9.25,8.85,8.95,194500
GYRO,20110902,56.75,56.75,56.75,56.75,0
HA,20110902,3.91,4.02,3.87,3.89,556000
HAFC,20110902,0.91,0.94,0.89,0.9,678900
HAIN,20110902,15.395,15.675,15.125,15.185,242300
HALL,20110902,6.62,6.9,6.62,6.67,60000
HALO,20110902,6.37,6.6,6.22,6.26,357100
HAS,20110902,37.19,37.25,36.43,36.49,952900
HAYN,20110902,55.2,56.42,52.68,53.02,87600
HBAN,20110902,4.79,4.8,4.61,4.65,11629100
HBANP,20110902,1070,1070,1070,1070,0
HBCP,20110902,14.36,14.36,14.06,14.11,2300
HBIO,20110902,4.16,4.19,3.95,4.04,120400
HBNC,20110902,5.4123,5.4123,5.2267,5.4123,400
HCCI,20110902,16.85,16.95,16.42,16.56,18800
HCII,20110902,6.36,6.36,6.2,6.34,6300
HCIIW,20110902,0.49,0.49,0.44,0.44,900
HCKT,20110902,3.54,3.56,3.42,3.44,133000
HCSG,20110902,15.38,15.41,15.12,15.2,778500
HDSN,20110902,1.42,1.45,1.35,1.41,16400
HEES,20110902,9.18,9.71,9.18,9.44,207100
HELE,20110902,28.91,29.06,27.68,27.83,201900
HERO,20110902,3.9,4.06,3.78,3.94,2708200
HFBL,20110902,13.3,13.3,13.3,13.3,300
HFWA,20110902,11.21,11.9,11.03,11.74,66100
HGSH,20110902,3.22,3.34,3.22,3.34,2600
HIBB,20110902,35.14,35.92,34.55,34.63,250500
HIFS,20110902,48.5,48.5,46.7,46.94,2900
HIHO,20110902,2.99,2.99,2.99,2.99,0
HIMX,20110902,1.32,1.36,1.28,1.29,387900
HLIT,20110902,4.61,4.75,4.58,4.59,1145900
HMNF,20110902,2,2.12,1.93,2,1100
HNRG,20110902,8.48,8.64,8.21,8.49,30200
HOFT,20110902,8.77,8.95,8.77,8.88,12900
HOLI,20110902,5.67,5.99,5.39,5.92,551700
HOLX,20110902,16.29,16.38,15.87,15.88,1040000
HOMB,20110902,5.685,5.7675,5.555,5.56,79300
HOOK,20110902,5.62,5.82,5.62,5.64,62800
HOVNP,20110902,3.2,3.2,3.2,3.2,100
HRZN,20110902,15.47,15.6,15.33,15.44,5800
HSIC,20110902,64.62,64.62,63.4,63.47,390500
HSII,20110902,19.71,20,18.77,18.92,102900
HSKA,20110902,9.16,9.16,9.06,9.06,900
HSTM,20110902,12.07,12.51,11.28,11.31,82500
HTBK,20110902,4.32,4.5,4.26,4.33,85200
HTHT,20110902,4.125,4.245,4.055,4.165,99200
HTLD,20110902,14.28,14.36,13.95,14.01,651000
HTLF,20110902,13.91,14.08,13.3,13.36,46700
HUBG,20110902,30.22,30.46,29.62,29.84,266600
HURC,20110902,25.97,25.97,23.97,24.19,28300
HURN,20110902,29.83,30.57,29.35,30.26,227100
HWBK,20110902,7.69,7.9,7.69,7.69,700
HWKN,20110902,34.19,34.56,32.84,32.94,39200
HZNP,20110902,8.01,8.51,8.01,8.3,7000
IART,20110902,19.23,19.27,18.705,18.8,146000
IBB,20110902,93.56,95.17,92.51,92.85,619100
IBCP,20110902,1.96,2.01,1.93,1.96,9000
IBKR,20110902,14.3,14.58,14.3,14.4,531000
IBOC,20110902,14.41,14.59,13.96,13.98,304500
ICAD,20110902,0.59,0.59,0.52,0.52,40200
ICCC,20110902,6.35,6.44,6.35,6.44,1600
ICFI,20110902,20.55,20.89,19.98,20.01,185200
ICLK,20110902,5.46,5.63,5.23,5.26,167000
ICLN,20110902,12.62,12.62,12.34,12.36,47700
ICLR,20110902,20.62,21.17,20.22,20.32,317600
ICUI,20110902,39.81,40.47,39.33,39.48,51200
IDCC,20110902,68.55,69.86,66.05,68.39,2168200
IDRA,20110902,13.6,13.68,13.6,13.68,200
IDXX,20110902,38.21,38.865,37.655,37.765,211400
IESC,20110902,2.71,2.83,2.55,2.8,11500
IFGL,20110902,28.34,28.68,28.34,28.49,14300
IGOV,20110902,108.57,109.51,108.12,108.4,7700
III,20110902,1.28,1.4,1.18,1.24,50700
IIN,20110902,3.56,3.63,3.32,3.32,5100
IIVI,20110902,19,19.53,18.85,18.96,594100
IKNX,20110902,7.3,7.3,7.3,7.3,0
ILMN,20110902,49.8,50.47,49.23,49.77,1160500
IMGN,20110902,10.69,11.14,10.43,10.49,533700
IMKTA,20110902,14.48,14.74,14.28,14.36,47200
IMMR,20110902,6.64,6.84,6.61,6.7,145100
IMOS,20110902,6.02,6.23,6.02,6.1,24500
INCY,20110902,14.75,15.19,14.6,14.64,972800
INDB,20110902,22.46,23,22.23,22.26,141100
INDY,20110902,25,25,24.71,24.83,114700
INFI,20110902,6.89,7.27,6.78,6.89,54400
INFN,20110902,7.06,7.24,6.9,6.99,1186600
INMD,20110902,8.57,8.57,8.21,8.22,2200
INOD,20110902,2.74,2.86,2.67,2.8,35800
INSM,20110902,4.37,4.45,4.22,4.25,153700
INTC,20110902,19.8,19.93,19.57,19.64,42807500
INTG,20110902,22.02,22.48,21.45,22.48,1000
INTU,20110902,47.7,48.2,47.06,47.35,2693300
INVE,20110902,18.3,18.8,17.7,18.3,281400
IOSP,20110902,25.14,25.64,24.79,25.05,138200
IPAR,20110902,15.45,15.56,14.87,14.9,95400
IPGP,20110902,55.72,56.55,53.37,54.02,407500
IRBT,20110902,27.37,27.9,25.9,26.16,322400
IRDM,20110902,7.24,7.33,7.17,7.28,389500
IRIX,20110902,3.9,3.9,3.9,3.9,0
IROQ,20110902,10.8,11,10.8,10.81,15900
IRWD,20110902,12,12.27,11.64,11.7,257100
ISBC,20110902,5.2941,5.3725,5.1725,5.1765,312200
ISHG,20110902,108.1,108.16,107.4,107.96,5000
ISIG,20110902,3.3,3.4,3.3,3.4,9500
ISLE,20110902,6.59,6.66,6.12,6.27,124700
ISRG,20110902,371.4,377.7,368.31,370.63,399100
ISSC,20110902,4.7,4.73,4.6,4.73,3700
ITIC,20110902,34.9,35.3,34.9,35.24,1100
ITRI,20110902,37.05,37.62,36.24,36.67,344800
ITRN,20110902,13.07,13.35,12.91,13,19000
IVAC,20110902,7.38,7.58,7.08,7.18,65600
JACK,20110902,19.86,20.06,19.67,19.9,467000
JAKK,20110902,161.9,168.9,160.9,162,202100
JAZZ,20110902,40.87,43.21,40.21,41.8,956600
JBHT,20110902,39.11,39.49,38.24,38.46,1015300
JBLU,20110902,4.13,4.22,4.05,4.08,2710000
JBSS,20110902,8.21,8.27,8.11,8.22,8000
JCS,20110902,14.07,14.84,13.92,13.98,25100
JCTCF,20110902,2.28,2.28,2.28,2.28,200
JJSF,20110902,48.07,49.22,47.46,47.82,49500
JKHY,20110902,28.4,28.87,28.08,28.36,913900
JOBS,20110902,27.5,27.83,26.81,27.33,61100
JOUT,20110902,15.43,15.43,14.9,14.9,10200
JRJC,20110902,27.2,27.8,26.6,26.7,9100
JVA,20110902,17.51,18.84,17.44,17.99,594900
KALU,20110902,49.35,50.39,48.32,48.68,119900
KELYA,20110902,14.06,14.26,13.62,13.96,171000
KELYB,20110902,14.29,14.29,13.9,13.9,200
KEQU,20110902,9.25,9.25,9.1,9.15,2700
KFFB,20110902,8.06,8.09,8.06,8.09,200
KFRC,20110902,9.49,9.78,9.49,9.62,454800
KINS,20110902,3.1,3.1,3.1,3.1,0
KIRK,20110902,8.54,9.13,8.54,8.91,149400
KLAC,20110902,35.46,35.77,34.73,34.82,2387600
KLIC,20110902,8.14,8.31,7.93,7.98,1416000
KNDI,20110902,2.77,2.82,2.6,2.65,78700
KOPN,20110902,3.57,3.64,3.45,3.46,247100
KOSS,20110902,5.99,5.99,5.85,5.85,400
KRNY,20110902,8.42,8.55,8.18,8.2,39900
KTCC,20110902,3.9,3.99,3.87,3.95,21000
KTOS,20110902,9.1,9.15,8.86,8.87,257800
KVHI,20110902,8.58,8.73,8.28,8.4,60900
LAKE,20110902,7.68,7.79,7.68,7.77,700
LAMR,20110902,20.45,20.8,19.69,19.97,750300
LANC,20110902,58.94,59.88,58.19,58.29,95400
LARK,20110902,15.7,15.7,15.7,15.7,0
LAWS,20110902,16.72,16.72,15.75,15.92,10300
LBAI,20110902,7.8,7.89,7.35,7.35,78800
LBTYA,20110902,20.1175,20.2555,19.4124,19.5401,1761900
LBTYB,20110902,44.63,44.63,44.63,44.63,0
LBTYK,20110902,37.51,37.99,36.36,36.68,323700
LCUT,20110902,10.26,10.45,9.82,10.06,43800
LECO,20110902,32.67,32.67,31.26,31.56,256800
LEDS,20110902,5,5.15,5,5.13,38400
LFUS,20110902,44.41,45.33,44.14,44.38,201800
LGND,20110902,14.75,15.08,14.17,14.27,194300
LHCG,20110902,18.64,18.89,18.16,18.32,143100
LIFE,20110902,571.34,577.36,559.86,564.06,3150800
LINC,20110902,9.08,9.26,8.75,8.93,571100
LIVE,20110902,0.5633,0.5633,0.5633,0.5633,200
LKFN,20110902,13.68,14.0867,13.5333,13.58,66800
LKQ,20110902,12.485,12.585,12.16,12.26,467000
LLNW,20110902,2.26,2.32,2.19,2.22,1965700
LMAT,20110902,6.71,7.1,6.71,7.1,3400
LMNR,20110902,16.5,17.64,15.57,16.19,18300
LNDC,20110902,5.75,5.85,5.71,5.76,112600
LOAN,20110902,1.09,1.15,1.09,1.14,17800
LOGI,20110902,10.95,11,10.46,10.59,1149900
LOOP,20110902,17.46,17.63,17.43,17.48,348600
LOPE,20110902,14.81,14.99,14.49,14.63,360600
LORL,20110902,55.4,57.3,53.65,53.83,89900
LPLA,20110902,28.15,28.5,27.28,27.3,119400
LPSN,20110902,11.04,11.2,10.86,10.98,325900
LPTH,20110902,1.71,1.71,1.6,1.68,2300
LQDT,20110902,31,31.26,29.51,30.05,878700
LRCX,20110902,36.29,36.8,35.96,36.22,2056700
LSCC,20110902,5.22,5.55,5.13,5.15,1249800
LSTR,20110902,39.47,40.13,39.07,39.46,569300
LTBR,20110902,153,153.6,144.6,150,52300
LTRX,20110902,1.71,1.94,1.71,1.78,2400
LULU,20110902,53.02,54.48,52.06,53.15,2555300
LUNA,20110902,1.54,1.55,1.45,1.49,7000
LWAY,20110902,10.2,10.67,10.15,10.17,11300
LXRX,20110902,8.89,9.1,8.54,8.61,904700
LYTS,20110902,6.96,7.14,6.57,6.6,88700
MANH,20110902,8.645,8.8175,8.475,8.4925,99600
MANT,20110902,35.09,35.45,33.97,34.09,211100
MARPS,20110902,21.16,21.45,21.16,21.16,700
MASI,20110902,23.62,23.9,22.99,23.01,297100
MAT,20110902,26.29,26.52,26.1,26.23,3069200
MATW,20110902,31.74,32.16,30.9,30.99,150700
MAYS,20110902,14.9,14.9,13.77,13.77,2200
MBWM,20110902,8.28,8.3,8.15,8.29,2500
MCBC,20110902,2.78,2.94,2.78,2.88,15300
MCHP,20110902,31.87,32.06,31.13,31.36,2846100
MCHX,20110902,9.11,9.86,8.86,8.91,119700
MCRI,20110902,9.54,9.87,9.37,9.56,41700
MDRX,20110902,17.22,17.43,17,17.11,1308700
MELI,20110902,66.6,68.69,66.09,67.8,397300
MEOH,20110902,25.18,25.33,24.68,24.97,167700
MERC,20110902,8.35,8.6,8.25,8.53,236000
MGEE,20110902,26.9467,27.6733,26.9467,27.2067,70800
MGIC,20110902,4.2,4.27,4.12,4.21,94800
MGLN,20110902,47.29,48.21,46.56,46.65,335400
MGPI,20110902,6.71,7.03,6.63,6.67,48400
MGRC,20110902,23,23.49,22.62,22.64,162200
MGYR,20110902,3.56,3.56,3.56,3.56,0
MHLD,20110902,8.16,8.34,8.08,8.13,412300
MIDD,20110902,25.45,25.7833,24.5467,24.81,75000
MIND,20110902,15.42,16.01,15.27,15.31,68500
MITK,20110902,11.39,12.2,11.13,11.93,847100
MKSI,20110902,22.32,22.68,21.63,22.1,474600
MKTX,20110902,28.78,29.37,28.76,28.92,174000
MLAB,20110902,34.19,34.19,34.19,34.19,0
MLHR,20110902,18.73,18.86,18,18.33,447100
MLVF,20110902,7.45,7.45,7.45,7.45,600
MMLP,20110902,35.17,35.69,35.02,35.18,44700
MMSI,20110902,14.13,14.5,14.05,14.08,328400
MMYT,20110902,18.92,19.61,18.66,19.33,27900
MNDO,20110902,2.09,2.11,2.09,2.11,18300
MNKD,20110902,14.4,14.75,14,14.65,706300
MNOV,20110902,2.25,2.26,2.15,2.26,2100
MNRO,20110902,37.95,38.52,37.18,37.24,356500
MNST,20110902,13.6367,14.2367,13.1667,13.9383,1389600
MNTX,20110902,4.06,4.22,4.06,4.2,9000
MOFG,20110902,14.5,14.69,14.2,14.43,4900
MORN,20110902,56.39,57.62,56.06,56.48,107100
MOSY,20110902,748,774,706,716,86400
MOVE,20110902,6.88,6.88,6.16,6.36,1297200
MPAA,20110902,9.79,9.94,9.57,9.75,62000
MPAC,20110902,5.81,5.9,5.72,5.76,500
MPB,20110902,8.69,8.69,8.52,8.69,600
MPWR,20110902,11.73,11.85,11.36,11.44,177400
MRCY,20110902,13.49,13.67,13.02,13.06,210600
MRLN,20110902,11.23,11.84,11.07,11.12,27800
MRNA,20110902,0.23,0.23,0.2,0.21,1628500
MRTN,20110902,7.9245,7.9911,7.7689,7.9778,111800
MRVL,20110902,12.75,12.94,12.56,12.89,8173000
MSEX,20110902,17.62,17.89,17.31,17.34,62700
MSFT,20110902,25.78,26,25.66,25.8,43897000
MSON,20110902,2.29,2.29,2.29,2.29,0
MSTR,20110902,115.91,116.32,110.25,111.01,87500
MTEX,20110902,5.5,5.8,5.2,5.6,9500
MTRX,20110902,10.57,10.91,10.38,10.49,165000
MU,20110902,5.6,5.62,5.45,5.5,22735300
MVIS,20110902,7.04,7.2,6.8,6.88,486400
MYGN,20110902,19.03,19.23,18.55,18.62,441800
MYRG,20110902,21.58,21.58,18.98,19.08,75500
NAII,20110902,4.96,4.96,4.75,4.89,6800
NATH,20110902,18.79,19.02,18.79,18.8,600
NATI,20110902,24.31,24.56,23.71,23.94,222100
NATR,20110902,17.51,18.25,17.33,17.77,60300
NBIX,20110902,5.69,6,5.69,5.81,221000
NBN,20110902,13.02,13.02,13.02,13.02,0
NBTB,20110902,19.04,19.43,18.53,18.54,136200
NCMI,20110902,13.88,13.88,13.5,13.73,374800
NCTY,20110902,139.5,146.4,139.5,143.4,25500
NDAQ,20110902,22.57,22.93,22.19,22.56,1891700
NDSN,20110902,42.04,42.89,41.23,41.45,622300
NECB,20110902,6.62,6.62,6.62,6.62,0
NEOG,20110902,17.11,17.355,16.845,16.85,136300
NEPT,20110902,3.46,3.64,3.4,3.51,29200
NEWT,20110902,6.6,6.65,6.35,6.65,2400
NFBK,20110902,12.47,12.61,12.11,12.15,49500
NFLX,20110902,29.8157,30.6986,29.66,30.4443,7948900
NICE,20110902,30,30.45,29.75,29.79,247100
NICK,20110902,10.45,10.71,10.23,10.25,32700
NKSH,20110902,24.98,25.54,24.12,24.23,12300
NKTR,20110902,5.45,5.53,5.27,5.31,670100
NNBR,20110902,7.1,7.21,6.81,6.92,183700
NRIM,20110902,19.4,19.4,19.35,19.35,700
NSEC,20110902,10.83,10.83,10.83,10.83,100
NSIT,20110902,18.31,18.65,17.67,17.69,383100
NSSC,20110902,2.5,2.68,2.45,2.6,6400
NSYS,20110902,3.64,3.64,3.64,3.64,0
NTAP,20110902,36.5,36.85,35.38,35.81,6191400
NTCT,20110902,12.89,13.76,12.38,12.49,421400
NTES,20110902,9.99,10.2,9.802,9.9,886700
NTGR,20110902,27,27.17,25.84,26.1,340500
NTIC,20110902,8,8.135,8,8.01,2600
NTRS,20110902,37.21,37.33,36.47,36.53,1839400
NTWK,20110902,8.5,8.6,8,8.4,278900
NUAN,20110902,17.83,18.06,17.45,17.61,747500
NUVA,20110902,22.1,22.46,21.69,21.82,549300
NVAX,20110902,33,37.4,32,34.8,1701800
NVDA,20110902,3.245,3.29,3.205,3.23,11783800
NVEC,20110902,65.64,67.51,65.61,67.3,60300
NVMI,20110902,6.5,6.5,6.29,6.38,63500
NWBI,20110902,11.41,11.62,11.23,11.23,1004000
NWFL,20110902,24.51,24.51,24.49,24.49,1600
NWLI,20110902,141.05,143.99,141,141.61,13100
NWPX,20110902,25.19,27.48,24.51,24.91,38400
NWS,20110902,16.79,16.89,16.42,16.56,3358700
NWSA,20110902,16.54,16.73,16.22,16.27,27752500
NXPI,20110902,16.04,16.56,15.9,16.41,811400
NXST,20110902,5.93,6,5.73,5.84,105200
NYMT,20110902,7.39,7.45,7.36,7.39,58300
NYMX,20110902,7.83,8.07,7.6,7.6,47200
OBAS,20110902,6.75,6.75,6.75,6.75,500
OBCI,20110902,2.31,2.4,2.3,2.33,2800
OCC,20110902,3.7,3.8,3.7,3.8,3200
OCFC,20110902,11.4,11.55,11.24,11.25,89800
ODFL,20110902,20.7067,20.9933,20.3267,20.46,471900
OFED,20110902,10.95,10.97,10.95,10.95,3700
OFIX,20110902,36.35,36.83,35.95,36.15,140200
OFLX,20110902,13.09,14.69,13.09,13.68,18900
OIIM,20110902,4.66,4.78,4.63,4.73,64800
OMAB,20110902,14.31,15.05,13.16,13.39,39000
OMCL,20110902,14.63,14.83,14.24,14.32,134400
OMER,20110902,3.89,3.96,3.82,3.89,31300
OMEX,20110902,32.64,34.08,32.4,32.64,468400
ONCY,20110902,3.71,3.81,3.65,3.7,66900
ONEQ,20110902,98.02,99.06,97.55,97.68,9600
OPEN,20110902,57.03,58.78,56.51,57.52,615700
OPHC,20110902,34,34,34,34,0
OPNT,20110902,33.38,33.82,32.06,32.1,110200
OPOF,20110902,11.3,11.3,10.55,10.55,3400
ORLY,20110902,64.73,66.37,64.56,65.75,2072800
ORRF,20110902,13.81,14,13.38,13.56,68900
OSBC,20110902,1.29,1.39,1.26,1.3,6600
OSIS,20110902,37.91,38.51,36.42,36.43,105600
OSTK,20110902,9.96,9.99,9.46,9.82,168100
OSUR,20110902,6.75,6.98,6.72,6.86,204700
OTEX,20110902,14.4325,14.625,14.1225,14.1925,386300
OTTR,20110902,19.91,20.08,19.64,19.75,176400
OVBC,20110902,17,17.26,17,17.01,2200
OVLY,20110902,5.18,5.18,5.18,5.18,300
OXLC,20110902,15.67,15.95,15.66,15.95,900
PAAS,20110902,32.82,34.06,32.82,33.58,1322500
PACB,20110902,6.26,6.26,5.85,5.95,453800
PACW,20110902,14.99,15.29,14.81,14.89,336100
PANL,20110902,48.14,50.95,46.88,49.85,2478700
PATK,20110902,0.8489,0.9289,0.8489,0.9245,4900
PAYX,20110902,26.48,26.48,26,26.07,2971400
PBCT,20110902,11.35,11.52,11.31,11.4,6884800
PBHC,20110902,9.1,9.1,9.1,9.1,0
PBIP,20110902,5.18,5.18,5.18,5.18,0
PCAR,20110902,36.21,36.28,35.29,35.67,3130200
PCH,20110902,31.94,32.62,31.36,31.4,305900
PCOM,20110902,8.25,8.49,8.01,8.25,42600
PCRX,20110902,7.21,7.6,7.06,7.33,65500
PCTI,20110902,6.39,6.52,6.28,6.43,24500
PCYO,20110902,2.89,2.9,2.56,2.9,38300
PDCO,20110902,28.37,28.69,28,28.12,1520500
PDEX,20110902,1.71,1.71,1.71,1.71,0
PDFS,20110902,4.87,5.02,4.68,4.84,109500
PEBK,20110902,4.44,4.44,4.44,4.44,0
PEBO,20110902,9.88,10,9.75,9.85,39200
PEGA,20110902,18.83,19.07,17.75,18.13,280300
PENN,20110902,38.34,38.57,37.62,37.81,582000
PESI,20110902,7,7.3,6.95,6.95,41200
PETS,20110902,9.83,9.88,9.63,9.7,271800
PFBC,20110902,8,8.17,8,8.01,1700
PFIN,20110902,4.89,4.9,4.8,4.89,6600
PFLT,20110902,11.95,11.96,11.57,11.8,24700
PFSW,20110902,5.27,5.34,5.01,5.25,53700
PGC,20110902,10.75,10.75,10.48,10.48,700
PKBK,20110902,6.4727,6.6727,6.4727,6.5455,900
PKOH,20110902,15.29,15.29,13.78,14,57100
PLAB,20110902,6.09,6.23,6,6.04,546400
PLBC,20110902,2.72,2.72,2.72,2.72,200
PLCE,20110902,40.29,41.24,40.13,40.79,615500
PLPC,20110902,52.82,52.82,50.9,50.9,5900
PLUG,20110902,1.76,1.8,1.72,1.77,134500
PLUS,20110902,11.77,11.77,11.385,11.41,16100
PLXS,20110902,25.57,25.89,24.55,24.88,256600
PMBC,20110902,4.2,4.24,4.1,4.15,14600
PMD,20110902,8.27,8.49,8.01,8.49,13500
PNBK,20110902,19.5,20,19.5,19.5,4600
PNFP,20110902,11.72,13.23,11.19,11.27,243300
PNNT,20110902,9.86,10.01,9.59,9.65,347400
PNQI,20110902,35.15,35.63,35.13,35.36,11900
PNRG,20110902,20.73,20.73,20.73,20.73,0
PODD,20110902,17.05,17.35,16.21,16.95,346300
POOL,20110902,24.98,25.21,24.76,24.93,377700
POWI,20110902,14.855,15.375,14.77,14.92,426500
POWL,20110902,35.88,36.56,34.84,35,52000
PPBI,20110902,6.45,6.45,6.3,6.3,1200
PRAA,20110902,22.9567,23.5567,22.9033,23.0667,138000
PRFT,20110902,8.55,8.75,8.37,8.39,136200
PRFZ,20110902,56.8,57,55.54,55.81,26300
PRGS,20110902,19.79,20.1,19.15,19.3,389500
PRIM,20110902,10.62,10.94,10.17,10.26,187700
PROV,20110902,8.28,8.39,8.25,8.25,17100
PRPH,20110902,0.86,0.9,0.86,0.9,8500
PRTS,20110902,5.78,5.94,5.69,5.71,54900
PSCC,20110902,29.67,29.8,29.46,29.46,600
PSCD,20110902,24.89,25.09,24.5,24.65,12100
PSCE,20110902,31.4,31.6,30.67,31.03,22700
PSCF,20110902,24.25,24.59,24.04,24.05,7300
PSCH,20110902,28.4,29.25,28.4,28.52,20700
PSCI,20110902,25.45,25.45,24.84,24.84,3400
PSCM,20110902,24.84,24.84,24.84,24.84,1500
PSCT,20110902,25.19,25.19,24.5,24.55,14400
PSCU,20110902,28.92,29.34,28.92,28.99,5800
PSEC,20110902,8.35,8.48,8.25,8.25,1690900
PSMT,20110902,62.53,63.81,61.43,62.81,359500
PSTI,20110902,26.1,26.5,25.6,26,45900
PTEN,20110902,23.2,23.82,22.95,23.36,2758400
PTIX,20110902,2.07,2.08,1.87,1.91,9100
PTNR,20110902,10.52,10.69,10.4,10.51,253200
PTSI,20110902,10.46,10.96,10.46,10.57,4300
PWOD,20110902,22.44,22.66,22.0667,22.1,8600
PXLW,20110902,2.33,2.37,2.32,2.37,4100
PZZA,20110902,14.475,14.655,14.27,14.36,174900
QABA,20110902,20.41,20.48,20.02,20.02,1500
QADA,20110902,11.11,11.73,10.35,10.55,41400
QADB,20110902,10.62,10.65,10.2,10.51,600
QCLN,20110902,11.85,11.85,11.51,11.56,3100
QCOM,20110902,49.98,50.45,49.25,49.68,14693700
QCRH,20110902,9.25,9.25,9.25,9.25,100
QDEL,20110902,13.67,14.16,13.67,14.05,163600
QNST,20110902,11.18,11.18,10.81,10.93,229200
QQEW,20110902,22.45,22.63,22.26,22.4,31300
QQQ,20110902,53.58,54.61,52.99,53.28,58185100
QQQX,20110902,13.5,13.52,13.37,13.46,50500
QQXT,20110902,21.38,21.38,21.12,21.13,2400
QTEC,20110902,22.2,22.29,21.91,22.02,133000
QUIK,20110902,37.94,39.34,35.7,36.82,158500
RADA,20110902,5.74,5.74,5.02,5.26,6200
RAIL,20110902,17.23,17.23,16.04,16.14,255700
RAM,20110902,0.92,0.96,0.89,0.89,92600
RAND,20110902,24.3,25.47,24.3,25.47,200
RAVN,20110902,25.69,26.195,24.85,25.07,62500
RBCAA,20110902,18.23,18.23,16.6,16.95,39500
RBCN,20110902,122.4,124.4,119.5,119.9,261800
RCII,20110902,26.96,26.99,25.8,26.01,658900
RCKY,20110902,11.09,11.75,11.09,11.57,5200
RCMT,20110902,4.73,4.75,4.57,4.67,43100
RCON,20110902,6.75,7.45,6.75,7.45,1300
RDCM,20110902,3.99,3.99,3.75,3.87,3900
RDI,20110902,4.14,4.32,4.14,4.25,17500
RDNT,20110902,3.11,3.11,2.85,2.86,215900
RDWR,20110902,12.83,12.95,12.6,12.695,103000
REED,20110902,1.84,1.84,1.76,1.76,13200
REFR,20110902,3.92,4,3.75,4,47200
REGN,20110902,58.39,68.6,58.38,64.78,4892600
RELL,20110902,13.55,13.77,13.44,13.5,81200
RENT,20110902,13.33,13.56,12.44,12.51,38700
RFIL,20110902,4.05,4.13,3.96,4.01,4500
RGCO,20110902,12.34,13,12.34,12.7533,2100
RGEN,20110902,3.35,3.36,3.28,3.31,14600
RGLD,20110902,77.77,79.71,77.68,78.97,875500
RICK,20110902,6.94,7.07,6.84,6.9,61500
RIGL,20110902,7.27,7.38,7.02,7.18,336800
RMBS,20110902,11.13,11.25,10.95,10.99,991900
RMCF,20110902,8.91,9.01,8.82,8.92,4700
RMTI,20110902,8.44,8.78,8.32,8.35,77400
RNST,20110902,12.86,12.99,12.25,12.27,143900
ROCK,20110902,8.22,8.49,8.13,8.19,167000
ROIC,20110902,10.85,11.04,10.85,10.87,253600
ROLL,20110902,32.97,33.96,32.08,32.28,93900
ROST,20110902,18.38,18.63,18.34,18.4,1150200
RPRX,20110902,4.65,4.89,4.65,4.87,44100
RRGB,20110902,30.82,31.25,30.15,30.46,146900
RUSHA,20110902,11.48,11.8267,11.2067,11.28,266300
RUSHB,20110902,9.48,9.6867,9.2733,9.2733,1900
RUTH,20110902,4.78,4.9,4.6,4.65,379100
RVSB,20110902,2.71,2.71,2.61,2.61,3200
RYAAY,20110902,25.6,25.63,24.98,25.03,124700
SAFM,20110902,38.84,39.25,38.52,38.78,459300
SAFT,20110902,37.5,37.84,36.66,36.8,40200
SAIA,20110902,7.6333,7.7667,7.5467,7.6333,88700
SALM,20110902,2.47,2.7,2.4,2.64,11600
SANM,20110902,7.17,7.3,7,7.05,918800
SANW,20110902,4.86,5.15,4.77,4.95,8300
SASR,20110902,15.31,15.78,14.88,14.97,129200
SATS,20110902,19.0775,20.0363,18.5819,18.785,213700
SBAC,20110902,37.82,38.28,37.02,37.4,1285000
SBCF,20110902,7.85,7.9,7.2,7.25,291100
SBGI,20110902,7.09,7.48,6.89,6.9,934100
SBLK,20110902,107.25,107.25,105,106.5,132000
SBNY,20110902,53.12,54.13,52,52.27,367500
SBRA,20110902,11.32,11.53,11.17,11.4,253200
SBSI,20110902,18.0476,18.4762,17.781,17.8571,64100
SBUX,20110902,18.84,19.025,18.67,18.745,4881300
SCHL,20110902,26.28,26.69,25.47,25.89,164000
SCHN,20110902,43.2,43.41,41.89,42.21,118000
SCKT,20110902,1.93,1.98,1.9,1.98,22700
SCOR,20110902,15.37,15.6,15.03,15.34,327600
SCSC,20110902,29.67,30.57,28.51,28.66,113700
SCVL,20110902,16.24,16.8333,15.96,16.24,122000
SEAC,20110902,7.48,7.59,7.32,7.4,140300
SEED,20110902,27.5,28.5,27.4,27.6,135100
SEIC,20110902,16.69,16.95,16.3,16.32,1131700
SENEA,20110902,23.07,23.13,21.28,21.61,104200
SENEB,20110902,23.47,23.47,23.47,23.47,0
SFNC,20110902,10.92,11.105,10.675,10.68,55700
SFST,20110902,7.52,7.52,7.52,7.52,100
SGC,20110902,12.15,12.15,11.78,11.9,1400
SGEN,20110902,16.67,17.34,16.32,16.75,1635700
SGMA,20110902,4.16,4.16,4.11,4.15,1400
SGMO,20110902,5.01,5.3,4.93,5.19,513900
SGMS,20110902,8.55,8.72,8.36,8.38,669300
SGOC,20110902,12.52,12.52,12.52,12.52,0
SGRP,20110902,1.38,1.38,1.38,1.38,100
SHBI,20110902,5.69,5.71,5.46,5.56,700
SHEN,20110902,6.73,6.865,6.385,6.435,66100
SHIP,20110902,4920,4920,4584,4632,16000
SHIPW,20110902,0.02,0.02,0.02,0.02,0
SHOO,20110902,15.1378,15.2578,14.6667,14.7333,293700
SHY,20110902,84.66,84.66,84.62,84.64,1988400
SIEB,20110902,1.48,1.5,1.48,1.5,2000
SIFY,20110902,4.52,4.55,4.35,4.44,570700
SIGA,20110902,5.36,5.49,5.08,5.1,451900
SIGI,20110902,14.68,14.8,14.27,14.28,286100
SILC,20110902,15.36,15.6,14.51,15.1,53000
SIMO,20110902,10.15,10.17,9.96,10.07,342500
SINO,20110902,14.3,15,13.95,14.75,3900
SIRI,20110902,1.72,1.76,1.71,1.72,33390000
SIVB,20110902,43.22,43.53,42.61,42.87,583400
SKYW,20110902,12.33,12.53,12.1,12.12,318100
SKYY,20110902,16.56,16.56,16.19,16.36,40500
SLAB,20110902,32.76,33,32.12,32.41,334500
SLGN,20110902,18.625,18.685,18.305,18.425,221800
SLP,20110902,3.15,3.25,3.1,3.21,6800
SLRC,20110902,22.02,22.22,21.76,21.78,353200
SMBC,20110902,10.63,10.63,10.63,10.63,0
SMCI,20110902,13.19,13.19,12.58,12.67,158600
SMED,20110902,3.95,3.97,3.9,3.92,17400
SMIT,20110902,3.45,3.45,3.38,3.38,200
SMMF,20110902,3.12,3.15,3.12,3.15,1200
SMSI,20110902,7.12,7.24,6.92,7.2,508700
SMTC,20110902,20.57,21.25,20.56,21.07,1055000
SNCR,20110902,25.7,26.04,24.15,24.55,375100
SNFCA,20110902,1.49,1.49,1.49,1.49,0
SNPS,20110902,25.15,25.24,24.48,24.64,698600
SOHU,20110902,77.65,78.16,74.38,76.16,1411300
SONO,20110902,28.69,29.09,27.82,28.08,126900
SOXX,20110902,46.53,46.85,46.15,46.42,200000
SPBC,20110902,11.24,11.37,10.85,11.35,2600
SPNS,20110902,3.87,4,3.77,3.84,4300
SPPI,20110902,8.16,8.43,8.11,8.16,758500
SPRO,20110902,2.03,2.25,2.03,2.25,1200
SPSC,20110902,17.74,18.21,17.53,17.69,83400
SPTN,20110902,15.3,15.55,14.9,15.06,106100
SQQQ,20110902,33318.4,34368,32908.8,33843.2,2926200
SRCE,20110902,21.84,21.98,20.95,21.07,60200
SRCL,20110902,84.37,84.49,82.74,82.83,533000
SRDX,20110902,10.07,10.26,9.94,9.98,74400
SREV,20110902,17.9,18.45,17.52,18.12,525600
SSBI,20110902,5.96,6.15,5.96,5.99,1300
SSNC,20110902,16.01,16.09,15.4,15.44,104700
SSYS,20110902,21.75,22.3,21.35,21.47,210100
STAA,20110902,7.73,7.99,7.64,7.82,334800
STBA,20110902,17.1,17.49,16.36,16.37,102800
STFC,20110902,13.74,13.74,12.48,12.57,59500
STKL,20110902,4.95,5.02,4.95,4.98,147500
STLD,20110902,12.1,12.1,11.73,11.83,2415900
STRA,20110902,90,91.39,89.02,90.11,311900
STRC,20110902,4.11,4.11,3.75,3.75,300
STRL,20110902,12.06,12.27,11.5,11.61,71000
STRM,20110902,1.98,1.99,1.78,1.85,12100
STRN,20110902,4.99,5.1,4.99,5.1,2600
STRS,20110902,10.03,10.03,9.99,9.99,1300
STRT,20110902,22.75,22.75,22.75,22.75,100
STSA,20110902,13.52,14.46,12.65,12.78,97700
STX,20110902,11.03,11.05,10.67,10.71,6074200
SUMR,20110902,59.85,61.2,58.59,59.4,75800
SUNS,20110902,16.91,16.91,15.57,15.62,33600
SURG,20110902,5.3,5.49,5.23,5.41,201600
SVBI,20110902,3.03,3.03,3.03,3.03,0
SVVC,20110902,15.65,15.65,15.65,15.65,100
SWIR,20110902,7.07,7.19,7.07,7.07,34100
SWKS,20110902,20.45,20.63,19.48,19.62,3495200
SWTX,20110902,11.05,11.06,11.05,11.05,1200
SYBT,20110902,12.68,12.96,12.6,12.6333,45400
SYNA,20110902,23.59,24.14,23.27,23.44,404200
SYNL,20110902,10.15,11.08,10.15,10.5,500
SYPR,20110902,3.4,3.4,3.4,3.4,0
TACT,20110902,9.6,9.7,9.52,9.58,7300
TAIT,20110902,1.09,1.09,1.09,1.09,0
TAST,20110902,8.68,9.02,8.68,8.79,75900
TATT,20110902,5.47,5.48,5.47,5.48,800
TAYD,20110902,6.51,6.65,6.5,6.59,5000
TBBK,20110902,7.3,7.33,7.03,7.04,113300
TBNK,20110902,19.41,19.9,19.05,19.06,51600
TCBI,20110902,24.33,24.87,23.55,23.62,239300
TCBK,20110902,12.51,12.68,12.14,12.21,45400
TCX,20110902,2.92,3.08,2.92,3.08,272200
TECH,20110902,71.05,71.81,70.17,70.73,126800
TESS,20110902,14.29,14.54,14.16,14.53,23700
TFSL,20110902,8.5,8.55,8.35,8.35,258100
TGA,20110902,9.36,9.53,9.2,9.33,202300
THFF,20110902,29.04,29.36,28.01,28.04,41600
THRX,20110902,17.77,18.13,17.55,17.68,340000
TIGR,20110902,2.85,2.85,2.8,2.82,10900
TITN,20110902,24.78,25.3,24.4,24.87,208800
TLT,20110902,111.39,112.58,110.66,112.51,16557300
TNDM,20110902,11.16,11.16,10.53,10.53,245300
TOPS,20110902,12530000,15400000,12320000,14420000,26500
TOWN,20110902,11.33,12.22,11.19,11.22,104300
TQQQ,20110902,2.64,2.6813,2.5571,2.6017,802800
TREE,20110902,5.39,5.39,5.04,5.1,27400
TRIB,20110902,10.28,10.34,10.06,10.06,29100
TRIT,20110902,4.06,4.17,3.96,4.05,60500
TRMB,20110902,18.455,18.64,17.815,17.94,324800
TRMD,20110902,20.6,20.6,19.4,19.4,20500
TRMK,20110902,19.98,20.49,19.37,19.43,638100
TRNS,20110902,11.83,11.99,11.83,11.9,3200
TROW,20110902,50.91,51.34,49.94,50.17,1929500
TRS,20110902,17.73,18.27,17.29,17.39,219900
TRST,20110902,4.71,4.71,4.34,4.37,469600
TSBK,20110902,4.95,5.05,4.91,5.05,1100
TSCO,20110902,29.97,30.345,29.73,29.82,347300
TSEM,20110902,11.25,12,10.8,11.1,387100
TSLA,20110902,4.752,4.798,4.536,4.614,770300
TSRI,20110902,4.31,4.31,4.31,4.31,0
TTEC,20110902,16.93,17.08,16.45,16.46,123500
TTEK,20110902,19.05,19.2,18.52,18.59,332500
TTGT,20110902,6.3,6.3,5.82,5.87,49400
TTMI,20110902,10.32,10.61,10,10.03,615400
TTWO,20110902,12.59,12.76,12.5,12.61,1263900
TW,20110902,56.55,57.6,56.51,56.99,266300
TWIN,20110902,35.88,36.38,33.56,34.48,79500
TXN,20110902,25.21,25.35,25.01,25.08,8404800
TXRH,20110902,13.77,13.94,13.61,13.65,861800
TZOO,20110902,34.3,35.19,33.14,34.1,950400
UBCP,20110902,8.61,8.63,8.61,8.63,300
UBFO,20110902,3.02,3.03,2.97,2.97,1200
UBOH,20110902,8.53,8.53,8.5,8.5,200
UBSI,20110902,21.12,21.49,20.48,20.65,367800
UCBI,20110902,9.84,10,9.46,9.84,410900
UCTT,20110902,5.12,5.24,5.03,5.08,209000
UEIC,20110902,18.66,18.66,17.6,17.75,102600
UEPS,20110902,6.27,6.27,6.1,6.15,117100
UFCS,20110902,16.95,17.64,16.41,16.48,76500
UFPI,20110902,28.27,28.28,26.39,26.48,201100
UFPT,20110902,16.29,16.38,16.02,16.11,6600
UG,20110902,14.52,14.73,14.52,14.73,900
UHAL,20110902,69.24,69.93,66.43,67.07,47700
ULBI,20110902,4.75,4.83,4.75,4.81,10800
ULTA,20110902,56.1,57.24,54.95,55.33,529100
UMBF,20110902,36.21,37,35.17,35.25,154800
UMPQ,20110902,9.32,9.48,9.2,9.2,1266300
UNAM,20110902,10.98,10.98,10.5,10.96,6100
UNB,20110902,18.81,19.22,18.79,18.79,800
UNTY,20110902,6.46,6.52,6.43,6.45,1400
URBN,20110902,25.5,26.21,25.29,25.96,4846900
USAK,20110902,7.55,7.6,7.41,7.45,11000
USAP,20110902,31.24,32,30.24,30.47,40200
USEG,20110902,162,166.8,154.2,155.4,158100
USLM,20110902,40.08,42.07,40.08,42,10400
UTHR,20110902,42.21,42.76,41.29,41.61,845000
UTMD,20110902,26.2,26.57,26.2,26.57,2100
UTSI,20110902,4.08,4.26,4.02,4.2,412400
UVSP,20110902,13.08,13.47,12.9,13.1,71300
VALU,20110902,12.26,12.26,12.01,12.01,3300
VBFC,20110902,36.8,36.8,36.8,36.8,0
VCIT,20110902,82.83,83,82.59,82.91,59600
VCLT,20110902,84.4,84.4,83.17,84.19,33400
VCSH,20110902,78.59,78.59,78.25,78.35,287400
VECO,20110902,33.48,34.59,32.72,33,1436300
VGIT,20110902,65.35,65.48,65.33,65.44,9100
VGLT,20110902,70.59,71.21,70.25,71.11,64800
VGSH,20110902,61.2,61.21,61.12,61.2,18900
VIA,20110902,55.63,56.42,55.34,55.52,13100
VICR,20110902,10.43,10.53,9.9,9.98,84300
VIRC,20110902,2.38,2.4,2.38,2.38,1100
VIVO,20110902,17.58,18.02,17.58,17.69,232500
VLGEA,20110902,24.27,24.43,23.5,23.5,16600
VMBS,20110902,52.17,52.21,51.98,52.2,4800
VNDA,20110902,5.77,5.9,5.64,5.66,143000
VNET,20110902,11.4,11.83,10.67,10.78,172500
VNQI,20110902,47.47,47.7,47.25,47.4,10100
VOD,20110902,26.43,26.54,26.25,26.32,6391400
VONE,20110902,54.23,54.34,53.69,54.01,5400
VONG,20110902,56.23,56.28,56.11,56.15,2500
VONV,20110902,51.94,51.94,51.32,51.56,5000
VOXX,20110902,6.01,6.11,5.82,5.89,120100
VRA,20110902,32.95,33.38,31.91,32.89,633100
VRNT,20110902,26.98,27.15,26.46,26.58,125600
VRSK,20110902,34.25,34.49,33.79,33.92,398000
VRSN,20110902,30.28,30.38,29.88,30.01,1299800
VRTS,20110902,59,61.57,57.86,58.06,61400
VRTX,20110902,44.29,45.83,44.15,44.59,1274900
VSAT,20110902,34.94,35.42,33.33,33.82,312600
VSEC,20110902,12.245,12.385,11.725,11.95,20300
VTHR,20110902,54.12,54.32,53.77,53.8,3400
VTWG,20110902,57.45,57.85,56.44,56.6,1000
VTWO,20110902,55.07,55.45,54.08,54.08,12400
VTWV,20110902,52.87,52.87,51.77,51.77,2400
VXUS,20110902,45.08,45.25,44.55,44.7,246300
WABC,20110902,39.65,40.69,38.71,38.79,237700
WAFD,20110902,14.16,14.34,13.89,13.92,683900
WASH,20110902,20.12,21.71,19.51,19.66,46400
WDC,20110902,28.08,28.28,27.2,27.44,3005900
WDFC,20110902,39.58,39.94,38.98,39.32,112600
WERN,20110902,22.43,22.92,22.17,22.46,719100
WETF,20110902,8.77,8.97,8.62,8.7,194700
WEYS,20110902,22,22.24,21.36,21.42,20500
WILC,20110902,6.18,6.18,5.98,6.15,5000
WINA,20110902,47,47.47,46.51,46.6,6300
WIRE,20110902,21.23,21.48,20.5,20.73,116800
WLDN,20110902,3.85,4.02,3.82,4.02,1100
WLFC,20110902,12.58,12.6,12.58,12.6,1100
WOOD,20110902,36.44,36.76,36.2,36.27,8000
WOOF,20110902,17.87,18.11,17.41,17.46,588300
WPRT,20110902,23.79,24.11,23.28,23.66,409000
WRLD,20110902,62.54,64.02,61.55,62.81,146400
WSBC,20110902,18.17,18.5,17.68,17.9,157500
WSBF,20110902,2.6,2.64,2.6,2.6,9200
WSFS,20110902,11.1867,11.7633,11.1667,11.2067,55700
WSTG,20110902,11.23,11.3,10.93,10.93,11600
WTBA,20110902,8.47,8.73,8.06,8.07,42500
WTFC,20110902,29.59,30.18,28.97,28.98,219300
WVFC,20110902,8.53,9.02,8.37,9,4000
WVVI,20110902,3.13,3.17,3.06,3.14,19000
WWD,20110902,29.68,30.14,28.62,28.89,324500
WYNN,20110902,149.2,149.78,146.01,147.9,1949700
XLNX,20110902,30.1,30.44,29.57,29.8,6439800
XOMA,20110902,38.6,39,36.4,37.2,268600
XRAY,20110902,34.27,34.47,33.86,33.97,1500700
XRTX,20110902,8.15,8.29,7.92,7.94,408800
YNDX,20110902,30.43,31.31,30.02,30.38,698000
YORW,20110902,17.18,17.53,16.88,16.9,41000
Z,20110902,35.56,36,34.66,34.94,171500
ZBRA,20110902,34.4,34.58,33.5,33.76,152600
ZEUS,20110902,19.53,19.79,18.86,18.98,86900
ZGNX,20110902,29.04,29.12,26.72,27.12,53600
ZION,20110902,16.34,16.56,16.02,16.18,3872800
ZIOP,20110902,5.37,5.37,5.12,5.17,382700
ZIXI,20110902,3.17,3.3,3.13,3.14,424400
ZUMZ,20110902,17.31,17.82,17.2,17.46,532000
