AAME,20111220,2,2.01,1.87,2,6600
AAON,20111220,9.3422,9.6311,9.1911,9.5778,104400
AAPL,20111220,13.8486,14.1464,13.8307,14.1411,12050100
AAWW,20111220,36.98,38.38,36.98,37.96,468600
AAXJ,20111220,49.06,49.79,49.03,49.69,310800
ABCB,20111220,10.2,10.43,10.17,10.2,64800
ABIO,20111220,975.24,1035.72,960.12,1028.16,28200
ABMD,20111220,18.73,18.93,18.07,18.19,476900
ACAD,20111220,1.13,1.32,1.12,1.32,763800
ACET,20111220,6.78,7.06,6.74,7.05,286000
ACGL,20111220,12.2,12.3,12.16,12.23,833600
ACHC,20111220,10.25,10.5,9.5,9.51,126400
ACIW,20111220,9.7333,10.0867,9.6,10.0867,185900
ACLS,20111220,4.92,5,4.56,5,728600
ACNB,20111220,13.63,13.65,13.5,13.5,1000
ACOR,20111220,22.35,22.98,22.35,22.82,528800
ACRX,20111220,2.58,2.58,2.58,2.58,0
ACTG,20111220,31.43,34.6,31.43,34.29,588000
ACWI,20111220,41.23,41.79,41.17,41.72,962600
ACWX,20111220,36.08,36.46,36.06,36.4,931100
ADBE,20111220,27.95,28.49,27.86,28.44,4505700
ADES,20111220,11.305,11.705,11.19,11.455,84100
ADI,20111220,33.93,35.43,33.92,35.28,4406600
ADP,20111220,45.9087,47.208,45.891,47.0853,2938100
ADRE,20111220,37.54,37.89,37.4,37.73,40000
ADSK,20111220,30.62,31.72,30.62,31.49,2477200
ADTN,20111220,28.68,30.61,28.68,30.27,2300700
ADUS,20111220,3.6,3.6,3.4,3.41,26300
AEHR,20111220,0.55,0.66,0.55,0.66,2800
AEIS,20111220,10.25,10.8,10.13,10.77,440900
AEY,20111220,2.09,2.14,2,2.07,12100
AEZS,20111220,930,960,918,924,778700
AGEN,20111220,2.27,2.27,2.2,2.27,49000
AGNC,20111220,27.68,28.2,27.61,28.05,8504400
AGYS,20111220,7.23,7.8,7.22,7.76,126300
AHPI,20111220,3.17,3.24,3.17,3.24,7300
AIMC,20111220,17.98,18.42,17.78,18.38,208500
AINV,20111220,18.36,19.17,18.27,19.02,3246500
AIRT,20111220,8.19,8.43,8.19,8.21,2100
AKAM,20111220,26.96,27.71,26.93,27.67,3220000
ALCO,20111220,18.73,19.03,18.5,19.03,7300
ALGN,20111220,24.3,25,23.65,24.96,716200
ALGT,20111220,54.39,55.15,54.39,54.74,145000
ALIM,20111220,1.23,1.32,1.15,1.29,192100
ALKS,20111220,16,16.8,15.54,16.79,1222000
ALLT,20111220,17,17.36,16.64,17,303200
ALNY,20111220,7.78,7.93,7.71,7.91,319200
ALOT,20111220,7.2,7.4,7.1,7.1,3100
ALRN,20111220,1.71,1.79,1.71,1.79,800
ALTR,20111220,34.69,36.42,34.54,36.16,6835500
ALVR,20111220,9.7,9.8,8.6,9.3,219100
AMAT,20111220,10.31,10.63,10.31,10.41,28419200
AMCX,20111220,37.6,37.87,36.97,37.13,340400
AMD,20111220,4.96,5.2,4.95,5.19,13557000
AMED,20111220,10.2,10.62,10.02,10.33,549600
AMGN,20111220,60.8,61.24,60.67,61.16,7285000
AMKR,20111220,4.17,4.34,4.15,4.33,2353800
AMNB,20111220,19.25,19.6,19.21,19.47,14200
AMOT,20111220,5.29,5.5,5.2,5.31,3900
AMPL,20111220,6.4,6.8,6.4,6.4,1800
AMRN,20111220,6.28,6.4,6.11,6.25,1407500
AMRS,20111220,152.7,159.75,151.2,157.65,161200
AMSC,20111220,35.5,40.5,35.5,40.5,1080700
AMSF,20111220,23.26,23.99,23.23,23.88,112500
AMSWA,20111220,9.15,9.4,9.05,9.36,152100
AMWD,20111220,11.41,12.19,11.25,12.14,32700
AMZN,20111220,182.69,183.17,180.54,182.52,4600500
ANAT,20111220,71.19,71.58,70.63,71.58,11500
ANDE,20111220,29.12,29.8067,28.9267,29.1,232000
ANGI,20111220,16.01,16.08,15.35,15.9,82400
ANGN,20111220,4.76,5.1,4.76,5.1,4900
ANGO,20111220,14.48,15,14.47,14.98,107200
ANIK,20111220,8.85,9.49,8.84,9.04,146000
ANSS,20111220,58.74,59.94,58.66,59.53,389900
AOSL,20111220,7.69,7.73,7.6,7.7,62900
APEI,20111220,42.28,42.89,41.9,42.82,191300
APOG,20111220,11.84,12.23,11.84,12.2,151100
APWC,20111220,2.77,2.77,2.63,2.76,7600
ARAY,20111220,4.3,4.44,4.23,4.41,713100
ARCC,20111220,14.89,15.07,14.76,15.03,1685100
ARKR,20111220,13.48,13.48,12.91,13.18,2500
ARLP,20111220,36.775,37.27,36.38,36.825,81500
ARNA,20111220,20.4,21,20,20.8,2302000
AROW,20111220,22.95,23.47,22.95,23.46,30900
ARRY,20111220,2.21,2.23,2.02,2.11,385000
ARTNA,20111220,18.71,18.83,18.51,18.82,30900
ARTW,20111220,5.49,5.5,5.29,5.4,900
ARWR,20111220,4.11,4.19,4,4.05,30400
ASML,20111220,40.48,41.36,40.46,41.25,2988700
ASPS,20111220,49.88,50,49.81,49.9,111400
ASRV,20111220,2,2,1.86,1.91,13500
ASTC,20111220,0.61,0.64,0.59,0.61,23200
ASTE,20111220,31.62,32.77,31.62,32.74,75000
ASUR,20111220,4.22,4.3,4.1267,4.2733,23400
ASYS,20111220,8.23,8.66,8.2,8.63,136000
ATAI,20111220,8.01,9.01,8,9,6600
ATAX,20111220,4.98,5.05,4.96,5.02,55800
ATEC,20111220,18.72,19.08,16.56,18.36,455800
ATHX,20111220,1.77,1.89,1.77,1.86,94600
ATLO,20111220,18.68,19.25,18.68,19.24,25800
ATNI,20111220,39.09,39.28,38.47,38.6,52600
ATRC,20111220,11.32,11.65,11.1,11.59,36500
ATRI,20111220,240,242.63,239,241.53,6600
ATRO,20111220,30.2,31.0417,30.1,30.9917,56200
ATSG,20111220,4.69,4.77,4.57,4.69,270700
ATVI,20111220,11.82,12,11.78,11.86,9781600
AUBN,20111220,19.21,19.22,19.2,19.2,1000
AUDC,20111220,3.72,3.9,3.54,3.82,183400
AVAV,20111220,31.2,31.5,31.13,31.29,139900
AVEO,20111220,155.9,159.3,155.3,157.1,294500
AVGO,20111220,27.93,29,27.92,28.83,2961200
AVID,20111220,8.31,8.44,8.17,8.44,276100
AVNW,20111220,20.16,21,19.8,20.64,342600
AWRE,20111220,2.89,3.09,2.89,3.02,5100
AXTI,20111220,3.9,4.1,3.85,4.01,297400
AZPN,20111220,17.35,17.96,17.35,17.91,538100
BANF,20111220,36.39,37.21,36.39,37.15,24000
BANFP,20111220,26.86,26.86,26.86,26.86,0
BANR,20111220,16.21,16.73,16.11,16.69,92800
BBBY,20111220,61.14,62.27,61.14,61.55,2803800
BBGI,20111220,3.1,3.12,3.05,3.1,2500
BBSI,20111220,19.28,19.43,18.86,19.41,50100
BCBP,20111220,10.05,10.2,10.05,10.2,17100
BCPC,20111220,40.06,40.74,40,40.26,135800
BCRX,20111220,2.46,2.51,2.42,2.48,245000
BDSI,20111220,1.01,1.02,0.96,0.97,85900
BEAT,20111220,2.39,2.57,2.39,2.55,150400
BECN,20111220,19.07,19.9,19.07,19.7,327800
BELFA,20111220,21.5,21.56,21.38,21.56,600
BELFB,20111220,19.29,19.89,18.94,19.5,54200
BFIN,20111220,5.4,5.58,5.37,5.51,62500
BGCP,20111220,5.65,5.78,5.59,5.73,1057500
BGFV,20111220,10.31,10.99,10.26,10.86,233900
BIB,20111220,8.2675,8.3425,8.2675,8.3175,800
BICK,20111220,22.59,23.04,22.53,22.93,18100
BIDU,20111220,114,118.78,112.21,118.4,7258100
BIIB,20111220,102.7315,103.4684,101.8012,101.9946,2221900
BIOC,20111220,132.3,132.3,129.3,130.5,1700
BIS,20111220,138.2,138.2,137.52,137.52,900
BJRI,20111220,45.07,45.8,45.07,45.61,206900
BKCC,20111220,8.15,8.3,8.07,8.27,574100
BKEP,20111220,5.85,6.3,5.69,6.27,1175100
BKEPP,20111220,7.66,7.95,7.6,7.95,3200
BKSC,20111220,10,10,10,10,400
BLDP,20111220,1.17,1.18,1.14,1.15,217600
BLIN,20111220,145,147.5,142.5,147.5,6400
BLKB,20111220,28.24,29,28.24,28.91,164900
BLRX,20111220,49.05,49.05,49.05,49.05,0
BMRC,20111220,18,18.645,17.8,18.59,12900
BMRN,20111220,32.39,33.3,32.22,33.27,1185800
BMTC,20111220,18.87,19.25,18.87,19.2,28800
BNSO,20111220,1.15,1.36,1.15,1.36,2200
BOKF,20111220,54.62,55.38,54.56,55.01,123500
BOLT,20111220,11.61,12.16,11.48,11.74,64600
BOOM,20111220,19.32,20.24,19.29,20.18,55400
BOSC,20111220,2.72,2.72,2.6,2.72,1800
BPOP,20111220,11.5,12.3,11.4,12.2,15055000
BPOPM,20111220,16.28,16.55,16.25,16.55,2800
BPOPN,20111220,16.67,17.2,16.66,17.15,7900
BRID,20111220,9.04,9.49,8.51,9.13,5800
BRKL,20111220,7.92,8.17,7.88,8.16,362500
BRKR,20111220,12.16,12.34,11.88,12.24,422100
BRKS,20111220,10.17,10.5,10.1,10.49,322100
BRLI,20111220,15.36,15.69,15.31,15.66,303800
BSET,20111220,7.9,8.08,7.9,8.08,18900
BSQR,20111220,3.41,3.45,3.35,3.43,18700
BSRR,20111220,9.1,9.5,9.1,9.5,21200
BUSE,20111220,5.14,5.22,5.1,5.2,242600
BWEN,20111220,7.2,7.6,7,7.6,1175900
BYFC,20111220,1.67,1.67,1.67,1.67,0
CAAS,20111220,3.38,3.44,3.34,3.35,45100
CAC,20111220,32.09,32.98,32.06,32.91,26900
CACC,20111220,83.43,85.56,83,85.07,28900
CAKE,20111220,27.36,27.91,27.23,27.79,688400
CALM,20111220,16.825,17.07,16.71,17.045,80500
CAMP,20111220,4.74,4.88,4.74,4.77,178600
CAMT,20111220,1.8,1.83,1.7,1.7,51400
CAR,20111220,10.67,11.06,10.62,10.97,1461800
CARV,20111220,10.44,10.6,10.3,10.3,1400
CARZ,20111220,22.69,22.69,22.46,22.46,1600
CASH,20111220,4.9667,5.2,4.95,5.1567,4300
CASS,20111220,35.17,36.01,34.96,36,19200
CASY,20111220,49.15,50.85,48.9,50.81,330200
CATY,20111220,14.04,14.46,13.97,14.42,458200
CBAN,20111220,2.25,2.3,2.15,2.15,6700
CBNK,20111220,13.77,13.77,13.77,13.77,300
CBRL,20111220,49.46,49.63,48.86,49.21,340300
CBSH,20111220,36.65,37.54,36.6,37.25,784700
CCBG,20111220,9.96,10.19,9.64,9.97,44200
CCMP,20111220,46.59,47.2,46.29,47.01,232200
CCNE,20111220,14.88,16,14.84,15.95,27500
CCOI,20111220,16.75,17.22,15.89,16.79,404100
CCRN,20111220,5.65,5.67,5.38,5.4,253500
CDNS,20111220,10.28,10.54,10.25,10.54,1701400
CDXS,20111220,5.13,5.45,5.01,5.4,226800
CDZI,20111220,9.62,10.6,9.47,10.6,30700
CECE,20111220,5.71,5.73,5.48,5.55,15500
CENT,20111220,7.89,8.12,7.83,8.07,66400
CENTA,20111220,7.99,8.31,7.99,8.29,164900
CENX,20111220,8.46,8.63,8.4,8.62,1699800
CERN,20111220,29.485,30.005,29.315,29.945,1430800
CERS,20111220,2.9,3,2.87,2.97,764900
CEVA,20111220,28.34,29.41,28.34,29.08,179300
CFBK,20111220,18.7,18.7,18.7,18.7,100
CFFI,20111220,25.43,26.15,24.61,24.9,4000
CFFN,20111220,11.32,11.34,11.2,11.23,835300
CGEN,20111220,4.58,4.75,4.53,4.65,111400
CGNX,20111220,8.8075,8.9975,8.8075,8.9475,168500
CHCI,20111220,1.06,1.12,1.06,1.07,27800
CHCO,20111220,33.24,34.25,33.19,34.12,84600
CHDN,20111220,16.2133,16.6467,16.1933,16.57,40400
CHEF,20111220,15.29,15.78,15.18,15.5,140800
CHKP,20111220,53.75,54.73,53.75,54.61,1316700
CHNR,20111220,8,8.26,7.93,8.19,4800
CHRS,20111220,4.79,4.95,4.66,4.91,2342500
CHRW,20111220,66.42,68.32,66.29,68.23,909400
CHSCP,20111220,29.39,29.5,29.3,29.46,15400
CHTR,20111220,55.5,56.21,54.59,55.42,1534300
CIDM,20111220,13.4,15.1,13,14.6,137900
CINF,20111220,29.54,30.05,29.54,29.97,1200300
CIZN,20111220,17.34,18.2,17.21,18.2,4100
CJJD,20111220,1.16,1.16,1.08,1.08,42400
CLDX,20111220,41.4,42.45,40.35,42,214100
CLFD,20111220,6.25,6.61,6.06,6.2,59000
CLMT,20111220,19,19.11,18.91,19,203100
CLNE,20111220,11.69,12.5,11.64,12.45,1165900
CLRO,20111220,4.13,4.2,4.01,4.05,35200
CLSN,20111220,1.85,1.85,1.75,1.81,453300
CLVS,20111220,12.17,13.07,11.85,12.82,50100
CLWT,20111220,1.76,1.9067,1.43,1.8333,18200
CMCO,20111220,12.91,13.25,12.8,13.06,102000
CMCSA,20111220,11.63,11.83,11.6,11.7,18835000
CME,20111220,48.968,49.882,48.764,49.626,426400
CMLS,20111220,25.12,25.76,24.88,25.76,258700
CMTL,20111220,28.45,29.21,28.28,29.11,319400
CNBKA,20111220,27.41,28,27.41,28,5800
CNET,20111220,1.12,1.14,1.05,1.12,16600
CNOB,20111220,9.68,9.93,9.68,9.92,39500
CNSL,20111220,18.99,19.24,18.98,19.15,150800
CNTY,20111220,2.3,2.31,2.27,2.3,19700
COCO,20111220,2.14,2.23,2.06,2.12,1127900
COHR,20111220,51.34,52.53,51.32,52.29,127700
COHU,20111220,11.32,12,10.98,11.9,84800
COKE,20111220,54.6,55.35,54.24,55.15,18600
COLB,20111220,18.73,19,18.45,18.99,263200
COLM,20111220,23.46,23.625,22.735,23.1,258400
CONN,20111220,10.77,11.29,10.76,11.19,183900
COOL,20111220,113.4,116.34,112.56,115.92,635300
CORT,20111220,3.45,3.56,3.4,3.54,219900
COST,20111220,83.15,83.91,82.91,83.64,2909400
COWN,20111220,2.56,2.56,2.44,2.47,439500
CPHC,20111220,10.88,12.43,10.5,10.5,10100
CPIX,20111220,5.84,6,5.76,5.81,25500
CPLP,20111220,5.89,6.26,5.85,6.01,336800
CPRT,20111220,11.645,11.85,11.55,11.7225,258400
CPRX,20111220,1.12,1.39,1.07,1.18,810600
CPSI,20111220,47.26,48.99,47.14,48.94,134900
CPSS,20111220,0.93,0.99,0.91,0.91,20700
CRAI,20111220,19.69,20.87,19.68,20.78,47600
CREG,20111220,118,120,106,117,15100
CRESW,20111220,0.07,0.07,0.07,0.07,0
CRESY,20111220,11.66,11.74,11.4,11.52,86500
CRIS,20111220,20.05,20.55,19.75,20.45,469800
CRMT,20111220,39.54,40.49,39.54,40.06,62300
CRNT,20111220,8,8.21,7.92,8.12,123400
CROX,20111220,14.93,15.53,14.85,15.06,2479200
CRTX,20111220,5.7,5.84,5.55,5.83,21600
CRUS,20111220,15.25,15.9,15.11,15.85,1472700
CRVL,20111220,24.105,24.715,23.6,24.66,29300
CRWS,20111220,3.3,3.34,3.3,3.33,800
CSCO,20111220,17.94,18.48,17.91,18.41,44835000
CSGP,20111220,65.79,68.62,65.52,68.39,149200
CSGS,20111220,14.35,14.82,14.35,14.77,197700
CSII,20111220,9.36,9.82,9.36,9.78,83800
CSIQ,20111220,2.68,3.13,2.67,2.95,3450000
CSOD,20111220,18.37,18.37,18.11,18.14,459900
CSPI,20111220,3.37,3.39,3.26,3.3,9700
CSTR,20111220,46.12,47.41,45.86,47.05,518100
CSWC,20111220,19.5475,19.9075,19.1275,19.875,10100
CSX,20111220,20.56,20.99,20.51,20.94,7267800
CTAS,20111220,30.95,31.66,30.94,31.28,1226900
CTBI,20111220,28.46,29.15,28.37,29.1,61900
CTHR,20111220,2.5,2.63,2.5,2.63,56600
CTIB,20111220,4.78,4.78,4.62,4.62,400
CTIC,20111220,52,55,52,54.5,1329900
CTRN,20111220,8.09,8.15,7.97,8,135300
CTSH,20111220,32.735,33.9,32.6,33.815,2317100
CTXS,20111220,49.9283,50.5494,49.0446,50.4618,1759900
CUBA,20111220,6.27,6.29,6.25,6.28,6500
CUTR,20111220,7.15,7.25,6.92,7,60500
CVBF,20111220,9.52,9.76,9.49,9.66,1521900
CVCO,20111220,37.31,40.01,36.78,39.7,27100
CVCY,20111220,5.64,5.64,5.5,5.55,29400
CVGI,20111220,9.19,9.46,8.98,9.41,239700
CVGW,20111220,26.24,26.24,25.79,26,74500
CVLT,20111220,46.45,47.24,45.9,46.32,506200
CVLY,20111220,8.48,8.48,8.3,8.3,1300
CVV,20111220,12,12.48,11.07,11.55,167200
CWBC,20111220,1.55,1.65,1.55,1.65,2400
CWCO,20111220,8.85,9.02,8.52,8.6,66000
CWST,20111220,6.06,6.3,5.88,6.21,101300
CXDC,20111220,5.08,5.24,5.06,5.21,108900
CYAN,20111220,8.5,8.75,8.5,8.66,58200
CYBE,20111220,7.01,7.35,6.92,7.35,11100
CYCC,20111220,924,957.6,840,873.6,454500
CYCCP,20111220,3.18,3.18,3.18,3.18,0
CYTK,20111220,5.94,6.06,5.76,6,107200
CZNC,20111220,17.64,18.95,17.61,18.88,25600
CZWI,20111220,5,5,5,5,4700
DAIO,20111220,3.96,4.03,3.85,3.9,27000
DAKT,20111220,9.55,10,9.55,9.95,136500
DCOM,20111220,11.63,11.98,11.59,11.96,127500
DCTH,20111220,494.08,512,483.84,509.44,577300
DENN,20111220,3.95,4.07,3.94,3.96,716000
DGICA,20111220,14.56,14.58,14.3,14.51,19800
DGICB,20111220,16.44,16.44,16.44,16.44,100
DGII,20111220,10.61,11.2,10.6,11.19,105400
DGLY,20111220,0.68,0.76,0.66,0.72,33700
DHIL,20111220,71.97,73.13,69.27,73.13,8500
DIOD,20111220,19.68,21.14,19.49,21.02,384900
DISCA,20111220,40.06,40.89,39.83,40.54,1206200
DISCB,20111220,41.96,41.96,41.96,41.96,0
DISCK,20111220,18.34,18.67,18.21,18.535,602400
DISH,20111220,26.7,27.6,26.6,27.46,5814200
DJCO,20111220,65,65,65,65,100
DLTR,20111220,41.195,41.56,40.83,40.9,1737400
DMLP,20111220,22.24,22.49,22,22.31,53900
DMRC,20111220,24.99,25.64,24.45,24.76,45500
DORM,20111220,18.985,19.375,18.75,19.33,33500
DRIV,20111220,13.79,13.95,13.54,13.83,7387700
DRRX,20111220,1.2,1.24,1.12,1.2,656700
DSGX,20111220,7.1,7.1,7.04,7.08,8000
DSPG,20111220,5.39,5.69,5.37,5.52,109200
DSWL,20111220,2.31,2.31,2.2,2.21,19100
DVAX,20111220,31.3,32.3,31,32.3,1830300
DWSN,20111220,36.52,38.9,36.5,38.78,88600
DXCM,20111220,8.27,8.63,8.27,8.61,847000
DXPE,20111220,31.31,32.39,31.1,32.33,137000
DXYN,20111220,2.78,2.99,2.76,2.95,4800
DYNT,20111220,3.4,3.5,3.25,3.5,14400
EA,20111220,20.07,20.63,19.96,20.57,3389800
EBAY,20111220,12.7789,12.9095,12.6568,12.8968,8951500
EBIX,20111220,20.94,21.23,20.69,21.13,374200
EBMT,20111220,9.72,9.9,9.7,9.85,2700
EBSB,20111220,5.1552,5.2614,5.1185,5.2369,24200
EBTC,20111220,13.95,14.44,13.78,14.17,11900
ECHO,20111220,17.08,17.08,16.6,16.8,43200
ECOL,20111220,18.19,18.2,17.84,18.17,87800
ECPG,20111220,19.66,20.79,19.66,20.63,151700
EDAP,20111220,1.78,1.8,1.65,1.65,69200
EDUC,20111220,2.45,2.48,2.45,2.48,1600
EEFT,20111220,16.76,17.85,16.39,17.85,310900
EFSC,20111220,14,15.82,14,15.8,83600
EGAN,20111220,6.89,7.1,6.81,6.84,51900
EGBN,20111220,14.51,14.64,14.25,14.37,59300
EGLE,20111220,10684.8,10886.4,10080,10281.6,684500
EHTH,20111220,14.95,15.26,14.95,15.24,145600
ELSE,20111220,4,4,3.98,4,2000
ELTK,20111220,1.24,1.26,1.21,1.26,13500
EMCF,20111220,15.96,15.96,15,15.04,1200
EMIF,20111220,28.22,28.62,28.22,28.54,42900
EMKR,20111220,3.6,3.6,3.44,3.52,439400
EML,20111220,20.56,20.56,19.25,19.25,2100
ENDP,20111220,34.98,35.02,34.51,34.78,1489700
ENG,20111220,2.17,2.27,2.17,2.24,13500
ENSG,20111220,12.625,12.8,12.555,12.79,78900
ENTG,20111220,8.38,8.62,8.32,8.58,1115200
EPAY,20111220,21.9,22.73,21.83,22.65,162700
EQIX,20111220,101.35,102.96,100.58,102.43,487000
ERIC,20111220,9.72,9.96,9.7,9.85,6424600
ERIE,20111220,76.21,77.23,76.17,77.14,35200
ERII,20111220,2.7,2.8,2.61,2.72,270600
ESBK,20111220,16.28,16.28,16.09,16.21,1200
ESCA,20111220,4.4,4.79,4.4,4.42,11500
ESEA,20111220,18.24,20,18.24,19.44,70800
ESGR,20111220,99.09,99.9,98.73,99.9,20900
ESLT,20111220,42.67,43.31,42.65,43,13600
ESSA,20111220,10.74,10.88,10.53,10.7,36800
EUFN,20111220,15.07,15.09,14.88,15,13200
EVK,20111220,1.93,1.98,1.85,1.85,7500
EVOL,20111220,7.1,7.1,6.91,7.1,67000
EWBC,20111220,18.73,19.25,18.71,19.22,1357900
EXAS,20111220,8,8.18,7.94,8.16,597700
EXEL,20111220,4.34,4.4,4.28,4.37,1738000
EXLS,20111220,23.15,23.47,22.82,23.05,135900
EXPD,20111220,40.03,40.92,39.84,40.48,2666400
EXPE,20111220,27.95,28.68,27.93,28.55,3729500
EXPO,20111220,11.525,11.9675,11.525,11.96,38400
EXTR,20111220,2.76,2.95,2.76,2.92,1161700
EZPW,20111220,26.23,26.35,26.09,26.23,377300
FARM,20111220,7.14,7.25,7.14,7.22,23500
FARO,20111220,45.17,45.93,44.85,45.7,134200
FAST,20111220,21.095,21.705,21.03,21.615,2274400
FBIZ,20111220,16.67,16.67,16.45,16.65,7700
FBMS,20111220,7.6,7.6,7.01,7.4,4200
FBNC,20111220,11.3,11.55,11.06,11.5,90400
FCAL,20111220,3.25,3.37,3.25,3.35,22200
FCAP,20111220,18.55,18.55,18.55,18.55,0
FCBC,20111220,12.41,12.68,12.4,12.56,70900
FCCO,20111220,5.95,5.95,5.9,5.9,500
FCCY,20111220,6.53,6.76,6.53,6.75,10500
FCEL,20111220,129.6,135.36,129.6,132.48,762400
FCFS,20111220,36.45,36.61,36.01,36.32,333800
FCNCA,20111220,171.46,175.99,171.46,175.93,10700
FDUS,20111220,12.99,13.35,12.24,13.35,76900
FEIM,20111220,7.28,7.35,7.2,7.25,15800
FELE,20111220,21.26,22.075,21.26,21.89,70600
FFBC,20111220,15.95,16.69,15.95,16.59,267700
FFHL,20111220,1.15,1.27,1.15,1.23,5500
FFIC,20111220,12.78,12.9,12.56,12.88,118300
FFIN,20111220,8.23,8.28,8.1375,8.27,213000
FFIV,20111220,107.07,110.72,106.04,109.39,1718300
FFNW,20111220,5.71,5.71,5.62,5.68,6700
FIBK,20111220,12,12.47,11.92,12.44,80300
FISI,20111220,16.28,16.81,16.27,16.67,49600
FISV,20111220,14.3425,14.5775,14.3425,14.5575,1145800
FITB,20111220,12.09,12.35,12.01,12.19,13127500
FITBP,20111220,140.82,142.49,139.69,140.86,4600
FIZZ,20111220,16.6,16.77,16.52,16.74,39400
FLDM,20111220,13.31,13.5,12.76,13.38,62300
FLEX,20111220,5.84,5.97,5.82,5.88,4953500
FLIC,20111220,17.3867,18.0667,17.3867,17.9733,22800
FLWS,20111220,2.24,2.29,2.22,2.28,79400
FLXS,20111220,13.88,13.9,13.77,13.87,4200
FMBI,20111220,9.32,9.61,9.22,9.61,621100
FMNB,20111220,4.85,4.85,4.75,4.85,10200
FNLC,20111220,14.93,15.49,14.75,15.49,26800
FOLD,20111220,3.22,3.3,3.06,3.16,77100
FONR,20111220,1.75,1.79,1.7,1.74,8100
FORD,20111220,1.67,1.67,1.55,1.61,18100
FORM,20111220,4.79,4.84,4.78,4.81,846600
FORR,20111220,33.03,33.95,33,33.78,98600
FORTY,20111220,14.85,15.3,14.82,15.3,4400
FOSL,20111220,81.9,83.41,81.51,82.97,1155100
FRBK,20111220,1.36,1.5,1.36,1.4,5200
FREE,20111220,14700000,16500000,14700000,15600000,18600
FRME,20111220,8.81,9,8.75,9,98900
FSFG,20111220,17.23,17.23,17.23,17.23,100
FSII,20111220,3.17,3.23,2.94,3,727900
FSLR,20111220,31.26,33.29,31.15,32.88,5022000
FSTR,20111220,27.26,28.07,26.79,28.02,81300
FTEK,20111220,5.88,6.14,5.84,6.01,116600
FTNT,20111220,21.97,22.07,20.94,21.36,3011800
FULT,20111220,9.34,9.62,9.25,9.58,1185000
FUNC,20111220,3.15,3.17,3.15,3.17,2200
FUND,20111220,6.24,6.29,6.18,6.25,121300
FWRD,20111220,31.61,33.15,31.61,32.77,168300
GABC,20111220,12.2067,12.6467,12.16,12.5867,34100
GAIA,20111220,3.2,3.37,3.13,3.19,37000
GAIN,20111220,7.27,7.39,7.16,7.37,102800
GALT,20111220,5.28,5.28,5.04,5.28,118800
GAME,20111220,4.36,4.36,4.16,4.33,588900
GASS,20111220,3.9,4,3.8,3.9,34300
GBCI,20111220,11.56,11.96,11.56,11.91,446900
GBDC,20111220,15.58,15.95,15.37,15.94,51500
GBLI,20111220,18.92,19.25,18.57,19.2,73600
GCBC,20111220,8.74,8.74,8.74,8.74,200
GENC,20111220,4.5667,4.5933,4.4067,4.5667,15900
GENE,20111220,68.8,68.8,65,65.2,29100
GERN,20111220,1.42,1.45,1.4,1.42,2708700
GEVO,20111220,37680,37680,34440,34980,73500
GFED,20111220,6.23,6.27,6.2,6.25,800
GGAL,20111220,6.11,6.13,6.04,6.12,853300
GIFI,20111220,27.49,29.64,27.49,29.53,100400
GIGM,20111220,4.15,4.15,3.9,4,240300
GIII,20111220,12.005,12.245,11.84,12.2,127500
GILD,20111220,19.045,19.17,18.88,19.08,8653500
GILT,20111220,3.86,4.35,3.84,4.02,141200
GLAD,20111220,7.59,7.67,7.45,7.55,153100
GLBS,20111220,12800,13240,12440,12880,10400
GLBZ,20111220,8.01,8.2,8,8.07,4600
GLDD,20111220,5.21,5.57,5.21,5.56,299700
GLNG,20111220,43.52,44.44,43.43,44.41,654800
GLRE,20111220,23.16,23.59,23.09,23.49,157800
GNOM,20111220,2.85,3.08,2.85,3.04,247500
GNTX,20111220,13.745,14.135,13.665,14.055,540800
GOOD,20111220,17.29,17.59,16.98,17.44,65000
GOODO,20111220,23.76,24,23.5,23.6,3500
GOOG,20111220,314,315.92,313.995,315.185,2388100
GPRE,20111220,10.08,10.42,10.08,10.33,178900
GPRO,20111220,56.58,57.65,56,56.71,712500
GRFS,20111220,5.22,5.4,5.15,5.23,1469900
GRID,20111220,24.38,24.47,24.37,24.47,2500
GRMN,20111220,38.34,39.03,38.02,38.99,1504400
GROW,20111220,6.07,6.29,6.04,6.1,119700
GRPN,20111220,450,458,442,455,1104200
GRVY,20111220,5.24,5.32,5.04,5.32,13400
GSBC,20111220,23.59,23.94,23.48,23.86,32300
GSIT,20111220,4.63,4.7,4.63,4.7,82200
GSM,20111220,13.38,13.89,13.32,13.61,825000
GT,20111220,13.44,13.74,13.42,13.66,4167000
GTIM,20111220,1.33,1.33,1.19,1.19,400
GURE,20111220,10,10,9.3,9.85,317500
GYRO,20111220,101.5,102.02,101.27,101.5,7300
HA,20111220,6.16,6.23,6.05,6.16,360600
HAIN,20111220,18.565,18.91,18.5,18.9,330400
HALL,20111220,7.51,7.65,7.42,7.64,46900
HALO,20111220,9.44,9.52,9.34,9.48,651000
HAS,20111220,33.08,33.31,32.6,32.77,2694100
HAYN,20111220,51.76,55.12,51.59,54.7,91500
HBAN,20111220,5.1,5.29,5.1,5.27,15342900
HBANP,20111220,1068,1075,1065,1070,300
HBCP,20111220,15.35,15.49,15.31,15.43,3100
HBIO,20111220,4.14,4.16,4.06,4.1,78800
HBNC,20111220,5.1793,5.1793,5.1259,5.1733,500
HCCI,20111220,18.21,19.33,18.08,19,114500
HCII,20111220,8.01,8.01,7.94,7.99,2600
HCIIW,20111220,0.58,0.58,0.49,0.49,200
HCKT,20111220,3.79,3.97,3.79,3.94,92400
HCSG,20111220,17.54,18.14,17.52,18.07,322700
HDSN,20111220,1.42,1.43,1.37,1.4,7500
HEES,20111220,13.31,14.16,13.05,14.12,216200
HELE,20111220,29.34,30.22,29.08,30.17,155700
HERO,20111220,3.99,4.25,3.99,4.21,2537500
HFBL,20111220,14.47,14.47,13.65,13.8,49200
HFWA,20111220,13.05,13.07,12.85,13,73400
HGSH,20111220,1.58,1.58,1.56,1.56,700
HIBB,20111220,44.93,46.16,44.93,46.04,377500
HIFS,20111220,49.87,49.87,47.1,47.1,200
HIHO,20111220,2.18,2.2,1.92,2.2,7400
HIMX,20111220,1,1,0.98,0.99,342900
HLIT,20111220,5,5.2,4.88,5.16,865700
HMNF,20111220,2,2,1.82,2,3500
HNRG,20111220,10.16,10.47,10.07,10.47,12900
HOFT,20111220,10.75,11.05,10.7,10.85,29600
HOLI,20111220,7.79,7.95,7.57,7.9,451800
HOLX,20111220,16.79,17.18,16.79,16.92,2000100
HOMB,20111220,6.15,6.275,6.1275,6.2475,107900
HOOK,20111220,6.3,6.3,5.9,6,53100
HOVNP,20111220,1.31,1.44,1.3,1.36,19500
HRZN,20111220,16.06,16.12,15.76,15.99,19200
HSIC,20111220,62.98,64.79,62.98,64.26,377400
HSII,20111220,21.68,22.4,21.43,22.03,152700
HSKA,20111220,6.9,7.06,6.85,6.97,19400
HSTM,20111220,17.5,18.49,17.32,18.47,396000
HTBK,20111220,4.94,5.26,4.91,5.2,65100
HTHT,20111220,3.2175,3.3075,3.2175,3.29,127400
HTLD,20111220,13.99,14.31,13.83,14.26,407800
HTLF,20111220,15.88,16.48,15.85,16.44,40900
HUBG,20111220,31.32,32.47,31.13,32.41,197500
HURC,20111220,21.25,21.4,21.01,21.18,30800
HURN,20111220,38.82,39.13,38.38,38.97,221100
HWBK,20111220,6.17,6.17,5.75,5.89,4000
HWKN,20111220,36.28,37.99,36.05,37.75,32400
HZNP,20111220,4.5,5.26,4.4,5.25,56900
IART,20111220,15.58,15.785,15.535,15.63,256200
IBB,20111220,101.72,102.64,101.05,102.55,323500
IBCP,20111220,1.32,1.38,1.25,1.32,21300
IBKR,20111220,14.62,14.98,14.6,14.83,427900
IBOC,20111220,17.49,18.09,17.25,17.91,386300
ICAD,20111220,0.54,0.58,0.51,0.54,17600
ICCC,20111220,4.53,4.81,4.53,4.6,300
ICFI,20111220,26.23,27.55,26.05,27.24,124000
ICLN,20111220,8.25,8.47,8.25,8.47,54500
ICLR,20111220,16.59,17.02,16.32,16.82,175600
ICUI,20111220,44.49,44.8,44.36,44.5,68100
IDCC,20111220,39.69,40.4,39.51,40.32,1019000
IDRA,20111220,8.56,8.88,8.08,8.24,54000
IDXX,20111220,37.17,37.51,36.97,37.28,438600
IEP,20111220,36,38.5,35.55,36.57,9300
IESC,20111220,2.25,2.25,2,2.1,8200
IFGL,20111220,24.96,25.31,24.96,25.31,37900
IGOV,20111220,98.8,99.19,98.51,98.91,10500
III,20111220,1.04,1.06,0.95,1.04,159300
IIN,20111220,6.5,6.98,6.5,6.57,6300
IIVI,20111220,16.95,18.7,16.95,18.62,651400
IKNX,20111220,8.33,8.33,7.64,7.64,200
ILMN,20111220,26.68,27.06,26.44,26.71,2134300
IMGN,20111220,12,12.02,11.64,11.99,568100
IMKTA,20111220,15.34,15.34,15.05,15.24,69900
IMMR,20111220,5.07,5.2,5.04,5.15,165600
IMOS,20111220,5.02,5.05,4.92,4.96,37000
INCY,20111220,14.19,14.47,14.06,14.42,1917500
INDB,20111220,27.31,27.7,27.28,27.64,73300
INDY,20111220,19.64,20.02,19.64,19.96,292100
INFI,20111220,9.28,9.59,9.18,9.27,72700
INFN,20111220,6.39,6.46,6.31,6.4,912400
INMD,20111220,8,8.17,8,8.11,8600
INOD,20111220,3.82,3.89,3.74,3.87,41100
INSM,20111220,3.03,3.07,2.99,3.06,111900
INTC,20111220,23.49,23.98,23.44,23.84,46309800
INTG,20111220,19.47,19.47,18.48,18.48,800
INTU,20111220,52.15,53.84,51.93,53.76,3679400
INVE,20111220,20.4,21.3,20.2,21.3,169300
IOSP,20111220,28.84,29.13,28.54,28.73,456800
IPAR,20111220,17.43,18.21,15.86,16.39,391200
IPGP,20111220,34.52,35.75,34.5,35.6,278100
IRBT,20111220,30.21,31.11,29.73,30.9,192300
IRDM,20111220,7.2,7.61,7.19,7.58,593800
IRIX,20111220,3.58,3.74,3.5,3.56,800
IROQ,20111220,11.25,11.25,11.14,11.25,2700
IRWD,20111220,11.46,12.05,11.46,11.95,189700
ISBC,20111220,5.1725,5.2902,5.1647,5.2706,180100
ISHG,20111220,97.58,97.99,97.37,97.64,3100
ISIG,20111220,2.1,2.1,1.98,2.03,13300
ISLE,20111220,4.67,4.77,4.56,4.6,103900
ISRG,20111220,438.65,445.38,435.67,443.58,323800
ISSC,20111220,3.63,3.65,3.35,3.38,33100
ITIC,20111220,36.62,36.62,35.38,36.44,1000
ITRI,20111220,34.3,35.02,33.92,34.17,748000
ITRN,20111220,13.34,13.46,13.21,13.26,10600
IVAC,20111220,7.33,7.8,7.25,7.78,93100
JACK,20111220,20.69,20.95,20.67,20.88,339500
JAKK,20111220,139.2,140.3,137.2,137.5,467100
JAZZ,20111220,37.35,37.69,36.71,37.46,531100
JBHT,20111220,44.41,45.5,44.27,44.83,659600
JBLU,20111220,5.17,5.36,5.17,5.34,4438200
JBSS,20111220,7.26,7.35,7.2,7.25,80400
JCS,20111220,13.14,13.64,13.06,13.64,25200
JCTCF,20111220,2.05,2.05,1.975,1.975,1900
JJSF,20111220,52.51,53.27,52.03,53.11,65200
JKHY,20111220,33.48,34.06,33.42,34,541100
JOBS,20111220,21.895,22.24,21.55,21.915,42600
JOUT,20111220,15.67,16,15.2,16,16200
JRJC,20111220,17,17.4,17,17,44100
JSM,20111220,19.26,19.26,18.72,19.01,8400
JVA,20111220,8.17,8.19,7.57,7.67,337800
KALU,20111220,43.49,46.44,43.49,45.99,132300
KELYA,20111220,13.01,13.22,12.9,13.1,209000
KELYB,20111220,13.64,13.64,13.02,13.02,200
KEQU,20111220,7.97,7.98,7.95,7.97,4700
KFFB,20111220,9.2,9.2,8.75,8.75,1400
KFRC,20111220,10.98,11.59,10.85,11.57,202100
KINS,20111220,3.29,3.32,3.12,3.15,10300
KIRK,20111220,12.58,13.02,12.58,12.9,221400
KLAC,20111220,46.2,47.9,46.12,47.81,3847400
KLIC,20111220,8.89,9.27,8.81,9.25,1905700
KNDI,20111220,2.9,3.14,2.9,3.11,83800
KOPN,20111220,3.77,4.02,3.77,4.01,249200
KOSS,20111220,5.06,5.09,5.04,5.04,8900
KRNY,20111220,9.33,9.64,9.33,9.63,48800
KTCC,20111220,4.5,4.61,4.5,4.55,18600
KTOS,20111220,5.9,6.25,5.77,6.11,599900
KVHI,20111220,7.58,8,7.46,7.81,83700
LAKE,20111220,7.51,7.68,7.49,7.68,7300
LAMR,20111220,24.33,25.23,24.18,25.12,855600
LANC,20111220,71.28,72.04,71.05,71.22,132000
LARK,20111220,17.5,17.99,17.48,17.99,2500
LAWS,20111220,15.88,15.98,15.59,15.98,9300
LBAI,20111220,8.78,9.11,8.69,9.07,62600
LBTYA,20111220,20.184,20.6643,20.1533,20.5774,942800
LBTYB,20111220,40.24,40.24,40.24,40.24,100
LBTYK,20111220,38.5,39.39,38.32,39.13,209700
LCNB,20111220,12.76,12.9,12.76,12.9,2900
LCUT,20111220,11.9,12.11,11.82,11.98,51600
LECO,20111220,38.06,39.26,37.85,38.86,218500
LEDS,20111220,2.83,2.94,2.82,2.89,151400
LFUS,20111220,42.68,42.96,42.17,42.79,190000
LGND,20111220,11.87,12.08,11.87,12,98000
LHCG,20111220,12.89,13.25,12.88,13.18,194000
LIFE,20111220,544.32,558.46,540.26,557.76,1528800
LINC,20111220,7.8,8.04,7.64,7.88,148200
LIVE,20111220,1.8833,1.9333,1.5867,1.75,114600
LKFN,20111220,16.82,17.28,16.82,17.2467,52400
LKQ,20111220,14.85,15.145,14.85,14.975,630700
LLNW,20111220,2.77,2.98,2.77,2.96,907100
LMAT,20111220,5.51,5.8,5.46,5.8,7300
LMNR,20111220,16.49,17.36,16.36,17.36,16800
LNDC,20111220,5.33,5.59,5.27,5.56,89800
LOAN,20111220,0.95,0.95,0.84,0.85,600
LOGI,20111220,7.45,7.62,7.45,7.48,617100
LOOP,20111220,17.49,17.92,17.47,17.92,432700
LOPE,20111220,15.41,15.45,15.18,15.42,330500
LORL,20111220,61.69,63,61.58,62.93,46800
LPLA,20111220,28.7,29.28,28.7,29.09,202500
LPSN,20111220,12.95,12.95,12.73,12.85,343500
LPTH,20111220,1,1.01,0.98,1.01,5800
LQDT,20111220,37.69,38.45,37.36,38.1,229200
LRCX,20111220,35.44,36.47,35.36,36.05,8333300
LSBK,20111220,9.85,9.85,9.26,9.26,1900
LSCC,20111220,5.78,6,5.78,5.97,1540200
LSTR,20111220,46.7,47.96,46.67,47.89,253400
LTBR,20111220,129,132,126,129.6,44700
LTRX,20111220,2.6,2.83,2.47,2.61,4800
LULU,20111220,45.73,46.83,45.56,46.77,2121600
LUNA,20111220,1.4,1.49,1.19,1.34,68400
LWAY,20111220,9.86,9.89,9.67,9.84,9600
LXRX,20111220,7.28,7.98,7.07,7.98,711500
LYTS,20111220,5.94,6.1,5.9,6.09,89200
MANH,20111220,10.8425,11.175,10.8425,11.1225,179300
MANT,20111220,31.4,32.4,31.33,32.28,195800
MARPS,20111220,23.52,25,23.52,23.7,2100
MASI,20111220,18.78,19.07,18.08,18.15,1022300
MAT,20111220,27.59,28.01,27.48,27.83,2501700
MATW,20111220,30.39,31.38,30.21,31.32,140200
MAYS,20111220,15.38,15.38,13.33,13.33,800
MBWM,20111220,9.8,9.8,9.65,9.8,6400
MCBC,20111220,2.15,2.25,2.1,2.11,31600
MCHP,20111220,34.67,35.78,34.67,35.7,2493100
MCHX,20111220,6.36,6.47,6.31,6.35,160100
MCRI,20111220,10.1,10.25,10.05,10.25,40000
MDRX,20111220,17.65,18.07,17.61,17.99,1550900
MELI,20111220,84.19,86.41,84.09,85.99,277400
MEOH,20111220,22.21,23.03,22.21,22.65,286800
MERC,20111220,6.53,6.53,6.33,6.37,121200
MGEE,20111220,30.5,30.9533,30.3133,30.74,89800
MGIC,20111220,5.41,5.46,5.36,5.44,84400
MGLN,20111220,48.41,49.2,48.3,48.99,179500
MGPI,20111220,4.35,4.86,4.35,4.86,31300
MGRC,20111220,28.2,28.72,27.84,28.62,196600
MGYR,20111220,2.81,2.84,2.3,2.84,700
MHLD,20111220,8.31,8.49,8.1,8.4,208300
MIDD,20111220,31.5767,32.4167,31.5767,32.37,106300
MIND,20111220,20.35,20.35,19.79,19.99,205200
MITK,20111220,7.19,7.81,7.19,7.4,392800
MKSI,20111220,27,28.37,27,28.03,409700
MKTX,20111220,29.77,31.59,29.55,31.16,355200
MLAB,20111220,40.43,40.61,39.9,40.58,3100
MLHR,20111220,20.56,21.7,20.56,21.6,452400
MLVF,20111220,5.89,6,5.89,6,900
MMLP,20111220,33.35,33.71,33.35,33.42,37100
MMSI,20111220,13.5,13.7,13.48,13.68,273200
MMYT,20111220,24.82,25.1,24.39,24.8,72500
MNDO,20111220,2.07,2.08,1.9,1.95,56100
MNKD,20111220,13.95,14.1,13.45,14,538700
MNOV,20111220,1.88,1.94,1.8,1.92,6600
MNRO,20111220,38.49,40,38.47,39.88,202700
MNST,20111220,16.0383,16.2533,16.0383,16.1883,735900
MNTX,20111220,4.1,4.33,4.1,4.24,105000
MOFG,20111220,14.43,14.47,14.3,14.3,6700
MORN,20111220,58.52,59.18,58.46,58.92,77200
MOSY,20111220,588,598,582,594,121400
MOVE,20111220,5.99,6.2,5.77,6.01,707800
MPAA,20111220,7.21,7.34,7.03,7.3,176400
MPAC,20111220,6.7,6.7,6.49,6.68,8100
MPB,20111220,8.06,8.16,7.4,7.74,3500
MPWR,20111220,13.95,14.55,13.95,14.54,224000
MRCY,20111220,12.71,13.09,12.7,13.08,134200
MRLN,20111220,13.1,13.4,13,13.3,87200
MRNA,20111220,0.13,0.13,0.13,0.13,1473500
MRTN,20111220,8.0755,8.3111,8.0755,8.2755,66500
MRVL,20111220,13.47,13.93,13.39,13.9,12354000
MSEX,20111220,18.22,18.6,18.22,18.55,57800
MSFT,20111220,25.86,26.1,25.81,26.02,60767500
MSON,20111220,2.04,2.04,1.87,1.99,600
MSTR,20111220,108.25,109.65,106.9,107.15,117600
MTEX,20111220,4.9,5.3,4.9,4.9,24200
MTRX,20111220,8.96,9.49,8.88,9.45,142600
MU,20111220,5.59,5.82,5.58,5.79,19291900
MVIS,20111220,2.8,3.2,2.8,3.12,999200
MYGN,20111220,20.42,20.66,20.33,20.61,562300
MYRG,20111220,18.39,19.15,18.38,19.14,95500
NAII,20111220,8.09,8.44,8.07,8.31,19800
NATH,20111220,21.1,21.1,21.05,21.05,14900
NATI,20111220,24.97,25.82,24.97,25.54,173200
NATR,20111220,15.5,16.52,15.5,15.94,61100
NBIX,20111220,7.88,8.19,7.76,8.15,371100
NBN,20111220,11.63,12.62,11.27,11.31,3100
NBTB,20111220,21.69,22,21.58,21.93,117300
NCMI,20111220,12.17,12.33,12.07,12.29,441800
NCTY,20111220,242.7,248.4,238.8,243,40200
NDAQ,20111220,23.97,24.56,23.97,24.43,1282800
NDSN,20111220,40.53,41.95,40.27,41.34,290500
NECB,20111220,5.58,5.64,5.58,5.58,800
NEOG,20111220,17.055,17.16,16.445,16.52,266800
NEPT,20111220,2.5,2.51,2.36,2.43,62900
NEWT,20111220,5.5,5.7,5.4,5.5,6600
NFBK,20111220,14.15,14.49,14.04,14.38,61000
NFLX,20111220,9.8071,10.2271,9.7457,10.2,4415800
NICE,20111220,33.19,34.18,33.19,34.15,219600
NICK,20111220,12.13,12.9,12.13,12.9,29800
NKSH,20111220,26.84,27.54,26.52,27.52,24400
NKTR,20111220,5.26,5.39,5.2,5.39,1494300
NNBR,20111220,5.54,5.7,5.49,5.62,128200
NRIM,20111220,17.11,17.19,17,17.19,11000
NSEC,20111220,8.51,9.05,8.4,9.05,12900
NSIT,20111220,14.56,15.56,14.56,15.51,200300
NSSC,20111220,2.17,2.2,2.16,2.17,37800
NSYS,20111220,2.5,2.66,2.43,2.6,12500
NTAP,20111220,35.63,36.24,35.5,36.13,6149400
NTCT,20111220,17.85,18.49,17.3,18.46,371100
NTES,20111220,9.364,9.576,9.278,9.542,475700
NTGR,20111220,35.27,36.51,35.27,36.21,310300
NTIC,20111220,6.4,6.4,5.785,6.005,3800
NTRS,20111220,38.91,39.65,38.76,39.44,2093800
NTWK,20111220,4.6,5.9,4.6,5.2,1217600
NUAN,20111220,24.78,25.64,24.73,25.63,5308100
NURO,20111220,282.24,289.92,266.88,272.64,18400
NUVA,20111220,11.31,11.79,11.26,11.67,1373500
NVAX,20111220,26.4,26.4,25.2,25.4,1096200
NVDA,20111220,3.365,3.4875,3.365,3.475,11138000
NVEC,20111220,55.99,58.75,55.84,58.39,16500
NVMI,20111220,7.15,7.25,7.15,7.2,82200
NWBI,20111220,12.28,12.46,12.22,12.44,507900
NWFL,20111220,26.22,26.22,25.6,25.6,300
NWLI,20111220,131.5,133.15,131.03,131.5,13000
NWPX,20111220,23.63,25.35,23.63,25.28,53200
NWS,20111220,17.47,17.86,17.47,17.83,3504100
NWSA,20111220,17.02,17.23,16.92,17.17,20304500
NXPI,20111220,14.71,15.04,14.6,14.95,2008900
NXST,20111220,7.64,7.88,7.51,7.84,48900
NYMT,20111220,7.4,7.4,7.2,7.23,582100
NYMX,20111220,8.23,8.32,8.07,8.29,101600
OBAS,20111220,5,5.15,4.9,4.95,49500
OBCI,20111220,2.04,2.05,1.98,1.98,4800
OCC,20111220,3.35,3.35,3.2,3.2,800
OCFC,20111220,13.32,13.79,13.28,13.73,54100
ODFL,20111220,26.3,27.1067,26.2267,26.94,366600
OFED,20111220,11.36,11.36,11.36,11.36,100
OFIX,20111220,33.19,34.34,33.01,34.14,111600
OFLX,20111220,14,14,13.65,13.96,4400
OIIM,20111220,4.06,4.12,4.02,4.07,312100
OMAB,20111220,13.12,13.87,12.82,13.12,17700
OMCL,20111220,16.95,17.12,16.64,16.9,309200
OMER,20111220,3.99,4.02,3.91,4.02,14900
OMEX,20111220,28.32,28.56,27.84,28.56,477100
ONCY,20111220,3.55,3.6,3.42,3.51,91100
ONEQ,20111220,101.13,102.5,101.13,102.5,4700
OPEN,20111220,40.79,44.88,40.57,44.78,1055200
OPHC,20111220,21.6,21.6,16.4,18,3100
OPNT,20111220,38.01,39.42,37.53,39.1,160800
OPOF,20111220,9.32,9.69,9.3,9.3,1700
ORLY,20111220,80,81.43,79.95,81.31,803300
ORRF,20111220,8.12,8.24,8.08,8.24,20800
OSBC,20111220,1.21,1.25,1.15,1.16,40200
OSIS,20111220,46.28,48.41,46.04,48.3,115500
OSTK,20111220,7.78,7.94,7.78,7.9,104600
OSUR,20111220,8.97,9.54,8.95,9.5,411100
OTEX,20111220,12.8325,13.3225,12.8275,13.1775,249700
OTTR,20111220,21.24,21.74,21.22,21.7,152200
OVBC,20111220,19.09,19.09,18.4,18.88,3500
OVLY,20111220,7.15,7.15,6.62,6.62,500
OXLC,20111220,13.2,13.69,13.1,13.22,10400
PAAS,20111220,21.82,22.49,21.74,22.22,751000
PACB,20111220,2.39,2.5,2.33,2.45,502100
PACW,20111220,18.13,18.98,18.02,18.86,197000
PANL,20111220,33.85,34.94,33.48,34.54,968600
PATK,20111220,1.5778,1.6667,1.4889,1.6222,6400
PAYX,20111220,30.14,30.59,29.99,30.24,3866400
PBCT,20111220,12.34,12.49,12.29,12.46,4750400
PBHC,20111220,8.92,9,8.92,9,200
PBIP,20111220,5.25,5.25,4.9,4.9,2200
PCAR,20111220,36.13,37.51,36.02,37.29,2542800
PCH,20111220,29.98,30.79,29.6,30.73,347900
PCOM,20111220,7.88,8,7.85,7.89,59200
PCRX,20111220,8.37,8.37,8.07,8.19,128800
PCTI,20111220,6.86,6.95,6.66,6.85,10400
PCYO,20111220,1.84,1.87,1.75,1.8,94700
PDCO,20111220,28.61,29.33,28.56,28.99,593700
PDEX,20111220,2.12,2.2,1.98,2.18,9300
PDFS,20111220,6.7,6.83,6.66,6.83,68400
PEBK,20111220,5.65,5.65,5.21,5.21,11000
PEBO,20111220,15.09,15.33,14.75,15.13,46100
PEGA,20111220,14.165,14.655,14.145,14.65,353700
PENN,20111220,36.23,37.1,36.21,36.87,437700
PERI,20111220,12.81,12.81,12.39,12.51,38000
PESI,20111220,7.5,7.7,6.75,7,221600
PETS,20111220,9.71,10.13,9.71,10.11,225000
PFBC,20111220,7.78,7.78,7.48,7.5,6700
PFIN,20111220,3.4,3.56,3.4,3.56,1300
PFLT,20111220,10.45,10.61,10.25,10.54,58800
PFSW,20111220,2.91,2.95,2.72,2.87,83600
PGC,20111220,10.37,10.39,10.16,10.39,2500
PKBK,20111220,5.0455,5.2909,5.0182,5.0545,3300
PKOH,20111220,18.68,19.09,18.42,19.08,31400
PLAB,20111220,5.8,6.15,5.8,6.05,700100
PLBC,20111220,2.37,2.37,2.25,2.34,1000
PLCE,20111220,53.85,54.36,52.63,53.79,528600
PLPC,20111220,58.89,59.83,58.26,59.64,10100
PLUG,20111220,2.11,2.14,2.01,2.07,154500
PLUS,20111220,14.22,14.5,13.86,14.145,32900
PLXS,20111220,27.57,28.16,26.57,27.97,310500
PMBC,20111220,3.22,3.36,3.18,3.18,11400
PMD,20111220,8.76,8.95,8.76,8.86,5700
PNBK,20111220,17.5,18.4,17.5,17.5,300
PNFP,20111220,15.52,16,15.48,16,312300
PNNT,20111220,10.2,10.45,10.15,10.41,536900
PNQI,20111220,34.25,34.77,34.19,34.72,23400
PNRG,20111220,22.3,22.3,19.76,21.3,900
PODD,20111220,18,18.23,17.68,18.22,445400
POOL,20111220,28.65,29.24,27.47,28.98,411700
POWI,20111220,16.6,16.975,16.355,16.91,194400
POWL,20111220,31.23,32.05,31.08,31.93,39100
PPBI,20111220,6.17,6.3,6.15,6.18,28200
PRAA,20111220,21.4833,22,21.4767,21.66,99200
PRFT,20111220,8.91,9.51,8.88,9.46,189200
PRFZ,20111220,58.54,59.63,58.54,59.63,115900
PRGS,20111220,19.78,20.39,19.78,20.31,439100
PRIM,20111220,14.83,15.03,14.74,15.03,455100
PROV,20111220,9.3,9.37,9.3,9.34,1200
PRPH,20111220,1.18,1.36,1.18,1.29,2300
PRTS,20111220,4.76,4.93,4.76,4.92,73200
PSCC,20111220,30.69,30.82,30.65,30.79,1900
PSCD,20111220,26.56,26.81,26.54,26.81,5200
PSCE,20111220,33.42,34.05,33,33.88,20300
PSCF,20111220,25.93,26.38,25.92,26.38,8500
PSCH,20111220,31.22,31.62,31.22,31.6,22100
PSCI,20111220,26.65,27.22,26.65,27.21,2300
PSCM,20111220,25.06,25.8,25.06,25.66,1300
PSCT,20111220,27.68,28.16,27.23,28.15,10700
PSCU,20111220,30.17,30.45,30.17,30.44,20600
PSEC,20111220,9.19,9.42,9.19,9.39,1440400
PSMT,20111220,69.15,70.75,69.09,70.58,149700
PSTI,20111220,26,26,25.4,25.7,54300
PTEN,20111220,18.94,19.95,18.87,19.8,5176600
PTIX,20111220,1.8,1.8,1.7,1.72,1700
PTNR,20111220,8.94,9.09,8.82,9.03,172200
PTSI,20111220,9.39,9.69,9.25,9.42,10300
PWOD,20111220,25.5267,26.34,25.0467,26.2,14400
PXLW,20111220,2.28,2.29,2.18,2.18,13300
PZZA,20111220,18.525,18.715,18.5,18.535,206900
QABA,20111220,22.72,22.72,22.63,22.71,1100
QADA,20111220,10.85,11.23,10.63,10.85,20100
QADB,20111220,10.55,10.9,10.23,10.76,19300
QCLN,20111220,9.36,9.47,9.36,9.46,9300
QCOM,20111220,52.87,54.34,52.79,54.1,14330700
QCRH,20111220,8.75,8.82,8.73,8.82,1000
QDEL,20111220,15.74,15.9,15.55,15.62,203100
QNST,20111220,9.97,10.11,9.91,9.98,294700
QQEW,20111220,22.65,23.02,22.65,23,18600
QQQ,20111220,55.2,56,55.17,55.93,81758700
QQQM,20111220,24.37,24.37,24.37,24.37,3000
QQQX,20111220,12.94,13.06,12.92,12.96,53600
QQXT,20111220,20.78,20.92,20.78,20.91,4000
QTEC,20111220,23.57,24.02,23.45,23.97,50400
QUIK,20111220,36.96,38.5,36.12,38.36,64200
RADA,20111220,3.92,3.92,3.6,3.7,900
RAIL,20111220,20.49,20.86,20.35,20.83,110600
RAM,20111220,1.13,1.16,1.1,1.14,167100
RAND,20111220,27.09,27.9,27,27,3800
RAVN,20111220,30.695,32.825,30.47,32.465,94700
RBCAA,20111220,22.89,23.45,22.89,23.04,47900
RBCN,20111220,91.8,97.7,91.8,96.1,325600
RCII,20111220,35.89,37.41,35.89,37.19,724100
RCKY,20111220,8.93,9.07,8.83,8.85,14200
RCMT,20111220,5.12,5.24,5,5.17,65300
RCON,20111220,2.2,2.2,1.8,1.8,5100
RDCM,20111220,4.29,4.55,4.2,4.46,26300
RDI,20111220,4.19,4.19,4.11,4.18,5100
RDIB,20111220,4.26,4.26,4.26,4.26,100
RDNT,20111220,2.03,2.26,1.99,2.21,99100
RDWR,20111220,15.265,15.615,15.235,15.575,161600
REED,20111220,1.33,1.35,1.22,1.25,24800
REFR,20111220,3.26,3.44,3.08,3.25,32100
REGN,20111220,53.81,56.03,53.77,55.03,1393300
RELL,20111220,12.25,12.39,12.1,12.25,85800
RENT,20111220,13.7,14.17,13.55,14.16,51700
RFIL,20111220,3.69,3.71,3.69,3.71,3700
RGCO,20111220,12.1267,12.1333,11.76,12.04,600
RGEN,20111220,3.33,3.34,3.29,3.33,8000
RGLD,20111220,68.91,70.07,68.83,69.99,791000
RICK,20111220,8.71,8.94,8.66,8.84,77800
RIGL,20111220,7.24,7.54,7.23,7.51,297400
RMBS,20111220,7.11,7.3,7.06,7.25,1428800
RMCF,20111220,9.01,9.01,8.71,8.71,9400
RMTI,20111220,7.79,8.34,7.79,8.25,91200
RNST,20111220,14.79,14.96,14.68,14.95,121500
RNWK,20111220,7.38,7.88,7.38,7.86,106700
ROCK,20111220,13.69,14.04,13.44,13.75,217000
ROIC,20111220,11.6,11.7,11.54,11.67,455600
ROLL,20111220,41.05,42.08,40.78,41.61,117200
ROST,20111220,23.51,23.98,23.485,23.93,1995500
RPRX,20111220,4.86,4.93,4.77,4.86,27500
RRGB,20111220,27.13,28.79,27.13,28.68,109800
RUSHA,20111220,12.7333,13.0733,12.7333,12.9867,239000
RUSHB,20111220,10.6,10.6667,10.38,10.5,5500
RUTH,20111220,5.22,5.51,5.19,5.45,247800
RVSB,20111220,2.26,2.3,2.26,2.27,5400
RYAAY,20111220,29.77,29.94,29.64,29.64,123200
SAFM,20111220,51.07,51.74,48.2,48.93,845000
SAFT,20111220,39.66,40.83,39.66,40.76,39000
SAIA,20111220,8.4867,8.8933,8.4733,8.8733,117700
SALM,20111220,2.28,2.33,2.16,2.25,42500
SANM,20111220,8.94,9.23,8.79,9.15,720500
SANW,20111220,4.65,4.69,4.6,4.61,14900
SASR,20111220,18.37,18.78,17.86,18.64,105700
SATS,20111220,16.9406,17.1113,16.8431,16.9569,432500
SBAC,20111220,40.23,41.71,40.17,41.57,1610800
SBCF,20111220,7,7.3,6.9,7.3,225200
SBGI,20111220,10.81,11.08,10.71,11.06,540700
SBLK,20111220,73.5,74.25,64.5,67.5,1563300
SBNY,20111220,58.71,59.81,57.85,59.61,403400
SBRA,20111220,11.08,11.45,11.08,11.34,339500
SBSI,20111220,20.7333,21.019,20.6762,20.9143,89300
SBUX,20111220,22.065,22.575,22.05,22.53,6500100
SCHL,20111220,27.61,27.95,27.31,27.87,164600
SCHN,20111220,41.61,43.5,41.61,42.69,480100
SCKT,20111220,2.06,2.17,2.03,2.03,400
SCOR,20111220,18.65,19.54,18.65,19.53,164800
SCSC,20111220,34.3,35.59,34.3,35.49,112600
SCVL,20111220,16.0333,16.9467,16.02,16.9133,109200
SEAC,20111220,7.1,7.14,7,7.13,141200
SEED,20111220,25.5,25.5,25,25.1,70600
SEIC,20111220,16.3,16.84,16.29,16.78,804200
SENEA,20111220,25.38,25.98,24.82,25.98,37800
SENEB,20111220,25.03,25.68,25.03,25.68,1600
SFNC,20111220,13.615,13.96,13.54,13.915,60000
SFST,20111220,7,7,6.9,6.9,200
SGC,20111220,12.37,12.7,12.25,12.47,2100
SGEN,20111220,16.37,16.89,16.2,16.79,1778800
SGMA,20111220,3.6,3.8,3.5,3.74,10400
SGMO,20111220,2.73,2.79,2.68,2.76,240800
SGMS,20111220,7.89,8.06,7.85,8.02,460200
SGOC,20111220,6.4,6.4,6,6.24,7700
SGRP,20111220,1.13,1.13,1.03,1.03,300
SHBI,20111220,5.2,5.25,5.01,5.14,20400
SHEN,20111220,5.625,5.635,5.42,5.52,94900
SHIP,20111220,3084,3312,2712,2820,7500
SHOO,20111220,15.2445,15.4445,15.2311,15.3822,328100
SHY,20111220,84.52,84.52,84.49,84.51,1549100
SIEB,20111220,1.34,1.51,1.32,1.35,7200
SIFY,20111220,4.14,4.35,4.14,4.18,250400
SIGA,20111220,2.08,2.19,2,2.19,592400
SIGI,20111220,17.88,17.88,17.56,17.69,309100
SILC,20111220,17.48,17.69,17.48,17.69,3500
SIMO,20111220,19.5,20.84,19.5,20.83,1038000
SINO,20111220,11.1,12.25,11.1,11.65,17400
SIRI,20111220,1.83,1.84,1.8,1.83,34494800
SIVB,20111220,45.16,46.81,45.16,46.51,276200
SKYW,20111220,12.55,12.87,12.34,12.77,314000
SKYY,20111220,17.45,17.59,17.27,17.59,29700
SLAB,20111220,41.59,42.97,41.48,42.7,193200
SLGN,20111220,18.975,19.09,18.74,18.865,207900
SLM,20111220,4.7786,4.8714,4.7357,4.85,2694900
SLMBP,20111220,39.5,39.5,39.5,39.5,300
SLP,20111220,3,3.1,2.98,3.08,8300
SLRC,20111220,21.47,21.75,21.43,21.52,398400
SMBC,20111220,11.025,11.025,10.56,10.99,300
SMCI,20111220,14.76,15.67,14.75,15.61,163200
SMED,20111220,4.13,4.26,3.96,4.06,38300
SMIT,20111220,3.44,3.45,3.32,3.45,1800
SMMF,20111220,3.3,3.3,3.25,3.3,2800
SMSI,20111220,4.6,4.76,4.6,4.68,368800
SMTC,20111220,23.08,24,23.06,23.94,420400
SNCR,20111220,32.38,33.13,31.89,33.11,316300
SNFCA,20111220,1.35,1.37,1.26,1.37,3700
SNPS,20111220,26.84,27.46,26.65,27.39,749300
SOCL,20111220,13.12,13.21,13.01,13.2,1500
SOHU,20111220,47.7,49.62,47.06,49.33,1055900
SONO,20111220,53.82,53.86,53.67,53.82,825200
SOXX,20111220,47.92,48.88,47.92,48.71,661200
SPBC,20111220,10.4,10.4,10.02,10.02,300
SPNS,20111220,3,3,2.81,3,11300
SPPI,20111220,14.91,15,14.31,14.5,2289800
SPRO,20111220,1.88,1.99,1.81,1.88,9000
SPSC,20111220,26.05,26.47,26.05,26.24,54700
SPTN,20111220,18.33,18.6,18.19,18.52,82800
SPWR,20111220,5.2,5.55,5.18,5.45,903600
SQQQ,20111220,26316.8,26342.4,25113.6,25216,2823100
SRCE,20111220,24.53,25.31,24.49,25.1,49800
SRCL,20111220,77.52,79,77.47,78.37,357800
SRDX,20111220,14.29,14.98,14.29,14.85,238200
SREV,20111220,14.88,15.6,14.52,15.35,1152600
SSBI,20111220,5.47,5.59,5.23,5.28,1500
SSNC,20111220,17.84,18.34,17.52,18.32,249000
SSYS,20111220,30.28,31.59,29.93,31.08,185400
STAA,20111220,10.88,11.1,10.77,10.91,301200
STBA,20111220,19,19.53,18.99,19.5,103600
STFC,20111220,12.92,13.29,12.85,13.26,57500
STKL,20111220,5.04,5.18,5,5.05,118000
STLD,20111220,12.31,12.94,12.31,12.8,3023300
STRA,20111220,92.97,93.95,91.88,92.53,155900
STRC,20111220,4,4.15,3.95,3.95,1900
STRL,20111220,11.44,11.8,11.25,11.6,55600
STRM,20111220,1.58,1.58,1.43,1.53,14700
STRN,20111220,4.97,5.07,4.82,4.97,37000
STRS,20111220,7.23,7.85,7.17,7.2,6500
STRT,20111220,21.42,22.4,21.42,22.06,6900
STSA,20111220,15.89,16.29,15.68,16.23,107900
STX,20111220,15.43,15.89,15.41,15.73,8811800
SUMR,20111220,61.92,63.27,61.65,62.91,45900
SUNS,20111220,16,16.1,15.83,15.99,29500
SURG,20111220,7.15,7.15,6.97,7.12,116100
SVBI,20111220,2.35,2.35,2.35,2.35,100
SVVC,20111220,14.55,14.82,14.55,14.81,3300
SWIR,20111220,6.14,6.5,6.12,6.47,111900
SWKS,20111220,15,15.57,14.98,15.53,5916300
SYBT,20111220,13.74,13.9,13.5667,13.8933,39300
SYNA,20111220,29.51,30.25,29.51,30,364700
SYNL,20111220,10.35,10.35,10.02,10.15,4200
SYPR,20111220,3.94,4.15,3.93,3.95,5500
TACT,20111220,7.68,7.86,7.6,7.85,34200
TAIT,20111220,1.08,1.08,1.04,1.08,1000
TAST,20111220,10.74,11.71,10.74,11.49,89200
TATT,20111220,4.26,4.35,3.9,4.24,17400
TAYD,20111220,6.72,6.79,6.64,6.79,12400
TBBK,20111220,7.43,7.56,7.36,7.51,104700
TBNK,20111220,19.7,19.9,19.68,19.78,56900
TCBI,20111220,28.52,29.45,28.52,29.37,292100
TCBK,20111220,14.33,14.64,14.33,14.54,38400
TCX,20111220,3,3.04,2.96,3,338400
TECH,20111220,67.54,68.76,67.4,68.25,111300
TESS,20111220,14.11,14.24,13.68,13.77,19200
TFSL,20111220,8.74,8.82,8.68,8.82,477100
TGA,20111220,7.32,7.87,7.32,7.84,166200
THFF,20111220,32.56,33.61,32.56,33.48,30700
THRX,20111220,21.97,23.01,21.86,22.97,292400
TIGR,20111220,2.05,2.12,2,2,27600
TITN,20111220,21.39,21.39,20.94,21.33,315600
TLT,20111220,122.67,122.67,120.61,120.78,13946800
TNDM,20111220,10,10.48,10,10.42,154600
TOPS,20111220,14350000,14700000,14000000,14000000,6900
TOWN,20111220,12.35,12.75,12.29,12.73,160900
TQQQ,20111220,2.7454,2.8608,2.7438,2.8521,1400200
TREE,20111220,5.35,5.39,5.21,5.39,8300
TRIB,20111220,10.25,10.49,10.25,10.33,21200
TRIT,20111220,4.24,4.4,4.12,4.33,127400
TRMB,20111220,21.73,22.5,21.71,22.465,454900
TRMD,20111220,7.1,7.4,6.6,6.8,16400
TRMK,20111220,22.84,23.28,22.82,23.22,577200
TRNS,20111220,11.72,11.74,11.13,11.13,400
TROW,20111220,54.9,56.56,54.78,56.45,1930600
TRS,20111220,16.49,17.39,16.1,17.38,279700
TRST,20111220,5.4,5.55,5.37,5.54,412500
TSBK,20111220,3.94,3.99,3.75,3.96,9500
TSCO,20111220,35.83,36.475,35.83,36.375,628400
TSEM,20111220,9.45,9.45,9.3,9.45,272700
TSLA,20111220,5.61,5.69,5.544,5.58,844300
TSRI,20111220,3.99,4.14,3.91,4.05,3300
TTEC,20111220,15.77,16.25,15.71,16,150900
TTEK,20111220,21.25,21.57,21.16,21.51,296400
TTGT,20111220,6.71,6.91,6.67,6.9,59900
TTMI,20111220,11.14,11.59,11.14,11.55,468200
TTWO,20111220,13.68,13.94,13.61,13.76,1569000
TW,20111220,59.34,60.11,58.76,59.89,179100
TWIN,20111220,37.17,37.93,37,37.73,87400
TXN,20111220,28.35,29.49,28.35,29.39,14606300
TXRH,20111220,14.22,14.45,14.17,14.37,497900
TZOO,20111220,27.04,27.68,26.43,27,398400
UBCP,20111220,8.6,8.65,8.26,8.65,9600
UBFO,20111220,2.33,2.67,2.2,2.25,6500
UBOH,20111220,7.08,7.2,6.95,6.95,8300
UBSI,20111220,28.11,28.65,27.81,28.07,406500
UCBI,20111220,6.58,6.7,6.58,6.64,192800
UCTT,20111220,6.07,6.28,6,6.24,104100
UEIC,20111220,16.07,17,15.95,16.98,168700
UEPS,20111220,8.2,8.2,7.95,8.08,140500
UFCS,20111220,20.25,20.57,20.14,20.47,91800
UFPI,20111220,28.16,30.5,28.16,29.97,177400
UFPT,20111220,15.23,15.27,14.67,15.01,11500
UG,20111220,15,15.16,14.8,14.8,3200
UHAL,20111220,83.21,85.97,83.21,85.75,45400
ULBI,20111220,4.13,4.22,4.11,4.19,49200
ULTA,20111220,65.66,67.47,65.12,66.97,653400
UMBF,20111220,35.82,36.73,35.81,36.68,134300
UMPQ,20111220,12.2,12.41,12.15,12.37,1419300
UNAM,20111220,12.04,12.29,11.55,11.94,4300
UNB,20111220,18.11,18.9,18.11,18.8,1400
UNTY,20111220,6.4,6.4,6.25,6.3,700
URBN,20111220,26.65,27.14,26.51,27.08,2186700
USAK,20111220,7.76,8.23,7.76,8.05,7700
USAP,20111220,33.88,37.66,33.27,37.58,155700
USEG,20111220,163.2,173.4,162,172.2,166400
USLM,20111220,59.65,60.5,58.2,60.07,13900
UTHR,20111220,43.68,44.59,43.52,44.52,1267400
UTMD,20111220,27.14,27.36,26.3,27.1,1700
UTSI,20111220,4.2,4.26,4.14,4.2,78800
UVSP,20111220,14.47,14.97,14.47,14.92,46800
VALU,20111220,10.71,10.88,10.34,10.44,7300
VBFC,20111220,21.6,24.8,21.6,21.6,4000
VCIT,20111220,82.13,82.14,81.86,82,113500
VCLT,20111220,86.41,86.71,85.78,86.05,82000
VCSH,20111220,77.82,77.9,77.75,77.87,246000
VECO,20111220,22.08,22.8,21.83,22.27,1190000
VGIT,20111220,65.77,65.77,65.57,65.65,15300
VGLT,20111220,75.99,76.09,74.92,75.09,22700
VGSH,20111220,61,61.07,61,61.02,21400
VIA,20111220,47.17,49.92,46.75,49.5,63500
VICR,20111220,7.89,8.39,7.89,8.3,114800
VIRC,20111220,1.39,1.4,1.32,1.34,9500
VIVO,20111220,19.03,19.27,18.09,19.18,329900
VLGEA,20111220,28.6,29.43,28.55,28.88,26600
VMBS,20111220,52.59,52.59,52.09,52.22,13100
VNDA,20111220,4.4,4.48,4.4,4.45,186900
VNET,20111220,9.45,9.6,9.2,9.57,173900
VNQI,20111220,41.59,42.14,41.59,42.12,36600
VOD,20111220,27.21,27.44,27.21,27.39,5420900
VONE,20111220,56.3,56.92,56.3,56.9,28100
VONG,20111220,58.6,59.09,58.17,59.08,8800
VONV,20111220,54.05,54.6,54.05,54.6,4600
VOXX,20111220,7.72,7.88,7.58,7.75,133700
VRA,20111220,31.51,31.79,30.04,30.5,1286900
VRNT,20111220,27.4,28.17,27.06,28.01,195000
VRSK,20111220,39.07,40,39,39.83,863400
VRSN,20111220,35.27,35.67,35.17,35.57,2651600
VRTS,20111220,74.94,76.22,74.86,75.34,26200
VRTX,20111220,33.86,34.45,33.22,33.4,3134200
VSAT,20111220,46.92,47.26,46.38,46.88,369600
VSEC,20111220,11.42,11.58,11.365,11.56,15100
VTHR,20111220,56.3,56.78,56.27,56.78,2100
VTWG,20111220,60.16,61.01,59.74,60.87,31000
VTWO,20111220,58.08,58.8,58.07,58.76,11800
VTWV,20111220,56.19,56.26,56.14,56.23,1500
VXUS,20111220,41.49,41.9,41.19,41.75,174500
WABC,20111220,42.47,43.05,42.16,42.91,170300
WAFD,20111220,13.32,13.63,13.32,13.52,637000
WASH,20111220,23.6,23.8,23.38,23.59,68500
WDC,20111220,31.08,32.2,31,31.89,3020800
WDFC,20111220,40.36,41.2,40.01,41.12,44500
WERN,20111220,23.48,23.89,23.42,23.8,448000
WETF,20111220,5.84,6.03,5.82,6,162900
WEYS,20111220,23.8,24.6,23.19,24.58,16700
WILC,20111220,4.51,4.62,4.51,4.58,10600
WINA,20111220,58.23,58.35,57.58,58.06,14400
WIRE,20111220,25.88,26.49,25.67,26.26,94200
WLDN,20111220,4.11,4.11,3.91,3.91,400
WLFC,20111220,10.8,11.39,10.75,11.3,13300
WOOD,20111220,35.32,36.05,35.31,35.97,47300
WOOF,20111220,19.51,19.69,19.43,19.6,364000
WPRT,20111220,29.71,31,29.71,30.87,1362900
WRLD,20111220,70.8,72.24,69.93,71.77,140200
WSBC,20111220,19.6,19.99,19.3,19.84,83800
WSBF,20111220,1.89,2.1,1.8,2.1,22900
WSFS,20111220,11.6067,12.1433,11.4133,12.1167,32900
WSTG,20111220,12.03,12.05,11.88,11.99,5200
WTBA,20111220,9.42,9.79,9.27,9.75,44300
WTFC,20111220,27.24,28,27.1,27.95,308900
WVFC,20111220,9.18,9.47,9,9,1100
WVVI,20111220,3,3.08,3,3,4500
WWD,20111220,37.5,40.97,37.47,40.83,648100
WYNN,20111220,104.48,107.72,104.22,107.58,1976700
XLNX,20111220,31.19,32.13,31.15,31.97,4949200
XOMA,20111220,22,23.2,20.8,22.2,273500
XRAY,20111220,34.9,35.7,34.9,35.41,1383100
XRTX,20111220,14.01,14.47,13.9,14.26,375800
YNDX,20111220,16.85,17.95,16.74,17.84,1171600
YORW,20111220,17.33,17.45,17.01,17.44,38100
Z,20111220,22.95,23.3,22.33,23.22,102800
ZBRA,20111220,35.81,36.81,35.64,36.23,155900
ZEUS,20111220,24.19,24.91,24.11,24.52,68500
ZGNX,20111220,11.76,12.8,10.48,12.8,247300
ZION,20111220,14.97,15.51,14.92,15.35,3668400
ZIOP,20111220,4.54,4.54,4.29,4.49,465900
ZIXI,20111220,2.84,3,2.81,2.95,505800
ZNGA,20111220,9.15,9.38,9.08,9.24,8366600
ZUMZ,20111220,27.78,28.79,27.55,28.78,488800
