AAL,20150624,42.7,42.92,42.07,42.24,6895900
AAME,20150624,3.56,3.71,3.54,3.69,2700
AAOI,20150624,18.44,19.99,18.29,19.2,1158500
AAON,20150624,23.05,23.36,22.93,23.04,112200
AAPL,20150624,31.8025,32.45,31.78,32.0275,55280800
AAWW,20150624,56.38,57.33,55.51,56.02,736700
AAXJ,20150624,65.46,65.65,65.15,65.15,1529000
ABCB,20150624,25.85,25.99,25.76,25.83,72500
ABEO,20150624,6.84,6.89,6.32,6.37,789200
ABIO,20150624,124.74,124.74,115.92,119.7,130200
ABMD,20150624,66.9,67.38,66.3,66.65,460000
ACAD,20150624,42.9,43.24,42.38,42.7,922400
ACET,20150624,25.5,25.65,24.96,25.08,90600
ACGL,20150624,22.4167,22.4167,22.3,22.3267,246400
ACHC,20150624,76.73,77.37,74.88,75.46,833600
ACIW,20150624,25.51,25.7,25.04,25.31,455700
ACLS,20150624,12.08,12.76,12.04,12.48,1395100
ACNB,20150624,20.67,20.67,20.67,20.67,200
ACOR,20150624,34.8,35.4,34.11,34.27,572700
ACRX,20150624,4.03,4.09,3.97,4,341100
ACST,20150624,3.4,3.4,3,3.3,81400
ACTG,20150624,9.7,9.79,9.56,9.62,354000
ACWI,20150624,62.09,62.24,61.85,61.86,567100
ACWX,20150624,46.46,46.55,46.28,46.31,154300
ADAP,20150624,19.74,19.94,19,19.28,168100
ADBE,20150624,83.22,84.36,82.97,83.4,4311100
ADI,20150624,67.46,67.65,66.75,66.84,1361900
ADMA,20150624,8.5,8.97,8.5,8.75,31800
ADMP,20150624,4.28,4.3,4.16,4.3,32600
ADMS,20150624,26.1,27.5,25.9,26.65,272700
ADP,20150624,84.64,84.76,83.6,83.63,1548300
ADRE,20150624,36.08,36.24,35.96,36.02,7700
ADSK,20150624,53.99,54.65,53.73,53.91,1607400
ADTN,20150624,16.82,16.92,16.69,16.73,515100
ADUS,20150624,28.33,28.47,28,28.1,49400
ADXS,20150624,309.15,311.7,299.7,304.2,1226200
AEHR,20150624,2.16,2.16,2.03,2.06,14800
AEIS,20150624,28.85,29.07,28.56,28.83,190400
AERI,20150624,18.83,19.73,18.75,18.8,793700
AEY,20150624,2.36,2.39,2.35,2.38,9300
AEZS,20150624,28,28,26,27,3378300
AFMD,20150624,12.64,13.29,12.38,13.23,286500
AGEN,20150624,8.58,8.62,8.34,8.48,1356800
AGIO,20150624,103.09,106.75,102.65,103.96,631200
AGNC,20150624,19.71,19.78,19.6,19.65,3077800
AGNCP,20150624,25.61,25.8,25.61,25.67,7400
AGRX,20150624,9.09,9.12,8.95,9,49100
AGTC,20150624,16.82,17.14,16.24,16.45,50900
AGYS,20150624,9.66,9.73,9.33,9.37,29200
AGZD,20150624,48.65,48.67,48.56,48.66,5700
AHPI,20150624,1.5,1.56,1.45,1.46,4700
AIMC,20150624,27.93,28.09,27.76,28.03,64500
AINV,20150624,21.9,22.05,21.81,21.87,1913000
AIQ,20150624,19.74,20.19,19.55,19.64,17200
AIRR,20150624,18.86,18.86,18.58,18.65,8700
AIRT,20150624,20.03,20.23,19.33,19.45,17100
AKAM,20150624,72.22,72.48,70.9,71.32,1509700
AKBA,20150624,9.67,9.67,9.1,9.3,403000
ALCO,20150624,47.95,49,47.13,47.14,23700
ALDX,20150624,7.42,8.02,7.42,7.99,5400
ALGN,20150624,62.95,63.17,60.93,61.12,959200
ALGT,20150624,179.08,180.06,176.32,178.49,117800
ALIM,20150624,4.82,4.85,4.71,4.75,46600
ALKS,20150624,66.97,66.97,65.51,65.66,613900
ALLT,20150624,7.5,7.54,7.43,7.44,71100
ALNY,20150624,130.01,130.81,122.44,123.66,1068900
ALOT,20150624,14.35,14.35,14.35,14.35,0
ALTR,20150624,51.33,51.39,51.2,51.22,4896500
AMAT,20150624,20.23,20.46,20.08,20.1,19194700
AMBA,20150624,100.94,102.62,98.53,101.6,4302200
AMCX,20150624,80.82,80.97,79.58,80.53,730000
AMD,20150624,2.6,2.66,2.57,2.62,17516700
AMED,20150624,40,40.69,39.06,39.49,387000
AMGN,20150624,161.53,161.84,159.28,159.89,2522600
AMKR,20150624,6.39,6.47,6.36,6.37,650900
AMNB,20150624,23.8,24,23.6,23.67,9900
AMOT,20150624,23.23,23.48,22.51,22.86,55000
AMPH,20150624,17.96,18.14,17.79,18,481100
AMRK,20150624,10.56,10.6,10.5,10.5,3500
AMRN,20150624,2.54,2.62,2.48,2.52,2089400
AMRS,20150624,28.5,28.5,27.75,27.75,239500
AMSC,20150624,5.6,5.63,5.37,5.45,117300
AMSF,20150624,47.96,48.18,47.4,47.8,46600
AMSWA,20150624,10.25,10.25,9.82,9.93,41900
AMTX,20150624,4.19,4.3,4.06,4.11,176100
AMWD,20150624,56.89,57.21,55.63,55.67,90900
AMZN,20150624,444.97,446.47,440.23,440.84,2620800
ANAT,20150624,103.6,104.73,103.2,103.2,27700
ANDE,20150624,42.96,43.22,42.22,42.7,155300
ANGI,20150624,6.34,6.51,6.32,6.43,705500
ANGO,20150624,16.72,16.74,16.35,16.45,60300
ANIK,20150624,35.15,35.15,34.32,34.59,83200
ANIP,20150624,63.25,64.63,62.55,63.31,401700
ANSS,20150624,91.69,91.98,90.99,91.09,249700
ANY,20150624,5.18,5.18,4.81,4.83,354300
AOSL,20150624,8.9,8.97,8.88,8.93,46100
APDN,20150624,134,138,133.6,136,70600
APEI,20150624,26.13,26.77,26.04,26.34,93200
APOG,20150624,60.16,60.5,58.73,60.06,365400
APPS,20150624,3.27,3.4,3.25,3.33,211200
APTO,20150624,5.25,5.5,5.25,5.4,22400
APWC,20150624,2.38,2.4,2.31,2.39,14600
ARAY,20150624,7.06,7.06,6.88,6.98,838100
ARCB,20150624,34.04,34.15,32.43,32.78,373700
ARCC,20150624,16.63,16.7,16.53,16.57,1016500
ARDX,20150624,16.81,17,15.75,15.93,110800
ARKR,20150624,25.35,25.49,25.02,25.48,1100
ARLP,20150624,24.73,25.02,24.73,24.91,156000
ARNA,20150624,44.3,45,43.5,43.7,2443500
AROW,20150624,27.2,27.24,26.94,27.04,16000
ARRY,20150624,7.86,7.9,7.6,7.63,1451500
ARTNA,20150624,21.27,21.54,21.21,21.22,16200
ARTW,20150624,5,5,5,5,400
ARWR,20150624,7.41,7.5,7.22,7.25,1288700
ASMB,20150624,16.57,16.99,16.23,16.62,68600
ASML,20150624,110.55,111,109.79,109.97,404800
ASND,20150624,17.43,17.54,16.82,16.82,57600
ASPS,20150624,31.9,32.46,30.93,31.82,354700
ASRV,20150624,3.25,3.28,3.2,3.27,815100
ASTC,20150624,2.82,2.85,2.76,2.79,18800
ASTE,20150624,43.25,43.47,42.71,42.8,42400
ASUR,20150624,6.11,6.24,6.06,6.11,3400
ASYS,20150624,10.27,10.34,10.13,10.17,49800
ATAI,20150624,5.25,5.3,5.15,5.17,7100
ATAX,20150624,5.7,5.75,5.7,5.75,59400
ATEC,20150624,16.2,16.68,16.2,16.56,56300
ATHX,20150624,1.25,1.32,1.24,1.28,596900
ATLC,20150624,3.03,3.24,3.03,3.23,10200
ATLO,20150624,26,26.39,25.36,25.92,21200
ATNI,20150624,71.06,71.69,69.77,70,42100
ATOS,20150624,225,232.2,223.2,223.2,86400
ATRA,20150624,53.51,54.61,51.72,52.09,246500
ATRC,20150624,24.75,24.75,24,24.07,110500
ATRI,20150624,382.09,382.09,374.5,380,6500
ATRO,20150624,71.97,72.43,71.35,71.94,82900
ATRS,20150624,2.33,2.35,2.24,2.24,743600
ATSG,20150624,10.47,10.59,10.41,10.47,193200
ATVI,20150624,25.39,25.56,25.24,25.44,6549100
AUBN,20150624,25.2,25.2,24.88,25.13,22500
AUDC,20150624,3.42,3.45,3.38,3.41,85200
AUPH,20150624,3.25,3.38,3.24,3.24,36100
AVAV,20150624,27.17,27.25,26.56,26.7,134200
AVEO,20150624,19.7,20,18.4,18.8,1751700
AVGO,20150624,142.06,142.22,139.83,139.97,2240100
AVGR,20150624,4820,5092,4820,5008,12700
AVID,20150624,15.11,15.22,13.78,14.28,2907400
AVNW,20150624,14.16,14.52,13.8,13.92,40800
AWRE,20150624,3.94,3.99,3.89,3.93,20300
AXDX,20150624,27.55,27.55,26.5,26.83,102400
AXGN,20150624,3.15,3.18,3.06,3.13,11200
AXTI,20150624,2.63,2.68,2.53,2.58,52900
AZPN,20150624,46.15,46.41,45.87,46.13,432600
BANF,20150624,66.23,66.79,65.73,66.34,17200
BANFP,20150624,27.8,27.8,27.8,27.8,0
BANR,20150624,49.13,49.34,48.7,48.76,106400
BANX,20150624,17.8,17.8,17.5,17.5,11300
BBBY,20150624,70.95,71.15,70.26,70.34,2580600
BBGI,20150624,4.67,4.82,4.64,4.8,5300
BBSI,20150624,38.98,39.28,37.65,37.87,82600
BCBP,20150624,12.4,12.47,12.21,12.32,1900
BCLI,20150624,3.68,3.79,3.68,3.73,68400
BCOR,20150624,16.24,16.46,16.2,16.39,203300
BCOV,20150624,7.37,7.45,7.23,7.25,131300
BCPC,20150624,63.62,63.68,58.08,58.42,429400
BCRX,20150624,14.84,15.22,14.07,14.38,1809000
BDSI,20150624,8.75,8.8,8.43,8.43,642300
BEAT,20150624,9.81,9.94,9.75,9.81,112100
BECN,20150624,32.85,33.1,32.62,32.94,306000
BELFA,20150624,19.41,19.41,19.41,19.41,0
BELFB,20150624,21.07,21.21,21.01,21.07,24100
BFIN,20150624,11.73,12.18,11.71,11.99,137200
BGCP,20150624,9.25,9.27,9.09,9.11,667600
BGFV,20150624,14.64,14.72,14.38,14.5,71500
BHACU,20150624,10.06,10.06,10.06,10.06,0
BIB,20150624,97,97.5,94.1,94.6,718900
BICK,20150624,24.25,24.26,24.24,24.26,1300
BIDU,20150624,211.89,212.33,209.12,210.32,1658000
BIIB,20150624,382.6572,383.173,377.9043,378.2543,990600
BIOC,20150624,83.7,84.3,79.5,82.2,818600
BIOL,20150624,8.9,9.2,8.75,8.8,27100
BIS,20150624,26.96,27.71,26.75,27.61,794100
BJRI,20150624,48.58,49.09,48.35,48.62,298200
BKCC,20150624,9.3,9.41,9.28,9.31,398800
BKEP,20150624,7.52,7.52,7.4,7.43,46500
BKEPP,20150624,8.55,8.56,8.55,8.55,1100
BKSC,20150624,16.92,16.92,16.2,16.42,400
BLBD,20150624,13.27,13.38,13.02,13.16,19200
BLCM,20150624,226.7,228,223.2,224.1,243100
BLDP,20150624,2.21,2.25,2.21,2.22,182300
BLFS,20150624,2.01,2.08,2.01,2.04,52900
BLIN,20150624,87.5,91.5,87,91,21200
BLKB,20150624,57.97,57.97,56.9,57.17,136300
BLMN,20150624,21.79,21.86,21.58,21.68,1195600
BLPH,20150624,119.85,119.85,113.4,119.55,9800
BLRX,20150624,33.75,35.7,33.45,34.05,1251400
BLUE,20150624,171.03,175,169.01,170.1,2673200
BMRC,20150624,25.25,25.25,24.975,25.105,7800
BMRN,20150624,138.85,139.87,136,136.49,1249800
BMTC,20150624,30.76,31,30.76,30.8,28200
BNDX,20150624,52.19,52.25,52.13,52.25,307000
BNFT,20150624,45.84,46.23,43.98,44.27,126400
BNSO,20150624,1.38,1.52,1.38,1.52,1100
BOKF,20150624,69.91,70.48,69.78,69.89,109000
BOOM,20150624,11.36,11.48,11.04,11.06,118000
BOSC,20150624,2.53,2.67,2.53,2.56,1700
BOTJ,20150624,11.3,11.3,11.3,11.3,400
BPMC,20150624,32.22,32.22,28,28.02,512100
BPOP,20150624,33.92,34.05,33.66,33.84,521400
BPOPM,20150624,20.99,20.99,20.99,20.99,0
BPOPN,20150624,22.07,22.07,21.85,21.97,1800
BPTH,20150624,280,292,270,288,233000
BRID,20150624,10.32,10.4,10.01,10.4,1000
BRKL,20150624,11.55,11.64,11.48,11.51,172700
BRKR,20150624,21.15,21.16,20.76,20.79,333700
BRKS,20150624,12.13,12.27,12.06,12.19,177100
BRLI,20150624,39.78,39.94,39.38,39.63,376500
BSET,20150624,28.08,28.57,27.93,28.22,61700
BSQR,20150624,7.66,7.66,7.35,7.47,125600
BSRR,20150624,16.85,17.01,16.81,16.9,27900
BUSE,20150624,6.62,6.7,6.58,6.69,101700
BVXV,20150624,4.98,5,4.77,5,21600
BWEN,20150624,3.93,4.04,3.93,3.97,17700
BWFG,20150624,18.32,18.32,17.95,17.96,5100
BYFC,20150624,1.49,1.49,1.49,1.49,200
BZUN,20150624,11.75,12.05,11.53,11.71,1070600
CAAS,20150624,8.75,8.88,8.73,8.85,45300
CAC,20150624,38.64,38.92,38.59,38.67,26400
CACC,20150624,237.3,237.42,226.72,228.4,61200
CAKE,20150624,54.43,54.86,54.43,54.51,364200
CALA,20150624,8.75,8.99,8.01,8.26,912800
CALM,20150624,53.68,54.15,53.59,53.86,478700
CAMP,20150624,19.3,19.33,18.86,18.92,440500
CAMT,20150624,2.85,2.87,2.83,2.85,58700
CAPR,20150624,52.3,54.8,51.2,52.2,24500
CAR,20150624,49.18,49.5,48.09,48.24,1182700
CARA,20150624,11.3,11.86,11.28,11.85,500000
CARV,20150624,5.1,5.15,4.91,4.91,7900
CARZ,20150624,40.36,40.36,40.05,40.05,3400
CASH,20150624,14.33,14.3333,14.2333,14.2667,23800
CASI,20150624,1.79,1.84,1.75,1.75,25300
CASS,20150624,56.32,56.92,55.13,56.69,42100
CASY,20150624,95.96,98.22,95.75,96.96,635200
CATY,20150624,33.06,33.43,32.85,33.21,673200
CBAN,20150624,8.95,8.95,8.71,8.73,3700
CBAY,20150624,3.03,3.07,2.96,2.97,43500
CBFV,20150624,19.85,19.94,19.8,19.86,2100
CBNK,20150624,16.59,16.74,16.59,16.74,1900
CBRL,20150624,147.43,148.72,146.01,146.42,255900
CBSH,20150624,47.51,47.83,47.13,47.24,1049100
CCBG,20150624,15.19,15.44,14.96,15.37,21000
CCD,20150624,23.57,23.57,22.86,23,94100
CCLP,20150624,17.88,18.53,17.79,18.5,92900
CCMP,20150624,47.87,48.31,47.71,47.86,83500
CCNE,20150624,18.72,18.72,18.51,18.63,20600
CCOI,20150624,34.09,34.8,33.86,34.35,712700
CCRN,20150624,12.58,12.78,12.4,12.73,235900
CCXI,20150624,8.61,8.81,8.37,8.39,105600
CDC,20150624,36.39,36.39,36.07,36.07,9500
CDK,20150624,55.36,55.5,54.8,55.27,962500
CDNA,20150624,6.35,6.88,6.27,6.68,47000
CDNS,20150624,20.03,20.07,19.82,20.03,3023600
CDTX,20150624,15.03,15.03,14.3,14.39,56100
CDW,20150624,37.09,37.17,36.42,36.51,630900
CDXS,20150624,4.41,4.55,4.37,4.5,112500
CDZI,20150624,9.36,9.36,8.87,9.03,67400
CECE,20150624,11.39,11.76,11.34,11.71,174100
CEMI,20150624,5.19,5.19,5.09,5.1,10100
CENT,20150624,10.28,10.41,10.21,10.37,28200
CENTA,20150624,11.08,11.17,10.99,11.13,79400
CENX,20150624,11.86,11.88,11.18,11.25,2003200
CERE,20150624,2.1,2.14,2.02,2.05,94800
CERN,20150624,69.76,69.95,68.44,69.12,1311300
CERS,20150624,5.62,5.66,5.34,5.38,934500
CEVA,20150624,20.76,20.92,20.44,20.64,82500
CFA,20150624,37.62,37.62,37.59,37.59,800
CFBK,20150624,7.37,7.59,6.875,6.875,43900
CFFI,20150624,37,37,36.25,36.3,2400
CFFN,20150624,12.11,12.2,12.08,12.14,545300
CFO,20150624,37.96,37.96,37.54,37.54,9900
CFRX,20150624,52.4,52.8,50.1,52,55400
CG,20150624,28.9,29.11,28.47,28.65,958200
CGEN,20150624,7.42,7.56,7.4,7.53,127800
CGNT,20150624,1.7,1.7,1.56,1.7,24100
CGNX,20150624,24.4,24.485,24.155,24.205,597600
CGO,20150624,13.87,13.93,13.63,13.92,26400
CHCI,20150624,0.57,0.67,0.52,0.62,22700
CHCO,20150624,49.54,49.73,49.08,49.57,45800
CHDN,20150624,41.7133,41.93,41.24,41.3067,36400
CHEF,20150624,21.36,21.65,20.81,20.86,96100
CHEK,20150624,36,36.36,36,36.36,700
CHI,20150624,12.81,12.85,12.67,12.67,158600
CHKP,20150624,83.13,83.13,80.94,81.54,2005600
CHMG,20150624,26.6,26.61,26.35,26.5,5100
CHNR,20150624,2.59,2.59,2.55,2.59,1400
CHRS,20150624,27.99,28.47,26.73,27.27,232700
CHRW,20150624,63.92,64.12,62.57,62.6,1170600
CHSCL,20150624,27.06,27.19,26.97,27.18,48000
CHSCM,20150624,25.47,25.59,25.42,25.53,24200
CHSCN,20150624,26.15,26.22,26.05,26.22,8900
CHSCO,20150624,27.9,27.91,27.61,27.91,14100
CHSCP,20150624,30.64,30.82,30.1,30.2,8500
CHTR,20150624,170,170.33,168,168.48,933600
CHUY,20150624,26.14,26.3,25.5,25.92,165700
CHW,20150624,8.99,9.02,8.89,8.96,151700
CHY,20150624,14.14,14.18,13.98,13.99,154600
CIDM,20150624,8.5,8.8,8.2,8.2,482800
CIGI,20150624,37.22,37.85,37.22,37.63,22600
CINF,20150624,51.43,51.49,50.95,50.96,486400
CIVB,20150624,10.89,11,10.86,10.97,1600
CIZ,20150624,36.7,36.73,36.55,36.59,4400
CIZN,20150624,20.1,20.2,20.1,20.15,600
CJJD,20150624,3.43,3.56,3.43,3.52,104800
CLBS,20150624,20.8,20.8,19.6,20,404300
CLDX,20150624,393.15,393.75,383.55,384.9,789700
CLFD,20150624,15.94,16.04,15.68,15.7,24000
CLIR,20150624,5.54,5.55,5.41,5.44,22800
CLLS,20150624,36.09,36.39,35.5,35.68,201300
CLMT,20150624,26.6,26.86,26.41,26.63,146800
CLNE,20150624,6.99,7.02,6.81,6.83,1316900
CLRB,20150624,303,317,290,290,44400
CLRO,20150624,13.48,13.8,13.28,13.63,19400
CLSN,20150624,2.49,2.5,2.41,2.44,56300
CLVS,20150624,88.28,88.67,85.22,85.89,553900
CLWT,20150624,1.7667,1.7667,1.7667,1.7667,200
CMCO,20150624,24.89,25.13,24.84,25.07,42300
CMCSA,20150624,30.385,30.495,30.125,30.18,7914400
CMCT,20150624,18.5,18.5,17.65,17.67,1500
CME,20150624,94.79,94.84,93.61,93.66,1255900
CMLS,20150624,17.68,17.92,17.04,17.44,1198400
CMPR,20150624,87.47,87.82,85.11,85.22,227100
CMRX,20150624,45.87,45.96,44.51,44.96,314800
CMTL,20150624,30.47,30.62,30.16,30.17,46700
CNBKA,20150624,39,39.97,38.94,39.19,17400
CNCE,20150624,15.5,17.6,15.5,16.23,357600
CNET,20150624,1.52,1.52,1.43,1.44,83900
CNOB,20150624,21.65,21.71,21.22,21.64,136600
CNSL,20150624,21.59,21.87,21.53,21.84,217300
CNTY,20150624,6.16,6.35,6.16,6.34,14500
COHR,20150624,66.54,66.64,65.25,66.29,137700
COHU,20150624,13.38,13.47,13.14,13.15,195000
COKE,20150624,143.78,145.98,143.29,143.32,33200
COLB,20150624,33,33.16,32.79,33.02,245700
COLL,20150624,17.89,19.14,17.51,18.8,63800
COLM,20150624,61.71,61.88,61.25,61.64,103300
COMM,20150624,31.74,32,31.33,31.47,554100
COMT,20150624,39.45,39.89,39.4,39.43,9600
CONE,20150624,30.06,30.26,29.91,30.1,7261600
CONN,20150624,41.94,42.61,41.19,41.65,604800
COOL,20150624,7.08,7.8,7.08,7.32,22900
CORT,20150624,6.74,6.79,6.43,6.48,438300
COST,20150624,139.34,139.86,138.28,138.34,1965800
COWN,20150624,6.28,6.31,6.18,6.19,1573000
COWNL,20150624,26.78,26.78,26.7,26.7,2700
CPHC,20150624,10.82,10.82,10.8,10.81,500
CPIX,20150624,7.56,7.56,7.44,7.48,14100
CPLP,20150624,8.41,8.41,8.15,8.15,543200
CPRT,20150624,17.965,17.985,17.81,17.83,311100
CPRX,20150624,4.31,4.67,4.02,4.13,5691900
CPSH,20150624,2.27,2.31,2.27,2.31,500
CPSI,20150624,54.89,54.89,54.3,54.52,42400
CPSS,20150624,6.52,6.71,6.49,6.68,126300
CRAI,20150624,29.03,29.05,28.48,28.79,40700
CRBP,20150624,3.22,3.27,3.12,3.16,64400
CREG,20150624,84,91,84,91,23500
CRESY,20150624,13.54,13.98,13.16,13.3,65200
CRIS,20150624,16.55,17.05,14.75,15.1,1118700
CRMT,20150624,51.18,51.64,50.79,50.8,22100
CRNT,20150624,1.16,1.18,1.11,1.12,86500
CROX,20150624,15,15,14.66,14.73,1604900
CRTO,20150624,47.43,47.83,46.32,47.34,376300
CRUS,20150624,35.82,36.04,35.17,35.33,706700
CRVL,20150624,33.4,33.41,32.65,32.81,38000
CRWS,20150624,7.91,8.05,7.91,8.03,8900
CSCO,20150624,28.79,28.85,28.49,28.51,20978700
CSF,20150624,40.43,40.43,40.15,40.15,3100
CSGP,20150624,205.34,206.9,202.37,203.51,135900
CSGS,20150624,31.92,32.1,31.78,31.81,108200
CSII,20150624,29.28,29.66,29.01,29.15,140800
CSIQ,20150624,32.69,32.73,32.01,32.36,1528100
CSOD,20150624,35.75,35.84,35.36,35.47,589400
CSPI,20150624,7.01,7.14,6.92,7.14,5000
CSQ,20150624,11.38,11.39,11.31,11.34,175200
CSTE,20150624,67.5,67.64,66.84,67.28,193700
CSWC,20150624,50.96,50.96,49.85,50.29,24000
CSX,20150624,34.76,34.96,33.74,33.89,16653900
CTAS,20150624,85.86,87.5,85.86,86.56,623700
CTBI,20150624,35.05,35.47,34.51,34.89,26100
CTG,20150624,8.09,8.14,7.87,7.88,66700
CTHR,20150624,1.55,1.59,1.45,1.5,80600
CTIB,20150624,3.64,3.64,3.64,3.64,100
CTIC,20150624,22.1,22.3,21.8,21.9,1238600
CTRE,20150624,13.28,13.39,12.82,12.9,74800
CTRN,20150624,25.59,25.73,25.32,25.42,50300
CTSH,20150624,63.05,63.72,62.99,63.02,3025900
CTSO,20150624,6.73,7.2,6.7,7.15,167000
CTXS,20150624,57.8662,58.2166,56.9904,57.0701,2115400
CUBA,20150624,10.65,10.78,10.12,10.22,100400
CUTR,20150624,15.06,15.84,15.03,15.64,170000
CVBF,20150624,17.88,17.99,17.76,17.85,436600
CVCO,20150624,75.67,77.26,75.38,75.96,29900
CVCY,20150624,11.29,11.41,11.12,11.41,70900
CVGI,20150624,7.41,7.46,7.31,7.34,123300
CVGW,20150624,53.91,54.08,53.72,53.93,57700
CVLT,20150624,44.68,44.74,44.03,44.19,569500
CVLY,20150624,20.74,20.74,20.74,20.74,0
CVV,20150624,12.22,12.39,12.21,12.25,5700
CWBC,20150624,6.6,6.66,6.59,6.6,2200
CWCO,20150624,12.78,12.99,12.71,12.8,72500
CWST,20150624,5.63,5.67,5.59,5.61,79500
CXDC,20150624,6.33,6.81,6.31,6.6,120200
CYAD,20150624,55.17,55.56,53.35,54.11,67000
CYAN,20150624,9.7,9.87,9.66,9.72,2000
CYBE,20150624,10.24,10.45,10.2,10.42,3400
CYBR,20150624,70.67,72.5,69.11,69.89,1936800
CYCC,20150624,223.2,228,194.4,201.6,767200
CYCCP,20150624,5.9,5.9,5.9,5.9,0
CYRN,20150624,2.17,2.18,2.09,2.09,58500
CYTK,20150624,6.72,6.75,6.54,6.61,118500
CZNC,20150624,20.66,20.85,20.59,20.64,19200
CZR,20150624,6.48,6.58,6.16,6.25,963000
CZWI,20150624,9.44,9.5,9.35,9.35,9600
DAIO,20150624,3.44,3.6,3.37,3.54,4700
DAKT,20150624,11.76,11.84,11.71,11.83,166300
DAX,20150624,27.96,27.96,27.56,27.56,12600
DBVT,20150624,27.48,28.24,27.48,28,187700
DCOM,20150624,17.29,17.5,17.1,17.42,156900
DCTH,20150624,17.12,17.44,16.64,16.64,110500
DENN,20150624,11.54,11.6,11.38,11.4,413000
DERM,20150624,16.4,16.8,16.31,16.46,22900
DGICA,20150624,15.23,15.39,15.2,15.28,28000
DGICB,20150624,20.88,20.88,20.13,20.13,400
DGII,20150624,9.8,9.9,9.62,9.69,79500
DGLY,20150624,14.27,14.33,14.02,14.11,88100
DGRE,20150624,24.06,24.06,23.92,23.95,2500
DGRS,20150624,30.29,30.29,30.14,30.18,3700
DGRW,20150624,31.76,31.9,31.64,31.66,68500
DHIL,20150624,199.79,199.79,196.54,198.11,6600
DIOD,20150624,25.49,25.49,25.2,25.34,141100
DISCA,20150624,33.9,34.12,33.65,33.75,1802900
DISCB,20150624,33.96,33.96,33.96,33.96,0
DISCK,20150624,32.08,32.1,31.6,31.76,1484500
DISH,20150624,70.3,70.46,69.24,69.34,1674800
DJCO,20150624,209.19,210,209.19,210,1400
DLHC,20150624,2.57,2.57,2.57,2.57,300
DLTR,20150624,80.4,80.98,80.17,80.57,1376800
DMLP,20150624,22.26,22.7,22.02,22.02,23100
DMRC,20150624,37.27,39,37.2,38.86,130500
DORM,20150624,49.5,49.86,48.77,49.03,302000
DOX,20150624,56.35,56.57,55.75,55.9,410100
DRNA,20150624,14.92,15.29,14.02,14.14,187000
DRRX,20150624,2.46,2.59,2.46,2.49,1630300
DSGX,20150624,16.42,16.61,16.36,16.37,56500
DSPG,20150624,10.87,10.87,10.7,10.8,34900
DSWL,20150624,1.8,1.85,1.78,1.85,14700
DTEA,20150624,22.65,23,22.05,22.24,143900
DVAX,20150624,22.07,22.24,21.62,21.74,318600
DWAT,20150624,10.64,10.64,10.64,10.64,300
DWSN,20150624,5.11,5.18,4.99,4.99,171400
DXCM,20150624,77.97,78.1,76.76,77.1,805300
DXGE,20150624,29.6,29.61,29.3,29.37,259700
DXJS,20150624,36.72,36.9,36.54,36.61,44000
DXLG,20150624,5.08,5.12,5.04,5.06,85700
DXPE,20150624,46.47,46.9,46.05,46.8,120800
DXYN,20150624,10.72,10.84,10.65,10.71,74600
DYNT,20150624,3.2,3.2,3.15,3.2,6800
EA,20150624,67.73,68.25,67.06,67.68,3317800
EAC,20150624,4.92,5.05,4.38,4.86,138100
EBAY,20150624,26.1516,26.2695,25.8989,25.9411,8430000
EBIX,20150624,34.03,34.23,33.36,33.37,292000
EBMT,20150624,10.85,10.94,10.84,10.85,18700
EBSB,20150624,13.18,13.29,13.14,13.24,230700
EBTC,20150624,22.01,23.1,22.01,22.75,5000
ECHO,20150624,34,34.21,32.95,33.03,371700
ECOL,20150624,49.5,49.95,48.38,48.59,72300
ECPG,20150624,43.11,43.57,43.11,43.46,254200
EDAP,20150624,3.52,3.57,3.45,3.48,25500
EDUC,20150624,2.5,2.5,2.485,2.485,2200
EEFT,20150624,62.17,62.17,60.5,60.91,204400
EEMA,20150624,62.43,62.66,62.03,62.27,10000
EFOI,20150624,36.5,38.6,36.5,38.1,89800
EFSC,20150624,23,23.14,22.89,22.97,30800
EGAN,20150624,4.95,5,4.95,5,4900
EGBN,20150624,44.79,45.24,44.62,44.87,126600
EGLE,20150624,967.4,994,942.2,987,150600
EGRX,20150624,87.3,88.45,85.38,87.12,255600
EHTH,20150624,12.91,13.06,12.86,12.95,87800
ELSE,20150624,4.22,4.22,4.17,4.18,700
ELTK,20150624,0.9,0.92,0.86,0.9,46400
EMCB,20150624,72.25,72.68,72.04,72.26,3200
EMCF,20150624,24.41,24.41,24.41,24.41,0
EMIF,20150624,34.33,34.33,34.03,34.03,2000
EMKR,20150624,6.25,6.4,6.2,6.3,436700
EML,20150624,19.01,19.81,18.69,19.05,94900
ENDP,20150624,83.93,84.22,82.18,82.26,1085400
ENG,20150624,1.42,1.44,1.35,1.41,41100
ENPH,20150624,8.85,8.87,8.51,8.68,525000
ENSG,20150624,26.57,26.575,26.105,26.32,115600
ENTA,20150624,46.26,46.93,44.59,44.67,245400
ENTG,20150624,14.84,15.03,14.75,14.91,1107100
ENVI,20150624,1.78,2.1,1.72,1.96,330500
EPAY,20150624,28.95,29.27,28.3,28.63,151900
EPZM,20150624,24.59,24.68,23.79,24.33,524500
EQIX,20150624,259.4,260.09,254.91,256.11,451600
ERIC,20150624,11.13,11.14,10.95,10.99,2130100
ERIE,20150624,82.78,83.29,82.11,82.29,26100
ERII,20150624,2.92,2.95,2.83,2.88,244800
ESBK,20150624,20.49,20.49,20.49,20.49,0
ESCA,20150624,20,20,19.12,19.18,27000
ESEA,20150624,5.28,5.92,5.28,5.76,23800
ESGR,20150624,159.98,161.24,157.29,157.58,43100
ESLT,20150624,78.68,79.07,78.52,78.52,7500
ESPR,20150624,79.29,84.98,79.25,84.02,1312500
ESSA,20150624,12.86,12.88,12.86,12.87,1100
ESXB,20150624,4.74,4.74,4.66,4.67,10000
ETSY,20150624,14.33,14.59,14.17,14.39,842400
EUFN,20150624,24.35,24.42,24.23,24.26,156900
EVK,20150624,5.48,5.48,5.48,5.48,100
EVLV,20150624,3.05,3.1,2.91,2.92,519300
EVOK,20150624,5,6.36,5,5.68,196200
EVOL,20150624,8.91,8.93,8.8,8.87,5500
EWBC,20150624,45.67,46.02,45.43,45.48,723800
EXAS,20150624,30.82,31.24,30.41,31.16,1801600
EXEL,20150624,4.05,4.11,3.81,3.84,2889700
EXLS,20150624,35.74,35.85,35.62,35.73,85000
EXPD,20150624,47.99,48.12,46.86,47.04,1157700
EXPE,20150624,109.62,110.5,108.94,108.98,1008600
EXPO,20150624,22.175,22.28,22.13,22.25,112500
EXTR,20150624,2.82,2.87,2.76,2.77,843300
EYES,20150624,128.48,131.2,124.24,125.84,764000
EZPW,20150624,8.2,8.34,8.16,8.24,519600
FANG,20150624,80,80.68,77.77,77.96,749900
FARM,20150624,25.26,25.28,24.43,24.62,32900
FARO,20150624,46.76,47.04,46.23,46.61,183900
FAST,20150624,21.645,21.7,21.49,21.52,1462700
FATE,20150624,6.37,6.58,6.18,6.3,78300
FB,20150624,87.66,89.25,87.45,88.86,41370200
FBIO,20150624,3.72,3.85,3.57,3.67,122500
FBIZ,20150624,46.66,46.8,45.55,46.11,21600
FBMS,20150624,16.78,16.89,16.3,16.68,1900
FBNC,20150624,16.86,16.9,16.37,16.81,31600
FCAP,20150624,26.8,26.91,26.75,26.86,1200
FCBC,20150624,18.06,18.2,18.06,18.18,31800
FCCO,20150624,12.09,12.14,11.77,12.14,37700
FCCY,20150624,11.4,11.63,11.4,11.61,700
FCEL,20150624,136.8,139.68,132.48,136.8,2300300
FCFS,20150624,47.29,47.6,47.15,47.27,111200
FCNCA,20150624,258.34,262.49,256.76,257.7,45100
FDIV,20150624,49.6,49.6,49.33,49.43,12400
FDUS,20150624,15.62,16.24,15.35,16.18,64700
FEIM,20150624,11.31,11.48,11.29,11.48,800
FELE,20150624,32.92,32.92,32,32.27,457700
FEMB,20150624,43.85,43.85,43.85,43.85,0
FEUZ,20150624,33.97,33.97,33.97,33.97,300
FFBC,20150624,18.39,18.59,18.38,18.45,220000
FFHL,20150624,0.97,1,0.97,0.99,11100
FFIC,20150624,21.58,21.8,21.34,21.75,142600
FFIN,20150624,17.03,17.375,17.015,17.18,255600
FFIV,20150624,127.84,127.85,125.79,126.04,509300
FFNW,20150624,12.2,12.25,12.05,12.05,61100
FFWM,20150624,9.385,9.44,9.385,9.44,900
FGEN,20150624,23.09,24.17,22.75,23.81,813000
FIBK,20150624,28.66,28.89,28.49,28.5,53300
FISI,20150624,25.07,25.26,24.87,24.91,26500
FISV,20150624,42.855,43.065,42.495,42.5,1393800
FITB,20150624,21.65,21.7,21.49,21.52,5866700
FITBI,20150624,28.17,28.25,28.03,28.22,62700
FIVE,20150624,40.27,40.35,39.59,39.78,659000
FIVN,20150624,5.81,5.81,5.39,5.49,465000
FIZZ,20150624,22.92,23.06,22.68,23.02,15900
FLDM,20150624,25.84,25.85,25.5,25.69,365600
FLEX,20150624,12,12.11,11.8,11.89,5731200
FLIC,20150624,28.25,28.73,27.7,28.21,21500
FLL,20150624,1.7,1.73,1.68,1.68,55700
FLWS,20150624,10.49,10.63,10.21,10.51,388600
FLXN,20150624,22.42,22.42,20.7,21.03,129800
FLXS,20150624,41.61,42.56,41.26,42.1,17000
FMB,20150624,51.26,51.27,51.26,51.27,600
FMBH,20150624,21.27,21.97,21.2,21.97,300
FMBI,20150624,19.33,19.46,19.2,19.23,289500
FMNB,20150624,8.03,8.2,8.03,8.2,10200
FNHC,20150624,25.36,25.64,24.55,24.59,93800
FNLC,20150624,18.9,19.38,18.8,19.12,37100
FNWB,20150624,12.28,12.4,12.28,12.4,15800
FOLD,20150624,14.08,14.09,13.45,13.55,1371100
FONR,20150624,10.92,10.92,10.76,10.83,19800
FORD,20150624,0.63,0.66,0.62,0.63,21200
FORM,20150624,9.45,9.57,9.37,9.48,273600
FORR,20150624,35.85,36.57,35.67,36.4,49600
FORTY,20150624,28.13,28.13,27.64,27.75,500
FOSL,20150624,72.79,73.32,72.64,72.81,1080800
FOX,20150624,32.94,33,32.51,32.52,3005200
FOXA,20150624,33.26,33.35,32.95,32.98,10650100
FOXF,20150624,16.74,17.12,16.4,16.66,74500
FPXI,20150624,30.95,30.95,30.95,30.95,0
FRBA,20150624,6,6.01,5.95,5.95,19800
FRBK,20150624,3.57,3.69,3.57,3.64,94100
FREE,20150624,60000,60000,48000,54000,7146600
FRGI,20150624,51.23,51.51,50.08,50.33,378000
FRME,20150624,24.77,24.99,24.57,24.84,63200
FRPH,20150624,33.48,34.74,33.25,34.66,6100
FRPT,20150624,21.02,21.23,20.37,20.63,264800
FRSH,20150624,20.96,21.01,20.53,20.73,136800
FSBW,20150624,22.11,22.11,22.11,22.11,100
FSFG,20150624,29.65,29.65,29.64,29.65,1600
FSLR,20150624,51.25,51.94,51.1,51.36,1772600
FSTR,20150624,35.95,36.1,35.68,35.98,53800
FSV,20150624,25.9,26.07,25.58,25.92,56000
FTCS,20150624,38.66,38.69,38.43,38.44,17200
FTEK,20150624,2.39,2.44,2.35,2.35,14600
FTGC,20150624,24.43,24.5,24.4,24.44,102100
FTHI,20150624,21.15,21.15,20.76,20.76,2300
FTLB,20150624,20.54,20.54,20.54,20.54,100
FTNT,20150624,41.82,42.11,40.77,41.71,4080500
FTSL,20150624,49.1,49.11,49.06,49.09,30700
FTSM,20150624,60.02,60.05,60.02,60.05,141100
FULT,20150624,13.48,13.52,13.34,13.36,1498000
FUNC,20150624,8.73,8.73,8.57,8.62,2200
FUND,20150624,7.38,7.38,7.32,7.35,40500
FV,20150624,25.21,25.24,24.85,24.89,1459200
FWP,20150624,40.51,41.49,40,40.22,19800
FWRD,20150624,53.51,54.1,53.26,53.68,188300
GABC,20150624,20.1667,20.1667,19.9533,19.98,28200
GAIA,20150624,6.27,6.39,6.22,6.34,77700
GAIN,20150624,7.76,7.76,7.71,7.74,83000
GAINN,20150624,24.94,25.25,24.94,25.13,9800
GALT,20150624,3.01,3.11,2.93,2.93,130800
GAME,20150624,6.9,6.9,6.89,6.89,385900
GASS,20150624,6.75,7.1,6.74,6.94,93700
GBCI,20150624,30.06,30.2,29.68,29.72,479100
GBDC,20150624,16.81,16.9,16.8,16.87,173700
GBLI,20150624,28.47,28.85,27.82,28.6,19200
GCBC,20150624,14.71,14.71,14.71,14.71,300
GENC,20150624,6.4133,6.44,6.3533,6.4,1500
GENE,20150624,14.12,14.48,14,14.28,130700
GEOS,20150624,23.13,26.75,23.13,25.21,327300
GERN,20150624,4.34,4.35,4.05,4.06,2724000
GEVO,20150624,1472,1520,1440,1500,1283300
GFED,20150624,14.55,14.55,14.55,14.55,300
GGAL,20150624,19.31,19.76,19.15,19.3,235900
GIFI,20150624,10.11,10.48,10.1,10.22,179900
GIGM,20150624,4.1,4.25,3.95,4.25,43200
GIII,20150624,70.6,70.71,69.74,69.99,236300
GILD,20150624,121.89,123.37,121.65,122.01,8354800
GILT,20150624,5.57,5.63,5.51,5.51,5600
GLAD,20150624,8.1,8.13,8.05,8.1,44600
GLBS,20150624,4840,5160,4640,5120,1500
GLBZ,20150624,12.23,12.3,12.15,12.15,3600
GLDD,20150624,6.12,6.15,6.04,6.08,476400
GLDI,20150624,11.58,11.61,11.56,11.61,7300
GLMD,20150624,11.26,11.26,10.45,11.2,40300
GLNG,20150624,50.44,51.89,50.23,50.85,1663800
GLPG,20150624,54.27,55.51,53.95,54.33,41400
GLPI,20150624,37.41,37.59,37.25,37.39,355500
GLRE,20150624,30.67,30.84,30.41,30.43,185700
GLYC,20150624,8.82,8.82,8.26,8.26,38200
GNCA,20150624,106.56,109.52,100.96,103.68,108900
GNMA,20150624,50.02,50.03,49.77,49.96,11600
GNTX,20150624,17.32,17.4,17.15,17.16,922200
GOGL,20150624,20.3,21.2,20.3,20.5,362700
GOGO,20150624,22.25,22.42,21.82,21.83,561900
GOOD,20150624,16.91,17,16.71,16.76,91100
GOODN,20150624,25.41,25.63,25.41,25.57,2500
GOODO,20150624,25.27,25.3,25.27,25.28,1500
GOOG,20150624,540,540,535.66,537.84,1286600
GOOGL,20150624,562.48,562.64,556.81,558.57,1446100
GPRE,20150624,30.92,31.22,30.44,30.94,484700
GPRO,20150624,56.67,57.6,56.2,57.05,3447700
GRBK,20150624,10.75,11.1,10.51,10.71,354400
GRFS,20150624,15.7,16.13,15.555,15.93,438000
GRID,20150624,36.59,37.24,36.59,37.24,1000
GRMN,20150624,47.07,47.16,45.7,46.05,1754100
GROW,20150624,2.75,2.92,2.75,2.84,3200
GRPN,20150624,107.2,108.6,106,107.2,6706000
GRVY,20150624,1.755,1.77,1.725,1.735,4100
GSBC,20150624,42.34,42.49,42.04,42.35,22300
GSIT,20150624,5.37,5.45,5.37,5.45,12900
GSM,20150624,18.67,18.77,18.43,18.49,214100
GT,20150624,31.47,31.94,31.14,31.33,2458200
GTIM,20150624,9.9,9.9,9.2,9.2,117400
GURE,20150624,11.85,12.05,11.8,12.05,80100
GWGH,20150624,8.5,8.91,8.5,8.91,500
GYRO,20150624,3.05,3.05,3.04,3.05,3100
HA,20150624,24.23,24.54,23.92,23.98,1016700
HAFC,20150624,25.17,25.41,24.97,25.15,155900
HAIN,20150624,68.48,68.76,67.08,67.22,890100
HALL,20150624,12,12.01,11.83,11.83,21200
HALO,20150624,21.76,22.06,20.55,20.7,1376600
HAS,20150624,77.99,78.64,77.76,78.34,1402000
HAYN,20150624,49.28,50.38,49.28,50.22,76300
HBAN,20150624,11.67,11.72,11.55,11.58,5867200
HBANP,20150624,1335,1340,1335,1340,100
HBCP,20150624,25,25.41,24.85,24.93,12100
HBIO,20150624,5.32,5.47,5.2,5.39,137300
HBMD,20150624,12.5,12.73,12.5,12.73,189300
HBNC,20150624,11.1689,11.3333,11.1022,11.3067,19500
HBP,20150624,3.1,3.23,3.02,3.14,12500
HCCI,20150624,15.62,15.64,14.97,15.24,97700
HCKT,20150624,13.28,13.55,12.88,12.91,293000
HCSG,20150624,33.81,33.85,33.15,33.49,291900
HDSN,20150624,3.75,3.79,3.63,3.71,53200
HEAR,20150624,8.52,11.6,8.28,11.2,1552400
HEES,20150624,21.78,22.15,21.55,21.65,217000
HELE,20150624,100,100.04,96.96,97.17,373900
HERO,20150624,0.27,0.27,0.25,0.25,3257700
HFBL,20150624,20.09,20.13,20.09,20.13,700
HFWA,20150624,17.95,17.97,17.81,17.93,55300
HGSH,20150624,5.54,5.8,5.54,5.58,7900
HIBB,20150624,48.22,48.64,47.78,47.92,194700
HIFS,20150624,107.29,110,105,106.02,6000
HIHO,20150624,3.57,3.72,3.57,3.7,3900
HIMX,20150624,8.35,8.37,7.98,8.14,3087400
HLIT,20150624,7.24,7.26,7.07,7.09,466200
HMHC,20150624,26.61,26.77,26.14,26.17,753500
HMNF,20150624,11.98,11.98,11.98,11.98,0
HMST,20150624,23.68,24,23.68,23.81,237800
HMTV,20150624,12.71,12.71,12.33,12.45,51900
HNNA,20150624,12.9467,13.4,12.8667,12.9,19700
HNRG,20150624,8.85,8.85,8.57,8.66,60200
HOFT,20150624,25.62,25.9,25.37,25.47,63100
HOLI,20150624,24.97,25.06,24.24,24.48,442200
HOLX,20150624,37.86,37.92,37.48,37.63,1277200
HOMB,20150624,18.675,18.725,18.505,18.56,118200
HOVNP,20150624,13.52,13.52,13.52,13.52,500
HQY,20150624,33.07,33.25,32.61,33.22,780500
HRTX,20150624,31.7,31.91,29.52,29.63,1351600
HRZN,20150624,12.79,12.94,12.61,12.7,53000
HSIC,20150624,145.69,145.72,144.2,144.32,391700
HSII,20150624,26.05,26.2,25.88,26.15,50300
HSKA,20150624,29.23,30.26,28,29.54,39100
HSON,20150624,23.5,23.5,22.6,22.8,28900
HSTM,20150624,30.33,30.46,30.15,30.26,171200
HTBI,20150624,16.7,16.85,16.69,16.77,73800
HTBK,20150624,9.59,9.78,9.59,9.75,37500
HTBX,20150624,69.5,70.9,65.2,65.6,18400
HTGM,20150624,12.39,12.58,11.61,11.61,62500
HTHT,20150624,6.6125,6.6125,6.4325,6.4425,188600
HTLD,20150624,20.73,20.8,20.04,20.27,578800
HTLF,20150624,37.9,37.95,37.43,37.63,39000
HUBG,20150624,43.08,43.19,41.24,41.39,332300
HURC,20150624,34.22,34.89,34.22,34.62,28200
HURN,20150624,69.99,70.63,69.9,70.58,153600
HWBK,20150624,14.46,14.74,14.06,14.33,2300
HWKN,20150624,41.62,41.62,40.73,41.07,39400
HYLS,20150624,50.33,50.51,50.07,50.08,39400
HYZD,20150624,23.98,24.2,23.98,23.98,12000
HZNP,20150624,34.24,34.25,32.86,33.07,3378800
IART,20150624,34.67,34.74,34.4,34.425,137500
IBB,20150624,382.38,383.28,376.56,377.59,1251200
IBCP,20150624,13.61,13.74,13.61,13.7,58900
IBKR,20150624,41.74,42.04,41.42,41.55,498900
IBOC,20150624,27.4,27.75,27.33,27.5,151200
IBTX,20150624,45.41,45.73,41.47,44.36,45400
ICAD,20150624,3.72,3.74,3.68,3.7,39200
ICBK,20150624,18.74,18.74,18.74,18.74,0
ICCC,20150624,7.88,7.95,7.61,7.84,3300
ICFI,20150624,35.39,35.39,34.94,35.06,76300
ICLN,20150624,11.73,11.74,11.58,11.58,52500
ICLR,20150624,71.37,71.37,69.08,69.77,636300
ICPT,20150624,263.98,265.17,259.49,261.45,244600
ICUI,20150624,95.77,96.35,95.49,95.7,94300
IDCC,20150624,59.33,59.33,57.74,57.97,272900
IDRA,20150624,28.8,28.96,27.68,28.08,1476600
IDXX,20150624,65.83,65.91,64.57,64.78,460400
IEP,20150624,86.5,87,86.4,86.42,49400
IESC,20150624,7.22,7.34,7.1,7.11,15600
IEUS,20150624,47.61,47.91,47.28,47.28,5700
IFGL,20150624,30.64,30.69,30.43,30.46,446600
IFV,20150624,20.12,20.12,19.96,19.99,915800
IGOV,20150624,89.84,90.12,89.6,89.93,18700
III,20150624,4.52,4.78,4.48,4.69,252000
IIN,20150624,7.3,7.72,7.3,7.3,1700
IIVI,20150624,19.41,19.52,19.14,19.22,267300
IKNX,20150624,15.3,16,15.25,15.58,14000
ILMN,20150624,220,223.08,219.03,220.17,1738200
IMGN,20150624,15.13,15.13,14.34,14.4,1315000
IMKTA,20150624,48.23,48.54,47.07,47.16,168200
IMMR,20150624,12.58,12.59,12.1,12.17,243100
IMOS,20150624,23.11,23.42,23.11,23.28,88000
INBK,20150624,24.6,24.6,24.35,24.4,5800
INCR,20150624,41.82,42.22,39.21,40.02,583000
INCY,20150624,109.19,109.34,105.17,105.29,849600
INDB,20150624,47.96,48.5,47.51,47.97,155100
INDY,20150624,30.16,30.16,29.97,29.99,204200
INFI,20150624,11.71,11.71,10.86,10.91,582700
INFN,20150624,22.1,22.23,21.44,21.78,1460700
INGN,20150624,44.78,45.43,43.52,43.91,210700
INO,20150624,9.09,9.11,8.79,8.8,810900
INOD,20150624,2.74,2.74,2.67,2.73,6100
INOV,20150624,28.18,28.33,27.05,27.44,374600
INSM,20150624,24.56,24.64,24.26,24.35,318000
INTC,20150624,32.11,32.15,31.88,31.91,23313800
INTG,20150624,19.15,19.18,18.86,18.92,6700
INTU,20150624,104.34,104.77,102.98,103.05,1460700
INVE,20150624,6,6.46,5.84,6.44,112500
IOSP,20150624,46.41,46.41,46.17,46.27,55100
IPAR,20150624,34.63,34.97,34.37,34.65,83900
IPDN,20150624,18.4,18.48,17.6,17.68,5800
IPGP,20150624,93.44,94.2,89.04,89.71,806700
IPKW,20150624,28.3,28.3,28.07,28.13,18700
IPWR,20150624,85,85.4,83,83.5,19400
IRBT,20150624,33.16,33.46,32.9,33.17,183200
IRCP,20150624,29.34,32.49,29.34,32.49,300
IRDM,20150624,9.88,9.89,9.59,9.77,678000
IRIX,20150624,8.52,8.59,8.38,8.57,17000
IRMD,20150624,23.03,23.29,22.5,22.96,16300
IROQ,20150624,16.65,16.65,16.65,16.65,0
IRWD,20150624,12.04,12.12,11.88,12.02,1165900
ISBC,20150624,12.51,12.55,12.44,12.44,3175000
ISHG,20150624,79.89,80.03,79.67,79.84,4100
ISIG,20150624,2.79,2.79,2.79,2.79,0
ISLE,20150624,17.41,17.92,17.33,17.66,320400
ISRG,20150624,497.67,499.94,492.34,492.45,122500
ISSC,20150624,3.04,3.12,2.96,2.96,23100
ISTR,20150624,15.08,15.48,15.08,15.48,1100
ITCI,20150624,33,34.36,31.7,31.95,279000
ITIC,20150624,70.39,71.25,70.39,71.25,700
ITRI,20150624,36.69,36.78,35.57,35.67,301100
ITRN,20150624,24.47,24.58,24.37,24.5,10400
IVAC,20150624,5.76,5.84,5.66,5.7,133100
JACK,20150624,87.62,88.5,87.06,87.4,360000
JAGX,20150624,5502,5502,5439,5439,2900
JAKK,20150624,91.5,93.8,90.8,93.1,580500
JAZZ,20150624,181.6,182.11,179.16,179.41,315400
JBHT,20150624,87.47,87.61,84.12,84.97,1314800
JBLU,20150624,21.27,21.44,20.86,20.9,7491700
JBSS,20150624,52.69,54.14,51.65,53.77,52500
JCS,20150624,10.87,10.98,10.87,10.98,2900
JCTCF,20150624,5.95,5.95,5.95,5.95,0
JD,20150624,34.9,35.48,34.67,34.78,4968300
JJSF,20150624,112,112.51,110.51,111.51,51600
JKHY,20150624,65.44,65.95,65.38,65.83,274300
JOBS,20150624,34.45,34.96,34.15,34.16,69200
JOUT,20150624,24.16,24.19,23.28,23.45,20400
JRJC,20150624,58.5,60.5,58.5,59,698700
JRVR,20150624,25.24,25.35,24.92,25.14,37200
JSM,20150624,21.15,21.71,21.13,21.62,26000
JVA,20150624,5.38,5.44,5.29,5.34,28500
JYNT,20150624,11.07,11.49,11.01,11.15,6800
KALU,20150624,85.69,86.16,85.35,85.52,139900
KBAL,20150624,12.45,12.49,11.84,12.19,434400
KE,20150624,15.56,15.64,15.31,15.41,61900
KELYA,20150624,15.46,15.56,15.29,15.48,129300
KEQU,20150624,15.83,16.57,15.5,16.5,14800
KFFB,20150624,8.6,8.6,8.6,8.6,300
KFRC,20150624,21.86,21.96,21.14,21.21,163900
KINS,20150624,7.68,7.7,7.55,7.55,14300
KIRK,20150624,27.4,27.71,27.33,27.67,125300
KLAC,20150624,57.2,57.64,57.14,57.21,972100
KLIC,20150624,12.46,12.59,12.37,12.4,348300
KMDA,20150624,4.04,4.04,3.99,4.04,16500
KMPH,20150624,19.49,19.49,18.27,18.31,16500
KNDI,20150624,9.29,9.47,9.19,9.33,336700
KOPN,20150624,3.69,3.69,3.62,3.65,131600
KOSS,20150624,2.36,2.37,2.36,2.36,1200
KPTI,20150624,28.24,28.43,26.98,27.31,302000
KRNT,20150624,14.66,14.97,14.5,14.51,34600
KRNY,20150624,11.32,11.46,11.29,11.32,906700
KTCC,20150624,10.98,11.08,10.76,11.03,15400
KTOS,20150624,6.77,6.94,6.33,6.8,1339700
KVHI,20150624,13.59,13.59,13.17,13.46,47100
LAKE,20150624,11.98,11.99,11.67,11.75,63700
LAMR,20150624,58.38,58.52,57.57,57.58,370700
LANC,20150624,91.38,91.83,90.77,91.06,186500
LAND,20150624,10.76,10.82,10.76,10.76,20200
LARK,20150624,25,25.16,24.5,25.03,10000
LAWS,20150624,19.74,21.6,19.2,21.34,33700
LBAI,20150624,12.2,12.22,11.86,12.02,98000
LBRDA,20150624,51.52,51.62,50.56,50.62,189900
LBRDK,20150624,51.9,51.94,50.7,50.81,282100
LBTYA,20150624,57.01,57.3,56.35,56.51,1256000
LBTYB,20150624,57.46,57.79,56.8,56.8,2900
LBTYK,20150624,53.27,53.46,52.96,52.97,1866800
LCNB,20150624,16.15,16.39,16.15,16.26,2400
LCUT,20150624,15.2,15.29,15.03,15.17,19400
LE,20150624,25.4,25.44,24.57,24.92,318200
LECO,20150624,63.8,64.01,63.5,63.59,381100
LEDS,20150624,0.7,0.72,0.7,0.71,11900
LFUS,20150624,98.9,98.9,96.76,97.15,110900
LFVN,20150624,3.71,3.85,3.57,3.78,534900
LGIH,20150624,19.5,20.1,19.47,19.86,413400
LGND,20150624,99.03,100.22,98.87,99.18,647200
LHCG,20150624,38.15,38.25,36.89,37.14,97600
LIFE,20150624,304.08,314.02,304.08,307.02,128300
LINC,20150624,2.04,2.06,1.98,2.02,11600
LIVE,20150624,2.76,2.89,2.76,2.77,98800
LJPC,20150624,22.6,23.98,21.85,22.56,287700
LKFN,20150624,28.6667,29,28.58,28.9,40600
LKQ,20150624,30.04,30.24,29.86,30.03,1330500
LLNW,20150624,4.21,4.25,4.14,4.15,263600
LMAT,20150624,10.96,11.04,10.61,10.76,100000
LMBS,20150624,50.61,50.61,50.61,50.61,0
LMNR,20150624,22.76,22.99,22.69,22.69,23800
LMRK,20150624,16.38,16.45,16.28,16.45,9100
LNDC,20150624,14.67,14.97,14.6,14.78,115700
LOAN,20150624,4.28,4.36,4.26,4.26,14800
LOCO,20150624,20.72,20.95,20.58,20.61,766300
LOGI,20150624,15.15,15.24,15.07,15.07,132000
LOPE,20150624,43.75,44.15,43.18,43.34,227500
LORL,20150624,65.36,65.55,64.95,65.1,91700
LPCN,20150624,8.5,8.5,7.96,8,248200
LPLA,20150624,47.58,47.58,46.44,46.73,717900
LPSN,20150624,10.14,10.29,10.04,10.16,351200
LPTH,20150624,1.65,1.74,1.65,1.7,75900
LQDT,20150624,10.51,10.51,10.22,10.3,99900
LRCX,20150624,83.59,83.89,82.97,83.21,1090900
LSBK,20150624,13.81,13.85,13.81,13.82,500
LSCC,20150624,6.33,6.4,6.32,6.32,493300
LSTR,20150624,68.06,68.06,66.47,66.76,348000
LTBR,20150624,72.6,72.6,70.8,70.8,141800
LTRPA,20150624,33,33.13,32.51,32.79,523700
LTRX,20150624,1.7,1.74,1.7,1.73,3300
LULU,20150624,68.83,68.88,67.36,67.42,1638800
LUNA,20150624,1.02,1.17,1.01,1.07,204800
LWAY,20150624,19.07,19.49,18.87,19.09,15900
LXRX,20150624,8.05,8.15,7.88,7.98,292800
LYTS,20150624,9.52,9.59,9.5,9.53,80100
MACK,20150624,12.28,12.3,11.8,11.9,788700
MANH,20150624,60.87,61.04,60.11,60.56,457100
MANT,20150624,30.04,30.22,29.38,29.77,158100
MAR,20150624,77.57,77.61,76.24,76.37,2098400
MARA,20150624,12.2,12.2,11.6,11.72,156600
MARK,20150624,3.88,4.03,3.87,3.94,27600
MARPS,20150624,9.06,9.06,8.46,8.69,3100
MASI,20150624,39.52,39.73,39.11,39.21,184000
MAT,20150624,26.81,27.01,26.7,26.74,5396900
MATW,20150624,54.7,55.3,54.7,54.9,88600
MAYS,20150624,54.61,55.13,54.61,55.13,300
MBCN,20150624,16.59,16.825,16.5,16.825,700
MBII,20150624,2.25,2.33,2.2,2.21,61700
MBUU,20150624,21.84,22.45,21.41,21.53,80800
MBWM,20150624,22,22,21.5,21.63,27400
MCBC,20150624,5.23,5.28,5.16,5.25,48500
MCHP,20150624,50.21,50.22,49.46,49.47,1773400
MCHX,20150624,5.17,5.18,5,5.04,151400
MCRI,20150624,21.72,22.13,21.43,21.46,20600
MDIV,20150624,20.44,20.5,20.32,20.36,227300
MDLZ,20150624,41.18,41.29,40.98,41.08,6045600
MDRX,20150624,14.4,14.46,14.22,14.23,1451300
MDWD,20150624,6.8,6.81,6.52,6.61,18700
MDXG,20150624,11.58,11.69,11.11,11.15,1670100
MEIP,20150624,1.75,1.79,1.73,1.74,593600
MELI,20150624,150.61,151.45,148.67,149.14,162800
MEOH,20150624,56.06,56.4,55.72,56.08,397200
MERC,20150624,14.31,14.57,14.15,14.22,133300
MGEE,20150624,39.1,39.44,38.98,39.24,83900
MGI,20150624,9.76,10,9.62,9.67,202600
MGIC,20150624,6.65,6.75,6.58,6.7,25500
MGLN,20150624,71.51,71.77,70.75,70.91,96300
MGNX,20150624,38.2,38.24,36.68,36.86,255900
MGPI,20150624,16.72,17.23,16.61,16.61,98000
MGRC,20150624,31.14,31.45,31.06,31.3,44200
MGYR,20150624,9.86,9.86,9.5,9.5,2500
MHLD,20150624,15.61,15.79,15.5,15.61,312000
MICT,20150624,3.14,3.14,3.14,3.14,0
MIDD,20150624,112.54,112.94,111.27,112.6,196900
MIND,20150624,4.76,4.9,4.63,4.64,74500
MITK,20150624,3.92,3.94,3.73,3.94,228500
MKSI,20150624,39.03,39.35,38.99,39.26,215700
MKTX,20150624,96.18,97.81,96.11,97.25,371900
MLAB,20150624,89.29,90.58,89.29,90.07,3500
MLHR,20150624,29.6,30.04,29.6,29.98,1135600
MLVF,20150624,14.81,14.95,14.65,14.85,24200
MMLP,20150624,32.59,32.74,32.3,32.53,83900
MMSI,20150624,21.77,21.9,21.5,21.59,227000
MMYT,20150624,20.74,20.91,20.29,20.47,281600
MNDO,20150624,2.58,2.61,2.58,2.58,53100
MNKD,20150624,29.45,29.7,29,29.25,3582300
MNOV,20150624,4.12,4.3,4.12,4.21,70300
MNRO,20150624,64.17,64.98,64.07,64.44,207500
MNST,20150624,44.48,44.48,44.0633,44.32,843500
MNTX,20150624,8.2,8.37,8.05,8.18,62800
MOFG,20150624,33.4,33.4,32.39,32.61,11300
MOMO,20150624,17.16,17.57,17.16,17.22,1286800
MORN,20150624,78.69,78.88,78.13,78.59,41700
MOSY,20150624,426,436,422,426,26500
MPAA,20150624,31.93,31.95,31.12,31.39,121200
MPB,20150624,15.92,15.92,15.79,15.79,3500
MPWR,20150624,54.12,54.51,53.9,53.95,162400
MRCC,20150624,14.76,14.9,14.76,14.9,44000
MRCY,20150624,15,15.12,14.82,14.91,63200
MRLN,20150624,18.21,18.5,17.93,18.41,12400
MRNS,20150624,47.76,47.76,44.16,45.28,65700
MRTN,20150624,14.1733,14.2667,13.6133,13.98,266200
MRTX,20150624,31.52,31.99,31,31.04,62200
MRVL,20150624,14.6,14.61,14.33,14.35,5077300
MSEX,20150624,22.9,22.95,22.56,22.75,23700
MSFT,20150624,45.67,46.24,45.55,45.63,34890900
MSON,20150624,10.9,11.01,10.73,10.91,9400
MSTR,20150624,177.96,177.96,173.89,174.23,42600
MTBC,20150624,1.9,1.97,1.9,1.96,2700
MTEX,20150624,20.45,20.45,19.71,20.31,10000
MTLS,20150624,8.89,8.97,8.77,8.91,26700
MTRX,20150624,19.16,19.57,18.89,19.52,221500
MTSI,20150624,42.33,42.58,40.68,40.77,446400
MU,20150624,24.44,24.49,24,24.06,21243600
MVIS,20150624,3.14,3.18,3.07,3.17,400900
MYGN,20150624,34.77,34.77,34.18,34.35,526900
MYRG,20150624,29.3,29.42,28.74,29.29,55100
NAII,20150624,5.56,5.65,5.42,5.54,15500
NATH,20150624,38.09,38.51,36.66,36.67,48700
NATI,20150624,31.33,31.37,30.96,31.09,341000
NATR,20150624,12.7,13.22,12.7,13.15,46100
NAVI,20150624,19.11,19.23,18.81,18.83,2881300
NBIX,20150624,48.76,48.99,48.16,48.63,774800
NBN,20150624,9.91,9.91,9.87,9.89,5900
NBTB,20150624,26.5,26.64,26.32,26.39,139800
NCMI,20150624,16.36,16.46,16.23,16.39,176300
NCTY,20150624,44.4,45,44.1,44.7,33600
NDAQ,20150624,50.48,50.63,49.73,49.74,750800
NDLS,20150624,15.5,15.52,15.04,15.06,210400
NDSN,20150624,80.48,80.48,79.6,79.7,132100
NECB,20150624,7.49,7.72,7.49,7.72,1400
NEO,20150624,5.46,5.56,5.36,5.51,362100
NEOG,20150624,36.8175,36.84,35.9625,36.165,154500
NEON,20150624,34.1,35,33.7,34.1,261500
NEPT,20150624,1.24,1.3,1.24,1.29,89600
NERV,20150624,5.67,5.74,5.36,5.58,14900
NETE,20150624,5,5.3,5,5.3,770200
NEWT,20150624,18.17,18.25,18.01,18.25,71200
NFBK,20150624,15.16,15.19,15.06,15.09,122700
NFLX,20150624,100.0143,100.8914,96.3971,96.9443,11019800
NHTC,20150624,43.5,44.47,42.35,44.18,390600
NICE,20150624,66.38,66.46,64.95,65.35,170600
NICK,20150624,13.24,13.37,12.92,12.94,21800
NKSH,20150624,30.02,30.72,29.85,29.97,17100
NKTR,20150624,13.24,13.73,13.13,13.45,6959700
NMIH,20150624,8.11,8.12,8.05,8.09,102400
NNBR,20150624,22.5,24.5,22.5,24.49,362800
NRIM,20150624,26.41,26.7,26.2,26.22,22000
NSEC,20150624,14.7,14.7,14.7,14.7,0
NSIT,20150624,32.39,32.53,31.92,31.97,166400
NSSC,20150624,5.52,5.7,5.52,5.61,2100
NSTG,20150624,15.98,16.4,15.38,15.39,116700
NSYS,20150624,4.27,4.49,4.27,4.31,1300
NTAP,20150624,34.46,34.51,33.08,33.18,5315600
NTCT,20150624,38.48,38.64,38.16,38.2,382800
NTES,20150624,29.948,30.078,29.492,29.636,512700
NTGR,20150624,30.9,30.95,30.38,30.49,399100
NTIC,20150624,8.195,8.27,8.175,8.245,11800
NTRS,20150624,78.34,78.61,77.58,77.71,964300
NTWK,20150624,5.32,5.45,5.32,5.39,16500
NUAN,20150624,18.17,18.37,18.12,18.27,2436700
NURO,20150624,30.72,30.72,29.44,30.08,81600
NUVA,20150624,49.14,49.41,48.89,49.11,194200
NVAX,20150624,221,229,219.8,223.8,7724900
NVCN,20150624,7100,7190,6900,7100,80700
NVDA,20150624,5.2975,5.325,5.2275,5.2525,6334200
NVEC,20150624,74.59,75.6,74.59,75.33,43500
NVEE,20150624,24.07,24.07,23.55,23.89,33200
NVFY,20150624,10.9,10.95,10.55,10.6,89100
NVIV,20150624,12780,13140,12765,13125,301600
NVMI,20150624,13.04,13.15,12.96,13.06,89600
NWBI,20150624,12.78,12.93,12.75,12.84,936600
NWFL,20150624,29.32,29.32,29.2,29.2,700
NWLI,20150624,240,244.01,240,240.31,4900
NWPX,20150624,22.12,22.36,21.75,21.94,70900
NWS,20150624,14.64,14.76,14.44,14.47,1724800
NWSA,20150624,14.98,15.12,14.81,14.83,2491600
NXPI,20150624,103.43,104.2,102.71,102.94,1966200
NXST,20150624,57.26,57.4,56.46,57.22,266800
NXTD,20150624,25.1,26.1,23.6,25.5,129600
NYMT,20150624,8.04,8.04,7.97,7.98,1400300
NYMTP,20150624,24.39,24.39,24.02,24.3,1400
NYMX,20150624,1.4,1.45,1.37,1.43,239400
OBAS,20150624,8.22,8.22,8.22,8.22,0
OBCI,20150624,3.7,3.75,3.68,3.75,4500
OCC,20150624,3.44,3.68,3.44,3.57,1700
OCFC,20150624,18.31,18.38,18.23,18.33,30200
OCUL,20150624,21.8,22.45,21.74,21.95,122700
ODFL,20150624,70.92,70.94,68.9,69.36,1187300
ODP,20150624,89.9,90.4,88.5,88.9,26285700
OESX,20150624,2.86,2.86,2.73,2.77,41600
OFED,20150624,20.1,20.1,20.1,20.1,0
OFIX,20150624,34.35,34.48,33.28,33.35,67100
OFLX,20150624,37.16,38.12,36,37.49,4100
OFS,20150624,12.05,12.4,12.05,12.39,6100
OIIM,20150624,2.49,2.57,2.46,2.48,43900
OLED,20150624,53.78,54.24,52.83,53,313300
OMAB,20150624,39.02,39.02,38.71,38.72,15500
OMCL,20150624,38.57,38.62,37.88,38.19,233000
OMER,20150624,21.53,21.77,21.35,21.67,266100
OMEX,20150624,6.24,6.24,6.12,6.24,236800
ON,20150624,12.54,12.7,12.45,12.52,5505100
ONB,20150624,14.8,14.85,14.68,14.71,441900
ONCS,20150624,72.7,72.7,69.5,71.5,286200
ONCY,20150624,0.55,0.56,0.53,0.53,553400
ONEQ,20150624,202.47,202.77,201.04,201.24,9800
ONTX,20150624,409.5,411,405,405,7900
OPGN,20150624,2120,2120,1925,2015,2900
OPHC,20150624,9,9,9,9,0
OPOF,20150624,15.4,15.4,15.39,15.4,1400
ORLY,20150624,230.83,231.8,229.85,230.19,422000
ORMP,20150624,6.01,6.01,5.65,5.81,36500
ORRF,20150624,16.43,16.59,16.25,16.37,49100
OSBC,20150624,6.5,6.64,6.36,6.45,148100
OSIS,20150624,74.18,74.18,73.27,73.65,65500
OSTK,20150624,21.69,22.11,21.62,22.03,114300
OSUR,20150624,5.8,5.89,5.76,5.79,488800
OTEX,20150624,20.92,20.96,20.605,20.76,517700
OTIC,20150624,23.07,23.5,22.41,22.48,174100
OTTR,20150624,27.27,27.29,26.89,26.95,76000
OVBC,20150624,22.58,22.58,22.58,22.58,0
OVLY,20150624,9.86,9.86,9.86,9.86,0
OXBR,20150624,6.24,6.56,6.13,6.13,27600
OXBRW,20150624,0.9,0.9,0.9,0.9,1000
OXLC,20150624,14.56,14.79,14.44,14.44,101200
OXLCO,20150624,24.14,24.15,24.07,24.1,50100
OXLCP,20150624,25.2,25.2,25.05,25.11,43200
PAAS,20150624,9.17,9.33,9.07,9.16,1760100
PACB,20150624,5.2,5.29,5.11,5.15,276400
PACW,20150624,47.96,48.46,47.89,48.14,614500
PAHC,20150624,36.49,36.71,35.97,36.4,94400
PANL,20150624,3.54,3.54,3.31,3.31,20500
PATI,20150624,25.21,25.84,25.04,25.41,6000
PATK,20150624,24.8133,25.0533,24.6333,24.9133,47200
PAYX,20150624,48.64,48.75,48.08,48.15,1346600
PBCT,20150624,16.35,16.43,16.25,16.26,2472100
PBHC,20150624,11.74,11.79,11.74,11.76,900
PBIP,20150624,14.52,14.65,14.25,14.28,16600
PBPB,20150624,12.66,12.72,12.38,12.65,453200
PCAR,20150624,65.04,65.17,64.83,64.9,1245900
PCH,20150624,36.39,36.51,36.18,36.2,193500
PCOM,20150624,12.68,12.7,12.1,12.18,36900
PCRX,20150624,74,74.11,69.5,71.2,1169700
PCTI,20150624,7.3,7.4,7.3,7.35,10800
PCTY,20150624,35.75,36.18,35.17,35.25,145000
PCYG,20150624,13.5,13.5,12.84,13.15,47700
PCYO,20150624,5.21,5.29,5,5.29,11100
PDBC,20150624,20.35,20.54,20.35,20.47,1000
PDCE,20150624,56.33,57.31,55.64,56.3,946500
PDCO,20150624,49.27,49.35,48.7,48.72,620900
PDEX,20150624,2.34,2.34,2.33,2.33,400
PDFS,20150624,16.93,16.95,16.65,16.77,64300
PEBK,20150624,18.14,18.49,18.14,18.49,900
PEBO,20150624,24.65,24.74,24.32,24.46,48700
PEGA,20150624,24.01,24.09,23.48,23.54,116400
PENN,20150624,18.11,18.11,17.89,18.02,886900
PERI,20150624,9.45,9.54,9.39,9.48,70600
PESI,20150624,3.95,4,3.86,3.95,12500
PETS,20150624,17.6,17.64,17.45,17.47,107200
PFBC,20150624,29.4,29.55,29.15,29.44,33400
PFIE,20150624,1.14,1.15,1.11,1.12,114200
PFIN,20150624,8.54,8.54,8.54,8.54,0
PFIS,20150624,39.15,41.25,39.15,41.17,10100
PFLT,20150624,14.26,14.55,14.26,14.48,72600
PFMT,20150624,3.36,3.37,3.24,3.3,129300
PFSW,20150624,14.11,15.42,13.64,13.99,103300
PGC,20150624,22.61,22.88,22.4,22.47,24200
PINC,20150624,38,38.1,37.7,37.82,99800
PKBK,20150624,11.6091,11.9,11.6091,11.9,5100
PKOH,20150624,53.34,53.78,51.78,52.32,36000
PLAB,20150624,10.1,10.2,9.95,9.97,222700
PLAY,20150624,36.32,36.94,36.28,36.7,485400
PLBC,20150624,9.5,9.5,9.5,9.5,200
PLCE,20150624,66.3,67.08,65.85,66.18,411200
PLPC,20150624,38.1,38.99,37.5,38.37,22600
PLUG,20150624,2.6,2.63,2.56,2.58,1380400
PLUS,20150624,39.87,40.155,39.12,39.29,54700
PLXS,20150624,45.56,45.87,44.58,44.65,204700
PMBC,20150624,7.44,7.47,7.28,7.43,15600
PMD,20150624,14.97,15.19,14.72,15.17,6900
PME,20150624,1.74,1.75,1.71,1.75,39900
PNBK,20150624,15.48,15.48,15.17,15.3,2100
PNFP,20150624,54.82,55.33,54.34,54.42,131600
PNNT,20150624,9.23,9.27,9.13,9.25,339100
PNQI,20150624,75.28,75.4,74.85,74.99,9000
PNRG,20150624,55.49,55.5,55,55.5,400
PODD,20150624,31,31.09,30.8,30.93,423700
POOL,20150624,70.58,70.96,69.9,70.88,234100
POWI,20150624,23.88,23.935,23.375,23.58,234100
POWL,20150624,36.99,37.29,35.55,36.36,73600
PPBI,20150624,16.9,16.99,16.89,16.96,31600
PPC,20150624,25.75,25.87,25.1,25.22,842000
PPSI,20150624,7.27,7.41,7.25,7.41,1200
PRAA,20150624,63,63.65,62.82,63.52,586900
PRFT,20150624,19.98,20.12,19.84,19.92,67000
PRFZ,20150624,107.25,107.25,106.23,106.38,26400
PRGS,20150624,28.55,28.84,28.44,28.61,247500
PRIM,20150624,19.9,20.12,19.47,19.53,181500
PROV,20150624,17.42,17.79,17.21,17.59,2400
PRPH,20150624,1.38,1.41,1.37,1.41,2800
PRQR,20150624,16.83,16.92,16.2,16.3,45400
PRTA,20150624,53.8,54.42,51.07,51.53,444900
PRTK,20150624,26.73,27.28,26.2,26.48,99400
PRTS,20150624,2.21,2.27,2.21,2.27,17100
PSCC,20150624,58.27,58.27,57.98,58.08,1000
PSCD,20150624,55.97,55.97,55.52,55.57,3500
PSCE,20150624,27.58,27.62,27.39,27.55,3400
PSCF,20150624,43.1,43.16,42.98,42.98,2800
PSCH,20150624,74.41,74.41,72.5,72.66,26700
PSCI,20150624,48.37,48.37,48.15,48.25,1500
PSCM,20150624,40.84,40.84,40.84,40.84,0
PSCT,20150624,55.17,55.17,54.32,54.37,11800
PSCU,20150624,37.73,37.76,37.65,37.76,800
PSEC,20150624,7.75,7.8,7.72,7.75,2841100
PSMT,20150624,91.08,92.37,90.03,90.37,124000
PSTI,20150624,26.7,26.9,25.3,25.6,538500
PTC,20150624,42.28,42.28,41.86,41.88,557100
PTCT,20150624,52.7,53.51,51.06,51.48,391700
PTEN,20150624,19.89,20.06,19.36,19.38,3459600
PTNR,20150624,2.38,2.4,2.33,2.34,55000
PTSI,20150624,58.04,58.04,55.67,55.68,16700
PULM,20150624,108,113.9,106.9,110,45100
PWOD,20150624,30.1333,30.4,29.4133,30.16,4400
PXLW,20150624,6.29,6.5,6.22,6.35,328100
PZZA,20150624,74.57,74.84,74.01,74.61,291800
QABA,20150624,40.35,40.48,40.2,40.23,16800
QADA,20150624,26.92,27.4,26.15,26.15,41800
QADB,20150624,21.68,21.74,20.68,20.68,800
QAT,20150624,22.52,22.71,22.52,22.71,400
QCLN,20150624,19.73,19.73,19.47,19.51,49700
QCOM,20150624,67.08,67.13,65.29,65.35,15282600
QCRH,20150624,22,22,21.71,21.95,103600
QDEL,20150624,23.34,23.4,23.04,23.16,167200
QIWI,20150624,29.67,30.65,29.45,29.53,454000
QLYS,20150624,46.77,46.92,42.52,42.97,2035600
QNST,20150624,6.41,6.42,6.27,6.36,46300
QQEW,20150624,45.36,45.43,45.04,45.06,36400
QQQ,20150624,110.66,111.13,110.19,110.22,15815900
QQQX,20150624,18.94,19.05,18.94,18.94,60300
QQXT,20150624,43.16,43.16,42.74,42.76,9600
QRHC,20150624,9.36,9.52,8.8,8.88,58800
QRVO,20150624,85.13,85.88,84.56,84.59,1488500
QTEC,20150624,44.66,44.68,44.28,44.36,61900
QTNT,20150624,14.9,15,14.9,15,200
QUIK,20150624,23.24,23.38,22.96,23.24,110400
QUMU,20150624,8.32,8.32,8,8.03,6500
QURE,20150624,32.19,32.59,30.6,30.9,160300
QYLD,20150624,23.89,23.89,23.75,23.8,10200
RADA,20150624,4.12,4.12,4.04,4.1,35400
RAIL,20150624,23.28,23.43,22.58,22.82,96400
RAND,20150624,35.64,35.64,34.2,35.37,6800
RARE,20150624,103.73,104.05,99.79,100.3,381700
RAVE,20150624,13.42,13.54,13.36,13.52,86400
RAVN,20150624,22.08,22.2,21.05,21.38,404100
RBCAA,20150624,25.59,26.1,25.47,25.88,27600
RBCN,20150624,27.5,28.2,27.1,27.4,209100
RCII,20150624,31.48,31.61,31.24,31.34,444400
RCKY,20150624,18.38,20.32,18.35,20,138900
RCMT,20150624,5.63,5.85,5.63,5.82,9200
RCON,20150624,8.8,8.8,8.15,8.45,36900
RDCM,20150624,10.75,10.84,10.5,10.84,20200
RDHL,20150624,17.83,20.19,17.83,19.36,137900
RDI,20150624,13.32,13.51,12.98,13.12,70300
RDIB,20150624,13.2,13.2,13.2,13.2,0
RDNT,20150624,7.07,7.09,6.84,6.86,263300
RDUS,20150624,65.86,66.9,64.04,64.29,994200
RDVY,20150624,22.49,22.62,22.46,22.46,5800
RDWR,20150624,24.35,24.38,23.59,23.65,341600
REFR,20150624,5.73,5.81,5.73,5.75,37800
REGI,20150624,12.1,12.18,11.87,11.88,257600
REGN,20150624,519.01,522.23,513.43,516.59,454900
RELL,20150624,7.94,8.25,7.81,8.23,17800
RELY,20150624,13.11,13.32,12.86,13.17,229500
RENT,20150624,71.73,72,69.2,71.64,146600
REPH,20150624,12.63,12.66,12.13,12.33,45300
RESN,20150624,3.44,3.48,3.22,3.32,41200
RFIL,20150624,4.29,4.39,4.29,4.29,9800
RGCO,20150624,13.7667,13.7667,13.28,13.5,41200
RGEN,20150624,40.3,41.25,40.27,41.14,306200
RGLD,20150624,62.34,63.21,62.31,62.54,340700
RGLS,20150624,128.04,129.36,121.2,122.4,509700
RIBT,20150624,3.56,3.56,3.43,3.49,8200
RICK,20150624,12.22,12.35,12.1,12.1,22100
RIGL,20150624,3.43,3.49,3.33,3.4,565700
RKDA,20150624,130,133,124,124,106800
RMBS,20150624,14.85,14.98,14.75,14.85,393000
RMCF,20150624,13.11,13.3,13,13.07,8300
RMTI,20150624,14.94,16.69,14.87,16.64,2722700
RNST,20150624,32.42,32.74,32.34,32.51,182300
RNWK,20150624,6.02,6.06,5.94,5.97,36400
ROCK,20150624,21.12,21.12,20.68,20.69,151500
ROIC,20150624,15.97,16.06,15.82,15.87,397000
ROLL,20150624,72.73,73.29,72.22,72.63,62100
ROST,20150624,49.85,50.7,49.85,50.08,1715000
RPRX,20150624,7.4,7.41,7.2,7.21,184500
RRGB,20150624,86,86.68,84.82,85.26,149800
RUSHA,20150624,17.74,17.8267,17.6533,17.7267,115800
RUSHB,20150624,16.1133,16.44,16.1133,16.3467,5600
RUTH,20150624,16.04,16.1,15.96,16.06,107300
RVNC,20150624,34.16,34.66,33.1,33.4,171900
RVSB,20150624,4.35,4.35,4.18,4.25,12900
RWLK,20150624,293,295,285,285.75,46500
RXDX,20150624,16.74,17.45,16.3,16.67,429600
RYAAY,20150624,73,73.58,72.63,72.82,287600
SABR,20150624,24.66,24.74,24.09,24.21,2304200
SAFM,20150624,80.91,80.93,79.21,79.56,451800
SAFT,20150624,61.09,61.41,59.9,60.14,56100
SAGE,20150624,74,76,73.55,74.07,346600
SAIA,20150624,39.68,39.7,38.21,38.3,190600
SAL,20150624,31.4,31.4,31.4,31.4,1000
SALM,20150624,6.7,6.7,6.52,6.57,42300
SAMG,20150624,13.86,13.99,13.86,13.98,28200
SANM,20150624,21.97,22.05,21.09,21.11,841500
SANW,20150624,5.01,5.18,4.97,4.97,76800
SASR,20150624,28.53,28.62,27.91,28.07,46600
SATS,20150624,41.0394,41.1613,40.2838,40.4788,97200
SBAC,20150624,119.5,120.64,118.27,119.04,626300
SBCF,20150624,15.33,15.63,15.26,15.6,63800
SBFG,20150624,10.89,11.11,10.87,11.04,900
SBGI,20150624,28.8,28.8,28.28,28.35,577900
SBLK,20150624,16.75,16.8,15.65,15.85,1188900
SBNY,20150624,148.08,148.77,147.07,147.11,200700
SBRA,20150624,26.64,26.7,26.29,26.31,366600
SBSI,20150624,28.86,29.46,28.86,29.14,93700
SBUX,20150624,53.75,53.97,53.52,53.71,5524900
SCHL,20150624,45.57,45.81,45.22,45.47,124700
SCHN,20150624,19.26,19.27,19.03,19.23,172700
SCOR,20150624,55.88,55.88,54.59,55.06,243000
SCSC,20150624,39.65,39.89,39.18,39.29,103500
SCVL,20150624,28.75,28.98,28.5,28.82,50900
SCYX,20150624,90.5,91.9,89,91.9,191700
SEAC,20150624,7.64,7.64,7.49,7.49,133000
SEDG,20150624,39.12,40.63,39.12,39.56,521100
SEED,20150624,25.1,25.1,22.7,22.9,355300
SEIC,20150624,50.35,50.68,49.98,50.12,454100
SENEA,20150624,28.64,29.03,28.52,28.59,21400
SENEB,20150624,32,32,32,32,200
SFBC,20150624,21.51,21.51,21.51,21.51,100
SFM,20150624,28.19,28.34,27.87,28,1085100
SFNC,20150624,23.75,23.835,23.555,23.645,120200
SFST,20150624,17.54,17.79,17.53,17.6,41500
SGC,20150624,16.65,17.14,16.44,16.44,53600
SGEN,20150624,49.45,49.55,47.62,48.02,773300
SGMA,20150624,8.75,8.81,8.65,8.72,3800
SGMO,20150624,11.33,11.39,11.03,11.11,657500
SGMS,20150624,16.5,16.58,16.02,16.08,711100
SGOC,20150624,2.48,2.6,2.4,2.52,63400
SGRP,20150624,1.4,1.4,1.37,1.37,11700
SHBI,20150624,9.72,9.8,9.63,9.7,8600
SHEN,20150624,16.935,17.085,16.73,16.935,61000
SHIP,20150624,708,720,708,720,900
SHOO,20150624,27.9333,28.38,27.9267,28.1467,503700
SHY,20150624,84.76,84.79,84.73,84.79,681700
SIEB,20150624,1.8,1.87,1.8,1.84,7100
SIEN,20150624,25.84,26.15,25.4,25.48,34500
SIFY,20150624,1.52,1.57,1.52,1.57,53200
SIGI,20150624,28.46,28.8,28.22,28.55,225900
SILC,20150624,38.75,39.51,38.75,38.99,16800
SIMO,20150624,36.22,36.67,35.77,35.89,271800
SINO,20150624,7.1,7.1,6.9,7.05,13500
SIRI,20150624,3.84,3.87,3.81,3.81,13823800
SIVB,20150624,148.41,149.62,147.04,147.07,247300
SKOR,20150624,50.13,50.2,50.13,50.2,2500
SKYW,20150624,15.86,15.97,15.72,15.84,257700
SKYY,20150624,30.67,30.82,30.42,30.42,45200
SLAB,20150624,56.83,57.01,56.19,56.26,234500
SLCT,20150624,7.09,7.1,6.91,7.1,2800
SLGN,20150624,27.37,27.41,26.97,27.1,121300
SLM,20150624,10.27,10.32,10.08,10.1,1783000
SLMBP,20150624,59.6,59.6,59.6,59.6,0
SLP,20150624,6.17,6.26,6.08,6.23,7900
SLRC,20150624,18.41,18.52,18.4,18.47,145300
SLVO,20150624,10.98,11,10.9,10.97,15200
SMBC,20150624,18.86,18.94,18.66,18.78,8700
SMCI,20150624,33.31,33.31,32.65,32.67,377600
SMCP,20150624,26.1,26.47,25.77,25.79,9300
SMED,20150624,6.66,6.69,6.55,6.65,17800
SMIT,20150624,2.74,2.77,2.74,2.77,3000
SMLR,20150624,3.44,3.48,3.4,3.41,1500
SMMF,20150624,11.23,11.3,11.19,11.28,5400
SMMT,20150624,12.44,12.44,11.1,11.3,8100
SMSI,20150624,5.12,5.12,4.8,4.84,97500
SMTC,20150624,21.51,21.74,21.11,21.22,720300
SNCR,20150624,49.1,49.44,48.45,49.08,196700
SNFCA,20150624,6.81,6.9,6.7,6.88,18000
SNPS,20150624,50.46,50.46,49.81,50.25,634800
SOCL,20150624,20.93,20.95,20.83,20.89,28200
SOHO,20150624,7.77,7.78,7.5,7.57,65200
SOHU,20150624,65.2,65.34,64.37,64.9,415700
SOXX,20150624,97.78,98.02,96.87,96.89,247400
SP,20150624,26.79,26.86,26.21,26.66,50400
SPCB,20150624,13.55,13.6,13.07,13.49,315500
SPLK,20150624,72.92,73.04,70.72,71.31,1510300
SPNS,20150624,9.85,10.05,9.85,9.97,84300
SPOK,20150624,17.48,17.7,17.36,17.6,58500
SPPI,20150624,7.33,7.35,7.03,7.05,879100
SPRO,20150624,1.63,1.78,1.63,1.75,2100
SPSC,20150624,69.49,69.52,68.64,69,82100
SPTN,20150624,32.41,32.76,31.54,32.34,218200
SPWH,20150624,11.81,12,11.69,11.7,119900
SPWR,20150624,32.14,32.29,31.43,31.5,835100
SQQQ,20150624,1806.4,1829.6,1784.8,1828,4261000
SRCE,20150624,34.9,34.9,34.28,34.47,34900
SRCL,20150624,137.25,137.56,135.69,135.71,366300
SRDX,20150624,23.86,23.99,23.7,23.76,61400
SRET,20150624,14.5,14.57,14.5,14.56,2200
SREV,20150624,4.94,5.22,4.93,5.2,658800
SRNE,20150624,16.67,17.8,16.67,16.79,1107800
SRPT,20150624,32.57,33.16,31.73,32.05,1931500
SSB,20150624,76.74,76.88,76.08,76.41,133200
SSBI,20150624,13.02,13.06,13.02,13.06,1200
SSNC,20150624,64.08,64.59,63.77,64.25,411700
SSYS,20150624,38.69,38.89,37.35,37.74,1196700
STAA,20150624,10.37,10.4,10.11,10.27,120500
STBA,20150624,29.72,29.98,29.72,29.93,61700
STFC,20150624,23.53,23.78,23.09,23.22,48600
STKL,20150624,10.8,10.85,10.71,10.79,228100
STKS,20150624,4.23,4.45,4.11,4.25,46600
STLD,20150624,22.34,22.61,22.08,22.3,2235600
STRA,20150624,46.74,46.74,45.51,46.04,115200
STRL,20150624,3.96,4.08,3.76,3.8,173700
STRM,20150624,2.5,2.73,2.5,2.63,4900
STRN,20150624,8.38,8.4,8.38,8.4,106900
STRS,20150624,14.32,14.81,14.32,14.64,800
STRT,20150624,67.23,68.88,67.14,67.16,11200
STX,20150624,52.27,52.49,51.63,51.97,3168300
SUMR,20150624,20.34,20.43,19.98,19.98,6800
SUNS,20150624,16.2,16.21,16.18,16.2,6200
SUPN,20150624,16.66,17.22,16.51,16.87,934600
SURG,20150624,5.24,5.24,5.06,5.07,49900
SVBI,20150624,5,5.11,5,5.11,4200
SVVC,20150624,13.11,13.34,13.11,13.27,4400
SWIR,20150624,27.11,27.34,26.33,26.46,433600
SWKS,20150624,108.6,109.73,108.07,108.4,1982100
SYBT,20150624,25.28,25.54,24.8933,25.1933,32400
SYNA,20150624,93.41,93.45,89.71,90.98,1103800
SYNL,20150624,13.78,13.83,13.7,13.7,10500
SYPR,20150624,1.47,1.54,1.47,1.47,35100
TACO,20150624,14.73,14.99,14.65,14.93,73700
TACT,20150624,7.29,7.45,7.1,7.13,10500
TAIT,20150624,0.98,0.98,0.98,0.98,0
TANH,20150624,19.23,20.46,19.09,20.29,56000
TAST,20150624,10.72,10.75,10.54,10.58,90800
TATT,20150624,6.76,6.76,6.76,6.76,100
TAYD,20150624,13,13,13,13,300
TBBK,20150624,10.47,10.62,10.44,10.47,168200
TBK,20150624,13.05,13.22,13,13.04,77700
TBNK,20150624,23.47,23.59,23.41,23.52,14500
TBPH,20150624,14.8,14.81,14.04,14.08,155700
TCBI,20150624,61.39,62.14,60.98,61.19,236500
TCBK,20150624,24.43,24.69,24.43,24.47,74100
TCFC,20150624,21.4,21.9,21.4,21.9,500
TCON,20150624,131.4,131.4,125.7,127.9,25900
TCPC,20150624,15.6,15.62,15.43,15.49,218200
TCX,20150624,28.95,29.73,28.95,29.22,184100
TDIV,20150624,27.48,27.5,27.32,27.34,105600
TECH,20150624,101.39,101.39,99.3,99.47,101400
TEDU,20150624,13.43,13.53,12.94,13.01,181300
TENX,20150624,75,76.2,74.8,74.8,27900
TESS,20150624,20.66,20.81,20.48,20.51,25600
TFSL,20150624,16.11,16.48,15.96,16.37,601800
TGA,20150624,4.06,4.18,4.05,4.1,90900
TGLS,20150624,13.49,13.6,13.39,13.44,38800
TGTX,20150624,17.09,17.69,16.77,17.1,533400
THFF,20150624,36.05,36.13,35.75,35.85,12600
THRM,20150624,57.11,57.71,56.98,57.3,236600
THRX,20150624,19.77,19.92,19.04,19.33,486900
TIGR,20150624,0.34,0.51,0.34,0.39,1589200
TIL,20150624,4.98,4.98,4.98,4.98,300
TILE,20150624,24.89,25.12,24.7,25.07,651800
TIPT,20150624,7.08,7.27,6.98,7.02,63300
TITN,20150624,15.1,15.24,14.98,15.11,82700
TLT,20150624,116.51,117.17,116.16,116.95,8600300
TNDM,20150624,11.94,12.05,11.52,11.65,140900
TNXP,20150624,10160,10200,9900,10000,316700
TOPS,20150624,1030000,1080000,1030000,1070000,11000
TOUR,20150624,19.12,19.9,18.98,19.21,837400
TOWN,20150624,16.86,16.95,16.72,16.74,141100
TQQQ,20150624,19.5717,19.82,19.3267,19.345,1768700
TREE,20150624,73.5,73.77,72.29,73.23,155400
TRIB,20150624,18.2,18.55,18.05,18.48,112000
TRIL,20150624,24.03,24.03,22.26,22.36,141500
TRIP,20150624,89.93,90.14,88.42,88.98,1319600
TRMB,20150624,23.59,23.69,23.33,23.43,1543700
TRMK,20150624,25.5,25.55,25.23,25.23,496700
TRNS,20150624,9.09,9.22,9.03,9.06,10500
TROW,20150624,78.98,79.33,78.68,78.73,1675000
TRS,20150624,30.81,31.15,30.47,30.52,208200
TRST,20150624,7.07,7.16,7.03,7.1,129900
TRUE,20150624,12.85,13.28,12.6,12.76,982600
TRVN,20150624,6.64,6.87,6.51,6.54,150800
TSBK,20150624,10.15,10.31,10.12,10.3,59800
TSC,20150624,13.03,13.21,12.98,13.14,58900
TSCO,20150624,92.6,93.18,91.63,91.88,412500
TSEM,20150624,16.61,16.66,16.3,16.33,402600
TSLA,20150624,53.396,53.47,52.744,53.034,2412200
TSRI,20150624,3.82,3.82,3.82,3.82,0
TTEC,20150624,27.94,28.05,27.6,27.85,120300
TTEK,20150624,26.28,26.36,25.94,26.1,401600
TTGT,20150624,9.34,9.36,9.16,9.2,104400
TTMI,20150624,10.36,10.51,10.32,10.39,671000
TTOO,20150624,18.11,18.11,17.07,17.41,81900
TTWO,20150624,28.65,28.98,28.33,28.6,1595700
TUSA,20150624,26.95,26.95,26.86,26.92,1600
TW,20150624,139.54,141,138.94,140.23,251500
TWIN,20150624,18.56,18.65,18.19,18.24,20300
TWOU,20150624,30.4,30.67,29.41,29.84,190800
TXN,20150624,54.65,54.81,53.93,53.99,4203400
TXRH,20150624,37.29,37.49,37.03,37.17,553500
TZOO,20150624,11.59,11.85,11.45,11.52,63200
UAE,20150624,20.33,20.43,20.25,20.35,8200
UBCP,20150624,8.42,8.5,8.42,8.5,3500
UBFO,20150624,5.21,5.21,5.13,5.15,5100
UBND,20150624,50.08,50.08,49.94,49.95,12400
UBOH,20150624,15.94,15.94,15.45,15.66,900
UBSI,20150624,39.81,40.04,39.5,39.52,397100
UCBI,20150624,20.85,21,20.64,20.8,405600
UCTT,20150624,6.71,6.81,6.65,6.66,137800
UEIC,20150624,51.4,51.67,50.52,50.93,131600
UEPS,20150624,19.37,19.4,19.03,19.12,160500
UFCS,20150624,32.88,32.88,32.47,32.59,66900
UFPI,20150624,53.96,54.12,53.22,53.73,63600
UFPT,20150624,21.39,21.63,20,21.43,50700
UG,20150624,19.83,19.83,19.36,19.41,500
UHAL,20150624,325.98,330.92,325.97,327.21,27300
UIHC,20150624,15.94,15.94,15.55,15.72,129900
UK,20150624,25.13,25.17,25.07,25.17,800
ULBI,20150624,4.18,4.3,4.14,4.21,14400
ULTA,20150624,156.44,157.13,154.86,155.59,443100
UMBF,20150624,57.78,57.85,57.35,57.54,197600
UMPQ,20150624,18.76,18.86,18.64,18.69,1402900
UNAM,20150624,11.02,11.02,11.02,11.02,500
UNB,20150624,25.71,26.5,25.71,26.49,1000
UNTY,20150624,9.76,9.78,9.76,9.76,1200
UPLD,20150624,9.02,9.26,8.98,9.02,105700
URBN,20150624,35.83,35.96,35.32,35.36,1123200
USAK,20150624,24.45,24.75,21.96,22.08,80100
USAP,20150624,19.88,20.13,19.43,19.49,32000
USEG,20150624,43.8,46.2,43.8,43.8,79600
USLM,20150624,60.49,60.49,59.6,59.6,2800
UTHR,20150624,185.57,185.92,176.67,177.35,693900
UTMD,20150624,58.57,59.25,58,58,8100
UTSI,20150624,2.05,2.1,2.05,2.09,37300
UVSP,20150624,20.5,20.75,20.21,20.56,62400
VALU,20150624,12.6,12.6,12,12.3,5000
VBFC,20150624,21,21,21,21,0
VBIV,20150624,2.65,2.78,2.65,2.76,5800
VBLT,20150624,6.28,7.01,6.24,6.92,440000
VBTX,20150624,14.69,14.8,14.09,14.18,9800
VCEL,20150624,3.72,3.73,3.65,3.71,20200
VCIT,20150624,85,85.14,84.92,85.1,364300
VCLT,20150624,85.39,85.65,85.2,85.61,228800
VCSH,20150624,79.6,79.61,79.51,79.54,483900
VCYT,20150624,11.77,11.85,11.47,11.52,125100
VECO,20150624,30.99,31.02,30.56,30.64,107400
VGIT,20150624,64.29,64.38,64.24,64.36,49000
VGLT,20150624,72.52,72.83,72.38,72.77,12000
VGSH,20150624,61.04,61.06,61.01,61.04,242200
VIA,20150624,67.56,67.8,66.9,67.1,118100
VICR,20150624,13.45,13.58,13,13.08,58800
VIRC,20150624,2.89,2.93,2.83,2.83,12300
VIRT,20150624,22.97,23.5,22.97,23.27,360800
VIVO,20150624,18.6,18.69,18.45,18.65,166700
VKTX,20150624,7.35,7.5,7.05,7.25,18400
VLGEA,20150624,32,32.01,31.39,31.53,18500
VMBS,20150624,52.82,52.88,52.75,52.83,428100
VNDA,20150624,13.25,13.92,13.09,13.42,2624400
VNET,20150624,21.18,21.18,20.86,20.97,1587300
VNOM,20150624,20.48,22.1,20.01,20.79,67900
VNQI,20150624,57.3,57.3,57.02,57.09,357200
VOD,20150624,37.62,37.67,37.41,37.47,2414100
VONE,20150624,97.98,98.23,97.49,97.52,9900
VONG,20150624,104.15,104.15,103.51,103.51,8700
VONV,20150624,92.07,92.26,91.71,91.71,9400
VOXX,20150624,8.83,8.9,8.71,8.81,63100
VRA,20150624,11.64,11.75,11.55,11.61,311700
VRNS,20150624,24.67,24.85,23.44,23.73,368700
VRNT,20150624,62.3,62.6,61.5,61.84,405200
VRSK,20150624,74.84,75.11,74.08,74.09,1255100
VRSN,20150624,64.09,64.09,63.28,63.33,652400
VRTS,20150624,140.3,141.97,140,140.5,149500
VRTX,20150624,131.68,132.98,129.05,129.59,1147500
VSAT,20150624,63.74,63.74,62.37,62.7,115600
VSEC,20150624,28.505,29.11,27.5,27.51,21100
VSTM,20150624,7.95,8.09,7.7,7.77,315000
VTHR,20150624,98.77,98.77,97.9,97.95,35700
VTIP,20150624,48.65,48.71,48.64,48.7,133100
VTNR,20150624,3.05,3.29,3,3.15,170700
VTWG,20150624,115.85,115.85,114.7,114.83,11400
VTWO,20150624,103.12,103.39,102.38,102.55,61500
VTWV,20150624,90.97,90.97,90.89,90.89,900
VUZI,20150624,7.14,7.14,6.67,6.83,142700
VWOB,20150624,77.28,77.31,77.09,77.31,31000
VXUS,20150624,52.59,52.69,52.34,52.39,346500
WABC,20150624,51.23,51.65,51.04,51.14,362300
WAFD,20150624,24.15,24.25,23.97,24.07,435300
WASH,20150624,40.5,40.75,39.98,40.5,36800
WATT,20150624,9.28,9.4,8.32,8.34,1488900
WB,20150624,19.43,19.85,18.92,19.03,486000
WBA,20150624,86.86,86.95,85.81,86.15,2427600
WDAY,20150624,81.2,81.51,78.64,79.2,1113400
WDC,20150624,88.54,88.81,87.44,87.73,1932400
WDFC,20150624,87.35,87.35,86.42,86.77,34800
WEN,20150624,11.37,11.4,11.28,11.29,5617700
WERN,20150624,27.52,27.63,26.4,26.67,876600
WETF,20150624,22.83,23.05,22.61,22.95,2757800
WEYS,20150624,30.62,30.8,30.24,30.59,18100
WHF,20150624,12.67,12.92,12.67,12.85,14500
WHLM,20150624,5.79,5.79,5.79,5.79,100
WHLR,20150624,17.2,17.2,16.48,16.64,42800
WHLRP,20150624,25.12,25.15,24.77,25,16400
WILC,20150624,5.56,6.02,5.56,5.98,41600
WINA,20150624,101.34,102.17,100.01,100.31,20400
WING,20150624,28.75,28.93,28,28.33,227100
WIRE,20150624,44.53,44.53,43.84,44.2,110400
WIX,20150624,24.69,24.83,24.03,24.22,144100
WLDN,20150624,11.53,12.2,11.3,11.76,121600
WLFC,20150624,18.4,18.4,18.32,18.39,56500
WOOD,20150624,53.8,53.8,53.32,53.45,9700
WOOF,20150624,54.71,54.71,53.57,53.68,298100
WPRT,20150624,5.29,5.29,5.05,5.11,485300
WRLD,20150624,83.16,84.04,82.2,82.82,135100
WSBC,20150624,34.57,34.91,34.38,34.38,93600
WSBF,20150624,13.2,13.28,13.16,13.2,73100
WSFS,20150624,27.45,27.5,27.26,27.36,68700
WSTG,20150624,19.79,19.79,19.2,19.45,1400
WTBA,20150624,19.62,19.9,19.62,19.84,15400
WTFC,20150624,53.39,53.55,53.04,53.36,183700
WVFC,20150624,11.71,11.81,11.7,11.81,300
WVVI,20150624,6.81,6.97,6.81,6.97,900
WWD,20150624,55.75,56.38,55.7,56.25,473900
WYNN,20150624,100.01,100.24,97.97,98.21,2292500
XBIT,20150624,20.01,20.48,19.7,19.99,134300
XENE,20150624,13.12,13.12,12.76,12.85,28500
XENT,20150624,28.74,29.02,28.27,28.7,277200
XLNX,20150624,46.1,46.16,45.62,45.75,2323600
XLRN,20150624,32.39,32.72,31.74,31.98,148200
XNCR,20150624,21.65,21.85,21.11,21.28,212400
XNET,20150624,14.05,14.34,13.51,13.68,374000
XOMA,20150624,85.2,86,82.6,83.2,2511700
XONE,20150624,12.88,12.99,12.36,12.63,134900
XRAY,20150624,52.93,53.02,52.17,52.21,479400
XTLB,20150624,9.7,9.75,9.4,9.75,2600
YNDX,20150624,15.95,16.05,15.82,15.95,2698700
YORW,20150624,22.07,22.25,22.05,22.13,13000
YY,20150624,76,77.35,75.42,75.5,658800
Z,20150624,93.65,93.95,90.54,91.51,1120300
ZBRA,20150624,117.82,118.1,115.16,115.43,280100
ZEUS,20150624,18.93,19.31,18.58,19.02,80100
ZGNX,20150624,12.96,13.36,12.72,13.04,2540700
ZION,20150624,32.33,32.55,32.15,32.18,1285300
ZIOP,20150624,11.8,11.94,11.24,11.75,2926200
ZIXI,20150624,5.29,5.38,5.13,5.25,643700
ZNGA,20150624,2.95,2.99,2.93,2.98,3997500
ZSAN,20150624,147.6,153,147.6,150.6,13600
ZUMZ,20150624,27.96,28.03,27.41,27.65,615400
