AAL,20150317,52.63,54.18,52.5,53.69,41837800
AAME,20150317,4,4.02,4,4.02,8900
AAOI,20150317,12.69,13,12.5,12.85,140700
AAON,20150317,22.32,22.49,22.14,22.26,118700
AAPL,20150317,31.475,31.83,31.4125,31.76,51023100
AAWW,20150317,46.39,46.82,46.15,46.53,125000
AAXJ,20150317,62.16,62.63,62.07,62.59,1148300
ABCB,20150317,26.31,26.45,26.11,26.16,68700
ABIO,20150317,99.54,99.54,94.5,97.02,404700
ABMD,20150317,61.27,61.63,59.14,60.12,495100
ACAD,20150317,34.71,35.47,34.01,34.31,1985600
ACET,20150317,21.64,22.13,21.55,22.12,119500
ACGL,20150317,20.6033,20.7367,20.5967,20.6933,423800
ACHC,20150317,70.75,71.35,69.58,70.26,490000
ACIW,20150317,20.35,20.55,20.26,20.31,672300
ACLS,20150317,10.84,10.96,10.68,10.84,157200
ACNB,20150317,20.53,20.55,20.42,20.54,4200
ACOR,20150317,34.25,34.69,33.66,33.96,693500
ACRX,20150317,3.9,3.98,3.81,3.96,853100
ACST,20150317,5.1,5.2,4.9,5.1,169200
ACTG,20150317,10.99,11,10.57,10.74,787500
ACWI,20150317,59.65,59.85,59.46,59.77,1089800
ACWX,20150317,43.91,44.1,43.78,44.07,417900
ADBE,20150317,78.22,79.87,78.18,79.66,5718900
ADI,20150317,58.42,58.8,58.08,58.76,1845600
ADMA,20150317,7.99,8.1,7.85,7.9,65300
ADMP,20150317,5.85,5.98,5.57,5.8,108200
ADMS,20150317,17.41,18,17.32,17.92,165900
ADP,20150317,86.91,87.32,86.56,86.64,1986100
ADRE,20150317,34.12,34.5,34.12,34.5,5400
ADSK,20150317,61.2,61.62,61.17,61.43,1184800
ADTN,20150317,20.07,20.27,19.65,19.89,682600
ADUS,20150317,22.91,23.05,22.38,22.78,105200
ADXS,20150317,196.05,201.45,179.25,186.15,1176500
AEHR,20150317,2.58,2.72,2.58,2.69,16400
AEIS,20150317,25.57,25.75,25.34,25.39,334200
AERI,20150317,29.25,29.61,29.13,29.45,427300
AEY,20150317,2.33,2.34,2.31,2.32,8500
AEZS,20150317,57,58,52,53,4149800
AFMD,20150317,7.55,8.34,6.94,7.87,380800
AGEN,20150317,5.45,5.49,5.35,5.41,414600
AGIO,20150317,105.9,108.35,105,107.57,479100
AGNC,20150317,21.41,21.55,21.38,21.52,4043200
AGNCP,20150317,26.32,26.58,26.32,26.45,2600
AGRX,20150317,9.61,9.88,9.25,9.86,19400
AGTC,20150317,22.99,22.99,22.01,22.64,37100
AGYS,20150317,9.23,9.59,9.23,9.45,40900
AGZD,20150317,49.14,49.14,49.04,49.08,4900
AHPI,20150317,1.73,1.73,1.65,1.65,3500
AIMC,20150317,26.81,27.02,26.55,26.8,157000
AINV,20150317,23.43,23.55,23.22,23.46,1525700
AIQ,20150317,24.5,24.5,22.55,23.7,20800
AIRR,20150317,18.23,18.32,18.19,18.32,6100
AIRT,20150317,23.75,24.54,21.96,22.55,24000
AKAM,20150317,71.57,72.41,71.08,72.06,1162500
AKBA,20150317,12.97,13.29,12.37,12.82,200400
ALCO,20150317,45.91,46.12,45.5,45.51,10500
ALDX,20150317,10.25,11.24,10.25,11.11,3600
ALGN,20150317,56,56.42,55.4,56.19,1041000
ALGT,20150317,195.61,197.6,194.36,197.33,202400
ALIM,20150317,4.88,4.97,4.86,4.91,69500
ALKS,20150317,66.42,66.82,65.02,66.53,1379900
ALLT,20150317,8.95,9.04,8.95,9,49100
ALNY,20150317,116.82,120,114.71,116.29,765100
ALOT,20150317,14.14,14.14,13.89,14.1,2300
ALTR,20150317,35.55,35.6,35.22,35.51,1111900
AMAT,20150317,24.4,24.49,24.15,24.2,12973600
AMBA,20150317,69.24,69.27,67.34,67.81,1442300
AMCX,20150317,71.76,72.8,71.44,72.79,511700
AMD,20150317,2.75,2.8,2.74,2.77,7742200
AMED,20150317,27.36,27.52,26.92,27.19,195800
AMGN,20150317,162.25,163.76,161.74,163.07,2620800
AMKR,20150317,9.26,9.26,9.04,9.23,873300
AMNB,20150317,22.41,22.56,22.04,22.5,12600
AMOT,20150317,27.2,30,26.9,29.79,231400
AMPH,20150317,15.3,15.39,14.9,15.15,216300
AMRK,20150317,10.04,10.25,10,10.1,8200
AMRN,20150317,2.88,2.88,2.26,2.37,34887200
AMRS,20150317,37.65,37.95,35.7,36.45,142600
AMSC,20150317,7.3,7.6,7.1,7.6,238600
AMSF,20150317,40.92,42.19,40.85,41.98,219900
AMSWA,20150317,9.6,9.7,9.57,9.62,14700
AMTX,20150317,3.93,3.97,3.85,3.93,14800
AMWD,20150317,51.73,52.07,51.6,51.89,196900
AMZN,20150317,371.11,374.5,369.64,371.92,2036900
ANAT,20150317,96.15,98.95,95.41,97.93,72100
ANDE,20150317,39.17,40.27,38.96,40.25,294400
ANGI,20150317,6.47,6.49,6.35,6.43,660800
ANGO,20150317,18.08,18.11,17.89,18,150000
ANIK,20150317,40.13,40.73,39.6,39.9,146700
ANIP,20150317,62.93,63.49,61.57,62.67,254300
ANSS,20150317,86.03,87.09,86.02,86.84,339200
ANY,20150317,4.9,5.38,4.89,5.31,219600
AOSL,20150317,8.82,8.82,8.7,8.77,34800
APDN,20150317,125.6,131.2,114.4,118,106500
APEI,20150317,31.66,32.08,31.59,31.88,101100
APOG,20150317,43.78,44.58,43.51,44.4,138700
APPS,20150317,3.8,4.05,3.77,3.84,138600
APTO,20150317,6.23,6.23,5.9,6,44800
APWC,20150317,2.55,2.55,2.55,2.55,1100
ARAY,20150317,8.72,8.76,8.57,8.67,344000
ARCB,20150317,40.74,41.2,40.22,40.52,427500
ARCC,20150317,16.87,16.99,16.84,16.95,1434400
ARDX,20150317,15.94,15.94,15.22,15.63,27100
ARKR,20150317,24.41,24.41,24.16,24.4,800
ARLP,20150317,34.19,35.58,34.06,35.19,177000
ARNA,20150317,47.3,50.7,46.9,49.9,9954800
AROW,20150317,26.91,27.19,26.75,27.15,24200
ARRY,20150317,8.14,8.23,8.06,8.13,1567100
ARTNA,20150317,20.22,20.54,20.22,20.48,18500
ARTW,20150317,4.54,4.54,4.53,4.53,500
ARWR,20150317,7.4,7.64,7.34,7.54,758400
ASMB,20150317,13.65,13.88,13.36,13.7,22600
ASML,20150317,106.62,107.25,106.3,106.77,695400
ASND,20150317,18.17,18.19,17.15,17.86,17400
ASPS,20150317,16.35,16.49,15,15.13,897100
ASRV,20150317,2.99,3.05,2.95,2.96,23400
ASTC,20150317,3.07,3.15,3,3.03,72100
ASTE,20150317,43.23,43.23,42.57,42.87,89400
ASUR,20150317,5.95,6,5.95,6,37600
ASYS,20150317,10.98,11.1,10.98,11.04,24900
ATAI,20150317,4.02,4.02,3.85,3.85,12900
ATAX,20150317,5.63,5.7,5.63,5.7,59300
ATEC,20150317,17.4,17.4,16.56,17.28,42600
ATHX,20150317,3,3.08,2.95,3.07,1753900
ATLC,20150317,2.42,2.46,2.42,2.46,1000
ATLO,20150317,24.99,24.99,24.58,24.83,4200
ATNI,20150317,66.49,66.98,65.28,66.01,72500
ATOS,20150317,349.2,354.6,336.6,340.2,147500
ATRA,20150317,33,34.28,32.93,33.34,111000
ATRC,20150317,19.54,19.83,19.32,19.51,130500
ATRI,20150317,335.25,335.25,333.05,333.05,2600
ATRO,20150317,71.52,74.68,71.46,73.44,253200
ATRS,20150317,2.64,2.7,2.6,2.67,416700
ATSG,20150317,8.89,9,8.85,8.95,259000
ATVI,20150317,23.03,23.21,22.95,23.1,3781900
AUBN,20150317,24.65,24.84,23.81,24.16,7400
AUDC,20150317,5.01,5.16,5.01,5.15,105200
AUPH,20150317,5.1,5.18,4.7,4.75,180500
AVAV,20150317,25.46,25.91,25.29,25.81,117900
AVEO,20150317,12.1,13.7,11.9,13.4,998000
AVGO,20150317,128.81,129.6,127.5,129.1,1901600
AVGR,20150317,4204,4508,4200,4276,44800
AVID,20150317,13.91,13.99,12.02,12.66,1676200
AVNW,20150317,14.64,14.76,14.04,14.76,179100
AWRE,20150317,4.45,4.49,4.42,4.48,17300
AXDX,20150317,20.8,21.12,19.6,20.69,147500
AXGN,20150317,3.35,3.38,3.35,3.38,4800
AXTI,20150317,2.62,2.66,2.57,2.59,65700
AZPN,20150317,36.88,37.19,36.55,36.77,424800
BANF,20150317,60.91,61.2,60.43,60.98,9400
BANFP,20150317,27.99,27.99,27.99,27.99,0
BANR,20150317,45.3,45.59,45.27,45.36,73300
BANX,20150317,19.14,19.29,19,19.01,38200
BBBY,20150317,76.38,77.05,76.13,76.14,1048600
BBGI,20150317,5.17,5.17,5.11,5.12,300
BBSI,20150317,42.13,43.06,41.77,42.43,116700
BCBP,20150317,12.05,12.24,12,12.03,2200
BCLI,20150317,4.07,4.33,4.01,4.13,153900
BCOR,20150317,14.23,14.37,14.11,14.36,308400
BCOV,20150317,7.65,7.8,7.6,7.76,111200
BCPC,20150317,55.83,56.26,55.48,55.93,124900
BCRX,20150317,10.04,10.19,9.88,10.07,502400
BDSI,20150317,13.57,14.59,13.54,14.53,2224900
BEAT,20150317,10.41,10.43,9.89,10.09,190800
BECN,20150317,28.56,28.79,28.35,28.71,316500
BELFA,20150317,18.25,19.45,18.17,18.17,1200
BELFB,20150317,18.91,19.21,18.79,18.95,122600
BFIN,20150317,12.6,12.72,12.56,12.7,8500
BGCP,20150317,8.9,9.72,8.73,8.98,1434900
BGFV,20150317,12.85,12.92,12.71,12.86,75700
BHACU,20150317,9.98,9.98,9.98,9.98,0
BIB,20150317,84.215,85.645,83.315,85.525,352800
BICK,20150317,22.69,22.69,22.69,22.69,100
BIDU,20150317,204.56,206.49,202.51,203.26,2999800
BIIB,20150317,386.9588,392.8355,384.5639,392.5039,1968900
BIOC,20150317,75,75.9,67.8,71.7,1942200
BIOL,20150317,9.85,9.9,9.7,9.9,91800
BIS,20150317,33.08,33.31,32.38,32.42,259500
BJRI,20150317,53.79,54.55,53,53.22,573100
BKCC,20150317,9.3,9.4,9.26,9.35,855500
BKEP,20150317,7.77,7.8,7.65,7.77,27600
BKEPP,20150317,8.95,8.99,8.95,8.95,2000
BKSC,20150317,14.8,14.92,14.8,14.92,400
BLBD,20150317,9.17,9.3,9.1,9.29,20300
BLCM,20150317,250,255.6,240.6,249.4,328200
BLDP,20150317,2.03,2.06,1.95,2.01,1037600
BLFS,20150317,1.68,1.68,1.61,1.64,18000
BLIN,20150317,122.5,122.5,115,115,5400
BLKB,20150317,45.08,45.4,44.86,45.32,112400
BLMN,20150317,24.87,24.94,24.48,24.85,1789000
BLPH,20150317,168.3,172.5,167.1,170.7,84700
BLRX,20150317,29.55,31.2,28.05,30.3,1143300
BLUE,20150317,122.75,123.19,116.84,121.89,672200
BMRC,20150317,25.33,25.59,25.25,25.57,13900
BMRN,20150317,124.37,127.9,123.38,127.27,1716400
BMTC,20150317,29.85,30.35,29.85,30.21,47600
BNDX,20150317,53.78,53.78,53.6,53.65,781300
BNFT,20150317,37.52,37.8,36.56,37.5,221000
BNSO,20150317,1.4,1.54,1.4,1.54,700
BOKF,20150317,60.48,61.39,60.16,61.34,223300
BOOM,20150317,13.44,13.96,12.6,13.95,388700
BOSC,20150317,2.9,2.94,2.81,2.81,2400
BOTJ,20150317,10.85,10.85,10.85,10.85,200
BPOP,20150317,35.25,35.38,34.7,34.92,1413200
BPOPM,20150317,21.42,21.42,21.42,21.42,0
BPOPN,20150317,22.5,22.5,22.12,22.5,1200
BPTH,20150317,352,360,350,358,38900
BRID,20150317,8.35,8.4,7.85,7.85,5500
BRKL,20150317,9.78,9.97,9.73,9.94,192900
BRKR,20150317,19.26,19.26,18.84,19.02,700900
BRKS,20150317,11.87,11.94,11.74,11.78,194300
BRLI,20150317,34.26,34.85,34.12,34.43,159900
BSET,20150317,24.65,25.41,24.21,25.34,36700
BSQR,20150317,4.71,4.78,4.6,4.74,22600
BSRR,20150317,16.56,16.78,16.47,16.57,5700
BUSE,20150317,6.6,6.68,6.54,6.63,36400
BWEN,20150317,5,5.22,4.87,5.14,47500
BWFG,20150317,18.03,19.57,18.03,19.04,68000
BYFC,20150317,1.32,1.32,1.29,1.31,2100
CAAS,20150317,6.62,6.66,6.05,6.09,107700
CAC,20150317,37.66,38.84,37.47,38.46,10100
CACC,20150317,195.97,197.27,194.65,197.13,44200
CAKE,20150317,48.74,49.24,48.58,49.17,611200
CALA,20150317,13.75,13.85,13.04,13.51,89000
CALM,20150317,37.13,37.33,36.79,37.23,283000
CAMP,20150317,17.31,18,17.31,17.69,403000
CAMT,20150317,3.13,3.21,3.12,3.14,20700
CAPR,20150317,87.5,93,70.5,86,63400
CAR,20150317,58.07,58.79,57.99,58.33,819500
CARA,20150317,9.65,9.71,9.5,9.61,42100
CARV,20150317,5.85,5.97,5.68,5.92,17700
CARZ,20150317,40.57,40.72,40.56,40.57,1300
CASH,20150317,12.83,13.25,12.6533,13.2033,196200
CASI,20150317,1.58,1.58,1.45,1.49,4700
CASS,20150317,50.57,50.7,49.7,49.9,19600
CASY,20150317,88.14,88.41,87.1,88.09,284700
CATY,20150317,27.55,27.97,27.37,27.96,349900
CBAN,20150317,8.12,8.29,8.12,8.25,4300
CBAY,20150317,7.98,8.47,7.86,8.35,106500
CBFV,20150317,19.6,19.8,19.6,19.7,4000
CBNK,20150317,16.9,16.9,16.9,16.9,1100
CBRL,20150317,153.21,154.59,153.21,154.2,206400
CBSH,20150317,42.44,42.73,42.15,42.68,578600
CCBG,20150317,15.56,16,15.56,15.88,9200
CCLP,20150317,17.21,17.65,16.9,17.24,189600
CCMP,20150317,49.09,49.17,48.2,48.56,140600
CCNE,20150317,17.42,17.53,17.19,17.34,37100
CCOI,20150317,34.98,35.16,34.13,34.28,636100
CCRN,20150317,10.54,10.64,10.4,10.45,185000
CCXI,20150317,8.64,8.71,8.36,8.69,60800
CDC,20150317,36.3,36.3,36.06,36.18,16600
CDK,20150317,47.62,48.44,47.2,47.82,771000
CDNA,20150317,6.55,6.72,6.34,6.64,22200
CDNS,20150317,18.45,18.57,18.29,18.39,2748900
CDW,20150317,36.23,36.51,36.09,36.26,970300
CDXS,20150317,3.46,3.65,3.39,3.65,88000
CDZI,20150317,10.01,10.61,9.83,9.88,65900
CECE,20150317,12,12.03,11.94,12.02,100200
CEMI,20150317,4.06,4.11,4.06,4.11,6300
CENT,20150317,9.66,9.96,9.59,9.82,47600
CENTA,20150317,10.39,10.75,10.34,10.58,193900
CENX,20150317,14.07,14.33,13.74,13.86,1905500
CERE,20150317,3.6,3.92,3.04,3.12,2492900
CERN,20150317,71.4,71.56,70.75,71.36,903600
CERS,20150317,4.25,4.27,4.14,4.2,608800
CEVA,20150317,22.25,22.26,21.77,22,180800
CFA,20150317,36.98,36.98,36.98,36.98,100
CFBK,20150317,7.92,7.92,7.92,7.92,300
CFFI,20150317,35.78,35.78,34.06,34.54,10800
CFFN,20150317,12.43,12.58,12.38,12.54,568600
CFO,20150317,37.24,37.24,37,37.1,12100
CFRX,20150317,55.2,57,47,50.3,270500
CG,20150317,26.28,26.36,26,26.31,369100
CGEN,20150317,7.55,7.64,7.47,7.51,121500
CGNX,20150317,24.75,24.84,24.21,24.48,563300
CGO,20150317,13.62,13.62,13.47,13.55,16600
CHCI,20150317,0.97,1,0.92,0.96,31200
CHCO,20150317,47.11,47.49,46.64,47.47,34500
CHDN,20150317,37.38,37.41,36.9967,37.15,59900
CHEF,20150317,21.48,22.15,21.27,21.94,54000
CHI,20150317,12.99,13.07,12.95,13.04,144200
CHKP,20150317,82.59,83.69,82.59,83.46,564800
CHMG,20150317,28,28.24,26.92,28.22,15800
CHNR,20150317,1.69,1.75,1.65,1.65,2300
CHRS,20150317,29.94,31.68,29.91,30.77,184200
CHRW,20150317,74.69,75.09,74.21,74.66,1165700
CHSCL,20150317,26.94,26.94,26.83,26.9,71500
CHSCM,20150317,25.44,25.49,25.35,25.45,134400
CHSCN,20150317,26.58,26.76,26.58,26.6,12500
CHSCO,20150317,28.5,28.5,28.3,28.44,9100
CHSCP,20150317,31.21,31.45,31.21,31.43,9700
CHTR,20150317,189,190.83,187.59,188.62,821000
CHUY,20150317,22.65,23.14,22.45,23,340200
CHW,20150317,8.77,8.78,8.7,8.75,144100
CHY,20150317,14.33,14.38,14.25,14.31,136200
CIDM,20150317,15.3,15.3,15.1,15.1,95600
CINF,20150317,52.19,53.55,52.19,53.48,461700
CIZ,20150317,34.91,35.29,34.82,34.83,4900
CIZN,20150317,18.15,18.67,17.97,17.97,7500
CJJD,20150317,2.96,3.04,2.62,2.62,303400
CLDX,20150317,480.6,481.2,440.25,453.45,3422300
CLFD,20150317,14.73,15.08,14.65,15,25700
CLIR,20150317,5.67,5.93,5.51,5.72,92600
CLMT,20150317,24.57,25.05,24.5,24.84,359800
CLNE,20150317,4.99,5.08,4.92,5.02,1104500
CLRB,20150317,262,269,262,269,1900
CLRO,20150317,11.19,11.19,10.85,10.86,6100
CLSN,20150317,2.47,2.52,2.4,2.45,103200
CLVS,20150317,81.21,83.46,79.45,83.3,449700
CLWT,20150317,1.9867,1.9933,1.9,1.9,1000
CMCO,20150317,24.24,24.78,23.83,24.68,46700
CMCSA,20150317,29.28,29.71,29.125,29.565,14936300
CMCT,20150317,17.31,18.12,17.31,17.91,2700
CME,20150317,99.29,99.98,98.79,99.75,1794800
CMLS,20150317,23.52,23.84,22.16,23.28,1129900
CMPR,20150317,82.65,84.02,81.58,82.91,111400
CMRX,20150317,42.04,42.32,41.13,41.98,293200
CMTL,20150317,27.41,27.98,27.25,27.86,144400
CNBKA,20150317,39.6,39.6,39.25,39.37,2600
CNCE,20150317,16.91,18.29,15.95,16.24,382500
CNET,20150317,1.6,1.6,1.47,1.49,90600
CNOB,20150317,18.8,19,18.62,18.9,31200
CNSL,20150317,21.15,21.44,20.68,21.2,635300
CNTY,20150317,5.52,5.69,5.41,5.67,59000
COHR,20150317,65.06,65.39,64.42,65,127400
COHU,20150317,11.05,11.25,10.94,11.2,91200
COKE,20150317,107.92,107.92,105.7,106.17,9900
COLB,20150317,28.77,29.07,28.57,29.03,305900
COLM,20150317,57.83,58.76,57.49,58.47,276500
COMM,20150317,29.44,30.42,29.22,30.22,1385500
COMT,20150317,37.87,37.87,37.55,37.72,14000
CONE,20150317,31.7,31.79,31.11,31.61,331200
CONN,20150317,27.08,28.14,26.52,27.95,361200
COOL,20150317,6.3,6.42,6.18,6.42,7400
CORT,20150317,4.2,4.47,4.17,4.4,298600
COST,20150317,149.96,150.2,148.43,150.03,1972500
COWN,20150317,5.33,5.37,5.28,5.32,828500
COWNL,20150317,26.5,26.58,26.18,26.58,6300
CPHC,20150317,10.01,11,10.01,10.15,300
CPIX,20150317,6.8,7.08,6.75,6.86,71200
CPLP,20150317,9.27,9.6,9.27,9.59,409200
CPRT,20150317,18.825,18.855,18.65,18.705,392500
CPRX,20150317,4.46,4.9,4.45,4.84,1353300
CPSH,20150317,3,3.1,3,3.07,5700
CPSI,20150317,52.12,52.86,52.12,52.69,94100
CPSS,20150317,7.05,7.39,6.8,7.11,108100
CRAI,20150317,30.98,31.18,30.77,30.91,45100
CREG,20150317,104,107,102,103,64400
CRESW,20150317,0.01,0.04,0.01,0.02,622700
CRESY,20150317,13.38,13.93,13.38,13.91,213200
CRIS,20150317,13.95,14.8,13.95,14.6,1111900
CRMT,20150317,56.96,57.55,55.83,57,68200
CRNT,20150317,1.1,1.11,1.05,1.07,266000
CROX,20150317,11.63,11.73,11.52,11.68,1055800
CRTO,20150317,41.87,43.74,41.87,43.41,581700
CRUS,20150317,34.23,34.23,33.18,33.48,1085800
CRVL,20150317,34.51,34.86,33.44,34.24,79800
CRWS,20150317,8.38,8.38,7.75,7.78,22900
CSCO,20150317,28.19,28.28,27.95,28.15,21895600
CSF,20150317,38.25,38.59,38.25,38.51,4800
CSGP,20150317,194.41,196.64,193.5,194.94,92800
CSGS,20150317,29.46,29.72,29.33,29.47,112400
CSII,20150317,37.39,37.81,36.8,37.68,186400
CSIQ,20150317,31.6,34.44,31.32,34.23,3707600
CSOD,20150317,29,29.17,28.71,29.02,501700
CSPI,20150317,6.98,7.13,6.75,7.06,7800
CSQ,20150317,11.27,11.33,11.26,11.29,379600
CSTE,20150317,61.71,64.08,61.67,63.22,240800
CSWC,20150317,48.54,49.08,48.22,48.5,57800
CSX,20150317,34.42,34.73,34.39,34.63,4376700
CTAS,20150317,85.33,85.53,84.02,85.26,579600
CTBI,20150317,33.03,33.4,32.66,33.19,36200
CTG,20150317,7.49,7.56,7.27,7.49,119900
CTHR,20150317,1.24,1.32,1.19,1.2,91400
CTIB,20150317,3.89,3.95,3.89,3.92,800
CTIC,20150317,20,20,18.7,19.4,5969000
CTRE,20150317,13,13.08,12.3,12.78,119800
CTRN,20150317,24.88,25.41,24.46,25.08,264100
CTSH,20150317,61.9,62.48,61.55,62.25,2513500
CTSO,20150317,13,13.24,12.03,13.04,350300
CTXS,20150317,48.758,49.2994,48.7022,49.0924,1156600
CUBA,20150317,9.92,9.95,9.55,9.74,53700
CUTR,20150317,13.76,14.24,13.47,14.12,58000
CVBF,20150317,15.76,16.02,15.72,16.02,445000
CVCO,20150317,71.44,71.9,68.79,69.45,22500
CVCY,20150317,10.98,10.98,10.95,10.96,1700
CVGI,20150317,5.91,6.25,5.91,6.13,77000
CVGW,20150317,49.26,50.48,49.13,50.27,86800
CVLT,20150317,45.68,45.94,44.99,45.13,309000
CVLY,20150317,20.53,20.71,20.53,20.71,300
CVV,20150317,13.78,14.15,13.78,14.1,4600
CWBC,20150317,6.6,6.6,6.6,6.6,0
CWCO,20150317,10,10.09,9.6,10.05,132000
CWST,20150317,4.83,4.98,4.81,4.92,75700
CXDC,20150317,4.57,4.68,4.51,4.68,108800
CYAN,20150317,8.91,9,8.5,8.99,19400
CYBE,20150317,9.51,9.7,9.25,9.59,6900
CYBR,20150317,50,53.06,49.85,53.06,2426300
CYCC,20150317,247.2,247.2,232.8,242.4,275200
CYCCP,20150317,6.25,6.25,6.25,6.25,300
CYRN,20150317,2.55,2.6,2.52,2.58,132000
CYTK,20150317,7.9,8.02,7.7,7.84,327600
CZNC,20150317,19.81,20,19.81,20,17200
CZR,20150317,9.54,9.7,9.06,9.39,1077000
CZWI,20150317,9.2,9.2,9.2,9.2,300
DAIO,20150317,3.36,3.39,3.33,3.35,2900
DAKT,20150317,10.55,10.7,10.51,10.68,185700
DAX,20150317,28.42,28.47,27.85,27.94,112000
DBVT,20150317,21.07,21.43,21.05,21.25,246800
DCOM,20150317,15.65,15.86,15.55,15.83,136000
DCTH,20150317,17.44,17.92,16.48,16.64,98500
DENN,20150317,11.6,11.78,11.58,11.74,323300
DERM,20150317,15.18,15.3,15,15.08,56500
DGICA,20150317,15.22,15.3,15.02,15.23,14600
DGII,20150317,10.18,10.45,10.16,10.42,51600
DGLY,20150317,11.27,11.44,11.1,11.37,90900
DGRE,20150317,23.7,23.87,23.63,23.77,3100
DGRS,20150317,29.36,29.53,29.35,29.53,3200
DGRW,20150317,31.38,31.38,31.2,31.28,81300
DHIL,20150317,148,148,147,147.5,2400
DIOD,20150317,29.63,29.83,29.42,29.74,184100
DISCA,20150317,32.35,32.49,31.8,32.11,3820800
DISCB,20150317,32.15,32.15,32.15,32.15,0
DISCK,20150317,31.17,31.27,30.77,31.04,2563700
DISH,20150317,72.38,73.59,72.12,73.36,897500
DJCO,20150317,192,192,188,188,2000
DLHC,20150317,2.07,2.07,2,2,1000
DLTR,20150317,83.63,83.83,83.01,83.32,2830200
DMLP,20150317,23.9,24.14,22.73,23.43,33000
DMRC,20150317,22.23,22.68,22.2,22.49,18300
DORM,20150317,46.11,47.17,46.02,47.15,244000
DOX,20150317,51.86,52.77,51.74,52.67,894000
DRNA,20150317,26.4,27.33,25.82,26.94,136000
DRRX,20150317,1.59,1.65,1.57,1.63,621200
DSGX,20150317,14.96,15.17,14.86,15.1,14100
DSPG,20150317,11.39,11.47,11.24,11.41,68700
DSWL,20150317,1.9,1.91,1.9,1.91,13800
DVAX,20150317,22.64,23.19,22.4,22.92,339900
DWAT,20150317,10.54,10.57,10.54,10.55,3400
DWSN,20150317,4.56,4.83,4.56,4.66,123000
DXCM,20150317,62.91,63.3,61.9,62.31,346000
DXGE,20150317,31.69,31.69,31.32,31.57,892900
DXJS,20150317,33.99,34.01,33.73,33.96,28500
DXLG,20150317,4.37,4.4,4.31,4.38,119400
DXPE,20150317,44.29,45.09,44.29,44.83,76900
DXYN,20150317,8.51,8.58,8.08,8.33,70800
DYNT,20150317,2.93,2.95,2.9,2.9,3200
EA,20150317,55.26,55.4,54.03,54.17,4692900
EAC,20150317,5.17,5.25,5.08,5.24,11800
EBAY,20150317,25.0737,25.2168,24.7789,25.0484,6890900
EBIX,20150317,29.21,30.3,28.87,29.91,905200
EBMT,20150317,11.14,11.14,11.14,11.14,100
EBSB,20150317,12.87,12.96,12.77,12.94,123300
EBTC,20150317,21.16,21.2,20.92,21.03,5900
ECHO,20150317,28,28.03,27.67,27.71,67800
ECOL,20150317,49.27,49.84,48.97,49.57,192800
ECPG,20150317,41.57,42.06,41.25,41.87,182200
EDAP,20150317,3.61,3.63,3.5,3.59,88100
EDUC,20150317,2.005,2.045,1.99,2.01,15300
EEFT,20150317,53.76,55.13,53.53,54.28,288600
EEMA,20150317,60.21,60.4,59.93,60.39,13300
EFOI,20150317,26.3,27.4,25.9,26,25500
EFSC,20150317,20.65,20.8,20.43,20.77,67400
EGAN,20150317,3.21,3.32,3.16,3.19,13300
EGBN,20150317,37.63,37.95,37.53,37.77,256500
EGLE,20150317,1331.4,1342.6,1289.4,1328.6,105700
EGRX,20150317,43.25,43.43,41.58,42.07,1103700
EHTH,20150317,10.03,10.31,10.03,10.17,172100
ELSE,20150317,4.3,4.35,4.3,4.35,2400
ELTK,20150317,1.14,1.14,1.14,1.14,0
EMCB,20150317,70.53,70.68,69.95,70.17,3800
EMCF,20150317,26.3,26.3,26.3,26.3,300
EMIF,20150317,31.14,31.54,31.13,31.42,20600
EMKR,20150317,5.49,5.5,5.42,5.5,68200
EML,20150317,19.75,20.01,19.7,19.9,105700
ENDP,20150317,89.24,90.85,89.13,90.78,2140600
ENG,20150317,1.71,1.79,1.71,1.78,20800
ENPH,20150317,12.97,13.26,12.97,13.25,946400
ENSG,20150317,21.75,22.03,21.48,21.91,145500
ENTA,20150317,34.78,35.22,34.2,34.42,481700
ENTG,20150317,13.26,13.33,13.07,13.22,465400
ENVI,20150317,1.38,1.46,1.3,1.3,48900
EPAY,20150317,27.45,27.87,27.22,27.77,155700
EPZM,20150317,21.35,21.75,20.48,21.13,577200
EQIX,20150317,234.72,236.87,233.32,234.26,430500
ERIC,20150317,12.74,12.83,12.7,12.82,2312200
ERIE,20150317,87.75,88.56,87.5,88,37400
ERII,20150317,3.06,3.08,2.95,2.96,188400
ESBK,20150317,20.75,20.75,20.67,20.67,700
ESCA,20150317,16.15,16.15,15.97,16.04,12000
ESEA,20150317,5.84,6.08,5.84,5.92,13500
ESGR,20150317,139.86,141.24,139.5,140.99,24200
ESLT,20150317,68.54,69.94,68.54,68.92,5700
ESPR,20150317,83.71,100.5,82.69,99.6,5747700
ESSA,20150317,12.65,12.65,12.54,12.64,5700
ESXB,20150317,4.48,4.49,4.43,4.43,400
EUFN,20150317,22.21,22.37,22.21,22.35,94400
EVK,20150317,5.7,6.04,5.5,5.84,5000
EVLV,20150317,5.67,5.94,5.61,5.81,307300
EVOK,20150317,6.9,7.22,6.75,7.11,39400
EVOL,20150317,8.06,8.49,7.92,8.49,41000
EWBC,20150317,40.5,41.07,40.16,40.98,905300
EXAS,20150317,24.04,24.84,24.01,24.71,803700
EXEL,20150317,2.62,2.7,2.6,2.7,1734600
EXLS,20150317,35.44,35.44,35.15,35.32,138400
EXPD,20150317,48.74,49.03,48.51,48.71,848900
EXPE,20150317,92.49,93.28,91.62,92.33,1583200
EXPO,20150317,21.92,22.285,21.875,22.27,55500
EXTR,20150317,3.25,3.32,3.2,3.29,1180600
EYES,20150317,103.84,111.12,100.88,107.92,943500
EZPW,20150317,10.59,10.74,10.48,10.69,308600
FANG,20150317,70.39,71.5,69.52,70.47,856100
FARM,20150317,24.55,24.55,24.19,24.37,16800
FARO,20150317,57.67,58.95,57.41,58.64,166600
FAST,20150317,20.535,21.75,20.535,21.295,7977200
FATE,20150317,4.77,5,4.77,5,900
FB,20150317,78.36,79.78,78.34,79.36,22169900
FBIZ,20150317,45.42,46,45,45.92,6400
FBMS,20150317,16.75,17.48,16.75,17.17,1300
FBNC,20150317,16.62,16.85,16.51,16.75,56800
FCAP,20150317,23.53,23.53,23.53,23.53,200
FCBC,20150317,17.02,17.09,16.89,16.95,74800
FCCO,20150317,11.82,11.82,11.55,11.56,7100
FCCY,20150317,11.7,11.8,11.7,11.76,2800
FCEL,20150317,180,182.88,174.24,175.68,2624700
FCFS,20150317,47.75,48.2,47.6,48.09,276400
FCNCA,20150317,256,258.44,254.08,258.17,21600
FDIV,20150317,49.67,49.81,49.37,49.37,1500
FDUS,20150317,16.75,16.79,16.51,16.54,53800
FEIM,20150317,12.94,12.95,12.25,12.36,14600
FELE,20150317,36.79,38.06,36.47,38.06,242700
FEMB,20150317,44.77,44.77,44.77,44.77,0
FEUZ,20150317,32.08,32.18,31.99,32.18,5600
FFBC,20150317,17.66,17.89,17.58,17.85,116400
FFHL,20150317,0.59,0.59,0.59,0.59,0
FFIC,20150317,19.84,20.27,19.69,20.16,41100
FFIN,20150317,13.705,13.965,13.615,13.925,252000
FFIV,20150317,112.86,113.24,111.98,112.58,566200
FFNW,20150317,12.34,12.38,12.26,12.28,12800
FFWM,20150317,9.215,9.215,9.005,9.065,12600
FGEN,20150317,29.18,29.95,29.08,29.81,64700
FIBK,20150317,26.44,27.35,26.44,27.25,120700
FISI,20150317,23.52,23.54,23.04,23.2,35300
FISV,20150317,39.16,39.38,39.16,39.285,967200
FITB,20150317,19.26,19.31,19.05,19.25,9765100
FITBI,20150317,27.97,27.97,27.62,27.68,35300
FIVE,20150317,30.46,30.85,30.3,30.65,1169600
FIVN,20150317,4.55,4.79,4.49,4.76,1005000
FIZZ,20150317,22.41,22.6,22.13,22.59,15700
FLDM,20150317,43.64,45.07,43.38,44.91,127400
FLEX,20150317,11.82,12,11.8,11.95,3957800
FLIC,20150317,25.75,25.98,25.66,25.83,6200
FLL,20150317,1.45,1.5,1.31,1.48,33500
FLWS,20150317,12.56,12.78,12.49,12.5,546100
FLXN,20150317,26.11,26.97,25.3,26.81,151800
FLXS,20150317,29.96,30.01,29.7,29.95,12200
FMB,20150317,51.97,51.97,51.95,51.96,2200
FMBH,20150317,19.65,19.72,19.65,19.72,1600
FMBI,20150317,17.37,17.65,17.29,17.59,358300
FMNB,20150317,7.96,8.04,7.95,8.03,11100
FNHC,20150317,29.49,29.73,29.21,29.36,42600
FNLC,20150317,16.65,16.74,16.57,16.74,10100
FNWB,20150317,12.37,12.45,12.26,12.44,95400
FOLD,20150317,9.62,9.95,9.21,9.59,1413100
FONR,20150317,11.87,12.55,11.83,12.5,40400
FORD,20150317,0.8,0.81,0.75,0.75,24400
FORM,20150317,9.4,9.64,9.37,9.48,444500
FORR,20150317,37.05,37.05,36.5,36.57,57500
FORTY,20150317,26.8,26.8,26.8,26.8,700
FOSL,20150317,79.93,81.51,79.93,81.42,626100
FOX,20150317,33.28,33.28,32.85,32.98,1946800
FOXA,20150317,34.14,34.15,33.78,33.87,15200100
FOXF,20150317,15,15.06,14.81,14.83,92500
FPXI,20150317,28.2,28.72,28.2,28.69,3000
FRBA,20150317,6.32,6.32,6.02,6.15,4000
FRBK,20150317,3.5,3.54,3.39,3.43,37600
FREE,20150317,48000,48000,36000,42000,3305500
FRGI,20150317,64.71,65.29,64.38,64.41,198200
FRME,20150317,23.59,23.9,23.45,23.84,66400
FRPH,20150317,32,32.06,31.1,31.77,7000
FRPT,20150317,18.06,18.93,17.64,18.66,120800
FRSH,20150317,13.97,14.9,13.95,14.7,393600
FSBW,20150317,18.95,19.43,18.95,19.32,4000
FSFG,20150317,27.55,27.55,26.8,26.8,10200
FSLR,20150317,59.89,61.38,59.7,60.49,2311800
FSTR,20150317,44.72,47.22,44.6,45.35,96600
FTCS,20150317,38.67,38.81,38.59,38.72,14700
FTEK,20150317,3.11,3.16,3.03,3.05,438800
FTGC,20150317,24.06,24.15,23.93,24.08,67100
FTHI,20150317,20.8,20.8,20.76,20.77,1000
FTLB,20150317,20.44,20.44,20.44,20.44,900
FTNT,20150317,33.99,34.44,33.85,34.26,1193000
FTSL,20150317,49.12,49.19,49.03,49.03,81800
FTSM,20150317,60.05,60.1,60.04,60.05,380400
FULT,20150317,12.32,12.48,12.15,12.48,1032700
FUNC,20150317,9.1,9.1,9.06,9.06,1300
FUND,20150317,7.25,7.25,7.2,7.25,25500
FV,20150317,24.16,24.29,24.08,24.26,1861900
FWP,20150317,24,24.55,24,24.32,33300
FWRD,20150317,53.69,54.18,53.4,53.94,181100
GABC,20150317,19.56,19.6867,19.3933,19.68,11900
GAIA,20150317,7.5,7.54,7.37,7.53,31700
GAIN,20150317,7.39,7.42,7.36,7.41,174600
GALT,20150317,3.57,3.7,3.56,3.6,80300
GAME,20150317,6.4,6.4,6.33,6.38,726200
GASS,20150317,6.01,6.34,5.91,6.34,144700
GBCI,20150317,25.14,25.49,24.92,25.46,314900
GBDC,20150317,17.68,17.71,17.45,17.7,117100
GBLI,20150317,26.92,27.01,26.65,26.79,5700
GCBC,20150317,14.25,14.25,14.25,14.25,0
GENC,20150317,6.5733,6.6,6.56,6.6,1400
GENE,20150317,17.28,18.2,16.8,17.16,1190600
GEOS,20150317,15.3,15.75,15.1,15.52,255900
GERN,20150317,4.06,4.27,4.05,4.19,4085800
GEVO,20150317,1380,1500,1380,1440,1472600
GFED,20150317,14.85,14.85,14.85,14.85,600
GGAL,20150317,24.59,26,24.47,25.76,2164700
GIFI,20150317,13.5,13.91,13.26,13.75,66900
GIGM,20150317,4.15,4.15,3.85,3.95,81000
GIII,20150317,53.4,53.85,52.745,53.715,128500
GILD,20150317,100.8,101.75,99.61,100.44,9906200
GILT,20150317,5.42,5.42,5.25,5.35,8800
GLAD,20150317,8.95,8.95,8.74,8.92,116800
GLBS,20150317,6040,6040,4880,4920,9900
GLBZ,20150317,12.75,12.75,12.75,12.75,0
GLDD,20150317,5.73,5.78,5.61,5.66,407700
GLDI,20150317,11.48,11.94,11.46,11.47,107900
GLMD,20150317,9.4,11,9.4,10.92,140800
GLNG,20150317,34.64,36.33,34.59,35.93,2294700
GLPI,20150317,35.87,36.53,35.54,36.42,634300
GLRE,20150317,32.3,32.5,32.2,32.44,91000
GLYC,20150317,8.21,8.52,8.11,8.5,66000
GNCA,20150317,76.8,80,74.48,78.08,211300
GNMA,20150317,50.32,50.39,50.25,50.25,5900
GNTX,20150317,18,18.19,17.91,18.14,1068100
GOGO,20150317,20.8,22,20.59,21.37,2942800
GOOD,20150317,18.25,18.45,18.15,18.42,107700
GOODN,20150317,25.71,25.71,25.71,25.71,0
GOODO,20150317,25.77,25.77,25.21,25.57,5500
GOOG,20150317,551.71,553.8,548,550.84,1800500
GOOGL,20150317,558.16,560.64,554.41,557.61,1444500
GPRE,20150317,26.68,27.25,26.01,26.78,869400
GPRO,20150317,39.16,41.28,38.88,40.25,7357900
GRBK,20150317,7.68,7.93,7.52,7.86,55800
GRFS,20150317,16.525,16.695,16.335,16.475,252300
GRID,20150317,34.61,35.03,34.56,34.56,3400
GRMN,20150317,48.33,48.66,48.07,48.48,939400
GROW,20150317,2.85,2.99,2.85,2.93,6800
GRPN,20150317,155.6,158.6,155.4,157,5569100
GRVY,20150317,1.88,1.88,1.88,1.88,3300
GSBC,20150317,38.4,38.86,38.13,38.86,24500
GSIT,20150317,5.6,5.67,5.51,5.51,19900
GSM,20150317,17.98,18.23,17.81,18.22,538900
GT,20150317,25.1,25.23,24.95,25.06,1974300
GTIM,20150317,7.7,7.91,7.55,7.87,47600
GURE,20150317,8.45,8.5,8.1,8.45,89200
GWGH,20150317,8.02,8.02,8.01,8.01,3100
GYRO,20150317,4.03,4.09,4.03,4.04,3100
HA,20150317,19.77,20.23,19.66,20.15,2111000
HAFC,20150317,20.35,20.54,20.18,20.51,179700
HAIN,20150317,63.25,63.85,62.96,63.44,644700
HALL,20150317,11.14,11.14,11.01,11.07,7600
HALO,20150317,16.09,16.55,15.95,16.2,1353600
HAS,20150317,61.25,61.69,60.82,61.6,660600
HAYN,20150317,42.23,42.57,41.63,42.03,58300
HBAN,20150317,11.12,11.24,10.98,11.22,10065300
HBANP,20150317,1356.51,1375,1356,1375,100
HBCP,20150317,21.36,21.71,21.25,21.27,1500
HBIO,20150317,5.4,5.47,5.3,5.31,42600
HBMD,20150317,14,14,13.98,13.98,1900
HBNC,20150317,10.3867,10.6667,10.3867,10.5911,10800
HBP,20150317,2.93,2.99,2.85,2.86,18400
HCCI,20150317,12.52,13.3,11.64,13.04,85100
HCKT,20150317,8.78,8.8,8.7,8.78,43100
HCSG,20150317,32.93,33.27,32.81,33.22,277600
HDSN,20150317,4,4.14,3.96,4.07,50900
HEAR,20150317,9.04,9.44,8.88,8.92,155300
HEES,20150317,23.48,23.85,23.28,23.67,358600
HELE,20150317,76.66,77.65,76.41,77.02,126000
HERO,20150317,0.38,0.44,0.36,0.42,6620800
HFBL,20150317,20,20,20,20,0
HFWA,20150317,16.45,16.61,16.42,16.56,91400
HGSH,20150317,5.18,5.26,5.04,5.1,9800
HIBB,20150317,49.3,50.75,48.88,50.48,610500
HIFS,20150317,99,99,97.18,97.18,400
HIHO,20150317,3.12,3.18,3.06,3.09,6800
HIMX,20150317,7.26,7.26,6.71,6.74,11336700
HLIT,20150317,7.58,7.64,7.53,7.59,231200
HMHC,20150317,21.94,23.12,21.55,22.97,1358800
HMNF,20150317,11.88,12.07,11.88,12.01,1300
HMST,20150317,18.05,18.1,17.84,18.04,113600
HMTV,20150317,12.69,12.7,12.31,12.53,16800
HNNA,20150317,14.1867,14.2533,14.0733,14.2533,1100
HNRG,20150317,12.74,12.74,12.39,12.49,52700
HOFT,20150317,18.54,18.86,18.44,18.85,16300
HOLI,20150317,17.18,17.61,16.92,17.48,507700
HOLX,20150317,32.29,32.54,32.22,32.46,886600
HOMB,20150317,16.995,17.195,16.895,17.175,260100
HOVNP,20150317,14.5,15,14.5,14.95,35600
HQY,20150317,24.4,24.6,23.97,24.32,200900
HRTX,20150317,14.75,15,14.57,14.94,156600
HRZN,20150317,14.42,14.45,14.21,14.29,40400
HSIC,20150317,138.53,140.2,137.74,138.34,15612000
HSII,20150317,23.91,24.32,23.91,24.17,68600
HSKA,20150317,24.06,24.67,23.45,24.5,50100
HSON,20150317,27.1,28,27,27.7,24800
HSTM,20150317,25.02,26.08,24.77,25.69,121700
HTBI,20150317,15.89,16,15.89,15.99,26100
HTBK,20150317,8.91,8.99,8.86,8.95,54400
HTBX,20150317,76.4,78.6,72,73.1,125400
HTHT,20150317,4.4425,4.5225,4.41,4.4325,81000
HTLD,20150317,24.5,24.89,24.38,24.8,638000
HTLF,20150317,32.73,33.17,32.61,33.14,28800
HUBG,20150317,39.95,40.37,39.75,39.92,213100
HURC,20150317,30.21,30.21,29.71,29.9,15500
HURN,20150317,67.01,67.58,66.82,67.27,152600
HWBK,20150317,13.11,13.25,13,13.22,14900
HWKN,20150317,38.45,38.45,37.81,38.17,35500
HYLS,20150317,50.35,50.47,50.01,50.05,23000
HYZD,20150317,24.18,24.18,24.18,24.18,0
HZNP,20150317,22.08,22.5,21.86,22.49,2640700
IART,20150317,29.765,29.965,29.575,29.9,121500
IBB,20150317,353.01,356.63,351.58,356.25,1319000
IBCP,20150317,12.89,13,12.84,12.99,50600
IBKR,20150317,34.06,34.45,33.87,34.37,333000
IBOC,20150317,25.58,26.04,25.48,25.98,132400
IBTX,20150317,36.67,37.39,36.67,37.13,39500
ICAD,20150317,9.25,9.53,9.25,9.48,76400
ICBK,20150317,19.78,20,19.7,19.71,24400
ICCC,20150317,6.55,6.79,6.55,6.79,900
ICFI,20150317,40.85,41.04,40.65,40.79,66800
ICLN,20150317,11.45,11.55,11.39,11.54,57100
ICLR,20150317,68.51,68.75,67.72,68.48,385100
ICPT,20150317,289.13,296.23,278.06,280.11,713900
ICUI,20150317,90.75,91.5,90.35,90.61,117000
IDCC,20150317,52.92,53.6,52.1,53.58,597800
IDRA,20150317,34.56,36,33.92,35.84,1534700
IDXX,20150317,76.315,76.315,75.53,75.84,179800
IEP,20150317,90,90.3,88.51,89.12,116800
IESC,20150317,7.71,7.93,7.71,7.76,3700
IEUS,20150317,43.35,43.35,43.16,43.27,1200
IFGL,20150317,30.5,30.58,30.41,30.57,54000
IFV,20150317,19.09,19.09,18.91,19,87300
IGOV,20150317,90.05,90.53,89.85,90.02,18500
III,20150317,3.92,3.96,3.77,3.96,125600
IIN,20150317,8.06,8.17,7.99,8.09,20000
IIVI,20150317,18.16,18.35,17.95,18.29,216500
IKNX,20150317,15.75,15.75,15.5,15.5,600
ILMN,20150317,193.94,194.91,191.15,194.5,904000
IMGN,20150317,7.71,7.79,7.46,7.63,623300
IMKTA,20150317,49,49.78,48.41,48.89,148800
IMMR,20150317,7.96,8.03,7.88,7.98,241100
IMOS,20150317,23.53,23.76,22.67,23.03,179000
INBK,20150317,18,18,17.9,17.99,5700
INCR,20150317,31.79,32.34,31.19,31.43,115200
INCY,20150317,92.02,93.42,90.77,92.34,914700
INDB,20150317,43.17,43.94,42.98,43.83,117400
INDY,20150317,31.76,32.18,31.76,32.17,499100
INFI,20150317,16.06,16.4,15.98,16.15,434700
INFN,20150317,18.86,19.3,18.8,19.17,1254400
INGN,20150317,33.7,34.26,33.15,33.94,195200
INO,20150317,8.5,8.62,7.76,8.56,2053700
INOD,20150317,2.66,2.68,2.6,2.64,5900
INOV,20150317,29.15,29.53,28.95,29.06,128300
INSM,20150317,21.15,21.65,21.09,21.43,353300
INTC,20150317,30.58,30.73,30.41,30.59,29215500
INTG,20150317,19.25,19.25,19.25,19.25,300
INTU,20150317,98.75,99.38,98.41,98.98,1453700
INVE,20150317,10.21,10.21,9.51,9.52,114200
IOSP,20150317,44.65,44.66,43.57,44.18,127800
IPAR,20150317,29.68,29.99,29.2,29.81,78300
IPDN,20150317,44.48,44.48,44.48,44.48,200
IPGP,20150317,99.5,99.5,98.01,99.21,235900
IPKW,20150317,26.1,26.37,26,26.37,93600
IPWR,20150317,93.7,93.9,93,93.5,16100
IRBT,20150317,32.55,32.59,31.73,32.06,340900
IRCP,20150317,27.96,35.11,27.96,35.11,8600
IRDM,20150317,9.39,9.5,9.35,9.49,534800
IRIX,20150317,10.5,10.5,9.84,10.14,37500
IRMD,20150317,15.4,15.4,14.89,15.06,1300
IROQ,20150317,16.7,16.7,16.66,16.68,10200
IRWD,20150317,15.6,16.17,15.53,15.78,898200
ISBC,20150317,11.83,11.98,11.65,11.76,5598800
ISHG,20150317,77.17,77.19,76.94,76.97,16100
ISIG,20150317,2.82,2.94,2.82,2.83,5200
ISLE,20150317,13.61,13.9,13.23,13.54,217100
ISRG,20150317,504.23,508.81,503.44,505.75,211800
ISSC,20150317,3.82,3.84,3.7,3.79,18100
ISTR,20150317,16.05,16.05,15.85,15.85,4600
ITCI,20150317,24.33,25.74,23.67,24.49,528100
ITIC,20150317,69.03,71.87,69.03,71.87,10000
ITRI,20150317,36.16,36.35,35.61,36.04,170200
ITRN,20150317,22.35,22.79,22.25,22.35,13500
IVAC,20150317,6.58,6.7,6.54,6.56,29300
JACK,20150317,96.53,97.74,96.2,97.6,417600
JAKK,20150317,62.7,64.2,61.7,63.2,366800
JAZZ,20150317,178.28,183.38,178.15,182.46,735800
JBHT,20150317,88.85,89.14,88.17,88.74,924600
JBLU,20150317,18.85,19.28,18.76,19.16,8137100
JBSS,20150317,36.79,37.15,36.26,37,41600
JCS,20150317,11.92,11.93,11.65,11.65,6400
JCTCF,20150317,5.175,5.175,5.175,5.175,900
JD,20150317,28,28.7,27.69,28.53,14498500
JJSF,20150317,102.55,102.6,100.9,101.4,102600
JKHY,20150317,67.46,67.8,67.28,67.68,330100
JOBS,20150317,32.67,32.67,32,32.41,114100
JOUT,20150317,31.41,32.35,31.41,32.22,2300
JRJC,20150317,57.6,59.3,56.3,56.5,317500
JRVR,20150317,22.88,23.21,22.76,23.21,25800
JSM,20150317,22.47,22.47,22.31,22.31,18200
JVA,20150317,4.68,4.68,4.51,4.56,63000
JYNT,20150317,8.28,8.74,8.26,8.47,3500
KALU,20150317,76.34,77.3,75.77,76.95,323500
KBAL,20150317,9.73,10.19,9.68,10.02,86900
KE,20150317,13.33,13.39,13.06,13.24,33000
KELYA,20150317,17.67,17.85,17.45,17.79,75500
KEQU,20150317,17.25,17.25,17.25,17.25,200
KFFB,20150317,8.05,8.1,8.04,8.04,4500
KFRC,20150317,22.58,22.73,22.39,22.53,120000
KINS,20150317,7.9,7.97,7.9,7.96,16000
KIRK,20150317,24.07,24.51,23.86,24.22,82300
KLAC,20150317,61.43,61.67,61.09,61.38,810100
KLIC,20150317,16.11,16.19,15.97,16,410200
KMDA,20150317,4.24,4.29,4.2,4.27,4500
KNDI,20150317,14.37,14.51,13.61,13.65,1388000
KOPN,20150317,3.66,3.75,3.66,3.74,100700
KOSS,20150317,2.49,2.5,2.25,2.38,16200
KPTI,20150317,32.3,34.6,31.13,34.45,939700
KRNY,20150317,13.92,14.09,13.85,13.96,14700
KTCC,20150317,10.27,10.27,10.13,10.24,11000
KTOS,20150317,5.26,5.39,5.21,5.37,400300
KVHI,20150317,13.74,14.24,13.68,13.86,239100
LAKE,20150317,9.61,9.85,9.5,9.78,92900
LAMR,20150317,58.37,58.64,58.04,58.53,509200
LANC,20150317,90.37,91.72,89.74,91.24,128600
LAND,20150317,11.29,11.42,11.2,11.37,12900
LARK,20150317,26.01,28.38,25.89,26.73,23800
LAWS,20150317,24.89,25.24,24.41,24.91,6500
LBAI,20150317,11.12,11.29,10.97,11.25,41000
LBRDA,20150317,55.06,55.06,54.4,54.67,48600
LBRDK,20150317,54.55,54.86,54.18,54.6,101100
LBTYA,20150317,52.65,52.85,52.28,52.52,1134800
LBTYB,20150317,52.53,52.53,52.53,52.53,200
LBTYK,20150317,50.38,50.9,50.33,50.59,2222200
LCNB,20150317,15.11,15.18,15.02,15.02,14500
LCUT,20150317,14.46,14.63,14.41,14.54,40500
LE,20150317,35.47,35.9,35.03,35.77,193600
LECO,20150317,66.56,67.19,65.98,66.89,323300
LEDS,20150317,1.05,1.05,1.01,1.03,22000
LFUS,20150317,98.43,98.89,94.02,98.4,150900
LFVN,20150317,5.53,5.81,5.53,5.74,117700
LGIH,20150317,14.7,14.7,14.04,14.39,159500
LGND,20150317,74.61,74.92,72.52,73.59,516200
LHCG,20150317,32.62,32.77,32.07,32.51,64200
LINC,20150317,2.86,2.86,2.63,2.81,54400
LIVE,20150317,3.07,3.14,2.91,2.95,230000
LJPC,20150317,20.35,22.08,20.3,21.74,213500
LKFN,20150317,27.4,27.8067,27.3267,27.6133,39500
LKQ,20150317,24.65,24.7,24.42,24.61,1919200
LLNW,20150317,3.91,3.98,3.87,3.89,341900
LMAT,20150317,7.8,8.02,7.73,8,17500
LMBS,20150317,50.59,50.59,50.59,50.59,300
LMNR,20150317,22.14,22.55,22.06,22.38,15800
LMRK,20150317,18.04,18.2,17.59,17.62,17500
LNDC,20150317,13.89,14.05,13.61,13.84,100000
LOAN,20150317,3.7,3.75,3.66,3.74,14900
LOCO,20150317,26.35,26.99,26,26.37,1483300
LOGI,20150317,12.6,12.65,12.45,12.5,152500
LOPE,20150317,45.28,45.72,45,45.56,95000
LORL,20150317,69.22,69.49,68.93,69,53700
LPCN,20150317,7.1,7.83,6.99,7.56,141400
LPLA,20150317,45.76,46.18,45.76,45.96,676200
LPSN,20150317,11.21,11.25,10.93,11.06,286800
LPTH,20150317,0.97,1.01,0.97,1.01,10300
LQDT,20150317,9.62,9.68,9.35,9.45,139300
LRCX,20150317,79.58,79.59,78.51,78.98,950200
LSBK,20150317,13.5,13.5,13.5,13.5,0
LSCC,20150317,6.81,6.83,6.73,6.8,785700
LSTR,20150317,68.26,68.88,67.92,68.03,416000
LTBR,20150317,72.6,72.6,66.6,69.6,73700
LTRPA,20150317,31.1,31.26,30.78,31.23,421000
LTRPB,20150317,33.54,33.54,33.41,33.41,500
LTRX,20150317,1.78,1.79,1.78,1.78,300
LULU,20150317,63.37,64.5,63.37,64.42,1093400
LUNA,20150317,1.35,1.38,1.34,1.38,29300
LWAY,20150317,18.28,18.28,17.8,17.97,8600
LXRX,20150317,7.91,7.98,7.77,7.84,766200
LYTS,20150317,7.69,7.81,7.66,7.79,27600
MACK,20150317,11.68,12.09,11.6,12.03,1161200
MANH,20150317,52.59,53.71,52.52,53.16,461100
MANT,20150317,32.49,32.6,32.31,32.45,68600
MAR,20150317,83.4,83.4,82.25,82.44,1373000
MARA,20150317,26.96,27.8,26.8,26.84,36300
MARK,20150317,4,4.1,3.7,3.82,18100
MARPS,20150317,11.05,12.1,11,11.81,3900
MASI,20150317,31.6,32.33,31.26,32.16,496800
MAT,20150317,24.84,24.91,24.34,24.44,5000500
MATW,20150317,49.39,50.19,49.24,50.01,155900
MAYS,20150317,49.97,49.97,49.97,49.97,0
MBCN,20150317,16,16,16,16,700
MBII,20150317,3.6,3.89,3.53,3.8,32000
MBUU,20150317,22.7,22.7,22.25,22.48,110500
MBWM,20150317,19.36,19.59,19.21,19.52,7800
MCBC,20150317,5.31,5.34,5.27,5.31,38100
MCHP,20150317,50.28,50.28,49.4,49.73,2003000
MCHX,20150317,4.05,4.13,4.04,4.09,54200
MCRI,20150317,18.23,18.62,17.8,18.58,42200
MDIV,20150317,21,21,20.91,20.95,251500
MDLZ,20150317,34.5,34.64,34.28,34.36,9022500
MDRX,20150317,11.74,11.75,11.57,11.69,2658500
MDWD,20150317,7.5,7.55,7.1,7.11,20300
MDXG,20150317,10.04,10.25,9.83,10.16,598000
MEIP,20150317,6.05,6.14,5.86,6,449200
MELI,20150317,126.98,128,125.57,127.66,557900
MEOH,20150317,51.91,52.18,51.37,51.71,407000
MERC,20150317,13.96,14.31,13.89,14.07,477000
MGEE,20150317,42.99,43.45,42.27,42.49,89900
MGI,20150317,8.58,8.79,8.45,8.52,345800
MGIC,20150317,6.43,6.43,6.39,6.41,15600
MGLN,20150317,66.45,66.87,66.07,66.78,126400
MGNX,20150317,34.94,35.65,34.54,35.38,191400
MGPI,20150317,15.31,15.56,15.17,15.27,23300
MGRC,20150317,30.38,31.09,30.26,30.9,63200
MGYR,20150317,8.48,8.48,8.48,8.48,0
MHLD,20150317,14.28,14.42,14.18,14.35,380300
MICT,20150317,3.24,3.24,2.91,3.02,1600
MIDD,20150317,107.21,108.13,106.92,107.98,161000
MIND,20150317,5.28,5.36,5.02,5.04,53800
MITK,20150317,2.91,2.95,2.68,2.8,455700
MKSI,20150317,35.81,36.21,35.47,35.95,250300
MKTX,20150317,85.91,86.82,85.65,86.67,192000
MLAB,20150317,72.02,72.99,72.02,72.99,2300
MLHR,20150317,28.47,28.83,28.31,28.75,331400
MLVF,20150317,13.11,13.11,13.11,13.11,0
MMLP,20150317,32.81,33.29,32.35,32.85,173700
MMSI,20150317,19.55,19.79,19.51,19.69,328600
MMYT,20150317,21.21,22.06,21.05,21.73,211900
MNDO,20150317,3.25,3.25,3.16,3.24,127500
MNKD,20150317,27.25,27.65,26.95,27.25,2365600
MNOV,20150317,3.36,3.36,3.19,3.27,7000
MNRO,20150317,63.81,64.13,63.37,63.75,173100
MNST,20150317,45.67,45.9633,45.2433,45.43,700500
MNTX,20150317,9.32,9.35,9.15,9.21,236300
MOFG,20150317,28.16,29,28.16,28.79,2700
MOMO,20150317,10.3,10.3,10,10,255300
MORN,20150317,74.65,75.31,74.19,74.93,57700
MOSY,20150317,352,364,342,362,130900
MPAA,20150317,26.25,26.65,25.71,26.53,143300
MPB,20150317,15.84,15.84,15.84,15.84,0
MPWR,20150317,53.37,54.05,53.3,54.04,386100
MRCC,20150317,15.17,15.25,15.15,15.16,77500
MRCY,20150317,15.9,16.17,15.85,16.02,76100
MRLN,20150317,20.2,20.41,20.12,20.32,12200
MRNS,20150317,35.88,38,35.12,36.76,34900
MRTN,20150317,15.5,15.68,15.2467,15.58,157200
MRTX,20150317,26.16,27.84,26.03,27.55,113500
MRVL,20150317,16.01,16.04,15.66,15.73,7294400
MSEX,20150317,22.19,22.25,21.95,22.02,33500
MSFT,20150317,41.37,41.83,41.15,41.69,31673400
MSON,20150317,12.04,12.5,12.04,12.26,6900
MSTR,20150317,168.26,171.99,168.03,169.96,159700
MTBC,20150317,2.58,2.62,2.45,2.45,5500
MTEX,20150317,17,18,17,17.89,10400
MTLS,20150317,6.66,6.88,6.6,6.88,44200
MTRX,20150317,17.37,17.8,17.37,17.66,269200
MTSI,20150317,35,36.87,34.67,36.65,592400
MU,20150317,27.73,27.98,27.46,27.66,24932300
MVIS,20150317,3.26,3.55,3.07,3.53,5468500
MYGN,20150317,36.81,36.9,35.78,36.38,521000
MYRG,20150317,28.97,29.9,28.56,29.17,562200
NAII,20150317,5.57,5.57,5.52,5.52,3800
NATH,20150317,74,74.95,73.09,73.56,121500
NATI,20150317,32.13,32.56,31.96,32.44,495700
NATR,20150317,12.34,12.64,12.17,12.36,31300
NAVI,20150317,19.54,20.15,19.49,20.11,2691300
NBIX,20150317,41.7,42.69,41.5,42.53,673300
NBN,20150317,9.26,9.34,9.2,9.2,3400
NBTB,20150317,24.62,24.91,24.53,24.89,86400
NCMI,20150317,14.62,15.09,14.28,14.52,1679200
NCTY,20150317,44.1,45.9,39.6,44.4,64300
NDAQ,20150317,50.55,51,50.33,50.94,546800
NDLS,20150317,17.51,18.25,17.45,18.2,878600
NDSN,20150317,76.84,77.88,76.44,77.77,379600
NECB,20150317,6.89,6.95,6.89,6.95,11500
NEO,20150317,4.61,4.83,4.6,4.74,134200
NEOG,20150317,37.9875,38.985,36.72,36.9675,273600
NEON,20150317,28.5,28.5,26.5,26.8,409000
NEPT,20150317,1.74,1.77,1.72,1.77,48000
NERV,20150317,6.01,6.39,5.82,6.05,208100
NETE,20150317,11.4,11.8,11.3,11.6,389400
NEWT,20150317,18.54,18.54,18.1,18.37,72900
NFBK,20150317,14.72,14.8,14.69,14.79,137200
NFLX,20150317,59.7129,60.6943,59.3843,59.7886,2632500
NHTC,20150317,17.5,18.05,17.5,17.96,93800
NICE,20150317,59.61,60.39,59.25,60.01,113700
NICK,20150317,14.99,15,14.53,14.62,39100
NKSH,20150317,29.24,29.24,28.63,28.67,2800
NKTR,20150317,13.96,14.26,13.86,14.13,817100
NMIH,20150317,7.37,7.5,7.35,7.45,227100
NNBR,20150317,20.96,21.15,20.64,21.11,244300
NRIM,20150317,23.21,23.81,23.21,23.78,20300
NSEC,20150317,14.4,14.4,14.4,14.4,100
NSIT,20150317,27.32,27.79,27.09,27.62,252400
NSSC,20150317,5.79,5.92,5.73,5.76,2400
NSTG,20150317,11.38,11.72,11.38,11.49,54600
NSYS,20150317,5.06,5.06,5,5.04,7800
NTAP,20150317,37.11,37.4,36.74,36.78,2189700
NTCT,20150317,42,42.45,41.78,42.08,150200
NTES,20150317,19.876,20.122,19.6,19.904,341100
NTGR,20150317,32.83,33.3,32.7,32.94,295000
NTIC,20150317,9.75,9.75,9.3,9.3,3400
NTRS,20150317,71.82,72.17,71.19,72.09,1073300
NTWK,20150317,5.9,5.94,5.79,5.93,21300
NUAN,20150317,13.86,13.98,13.8,13.89,1470700
NURO,20150317,54.72,55.04,54.4,54.72,16400
NUVA,20150317,46.4,46.63,46.1,46.39,318100
NVAX,20150317,188,191.2,186,188.6,2932400
NVCN,20150317,9190,9600,9150,9360,46400
NVDA,20150317,5.725,5.815,5.69,5.8125,7498500
NVEC,20150317,65.52,66.47,65.52,66.47,5100
NVEE,20150317,14.18,14.18,13.75,14.01,9700
NVFY,20150317,12.15,13.7,12,13.5,173300
NVMI,20150317,11.58,11.65,11.48,11.62,39300
NWBI,20150317,11.79,12.03,11.79,12,679500
NWFL,20150317,28.7,28.89,28.64,28.88,5500
NWLI,20150317,255.36,255.36,250.06,253.4,11500
NWPX,20150317,22.55,22.88,22.45,22.72,42900
NWS,20150317,16.49,16.49,16.32,16.46,677800
NWSA,20150317,16.78,16.86,16.63,16.75,1460700
NXPI,20150317,103.67,104.25,102.89,103.83,2707000
NXST,20150317,57.77,58.19,56.93,57.9,216900
NXTD,20150317,27.2,29.6,26.3,26.8,361900
NYMT,20150317,7.9,7.9,7.85,7.89,1264000
NYMTP,20150317,25.04,25.04,24.84,24.85,7000
NYMX,20150317,0.49,0.51,0.46,0.46,93300
OBAS,20150317,6.1,6.18,6.1,6.18,1100
OBCI,20150317,4.75,4.75,4.7,4.71,8400
OCC,20150317,4.8,4.8,4.3,4.49,7400
OCFC,20150317,17.37,17.39,17.21,17.35,17000
OCUL,20150317,41.48,42.69,40.3,42.28,164500
ODFL,20150317,79.35,79.99,79.3,79.78,468700
ODP,20150317,92.5,93.2,92.2,92.7,7689500
OFED,20150317,19.45,19.45,19.45,19.45,300
OFIX,20150317,32.49,32.53,31.87,32.1,113300
OFLX,20150317,30.11,30.11,30.11,30.11,400
OFS,20150317,12.31,12.31,12.05,12.27,19200
OIIM,20150317,2.45,2.5,2.44,2.44,137200
OLED,20150317,41.51,45.48,41.37,45.07,2107400
OMAB,20150317,35.51,35.99,35.51,35.75,24100
OMCL,20150317,32,32.94,30.74,30.9,287200
OMER,20150317,23.47,25.11,22.76,23.64,733900
OMEX,20150317,7.2,7.2,6.12,6.6,829700
ONB,20150317,14.2,14.4,14.09,14.39,601500
ONCY,20150317,0.73,0.76,0.71,0.72,1035800
ONEQ,20150317,193.73,194.51,193.09,194.45,10900
ONTX,20150317,357,417,357,396,339500
OPHC,20150317,9.1,10.4,9,9,12400
OPOF,20150317,15.03,15.35,15,15.15,2100
ORLY,20150317,213.88,215.01,212.96,214.04,405300
ORMP,20150317,4.17,4.19,3.81,3.88,66100
ORRF,20150317,16.91,17.24,16.91,16.97,5500
OSBC,20150317,5.5,5.5,5.4,5.41,3000
OSIS,20150317,72.87,73.36,72.82,73.25,96900
OSTK,20150317,23.95,24.01,23.75,23.95,122600
OSUR,20150317,7.15,7.24,7.05,7.16,334100
OTEX,20150317,27.45,27.88,27.295,27.825,165000
OTIC,20150317,37.63,38.84,37.5,38.66,128300
OTTR,20150317,32.3,32.41,31.6,31.96,102500
OVBC,20150317,23.1,23.24,22.67,22.73,2900
OVLY,20150317,9.7,9.72,9.7,9.72,1100
OXBR,20150317,5.88,5.97,5.88,5.9,6300
OXBRW,20150317,1.3,1.3,1.3,1.3,4300
OXLC,20150317,14.9,15,14.53,14.68,174500
OXLCO,20150317,24.78,24.78,24.58,24.78,5100
OXLCP,20150317,25.72,25.72,25.72,25.72,0
PAAS,20150317,8.72,8.92,8.66,8.83,1971800
PACB,20150317,5.69,5.79,5.53,5.69,668700
PACW,20150317,46.75,47.21,46.35,47.16,821500
PAHC,20150317,35.3,35.6,34.88,35.2,111200
PANL,20150317,2.84,2.85,2.84,2.85,300
PATI,20150317,23.05,25,23.05,24.82,6900
PATK,20150317,26.4933,27.28,26.4133,26.9555,78900
PAYX,20150317,50.82,51.04,50.66,51.01,1558500
PBCT,20150317,15.14,15.31,15.09,15.27,2479100
PBHC,20150317,9.94,9.94,9.94,9.94,300
PBIP,20150317,12.5,12.5,12.4,12.4,3700
PBPB,20150317,12.95,13.34,12.94,13.13,291100
PCAR,20150317,62.43,62.79,62.15,62.57,1055200
PCH,20150317,39.44,39.61,39.19,39.52,237300
PCOM,20150317,9.41,9.57,8.96,9.39,78500
PCRX,20150317,95.95,97.83,94.67,96.18,348300
PCTI,20150317,8.68,8.88,8.68,8.88,22300
PCTY,20150317,29.99,31.83,29.82,31.6,337000
PCYG,20150317,13.55,13.85,13.46,13.83,19100
PCYO,20150317,4.32,5.5,4.24,5.16,356500
PDBC,20150317,19.47,19.5,19.45,19.45,500
PDCE,20150317,50.84,51.96,50.39,50.44,846900
PDCO,20150317,48.87,49.17,48.55,48.89,550700
PDEX,20150317,2.14,2.27,2.12,2.25,15100
PDFS,20150317,17.92,18.48,17.92,18.25,118400
PEBK,20150317,18.26,18.64,18.25,18.64,2400
PEBO,20150317,23.4,23.5,23.37,23.46,45200
PEGA,20150317,20.69,20.85,20.51,20.75,157200
PENN,20150317,16.39,16.58,16.16,16.38,961700
PERI,20150317,9.66,9.93,9.6,9.81,151100
PESI,20150317,4.3,4.34,4.19,4.25,13400
PETS,20150317,15.7,15.83,15.63,15.75,126000
PFBC,20150317,27.72,28.07,27.6,27.89,19300
PFIE,20150317,1.46,1.5,1.36,1.42,264100
PFIN,20150317,8.01,8.01,8.01,8.01,100
PFIS,20150317,40.95,40.95,39.76,40.4,3300
PFLT,20150317,14.19,14.19,14.01,14.1,48200
PFMT,20150317,3.61,3.64,3.46,3.57,141200
PFSW,20150317,10.89,10.98,10.62,10.9,47200
PGC,20150317,20.75,20.97,20.75,20.97,22400
PINC,20150317,35.79,36.41,35.74,36.08,185600
PKBK,20150317,10.7909,10.8636,10.7273,10.7273,2300
PKOH,20150317,48.83,51.86,48.8,50.43,85700
PLAB,20150317,8.47,8.5,8.39,8.45,114800
PLAY,20150317,31.18,31.25,30.65,31.07,219700
PLBC,20150317,9.6,9.6,9.6,9.6,0
PLCE,20150317,62.87,63.7,62.31,63.45,446100
PLPC,20150317,47.41,47.41,42.5,42.6,7700
PLUG,20150317,2.53,2.67,2.42,2.61,9018000
PLUS,20150317,43.14,43.94,43.09,43.215,57000
PLXS,20150317,40.9,41.24,40.72,41.14,132100
PMBC,20150317,7.13,7.23,7.08,7.23,2400
PMD,20150317,16.17,16.64,15.9,16.64,5800
PME,20150317,2.53,2.63,2.49,2.49,21600
PNBK,20150317,15.5,15.5,15.5,15.5,200
PNFP,20150317,43.84,44.25,43.62,44.22,86400
PNNT,20150317,9.5,9.55,9.38,9.47,356200
PNQI,20150317,69.37,69.71,69.12,69.47,39500
PNRG,20150317,54.57,54.57,54.57,54.57,1000
PODD,20150317,35.49,35.73,34.47,34.79,1052600
POOL,20150317,69.86,69.9,69.53,69.71,189200
POWI,20150317,27.92,28.12,27.66,28.09,127700
POWL,20150317,31.7,32.29,31.54,32.15,58400
PPBI,20150317,16.01,16.3,15.97,16.29,50400
PPC,20150317,24.85,26.44,24.8,26.21,2223900
PPSI,20150317,9,9,9,9,0
PRAA,20150317,53.44,53.47,52.66,52.99,535600
PRFT,20150317,20.15,20.2,20.04,20.19,113600
PRFZ,20150317,102.34,103,102.34,102.96,30000
PRGS,20150317,26.59,26.76,26.47,26.62,150300
PRIM,20150317,16.95,17.15,16.95,17.06,266200
PROV,20150317,16.3,16.4,16.24,16.32,8800
PRPH,20150317,1.32,1.33,1.32,1.33,3700
PRQR,20150317,24.03,24.56,22.99,24.23,92200
PRTA,20150317,29.16,29.47,27.95,29.32,251600
PRTK,20150317,31.08,31.89,28.5,29.61,46100
PRTS,20150317,2.36,2.36,2.11,2.14,61600
PSCC,20150317,52.02,52.5,52.02,52.5,9600
PSCD,20150317,53.21,53.28,53.06,53.24,18900
PSCE,20150317,27,27,26.38,26.52,20800
PSCF,20150317,41.67,41.8,41.59,41.8,4200
PSCH,20150317,67.44,67.52,66.94,67.47,28700
PSCI,20150317,47.33,47.55,47.16,47.55,17000
PSCM,20150317,40.4,40.53,40.29,40.53,800
PSCT,20150317,52.28,52.55,52.28,52.54,34600
PSCU,20150317,38,38.39,38,38.2,15500
PSEC,20150317,8.51,8.54,8.43,8.49,1615700
PSMT,20150317,79.39,80.11,78.75,79.95,358200
PSTI,20150317,29.3,29.7,28,28.9,95000
PTC,20150317,33.94,34.46,33.72,34.38,1101100
PTCT,20150317,72.91,77.87,72.49,77.53,556300
PTEN,20150317,17.09,17.57,16.92,17.47,3768300
PTNR,20150317,2.98,3.12,2.98,3.12,365300
PTSI,20150317,52.29,56.55,51.57,55.96,25100
PWOD,20150317,31.12,31.2933,30.9467,31.1133,4100
PXLW,20150317,5.19,5.24,5.1,5.23,108100
PZZA,20150317,61.91,62.78,61.62,62.6,252100
QABA,20150317,36.44,36.73,36.43,36.73,9100
QADA,20150317,24.56,25.73,24.39,25.28,142600
QADB,20150317,20.47,21.51,20.47,21.3,2900
QAT,20150317,23.04,23.05,22.89,23.05,1100
QCLN,20150317,18.41,18.63,18.41,18.61,11100
QCOM,20150317,69.44,70.17,69.21,69.82,11540300
QCRH,20150317,17.96,18,17.76,17.95,18700
QDEL,20150317,25.88,26.52,25.82,26.43,291900
QIWI,20150317,21.14,21.25,20.56,20.93,479800
QLYS,20150317,44.69,46.61,44.33,46.57,547400
QNST,20150317,6.32,6.4,6.22,6.36,58600
QQEW,20150317,44.2,44.22,43.94,44.14,107400
QQQ,20150317,106.4,107.04,106.16,106.87,19603800
QQQX,20150317,18.87,19.07,18.87,18.91,100600
QQXT,20150317,41.49,41.75,41.43,41.67,18100
QRHC,20150317,9.6,9.92,9.6,9.76,12100
QRVO,20150317,76.16,78.12,75.9,77.71,1824700
QTEC,20150317,43.83,44,43.71,43.95,26100
QTNT,20150317,14.7,16.76,14.53,16.45,30900
QUIK,20150317,25.9,25.9,25.2,25.48,99700
QUMU,20150317,13.81,14.06,13.5,13.56,10000
QURE,20150317,25.45,25.79,25.04,25.66,132400
QYLD,20150317,23.67,23.68,23.56,23.6,6600
RADA,20150317,4.04,4.04,3.4,3.58,446400
RAIL,20150317,31.43,31.69,31.12,31.35,65100
RAND,20150317,36.27,36.63,36.27,36.63,700
RARE,20150317,59.14,62.68,58.71,62.21,499500
RAVE,20150317,14.91,14.96,14.23,14.53,38700
RAVN,20150317,20,20.95,19.99,20.55,221300
RBCAA,20150317,24.22,24.7,24.14,24.47,9800
RBCN,20150317,41.5,41.7,39.9,40.4,194700
RCII,20150317,27.53,27.86,27.42,27.45,301900
RCKY,20150317,20.8,22.02,20.68,21.99,83000
RCMT,20150317,6.64,6.75,6.58,6.59,10300
RCON,20150317,7.1,7.4,7.1,7.1,26100
RDCM,20150317,9.59,9.75,9.59,9.65,16900
RDHL,20150317,13.25,13.75,13.25,13.61,5900
RDI,20150317,13.43,13.5,13.24,13.33,33300
RDIB,20150317,12.48,12.48,12.48,12.48,100
RDNT,20150317,8.82,8.95,7.81,7.9,1040800
RDUS,20150317,48,48.78,47.44,48.2,442200
RDVY,20150317,22.46,22.46,22.21,22.34,7100
RDWR,20150317,20.92,21.13,20.85,21.03,287700
REFR,20150317,5.45,5.52,5.26,5.3,63600
REGI,20150317,9.25,9.51,9.11,9.44,307200
REGN,20150317,450.02,468.5,447.32,467.8,1705800
RELL,20150317,9.03,9.11,9.03,9.08,1700
RENT,20150317,55.45,56.77,55.17,56.77,306400
REPH,20150317,7.5,8.9,7.34,8.31,607800
RESN,20150317,9.52,10.08,9.26,9.97,195300
RFIL,20150317,4.21,4.29,4.2,4.23,22900
RGCO,20150317,14.86,14.86,14.86,14.86,0
RGEN,20150317,30.95,31.55,29.87,31.35,685400
RGLD,20150317,61.98,63.84,61.76,63.19,730100
RGLS,20150317,230.88,231.48,220.68,229.56,359000
RIBT,20150317,4.35,4.37,4.28,4.37,4100
RICK,20150317,10.29,10.42,10.2,10.36,14400
RIGL,20150317,3.36,3.54,3.35,3.53,419800
RMBS,20150317,12.38,12.61,12.33,12.54,366800
RMCF,20150317,13.58,14.08,13.58,13.8,17500
RMTI,20150317,10.15,10.34,10.12,10.29,551400
RNST,20150317,29.08,29.24,28.8,29.15,91500
RNWK,20150317,6.63,7.24,6.59,7.01,249500
ROCK,20150317,14.55,14.85,14.39,14.8,49800
ROIC,20150317,17.58,17.81,17.54,17.77,537900
ROLL,20150317,62.75,63.63,62.68,63.26,46400
ROST,20150317,52.985,53.35,52.85,53.19,767700
RPRX,20150317,9.18,9.39,8.87,9.25,373400
RRGB,20150317,83.27,84.41,82.29,84.24,210100
RUSHA,20150317,18.2067,18.5867,18.0533,18.54,84000
RUSHB,20150317,16.5733,16.6667,16.5,16.6,3100
RUTH,20150317,14.69,15.16,14.61,15.06,239400
RVNC,20150317,18.5,19.06,18.3,19.04,89000
RVSB,20150317,4.67,4.68,4.65,4.67,9200
RWLK,20150317,322.25,332.5,312.5,317.5,123300
RXDX,20150317,7.56,7.95,7.31,7.92,37300
RYAAY,20150317,63.6,64.46,63.13,64.1,355000
SABR,20150317,22.42,22.6,22,22.07,617100
SAFM,20150317,78.61,80.17,78.1,80.01,505900
SAFT,20150317,59.48,59.64,58.92,59.22,36000
SAGE,20150317,47.31,48.2,46.75,47.16,134500
SAIA,20150317,45.47,45.8,44.64,45.52,220400
SAL,20150317,29.3,29.7,29.2,29.7,900
SALM,20150317,5.7,5.75,5.5,5.69,41800
SAMG,20150317,13.85,14.18,13.85,14.11,20600
SANM,20150317,24.02,24.3,23.87,24.25,350200
SANW,20150317,4.18,4.24,4.12,4.12,162800
SASR,20150317,25.99,26.32,25.88,26.11,24100
SATS,20150317,41.665,41.665,41.0881,41.4294,193100
SBAC,20150317,118.67,119.14,117.88,118.85,869700
SBCF,20150317,13.8,13.8,13.5,13.59,90200
SBFG,20150317,10.8,10.88,10.8,10.87,1300
SBGI,20150317,28.39,28.64,28.26,28.49,1148200
SBLK,20150317,15.75,16.45,15.3,16.1,458700
SBNY,20150317,132.65,132.65,130.72,131.6,551400
SBRA,20150317,31.65,32.2,31.58,31.9,270200
SBSI,20150317,30.39,30.39,29.35,29.48,90800
SBUX,20150317,46.88,47.24,46.8,47.195,2754300
SCHL,20150317,38.07,39.09,37.65,39.02,226000
SCHN,20150317,15.61,15.71,15.38,15.63,268600
SCOR,20150317,49.55,50.01,49.18,49.9,238100
SCSC,20150317,38.32,38.99,37.92,38.95,123300
SCVL,20150317,24.39,24.56,23.97,23.99,103300
SCYX,20150317,97.8,103.5,95,99.8,5000
SEAC,20150317,7.43,7.89,7.41,7.76,484300
SEED,20150317,10.6,11,10.3,10.5,38400
SEIC,20150317,43.38,43.87,43.32,43.78,583700
SENEA,20150317,28,28.35,27.93,28.17,16400
SENEB,20150317,32,32,32,32,0
SFBC,20150317,19.45,19.45,19.44,19.44,200
SFM,20150317,34.34,34.97,34.21,34.67,1397200
SFNC,20150317,22.135,22.145,21.985,22.075,66600
SFST,20150317,17,17,17,17,3300
SGC,20150317,18.15,18.4,18.15,18.35,28200
SGEN,20150317,38.77,39.42,38.5,38.9,1108100
SGMA,20150317,6.98,7.34,6.98,7.29,14000
SGMO,20150317,17.28,17.65,17.03,17.3,516800
SGMS,20150317,11.28,11.48,10.8,10.84,2124300
SGOC,20150317,2.72,2.76,2.24,2.36,52500
SGRP,20150317,1.61,1.63,1.61,1.62,9600
SHBI,20150317,9.02,9.18,9,9.01,17900
SHEN,20150317,15.32,15.595,15.3,15.44,71000
SHIP,20150317,1080,1080,984,1068,300
SHOO,20150317,24.5733,25.06,24.4467,24.98,874800
SHY,20150317,84.67,84.67,84.62,84.62,1255500
SIEB,20150317,1.64,1.67,1.64,1.67,8300
SIEN,20150317,19.06,19.16,18.63,18.88,44900
SIFY,20150317,1.3,1.33,1.3,1.32,12900
SIGA,20150317,2.41,2.51,2.27,2.35,105100
SIGI,20150317,29.21,29.43,28.94,29.34,202800
SILC,20150317,42.08,42.79,41.52,42.48,38300
SIMO,20150317,26.84,27.49,26.66,27.37,498200
SINO,20150317,7.4,7.75,7.35,7.35,19200
SIRI,20150317,3.91,3.95,3.9,3.95,28549300
SIVB,20150317,125.57,127.63,124.9,127.3,322500
SKOR,20150317,50.73,50.75,50.72,50.75,1500
SKYW,20150317,15.9,15.97,15.57,15.81,506600
SKYY,20150317,29.08,29.34,29.08,29.26,55400
SLAB,20150317,50.92,50.92,50.34,50.8,197700
SLCT,20150317,7.24,7.25,7.12,7.19,11400
SLGN,20150317,28.215,28.32,28.17,28.225,264900
SLM,20150317,9.11,9.25,9.06,9.24,1593800
SLMBP,20150317,63.03,64,63,63.78,1200
SLP,20150317,6.05,6.2,6.05,6.15,14100
SLRC,20150317,19.7,19.9,19.61,19.72,173400
SLVO,20150317,10.82,11,10.82,10.91,36800
SMBC,20150317,18.71,18.82,18.71,18.82,400
SMCI,20150317,36.25,36.26,35.01,35.43,684100
SMED,20150317,5.78,5.83,5.65,5.77,30200
SMIT,20150317,2.58,2.7,2.58,2.7,4400
SMLR,20150317,4.85,4.85,4.3,4.3,16900
SMMF,20150317,12.25,12.37,12.25,12.26,7500
SMMT,20150317,11.18,11.3,10.8,11.2,55000
SMSI,20150317,4.68,5.08,4.68,5.08,134600
SMTC,20150317,28,28,27.41,27.72,365200
SNCR,20150317,47.76,47.76,46.25,46.95,553200
SNFCA,20150317,6,6,5.59,5.92,21400
SNPS,20150317,46.16,46.35,45.86,46.06,780900
SOCL,20150317,18.41,18.86,18.33,18.71,2558500
SOHO,20150317,7.71,7.75,7.45,7.66,15200
SOHU,20150317,50.06,51.1,49.4,50.75,274800
SOXX,20150317,96.71,96.85,96.14,96.68,146500
SP,20150317,20.23,20.67,20.09,20.47,17500
SPCB,20150317,8.01,8.07,7.87,7.89,54400
SPLK,20150317,61.56,62.99,61.53,62.84,1337900
SPNS,20150317,7.96,7.96,7.84,7.93,16100
SPOK,20150317,17.65,18.26,17.65,18.17,67700
SPPI,20150317,6.21,6.45,6.21,6.38,1967000
SPRO,20150317,1.49,1.49,1.49,1.49,200
SPSC,20150317,68,68.78,67.97,68.25,92300
SPTN,20150317,27.85,28.5,27.72,28.44,219400
SPWH,20150317,7.92,8.07,7.89,7.96,200100
SPWR,20150317,32.22,33.1,32.2,32.95,1512300
SQQQ,20150317,2121.6,2133.6,2083.2,2092.8,2433000
SRCE,20150317,31.69,32.76,31.57,32.31,83000
SRCL,20150317,138.05,139.15,137.77,138.81,298900
SRDX,20150317,25.85,25.97,25.8,25.91,51400
SRET,20150317,15.19,15.19,15.14,15.18,28900
SREV,20150317,3.27,3.35,3.24,3.28,582800
SRNE,20150317,13.32,13.69,13.07,13.57,272400
SRPT,20150317,13.76,13.81,13.3,13.59,504900
SSB,20150317,67.55,68.23,67.18,68.16,82400
SSBI,20150317,13.58,13.58,13.22,13.22,4500
SSNC,20150317,60.74,61.35,60.5,60.72,190100
SSYS,20150317,57.44,58.2,57.37,57.61,643500
STAA,20150317,7.2,7.26,7.1,7.2,131400
STBA,20150317,29.01,29.45,28.91,29.33,56000
STFC,20150317,23.6,23.72,23.22,23.65,12600
STKL,20150317,10.14,10.46,10.03,10.38,325300
STLD,20150317,18.14,18.72,18.14,18.63,3207500
STRA,20150317,59.7,60.64,59.7,59.96,129700
STRL,20150317,3.9,4.21,3.71,4.06,969500
STRM,20150317,4.01,4.16,3.91,4.01,18400
STRN,20150317,5.28,5.3,5.01,5.02,9300
STRS,20150317,12.99,12.99,12.99,12.99,0
STRT,20150317,72.4,72.4,70.97,71.1,10100
STX,20150317,54.46,54.59,53.65,53.67,3299100
SUMR,20150317,24.03,24.3,23.4,23.94,14000
SUNS,20150317,16.09,16.6,16.06,16.46,97000
SUPN,20150317,11.16,11.4,11.02,11.08,561500
SURG,20150317,5.25,5.25,5.06,5.2,99200
SVBI,20150317,4.69,4.7,4.67,4.67,4200
SVVC,20150317,14.04,14.15,14,14.14,36500
SWIR,20150317,32.47,34.21,32.3,34.07,414400
SWKS,20150317,96.51,97.45,95.14,97.31,3404100
SYBT,20150317,22.8933,23.2,22.8067,22.9533,28100
SYNA,20150317,81.68,82.58,81.37,82.36,509700
SYNL,20150317,14.4,15.09,14.32,15.09,38600
SYPR,20150317,2.38,2.49,2.25,2.38,37800
TACT,20150317,6.12,6.14,5.97,6.12,20800
TAIT,20150317,0.97,0.97,0.97,0.97,0
TAST,20150317,7.98,8.08,7.73,7.73,160800
TATT,20150317,6.32,6.32,6.26,6.26,400
TAYD,20150317,11.25,11.25,11.25,11.25,100
TBBK,20150317,9.03,9.2,8.82,9.18,217900
TBK,20150317,12.97,13.13,12.97,13.1,35500
TBNK,20150317,22.5,22.75,22.36,22.6,11800
TBPH,20150317,18.9,19.36,18.28,18.62,129500
TCBI,20150317,49.4,49.49,48.75,49.33,353000
TCBK,20150317,24.46,24.76,24.23,24.66,43600
TCFC,20150317,19.83,19.83,19.83,19.83,0
TCON,20150317,150,170,150,164.6,117300
TCPC,20150317,15.78,15.97,15.66,15.81,229900
TCX,20150317,19.23,19.34,19.1,19.13,41300
TDIV,20150317,27.14,27.24,27.04,27.19,128500
TECH,20150317,97.42,97.93,96.25,97.66,130900
TEDU,20150317,10.43,10.54,10.3,10.45,222100
TENX,20150317,58.8,60.2,58.8,58.8,28700
TESS,20150317,22.89,23.02,22.51,22.96,5400
TFSL,20150317,14.47,14.6,14.43,14.57,210800
TGA,20150317,2.72,2.86,2.72,2.85,267700
TGLS,20150317,9.8,9.97,9.76,9.96,11300
TGTX,20150317,17.72,17.74,16.89,17.53,612700
THFF,20150317,35.01,35.5,34.95,35.41,22000
THRM,20150317,46.75,46.95,45.8,45.89,230600
THRX,20150317,17.34,18.27,17.01,18.1,1094100
TIGR,20150317,0.45,0.45,0.4,0.45,85400
TILE,20150317,19.98,20.13,19.88,20,261100
TIPT,20150317,6.55,6.67,6.37,6.52,28900
TITN,20150317,12.79,13.05,12.62,13,95000
TLT,20150317,128.56,129.11,128.28,129,6313900
TNDM,20150317,13.5,13.65,13.37,13.56,99200
TNXP,20150317,6830,7010,6580,6740,47900
TOPS,20150317,1070000,1100000,1060000,1070000,16700
TOUR,20150317,12.41,12.55,11.9,12.04,132200
TOWN,20150317,16.13,16.3,16.04,16.27,66300
TQQQ,20150317,17.4733,17.7917,17.3583,17.7233,2028300
TREE,20150317,54.38,55.48,53.92,54.88,207600
TRIB,20150317,18.54,19.04,18.48,18.89,50000
TRIL,20150317,18.18,18.23,16.41,17.7,104700
TRIP,20150317,82.78,83.7,82.33,83.39,1174800
TRMB,20150317,25.36,25.5,25.23,25.37,1252100
TRMK,20150317,24.11,24.17,23.79,24.17,613600
TRNS,20150317,9.63,9.63,9.63,9.63,0
TROW,20150317,82.72,83.79,82.71,83.56,1060800
TRS,20150317,28.95,29.13,28.29,29.05,289900
TRST,20150317,6.74,6.85,6.68,6.85,263200
TRUE,20150317,17.54,17.7,17.28,17.56,607500
TRVN,20150317,7.15,7.3,6.49,6.79,374600
TSBK,20150317,10.72,10.73,10.7,10.73,1400
TSC,20150317,9.69,9.96,9.63,9.86,47700
TSCO,20150317,88.04,88.23,87.25,87.72,466700
TSEM,20150317,17.62,18.29,17.51,17.95,1066500
TSLA,20150317,39.086,39.742,38.788,38.946,4894000
TSRI,20150317,4.89,4.89,4.8,4.8,4400
TTEC,20150317,23.79,24.68,23.7,24.54,115500
TTEK,20150317,24.39,24.74,24.38,24.66,355800
TTGT,20150317,11.84,11.87,11.68,11.76,33800
TTMI,20150317,8.91,9.12,8.91,9.06,334300
TTOO,20150317,15.75,16.46,15.5,15.94,384100
TTWO,20150317,25.73,25.83,25.27,25.44,2205500
TUSA,20150317,26.65,26.65,26.65,26.65,0
TW,20150317,130.95,131.51,129.47,131.17,433600
TWIN,20150317,17.77,18.18,17.77,18.01,24300
TWOU,20150317,22.19,23.13,22.19,22.89,303600
TXN,20150317,58.19,58.23,57.48,57.97,3261200
TXRH,20150317,36.78,36.97,36.54,36.75,582800
TZOO,20150317,9.55,9.73,9.54,9.63,53500
UAE,20150317,18.22,18.22,18.02,18.03,1800
UBCP,20150317,8,8,7.87,7.99,4800
UBFO,20150317,5.36,5.4,5.36,5.4,200
UBOH,20150317,15.23,15.23,15.19,15.19,300
UBSI,20150317,38.22,38.46,37.81,38.4,314300
UCBI,20150317,18.94,19.15,18.72,19.05,231600
UCTT,20150317,8.32,8.4,8.17,8.31,41000
UEIC,20150317,55.49,55.77,54.96,55.66,107500
UEPS,20150317,13.73,13.99,13.73,13.83,59000
UFCS,20150317,30.06,30.37,29.55,30.21,42900
UFPI,20150317,52.54,53.02,52.07,52.72,124800
UFPT,20150317,20.53,21.66,20.53,21.63,12900
UG,20150317,19.08,20.75,19.08,20,44500
UHAL,20150317,326.04,329.31,324.17,324.17,15000
UIHC,20150317,23.36,23.49,22.64,22.75,222500
ULBI,20150317,3.89,3.9,3.7,3.71,55700
ULTA,20150317,149.38,151.94,148.78,150.46,923300
UMBF,20150317,51.68,52.24,51.39,52.12,149600
UMPQ,20150317,17.24,17.38,17,17.36,1395700
UNAM,20150317,11.02,11.05,11,11.05,900
UNB,20150317,24.9,25.3,24.9,25.08,500
UNTY,20150317,9.11,9.19,8.99,9,6000
UPLD,20150317,7.03,7.25,6.8,7.25,60800
URBN,20150317,44.3,44.87,44.07,44.34,1692400
USAK,20150317,28.66,29.14,27.68,27.97,88000
USAP,20150317,25.46,25.55,25.11,25.23,61100
USEG,20150317,70.2,72,69.6,72,56000
USLM,20150317,64.87,64.87,63.52,64.74,10300
UTHR,20150317,174.93,181.61,174.93,177.34,1000600
UTMD,20150317,59.44,60,59.06,59.6,5500
UTSI,20150317,2.5,2.58,2.33,2.51,117600
UVSP,20150317,19.56,19.65,19.5,19.63,18400
VALU,20150317,15.55,15.71,15.55,15.71,300
VBFC,20150317,15.42,15.42,15.42,15.42,0
VBIV,20150317,2.86,2.86,2.74,2.85,3000
VBLT,20150317,3.23,3.36,3.18,3.35,44400
VBTX,20150317,14.25,14.25,14.25,14.25,0
VCEL,20150317,3.7,3.74,3.56,3.65,84300
VCIT,20150317,86.64,86.75,86.51,86.73,354000
VCLT,20150317,92.7,93.04,92.51,93.04,67400
VCSH,20150317,79.88,79.88,79.83,79.84,563500
VCYT,20150317,7.62,7.77,7.43,7.68,30800
VECO,20150317,31.51,31.55,31.14,31.49,255900
VGIT,20150317,64.8,64.87,64.78,64.81,30100
VGLT,20150317,79.11,79.38,78.98,79.32,24900
VGSH,20150317,60.97,60.99,60.95,60.96,77500
VIA,20150317,68.99,69.4,68.72,69.12,29400
VICR,20150317,15.65,15.83,15.26,15.74,62600
VIEW,20150317,1.4,1.42,1.4,1.42,1400
VIRC,20150317,2.46,2.55,2.45,2.55,6000
VIVO,20150317,19.8,19.91,19.65,19.7,222000
VLGEA,20150317,30,30.25,29.59,30.23,19000
VMBS,20150317,53.25,53.25,53.16,53.2,180300
VNDA,20150317,10.08,10.2,9.51,9.78,810700
VNET,20150317,17.13,17.26,16.58,17.2,764600
VNOM,20150317,17.45,17.75,17.25,17.74,44000
VNQI,20150317,54.8,54.84,54.55,54.73,654600
VOD,20150317,32.43,32.72,32.43,32.7,2543900
VONE,20150317,96.04,96.43,95.86,96.33,39200
VONG,20150317,101.79,102.17,101.55,101.98,44400
VONV,20150317,90.77,90.78,90.26,90.59,46000
VOXX,20150317,8.01,8.49,8,8.42,112900
VRA,20150317,15.35,15.54,15.24,15.47,325000
VRNS,20150317,29.71,29.91,29.22,29.52,62700
VRNT,20150317,59.87,60.47,59.63,60.21,183000
VRSK,20150317,71.49,71.73,71.21,71.71,770000
VRSN,20150317,63.76,64.17,63.53,63.97,578000
VRTS,20150317,137.44,140.92,137.07,139.34,73400
VRTX,20150317,127.16,129.46,126.46,129.15,1195600
VSAT,20150317,62.75,63.25,62.15,62.9,203300
VSEC,20150317,40.535,41.185,40.18,40.665,12700
VSTM,20150317,10.88,11.15,10.22,11.02,653000
VTHR,20150317,96.52,96.61,96.52,96.61,1800
VTIP,20150317,48.1,48.16,48.06,48.09,117800
VTNR,20150317,3.23,3.35,3.21,3.35,42000
VTWG,20150317,109.28,109.69,108.99,109.67,8700
VTWO,20150317,98.29,98.85,98.12,98.71,23500
VTWV,20150317,88.12,88.27,88.03,88.27,3800
VUZI,20150317,6.64,6.64,5.82,5.89,171200
VWOB,20150317,76,76.11,75.9,75.94,59000
VXUS,20150317,49.77,49.94,49.57,49.9,1003100
WABC,20150317,43.35,43.94,43.07,43.87,100300
WAFD,20150317,21.73,22.03,21.57,21.99,557200
WASH,20150317,38.31,38.59,37.9,38.06,44800
WATT,20150317,9.53,9.64,9.35,9.39,115300
WB,20150317,14.06,14.13,13.53,13.55,457400
WBA,20150317,86.51,86.63,85.83,86.26,5437800
WDAY,20150317,82.91,83.87,82.74,83.4,969800
WDC,20150317,97.53,98.17,96.23,96.62,1500000
WDFC,20150317,83.88,84.4,82.78,83.69,71300
WEN,20150317,10.8,11.06,10.75,11.05,2588300
WERN,20150317,32.44,32.67,32.15,32.51,353100
WETF,20150317,21.74,21.99,21.07,21.59,1816600
WEYS,20150317,29.54,29.74,29.06,29.24,18500
WHF,20150317,12.79,12.85,12.69,12.82,38800
WHLM,20150317,5.43,5.5,5,5.06,2100
WHLR,20150317,25.28,26.24,24.8,25.6,20400
WHLRP,20150317,19.99,19.99,19.75,19.75,1900
WILC,20150317,5.85,6.06,5.85,5.98,1800
WINA,20150317,81.65,82.25,80.78,80.78,6600
WIRE,20150317,35.09,36.51,34.95,36.23,115300
WIX,20150317,17.4,17.83,17.3,17.71,112100
WLDN,20150317,13.94,14.25,13.63,13.88,66700
WLFC,20150317,19.57,19.84,19.55,19.55,12800
WOOD,20150317,54.04,54.25,53.69,54.25,12500
WOOF,20150317,53.22,53.39,52.81,53.16,302100
WPRT,20150317,3.98,4.04,3.82,4.03,545200
WRLD,20150317,88.87,91.02,88.04,90.37,113100
WSBC,20150317,33,33.1,32.54,33.06,40800
WSBF,20150317,12.91,12.99,12.91,12.97,31700
WSFS,20150317,25.5033,25.7333,25.4533,25.57,33200
WSTG,20150317,17.93,17.94,17.55,17.65,5000
WTBA,20150317,17.98,18,17.78,17.85,9500
WTFC,20150317,47.77,47.97,47.4,47.91,455300
WVFC,20150317,11.6,11.6,11.24,11.5,1700
WVVI,20150317,5.97,5.97,5.97,5.97,100
WWD,20150317,48.89,49.57,48.64,49.42,208600
WYNN,20150317,126,127.95,124.41,124.58,2490200
XENE,20150317,17.48,17.95,17.25,17.76,17000
XENT,20150317,23.37,23.71,22.99,23.69,132100
XLNX,20150317,41.23,41.29,40.63,40.98,3054400
XLRN,20150317,41.39,41.7,40.75,41.52,209500
XNCR,20150317,15.05,15.44,14.6,15.39,335300
XNET,20150317,6.4,6.41,6.1,6.3,177800
XOMA,20150317,74.4,80.4,74,78.4,4204500
XONE,20150317,14.05,14.8,13.75,14.05,633500
XRAY,20150317,50.6,51.25,50.37,51.13,1170400
XTLB,20150317,11.35,11.85,11.1,11.8,14500
YNDX,20150317,14.14,14.51,14.05,14.49,1648300
YORW,20150317,23.22,23.47,22.51,23.35,16400
YY,20150317,51.47,51.94,51.09,51.48,899000
Z,20150317,105.3,107.07,104.55,105.79,703300
ZBRA,20150317,86,88.41,84.16,85.98,1870100
ZEUS,20150317,13.45,13.9,13.06,13.88,70900
ZGNX,20150317,10.48,10.96,10.48,10.64,2655900
ZION,20150317,27.18,27.38,27.06,27.35,4003100
ZIOP,20150317,13.25,13.84,13.12,13.71,3442500
ZIXI,20150317,3.94,4,3.92,3.98,120800
ZNGA,20150317,2.55,2.69,2.55,2.62,13168700
ZSAN,20150317,221.4,222,212.6,222,12100
ZUMZ,20150317,38.39,39.1,37.72,38.68,409400
