AAL,20150408,47.8,49.09,47.73,48.74,11180000
AAME,20150408,3.94,3.99,3.94,3.99,2900
AAOI,20150408,13.24,13.55,13.2,13.28,118100
AAON,20150408,23.6,23.87,23.51,23.68,145700
AAPL,20150408,31.4625,31.6,31.2425,31.4,37329200
AAWW,20150408,42.29,43.21,41.91,43,195400
AAXJ,20150408,67.07,67.43,66.92,67.2,1484600
ABCB,20150408,26.55,26.71,26.44,26.59,39500
ABIO,20150408,107.1,109.62,102.06,103.32,234900
ABMD,20150408,70.08,71.08,69.33,69.63,580900
ACAD,20150408,32.9,34.35,32.81,34.17,1641800
ACET,20150408,21.78,21.85,21.42,21.74,83300
ACGL,20150408,20.5933,20.7233,20.57,20.6867,397000
ACHC,20150408,72.46,73.63,71.67,71.96,335500
ACIW,20150408,21.69,21.89,21.48,21.71,547900
ACLS,20150408,10.36,10.56,10.12,10.44,223700
ACNB,20150408,20.21,20.55,20.17,20.36,3800
ACOR,20150408,33.49,34.41,33.13,34.01,741700
ACRX,20150408,4.07,4.07,3.82,3.93,279700
ACST,20150408,4.7,5.1,4.7,5.1,393600
ACTG,20150408,10.69,10.81,10.53,10.64,233400
ACWI,20150408,61.35,61.53,61.12,61.35,4484800
ACWX,20150408,46.41,46.52,46.08,46.28,218800
ADBE,20150408,75.68,76.35,75.12,75.44,1938500
ADI,20150408,63.13,63.89,63.02,63.67,2266200
ADMA,20150408,9,9.4,9,9.18,2500
ADMP,20150408,3.8,3.98,3.76,3.84,67300
ADMS,20150408,17.35,17.56,16.95,17.05,51500
ADP,20150408,85.69,86.7,85.53,86.57,1328500
ADRE,20150408,36.43,36.73,36.41,36.66,11600
ADSK,20150408,60.89,61.96,60.78,61.83,2249500
ADTN,20150408,19.01,19.26,18.61,18.96,508100
ADUS,20150408,25.1,26.55,25.1,26.14,114800
ADXS,20150408,234.45,274.35,226.5,271.5,2912800
AEHR,20150408,2.11,2.18,2.11,2.13,11500
AEIS,20150408,25.46,25.68,25.32,25.46,333500
AERI,20150408,31.94,32.3,31.64,32.03,248900
AEY,20150408,2.35,2.36,2.32,2.34,13400
AEZS,20150408,52,54,52,53,912600
AFMD,20150408,7.54,7.55,7,7.06,112100
AGEN,20150408,5.3,5.45,5.2,5.43,839100
AGIO,20150408,95.45,99.29,95,99.23,507500
AGNC,20150408,21.57,21.75,21.45,21.73,3024300
AGNCP,20150408,26.21,26.36,26.21,26.27,3400
AGRX,20150408,11.6,11.8,10.72,11.73,190700
AGTC,20150408,21.11,22.45,21.11,22.12,185300
AGYS,20150408,9.9,10.02,9.9,10,22700
AGZD,20150408,48.9,49.08,48.9,49.08,2400
AHPI,20150408,1.66,1.67,1.58,1.58,4200
AIMC,20150408,28.53,28.53,27.8,27.94,77800
AINV,20150408,23.85,23.97,23.55,23.64,963900
AIQ,20150408,23.66,23.85,23.07,23.5,11000
AIRR,20150408,19.07,19.12,19.01,19.12,2800
AIRT,20150408,24.4,24.45,24.31,24.45,2000
AKAM,20150408,71.19,71.89,71.01,71.79,831900
AKBA,20150408,9.83,10.52,9.83,10.5,186000
ALCO,20150408,51.24,51.24,49.44,50.55,13200
ALDX,20150408,10.1,10.59,10.1,10.12,18200
ALGN,20150408,53,53.16,51.65,52.72,2163500
ALGT,20150408,168.53,171.94,167.54,169.45,298800
ALIM,20150408,4.36,4.51,4.28,4.49,100900
ALKS,20150408,60.15,63.29,60.14,63.2,1457100
ALLT,20150408,9.15,9.29,9.06,9.16,37900
ALNY,20150408,104.36,107.58,104.36,106.5,571500
ALOT,20150408,13.67,14.1,13.67,14.1,600
ALTR,20150408,41.35,42.06,41.07,42,4397000
AMAT,20150408,22.05,22.42,22,22.38,18046100
AMBA,20150408,73.2,74.99,73.12,74.38,993200
AMCX,20150408,74.77,76.17,74.75,75.54,557400
AMD,20150408,2.69,2.74,2.68,2.71,4348900
AMED,20150408,26.16,26.67,25.93,26.14,294100
AMGN,20150408,157.76,160.99,157.66,160.33,3031200
AMKR,20150408,8.57,8.65,8.43,8.64,1032800
AMNB,20150408,22.82,23.09,22.53,22.93,4800
AMOT,20150408,34.27,35.78,33.9,34.31,152200
AMPH,20150408,15,15.21,14.87,15.09,142200
AMRK,20150408,10.05,10.24,10.05,10.24,1300
AMRN,20150408,2.44,2.56,2.42,2.54,3590900
AMRS,20150408,34.05,35.55,34.05,34.8,121400
AMSC,20150408,7.29,7.29,7,7.18,28400
AMSF,20150408,45.23,46.64,45.23,46.26,77300
AMSWA,20150408,10.25,10.29,10.19,10.29,23900
AMTX,20150408,4.32,4.32,4.09,4.2,15700
AMWD,20150408,53.38,53.61,52.88,53.54,133300
AMZN,20150408,374.66,381.58,374.65,381.2,2636400
ANAT,20150408,98.03,99.15,97.29,98.44,44200
ANDE,20150408,41.33,41.57,40.54,40.84,241800
ANGI,20150408,5.82,5.84,5.61,5.65,1336000
ANGO,20150408,18.2,18.2,17.48,17.61,398000
ANIK,20150408,40.85,41.3,39.76,40.1,159200
ANIP,20150408,65.42,69.84,65.42,69.71,307500
ANSS,20150408,88.84,89.5,88.52,88.66,419700
ANY,20150408,3.7,3.77,3.61,3.63,114900
AOSL,20150408,8.82,8.95,8.81,8.84,13000
APDN,20150408,106.8,109.2,106.4,106.8,43500
APEI,20150408,31.18,31.45,30.93,31.35,181800
APOG,20150408,44.47,45.79,44.33,45.64,220100
APPS,20150408,3.4,3.4,3.24,3.38,135800
APTO,20150408,5.63,6.49,5.63,6.07,46400
APWC,20150408,2.39,2.39,2.39,2.39,300
ARAY,20150408,9.71,9.85,9.6,9.7,1071200
ARCB,20150408,35.83,36.55,35.03,35.78,432000
ARCC,20150408,17.24,17.32,17.1,17.29,2966700
ARDX,20150408,12.14,12.55,12.04,12.33,95000
ARKR,20150408,24.45,24.45,24.45,24.45,0
ARLP,20150408,33.3,33.41,31.92,32.54,172100
ARNA,20150408,46,46.8,44.4,45.2,2682400
AROW,20150408,27.12,27.43,26.75,26.82,34700
ARRY,20150408,7.34,7.66,7.34,7.59,1252700
ARTNA,20150408,21.78,22.06,21.53,21.87,23600
ARTW,20150408,4.68,4.68,4.55,4.55,2600
ARWR,20150408,7.84,8.02,7.77,7.99,2286700
ASMB,20150408,15.18,16.99,15,16.86,107300
ASML,20150408,99.81,100.18,99.2,99.97,630400
ASND,20150408,17.74,18.46,17.69,18.37,14800
ASPS,20150408,19.12,19.2,18.02,18.42,593300
ASRV,20150408,2.98,3.07,2.98,3.07,21700
ASTC,20150408,3.2,3.2,3.07,3.16,20000
ASTE,20150408,42.36,42.37,41.94,41.98,48300
ASUR,20150408,6,6,5.58,5.58,3300
ASYS,20150408,10.78,11.17,10.6,10.71,37700
ATAI,20150408,4.35,4.59,4.35,4.36,10900
ATAX,20150408,5.5,5.53,5.5,5.51,68200
ATEC,20150408,16.8,16.92,16.8,16.8,49100
ATHX,20150408,2.86,3.23,2.86,3.12,4670300
ATLC,20150408,2.18,2.29,2.16,2.16,1900
ATLO,20150408,24.83,24.99,24.6,24.94,10900
ATNI,20150408,71.35,73.67,71.33,72.71,99000
ATOS,20150408,288,315,282.6,311.4,427100
ATRA,20150408,42.77,46.27,42.45,45.95,137500
ATRC,20150408,21,21.9,21,21.77,193700
ATRI,20150408,337.99,349.88,335.6,340.25,2800
ATRO,20150408,73.02,75.5,73.02,75.4,157400
ATRS,20150408,2.69,2.84,2.68,2.81,694700
ATSG,20150408,9.29,9.36,9.18,9.23,219000
ATVI,20150408,22.72,23.07,22.67,22.96,5221500
AUBN,20150408,25.12,25.12,25.12,25.12,0
AUDC,20150408,5.12,5.17,4.99,5.01,94600
AUPH,20150408,4.18,4.26,3.67,3.83,184200
AVAV,20150408,26.52,26.87,26.32,26.79,60500
AVEO,20150408,15.3,15.9,14.7,15.6,346800
AVGO,20150408,125.41,127.47,125.3,126.79,1360700
AVGR,20150408,4568,4876,4520,4824,33400
AVID,20150408,15.17,15.18,14.68,15.18,321900
AVNW,20150408,14.52,14.64,13.8,14.16,152800
AWRE,20150408,4.49,4.5,4.44,4.5,5500
AXDX,20150408,21.8,22.61,21.65,22.11,95200
AXGN,20150408,3.25,3.28,3.2,3.2,157100
AXTI,20150408,2.56,2.57,2.43,2.43,126500
AZPN,20150408,38.97,39.47,38.73,39.22,502900
BANF,20150408,60.04,60.4,59.87,60.4,7100
BANFP,20150408,27.6,27.6,27.6,27.6,100
BANR,20150408,45.63,45.79,45.03,45.36,74800
BANX,20150408,17.33,17.53,17.11,17.5,75400
BBBY,20150408,76.19,77.89,76.07,77.68,3900600
BBGI,20150408,5.03,5.03,5.03,5.03,0
BBSI,20150408,42,42.42,41.5,42.25,103400
BCBP,20150408,11.97,12.06,11.97,12.05,3500
BCLI,20150408,4.27,4.35,4.26,4.32,56200
BCOR,20150408,13.67,13.78,13.55,13.65,550600
BCOV,20150408,7.14,7.25,6.87,6.96,125200
BCPC,20150408,55.51,56.23,55.51,55.84,221100
BCRX,20150408,9.6,9.87,9.56,9.71,674000
BDSI,20150408,9.97,10.28,9.86,9.89,1235700
BEAT,20150408,9.15,9.27,9.06,9.08,145500
BECN,20150408,32.05,32.07,31.6,32.04,436500
BELFA,20150408,17.88,17.95,17.61,17.65,6600
BELFB,20150408,18.26,18.26,17.5,17.56,143500
BFIN,20150408,13.26,13.26,12.92,13.05,18500
BGCP,20150408,9.6,9.69,9.53,9.67,794400
BGFV,20150408,13.08,13.13,12.89,12.98,106900
BHACU,20150408,9.98,9.98,9.98,9.98,300
BIB,20150408,79.005,83.68,78.8,82.995,661800
BICK,20150408,24.87,24.87,24.46,24.6,1200
BIDU,20150408,207,214.17,206.5,212.84,5223500
BIIB,20150408,386.2219,393.7842,385.1166,391.8038,1540000
BIOC,20150408,71.7,79.5,69.6,74.1,1958700
BIOL,20150408,10.6,10.95,10.6,10.75,153700
BIS,20150408,34.28,34.51,32.39,32.7,603500
BJRI,20150408,50.19,51.21,50.19,50.93,151100
BKCC,20150408,9.09,9.11,9.05,9.09,194900
BKEP,20150408,7.74,7.98,7.74,7.82,56600
BKEPP,20150408,9.1,9.1,9.1,9.1,1000
BKSC,20150408,14.99,14.99,14.99,14.99,100
BLBD,20150408,10.15,10.48,10.15,10.37,45100
BLCM,20150408,236.2,247.8,233.2,245.2,355200
BLDP,20150408,2.33,2.33,2.2,2.23,975000
BLFS,20150408,1.63,1.64,1.6,1.62,17700
BLIN,20150408,110,117.5,100,100,72300
BLKB,20150408,49.04,49.59,48.74,49.02,422800
BLMN,20150408,23.02,23.66,22.61,23.66,1693400
BLPH,20150408,151.65,154.5,151.65,151.8,11800
BLRX,20150408,34.5,34.5,32.7,33.45,766100
BLUE,20150408,120.66,128.46,120.66,125.67,469400
BMRC,20150408,25.82,25.92,25.38,25.725,4600
BMRN,20150408,120.66,124.81,120.29,123.64,2056000
BMTC,20150408,30.79,30.92,30.62,30.82,37500
BNDX,20150408,54.1,54.15,54.04,54.09,1291100
BNFT,20150408,37.8,38.75,37.21,37.75,163000
BNSO,20150408,1.37,1.41,1.3,1.3,10700
BOKF,20150408,61.44,61.57,61.03,61.21,289900
BOOM,20150408,12.63,12.96,12.56,12.91,193600
BOSC,20150408,2.27,2.27,2.14,2.25,1200
BOTJ,20150408,11,11,10.7,10.73,1500
BPOP,20150408,34.8,35.31,34.8,35,680700
BPOPM,20150408,21.75,21.75,21.75,21.75,0
BPOPN,20150408,22.35,22.43,22.13,22.26,10100
BPTH,20150408,340,354,340,352,45800
BRID,20150408,8.06,8.06,8.06,8.06,0
BRKL,20150408,10.24,10.27,10.16,10.19,297600
BRKR,20150408,19.92,19.98,19.53,19.57,976300
BRKS,20150408,11.48,11.59,11.31,11.4,279800
BRLI,20150408,34.7,35.45,34.26,35.12,169300
BSET,20150408,29.41,30.34,29.35,30.09,61900
BSQR,20150408,4.6,4.6,4.55,4.57,18000
BSRR,20150408,16.88,16.92,16.54,16.73,7300
BUSE,20150408,6.58,6.61,6.5,6.59,56200
BWEN,20150408,4.92,4.92,4.74,4.8,19900
BWFG,20150408,19.44,19.44,19,19,13100
BYFC,20150408,1.35,1.35,1.35,1.35,1400
CAAS,20150408,7.36,7.52,7.34,7.36,73700
CAC,20150408,40.52,41.06,40.25,40.75,10600
CACC,20150408,196,203.59,195.01,202.25,71700
CAKE,20150408,48.2,49.4,48.16,49.35,555700
CALA,20150408,17.53,18.32,16.82,18.23,247700
CALM,20150408,39.1,39.37,38.6,38.99,357400
CAMP,20150408,16.76,16.93,16.54,16.85,253300
CAMT,20150408,3.17,3.2,3.15,3.16,31700
CAPR,20150408,82.5,84,81,82.1,28300
CAR,20150408,55.74,56.15,53.84,55.7,3764400
CARA,20150408,10.42,11.05,10.42,10.91,148000
CARV,20150408,5.18,5.37,5.06,5.24,9200
CARZ,20150408,40.88,41,40.8,40.82,4300
CASH,20150408,13.2067,13.33,13.13,13.2867,15100
CASI,20150408,1.35,1.43,1.35,1.4,11000
CASS,20150408,55.43,55.43,54.71,55.04,17200
CASY,20150408,90.26,90.26,89.01,89.2,239900
CATY,20150408,28.5,28.74,28.35,28.7,519600
CBAN,20150408,8.13,8.25,8.13,8.15,9400
CBAY,20150408,6.6,6.62,6.01,6.09,157800
CBFV,20150408,19.64,19.64,19.64,19.64,0
CBNK,20150408,16.8,16.8,16.8,16.8,1000
CBRL,20150408,147.79,149.41,145.81,149,322400
CBSH,20150408,42.68,42.81,42.2,42.38,563500
CCBG,20150408,16.32,16.32,15.92,16.2,236400
CCD,20150408,25.2,25.28,25.17,25.25,19600
CCLP,20150408,20.5,20.66,20.36,20.55,49200
CCMP,20150408,50.04,50.52,49.8,50.06,126400
CCNE,20150408,17.2,17.51,17.11,17.51,9600
CCOI,20150408,35.32,35.77,35.26,35.61,226600
CCRN,20150408,11.57,11.83,11.57,11.77,159800
CCXI,20150408,7.25,7.74,7.05,7.67,133300
CDC,20150408,36.51,36.51,36.27,36.39,31300
CDK,20150408,45.84,46.03,45.54,45.9,773800
CDNA,20150408,5.46,5.6,5.26,5.33,28800
CDNS,20150408,18.72,19.41,18.69,19.07,7943400
CDW,20150408,37.28,38.08,37.25,37.95,760100
CDXS,20150408,4.81,4.88,4.51,4.74,194800
CDZI,20150408,10.29,10.33,9.9,10.06,104900
CECE,20150408,11.11,11.15,11.02,11.1,39100
CEMI,20150408,4.03,4.05,4,4.01,11400
CENT,20150408,9.62,9.99,9.62,9.99,12900
CENTA,20150408,10.33,10.64,10.2,10.59,179300
CENX,20150408,14.57,14.72,14.13,14.29,2546000
CERE,20150408,2.96,3.04,2.8,2.88,182400
CERN,20150408,72.61,73.37,72.61,73.22,1444800
CERS,20150408,3.88,3.96,3.82,3.94,783000
CEVA,20150408,21.43,21.43,20.95,21.11,94600
CFA,20150408,37.46,37.46,37.46,37.46,0
CFBK,20150408,7.81,7.81,7.755,7.81,105400
CFFI,20150408,34,34.4,33.92,33.93,10100
CFFN,20150408,12.41,12.53,12.41,12.46,356900
CFO,20150408,37.72,37.72,37.3,37.35,10700
CFRX,20150408,55,58.6,53.7,58.6,105200
CG,20150408,27.92,28.08,27.62,27.77,349000
CGEN,20150408,7.1,7.33,6.99,7.19,57900
CGNT,20150408,1.49,1.49,1.45,1.45,42400
CGNX,20150408,25.45,25.565,25.265,25.55,500400
CGO,20150408,13.55,13.7,13.46,13.63,87400
CHCI,20150408,0.86,0.92,0.82,0.89,45800
CHCO,20150408,47.59,47.68,47.08,47.38,32700
CHDN,20150408,38.2567,38.3367,37.7167,38.2333,78800
CHEF,20150408,22.7,22.7,22.1,22.36,75600
CHEK,20150408,67.32,67.32,65.4,65.4,6300
CHI,20150408,13.06,13.15,13.06,13.12,133200
CHKP,20150408,83.62,85.24,83.61,85.22,857600
CHMG,20150408,26.7,26.7,26.16,26.21,9700
CHNR,20150408,1.75,2.28,1.74,1.97,108600
CHRS,20150408,27.04,27.2,25.99,26.5,256500
CHRW,20150408,71.11,71.88,70.34,71.22,1214100
CHSCL,20150408,27.9,28,27.68,27.82,130300
CHSCM,20150408,25.99,26.07,25.84,26.05,75600
CHSCN,20150408,26.91,27.05,26.81,27.05,30800
CHSCO,20150408,28.65,28.76,28.62,28.75,12200
CHSCP,20150408,31.19,31.19,30.88,30.88,14300
CHTR,20150408,189.01,190.94,187.85,190.77,922600
CHUY,20150408,22.94,23.49,22.78,23.09,216200
CHW,20150408,8.83,8.85,8.8,8.83,110800
CHY,20150408,14.45,14.52,14.39,14.42,219100
CIDM,20150408,15.4,15.5,13.8,14.6,848000
CINF,20150408,53.01,53.75,53.01,53.72,550400
CIZ,20150408,36.56,37.2,36.29,36.32,5300
CIZN,20150408,18,18.25,17.75,17.78,2200
CJJD,20150408,3.23,3.44,3.19,3.44,575300
CLDX,20150408,409.65,422.85,408.3,413.25,1333800
CLFD,20150408,15.02,15.47,15.02,15.45,25100
CLIR,20150408,5.35,5.41,5.17,5.24,40400
CLLS,20150408,30.51,31.7,30.4,31.52,291800
CLMT,20150408,25.69,26.07,25.33,25.41,272900
CLNE,20150408,5.72,5.85,5.55,5.55,1375500
CLRB,20150408,290,304,290,296,10100
CLRO,20150408,10.13,10.76,10.07,10.67,19400
CLSN,20150408,2.6,2.65,2.44,2.57,115700
CLVS,20150408,74.65,76.26,73.51,76.2,526800
CLWT,20150408,1.84,2.1533,1.84,1.98,10400
CMCO,20150408,27.2,27.66,27.08,27.24,47400
CMCSA,20150408,29.28,29.595,29.115,29.59,14556600
CMCT,20150408,18.44,18.44,18,18.44,600
CME,20150408,90.93,91.54,90.25,90.36,1862300
CMLS,20150408,20.48,20.64,20.08,20.16,747900
CMPR,20150408,87.76,90.53,87.73,90.3,181700
CMRX,20150408,37.39,38.84,37.39,38.14,337200
CMTL,20150408,30.41,30.81,30.22,30.49,174600
CNBKA,20150408,40,40.01,40,40.01,1800
CNCE,20150408,14.94,15.49,14.82,15.18,187600
CNET,20150408,1.51,1.66,1.5,1.61,380700
CNOB,20150408,19.63,19.79,19.56,19.73,41200
CNSL,20150408,21.13,21.17,20.57,20.9,474200
CNTY,20150408,5.63,5.63,5.3,5.55,60800
COHR,20150408,65.21,66.89,64.73,66.81,86100
COHU,20150408,11.24,11.45,11.15,11.28,152500
COKE,20150408,115.6,116,115.2,116,13700
COLB,20150408,28.74,29,28.67,28.79,155600
COLM,20150408,60.86,61.2,60.48,61.18,332100
COMM,20150408,29,29.64,29,29.32,964500
COMT,20150408,39.39,39.43,38.75,38.96,31100
CONE,20150408,31.9,32.22,31.58,32.01,516400
CONN,20150408,31.97,32.25,30.76,31.77,865500
COOL,20150408,6.6,6.72,6.54,6.54,15200
CORT,20150408,6.14,6.55,6.11,6.38,621900
COST,20150408,152.23,152.67,151.19,152,1482900
COWN,20150408,5.29,5.42,5.29,5.38,648600
COWNL,20150408,25.95,25.95,25.95,25.95,0
CPHC,20150408,10.25,10.25,10.15,10.15,1400
CPIX,20150408,6.94,7.08,6.91,7,56700
CPLP,20150408,9.91,9.98,9.84,9.87,384800
CPRT,20150408,18.88,19.06,18.835,19.04,300500
CPRX,20150408,4.67,4.77,4.64,4.68,395500
CPSH,20150408,2.76,2.76,2.76,2.76,100
CPSI,20150408,52.3,53.69,52.3,53.22,55500
CPSS,20150408,7.19,7.23,7.05,7.1,73700
CRAI,20150408,31.29,31.69,31.29,31.53,64600
CREG,20150408,92,95,92,93,45400
CRESW,20150408,0.01,0.01,0.01,0.01,325500
CRESY,20150408,13.65,13.7,13.4,13.48,73800
CRIS,20150408,13.15,14.25,13.1,14.1,1131800
CRMT,20150408,52.5,52.98,51.79,52.49,56700
CRNT,20150408,1.2,1.24,1.18,1.23,82600
CROX,20150408,12.17,12.4,12.08,12.3,1403800
CRTO,20150408,41.3,42.01,41.16,41.85,388500
CRUS,20150408,32.85,34.14,32.84,33.84,1439300
CRVL,20150408,35.88,36.85,35.88,36.62,43600
CRWS,20150408,8.29,8.62,8.26,8.61,48500
CSCO,20150408,27.37,27.66,27.37,27.55,19076400
CSF,20150408,39.49,39.74,39.39,39.39,3100
CSGP,20150408,197.45,198.68,193.42,196.78,274200
CSGS,20150408,30.59,30.82,29.21,30.57,123100
CSII,20150408,39.5,40.35,39.3,39.84,119200
CSIQ,20150408,34,34.67,33.98,34.12,1493000
CSOD,20150408,28.38,29.26,28.38,28.78,545600
CSPI,20150408,6.61,6.73,6.47,6.72,8500
CSQ,20150408,11.23,11.26,11.13,11.22,353900
CSTE,20150408,57,58.8,56.75,58.71,287100
CSWC,20150408,47.72,47.91,47.26,47.87,28300
CSX,20150408,33.56,33.66,33.21,33.25,6767200
CTAS,20150408,82.11,82.66,81.32,82.13,761700
CTBI,20150408,33.2,33.42,32.64,32.75,47200
CTG,20150408,7.77,7.98,7.47,7.96,131600
CTHR,20150408,1.18,1.33,1.17,1.3,94200
CTIB,20150408,4.1,4.11,4.02,4.11,500
CTIC,20150408,19.1,20.1,19,19.4,3476700
CTRE,20150408,13.67,13.99,13.6,13.96,80500
CTRN,20150408,26.52,26.61,26.2,26.3,101400
CTSH,20150408,62.01,62.92,61.92,62.54,2284200
CTSO,20150408,8.55,8.84,7.95,8.07,460300
CTXS,20150408,50.3105,51.3854,50.2787,51.25,1067200
CUBA,20150408,9.65,9.96,9.52,9.96,106200
CUTR,20150408,12.99,13.16,12.96,13.01,41300
CVBF,20150408,15.82,15.88,15.69,15.74,283000
CVCO,20150408,72.81,73.46,72.25,73.4,17500
CVCY,20150408,11.09,11.09,10.51,10.51,10100
CVGI,20150408,6.66,6.69,6.35,6.42,58800
CVGW,20150408,50.97,51.69,50.75,50.82,85700
CVLT,20150408,43.91,47.5,43.91,46.6,2124400
CVLY,20150408,20.51,20.51,20.5,20.5,11800
CVV,20150408,13.41,13.71,13.4,13.4,8900
CWBC,20150408,6.7,6.7,6.7,6.7,0
CWCO,20150408,12.43,12.43,11.8,12.08,122400
CWST,20150408,6.25,6.3,5.96,6.02,240900
CXDC,20150408,5.34,5.64,5.34,5.49,137200
CYAN,20150408,9.75,9.9,9.7,9.85,34000
CYBE,20150408,10.61,10.79,10.51,10.51,13400
CYBR,20150408,61,62.98,58.59,58.73,4647900
CYCC,20150408,228,228,216,223.2,90000
CYCCP,20150408,6.4,6.4,6.4,6.4,0
CYRN,20150408,3.05,3.18,3.02,3.02,253900
CYTK,20150408,7,7.19,6.93,7.12,258200
CZNC,20150408,20.69,20.8,20.56,20.79,22600
CZR,20150408,10.95,11.17,10.92,11.11,769300
CZWI,20150408,9.2,9.2,9.2,9.2,0
DAIO,20150408,3.7,3.8,3.37,3.49,6600
DAKT,20150408,10.92,11.18,10.92,11.05,197100
DAX,20150408,28.9,28.9,28.45,28.62,15700
DBVT,20150408,24.39,26.04,24.38,26,548700
DCOM,20150408,16.3,16.42,16.25,16.28,126700
DCTH,20150408,16.64,16.64,15.2,15.84,58400
DENN,20150408,11.43,11.76,11.43,11.76,495900
DERM,20150408,15.18,15.68,15,15.53,742200
DGICA,20150408,15.65,15.68,15.39,15.52,8700
DGICB,20150408,18.4,18.4,18,18,800
DGII,20150408,10.1,10.21,9.93,10.02,84100
DGLY,20150408,13.17,14.49,12.8,14,1345500
DGRE,20150408,25.2,25.25,25.06,25.1,5600
DGRS,20150408,30.2,30.2,29.99,30.2,900
DGRW,20150408,31.45,31.51,31.31,31.39,44000
DHIL,20150408,169.45,170,167.15,168.69,10200
DIOD,20150408,27.83,28.45,27.74,28.21,143900
DISCA,20150408,32.88,33.25,32.72,32.84,3646500
DISCB,20150408,32.72,32.72,32.72,32.72,0
DISCK,20150408,31.72,32.1,31.67,31.77,2189700
DISH,20150408,70.52,71.27,70.07,71.18,1022300
DJCO,20150408,190.5,195,190.5,195,1300
DLHC,20150408,2.07,2.07,2.02,2.07,1600
DLTR,20150408,81.32,83.53,80.51,83.53,2398300
DMLP,20150408,23.07,23.66,23,23,30300
DMRC,20150408,21.94,22.27,21.85,22.1,10500
DORM,20150408,49.61,50.01,49.47,49.92,201400
DOX,20150408,53.55,54.16,53.51,53.88,577500
DRNA,20150408,17.17,18.96,17.12,18.31,145000
DRRX,20150408,1.84,1.93,1.83,1.92,1011400
DSGX,20150408,15.81,15.96,15.58,15.58,15400
DSPG,20150408,11.93,12.08,11.81,11.89,70500
DSWL,20150408,1.88,1.89,1.84,1.86,18700
DVAX,20150408,22.77,23.43,22.7,23.09,542700
DWAT,20150408,10.68,10.94,10.67,10.68,3100
DWSN,20150408,4.99,5.04,4.79,5.02,115100
DXCM,20150408,63.02,64.5,62.88,64.21,706000
DXGE,20150408,31.81,31.88,31.63,31.76,303400
DXJS,20150408,34.8,34.93,34.74,34.82,66200
DXLG,20150408,5.08,5.13,5.05,5.08,34600
DXPE,20150408,46.15,46.65,43.6,43.76,236500
DXYN,20150408,9.66,9.91,9.34,9.84,112200
DYNT,20150408,2.85,2.89,2.85,2.89,200
EA,20150408,57.84,58.34,57.61,58.15,2091300
EAC,20150408,3.94,3.96,3.75,3.82,34500
EBAY,20150408,24.0042,24.2568,23.8442,24.0463,6875700
EBIX,20150408,28.88,30.36,28.84,30.02,874600
EBMT,20150408,10.8,10.84,10.79,10.79,2900
EBSB,20150408,13,13.12,12.98,13.08,115700
EBTC,20150408,22.01,22.26,21.51,21.81,13800
ECHO,20150408,24.92,25.13,24.69,24.89,199400
ECOL,20150408,50.61,50.79,50.2,50.57,133500
ECPG,20150408,41.94,42.31,41.48,41.89,76300
EDAP,20150408,3.4,3.48,3.33,3.35,276700
EDUC,20150408,2.095,2.095,2.095,2.095,2700
EEFT,20150408,57.29,57.7,56.34,57.66,251300
EEMA,20150408,63.5,64.5,63.5,64.3,10600
EFOI,20150408,26,26,25.15,25.3,8200
EFSC,20150408,21,21.12,20.92,21.08,25700
EGAN,20150408,3.46,3.6,3.46,3.55,43800
EGBN,20150408,37.35,37.74,37.35,37.5,113800
EGLE,20150408,1197,1197,1146.6,1153.6,44900
EGRX,20150408,47.66,48.86,46.48,46.81,99800
EHTH,20150408,10.18,10.36,10.13,10.3,230900
ELSE,20150408,4.05,4.18,4.05,4.18,5800
ELTK,20150408,1.08,1.09,1.02,1.03,11500
EMCB,20150408,71.8,72.42,71.8,72.24,6000
EMCF,20150408,25.12,25.12,25.12,25.12,0
EMIF,20150408,35.2,35.35,35.14,35.27,10900
EMKR,20150408,5.44,5.61,5.37,5.6,143600
EML,20150408,20.09,20.37,19.69,19.85,44100
ENDP,20150408,91.01,94.21,91,93.64,3050400
ENG,20150408,1.48,1.51,1.45,1.48,38900
ENPH,20150408,13.22,13.29,12.71,12.91,565800
ENSG,20150408,22.815,23.085,22.815,22.995,153600
ENTA,20150408,33.18,36.44,33.18,36.38,761300
ENTG,20150408,14.08,14.28,14.06,14.13,841500
ENVI,20150408,1.78,1.8,1.77,1.77,14600
EPAY,20150408,27.35,27.36,27.1,27.28,98200
EPZM,20150408,18.01,18.85,18.01,18.27,180700
EQIX,20150408,234.01,239.67,233.72,239.09,637600
ERIC,20150408,12.8,12.84,12.69,12.72,2603500
ERIE,20150408,86.07,86.37,85.73,86.03,15900
ERII,20150408,3.46,3.55,3.25,3.49,370300
ESBK,20150408,20.17,20.17,20.14,20.14,900
ESCA,20150408,17.11,17.4,17.02,17.38,29400
ESEA,20150408,6,6,5.76,5.92,1500
ESGR,20150408,141.53,143,141.21,142.4,22000
ESLT,20150408,74.13,74.43,73.69,73.8,11500
ESPR,20150408,99.27,101.38,97.55,101.02,424800
ESSA,20150408,12.77,12.91,12.75,12.79,2600
ESXB,20150408,4.4,4.4,4.37,4.39,3100
EUFN,20150408,23.73,23.83,23.51,23.65,91000
EVK,20150408,6.01,6.27,5.71,6.03,9700
EVLV,20150408,6.44,6.61,6.38,6.56,171100
EVOK,20150408,7.29,7.3,7.11,7.16,6700
EVOL,20150408,9.62,9.82,9.57,9.77,28900
EWBC,20150408,40.78,41.19,40.78,41.08,635600
EXAS,20150408,21.78,22.28,21.63,21.97,1082500
EXEL,20150408,2.81,2.86,2.79,2.85,1614100
EXLS,20150408,35.49,35.63,35.24,35.55,319600
EXPD,20150408,46.56,46.75,46.24,46.64,1008900
EXPE,20150408,98.95,100.07,98.44,98.65,1470200
EXPO,20150408,22.2825,22.4425,22.0175,22.3925,20400
EXTR,20150408,3.23,3.27,3.22,3.23,430400
EYES,20150408,119.2,124.8,109.44,112,5768900
EZPW,20150408,9.69,9.87,9.69,9.8,375100
FANG,20150408,80.38,80.89,77.8,78.06,887100
FARM,20150408,24.72,25.15,24.52,24.65,22000
FARO,20150408,61.88,62.13,60.82,61.75,115000
FAST,20150408,20.17,20.34,20.12,20.23,2173800
FATE,20150408,5.17,5.39,5,5.03,70200
FB,20150408,82.63,83.1,81.84,82.28,18966700
FBIZ,20150408,44.58,45.44,44.5,44.61,21800
FBMS,20150408,15.5,15.69,15.5,15.5,3600
FBNC,20150408,17.26,17.84,17.2,17.47,20600
FCAP,20150408,24.25,24.25,24,24,900
FCBC,20150408,17.75,17.88,17.49,17.66,44900
FCCO,20150408,12.05,12.09,12.05,12.07,3600
FCCY,20150408,11.52,11.72,11.42,11.6,8100
FCEL,20150408,187.2,190.08,185.76,188.64,1967600
FCFS,20150408,47.95,48.44,47.91,48.24,132500
FCNCA,20150408,257.97,257.97,254.55,257.32,10200
FDIV,20150408,50.32,50.32,50.32,50.32,200
FDUS,20150408,15.81,15.89,15.64,15.78,37200
FEIM,20150408,13.89,14.1,13.83,14.05,39000
FELE,20150408,38.72,38.89,38.19,38.8,125900
FEMB,20150408,46.35,46.35,46.35,46.35,200
FEUZ,20150408,33.57,33.57,33.56,33.56,200
FFBC,20150408,17.68,17.76,17.58,17.69,125700
FFHL,20150408,0.54,0.55,0.54,0.55,3100
FFIC,20150408,20.17,20.4,20.08,20.38,23600
FFIN,20150408,14.05,14.075,13.835,13.95,186300
FFIV,20150408,113.95,114.41,112.58,113.43,1223400
FFNW,20150408,12.29,12.35,12.15,12.3,24300
FFWM,20150408,9.215,9.385,9.205,9.385,1200
FGEN,20150408,30.35,30.94,29.96,30.15,65000
FIBK,20150408,27.3,27.58,27.25,27.55,195000
FISI,20150408,23.18,23.21,22.8,22.95,25900
FISV,20150408,39.705,40.22,39.68,40.15,846500
FITB,20150408,19.04,19.3,19.02,19.1,6344900
FITBI,20150408,28.2,28.3,28.19,28.3,11200
FIVE,20150408,36.44,36.99,36.44,36.95,768800
FIVN,20150408,5.5,5.6,5.43,5.49,288300
FIZZ,20150408,24.5,24.75,24.12,24.75,23700
FLDM,20150408,41.42,43.35,41.19,42.83,239600
FLEX,20150408,12.6,12.79,12.55,12.79,3188200
FLIC,20150408,25.63,25.99,25.4,25.95,29900
FLL,20150408,1.45,1.47,1.43,1.47,4700
FLWS,20150408,11.28,11.54,11.24,11.4,437100
FLXN,20150408,23.08,23.18,22.78,22.97,65400
FLXS,20150408,31.39,32.6,31.37,32.5,28100
FMB,20150408,52.16,52.2,52.03,52.03,1300
FMBH,20150408,20.01,20.01,20.01,20.01,0
FMBI,20150408,17.28,17.44,17.22,17.28,162700
FMNB,20150408,8.06,8.31,8.05,8.15,15900
FNHC,20150408,30.39,31.52,30.15,31.26,102000
FNLC,20150408,16.94,16.94,16.79,16.83,13100
FNWB,20150408,12.32,12.38,12.3,12.37,23600
FOLD,20150408,11.42,11.61,11.27,11.44,1240800
FONR,20150408,12.97,13.27,12.82,13.14,10500
FORD,20150408,0.73,0.77,0.73,0.77,12700
FORM,20150408,9.15,9.33,9.15,9.3,329500
FORR,20150408,36,36.72,36,36.44,39000
FORTY,20150408,26.91,27.3,26.91,26.91,600
FOSL,20150408,85.31,85.81,84.19,84.68,1025900
FOX,20150408,33.32,33.52,32.97,33.23,2415000
FOXA,20150408,34.83,34.83,33.87,34.13,12125900
FOXF,20150408,15.28,15.46,15,15.22,115000
FPXI,20150408,30.08,30.68,30.07,30.68,700
FRBA,20150408,6.04,6.04,6.04,6.04,0
FRBK,20150408,3.56,3.56,3.5,3.55,49700
FREE,20150408,30000,30000,24000,24000,1964400
FRGI,20150408,60.73,62.74,60.73,62.32,139000
FRME,20150408,23.38,23.71,23.3,23.5,53700
FRPH,20150408,36.55,37.41,36.55,37.39,16100
FRPT,20150408,22.4,24.49,22.4,24.24,570400
FRSH,20150408,18,19.1,17.96,18.95,351000
FSBW,20150408,19.3,19.71,19.3,19.45,1700
FSFG,20150408,28.9,28.9,28.9,28.9,0
FSLR,20150408,61.58,61.77,60.01,60.65,1894400
FSTR,20150408,45.8,46.33,45.38,45.95,65000
FTCS,20150408,38.83,38.83,38.68,38.77,12900
FTEK,20150408,3.11,3.15,3.06,3.09,27200
FTGC,20150408,24.48,24.53,24.19,24.22,41200
FTHI,20150408,20.85,20.85,20.74,20.74,1400
FTLB,20150408,20.93,20.93,20.47,20.53,1600
FTNT,20150408,35.03,35.08,34.38,34.49,2017900
FTSL,20150408,49.46,49.46,49.4,49.41,30600
FTSM,20150408,60.09,60.11,60.04,60.06,101000
FULT,20150408,12.43,12.49,12.35,12.38,755300
FUNC,20150408,9.11,9.11,9.11,9.11,0
FUND,20150408,7.35,7.38,7.33,7.38,35100
FV,20150408,24.1,24.24,24,24.21,1937000
FWP,20150408,28.06,29.48,27.62,28.92,108700
FWRD,20150408,51.03,51.12,50.21,50.75,272100
GABC,20150408,19.6067,19.72,19.4867,19.6733,11700
GAIA,20150408,7.31,7.39,7.15,7.22,10500
GAIN,20150408,7.46,7.49,7.41,7.41,90800
GALT,20150408,3.33,3.4,3.31,3.32,68600
GAME,20150408,6.82,6.85,6.82,6.85,1422000
GASS,20150408,6.48,6.5,6.29,6.5,74400
GBCI,20150408,24.8,25.11,24.8,25.02,200000
GBDC,20150408,17.85,17.85,17.63,17.65,82100
GBLI,20150408,28.74,29.73,27.95,28.3,29700
GCBC,20150408,14.075,14.075,14.075,14.075,0
GENC,20150408,6.4133,6.5333,6.4133,6.5333,4800
GENE,20150408,17.52,18.04,17.08,17.64,1202700
GEOS,20150408,19.7,19.7,18.35,18.36,576700
GERN,20150408,3.89,4.04,3.83,4,2917900
GEVO,20150408,1260,1320,1080,1200,2365800
GFED,20150408,14.42,14.42,14.42,14.42,0
GGAL,20150408,23.8,24.1,22.83,23.3,485100
GIFI,20150408,16,16.43,15.61,15.84,86200
GIGM,20150408,4.05,4.2,4.05,4.15,87900
GIII,20150408,57.995,58.255,57.58,58.19,156900
GILD,20150408,98.62,100.9,98.56,99.87,10967000
GILT,20150408,6.88,6.88,6.7,6.74,32100
GLAD,20150408,8.88,8.94,8.76,8.81,113500
GLBS,20150408,5920,5920,5680,5680,300
GLBZ,20150408,12.45,12.45,12.45,12.45,0
GLDD,20150408,6.13,6.15,6.02,6.08,133000
GLDI,20150408,12.06,12.06,11.91,11.91,19200
GLMD,20150408,9.04,9.06,8.64,8.78,37700
GLNG,20150408,34.71,35.71,33.81,33.97,918300
GLPI,20150408,36.73,36.9,36.44,36.75,469300
GLRE,20150408,31.09,31.39,31,31.24,85800
GLYC,20150408,8.35,8.55,8.35,8.5,44600
GNCA,20150408,96,108,95.44,107.84,165100
GNMA,20150408,50.64,50.64,50.46,50.46,10100
GNTX,20150408,18.08,18.15,17.97,18.14,1647300
GOGL,20150408,24.85,25.25,24.15,25.2,536700
GOGO,20150408,19.64,19.87,19.54,19.77,682000
GOOD,20150408,18.53,18.62,18.44,18.52,88000
GOODN,20150408,25.75,25.75,25.62,25.65,2600
GOODO,20150408,25.31,25.31,25.26,25.3,1400
GOOG,20150408,538.74,543.85,538.38,541.61,1175300
GOOGL,20150408,546.12,551.5,546,548.84,1419300
GPRE,20150408,29.18,29.96,28.8,29.08,635000
GPRO,20150408,43.54,44.38,43.13,43.33,3997000
GRBK,20150408,8.46,8.47,8.29,8.4,32300
GRFS,20150408,16.77,16.91,16.665,16.875,536200
GRID,20150408,35.94,37.32,35.94,36.63,3100
GRMN,20150408,46.05,46.57,45.84,46.33,1596700
GROW,20150408,3.29,3.3,3.29,3.29,1800
GRPN,20150408,143,147,141.6,146,9733400
GRVY,20150408,2,2.04,1.88,2.04,8700
GSBC,20150408,39.1,39.59,38.69,38.79,15400
GSIT,20150408,5.65,5.65,5.49,5.56,9600
GSM,20150408,20.99,20.99,20.5,20.76,670600
GT,20150408,27.08,27.64,26.99,27.43,3037200
GTIM,20150408,7.59,7.67,7.41,7.42,20500
GURE,20150408,8.5,9.1,8.3,8.3,211500
GWGH,20150408,7.62,7.62,7.25,7.5,7400
GYRO,20150408,4.4,4.41,4.4,4.4,2200
HA,20150408,21.48,22.03,21.22,21.98,715700
HAFC,20150408,21.03,21.2,20.82,21.04,176200
HAIN,20150408,64.22,65.26,63.67,65.21,648300
HALL,20150408,10.47,10.71,10.46,10.57,242400
HALO,20150408,14.68,15.48,14.57,15.28,1595000
HAS,20150408,64.09,64.19,63.58,64.04,925800
HAYN,20150408,45.18,45.18,43.76,44.2,55100
HBAN,20150408,11.12,11.18,11.03,11.06,10078400
HBANP,20150408,1356,1356,1348,1348,100
HBCP,20150408,21.4,21.48,21.38,21.47,3700
HBIO,20150408,6.35,6.5,6.26,6.5,214700
HBMD,20150408,13.9,14,13.9,14,8300
HBNC,20150408,10.2445,10.3733,10.0933,10.1555,15600
HBP,20150408,2.91,2.92,2.85,2.88,8700
HCCI,20150408,12.88,13.07,12.78,13.01,53000
HCKT,20150408,9.14,9.26,9.03,9.16,38800
HCSG,20150408,31.14,31.82,31.12,31.74,422500
HDSN,20150408,3.84,3.93,3.77,3.86,49800
HEAR,20150408,8.04,8.4,7.92,8.12,144500
HEES,20150408,25.74,25.77,24.5,24.67,430300
HELE,20150408,80.6,82.06,80.6,81.99,99800
HERO,20150408,0.6,0.67,0.58,0.63,7640400
HFBL,20150408,19.45,19.45,19.45,19.45,2000
HFWA,20150408,17.34,17.34,17.11,17.22,33900
HGSH,20150408,5.46,5.78,5.18,5.78,21600
HIBB,20150408,49.35,49.8,49.01,49.78,215400
HIFS,20150408,99.83,99.83,98.99,99.82,1000
HIHO,20150408,3.15,3.22,3.13,3.16,6600
HIMX,20150408,6.2,6.45,6.19,6.3,1875000
HLIT,20150408,7.35,7.4,7.28,7.36,300500
HMHC,20150408,23.1,23.46,23.1,23.45,257000
HMNF,20150408,12.07,12.07,11.7,11.7,5600
HMST,20150408,18.83,18.9,18.66,18.89,51200
HMTV,20150408,12.65,12.77,12.5,12.75,19000
HNNA,20150408,13.68,13.68,12.98,13.3267,16400
HNRG,20150408,12.15,12.19,11.92,11.95,74600
HOFT,20150408,21.4,21.56,21.28,21.34,61500
HOLI,20150408,22.38,24.57,21.9,23.19,2144000
HOLX,20150408,32.27,33.3,32.12,33.24,1224600
HOMB,20150408,17,17.255,17,17.125,123700
HOVNP,20150408,14.62,14.62,14.62,14.62,14000
HQY,20150408,24.07,24.1,23.81,24,101400
HRTX,20150408,14.23,14.77,14.21,14.57,336100
HRZN,20150408,13.9,14,13.78,13.98,56800
HSIC,20150408,141.88,141.88,139.36,140.11,625100
HSII,20150408,24.82,24.98,24.68,24.83,59100
HSKA,20150408,26,27.84,25.76,27.18,119700
HSON,20150408,26.6,27.3,26.6,27.3,5100
HSTM,20150408,25.33,25.49,24.99,25.31,119300
HTBI,20150408,15.99,16.09,15.92,16.09,19000
HTBK,20150408,9.3,9.3,9.1,9.19,10900
HTBX,20150408,61.1,62.2,59.2,61.9,19000
HTHT,20150408,5.0525,5.2125,5.0525,5.1775,491100
HTLD,20150408,22.75,22.82,22.14,22.43,1072700
HTLF,20150408,33.63,33.95,33.38,33.6,56100
HUBG,20150408,36.74,37.24,36.28,36.69,273700
HURC,20150408,33.02,33.9,33.02,33.66,17600
HURN,20150408,66.42,68.29,66.22,67.58,143500
HWBK,20150408,13.54,13.54,13.54,13.54,0
HWKN,20150408,40.09,40.95,40.09,40.82,70700
HYLS,20150408,50.81,50.96,50.8,50.9,37500
HYZD,20150408,24.01,24.19,24.01,24.01,400
HZNP,20150408,26.35,27.63,26.35,27.42,2868700
IART,20150408,30.425,30.825,30.17,30.67,109500
IBB,20150408,343.34,353.42,342.93,352.01,2325200
IBCP,20150408,12.83,12.93,12.77,12.87,17700
IBKR,20150408,33.75,33.95,33.35,33.66,448200
IBOC,20150408,25.69,25.95,25.58,25.9,157600
IBTX,20150408,39.67,40.01,39.31,39.75,30700
ICAD,20150408,9.68,9.68,9.25,9.49,41300
ICBK,20150408,19.55,20.33,19.5,20.33,4500
ICCC,20150408,6.3,6.3,6.3,6.3,400
ICFI,20150408,40.7,41.24,40.7,41.17,42200
ICLN,20150408,12.42,12.48,12.34,12.38,37000
ICLR,20150408,69.67,69.93,68.97,69.83,242800
ICPT,20150408,272.5,277.68,268.25,272.85,390200
ICUI,20150408,91.78,93.73,91.16,93.05,100000
IDCC,20150408,50.76,51.75,50.52,51.6,343600
IDRA,20150408,29.04,30.64,29.04,29.84,1163600
IDXX,20150408,75.42,77.305,75.285,76.705,293500
IEP,20150408,90.42,91.2,89.68,89.9,84700
IESC,20150408,8.64,8.68,8.61,8.67,20200
IEUS,20150408,45.52,45.64,45.25,45.54,20000
IFGL,20150408,32,32.12,31.96,32.04,76900
IFV,20150408,20,20.17,20,20.08,411400
IGOV,20150408,92.14,92.27,91.58,91.68,21000
III,20150408,3.8,3.96,3.71,3.76,98000
IIN,20150408,7.85,8.16,7.2,8,16200
IIVI,20150408,18.26,18.67,18.19,18.6,300100
IKNX,20150408,14.95,14.95,14.95,14.95,0
ILMN,20150408,183.59,186.88,182.96,185.32,844100
IMGN,20150408,9.5,9.86,9.45,9.75,1660200
IMKTA,20150408,51.65,53.99,50.6,53.9,232400
IMMR,20150408,9.72,10.2,9.68,9.85,432600
IMOS,20150408,24.51,25,24.5,24.81,308000
INBK,20150408,18.1,18.68,18.1,18.68,2500
INCR,20150408,31.19,32.17,31.18,32.1,138400
INCY,20150408,89.41,92.14,89.34,91.63,862200
INDB,20150408,44.1,44.5,43.62,44.37,94900
INDY,20150408,32.05,32.31,32.05,32.17,206500
INFI,20150408,13.59,14.57,13.59,14.42,770200
INFN,20150408,19.08,19.51,19.01,19.43,931400
INGN,20150408,34.54,35.76,34.4,35.21,92100
INO,20150408,9.5,9.86,9.43,9.72,2266200
INOD,20150408,2.64,2.67,2.59,2.62,23300
INOV,20150408,27.04,28.27,27,27.33,425800
INSM,20150408,21.6,22.8,21.6,22.47,494800
INTC,20150408,31.23,31.56,31.06,31.31,18250200
INTG,20150408,20,20,19.34,19.98,5200
INTU,20150408,97.02,98.33,97.02,97.92,1305800
INVE,20150408,9.08,9.35,8.94,9.05,49700
IOSP,20150408,46,46.39,45.74,45.92,78400
IPAR,20150408,32.71,33.05,32.58,32.85,51900
IPDN,20150408,34.56,36.4,33.76,36,12500
IPGP,20150408,93.39,94.58,93.35,94.24,372100
IPKW,20150408,27.69,27.69,27.58,27.64,12200
IPWR,20150408,98.5,98.5,94,94.7,23700
IRBT,20150408,32.78,33.65,32.78,33.43,273400
IRCP,20150408,30,30,30,30,0
IRDM,20150408,10.42,10.66,10.35,10.52,1377800
IRIX,20150408,10.14,10.39,10.13,10.25,8200
IRMD,20150408,15.7,15.8,15.4,15.5,2900
IROQ,20150408,16.53,16.53,16.53,16.53,100
IRWD,20150408,15.03,16.01,15,15.62,1011100
ISBC,20150408,11.77,11.77,11.66,11.71,1456600
ISHG,20150408,78.87,78.87,77.42,78.49,2500
ISIG,20150408,2.97,3,2.97,3,6000
ISLE,20150408,13.39,14.42,13.26,14.4,226700
ISRG,20150408,509.8,515.34,509.49,511.46,174600
ISSC,20150408,3.88,3.9,3.75,3.9,6300
ISTR,20150408,15.94,15.94,15.94,15.94,200
ITCI,20150408,24.07,24.58,23.96,24.28,158200
ITIC,20150408,72.41,73.46,72.41,73.46,400
ITRI,20150408,36.36,36.67,36.2,36.58,90000
ITRN,20150408,23.28,23.28,22.72,23.03,10600
IVAC,20150408,6.01,6.18,6,6.05,23800
JACK,20150408,93.57,97.27,93.57,97.21,529600
JAKK,20150408,71,71.9,69.8,71.5,532300
JAZZ,20150408,170.59,180.49,169.77,180.39,1392000
JBHT,20150408,84.97,86.18,84.74,86.16,746400
JBLU,20150408,18.72,19.36,18.58,19.29,10445800
JBSS,20150408,45.01,45.5,44.63,45.42,140200
JCS,20150408,11.3,11.57,11.14,11.54,24600
JCTCF,20150408,5.125,5.125,5.125,5.125,0
JD,20150408,31.47,32.95,31.45,32.66,12985400
JJSF,20150408,107.93,108.95,107.11,108.24,61300
JKHY,20150408,69.46,69.51,68.58,69.07,491000
JOBS,20150408,34.08,34.92,33.68,33.92,330800
JOUT,20150408,34.53,34.69,34,34.24,7500
JRJC,20150408,48,52,47.6,48.6,1017000
JRVR,20150408,22.7,23.97,22.7,23.18,195500
JSM,20150408,22.36,22.57,22.36,22.54,27200
JVA,20150408,5.06,5.12,5.05,5.05,20200
JYNT,20150408,8.77,8.89,8.2,8.89,5700
KALU,20150408,77.4,78.05,76.95,77.57,173100
KBAL,20150408,11.21,11.3,10.8,10.97,107900
KE,20150408,13.42,13.58,13.3,13.51,41400
KELYA,20150408,17.56,17.71,17.34,17.47,186600
KEQU,20150408,17.5,17.51,17.5,17.5,500
KFFB,20150408,8.28,8.28,8.28,8.28,0
KFRC,20150408,22.09,22.29,21.94,22.19,94600
KINS,20150408,7.65,7.7,7.59,7.62,4900
KIRK,20150408,22.63,23.14,22.4,22.7,167500
KLAC,20150408,57.8,58.25,57.63,58.05,1004900
KLIC,20150408,15.45,15.79,15.44,15.69,407000
KMDA,20150408,4.56,4.56,4.46,4.54,17700
KNDI,20150408,12.43,13,12.38,12.78,997100
KOPN,20150408,3.5,3.62,3.5,3.6,70400
KOSS,20150408,2.35,2.41,2.3,2.33,4300
KPTI,20150408,31.34,32.48,31.05,31.91,280600
KRNT,20150408,13.97,14,13.42,13.56,73900
KRNY,20150408,13.42,13.55,13.38,13.43,58000
KTCC,20150408,11.25,11.42,10.97,11,10200
KTOS,20150408,5.68,5.84,5.68,5.78,154100
KVHI,20150408,15.48,15.73,15.39,15.65,13100
LAKE,20150408,9.56,9.63,9.3,9.53,49100
LAMR,20150408,59.29,60.06,59.28,60.01,638500
LANC,20150408,95.76,96.66,94.95,96,82700
LAND,20150408,12.13,12.13,12.01,12.11,16300
LARK,20150408,25.2,25.8,25.2,25.24,2800
LAWS,20150408,24.66,24.88,23.77,23.9,6200
LBAI,20150408,11.62,11.71,11.52,11.7,18400
LBRDA,20150408,55.75,56.05,55.3,55.79,220800
LBRDK,20150408,55.51,55.73,55.23,55.5,158100
LBTYA,20150408,51.91,52.36,51.85,52.32,1551300
LBTYB,20150408,52.5,52.5,52.5,52.5,0
LBTYK,20150408,50.04,50.3,49.86,50.26,3669300
LCNB,20150408,15.19,15.19,15.01,15.09,4200
LCUT,20150408,14.83,14.99,14.75,14.84,49600
LE,20150408,34.31,35.55,34.26,34.4,206100
LECO,20150408,64.95,64.95,63.67,63.97,503800
LEDS,20150408,0.86,0.94,0.86,0.92,201200
LFUS,20150408,98.77,99.77,98.73,99.51,130000
LFVN,20150408,4.9,5.32,4.55,4.76,765900
LGIH,20150408,17.59,17.93,17.49,17.61,107500
LGND,20150408,77.7,82.76,77.67,81.2,577900
LHCG,20150408,34.04,34.84,33.96,34.04,32500
LINC,20150408,2.03,2.08,1.98,2.07,135300
LIVE,20150408,3.29,3.36,3.23,3.34,117000
LJPC,20150408,17.97,18.48,17.39,18.14,54900
LKFN,20150408,26.6733,26.9933,26.6733,26.8467,41800
LKQ,20150408,25.6,26,25.51,25.95,1156800
LLNW,20150408,3.41,3.52,3.39,3.48,134900
LMAT,20150408,8.33,8.35,8.22,8.35,6500
LMBS,20150408,50.75,50.87,50.75,50.79,1600
LMNR,20150408,21.91,22.37,21.82,22.19,18500
LMRK,20150408,16.77,17.25,16.77,17.04,7900
LNDC,20150408,14.63,14.64,14.42,14.47,231400
LOAN,20150408,4.04,4.17,3.98,4.04,26500
LOCO,20150408,25.94,26.88,25.8,26.86,984000
LOGI,20150408,13.73,13.82,13.57,13.72,318200
LOPE,20150408,43.85,44.14,43.39,43.49,206600
LORL,20150408,68.02,68.82,68,68.72,80400
LPCN,20150408,7.05,7.05,6.66,6.76,21600
LPLA,20150408,42.92,43.4,42.87,43.38,1006700
LPSN,20150408,10.09,10.22,10.02,10.09,275000
LPTH,20150408,0.98,0.99,0.94,0.99,19400
LQDT,20150408,9.26,9.45,8.97,9.08,827700
LRCX,20150408,71.28,73.1,71.17,72.83,2173800
LSBK,20150408,13.6,13.6,13.6,13.6,0
LSCC,20150408,6.22,6.37,6.21,6.36,1322900
LSTR,20150408,63.29,64.7,63.13,64.33,656800
LTBR,20150408,75.6,76.8,75.6,75.6,9800
LTRPA,20150408,31.61,31.99,31.47,31.57,568000
LTRPB,20150408,36.42,36.42,36.42,36.42,0
LTRX,20150408,1.81,1.81,1.76,1.8,3800
LULU,20150408,68,69.94,67.9,68.71,4911500
LUNA,20150408,1.4,1.4,1.35,1.38,25000
LWAY,20150408,21.28,21.35,20.96,21.25,12700
LXRX,20150408,6.51,6.65,6.44,6.44,2409800
LYTS,20150408,8.12,8.2,8.1,8.2,29100
MACK,20150408,12.11,12.3,12.08,12.3,829100
MANH,20150408,52.33,53.26,52.04,52.96,203000
MANT,20150408,33.72,34.18,33.7,33.86,447200
MAR,20150408,79.47,80.86,79.34,80.18,2202700
MARA,20150408,21.2,21.8,20.92,21.12,98000
MARK,20150408,4.23,4.28,4.1,4.14,17700
MARPS,20150408,11.78,12.5,11.61,11.61,2400
MASI,20150408,33.84,35.02,33.81,34.59,652700
MAT,20150408,23.9,24.04,23.65,23.94,4116500
MATW,20150408,51.42,51.98,51.42,51.65,81600
MAYS,20150408,50,50,50,50,0
MBCN,20150408,16.5,16.5,16.5,16.5,0
MBII,20150408,3.86,3.86,3.67,3.7,22700
MBUU,20150408,22.88,23.01,22.64,22.75,60800
MBWM,20150408,19.42,19.89,19.42,19.81,16900
MCBC,20150408,5.31,5.34,5.26,5.32,17000
MCHP,20150408,48.71,49.04,48.48,48.92,2052200
MCHX,20150408,4.19,4.59,4.19,4.46,143400
MCRI,20150408,18.99,19.53,17.82,19.18,46900
MDIV,20150408,21.31,21.31,21.08,21.19,262700
MDLZ,20150408,37.07,37.43,36.95,37.39,10971300
MDRX,20150408,11.88,11.93,11.74,11.93,1377100
MDWD,20150408,6.5,7,6.36,6.39,26400
MDXG,20150408,10.56,10.76,10.46,10.69,519700
MEIP,20150408,1.9,1.95,1.88,1.89,1743700
MELI,20150408,126.89,128.9,126.53,128.59,318400
MEOH,20150408,55.73,56.19,54.46,54.5,585400
MERC,20150408,14.65,15.03,14.64,14.82,170500
MGEE,20150408,44.02,44.02,43.25,43.76,81000
MGI,20150408,8.5,8.79,8.36,8.7,232600
MGIC,20150408,6.69,6.75,6.65,6.7,5900
MGLN,20150408,70.03,71.15,70,71.06,277000
MGNX,20150408,33.07,34.5,32.64,33.4,159300
MGPI,20150408,13.07,13.53,12.91,13.32,22500
MGRC,20150408,33.45,33.86,33.01,33.6,75900
MGYR,20150408,8.43,8.43,8.43,8.43,0
MHLD,20150408,14.71,14.86,14.66,14.86,249800
MICT,20150408,2.78,2.82,2.77,2.82,1600
MIDD,20150408,104.18,104.56,102.92,103.64,263700
MIND,20150408,4.82,5.08,4.3,4.45,120700
MITK,20150408,3.2,3.29,3.15,3.19,125600
MKSI,20150408,33.43,33.65,32.9,33.61,242800
MKTX,20150408,85.77,87.54,85.29,87.5,177800
MLAB,20150408,72.34,72.34,71,72.02,7300
MLHR,20150408,28.22,28.57,28.07,28.52,351400
MLVF,20150408,13.36,13.5,13.36,13.5,1200
MMLP,20150408,35.79,36.29,35.67,36.29,199000
MMSI,20150408,19.03,19.31,18.97,19.2,131100
MMYT,20150408,22,22.99,21.77,22.96,618700
MNDO,20150408,3.18,3.27,3.15,3.2,46500
MNKD,20150408,25.55,26.05,25.4,26.05,4484100
MNOV,20150408,3.53,3.53,3.38,3.47,3300
MNRO,20150408,64.8,65.56,64.8,65.54,164000
MNST,20150408,45.87,46.2067,45.6,45.93,828400
MNTX,20150408,9.28,9.49,9.16,9.22,66500
MOFG,20150408,28.74,28.87,28.61,28.85,4400
MOMO,20150408,10.34,11.49,10.34,11.17,469800
MORN,20150408,73.73,73.95,73.39,73.86,50300
MOSY,20150408,434,440,422,430,106600
MPAA,20150408,27.22,27.52,27.16,27.48,69400
MPB,20150408,15.6,15.6,15.56,15.6,300
MPWR,20150408,52.01,52.1,51.31,51.75,253100
MRCC,20150408,14.78,14.86,14.6,14.7,48400
MRCY,20150408,15.36,15.76,15.36,15.66,57200
MRLN,20150408,20,20.14,19.74,20,72600
MRNS,20150408,35.52,37.92,35.52,36.32,11900
MRTN,20150408,15.2,15.4933,15.1133,15.1733,160700
MRTX,20150408,26.9,28.03,26.83,27.59,63100
MRVL,20150408,15.08,15.15,14.87,15,5439600
MSEX,20150408,22.7,22.91,22.69,22.73,17500
MSFT,20150408,41.46,41.69,41.04,41.42,24753400
MSON,20150408,12.85,13.05,12.85,12.98,10800
MSTR,20150408,169.71,172.96,169.71,172.07,56500
MTBC,20150408,2.05,2.23,2.05,2.06,7700
MTEX,20150408,20.39,22.3,20.21,20.94,19200
MTLS,20150408,7.15,7.43,6.92,7,114800
MTRX,20150408,19.84,20.27,19.71,19.97,315700
MTSI,20150408,34.4,35.48,34.03,35.17,202300
MU,20150408,26.56,27.35,26.49,27.13,22105700
MVIS,20150408,3.56,3.63,3.31,3.32,925800
MYGN,20150408,35.15,36.68,35.1,36.36,399800
MYRG,20150408,30.63,31.03,30.37,30.95,186000
NAII,20150408,5.35,5.36,5.31,5.36,7700
NATH,20150408,50.41,50.85,48.81,49.67,127400
NATI,20150408,32.46,32.87,32.44,32.8,400000
NATR,20150408,12.79,13,11.89,12.8,7700
NAVI,20150408,20.19,20.36,20.01,20.25,1793000
NBIX,20150408,39.87,42.15,39.7,42.09,736400
NBN,20150408,9.14,9.14,9.14,9.14,500
NBTB,20150408,24.79,24.9,24.7,24.81,68800
NCMI,20150408,15.89,16.26,15.82,16.09,382700
NCTY,20150408,55.5,55.5,48.3,53.4,52500
NDAQ,20150408,49.98,50.4,49.76,49.92,917300
NDLS,20150408,17.71,17.8,17.45,17.52,372600
NDSN,20150408,78.35,78.93,77.87,78.65,189800
NECB,20150408,7.15,7.22,7.06,7.07,9000
NEO,20150408,4.89,4.99,4.8,4.95,102300
NEOG,20150408,34.7625,35.2725,34.5225,35.0925,172200
NEON,20150408,35.1,38.2,34.8,37.3,1547300
NEPT,20150408,1.84,1.92,1.77,1.85,416100
NERV,20150408,5.2,5.31,5.19,5.22,15900
NETE,20150408,11.7,11.8,11.3,11.3,350100
NEWT,20150408,17.75,17.98,17.62,17.77,35100
NFBK,20150408,14.74,14.79,14.65,14.77,135500
NFLX,20150408,61.2014,63.1071,61.1843,63.05,3189600
NHTC,20150408,20.3,20.5,19.1,19.97,339100
NICE,20150408,59.27,59.94,59.23,59.5,292500
NICK,20150408,14.3,14.36,14.21,14.35,27700
NKSH,20150408,29,29.49,28.56,28.84,11200
NKTR,20150408,10.77,11.31,10.76,11.15,1437500
NMIH,20150408,7.53,7.72,7.45,7.48,145800
NNBR,20150408,24.07,24.35,23.66,23.86,122600
NRIM,20150408,24.16,24.27,24.04,24.21,8700
NSEC,20150408,14.02,14.02,14.01,14.01,500
NSIT,20150408,28.51,28.99,28.43,28.89,110400
NSSC,20150408,5.86,5.94,5.57,5.94,10100
NSTG,20150408,11.02,11.32,10.84,10.98,101900
NSYS,20150408,4.74,4.85,4.59,4.85,5700
NTAP,20150408,35.75,35.92,35.43,35.82,3282900
NTCT,20150408,43.36,44.17,41.49,43.74,186800
NTES,20150408,23.15,24.2,22.726,23.408,1319800
NTGR,20150408,32.23,32.63,32.04,32.57,289100
NTIC,20150408,8.795,9,8.56,8.69,24000
NTRS,20150408,70.92,71.42,70.71,71.18,766800
NTWK,20150408,5.62,5.68,5.6,5.61,9500
NUAN,20150408,14.27,14.42,14.19,14.24,1615000
NURO,20150408,49.92,49.92,42.56,44.8,254400
NUVA,20150408,42.74,43.26,42.5,43.04,1186500
NVAX,20150408,161.8,165.4,160.6,163.4,2668400
NVCN,20150408,9020,9110,8770,8900,276300
NVDA,20150408,5.47,5.525,5.4175,5.505,9160700
NVEC,20150408,69,69.2,68,68.85,7100
NVEE,20150408,15.82,15.95,15.24,15.67,14600
NVFY,20150408,12,12.25,12,12.15,9900
NVMI,20150408,11.75,11.88,11.7,11.85,9000
NWBI,20150408,11.98,11.98,11.77,11.83,461500
NWFL,20150408,28.4,28.81,27.6,28.81,6600
NWLI,20150408,253.67,253.67,252.13,253.58,2400
NWPX,20150408,22.7,23,22.57,22.85,16200
NWS,20150408,16,16.17,15.84,15.89,1189500
NWSA,20150408,16.16,16.27,16.01,16.06,1756600
NXPI,20150408,100.5,102.93,100.41,101.86,2057800
NXST,20150408,58.08,58.68,57.89,58.26,247500
NXTD,20150408,26.5,28.3,26.3,27.5,257100
NYMT,20150408,7.8,7.82,7.76,7.8,596300
NYMTP,20150408,24.86,24.89,24.77,24.88,4600
NYMX,20150408,1.35,1.5,1.33,1.38,1433300
OBAS,20150408,6.35,6.39,6.16,6.25,7200
OBCI,20150408,4.06,4.21,4.01,4.08,76600
OCC,20150408,4.06,4.1,4.05,4.05,4200
OCFC,20150408,16.95,17.28,16.95,17.18,6800
OCUL,20150408,31.24,31.93,30.23,30.5,830100
ODFL,20150408,72.32,72.49,71.46,71.89,938700
ODP,20150408,92.4,92.8,91.9,92.2,5392400
OFED,20150408,20.1,20.1,20.1,20.1,300
OFIX,20150408,37.36,38.04,37.14,37.84,79300
OFLX,20150408,27.33,27.33,26.4,26.99,2500
OFS,20150408,12.02,12.1,12.01,12.08,5500
OIIM,20150408,2.68,2.75,2.54,2.55,24600
OLED,20150408,46,47.39,45.89,46.92,570600
OMAB,20150408,41,41.1,40.31,40.47,17000
OMCL,20150408,35.71,35.99,35.45,35.51,167800
OMER,20150408,23.4,24.48,23.37,23.9,329800
OMEX,20150408,9.12,9.24,9,9,316100
ON,20150408,11.56,11.65,11.46,11.52,2957600
ONB,20150408,14.15,14.21,14.03,14.11,248100
ONCY,20150408,0.77,0.78,0.73,0.74,556200
ONEQ,20150408,193,194.32,193,194.3,5600
ONTX,20150408,355.5,360,354,354,7200
OPHC,20150408,9.3,9.3,9.3,9.3,0
OPOF,20150408,15.02,15.02,15,15.01,700
ORLY,20150408,217.16,218.14,215.1,218.1,589100
ORMP,20150408,6.49,6.5,6.15,6.16,80900
ORRF,20150408,17,17,16.97,17,1500
OSBC,20150408,5.89,5.9,5.78,5.88,24900
OSIS,20150408,74.03,75.5,73.76,74.97,134500
OSTK,20150408,24.74,25.07,24.15,25.05,94600
OSUR,20150408,6.68,6.88,6.64,6.74,672800
OTEX,20150408,27.865,27.915,27.29,27.68,270100
OTIC,20150408,31.65,34.06,31.6,33.94,207200
OTTR,20150408,31.93,32.08,31.61,31.95,42800
OVBC,20150408,22.94,22.94,22.94,22.94,0
OVLY,20150408,9.72,9.72,9.7,9.7,1100
OXBR,20150408,6.01,6.01,5.96,5.97,16300
OXBRW,20150408,0.75,0.94,0.75,0.94,1000
OXLC,20150408,14.83,15.09,14.81,14.88,69600
OXLCO,20150408,25.15,25.15,25.1,25.1,10000
OXLCP,20150408,25.89,25.9,25.83,25.9,2100
PAAS,20150408,9.26,9.3,9,9.08,1881400
PACB,20150408,5.81,6,5.81,5.89,678700
PACW,20150408,47.01,47.01,46.6,46.79,357400
PAHC,20150408,34,34.19,33.66,34.06,549700
PANL,20150408,2.58,2.65,2.41,2.42,19100
PATI,20150408,25.95,26.43,25.95,25.97,32200
PATK,20150408,27.0667,27.6489,26.7555,27.1289,83800
PAYX,20150408,49.13,49.55,48.92,49.34,2128800
PBCT,20150408,15.15,15.23,15.04,15.12,2481000
PBHC,20150408,10.06,10.06,10,10,5900
PBIP,20150408,12.68,12.72,12.66,12.71,4100
PBPB,20150408,14.3,14.49,14.15,14.45,140700
PCAR,20150408,62.35,62.77,62.07,62.76,1535600
PCH,20150408,39.05,39.33,38.92,39.23,155000
PCOM,20150408,11.06,11.44,11.06,11.17,41100
PCRX,20150408,86.84,89.86,86.84,89.73,431700
PCTI,20150408,7.72,7.78,7.66,7.71,12700
PCTY,20150408,29.08,29.53,28.72,29.09,95200
PCYG,20150408,13.5,13.65,13.1,13.27,34500
PCYO,20150408,4.8,5.03,4.74,5,40500
PDBC,20150408,20.33,20.33,20.3,20.3,300
PDCE,20150408,53.75,54.31,52.43,52.63,1292700
PDCO,20150408,48.3,48.5,47.9,48.09,816900
PDEX,20150408,2.04,2.04,2.04,2.04,100
PDFS,20150408,18.19,19.04,18.19,19,357000
PEBK,20150408,18.58,18.58,18.35,18.35,300
PEBO,20150408,23.52,23.69,23.32,23.44,42000
PEGA,20150408,21.76,21.94,21.43,21.73,175800
PENN,20150408,14.89,15.65,14.86,15.59,1199900
PERI,20150408,10.68,11.46,10.68,11.43,193900
PESI,20150408,3.62,3.65,3.5,3.51,58000
PETS,20150408,16.35,16.75,16.32,16.53,261100
PFBC,20150408,28.99,29.24,28.79,29.22,20600
PFIE,20150408,1.36,1.37,1.28,1.28,272400
PFIN,20150408,6.9,7.03,6.88,7.03,900
PFIS,20150408,43.02,43.02,41.32,41.55,5100
PFLT,20150408,13.98,14.06,13.98,14.04,34900
PFMT,20150408,3.65,3.65,3.4,3.44,100000
PFSW,20150408,11,11,10.94,10.98,35100
PGC,20150408,21.5,21.55,21.39,21.45,14500
PINC,20150408,36.85,37.22,36.64,36.93,121600
PKBK,20150408,11.3182,11.3182,11.3091,11.3182,700
PKOH,20150408,52.84,53,51.61,52.09,27700
PLAB,20150408,8.33,8.5,8.33,8.49,197000
PLAY,20150408,31.14,32.99,30.73,31.39,1640200
PLBC,20150408,9.15,9.15,9.15,9.15,100
PLCE,20150408,63.06,63.84,62.99,63.24,238700
PLPC,20150408,42.8,42.8,41.74,42.57,3500
PLUG,20150408,2.52,2.55,2.47,2.49,2600700
PLUS,20150408,43.045,43.985,42.665,43.38,82700
PLXS,20150408,41.61,41.99,41.53,41.92,101000
PMBC,20150408,7.27,7.39,7.25,7.3,60900
PMD,20150408,16.99,16.99,16.32,16.72,15400
PME,20150408,2.03,2.17,1.95,2.01,39500
PNBK,20150408,16.05,16.05,16.05,16.05,0
PNFP,20150408,45.46,45.85,45.35,45.69,187400
PNNT,20150408,9.19,9.27,9.08,9.16,330500
PNQI,20150408,71.5,72,71.5,71.85,28500
PNRG,20150408,53.5,53.5,53.5,53.5,0
PODD,20150408,30.19,31.01,29.94,30.32,643400
POOL,20150408,68.46,69.21,68.42,68.9,190900
POWI,20150408,25.28,25.49,25.125,25.29,171900
POWL,20150408,34.57,35.13,34.42,34.89,68500
PPBI,20150408,16.04,16.04,15.85,15.94,33700
PPC,20150408,24.02,24.25,23.85,24.13,1513500
PPSI,20150408,8.35,8.35,8.35,8.35,0
PRAA,20150408,56.52,56.9,56.13,56.58,308700
PRFT,20150408,20.89,21.15,20.84,21.07,233100
PRFZ,20150408,105,105.54,104.87,105.33,21900
PRGS,20150408,25.47,25.93,25.47,25.74,260100
PRIM,20150408,19.21,19.47,18.39,18.58,403600
PROV,20150408,16.18,16.78,16,16.78,14700
PRPH,20150408,1.37,1.42,1.3,1.33,104300
PRQR,20150408,20.55,22.3,20.51,21.45,273300
PRTA,20150408,37.11,37.17,35,35.16,2289400
PRTK,20150408,29.28,29.94,27.84,29.44,51700
PRTS,20150408,2.17,2.23,2.17,2.2,5400
PSCC,20150408,54.51,54.54,54.32,54.53,2000
PSCD,20150408,54.18,54.51,54.1,54.48,15900
PSCE,20150408,29.88,29.88,29.12,29.12,13700
PSCF,20150408,42,42,41.82,41.84,2900
PSCH,20150408,68.24,69.4,68.24,69.37,21600
PSCI,20150408,47.28,47.43,47.07,47.23,7000
PSCM,20150408,41.76,41.77,41.66,41.77,2500
PSCT,20150408,52.74,52.94,52.21,52.75,11300
PSCU,20150408,39.32,39.56,39.3,39.56,1500
PSEC,20150408,8.4,8.41,8.36,8.37,1523600
PSMT,20150408,85.59,85.59,83.8,85.1,100900
PSTI,20150408,28.4,28.5,27.8,28.1,97500
PTC,20150408,37.3,37.78,37.12,37.57,1697400
PTCT,20150408,66.55,69.5,66.25,69.49,705100
PTEN,20150408,20.22,20.4,19.26,19.29,5355600
PTNR,20150408,2.61,2.69,2.59,2.62,65000
PTSI,20150408,57.82,59.43,57.42,59.41,9900
PWOD,20150408,30.6667,30.6733,30.2467,30.4667,11600
PXLW,20150408,4.98,5,4.65,4.67,242200
PZZA,20150408,61.18,62.1,61.18,61.73,211400
QABA,20150408,36.69,36.69,36.49,36.58,15100
QADA,20150408,25.15,25.88,25.08,25.66,90900
QADB,20150408,21.75,21.75,18,20.88,5500
QAT,20150408,23.02,23.02,22.92,22.92,1400
QCLN,20150408,18.95,18.95,18.81,18.87,15600
QCOM,20150408,66.96,67.59,66.93,67.26,15783000
QCRH,20150408,18.02,18.2,18.02,18.15,5000
QDEL,20150408,25.03,25.22,25.01,25.18,147200
QIWI,20150408,25.92,27.29,25.92,26.99,568600
QLYS,20150408,49.92,52.96,49.9,52.43,1071100
QNST,20150408,5.82,5.91,5.75,5.81,196300
QQEW,20150408,44,44.29,43.99,44.26,50800
QQQ,20150408,105.84,106.79,105.83,106.64,25866900
QQQX,20150408,18.68,18.85,18.68,18.79,52200
QQXT,20150408,41.7,41.94,41.68,41.89,13200
QRHC,20150408,10.24,10.4,10.16,10.32,90200
QRVO,20150408,74.2,75.2,72.51,72.84,2108000
QTEC,20150408,43.65,43.79,43.43,43.75,48000
QTNT,20150408,15.51,17,15.51,17,4600
QUIK,20150408,28.56,29.12,28.14,28.42,168900
QUMU,20150408,13.26,13.61,13.07,13.07,3100
QURE,20150408,33.5,34.34,32.68,33.34,395600
QYLD,20150408,23.67,23.71,23.52,23.52,1200
RADA,20150408,5.42,5.44,5.02,5.12,739000
RAIL,20150408,31.58,31.84,30.86,30.89,76100
RAND,20150408,35.28,35.37,35.28,35.37,4500
RARE,20150408,58.35,60.99,58.02,59.95,189300
RAVE,20150408,14.07,14.45,13.79,14.19,59100
RAVN,20150408,20.26,20.58,20.15,20.39,184800
RBCAA,20150408,24.48,24.48,24.18,24.31,6000
RBCN,20150408,37.9,37.9,36.5,37.3,168200
RCII,20150408,26.65,27,26.63,26.95,478700
RCKY,20150408,22.58,22.77,22.01,22.66,42100
RCMT,20150408,6.56,6.62,6.32,6.59,7600
RCON,20150408,8.15,8.25,7.75,7.8,103800
RDCM,20150408,10,10.2,9.97,10,18100
RDHL,20150408,14.8,14.8,14.05,14.59,33600
RDI,20150408,13.77,13.81,13.52,13.81,27400
RDIB,20150408,13.83,13.83,13.83,13.83,0
RDNT,20150408,8.87,9.11,8.8,8.94,176300
RDUS,20150408,40.45,44.4,40.06,44.19,393200
RDVY,20150408,22.44,22.44,22.38,22.38,2500
RDWR,20150408,21.26,21.5,21.2,21.47,193100
REFR,20150408,5.78,5.86,5.76,5.84,60200
REGI,20150408,9.49,9.5,9.2,9.24,292700
REGN,20150408,440.05,458.94,440.05,453.19,563700
RELL,20150408,8.88,9.04,8.68,8.99,10100
RENT,20150408,51.15,51.39,48.97,50.24,457400
REPH,20150408,9.1,9.25,8.61,9.11,62600
RESN,20150408,4.79,4.79,4.5,4.57,157800
RFIL,20150408,4.07,4.2,4.07,4.17,6200
RGCO,20150408,14.0067,14.0267,13.6867,13.7667,1900
RGEN,20150408,29.72,30.78,29.41,30.71,382700
RGLD,20150408,64.86,65.03,63.32,63.81,651700
RGLS,20150408,213.24,225.96,211.44,215.28,2477900
RIBT,20150408,3.87,4.15,3.87,4.01,25000
RICK,20150408,10.9,10.98,10.75,10.91,34200
RIGL,20150408,3.77,3.93,3.77,3.91,551200
RMBS,20150408,12.98,13.64,12.9,13.55,1380900
RMCF,20150408,13.95,14.11,13.85,14.04,12700
RMTI,20150408,10.57,10.79,10.49,10.58,388000
RNST,20150408,30.23,30.55,30.18,30.3,74000
RNWK,20150408,6.61,6.73,6.5,6.64,32100
ROCK,20150408,15.87,16.35,15.85,16.12,232500
ROIC,20150408,18.1,18.25,18.1,18.15,371300
ROLL,20150408,75.9,76.33,74.87,76.23,86500
ROST,20150408,51.78,52.375,51.49,52,1152400
RPRX,20150408,8.37,8.64,8.24,8.5,472200
RRGB,20150408,82.94,84.92,82.52,84.75,206100
RUSHA,20150408,18.5667,18.7133,18.18,18.2667,157500
RUSHB,20150408,16.66,16.8067,16.4133,16.5867,2300
RUTH,20150408,15.25,15.78,15.16,15.76,199500
RVNC,20150408,20.82,21.41,20.77,21.21,111700
RVSB,20150408,4.46,4.5,4.42,4.49,20000
RWLK,20150408,321.75,366.25,313.75,350.5,708200
RXDX,20150408,10.35,11.07,9.9,10.35,314700
RYAAY,20150408,66.72,66.75,65.97,66.3,283400
SABR,20150408,24.53,24.97,24.4,24.87,700900
SAFM,20150408,77.87,78.38,76.76,77.68,417600
SAFT,20150408,59.53,60.04,59.13,59.38,35300
SAGE,20150408,47.63,49.38,46.67,48.44,179800
SAIA,20150408,39.86,40,39.34,39.68,530800
SAL,20150408,29.03,29.03,29.03,29.03,0
SALM,20150408,6.14,6.21,6.08,6.15,11900
SAMG,20150408,15,15,14.85,14.9,20300
SANM,20150408,24.2,24.69,24.03,24.66,279100
SANW,20150408,4.61,4.7,4.47,4.52,76100
SASR,20150408,25.97,26.18,25.66,26.04,64500
SATS,20150408,41.4781,41.7788,41.2913,41.6325,78100
SBAC,20150408,119.71,120.32,117.53,118.05,739200
SBCF,20150408,14.13,14.19,14.01,14.14,48100
SBFG,20150408,10.74,10.75,10.5,10.75,800
SBGI,20150408,31.58,31.82,31.26,31.34,780600
SBLK,20150408,18.65,18.75,18.25,18.4,179100
SBNY,20150408,132.51,132.6,130.56,130.98,278500
SBRA,20150408,32.93,32.95,32.67,32.75,213200
SBSI,20150408,27.99,28.2,27.5,27.97,85300
SBUX,20150408,46.92,47.64,46.92,47.615,3413900
SCHL,20150408,39.66,39.93,39.29,39.68,154900
SCHN,20150408,16.06,16.53,15.29,15.65,762500
SCOR,20150408,51.04,52.92,51.04,52.61,188800
SCSC,20150408,40.49,41.19,40.45,40.87,62800
SCVL,20150408,28.96,29.33,28.81,28.99,43700
SCYX,20150408,93.5,93.5,93.5,93.5,0
SEAC,20150408,6.39,6.48,6.36,6.36,140800
SEDG,20150408,23.51,24.1,23.11,23.72,176200
SEED,20150408,15.6,17.5,15.4,17.5,553700
SEIC,20150408,43.55,43.88,43.26,43.6,509800
SENEA,20150408,31.1,31.1,29.49,29.56,28700
SENEB,20150408,32.05,32.56,32,32.5,2500
SFBC,20150408,19.65,19.65,19.5,19.5,2000
SFM,20150408,35.67,35.78,35.05,35.09,1266800
SFNC,20150408,22.6,22.71,22.44,22.485,88700
SFST,20150408,17.2,17.2,17.2,17.2,500
SGC,20150408,20.82,22.34,20.65,21.99,48500
SGEN,20150408,36.25,36.7,35.71,35.84,703700
SGMA,20150408,7.23,7.3,7.17,7.3,1200
SGMO,20150408,14.81,15.81,14.81,15.44,385300
SGMS,20150408,11.31,11.81,11.31,11.75,1276000
SGOC,20150408,2,2,1.88,2,26100
SGRP,20150408,1.46,1.5,1.43,1.46,5100
SHBI,20150408,9.2,9.2,9.19,9.19,1200
SHEN,20150408,16.665,16.82,16.38,16.77,53400
SHIP,20150408,852,984,852,936,7400
SHOO,20150408,25.8333,26.1067,25.7,26.1,432000
SHY,20150408,84.89,84.9,84.84,84.88,1086700
SIEB,20150408,1.67,1.67,1.59,1.61,58900
SIEN,20150408,17.65,17.89,16.85,17.08,24500
SIFY,20150408,1.29,1.29,1.26,1.28,74600
SIGI,20150408,28.83,29.04,28.74,28.79,203800
SILC,20150408,42.28,42.92,41.96,42.15,10200
SIMO,20150408,29,30.5,29,30.49,2001300
SINO,20150408,7.25,7.4,7.05,7.35,13800
SIRI,20150408,3.91,3.92,3.87,3.9,33933100
SIVB,20150408,125.68,125.88,123.62,124.71,232400
SKOR,20150408,51.04,51.04,51.04,51.04,0
SKYW,20150408,14.25,14.61,14.17,14.52,354600
SKYY,20150408,29.66,29.79,29.58,29.67,47300
SLAB,20150408,50.6,51.26,50.53,51.09,254300
SLCT,20150408,6.95,7.07,6.95,6.97,4000
SLGN,20150408,28.705,29.23,28.705,29.155,164600
SLM,20150408,9.43,9.61,9.42,9.48,2277200
SLMBP,20150408,61.63,61.63,61.63,61.63,0
SLP,20150408,5.99,6.05,5.97,5.99,8900
SLRC,20150408,20.58,20.63,20.47,20.49,65100
SLVO,20150408,11.73,11.73,11.42,11.46,44100
SMBC,20150408,19.42,19.42,19.14,19.16,1000
SMCI,20150408,33.73,34.7,33.69,34.25,288200
SMED,20150408,6.6,6.72,6.29,6.69,59400
SMIT,20150408,2.68,2.68,2.66,2.66,1100
SMLR,20150408,3.53,3.53,3.48,3.48,700
SMMF,20150408,11.75,12.05,11.71,11.84,21800
SMMT,20150408,13.02,13.6,13.02,13.6,17700
SMSI,20150408,5.08,5.2,5.04,5.08,47800
SMTC,20150408,26.26,26.49,26.14,26.4,205900
SNCR,20150408,47.93,48.68,47.53,48.4,477800
SNFCA,20150408,5.6,5.6,5.37,5.5,12700
SNPS,20150408,47.14,47.65,47,47.58,996300
SOCL,20150408,19.79,20.21,19.76,20.2,121600
SOHO,20150408,7.7,7.72,7.6,7.65,11500
SOHU,20150408,55,59.11,54.97,57.84,768800
SOXX,20150408,93.46,94.51,93.41,94.2,292000
SP,20150408,22.1,22.15,21.92,22.09,57400
SPCB,20150408,8.46,8.85,8.45,8.75,203100
SPLK,20150408,62.38,64.05,62.13,63.37,1729800
SPNS,20150408,8.81,8.87,8.75,8.87,24300
SPOK,20150408,20.82,21.18,20.09,20.95,106400
SPPI,20150408,5.86,5.93,5.58,5.84,3309200
SPRO,20150408,1.81,1.81,1.59,1.78,4700
SPSC,20150408,67.76,69.29,67.61,68.36,56600
SPTN,20150408,32.19,32.5,32.09,32.33,203100
SPWH,20150408,8.58,8.79,8.55,8.78,250700
SPWR,20150408,32.01,32.26,31.7,31.89,934100
SQQQ,20150408,2124.8,2126.4,2068,2077.6,4754700
SRCE,20150408,32.25,32.73,32.11,32.63,28800
SRCL,20150408,140.46,141.7,139.81,140.66,299400
SRDX,20150408,26.4,26.88,26.11,26.43,88000
SRET,20150408,15.59,15.63,15.59,15.62,1700
SREV,20150408,3.28,3.38,3.25,3.27,950800
SRNE,20150408,11.28,12.02,11.27,11.96,303300
SRPT,20150408,14.52,14.65,14.1,14.23,680600
SSB,20150408,69,69.24,68.38,68.82,68500
SSBI,20150408,13.45,13.63,13.45,13.53,2600
SSNC,20150408,63.46,64.2,63.01,63.54,368900
SSYS,20150408,54.45,56.95,54.45,56.65,697600
STAA,20150408,7.35,7.41,7.26,7.35,103100
STBA,20150408,28.69,28.95,28.59,28.88,80800
STFC,20150408,25.25,25.51,25.24,25.36,22200
STKL,20150408,11.33,11.39,11.18,11.26,272600
STLD,20150408,20.5,20.69,20.05,20.42,2650500
STRA,20150408,52.91,53.65,52.1,52.58,217100
STRL,20150408,4.74,4.91,4.68,4.75,81700
STRM,20150408,3.32,3.4,3.21,3.35,34100
STRN,20150408,5.1,5.18,5.1,5.15,3400
STRS,20150408,13.3,13.36,13.04,13.13,700
STRT,20150408,73.61,74.73,72.44,73.98,9200
STX,20150408,53.84,54.3,53.07,53.31,4025800
SUMR,20150408,27.45,28.26,27.27,28.08,11800
SUNS,20150408,16.46,16.53,16.4,16.52,29700
SUPN,20150408,12.55,12.7,12.44,12.53,444000
SURG,20150408,5.4,5.41,5.39,5.41,106000
SVBI,20150408,4.86,4.86,4.8,4.8,1100
SVVC,20150408,14.3,14.42,14.26,14.37,25000
SWIR,20150408,34.79,35.62,34.41,35.12,576200
SWKS,20150408,96.65,97.7,96.08,97.47,2974600
SYBT,20150408,22.9667,23.1133,22.8533,23,18300
SYNA,20150408,81.46,84.3,81.39,84.18,538900
SYNL,20150408,14.49,15,14.39,14.77,28800
SYPR,20150408,1.8,1.8,1.56,1.57,80600
TACT,20150408,5.3,5.78,5.22,5.25,26200
TAIT,20150408,0.96,0.99,0.96,0.99,3800
TANH,20150408,9.55,9.9,9.25,9.71,33200
TAST,20150408,8.28,8.46,8.24,8.34,152400
TATT,20150408,6.9,6.9,6.9,6.9,0
TAYD,20150408,12.08,12.16,12.08,12.12,1100
TBBK,20150408,9.14,9.19,9.1,9.14,74400
TBK,20150408,13.4,13.44,13.35,13.42,7400
TBNK,20150408,23.5,23.62,23.5,23.51,18600
TBPH,20150408,17.66,18.18,17.56,17.83,117300
TCBI,20150408,48.58,49.26,48.47,48.69,273300
TCBK,20150408,24.06,24.2,23.94,24.11,37600
TCFC,20150408,19.86,19.86,19.86,19.86,3700
TCON,20150408,135.1,137.6,135,135,26100
TCPC,20150408,15.89,16.03,15.8,15.85,138700
TCX,20150408,18.85,19.13,18.8,18.98,15400
TDIV,20150408,27.15,27.3,27.08,27.19,67500
TECH,20150408,99.15,99.93,98.29,99.51,179100
TEDU,20150408,9.5,11.94,9.45,11.49,1448300
TENX,20150408,69.6,70.8,68.6,70.6,44000
TESS,20150408,24.02,24.73,23.69,24.44,17000
TFSL,20150408,14.58,14.69,14.54,14.62,214900
TGA,20150408,3.92,3.99,3.79,3.91,260700
TGLS,20150408,9.18,9.18,9.18,9.18,300
TGTX,20150408,15.13,16.11,15.13,16.1,472900
THFF,20150408,35.28,35.54,35.14,35.54,15600
THRM,20150408,50.97,51.71,50.67,51.39,497600
THRX,20150408,15.89,16.25,15.54,16.13,644700
TIGR,20150408,0.42,0.43,0.41,0.43,36500
TILE,20150408,21.07,21.07,20.65,20.94,214600
TIPT,20150408,6.7,6.71,6.5,6.52,18000
TITN,20150408,13.27,13.65,13.26,13.42,74100
TLT,20150408,131.03,131.36,130.02,131.13,5378800
TNDM,20150408,12.96,13.87,12.9,13.33,206600
TNXP,20150408,6100,6200,6040,6040,31300
TOPS,20150408,1190000,1200000,1170000,1170000,2600
TOUR,20150408,14.09,15.6,14.02,14.9,1563000
TOWN,20150408,16.34,16.49,16.3,16.42,33100
TQQQ,20150408,17.2733,17.7083,17.2367,17.64,3523700
TREE,20150408,58.15,58.69,56.67,57.23,162400
TRIB,20150408,17.5,17.68,17.22,17.52,249700
TRIL,20150408,25.53,26.91,25.23,26.7,174000
TRIP,20150408,83.01,83.96,82.66,83.05,1128600
TRMB,20150408,24.75,24.91,24.41,24.51,1470100
TRMK,20150408,24.16,24.48,24.12,24.28,197000
TRNS,20150408,9.63,9.95,9.63,9.95,1200
TROW,20150408,79.38,80.77,79.21,80.61,2281400
TRS,20150408,30.94,31.32,30.67,31.23,193100
TRST,20150408,6.92,6.95,6.88,6.91,242300
TRUE,20150408,16.17,16.73,15.98,16.03,976600
TRVN,20150408,6.89,7.02,6.65,6.76,200000
TSBK,20150408,10.69,10.83,10.68,10.75,1900
TSC,20150408,10.66,10.7,10.54,10.6,33900
TSCO,20150408,85.64,86.27,84.96,85.57,479300
TSEM,20150408,17.2,17.2,16.98,17,496100
TSLA,20150408,41.712,42.18,41.174,41.534,6303100
TSRI,20150408,4.5,4.94,4.4,4.9,49700
TTEC,20150408,25.6,25.6,25.26,25.37,110400
TTEK,20150408,24.35,24.45,24.13,24.31,418700
TTGT,20150408,11.77,12.04,11.69,11.8,44600
TTMI,20150408,8.99,9.1,8.95,8.97,397200
TTOO,20150408,18,18.47,17.34,18.46,156900
TTWO,20150408,25.16,25.51,25.13,25.42,1329900
TUSA,20150408,26.89,26.89,26.58,26.89,400
TW,20150408,133,134.05,132.05,134,229800
TWIN,20150408,17.99,17.99,17.5,17.87,19300
TWOU,20150408,24.94,25.54,24.77,25.15,177200
TXN,20150408,56.85,57.29,56.56,56.97,4142100
TXRH,20150408,35.15,36.19,35.03,35.89,581200
TZOO,20150408,9.78,9.9,9.53,9.87,95600
UAE,20150408,19.54,19.54,19.3,19.48,10700
UBCP,20150408,7.87,7.9,7.87,7.9,1200
UBFO,20150408,5.17,5.17,5.17,5.17,200
UBOH,20150408,15.17,15.17,15.17,15.17,100
UBSI,20150408,37.27,37.54,37.07,37.24,245100
UCBI,20150408,18.9,19.02,18.73,18.81,108800
UCTT,20150408,7.39,7.46,7.29,7.39,85100
UEIC,20150408,56.36,58.48,56.25,57.58,132900
UEPS,20150408,13.09,13.4,12.95,13.37,116400
UFCS,20150408,31.68,32.5,31.68,32.29,62800
UFPI,20150408,53.34,53.88,53.21,53.56,93700
UFPT,20150408,21.72,22.11,21.71,21.97,8000
UG,20150408,18.76,18.76,18.75,18.75,1400
UHAL,20150408,323.2,324.63,318.55,323.06,24700
UIHC,20150408,22.3,22.56,22.25,22.37,383200
ULBI,20150408,3.82,3.84,3.54,3.56,14600
ULTA,20150408,152.1,153.23,151.71,152.17,458100
UMBF,20150408,51.72,52.4,51.49,52.09,149000
UMPQ,20150408,17.27,17.4,17.22,17.32,1793500
UNAM,20150408,11,11,10.38,10.38,1500
UNB,20150408,25.5,25.5,25.49,25.49,2300
UNTY,20150408,9,9.12,9,9.09,16800
UPLD,20150408,6.55,6.66,6.31,6.46,8900
URBN,20150408,43.89,44.24,43.47,43.52,2268200
USAK,20150408,26.35,26.67,25.16,26.51,39300
USAP,20150408,26.88,27.11,26.54,26.69,25500
USEG,20150408,69,70.8,68.4,70.2,45700
USLM,20150408,65.53,66.78,65.11,66.73,6800
UTHR,20150408,179.98,183.58,179.01,183.49,641600
UTMD,20150408,59.47,59.54,58.06,58.33,3700
UTSI,20150408,2.6,2.73,2.6,2.7,42200
UVSP,20150408,19.62,19.69,19.52,19.62,27500
VALU,20150408,14.32,14.32,14.32,14.32,0
VBFC,20150408,17.87,17.87,17.87,17.87,0
VBIV,20150408,2.7,2.76,2.68,2.74,18700
VBLT,20150408,4.7,4.8,4.5,4.57,164300
VBTX,20150408,14.01,14.03,14,14.03,1100
VCEL,20150408,3.64,3.67,3.62,3.62,22400
VCIT,20150408,88.05,88.13,87.89,88.08,452500
VCLT,20150408,94.79,94.92,94.34,94.76,153600
VCSH,20150408,80.3,80.34,80.24,80.3,454200
VCYT,20150408,8.23,8.28,8,8.23,66100
VECO,20150408,31.55,31.6,30.58,30.79,439700
VGIT,20150408,65.55,65.63,65.39,65.51,57500
VGLT,20150408,80.62,80.72,80.07,80.53,49700
VGSH,20150408,61.11,61.16,61.11,61.14,87000
VIA,20150408,67.53,69.01,67.53,68.68,48600
VICR,20150408,15.13,15.31,15.11,15.24,94100
VIEW,20150408,1.4,1.41,1.38,1.4,58400
VIRC,20150408,2.72,2.79,2.72,2.75,1300
VIVO,20150408,19.1,19.58,18.98,19.5,544600
VLGEA,20150408,32.35,32.88,32.1,32.71,65000
VMBS,20150408,53.53,53.55,53.44,53.51,272400
VNDA,20150408,9.33,9.59,9.33,9.45,347500
VNET,20150408,18.74,20.33,18.72,19.95,2354900
VNOM,20150408,18.75,19,18.33,18.45,206200
VNQI,20150408,58.21,58.56,58.14,58.34,268100
VOD,20150408,33.45,33.53,33.05,33.2,2737700
VONE,20150408,96.4,96.62,96.07,96.46,8400
VONG,20150408,101.96,102.57,101.84,102.37,51900
VONV,20150408,90.58,90.86,90.31,90.6,100000
VOXX,20150408,9.3,9.3,9.12,9.16,56400
VRA,20150408,16.22,16.33,15.88,16.12,416400
VRNS,20150408,25.64,26.63,25.5,26.17,83300
VRNT,20150408,62.66,63.89,62.65,63.72,228500
VRSK,20150408,71.99,72.63,71.71,72.4,740600
VRSN,20150408,66.43,67.24,66.26,67.23,1653100
VRTS,20150408,134.7,134.7,129.65,132.61,134200
VRTX,20150408,120.99,124.56,120.33,123.79,1356800
VSAT,20150408,60.5,60.79,60.34,60.64,126500
VSEC,20150408,40.6,41.18,40.15,40.745,15000
VSTM,20150408,10.26,10.48,10.14,10.29,448900
VTHR,20150408,96.85,96.9,96.34,96.73,2200
VTIP,20150408,48.64,48.66,48.55,48.62,110900
VTNR,20150408,2.65,2.74,2.57,2.6,108700
VTWG,20150408,110.13,111.55,110.13,111.34,72100
VTWO,20150408,99.74,100.68,99.74,100.5,20200
VTWV,20150408,89.96,90.28,89.96,90.25,3000
VUZI,20150408,5.57,5.78,5.55,5.55,58500
VWOB,20150408,78.63,78.71,78.49,78.69,24300
VXUS,20150408,52.42,52.46,51.96,52.14,350500
WABC,20150408,43.56,43.56,42.71,42.95,74700
WAFD,20150408,21.58,21.76,21.5,21.7,255700
WASH,20150408,37.81,38.04,37.52,38.04,59900
WATT,20150408,9,9.22,8.7,9.11,181400
WB,20150408,13.8,15.67,13.74,15.3,3206100
WBA,20150408,87.02,88.43,86.89,87.68,5501400
WDAY,20150408,87.69,89.15,87.26,88,1163700
WDC,20150408,94.42,94.6,93.48,93.91,2045600
WDFC,20150408,86.73,87.5,86.41,87.14,70400
WEN,20150408,10.7,10.82,10.62,10.81,5454700
WERN,20150408,30.03,30.28,29.64,30.24,877200
WETF,20150408,20.69,21.59,20.61,21.51,2147200
WEYS,20150408,30.12,30.2,30,30,4500
WHF,20150408,12.62,12.68,12.6,12.6,12300
WHLM,20150408,5.2,5.2,5.2,5.2,0
WHLR,20150408,17.76,18.32,17.6,17.84,27600
WHLRP,20150408,24.01,24.3,24,24.08,14000
WILC,20150408,5.6,5.63,5.6,5.63,500
WINA,20150408,86.31,87,86.31,86.6,2300
WIRE,20150408,38.19,38.62,37.91,38.28,115700
WIX,20150408,19.44,19.95,19.44,19.76,141700
WLDN,20150408,14.54,14.99,14.54,14.9,86900
WLFC,20150408,18.95,18.97,18.8,18.93,6400
WOOD,20150408,54.66,54.89,54.53,54.87,8300
WOOF,20150408,53.61,54.48,53.6,54.03,216400
WPRT,20150408,4.4,4.58,4.3,4.31,319500
WRLD,20150408,75.05,78.8,74.62,78.66,315500
WSBC,20150408,32.63,32.86,32.39,32.75,66500
WSBF,20150408,12.82,12.82,12.72,12.79,52500
WSFS,20150408,24.96,25.3167,24.7767,25.0233,12800
WSTG,20150408,17.67,17.93,17.67,17.92,5100
WTBA,20150408,19.27,19.32,19.02,19.19,9200
WTFC,20150408,47.89,48.34,47.49,48.08,175900
WVFC,20150408,11.85,11.85,11.85,11.85,0
WVVI,20150408,6.18,6.18,6.1,6.17,1700
WWD,20150408,48.35,48.56,47.91,48.53,290100
WYNN,20150408,129.85,131.56,127.84,129.28,1666600
XENE,20150408,17.1,17.25,16.86,17,57600
XENT,20150408,25.47,25.9,25.3,25.31,136600
XLNX,20150408,42.46,42.83,42.25,42.55,1746400
XLRN,20150408,34.17,35.97,34.17,35.16,178400
XNCR,20150408,14.46,15.17,14.38,15.14,218600
XNET,20150408,6.69,7.15,6.69,7.07,472900
XOMA,20150408,72.4,76.4,72,74.8,2365700
XONE,20150408,14.37,15.14,14.36,15.01,234900
XRAY,20150408,50.99,51.8,50.59,50.76,541000
XTLB,20150408,11.3,11.5,11.3,11.3,700
YNDX,20150408,17.16,17.83,17.08,17.48,3215300
YORW,20150408,24.01,24.11,23.5,23.6,20200
YY,20150408,57,65.49,56.77,63.86,5712400
Z,20150408,94.6,97.99,94.4,97.22,1608800
ZBRA,20150408,92.82,94.5,91.89,94.38,649100
ZEUS,20150408,12.68,12.87,11.91,12.33,346300
ZGNX,20150408,11.76,11.84,11.44,11.76,1220700
ZION,20150408,27.18,27.42,26.97,27.27,2169300
ZIOP,20150408,9.76,10.04,9.49,9.93,3536500
ZIXI,20150408,3.91,3.98,3.88,3.95,238900
ZNGA,20150408,2.81,2.9,2.81,2.9,43854000
ZSAN,20150408,198.6,202.6,196.8,202.6,1700
ZUMZ,20150408,37.56,38.02,37.47,37.9,329200
