AAL,20150402,50.48,50.85,49.15,49.17,14109700
AAME,20150402,3.96,3.96,3.96,3.96,100
AAOI,20150402,13.4,13.79,13.16,13.46,178600
AAON,20150402,23.78,24,23.75,23.85,109400
AAPL,20150402,31.2575,31.39,31.0475,31.33,32220100
AAWW,20150402,43.48,43.78,42.93,42.96,121700
AAXJ,20150402,64.93,65.38,64.9,65.3,670900
ABCB,20150402,26.61,27.01,26.59,26.87,188700
ABIO,20150402,112.14,117.18,98.28,105.84,768200
ABMD,20150402,70.27,70.89,69.56,70.72,408400
ACAD,20150402,31.87,32.18,31.37,31.49,1233600
ACET,20150402,22.09,22.36,21.86,21.9,58400
ACGL,20150402,20.64,20.7367,20.5267,20.6367,500200
ACHC,20150402,70.47,70.99,69.74,70.21,274000
ACIW,20150402,21.72,21.84,21.38,21.48,879400
ACLS,20150402,10.44,10.52,10.32,10.32,318800
ACNB,20150402,20.27,20.3,20.25,20.3,1400
ACOR,20150402,33.67,33.97,32.74,33.51,513200
ACRX,20150402,3.93,4.09,3.93,4.01,501100
ACST,20150402,4.7,4.8,4.6,4.6,139500
ACTG,20150402,10.7,10.73,10.54,10.6,559400
ACWI,20150402,60.3,60.66,60.23,60.56,663700
ACWX,20150402,45.33,45.54,45.33,45.49,366700
ADBE,20150402,75.17,76.17,74.61,75.68,2158400
ADI,20150402,62.2,63.33,61.95,62.24,2200600
ADMA,20150402,9.25,9.53,8.8,9.26,39500
ADMP,20150402,3.78,3.9,3.77,3.84,86600
ADMS,20150402,17.5,17.94,17.35,17.71,29900
ADP,20150402,85.85,86.58,85.47,85.92,1699800
ADRE,20150402,35.41,35.59,35.41,35.56,5000
ADSK,20150402,58.79,60.07,58.49,59.82,2533800
ADTN,20150402,18.74,19.06,18.69,18.82,600700
ADUS,20150402,23.98,24.19,23.41,23.55,116400
ADXS,20150402,229.5,238.8,221.25,234.75,1613400
AEHR,20150402,2.31,2.32,1.87,2.06,88700
AEIS,20150402,25.74,26.15,25.66,25.7,257600
AERI,20150402,30.72,31.24,30.18,30.89,409700
AEY,20150402,2.36,2.37,2.36,2.36,3400
AEZS,20150402,55,55,53,55,1408200
AFMD,20150402,6.27,6.5,6.14,6.46,66600
AGEN,20150402,5.3,5.35,5.14,5.28,984400
AGIO,20150402,96.33,96.81,93.56,94.35,334500
AGNC,20150402,21.43,21.52,21.37,21.42,1778100
AGNCP,20150402,26.43,26.63,26.3,26.36,9500
AGRX,20150402,9.79,9.91,9.48,9.55,17700
AGTC,20150402,20.67,20.82,20.1,20.29,43200
AGYS,20150402,9.93,10,9.63,9.79,35800
AGZD,20150402,49,49.08,48.88,49.08,6600
AHPI,20150402,1.69,1.69,1.65,1.66,7200
AIMC,20150402,28.04,28.91,27.96,28.3,104700
AINV,20150402,23.1,23.34,23.01,23.28,1120600
AIQ,20150402,22.52,23.05,22.45,22.87,15600
AIRR,20150402,19.14,19.14,19.02,19.08,6800
AIRT,20150402,23.92,24.33,23.92,24.33,5600
AKAM,20150402,70.33,71,70.24,70.84,957400
AKBA,20150402,9.5,9.55,8.9,9.19,175600
ALCO,20150402,50.85,52.34,50.36,50.69,30400
ALDX,20150402,10.02,10.5,10,10.15,19800
ALGN,20150402,52.29,53.3,52.29,52.75,1095900
ALGT,20150402,180.87,183.75,161.37,161.9,503400
ALIM,20150402,4.77,4.87,4.61,4.64,120100
ALKS,20150402,61.45,61.45,59.31,60.1,1534300
ALLT,20150402,9.07,9.29,8.98,9.23,96500
ALNY,20150402,105.57,106.98,101.99,104.41,539500
ALOT,20150402,13.85,14,13.85,14,400
ALTR,20150402,42.51,43.47,42.45,43.1,7023000
AMAT,20150402,22.5,22.6,22.2,22.27,9281000
AMBA,20150402,74.15,75.84,73.7,74,1121800
AMCX,20150402,74.74,76.06,74.44,75.33,621900
AMD,20150402,2.66,2.7,2.65,2.69,7047500
AMED,20150402,27.52,27.9,26.96,27.21,114200
AMGN,20150402,157.12,158.18,155.03,155.88,3015100
AMKR,20150402,8.83,8.91,8.71,8.75,1106000
AMNB,20150402,22.36,22.8,22.25,22.55,6600
AMOT,20150402,32.94,34.24,32.77,33.84,72500
AMPH,20150402,14.98,15.06,14.89,14.95,78200
AMRK,20150402,10.3,10.3,10.08,10.08,3700
AMRN,20150402,2.41,2.52,2.33,2.36,4915000
AMRS,20150402,37.05,37.35,35.7,36.45,21500
AMSC,20150402,6.35,6.87,6.35,6.85,51300
AMSF,20150402,46.1,46.73,46.07,46.19,69500
AMSWA,20150402,10.13,10.31,10.13,10.23,36500
AMTX,20150402,4.19,4.23,4.06,4.09,15700
AMWD,20150402,54.66,55.07,54.28,54.77,132900
AMZN,20150402,370.5,373.28,369,372.25,1875200
ANAT,20150402,98.73,99.9,98.06,98.06,50600
ANDE,20150402,40.77,42,40.77,40.9,293500
ANGI,20150402,5.65,5.96,5.58,5.95,747500
ANGO,20150402,17.87,18.12,17.72,17.82,43000
ANIK,20150402,41.19,41.25,40.59,40.87,125800
ANIP,20150402,63.89,65.83,63.29,64.41,179100
ANSS,20150402,88.14,88.99,86.71,86.99,571600
ANY,20150402,3.58,3.83,3.45,3.83,205300
AOSL,20150402,9.15,9.18,8.83,8.9,32200
APDN,20150402,107.6,110,102,106,109900
APEI,20150402,30.18,31.13,30.18,30.86,122200
APOG,20150402,44.08,44.78,44.03,44.44,106100
APPS,20150402,3.25,3.44,3.23,3.34,147100
APTO,20150402,5.62,5.62,5.4,5.41,49700
APWC,20150402,2.4,2.41,2.35,2.35,1000
ARAY,20150402,9.22,9.78,9.22,9.74,1944500
ARCB,20150402,38.05,38.26,36.48,37.07,343200
ARCC,20150402,17.14,17.32,17.09,17.14,3426200
ARDX,20150402,13.2,13.26,12.96,13.02,49700
ARKR,20150402,25,25,24.6,24.6,1700
ARLP,20150402,32.75,33.35,32.44,33.02,219300
ARNA,20150402,43,44.9,42.9,44.6,3679200
AROW,20150402,27.15,27.45,26.97,27.23,20300
ARRY,20150402,7.28,7.44,7.15,7.44,1473900
ARTNA,20150402,22.02,22.05,21.56,21.6,29700
ARTW,20150402,4.65,4.65,4.55,4.6,6200
ARWR,20150402,7.38,7.86,7.21,7.6,2539700
ASMB,20150402,13.27,14.59,12.98,13.9,190600
ASML,20150402,101.61,102.01,100.48,100.74,498600
ASND,20150402,17.4,17.8,17.31,17.39,14000
ASPS,20150402,13.14,15.24,13.14,15,620000
ASRV,20150402,3,3,2.98,3,9700
ASTC,20150402,3.02,3.12,3.02,3.12,6200
ASTE,20150402,42.11,42.69,41.84,42,105800
ASUR,20150402,5.9,5.9,5.64,5.66,400
ASYS,20150402,11.26,11.5,11.08,11.32,23800
ATAI,20150402,3.91,3.99,3.89,3.89,1800
ATAX,20150402,5.49,5.58,5.47,5.53,52200
ATEC,20150402,17.4,17.4,16.44,16.92,111800
ATHX,20150402,2.82,2.87,2.76,2.79,1094000
ATLC,20150402,2.29,2.29,2.21,2.23,3700
ATLO,20150402,24.66,24.85,24.59,24.69,11100
ATNI,20150402,72.31,74.03,71.83,73.33,68400
ATOS,20150402,309.6,309.6,297,297,257700
ATRA,20150402,40.18,43.91,40.18,43.18,225300
ATRC,20150402,20.8,21.75,20.6,21.68,137800
ATRI,20150402,344.3,344.3,334.4,337.99,8800
ATRO,20150402,73.06,73.82,72.17,73.07,148100
ATRS,20150402,2.6,2.65,2.57,2.65,303700
ATSG,20150402,9.36,9.43,9.2,9.21,152800
ATVI,20150402,22.47,22.82,22.42,22.64,2873600
AUBN,20150402,24.85,24.85,24.85,24.85,0
AUDC,20150402,4.64,4.92,4.62,4.87,157700
AUPH,20150402,4.32,4.49,4.28,4.42,32500
AVAV,20150402,26.24,26.8,26.24,26.45,77000
AVEO,20150402,15.3,16.5,14.7,16.1,2065300
AVGO,20150402,126.11,126.91,124.63,125.02,1450800
AVGR,20150402,4500,4640,4492,4616,10300
AVID,20150402,15.11,15.61,15,15.55,258300
AVNW,20150402,14.16,14.88,14.04,14.28,117900
AWRE,20150402,4.35,4.5,4.35,4.5,15300
AXDX,20150402,22.95,23.05,22.49,22.7,91600
AXGN,20150402,3.25,3.28,3.11,3.22,27700
AXTI,20150402,2.6,2.62,2.55,2.58,31600
AZPN,20150402,38.07,38.65,37.84,38.44,586400
BANF,20150402,61.99,62,61,61.35,7500
BANFP,20150402,27.27,27.5,27,27.17,18300
BANR,20150402,45.28,46.13,44.93,45.72,67400
BANX,20150402,17.81,18.05,17.67,17.7,31300
BBBY,20150402,76.19,77.46,75.84,76.8,1919100
BBGI,20150402,5.03,5.03,5.03,5.03,400
BBSI,20150402,42.52,42.85,41.61,41.98,92000
BCBP,20150402,12.03,12.14,11.88,12.14,6900
BCLI,20150402,4.34,4.43,4.32,4.38,86500
BCOR,20150402,13.92,14.11,13.79,13.96,320800
BCOV,20150402,7.13,7.35,7.12,7.21,126000
BCPC,20150402,56.3,56.78,55.89,56.28,157100
BCRX,20150402,9.89,9.99,9.52,9.76,1413600
BDSI,20150402,10.15,10.37,9.94,10.03,1882700
BEAT,20150402,8.95,9.1,8.9,9.06,98200
BECN,20150402,31.29,31.94,31.27,31.71,590800
BELFA,20150402,18.51,18.58,18.36,18.41,2000
BELFB,20150402,19.35,19.43,18.92,19.08,22700
BFIN,20150402,13.27,13.53,13.26,13.51,19700
BGCP,20150402,9.5,9.83,9.5,9.81,1563000
BGFV,20150402,12.94,13.32,12.7,13.28,93200
BHACU,20150402,10,10,10,10,18200
BIB,20150402,77.65,78.34,76.275,77.395,424800
BICK,20150402,23.76,23.76,23.76,23.76,200
BIDU,20150402,210.81,211.6,208.51,208.51,1781800
BIIB,20150402,382.6296,383.6244,378.2451,379.9031,1701700
BIOC,20150402,64.2,67.5,61.8,66,643300
BIOL,20150402,10.2,10.2,10,10.05,101400
BIS,20150402,35.01,35.73,34.89,35.22,305400
BJRI,20150402,50.83,51.76,50.59,51.29,183000
BKCC,20150402,9.07,9.13,9.06,9.07,469300
BKEP,20150402,7.82,7.89,7.61,7.61,28200
BKEPP,20150402,9.09,9.4,9.02,9.09,5400
BKSC,20150402,15,15,15,15,0
BLBD,20150402,10.15,10.18,10.05,10.18,17200
BLCM,20150402,231.3,235.5,226.9,231.5,105300
BLDP,20150402,2.09,2.13,2.06,2.11,602600
BLFS,20150402,1.56,1.58,1.51,1.57,34700
BLIN,20150402,115,120,100,112.5,58400
BLKB,20150402,47.38,47.95,47.22,47.75,140700
BLMN,20150402,24.13,24.21,23.77,24.01,1446000
BLPH,20150402,140.25,147.45,137.4,144.75,11900
BLRX,20150402,31.05,32.4,30.75,31.2,327500
BLUE,20150402,119.99,120.55,116.53,118.49,312400
BMRC,20150402,26.24,26.24,25.415,25.45,10900
BMRN,20150402,120.92,121.81,117.55,120.38,1525800
BMTC,20150402,30.75,30.98,30.69,30.86,29900
BNDX,20150402,54.1,54.1,53.88,53.95,1229900
BNFT,20150402,35.77,37.06,35.69,36.92,111000
BNSO,20150402,1.3,1.4,1.26,1.31,10200
BOKF,20150402,60.68,61.18,60.02,60.69,204900
BOOM,20150402,12.32,12.59,11.87,12.25,92800
BOSC,20150402,2.36,2.36,1.81,2,35300
BOTJ,20150402,10.97,11,10.97,11,700
BPOP,20150402,34.56,34.97,34.49,34.85,566700
BPOPM,20150402,21.42,21.42,21.42,21.42,100
BPOPN,20150402,22.25,22.25,22.13,22.25,5000
BPTH,20150402,352,354,344,354,38000
BRID,20150402,7.96,8.07,7.96,8.06,600
BRKL,20150402,10.26,10.44,10.26,10.36,413100
BRKR,20150402,18.61,18.99,18.54,18.86,765400
BRKS,20150402,11.69,11.81,11.56,11.6,103600
BRLI,20150402,35.09,35.25,34.51,34.86,112400
BSET,20150402,28.08,29.04,28.08,28.72,28800
BSQR,20150402,4.7,4.7,4.59,4.66,18500
BSRR,20150402,16.88,16.88,16.69,16.73,70200
BUSE,20150402,6.71,6.84,6.69,6.82,109900
BWEN,20150402,5.08,5.16,4.86,4.89,32900
BWFG,20150402,19.5,19.83,19.26,19.62,15000
BYFC,20150402,1.28,1.3,1.28,1.3,1300
CAAS,20150402,7.28,7.38,7.28,7.28,60500
CAC,20150402,39.95,41.12,39.46,40.7,13800
CACC,20150402,194.3,201.55,193.67,198.58,78500
CAKE,20150402,49.24,49.24,48.51,48.8,490700
CALA,20150402,16.23,16.99,15.9,16.46,96100
CALM,20150402,39.1,39.95,38.71,38.74,658600
CAMP,20150402,16.85,17.13,16.53,16.69,401600
CAMT,20150402,3.16,3.18,3.15,3.18,18200
CAPR,20150402,81.5,83.5,81.5,83.5,6400
CAR,20150402,58.79,59.39,57.15,57.44,1581600
CARA,20150402,10.2,10.36,10.02,10.04,88600
CARV,20150402,4.59,4.64,4.19,4.64,21900
CARZ,20150402,40.73,40.75,40.45,40.69,2400
CASH,20150402,13.24,13.35,13.21,13.3067,35400
CASI,20150402,1.47,1.49,1.38,1.44,3400
CASS,20150402,55.87,56.84,55.12,55.57,24900
CASY,20150402,89.77,91.98,89.76,90.02,302600
CATY,20150402,28.32,28.76,28.32,28.57,350000
CBAN,20150402,8.11,8.23,8.1,8.1,1200
CBAY,20150402,6.98,7,6.5,6.99,64900
CBFV,20150402,19.74,19.74,19.71,19.71,400
CBNK,20150402,17.17,17.25,17.1,17.1,1000
CBRL,20150402,149.79,152,149.79,151.65,225200
CBSH,20150402,42.13,42.45,41.98,42.32,325700
CCBG,20150402,16.19,16.29,16.08,16.24,29200
CCD,20150402,25.05,25.23,25.01,25.19,36500
CCLP,20150402,19.66,20.1,18.86,19.33,201900
CCMP,20150402,50.71,51.4,50.35,50.97,225600
CCNE,20150402,17.01,17.27,16.92,17.24,15100
CCOI,20150402,35.13,35.53,35.04,35.47,307300
CCRN,20150402,12.26,12.35,11.97,11.97,172700
CCXI,20150402,7.66,7.75,7.41,7.54,127700
CDC,20150402,36.11,36.44,36.11,36.34,9600
CDK,20150402,46.94,46.94,45.56,45.7,893700
CDNA,20150402,5.4,5.57,5.13,5.57,35800
CDNS,20150402,18.4,18.66,18.32,18.5,1957300
CDW,20150402,36.65,36.85,36.51,36.67,600200
CDXS,20150402,4.49,4.65,4.46,4.65,185200
CDZI,20150402,10.2,10.4,10.15,10.29,47200
CECE,20150402,11.08,11.12,10.88,10.89,57800
CEMI,20150402,4.03,4.09,4.02,4.09,3900
CENT,20150402,9.99,10.14,9.96,10.11,16000
CENTA,20150402,10.7,10.83,10.64,10.81,80700
CENX,20150402,14.02,14.63,13.78,14.03,2825700
CERE,20150402,2.64,2.72,2.56,2.64,258900
CERN,20150402,73.19,73.58,72.37,72.77,992000
CERS,20150402,3.95,3.96,3.82,3.91,1150600
CEVA,20150402,21.29,21.66,20.93,21,124500
CFA,20150402,37.26,37.26,37.13,37.13,400
CFBK,20150402,7.59,7.755,7.59,7.755,1900
CFFI,20150402,34.61,34.9,34.5,34.5,1700
CFFN,20150402,12.45,12.62,12.45,12.53,531900
CFO,20150402,37.26,37.29,37.1,37.21,20100
CFRX,20150402,58.6,60.6,55.5,56,364500
CG,20150402,27.87,27.91,27.49,27.8,421900
CGEN,20150402,7.15,7.19,6.9,6.95,153800
CGNT,20150402,1.69,1.7,1.43,1.69,164100
CGNX,20150402,24.44,25.285,24.305,25.245,537900
CGO,20150402,13.5,13.61,13.39,13.45,19200
CHCI,20150402,0.95,0.95,0.9,0.93,5500
CHCO,20150402,47.46,47.9,47.4,47.8,35500
CHDN,20150402,38.4933,39.05,38.4167,38.8567,87100
CHEF,20150402,22.17,22.78,22.17,22.55,102200
CHEK,20150402,68.88,68.88,65.16,67.44,15200
CHI,20150402,12.98,13.07,12.92,12.96,146500
CHKP,20150402,81.8,82.74,81.59,82.49,580700
CHMG,20150402,27.91,27.91,27.1,27.2,10000
CHNR,20150402,1.66,1.75,1.66,1.71,7300
CHRS,20150402,27.46,28.13,26.64,28.05,385500
CHRW,20150402,72.15,72.33,71.25,71.33,2028500
CHSCL,20150402,27.65,27.93,27.65,27.93,68300
CHSCM,20150402,26.05,26.12,25.96,26.12,63100
CHSCN,20150402,27.23,27.3,27.17,27.24,24900
CHSCO,20150402,28.74,28.75,28.58,28.68,7300
CHSCP,20150402,31.19,31.54,31.19,31.2,2600
CHTR,20150402,191.49,191.98,189.57,189.57,739100
CHUY,20150402,22.33,23.18,22.33,22.94,138200
CHW,20150402,8.78,8.82,8.72,8.8,89700
CHY,20150402,14.23,14.3,14.14,14.15,177300
CIDM,20150402,15.9,15.9,15.6,15.6,124600
CINF,20150402,53.27,53.56,53.08,53.47,274400
CIZ,20150402,35.74,35.89,35.74,35.87,7900
CIZN,20150402,17.65,18,17.65,18,600
CJJD,20150402,2.77,3.34,2.69,3.1,384800
CLDX,20150402,405,406.5,393,396.45,1407000
CLFD,20150402,14.62,15.1,14.6,14.93,26800
CLIR,20150402,5.18,5.84,5.06,5.84,76100
CLLS,20150402,32.53,32.75,30.86,32.25,424000
CLMT,20150402,24.57,25.07,24.57,24.73,268400
CLNE,20150402,5.38,5.58,5.35,5.45,1198200
CLRB,20150402,301,315,296,301,12800
CLRO,20150402,10.74,10.78,10.73,10.78,5000
CLSN,20150402,2.7,2.71,2.58,2.7,82900
CLVS,20150402,71.12,71.73,69.13,69.52,388000
CLWT,20150402,1.8467,1.8667,1.7733,1.8667,10600
CMCO,20150402,26.94,27.08,26.64,26.73,21700
CMCSA,20150402,28.545,29.09,28.3,28.97,20563800
CMCT,20150402,18.08,18.08,18.08,18.08,300
CME,20150402,94.68,94.86,92.88,92.91,2052200
CMLS,20150402,20,20.8,19.68,20.56,762900
CMPR,20150402,87.43,89.28,86.57,87.1,231200
CMRX,20150402,37.37,37.89,36.33,37.1,307500
CMTL,20150402,30.14,30.33,29.57,30.22,212300
CNBKA,20150402,39.5,39.5,39.24,39.26,3500
CNCE,20150402,15.89,15.89,14.96,15.57,265300
CNET,20150402,1.53,1.61,1.5,1.51,159500
CNOB,20150402,19.45,19.69,19.34,19.48,91400
CNSL,20150402,21.49,21.98,21.2,21.89,293400
CNTY,20150402,5.27,5.38,5.26,5.37,62700
COHR,20150402,64.14,65.49,64.14,64.61,54800
COHU,20150402,11.06,11.16,10.86,10.98,56600
COKE,20150402,114.09,115,113.72,114.52,18000
COLB,20150402,28.84,29.1,28.75,29.08,159800
COLM,20150402,60.67,60.98,60.18,60.33,162700
COMM,20150402,28.64,29.04,28.64,28.95,1058500
COMT,20150402,38.78,38.81,38.58,38.7,12100
CONE,20150402,31.16,32.06,31.09,31.61,1588500
CONN,20150402,30.09,31.18,30.02,30.84,1040200
COOL,20150402,6.6,6.78,6.6,6.78,3000
CORT,20150402,5.7,5.9,5.67,5.77,376700
COST,20150402,150.47,152,150.36,151.63,1096100
COWN,20150402,5.27,5.35,5.25,5.28,554200
COWNL,20150402,26.5,26.62,26.49,26.49,1300
CPHC,20150402,10.13,10.22,10.12,10.22,1700
CPIX,20150402,6.91,6.99,6.9,6.97,48100
CPLP,20150402,9.52,9.77,9.47,9.73,386200
CPRT,20150402,18.815,19.145,18.74,18.84,325000
CPRX,20150402,4.32,4.42,4.27,4.39,331500
CPSH,20150402,2.82,2.82,2.8,2.8,4600
CPSI,20150402,54.59,54.59,53.26,53.33,134000
CPSS,20150402,7.19,7.3,7.12,7.15,139500
CRAI,20150402,31.78,32.16,31.5,31.64,33300
CREG,20150402,91,94,89,90,72800
CRESW,20150402,0.02,0.02,0.01,0.02,110400
CRESY,20150402,13.82,14.14,13.63,13.71,55400
CRIS,20150402,11.6,11.75,11.2,11.75,692200
CRMT,20150402,53.75,54.44,53.26,54.06,40700
CRNT,20150402,1.14,1.15,1.14,1.14,42900
CROX,20150402,11.92,12.15,11.92,11.98,644200
CRTO,20150402,40,41.38,40,40.99,268600
CRUS,20150402,32.13,32.79,31.95,32.72,693000
CRVL,20150402,35.31,35.99,34.9,35.59,48400
CRWS,20150402,7.92,8.12,7.91,8.12,8500
CSCO,20150402,27.22,27.5,27.13,27.13,19527200
CSF,20150402,39.38,39.58,39.37,39.41,6100
CSGP,20150402,197.66,199.83,196.55,198.29,107000
CSGS,20150402,30.65,31,30.52,30.66,201700
CSII,20150402,38.81,39.98,38.66,39.41,229000
CSIQ,20150402,33.74,34.71,33.69,33.89,1448100
CSOD,20150402,27.78,28.46,27.6,28.16,463200
CSPI,20150402,6.64,6.74,6.5,6.7,2100
CSQ,20150402,11.15,11.24,11.15,11.19,186800
CSTE,20150402,59.65,59.65,57.11,57.92,287500
CSWC,20150402,47.26,47.78,46.98,47.23,134700
CSX,20150402,33.28,33.4,32.94,33.32,9257200
CTAS,20150402,81.78,82.82,81.78,82.69,529000
CTBI,20150402,33.37,33.77,33.22,33.49,26800
CTG,20150402,7.43,7.5,7.36,7.46,56300
CTHR,20150402,1.24,1.24,1.16,1.17,75100
CTIB,20150402,4.08,4.14,4.02,4.02,2000
CTIC,20150402,19,19.2,18.7,19,1499600
CTRE,20150402,13.95,14.35,13.8,14.25,100000
CTRN,20150402,26.95,27.29,26.73,26.8,126000
CTSH,20150402,62.09,62.76,61.68,62.57,1916100
CTSO,20150402,8.88,9.2,7.51,7.71,1898600
CTXS,20150402,49.9602,50.1194,49.4108,49.5064,1087700
CUBA,20150402,9.45,9.47,9.29,9.33,53400
CUTR,20150402,12.95,13.24,12.95,13.15,47500
CVBF,20150402,15.81,16.04,15.81,15.91,366700
CVCO,20150402,70.4,74.5,70.27,74.4,38600
CVCY,20150402,11.3,11.3,10.35,11.27,11600
CVGI,20150402,6.46,6.6,6.46,6.59,50100
CVGW,20150402,51.18,52.48,51.18,51.96,59400
CVLT,20150402,43.38,43.75,43.09,43.71,643600
CVLY,20150402,20.68,20.68,20.68,20.68,400
CVV,20150402,13.8,13.85,13.36,13.47,18900
CWBC,20150402,6.6,6.6,6.6,6.6,0
CWCO,20150402,10.64,11.33,10.58,11.32,203400
CWST,20150402,5.64,6.03,5.61,6.02,669000
CXDC,20150402,5,5.3,4.99,5.3,70500
CYAN,20150402,8.75,9.02,8.64,8.92,19400
CYBE,20150402,10.7,10.7,10.27,10.6,6200
CYBR,20150402,56.2,56.2,53.55,53.81,2124800
CYCC,20150402,208.8,216,204,208.8,192800
CYCCP,20150402,6.52,6.52,6.52,6.52,0
CYRN,20150402,3.12,3.16,3.05,3.06,140400
CYTK,20150402,7.03,7.05,6.78,7.02,231800
CZNC,20150402,20.3,20.46,20.3,20.41,38300
CZR,20150402,10.79,11.02,10.66,10.91,721500
CZWI,20150402,9.2,9.2,9.2,9.2,0
DAIO,20150402,3.43,3.59,3.43,3.57,300
DAKT,20150402,10.65,10.77,10.54,10.61,82800
DAX,20150402,28.64,29.2,28.56,28.65,68600
DBVT,20150402,23.25,24.91,23.22,24.69,279800
DCOM,20150402,16.43,16.54,16.36,16.38,91300
DCTH,20150402,15.52,15.52,14.56,15.2,60800
DENN,20150402,11.4,11.82,11.35,11.68,1182700
DERM,20150402,15,16.08,15,15.91,25700
DGICA,20150402,15.8,15.99,15.77,15.77,10600
DGICB,20150402,19,19,19,19,0
DGII,20150402,10.14,10.24,10.08,10.16,65700
DGLY,20150402,12.55,13.84,12.38,13.68,1075600
DGRE,20150402,24.62,24.87,24.6,24.85,16900
DGRS,20150402,30.1,30.33,30.1,30.17,2600
DGRW,20150402,31.16,31.27,31.07,31.2,47400
DHIL,20150402,162.45,164.8,162.03,164.8,4100
DIOD,20150402,28.3,28.75,28.13,28.17,107100
DISCA,20150402,31.17,32.19,30.71,32.15,4459400
DISCB,20150402,31.11,31.54,31.06,31.49,1900
DISCK,20150402,29.91,30.84,29.65,30.65,2596500
DISH,20150402,69.8,71.28,69.38,70.96,840900
DJCO,20150402,185,186.9,185,185.67,1800
DLHC,20150402,1.89,1.98,1.89,1.97,14200
DLTR,20150402,81.33,81.55,80.77,81.12,1796600
DMLP,20150402,22.92,23.13,22.41,22.5,45800
DMRC,20150402,21.34,22.52,21.1,22.22,56100
DORM,20150402,49.52,50.31,49.09,50.17,249500
DOX,20150402,53.71,54.08,53.51,53.7,585800
DRNA,20150402,23.53,23.53,21.16,21.29,106000
DRRX,20150402,1.85,1.88,1.8,1.83,506700
DSGX,20150402,15.19,15.3,15.14,15.14,8200
DSPG,20150402,12.14,12.14,11.93,11.94,29300
DSWL,20150402,1.88,1.88,1.84,1.85,26800
DVAX,20150402,22.56,22.7,21.76,22.61,444900
DWAT,20150402,10.65,10.67,10.65,10.67,4300
DWSN,20150402,4.23,4.65,4.23,4.62,118800
DXCM,20150402,61.62,62.99,61,62.95,649500
DXGE,20150402,31.5,31.6,31.4,31.53,204800
DXJS,20150402,34,34.24,33.99,34.06,16800
DXLG,20150402,4.95,5.06,4.92,5.04,88600
DXPE,20150402,44.49,45.76,44.37,45.28,132900
DXYN,20150402,9.2,9.28,9,9,92600
DYNT,20150402,2.93,2.93,2.88,2.89,2000
EA,20150402,57.24,57.98,56.95,57.65,2709400
EAC,20150402,4.18,4.26,4,4.08,20700
EBAY,20150402,24.0211,24.1011,23.8989,23.9621,3544400
EBIX,20150402,29.98,30.25,28.97,29.28,539100
EBMT,20150402,10.85,10.85,10.85,10.85,200
EBSB,20150402,13.07,13.08,12.88,13.03,265000
EBTC,20150402,20.91,22.06,20.91,21.9,12600
ECHO,20150402,26.75,26.99,25.3,26.01,524000
ECOL,20150402,50.17,51.06,49.8,50.67,161900
ECPG,20150402,41.82,42,41.3,41.81,96900
EDAP,20150402,3.31,3.65,3.31,3.48,259600
EDUC,20150402,2.055,2.055,2,2,6700
EEFT,20150402,58.42,59.1,56.15,56.92,461400
EEMA,20150402,62.38,62.54,61.94,62.44,7200
EFOI,20150402,24.05,25.5,24.05,25.5,4000
EFSC,20150402,21.12,21.64,21.05,21.29,69400
EGAN,20150402,3.29,3.4,3.27,3.4,10200
EGBN,20150402,38.07,38.25,37.68,37.81,95200
EGLE,20150402,1101.8,1222.2,1093.4,1220.8,55200
EGRX,20150402,47.13,49.64,44.81,48.47,462400
EHTH,20150402,9.2,9.73,9.2,9.68,150800
ELSE,20150402,4.16,4.16,3.84,4.01,13700
ELTK,20150402,1.12,1.16,1.01,1.07,60300
EMCB,20150402,71.72,72.41,71.72,71.95,5900
EMCF,20150402,24.9,24.9,24.9,24.9,0
EMIF,20150402,33.85,33.85,33.78,33.82,2500
EMKR,20150402,5.44,5.48,5.42,5.48,40000
EML,20150402,20.35,20.66,20.35,20.57,3200
ENDP,20150402,90.01,90.61,88.8,90.42,1235800
ENG,20150402,1.55,1.6,1.51,1.56,34300
ENPH,20150402,13.18,13.62,13.01,13.36,559500
ENSG,20150402,23.375,23.45,22.57,22.985,117500
ENTA,20150402,31.26,31.6,30.97,31.05,346800
ENTG,20150402,13.77,14.29,13.76,14.04,1664000
ENVI,20150402,1.77,1.83,1.77,1.79,74300
EPAY,20150402,27.41,27.83,27.19,27.37,117900
EPZM,20150402,18.6,18.6,17.63,17.73,444500
EQIX,20150402,233.29,236.71,230.96,235.6,470700
ERIC,20150402,12.6,12.65,12.51,12.56,1997400
ERIE,20150402,86.79,87.15,86.01,86.47,40300
ERII,20150402,2.89,3.01,2.79,2.96,205700
ESBK,20150402,20.09,20.09,20.08,20.08,300
ESCA,20150402,17.02,17.24,16.94,17.1,22400
ESEA,20150402,5.68,5.84,5.6,5.68,39400
ESGR,20150402,141.04,143.5,141.04,142.9,25700
ESLT,20150402,74.22,74.61,73.83,74.22,18500
ESPR,20150402,107.26,109.68,99.11,99.79,2400900
ESSA,20150402,12.77,13,12.77,12.85,19100
ESXB,20150402,4.4,4.4,4.34,4.37,1800
EUFN,20150402,23.36,23.53,23.35,23.5,216900
EVK,20150402,5.9,5.9,5.9,5.9,0
EVLV,20150402,6.65,6.85,6.65,6.74,502600
EVOK,20150402,7.16,7.31,7.1,7.29,40800
EVOL,20150402,9.2,9.73,9.12,9.73,58400
EWBC,20150402,40.57,41.06,40.39,40.73,627000
EXAS,20150402,21.81,21.91,21.14,21.63,1561800
EXEL,20150402,2.62,2.68,2.57,2.66,902200
EXLS,20150402,36.51,37.03,35.93,35.99,203900
EXPD,20150402,47.87,48.22,47.03,47.04,1372000
EXPE,20150402,94.93,98.31,94.5,97.98,2659100
EXPO,20150402,21.8875,22.335,21.8875,22.27,22200
EXTR,20150402,3.24,3.26,3.2,3.24,643700
EYES,20150402,100,101.28,95.36,97.12,341900
EZPW,20150402,9.21,9.58,9.19,9.52,389300
FANG,20150402,76.82,79.7,76.67,78.88,891600
FARM,20150402,25,25.74,25,25.46,15200
FARO,20150402,61.53,62.63,61.23,61.45,84900
FAST,20150402,20.65,20.71,20.49,20.525,2035500
FATE,20150402,4.76,5.07,4.76,5.03,109600
FB,20150402,82.25,82.56,81.44,81.56,19664000
FBIZ,20150402,44.75,45.15,43.89,44.72,4800
FBMS,20150402,15.56,16.34,15.51,16,8900
FBNC,20150402,17.6,17.65,17.46,17.49,13200
FCAP,20150402,23.51,24.1,23.51,24.1,1000
FCBC,20150402,17.93,18.07,17.64,17.87,23600
FCCO,20150402,12.1,12.1,12.1,12.1,0
FCCY,20150402,11.6,11.88,11.42,11.52,36300
FCEL,20150402,180,185.76,177.12,182.88,4263500
FCFS,20150402,46.67,48.25,46.67,47.97,227500
FCNCA,20150402,260.62,260.62,255.04,258.72,11000
FDIV,20150402,50.43,50.45,50.34,50.41,1500
FDUS,20150402,15.85,15.85,15.6,15.75,33900
FEIM,20150402,13.71,13.95,13.71,13.95,1600
FELE,20150402,37.61,38.21,37.48,38.02,105600
FEMB,20150402,45.05,45.05,45.05,45.05,0
FEUZ,20150402,32.97,33.24,32.97,33.23,3700
FFBC,20150402,18,18,17.82,17.92,73200
FFHL,20150402,0.59,0.6,0.59,0.59,700
FFIC,20150402,20.33,20.74,20.33,20.58,44000
FFIN,20150402,13.855,14.05,13.815,13.89,236400
FFIV,20150402,114.03,114.75,113.41,113.71,699400
FFNW,20150402,12.5,12.66,12.4,12.41,50500
FFWM,20150402,9.845,9.845,9.175,9.62,1500
FGEN,20150402,30.69,31.34,30.5,30.78,101700
FIBK,20150402,27.83,28,27.66,27.89,84800
FISI,20150402,23.38,23.82,23.05,23.44,13900
FISV,20150402,39.66,40.04,39.585,39.815,957400
FITB,20150402,18.92,19.09,18.82,18.98,5482000
FITBI,20150402,28.34,28.35,28.19,28.26,16100
FIVE,20150402,36.03,36.46,35.7,35.91,1067800
FIVN,20150402,5.35,5.54,5.35,5.5,159600
FIZZ,20150402,24.32,24.85,24.15,24.58,19500
FLDM,20150402,41.17,41.17,39.27,39.58,171600
FLEX,20150402,12.6,12.65,12.47,12.52,3543700
FLIC,20150402,25.53,25.89,25.09,25.43,22400
FLL,20150402,1.49,1.5,1.45,1.46,10100
FLWS,20150402,11.76,11.9,11.52,11.56,369700
FLXN,20150402,22.8,23.2,22.31,23.06,91100
FLXS,20150402,31.15,31.33,30.61,30.94,36200
FMB,20150402,52.11,52.11,52.11,52.11,400
FMBH,20150402,20.01,20.01,20.01,20.01,200
FMBI,20150402,17.31,17.48,17.2,17.36,226700
FMNB,20150402,8.27,8.44,8.27,8.43,24700
FNHC,20150402,31.5,31.69,30.1,30.16,66600
FNLC,20150402,17.44,17.57,17.31,17.37,21900
FNWB,20150402,12.5,12.5,12.32,12.44,20200
FOLD,20150402,10.95,11.17,10.78,10.95,888000
FONR,20150402,13.14,13.15,12.89,13.04,16800
FORD,20150402,0.8,0.8,0.75,0.79,14200
FORM,20150402,9.03,9.25,8.99,9.19,364500
FORR,20150402,36.54,37.3,36.3,36.39,34300
FORTY,20150402,26.88,26.88,26.31,26.4,1200
FOSL,20150402,82.18,83.77,82.16,83.37,578700
FOX,20150402,32.88,33.32,32.62,33.24,2717800
FOXA,20150402,33.66,34.17,33.51,34.04,8407400
FOXF,20150402,15.09,15.33,14.98,15.06,60500
FPXI,20150402,29.38,29.38,29.38,29.38,0
FRBA,20150402,5.97,6.05,5.95,6.05,2300
FRBK,20150402,3.54,3.65,3.5,3.55,67100
FREE,20150402,24000,30000,24000,24000,3978200
FRGI,20150402,60.23,61.49,59.8,60.77,310800
FRME,20150402,23.59,23.87,23.59,23.64,36000
FRPH,20150402,36.2,36.64,35.85,36.45,7200
FRPT,20150402,21.12,22.08,20.86,21.86,1151300
FRSH,20150402,17.78,18.07,17.6,17.73,152000
FSBW,20150402,19.05,19.05,19.05,19.05,900
FSFG,20150402,29.05,29.65,29,29.65,4800
FSLR,20150402,61,61.95,60.78,61.19,1228100
FSTR,20150402,46.1,47.97,46.07,47.19,53200
FTCS,20150402,38.43,38.59,38.36,38.5,8800
FTEK,20150402,3.1,3.15,3.09,3.15,10800
FTGC,20150402,24.34,24.51,24.34,24.42,23500
FTHI,20150402,20.57,20.57,20.57,20.57,800
FTLB,20150402,20.33,20.33,20.33,20.33,0
FTNT,20150402,34.25,34.43,33.88,34.39,748000
FTSL,20150402,49.29,49.3,49.24,49.29,27100
FTSM,20150402,60.03,60.06,60.03,60.04,74300
FULT,20150402,12.31,12.42,12.31,12.37,961500
FUNC,20150402,8.9,8.92,8.75,8.87,4400
FUND,20150402,7.29,7.29,7.24,7.29,39000
FV,20150402,23.9,23.96,23.77,23.89,2080000
FWP,20150402,28.1,28.43,27.75,28.26,54900
FWRD,20150402,53.87,53.87,52.17,52.39,123000
GABC,20150402,19.7733,20.1733,19.76,20,19200
GAIA,20150402,7.65,7.65,7.22,7.4,44300
GAIN,20150402,7.44,7.49,7.41,7.48,92800
GALT,20150402,3.35,3.42,3.32,3.32,77800
GAME,20150402,6.45,6.5,6.44,6.49,1557000
GASS,20150402,6.43,6.55,6.3,6.53,75500
GBCI,20150402,25,25.13,24.9,24.98,213900
GBDC,20150402,17.5,17.67,17.5,17.64,72400
GBLI,20150402,28.22,29,28.22,28.83,3800
GCBC,20150402,14.25,14.25,14.25,14.25,0
GENC,20150402,6.5467,6.5467,6.2267,6.4133,18300
GENE,20150402,19.76,20.44,18.6,18.8,2329400
GEOS,20150402,15.82,16.18,15.59,16.08,162800
GERN,20150402,3.75,3.75,3.66,3.73,1313600
GEVO,20150402,1020,1200,1020,1140,3153300
GFED,20150402,14.29,14.31,14.25,14.31,1100
GGAL,20150402,23.41,24.07,23.25,23.74,209200
GIFI,20150402,15.6,15.6,15.04,15.28,27800
GIGM,20150402,3.75,4,3.7,3.95,122800
GIII,20150402,56.77,57.715,56.62,57.005,264900
GILD,20150402,98,99.5,97.01,98.43,10727200
GILT,20150402,6.34,6.5,6.31,6.49,92300
GLAD,20150402,8.81,8.88,8.76,8.87,78100
GLBS,20150402,4960,5280,4960,5200,6200
GLBZ,20150402,12.55,12.55,12.55,12.55,100
GLDD,20150402,5.94,6.08,5.89,5.9,292000
GLDI,20150402,11.9,11.9,11.82,11.89,14100
GLMD,20150402,8.95,9.45,8.77,9.39,36200
GLNG,20150402,32.97,33.88,32.97,33.38,890800
GLPI,20150402,37.18,37.49,37,37.25,287400
GLRE,20150402,31.22,31.63,31.22,31.39,171400
GLYC,20150402,8.11,8.34,8.06,8.3,10900
GNCA,20150402,89.12,94.56,88.64,91.04,103900
GNMA,20150402,50.64,50.64,50.54,50.54,1500
GNTX,20150402,17.89,18.07,17.89,18,1433500
GOGL,20150402,24.1,24.2,21.8,22.9,723800
GOGO,20150402,18.82,19.09,18.65,19.06,446000
GOOD,20150402,18.45,18.71,18.44,18.65,81000
GOODN,20150402,25.77,25.77,25.77,25.77,200
GOODO,20150402,25.65,25.65,25.32,25.4,2100
GOOG,20150402,540.85,540.85,533.85,535.53,1711700
GOOGL,20150402,547.41,548,540.44,541.31,2388000
GPRE,20150402,29.58,30.05,29,29.3,663500
GPRO,20150402,40.97,42.28,40.72,41.96,3775300
GRBK,20150402,8.57,8.63,8.24,8.43,85300
GRFS,20150402,16.865,17.015,16.75,16.775,552900
GRID,20150402,35.91,36.76,35.86,35.96,600
GRMN,20150402,46,46.79,45.92,46.49,1776500
GROW,20150402,3.15,3.34,3.13,3.33,29100
GRPN,20150402,140.4,142.4,139.2,141.2,10146300
GRVY,20150402,1.96,2,1.88,1.96,1900
GSBC,20150402,39.62,40,39.62,39.72,22200
GSIT,20150402,5.87,5.87,5.8,5.85,13900
GSM,20150402,19.67,21.99,19.5,21.12,2347000
GT,20150402,26.78,27.07,26.69,26.82,1487400
GTIM,20150402,6.88,7.65,6.81,7.25,99100
GURE,20150402,8.15,8.3,8.15,8.25,22600
GWGH,20150402,7.94,7.95,7.55,7.92,6700
GYRO,20150402,4.11,4.53,4.11,4.4,12400
HA,20150402,21.35,21.9,21.26,21.47,814000
HAFC,20150402,21.13,21.35,21.01,21.27,174900
HAIN,20150402,62.72,64.07,62.45,63.86,791000
HALL,20150402,10.73,11.16,10.73,11.1,22200
HALO,20150402,14.68,14.85,14.32,14.69,1020900
HAS,20150402,63.68,63.88,62.92,63.45,997200
HAYN,20150402,43.4,44.43,43.26,44.35,30900
HBAN,20150402,11,11.08,10.97,11.04,5585300
HBANP,20150402,1375,1375,1375,1375,100
HBCP,20150402,21.19,21.4,21.11,21.38,3600
HBIO,20150402,5.86,6.22,5.8,6.22,183500
HBMD,20150402,14,14,14,14,700
HBNC,20150402,10.3822,10.4355,10.3289,10.3555,17900
HBP,20150402,2.87,2.94,2.87,2.94,1400
HCCI,20150402,12.13,12.75,12,12.65,64000
HCKT,20150402,9.44,9.58,9.2,9.28,89200
HCSG,20150402,32.13,32.21,31.61,31.94,419500
HDSN,20150402,3.96,3.98,3.86,3.87,116900
HEAR,20150402,7.48,8.28,7.4,7.92,93800
HEES,20150402,25.05,25.8,24.98,25.42,436700
HELE,20150402,80.97,82.41,80.08,82.19,140800
HERO,20150402,0.53,0.56,0.48,0.49,6939900
HFBL,20150402,19.4,19.48,19.39,19.4,3000
HFWA,20150402,16.93,17.23,16.79,17.04,38100
HGSH,20150402,5.14,5.26,5.14,5.16,9500
HIBB,20150402,49.51,50.28,49.47,49.54,414300
HIFS,20150402,99,100,99,99.36,1100
HIHO,20150402,3.15,3.35,3.15,3.16,32300
HIMX,20150402,6.32,6.4,6.11,6.14,3275600
HLIT,20150402,7.35,7.43,7.23,7.38,237700
HMHC,20150402,23.33,23.64,23.02,23.34,334800
HMNF,20150402,12.34,12.34,12.34,12.34,500
HMST,20150402,18.55,18.78,18.55,18.7,46700
HMTV,20150402,12.96,13.14,12.96,13.1,6400
HNNA,20150402,14.2,14.2,13.9867,14.1,11700
HNRG,20150402,11.9,12.15,11.85,12,39100
HOFT,20150402,18.76,19.15,18.6,18.66,32500
HOLI,20150402,20.13,20.5,19.92,20.31,564900
HOLX,20150402,32.65,33.15,32.57,32.94,1256400
HOMB,20150402,17,17.085,16.74,16.825,379300
HOVNP,20150402,14.8,14.8,14.8,14.8,100
HQY,20150402,24.5,24.89,24.32,24.43,85800
HRTX,20150402,14.32,14.79,14.01,14.07,166100
HRZN,20150402,13.96,13.99,13.89,13.97,59200
HSIC,20150402,138.36,140.23,137.53,139.33,454300
HSII,20150402,24.84,25.41,24.64,25.11,77700
HSKA,20150402,25.98,26.35,25.63,25.73,32600
HSON,20150402,27.3,27.4,26.7,27.1,9000
HSTM,20150402,25.36,25.96,25.13,25.57,132200
HTBI,20150402,16.04,16.05,15.85,15.87,48700
HTBK,20150402,9.17,9.35,9.15,9.3,38000
HTBX,20150402,63.7,63.8,61.6,62.5,14600
HTHT,20150402,4.9475,5.1225,4.925,5.055,207600
HTLD,20150402,23.34,23.38,22.84,23,828900
HTLF,20150402,32.85,33.74,32.76,33.42,165400
HUBG,20150402,38.46,38.54,36.82,37.02,236400
HURC,20150402,33.22,34.48,33.17,33.93,27800
HURN,20150402,66.06,66.94,65.54,66.1,122700
HWBK,20150402,14.15,14.15,13.47,13.85,7600
HWKN,20150402,38.61,38.89,38.25,38.51,24800
HYLS,20150402,50.64,50.74,50.38,50.65,26500
HYZD,20150402,23.89,23.89,23.58,23.88,17900
HZNP,20150402,26.14,26.36,25.62,25.97,2017600
IART,20150402,30.83,31.39,30.805,31.145,266000
IBB,20150402,340.43,341.47,337.25,339.7,2081300
IBCP,20150402,13.04,13.04,12.87,12.93,209500
IBKR,20150402,34.43,34.8,34.17,34.21,414400
IBOC,20150402,26.01,26.43,25.92,26.21,317900
IBTX,20150402,39.44,39.5,38.84,39.45,47800
ICAD,20150402,9.53,9.78,9.34,9.78,16900
ICBK,20150402,20.18,20.2,20.13,20.13,700
ICCC,20150402,6.55,6.55,6.1,6.12,3700
ICFI,20150402,42.11,42.43,41.8,41.85,57100
ICLN,20150402,12.03,12.2,12.01,12.11,235100
ICLR,20150402,70.93,71.51,69.59,69.87,271500
ICPT,20150402,278.3,281.38,270,271.61,361200
ICUI,20150402,94.93,96.17,94.27,94.54,178400
IDCC,20150402,50.83,51.13,50.08,50.25,249600
IDRA,20150402,28.08,28.8,27.12,28.4,1522700
IDXX,20150402,76.025,76.825,75.74,76.54,199400
IEP,20150402,88.97,89.75,88.03,89.74,100200
IESC,20150402,8.79,8.9,8.7,8.9,8600
IEUS,20150402,44.86,44.89,44.58,44.58,3600
IFGL,20150402,31.46,31.54,31.34,31.54,93200
IFV,20150402,19.67,19.72,19.61,19.67,301700
IGOV,20150402,92.09,92.26,91.84,91.84,290200
III,20150402,3.94,3.98,3.87,3.9,40100
IIN,20150402,8.12,8.12,7.9,7.95,3200
IIVI,20150402,18.43,18.97,18.33,18.91,298100
IKNX,20150402,16,16,15.95,15.95,1200
ILMN,20150402,182.87,183.83,181.24,183.01,950800
IMGN,20150402,9,9.65,9,9.4,3112200
IMKTA,20150402,50.98,52.84,50.52,51.98,126400
IMMR,20150402,9,9.44,8.91,9.36,228100
IMOS,20150402,24.48,24.66,24,24.17,81600
INBK,20150402,18.56,18.56,18.01,18.55,2100
INCR,20150402,32.09,32.6,31.77,32.04,68700
INCY,20150402,89.56,89.7,87.18,88.79,764600
INDB,20150402,44.09,44.53,44.09,44.31,58900
INDY,20150402,31.84,32,31.78,32,368800
INFI,20150402,14.02,14.14,13.3,13.48,734500
INFN,20150402,18.78,19.06,18.38,18.9,1871700
INGN,20150402,33.73,34.19,33.38,33.73,100200
INO,20150402,8.52,8.88,8.33,8.69,777600
INOD,20150402,2.62,2.62,2.59,2.62,800
INOV,20150402,29.16,29.55,28.26,28.96,594000
INSM,20150402,20.98,21.06,20.44,20.84,353500
INTC,20150402,30.8,31.23,30.67,30.81,20909600
INTG,20150402,20.01,20.01,20,20,1700
INTU,20150402,97.69,98.71,97.35,98.5,1081700
INVE,20150402,8.64,8.74,8.59,8.74,41100
IOSP,20150402,45.98,46.3,45.89,46.07,88000
IPAR,20150402,32.73,33.19,32.38,32.5,66500
IPDN,20150402,38.24,38.72,36.8,38.72,4600
IPGP,20150402,91.91,94.07,91.46,91.65,590300
IPKW,20150402,26.66,27,26.66,27,13900
IPWR,20150402,91.7,94.8,89,94.7,25700
IRBT,20150402,32.09,32.82,31.97,32.54,218100
IRCP,20150402,29,29,29,29,200
IRDM,20150402,10.28,10.41,10.02,10.2,1118000
IRIX,20150402,10.4,10.7,10.4,10.7,15000
IRMD,20150402,15.3,15.4,15.27,15.39,3800
IROQ,20150402,16.71,16.73,16.5,16.5,4000
IRWD,20150402,15.95,16.11,15.62,15.79,783900
ISBC,20150402,11.7,11.81,11.7,11.75,2394400
ISHG,20150402,78.65,78.86,78.65,78.67,15300
ISIG,20150402,3,3,2.91,2.99,6500
ISLE,20150402,13.97,14.5,13.9,14.33,174500
ISRG,20150402,508.32,510.98,500.69,508.29,168000
ISSC,20150402,3.79,3.86,3.66,3.79,51800
ISTR,20150402,16.97,16.97,16.72,16.97,1000
ITCI,20150402,23.98,24.5,23.53,23.68,96000
ITIC,20150402,72.01,73.29,72.01,73,1200
ITRI,20150402,36.39,36.8,36.22,36.45,164100
ITRN,20150402,22.51,22.75,22.49,22.58,16900
IVAC,20150402,6.2,6.34,6.1,6.13,38000
JACK,20150402,95.42,95.7,94.8,95.34,384200
JAKK,20150402,68.6,69.4,68.3,68.4,177300
JAZZ,20150402,171.22,174.3,167.34,168.86,861200
JBHT,20150402,85.36,85.81,84.13,84.17,672500
JBLU,20150402,18.9,19.03,18.67,18.91,18317300
JBSS,20150402,43.5,44.58,43.48,43.99,80400
JCS,20150402,11.2,11.41,10.45,11.09,17800
JCTCF,20150402,5.2,5.2,5.2,5.2,0
JD,20150402,29.4,30.07,29.3,29.49,6989800
JJSF,20150402,107.25,109.46,107.05,109.1,49600
JKHY,20150402,69.64,70.25,69.41,69.69,356100
JOBS,20150402,32.62,34.36,32.62,33.9,149500
JOUT,20150402,33.63,35.29,32.38,34.66,19900
JRJC,20150402,43.6,44.5,43.3,44.2,177100
JRVR,20150402,23.72,23.94,23.43,23.83,69800
JSM,20150402,22.45,22.46,22.35,22.39,11300
JVA,20150402,4.83,5.11,4.83,5.06,115200
JYNT,20150402,7.78,7.93,7.57,7.88,16100
KALU,20150402,76.93,77.9,76.86,77.34,218500
KBAL,20150402,10.82,11.12,10.8,10.92,181500
KE,20150402,14.31,14.33,14.02,14.1,58500
KELYA,20150402,17.18,17.5,17.16,17.37,57700
KEQU,20150402,17.4,17.4,17.4,17.4,0
KFFB,20150402,8.49,8.49,8.19,8.19,400
KFRC,20150402,22.48,22.83,22.12,22.25,95500
KINS,20150402,7.73,7.79,7.59,7.59,7500
KIRK,20150402,23.52,24.23,23.27,23.33,159000
KLAC,20150402,58.08,58.54,57.1,58.09,1117500
KLIC,20150402,15.7,15.96,15.65,15.84,421900
KMDA,20150402,4.51,4.69,4.51,4.57,18900
KNDI,20150402,12.28,12.54,12.21,12.27,294800
KOPN,20150402,3.62,3.76,3.61,3.65,132300
KOSS,20150402,2.26,2.4,2.26,2.4,2200
KPTI,20150402,30.22,30.34,28.78,29.45,484600
KRNT,20150402,12,14.67,11.76,14,3064200
KRNY,20150402,13.56,13.6,13.51,13.58,25500
KTCC,20150402,11.06,11.1,10.7,11.08,14300
KTOS,20150402,5.44,5.62,5.44,5.58,341300
KVHI,20150402,15.24,15.5,15.16,15.42,33100
LAKE,20150402,8.89,9.19,8.83,9.04,57500
LAMR,20150402,59.87,59.92,59.46,59.58,648800
LANC,20150402,96.19,97.05,95.86,96.3,75400
LAND,20150402,12.24,12.29,12,12.1,22000
LARK,20150402,25.69,26.94,25.18,25.9,43200
LAWS,20150402,22.75,24.79,22.75,23.24,21900
LBAI,20150402,11.69,11.81,11.59,11.63,90900
LBRDA,20150402,55.24,55.85,55.24,55.84,97700
LBRDK,20150402,55.37,55.64,55.25,55.63,246300
LBTYA,20150402,51.86,52.15,51.74,52.08,960500
LBTYB,20150402,52.78,52.78,52.78,52.78,0
LBTYK,20150402,50.18,50.22,49.9,50.07,2890200
LCNB,20150402,15.1,15.2,15.1,15.2,25800
LCUT,20150402,14.95,15.33,14.86,14.92,53600
LE,20150402,35.29,36.47,34.36,34.78,242700
LECO,20150402,65.15,65.76,64.93,64.98,418300
LEDS,20150402,0.71,0.77,0.7,0.73,92500
LFUS,20150402,99.83,100.99,99.03,100.74,76300
LFVN,20150402,5.32,5.53,5.32,5.39,116700
LGIH,20150402,17.09,17.64,16.91,17.6,269500
LGND,20150402,77.45,78.44,76.2,76.82,379800
LHCG,20150402,35.31,36,33.76,34.73,75200
LINC,20150402,2.03,2.14,1.98,2.07,27200
LIVE,20150402,3.34,3.42,3.2,3.31,281800
LJPC,20150402,17.75,17.75,17.21,17.46,78400
LKFN,20150402,26.9,27.4467,26.9,27.2067,37100
LKQ,20150402,25.44,25.62,25.26,25.58,1809500
LLNW,20150402,3.52,3.65,3.52,3.61,161000
LMAT,20150402,8.22,8.35,8.22,8.28,22000
LMBS,20150402,50.59,50.59,50.59,50.59,0
LMNR,20150402,22.13,22.13,21.77,21.85,21800
LMRK,20150402,17.5,18.09,17.31,17.86,38800
LNDC,20150402,14.41,14.92,14.41,14.49,247000
LOAN,20150402,4.05,4.06,3.87,3.92,48700
LOCO,20150402,25.14,26.08,25.05,25.63,894500
LOGI,20150402,13.21,13.41,13.19,13.41,245800
LOPE,20150402,43.71,44.33,43.71,44.09,120600
LORL,20150402,68.4,69,67.98,68.47,26800
LPCN,20150402,6.68,6.98,6.39,6.63,53100
LPLA,20150402,43.39,44.23,43.01,43.97,1038100
LPSN,20150402,9.94,10.04,9.78,10.02,388600
LPTH,20150402,0.96,0.97,0.95,0.97,2600
LQDT,20150402,9.6,9.64,9.3,9.54,226500
LRCX,20150402,70.3,71.15,69.89,70.75,2163600
LSBK,20150402,13.4,13.4,13.4,13.4,0
LSCC,20150402,6.25,6.36,6.24,6.29,620500
LSTR,20150402,65.19,65.48,63.78,63.88,902300
LTBR,20150402,78.6,78.6,70.2,71.4,43400
LTRPA,20150402,31.64,31.93,31.19,31.68,615000
LTRPB,20150402,36.46,36.46,36.42,36.42,300
LTRX,20150402,1.78,1.8,1.77,1.79,3200
LULU,20150402,62.84,64.06,62.76,63.35,1168700
LUNA,20150402,1.35,1.46,1.35,1.45,46600
LWAY,20150402,21.09,21.9,21.09,21.2,22000
LXRX,20150402,6.65,6.93,6.51,6.72,1576600
LYTS,20150402,8.16,8.26,8.07,8.2,16100
MACK,20150402,12.21,12.21,11.89,12.07,1152400
MANH,20150402,50.93,51.71,50.64,51.58,207400
MANT,20150402,33.83,34.17,33.54,33.57,64500
MAR,20150402,80.31,80.93,79.95,80.15,1143100
MARA,20150402,22.76,23.24,22.4,22.6,64700
MARK,20150402,4.12,4.37,4.11,4.21,20900
MARPS,20150402,12.11,12.11,12.11,12.11,400
MASI,20150402,33.01,33.55,33,33.45,401500
MAT,20150402,23.02,23.23,22.32,22.65,6464200
MATW,20150402,51.49,52.12,51.48,51.64,86400
MAYS,20150402,47.62,48.6,47.08,48.57,800
MBCN,20150402,16.5,16.5,16.5,16.5,400
MBII,20150402,3.82,3.97,3.82,3.93,27100
MBUU,20150402,23.28,23.28,22.67,22.88,73800
MBWM,20150402,19.4,19.75,19.35,19.69,10200
MCBC,20150402,5.31,5.38,5.28,5.31,35800
MCHP,20150402,48.38,48.75,48.06,48.18,1321700
MCHX,20150402,4.34,4.35,4.17,4.25,81500
MCRI,20150402,19.28,20.19,19.28,20.1,19000
MDIV,20150402,21.1,21.14,21.07,21.12,241400
MDLZ,20150402,36.37,36.67,36.1,36.63,11212600
MDRX,20150402,11.74,11.9,11.63,11.77,2084500
MDWD,20150402,7.05,7.16,6.65,6.7,32600
MDXG,20150402,10.44,10.47,10.16,10.43,542800
MEIP,20150402,1.84,1.84,1.75,1.77,1876900
MELI,20150402,123.59,125.57,122.95,125.14,305100
MEOH,20150402,53.54,54.43,51.99,52.13,708300
MERC,20150402,15.7,15.95,15.4,15.42,465200
MGEE,20150402,44.67,44.99,44.55,44.61,107100
MGI,20150402,8.66,8.82,8.58,8.61,234500
MGIC,20150402,6.56,6.59,6.4,6.5,25500
MGLN,20150402,71,71.77,70.58,70.99,137800
MGNX,20150402,31.64,32.15,30.7,31.64,168300
MGPI,20150402,13.59,13.73,13,13.25,49100
MGRC,20150402,32.95,33.26,32.72,32.89,48500
MGYR,20150402,8.6,8.6,8.6,8.6,0
MHLD,20150402,14.73,15,14.65,14.84,217600
MICT,20150402,2.85,2.85,2.79,2.79,500
MIDD,20150402,104.91,105.78,103.99,104.17,329400
MIND,20150402,4.53,4.68,4.51,4.6,64900
MITK,20150402,3.08,3.23,3.08,3.19,115700
MKSI,20150402,33.6,34.29,33.6,33.74,232500
MKTX,20150402,82.98,84.64,82.77,84.52,286500
MLAB,20150402,70.91,71.46,69.05,69.15,8700
MLHR,20150402,27.66,28.07,27.52,28.02,386700
MLVF,20150402,13.43,13.43,13.43,13.43,400
MMLP,20150402,35.3,36.53,35.11,36,734300
MMSI,20150402,19.33,19.38,19.15,19.19,138600
MMYT,20150402,22.17,22.65,21.54,22.04,230800
MNDO,20150402,3.11,3.22,3.1,3.16,121400
MNKD,20150402,26,26.75,25.8,26.7,2801300
MNOV,20150402,3.4,3.47,3.35,3.45,9300
MNRO,20150402,64.81,65.37,64.66,65.1,149500
MNST,20150402,45.52,45.7767,45.0367,45.22,934900
MNTX,20150402,9.54,9.88,9.53,9.66,45900
MOFG,20150402,28.76,29,28.66,28.9,14900
MOMO,20150402,10.38,10.65,9.5,10.51,978200
MORN,20150402,74.89,75.21,73.37,73.96,96000
MOSY,20150402,444,452,414,422,148700
MPAA,20150402,27.07,27.55,27.07,27.34,84000
MPB,20150402,15.63,15.63,15.63,15.63,0
MPWR,20150402,52,52.05,51.5,51.7,301700
MRCC,20150402,14.75,14.79,14.51,14.57,37700
MRCY,20150402,15.5,15.88,15.48,15.85,107400
MRLN,20150402,20.09,20.36,19.86,19.97,43400
MRNS,20150402,39.8,39.8,35.24,36.36,19100
MRTN,20150402,15.48,15.7067,15.1133,15.1467,75700
MRTX,20150402,29,29.44,27.48,27.73,82500
MRVL,20150402,14.84,15,14.76,14.77,4849600
MSEX,20150402,23,23.29,22.78,23.17,26200
MSFT,20150402,40.66,40.74,40.12,40.29,37487400
MSON,20150402,12.67,12.93,12.67,12.93,3600
MSTR,20150402,169.38,170.57,166.58,169.52,70200
MTBC,20150402,2.12,2.26,2.1,2.11,12600
MTEX,20150402,18.77,20.24,18.61,19.02,27000
MTLS,20150402,6.99,7.02,6.77,6.99,43100
MTRX,20150402,17.83,19.56,17.83,19.48,395500
MTSI,20150402,37.3,37.38,36.24,36.7,234600
MU,20150402,27.75,27.76,26.71,26.73,41390400
MVIS,20150402,3.41,3.51,3.26,3.29,1299000
MYGN,20150402,34.93,35.49,34.45,35.1,539800
MYRG,20150402,31.37,31.69,30.88,31.24,142400
NAII,20150402,5.35,5.4,5.35,5.36,3500
NATH,20150402,56.29,59,56.09,58.57,74100
NATI,20150402,32.42,32.46,32.18,32.41,375900
NATR,20150402,13,13.02,12.75,12.83,18600
NAVI,20150402,20.19,20.44,20.08,20.36,1849300
NBIX,20150402,39.74,40.8,38.72,39.52,666800
NBN,20150402,9.21,9.21,9.21,9.21,100
NBTB,20150402,25.1,25.23,25.06,25.19,71200
NCMI,20150402,15.1,15.54,15.02,15.53,222100
NCTY,20150402,45.9,50.7,40.8,50.7,68000
NDAQ,20150402,50.41,50.57,49.95,50.11,760600
NDLS,20150402,17.3,17.46,17.2,17.34,165100
NDSN,20150402,76.87,77.57,76.37,77.24,198500
NECB,20150402,6.95,7.01,6.83,6.94,40600
NEO,20150402,4.79,4.81,4.66,4.79,92200
NEOG,20150402,35.22,35.22,34.44,34.7025,94700
NEON,20150402,32.3,34.4,31.5,34.1,389200
NEPT,20150402,1.6,1.63,1.58,1.62,50700
NERV,20150402,4.9,4.98,4.86,4.86,31200
NETE,20150402,12.3,12.4,11.6,11.8,788600
NEWT,20150402,17.38,17.96,17.25,17.27,86600
NFBK,20150402,14.89,14.92,14.8,14.89,150500
NFLX,20150402,59.0714,59.6071,58.8614,59.1543,1409100
NHTC,20150402,17.8,18,17.7,18,59300
NICE,20150402,60.4,60.5,59.29,59.47,203900
NICK,20150402,14.35,14.36,14.21,14.35,18400
NKSH,20150402,29.02,29.44,28.97,29.2,4900
NKTR,20150402,10.88,11.08,10.7,11,1163500
NMIH,20150402,7.4,7.66,7.36,7.64,177300
NNBR,20150402,25.22,25.24,24.48,24.57,175500
NRIM,20150402,24.51,24.82,24.48,24.69,24000
NSEC,20150402,14.1,14.1,14.1,14.1,100
NSIT,20150402,28.44,29.13,28.26,29.12,182200
NSSC,20150402,5.61,5.69,5.56,5.69,2100
NSTG,20150402,10.95,11.12,10.45,10.88,53900
NSYS,20150402,4.9,4.9,4.67,4.85,8000
NTAP,20150402,35.32,35.93,35.14,35.63,4377400
NTCT,20150402,43.4,43.82,42.83,43.66,150100
NTES,20150402,21.576,22.352,21.44,22.302,1048300
NTGR,20150402,32.83,33.11,30.01,32.96,180800
NTIC,20150402,9.235,9.5,9.225,9.225,900
NTRS,20150402,69.88,70.8,69.71,70.7,987000
NTWK,20150402,5.91,5.91,5.75,5.77,18600
NUAN,20150402,14.21,14.25,14.09,14.16,1440100
NURO,20150402,53.76,53.76,48.96,50.88,112700
NUVA,20150402,42.4,44.5,42.3,42.37,2269800
NVAX,20150402,166,166.2,158,158.8,4495200
NVCN,20150402,9000,9050,8620,8830,344800
NVDA,20150402,5.29,5.2975,5.22,5.265,4805000
NVEC,20150402,68.39,69.4,68.34,69.22,8200
NVEE,20150402,15.55,16.26,15.45,15.83,23500
NVFY,20150402,12.4,13,11.95,12.85,21300
NVMI,20150402,11.8,11.84,11.61,11.74,20500
NWBI,20150402,11.79,11.98,11.79,11.95,542700
NWFL,20150402,28.25,28.25,27.76,28.14,2100
NWLI,20150402,256.7,258.88,256.1,256.1,4400
NWPX,20150402,22.99,23.33,22.78,22.84,11300
NWS,20150402,15.95,16.06,15.86,15.98,596100
NWSA,20150402,16.09,16.23,16.01,16.18,1719900
NXPI,20150402,100.39,100.89,98.82,99.27,1958300
NXST,20150402,57.84,58.72,57.61,57.77,228400
NXTD,20150402,29.6,30.8,28.5,28.5,207800
NYMT,20150402,7.75,7.8,7.74,7.77,1139200
NYMTP,20150402,24.92,24.96,24.88,24.89,5900
NYMX,20150402,1.32,1.94,1.3,1.73,20369500
OBAS,20150402,6.28,6.5,6.25,6.25,600
OBCI,20150402,3.94,4.05,3.94,4.02,47800
OCC,20150402,3.89,4.06,3.89,4.05,1900
OCFC,20150402,17.46,17.85,17.43,17.7,10100
OCUL,20150402,41.48,41.81,40.22,40.89,89400
ODFL,20150402,75.25,75.57,73.2,73.42,1508300
ODP,20150402,93.4,94.1,91.7,91.9,7451700
OFED,20150402,20.02,20.02,20.02,20.02,500
OFIX,20150402,37.7,38.94,36.13,36.87,226500
OFLX,20150402,25.51,26.55,25.51,26.2,7400
OFS,20150402,12.19,12.27,12,12.18,40100
OIIM,20150402,2.64,2.8,2.63,2.75,42700
OLED,20150402,47.05,47.47,46.56,47.16,537400
OMAB,20150402,39.85,40.56,39.85,40.08,7600
OMCL,20150402,34.81,35.37,34.7,34.92,131000
OMER,20150402,22.01,22.94,21.62,22.84,500600
OMEX,20150402,8.16,8.64,8.16,8.4,159300
ONB,20150402,14.2,14.36,14.16,14.19,271700
ONCY,20150402,0.73,0.77,0.73,0.74,549000
ONEQ,20150402,191.21,192.36,191.21,191.92,7900
ONTX,20150402,354,379.5,354,364.5,45800
OPHC,20150402,8.7,9.3,8.4,9.3,700
OPOF,20150402,15,15.03,15,15.03,300
ORLY,20150402,215.34,216.8,214.31,215.58,480100
ORMP,20150402,6.51,6.94,6.2,6.24,211100
ORRF,20150402,17.09,17.09,16.71,17,14100
OSBC,20150402,5.83,5.96,5.82,5.92,48400
OSIS,20150402,74.23,75.36,73.85,74.1,84100
OSTK,20150402,23.81,24.36,23.81,24.19,63300
OSUR,20150402,6.5,6.66,6.41,6.56,425800
OTEX,20150402,27.115,27.255,26.745,26.78,214600
OTIC,20150402,34.62,35.93,34.28,35.09,120200
OTTR,20150402,32.26,32.63,32.26,32.35,43800
OVBC,20150402,22.76,22.76,22.4,22.4,500
OVLY,20150402,9.89,9.97,9.77,9.83,4100
OXBR,20150402,5.85,6.03,5.8,5.87,24500
OXBRW,20150402,1.25,1.25,1.25,1.25,0
OXLC,20150402,14.96,14.96,14.79,14.84,29500
OXLCO,20150402,25.02,25.04,25.02,25.04,2700
OXLCP,20150402,25.86,25.86,25.86,25.86,0
PAAS,20150402,9.14,9.18,8.84,8.97,1434600
PACB,20150402,5.92,6.02,5.76,5.78,599100
PACW,20150402,46.08,46.95,46.08,46.75,581800
PAHC,20150402,34.93,36.05,33.62,33.7,169900
PANL,20150402,2.68,2.68,2.68,2.68,100
PATI,20150402,25,25,24.5,24.62,10200
PATK,20150402,28.0489,28.4845,27.8711,28.4311,51700
PAYX,20150402,49.81,49.81,49.11,49.25,1808700
PBCT,20150402,15.05,15.23,15.04,15.18,1814700
PBHC,20150402,10.14,10.14,10.07,10.08,2900
PBIP,20150402,12.68,12.73,12.68,12.72,23500
PBPB,20150402,13.91,13.98,13.69,13.77,149500
PCAR,20150402,61.9,62.28,60.78,61.2,2632600
PCH,20150402,39.83,40,39.62,39.7,111300
PCOM,20150402,10.21,10.61,10.2,10.61,41800
PCRX,20150402,86.14,87.76,85.25,86.81,644100
PCTI,20150402,7.78,7.89,7.6,7.7,69100
PCTY,20150402,28.55,29.19,28.55,28.85,40200
PCYG,20150402,13.94,14.25,13.73,13.86,51500
PCYO,20150402,5.05,5.15,5.04,5.14,22200
PDBC,20150402,20.03,20.03,20,20.03,400
PDCE,20150402,53.83,55.79,53.63,53.93,843500
PDCO,20150402,47.82,48.69,47.8,48.46,953100
PDEX,20150402,2.09,2.09,2.06,2.06,800
PDFS,20150402,17.91,18.08,17.75,17.86,120300
PEBK,20150402,18.36,18.4,18.36,18.36,3700
PEBO,20150402,23.78,24.4,23.78,24.24,47300
PEGA,20150402,21.6,21.71,21.34,21.59,158500
PENN,20150402,15.58,15.85,15.4,15.67,719800
PERI,20150402,10.65,10.89,10.38,10.89,135900
PESI,20150402,3.93,3.93,3.73,3.76,36000
PETS,20150402,16.27,16.54,16.19,16.52,237500
PFBC,20150402,28.1,29.3,27.71,28.69,53700
PFIE,20150402,1.34,1.38,1.32,1.37,124500
PFIN,20150402,6.86,6.93,6.86,6.86,3500
PFIS,20150402,42.92,43.77,42.92,43.67,5300
PFLT,20150402,14,14.03,13.91,13.96,46600
PFMT,20150402,3.39,3.41,3.31,3.4,111000
PFSW,20150402,10.97,11.03,10.96,10.99,11500
PGC,20150402,21.42,21.58,21.1,21.3,26200
PINC,20150402,37.7,37.7,36.81,37.04,245200
PKBK,20150402,11.4091,11.4091,11.1455,11.1818,1900
PKOH,20150402,53.54,54.66,52.12,52.38,35700
PLAB,20150402,8.53,8.6,8.38,8.43,93700
PLAY,20150402,29.92,30.38,29.47,30.13,301900
PLBC,20150402,9.14,9.16,9.1,9.12,3300
PLCE,20150402,63.98,64.86,63.41,64.16,190200
PLPC,20150402,41.16,43.76,41.15,42.69,19300
PLUG,20150402,2.5,2.57,2.49,2.56,2091100
PLUS,20150402,44.38,44.525,43.555,43.635,56900
PLXS,20150402,41.28,41.85,41.04,41.8,155500
PMBC,20150402,7.11,7.23,7.11,7.23,21200
PMD,20150402,16.42,16.66,16.1,16.63,15900
PME,20150402,1.95,2.11,1.95,2.11,16100
PNBK,20150402,14.22,15.04,14.22,15.04,400
PNFP,20150402,44.25,44.8,44,44.79,128300
PNNT,20150402,9.07,9.15,9.03,9.09,376300
PNQI,20150402,70.04,70.21,69.6,70.07,9300
PNRG,20150402,53.5,53.5,53.5,53.5,0
PODD,20150402,31.98,31.98,30.13,30.62,1159500
POOL,20150402,69.16,69.25,67.97,68.5,265300
POWI,20150402,25.385,25.84,25.14,25.25,228200
POWL,20150402,32.88,34.13,32.88,33.76,35500
PPBI,20150402,16.05,16.21,15.98,16.07,89100
PPC,20150402,23.8,24.85,23.57,24.44,3216300
PPSI,20150402,8.57,8.8,8.1,8.55,14900
PRAA,20150402,55.26,56.27,55.13,55.95,406600
PRFT,20150402,20.83,21.1,20.7,20.98,107200
PRFZ,20150402,104.32,104.96,104.18,104.6,50700
PRGS,20150402,26.35,27.22,25.48,25.66,627400
PRIM,20150402,17.5,18.14,17.5,18.1,331200
PROV,20150402,16.03,16.29,15.81,16.13,7600
PRPH,20150402,1.34,1.37,1.31,1.36,9000
PRQR,20150402,21.31,21.31,20,20.51,123500
PRTA,20150402,39.4,39.85,38,38.28,380000
PRTK,20150402,30.8,32.25,30.04,31.53,73400
PRTS,20150402,2.09,2.19,2.09,2.11,21700
PSCC,20150402,55.21,55.21,54.96,54.96,5100
PSCD,20150402,54.5,54.62,54.32,54.39,21800
PSCE,20150402,28.27,28.65,28.27,28.51,4100
PSCF,20150402,42.25,42.25,41.98,42.1,4500
PSCH,20150402,68.82,69,68.42,68.67,10900
PSCI,20150402,47.73,47.77,47.23,47.29,8000
PSCM,20150402,41.54,41.6,41.53,41.53,700
PSCT,20150402,52.64,52.88,52.33,52.47,12500
PSCU,20150402,39.88,39.89,39.85,39.87,2100
PSEC,20150402,8.38,8.43,8.37,8.42,1341500
PSMT,20150402,84.02,86,83.35,84.77,117400
PSTI,20150402,28.5,28.6,27.6,28.2,129400
PTC,20150402,36.16,36.56,36,36.51,1076900
PTCT,20150402,62.69,64.96,61.45,64.86,709800
PTEN,20150402,19.24,19.75,19.15,19.37,4369700
PTNR,20150402,2.58,2.61,2.53,2.56,114100
PTSI,20150402,58.25,59.56,57.65,58.3,22500
PWOD,20150402,31.7933,32.4133,31.5667,32.1867,6300
PXLW,20150402,4.96,5.13,4.94,5.04,93000
PZZA,20150402,60.63,60.81,60.06,60.72,294200
QABA,20150402,36.65,36.82,36.65,36.73,33300
QADA,20150402,24.18,24.86,23.83,24.64,53600
QADB,20150402,19.46,20.65,19.46,20.65,1300
QAT,20150402,23,23,23,23,0
QCLN,20150402,18.58,18.82,18.58,18.7,18100
QCOM,20150402,69.52,69.61,67.76,67.97,14206100
QCRH,20150402,18,18.06,18,18.06,6000
QDEL,20150402,26.25,26.25,25.73,25.84,133700
QIWI,20150402,24.77,25.15,24.56,24.88,235000
QLYS,20150402,47.2,48.54,47.18,47.27,346700
QNST,20150402,6.06,6.06,5.86,5.89,48100
QQEW,20150402,43.62,43.83,43.59,43.71,55400
QQQ,20150402,105.15,105.46,104.78,105.12,19164200
QQQX,20150402,18.42,18.64,18.42,18.55,148200
QQXT,20150402,41.33,41.42,41.27,41.38,20000
QRHC,20150402,9.68,9.84,9.36,9.6,325500
QRVO,20150402,79.2,79.2,76.67,77.79,1603800
QTEC,20150402,43.3,43.43,43.1,43.26,24100
QTNT,20150402,17.1,17.15,16.7,16.74,36900
QUIK,20150402,27.3,27.3,26.74,27.02,124100
QUMU,20150402,12.88,13.36,12.88,13.13,4800
QURE,20150402,23.62,23.62,22.51,22.86,98100
QYLD,20150402,23.31,23.38,23.18,23.38,6600
RADA,20150402,5.4,5.46,5.1,5.12,279600
RAIL,20150402,30.74,30.92,30.04,30.06,61800
RAND,20150402,35.82,36.09,35.64,36.09,2100
RARE,20150402,61.63,62.38,60.25,62.2,303100
RAVE,20150402,13.39,13.59,13.12,13.22,44000
RAVN,20150402,20.19,20.57,20.19,20.47,59200
RBCAA,20150402,24.77,25,24.42,24.8,18600
RBCN,20150402,38.6,38.9,37.5,37.8,204600
RCII,20150402,26.77,27.28,26.77,26.99,311600
RCKY,20150402,21.88,21.99,21.37,21.9,72400
RCMT,20150402,6.5,6.76,6.47,6.54,10700
RCON,20150402,8.45,8.7,8,8.2,38700
RDCM,20150402,10.01,10.27,9.75,9.85,21800
RDHL,20150402,14.66,14.8,14.45,14.69,17500
RDI,20150402,13.76,13.76,13.4,13.51,30600
RDIB,20150402,13.83,13.83,13.83,13.83,0
RDNT,20150402,8.68,8.86,8.56,8.68,342400
RDUS,20150402,40.6,42.37,40.15,42.27,312000
RDVY,20150402,22.29,22.29,22.18,22.18,9200
RDWR,20150402,20.63,20.95,20.4,20.89,194900
REFR,20150402,6.06,6.09,5.83,5.91,146800
REGI,20150402,9.58,9.67,9.34,9.36,221700
REGN,20150402,443.18,444.79,434.43,438.27,798300
RELL,20150402,9,9.02,8.77,9,29300
RENT,20150402,54.2,54.28,52.84,53.62,169600
REPH,20150402,9.05,9.18,8.12,9.04,128600
RESN,20150402,7,7.52,6.86,7.39,190000
RFIL,20150402,4.12,4.18,4.12,4.16,15900
RGCO,20150402,14.0133,14.4933,14.0133,14.0133,2100
RGEN,20150402,29.32,30.59,29.02,30.25,291700
RGLD,20150402,66.12,66.92,64.4,64.69,497600
RGLS,20150402,209.28,210.6,198.48,203.88,254500
RIBT,20150402,3.7,3.72,3.68,3.71,19500
RICK,20150402,10.64,10.97,10.6,10.88,66800
RIGL,20150402,3.74,3.8,3.57,3.64,757800
RMBS,20150402,12.68,12.7,12.53,12.61,296400
RMCF,20150402,14.03,14.28,13.92,14.09,9800
RMTI,20150402,10.63,10.82,10.47,10.49,421600
RNST,20150402,30,30.77,29.96,30.54,381200
RNWK,20150402,6.69,6.88,6.65,6.72,38200
ROCK,20150402,15.94,16.56,15.94,16.5,76300
ROIC,20150402,18.08,18.25,17.9,18.21,489800
ROLL,20150402,76.95,77.81,75.77,76.41,218300
ROST,20150402,52.15,52.285,51.715,51.96,1059600
RPRX,20150402,10,10.05,8.82,8.88,2009200
RRGB,20150402,85.01,86.68,84.69,85.85,209700
RUSHA,20150402,18.62,18.7667,18.4533,18.6,330600
RUSHB,20150402,16.8,16.82,16.5667,16.5667,2100
RUTH,20150402,15.73,15.86,15.64,15.73,104500
RVNC,20150402,19.7,20.59,19.7,20.23,140900
RVSB,20150402,4.37,4.55,4.37,4.48,32100
RWLK,20150402,311.5,331,306.25,320,143400
RXDX,20150402,10.42,10.5,10.02,10.2,199900
RYAAY,20150402,66.11,66.25,64.4,64.94,361500
SABR,20150402,23.7,24.17,23.57,24.13,1053600
SAFM,20150402,82.63,84,81.73,83.59,570900
SAFT,20150402,60.14,60.7,59.54,60.01,31000
SAGE,20150402,50.82,51.69,46.64,46.87,231700
SAIA,20150402,43.5,43.5,40.87,41.07,628600
SAL,20150402,28.92,29.34,28.89,29.34,1800
SALM,20150402,6.34,6.34,6.18,6.23,17900
SAMG,20150402,14.34,14.62,14.17,14.45,22700
SANM,20150402,24.49,24.63,24.28,24.35,365600
SANW,20150402,4.49,4.66,4.4,4.61,79900
SASR,20150402,26.12,26.52,25.69,26.25,164100
SATS,20150402,41.795,41.9169,41.2831,41.6813,180900
SBAC,20150402,119.92,120.52,118.62,120.14,693500
SBCF,20150402,14.14,14.25,14.05,14.17,57700
SBFG,20150402,10.58,10.58,10.49,10.5,2100
SBGI,20150402,31.63,31.87,31.41,31.56,657200
SBLK,20150402,17.65,17.95,17.6,17.9,309600
SBNY,20150402,130.84,131.63,129.76,131.29,254800
SBRA,20150402,33.09,33.6,33.08,33.35,328300
SBSI,20150402,28.98,29.02,28.52,28.84,82800
SBUX,20150402,46.71,47.32,46.61,47.195,4431500
SCHL,20150402,40.55,40.95,40.12,40.17,100500
SCHN,20150402,15.83,16.41,15.83,16.33,410900
SCOR,20150402,51.52,51.88,50.46,51.04,179300
SCSC,20150402,40.66,41.1,40.42,40.62,47800
SCVL,20150402,29.05,29.54,28.76,28.98,93400
SCYX,20150402,82.5,91,82.5,90,500
SEAC,20150402,7.3,7.3,6.58,6.95,1170500
SEDG,20150402,22.25,23.43,22.08,23.07,248800
SEED,20150402,14.6,15.4,14.4,14.7,79300
SEIC,20150402,44.42,44.42,43.68,43.9,479300
SENEA,20150402,29.48,30.75,29.41,30.7,28500
SENEB,20150402,32,32,32,32,0
SFBC,20150402,19.66,19.66,19.66,19.66,0
SFM,20150402,34.97,36.13,34.97,35.8,1802900
SFNC,20150402,22.595,22.995,22.57,22.91,65000
SFST,20150402,17.1,17.1,17,17,5000
SGC,20150402,19,20.9,19,19.56,59700
SGEN,20150402,35.4,35.96,34.88,35.38,897800
SGMA,20150402,7.21,7.34,7.17,7.25,6200
SGMO,20150402,15.43,15.43,14.85,14.96,500500
SGMS,20150402,10.75,11.38,10.66,11.05,2501500
SGOC,20150402,1.92,2,1.92,1.92,24700
SGRP,20150402,1.43,1.45,1.38,1.43,6300
SHBI,20150402,9.2,9.2,9.07,9.2,3400
SHEN,20150402,16.645,17.495,16.5,17.235,130000
SHIP,20150402,936,936,888,888,700
SHOO,20150402,25.6733,26.04,25.42,25.4667,742300
SHY,20150402,84.88,84.88,84.83,84.87,643500
SIEB,20150402,1.9,2.1,1.9,1.9,103700
SIEN,20150402,17.75,18.55,17.75,18.29,13500
SIFY,20150402,1.33,1.33,1.28,1.3,6300
SIGI,20150402,29.29,29.6,29.17,29.37,118500
SILC,20150402,40.81,41.47,40.75,41.11,25600
SIMO,20150402,27.26,27.3,27,27.02,535000
SINO,20150402,6.75,7.35,6.75,7.2,12300
SIRI,20150402,3.86,3.94,3.85,3.91,27754000
SIVB,20150402,125.05,126.73,124.28,125.89,258400
SKOR,20150402,51.04,51.04,51.04,51.04,700
SKYW,20150402,14.59,14.74,14.02,14.12,304000
SKYY,20150402,29.2,29.27,29.08,29.2,28800
SLAB,20150402,50.65,51.12,49.62,50.9,179200
SLCT,20150402,6.95,7.04,6.95,7.03,4700
SLGN,20150402,28.92,29.145,28.92,29.085,146400
SLM,20150402,9.36,9.5,9.29,9.44,2435100
SLMBP,20150402,63,63,61.84,62.05,1300
SLP,20150402,5.99,6.05,5.86,6.01,26100
SLRC,20150402,20.21,20.57,20.21,20.49,149000
SLVO,20150402,11.53,11.57,11.5,11.57,8300
SMBC,20150402,18.98,19.49,18.98,19.49,3300
SMCI,20150402,33.76,34.3,33.76,34.07,365600
SMED,20150402,6.36,6.48,6.31,6.46,64700
SMIT,20150402,2.7,2.7,2.7,2.7,0
SMLR,20150402,3.76,3.84,3.7,3.84,900
SMMF,20150402,11.98,11.99,11.96,11.96,2700
SMMT,20150402,12.57,13.8,12.57,13.05,123600
SMSI,20150402,5.04,5.12,5,5.12,25800
SMTC,20150402,26.57,26.95,26.31,26.44,418700
SNCR,20150402,47.21,47.78,46.84,47.35,381600
SNFCA,20150402,5.53,5.53,5.25,5.53,33800
SNPS,20150402,46.36,46.56,46.14,46.46,733300
SOCL,20150402,19.17,19.39,19.17,19.35,54200
SOHO,20150402,7.73,7.74,7.6,7.74,6600
SOHU,20150402,53.9,54.3,53.34,53.38,188200
SOXX,20150402,93.79,94.05,93.12,93.2,214500
SP,20150402,22.22,22.7,21.76,22.12,42100
SPCB,20150402,8.59,8.73,8.45,8.7,151200
SPLK,20150402,58.09,59.39,57.83,59.23,1139000
SPNS,20150402,8.5,8.5,8.34,8.41,62300
SPOK,20150402,20.63,21.73,20.18,20.62,207300
SPPI,20150402,6.13,6.13,5.92,5.97,877100
SPRO,20150402,1.78,1.82,1.78,1.78,5900
SPSC,20150402,66.64,69.01,66.64,68.77,93700
SPTN,20150402,31.5,32.45,31.5,32.26,207800
SPWH,20150402,8.01,8.74,7.98,8.71,1113800
SPWR,20150402,31,31.77,30.9,31.47,1306000
SQQQ,20150402,2168.8,2191.2,2150.4,2168.8,3058600
SRCE,20150402,32.39,32.96,32.39,32.63,23800
SRCL,20150402,139.04,140.42,138.56,140.14,337100
SRDX,20150402,26.3,26.56,25.99,26.21,24700
SRET,20150402,15.55,15.56,15.52,15.56,3100
SREV,20150402,3.07,3.23,3.07,3.16,277500
SRNE,20150402,11.62,12.33,11.24,12,548200
SRPT,20150402,14.3,14.35,13.77,14.25,943300
SSB,20150402,69.15,69.63,68.8,69.03,48600
SSBI,20150402,13.35,13.39,13.21,13.3,1300
SSNC,20150402,61.97,62.85,61.9,62.43,268900
SSYS,20150402,53.23,54.14,52.37,52.89,1099000
STAA,20150402,7.04,7.37,7.04,7.25,233600
STBA,20150402,28.76,29.23,28.61,28.92,54100
STFC,20150402,25,25.5,24.92,25.49,30200
STKL,20150402,10.71,10.97,10.68,10.8,213100
STLD,20150402,19.77,20.52,19.6,20.43,2592300
STRA,20150402,55.1,55.97,54.39,54.5,63000
STRL,20150402,4.62,4.84,4.62,4.8,80700
STRM,20150402,3.36,3.57,3.36,3.45,18100
STRN,20150402,5.21,5.25,5.16,5.16,1300
STRS,20150402,13.8,13.8,13.8,13.8,0
STRT,20150402,73.35,74.5,72.65,74.03,8400
STX,20150402,51.57,53.04,51.32,52.45,3695800
SUMR,20150402,25.02,26.73,24.03,26.46,45800
SUNS,20150402,16.49,16.7,16.38,16.68,44100
SUPN,20150402,12.8,12.93,12.24,12.41,637000
SURG,20150402,5.4,5.41,5.39,5.39,97700
SVBI,20150402,4.87,4.87,4.87,4.87,0
SVVC,20150402,14.18,14.43,14.18,14.39,26900
SWIR,20150402,32.96,33.37,32.62,33.22,260400
SWKS,20150402,97.11,97.64,96.01,96.51,3025600
SYBT,20150402,23.44,23.7333,23.2467,23.42,30900
SYNA,20150402,79.15,80.97,79.05,79.78,346000
SYNL,20150402,14.65,14.75,14.34,14.6,28700
SYPR,20150402,2.1,2.14,2.05,2.1,6500
TACT,20150402,5.76,5.85,5.59,5.61,6000
TAIT,20150402,0.97,1,0.95,0.97,19800
TANH,20150402,8.43,8.5,8.08,8.5,15700
TAST,20150402,8.39,8.44,8.24,8.27,195700
TATT,20150402,6.81,6.81,6.78,6.81,2400
TAYD,20150402,12.02,12.25,12.02,12.25,1700
TBBK,20150402,9.02,9.27,9.02,9.2,105900
TBK,20150402,13.52,13.64,13.4,13.63,19200
TBNK,20150402,23.6,23.99,23.38,23.73,26300
TBPH,20150402,17.2,17.34,16.75,17.27,100800
TCBI,20150402,48.35,48.97,48.16,48.29,287900
TCBK,20150402,24.41,24.91,24.41,24.75,32000
TCFC,20150402,19.8,19.8,19.8,19.8,100
TCON,20150402,145.5,145.8,137.3,139,21700
TCPC,20150402,15.92,16.08,15.88,16,129500
TCX,20150402,19.05,19.25,18.84,19.11,26900
TDIV,20150402,26.85,27.05,26.85,26.89,1199800
TECH,20150402,100.54,101.4,98.34,98.52,312500
TEDU,20150402,9.4,9.69,9.28,9.66,174300
TENX,20150402,66.2,70,66.2,70,72500
TESS,20150402,23.68,24.49,23.68,24.34,8200
TFSL,20150402,14.66,14.76,14.58,14.73,201000
TGA,20150402,3.67,3.82,3.67,3.75,286600
TGLS,20150402,9.9,9.9,9,9,300
TGTX,20150402,15.9,15.95,15.24,15.54,373500
THFF,20150402,36,36,35.61,35.79,23100
THRM,20150402,49.64,50.31,48.85,49.21,558500
THRX,20150402,15.86,16.1,15.07,15.18,719500
TIGR,20150402,0.43,0.43,0.39,0.41,30300
TILE,20150402,20.43,21.21,20.05,21.08,2182900
TIPT,20150402,6.85,7.04,6.82,6.88,13300
TITN,20150402,12.98,13.45,12.97,13.15,72300
TLT,20150402,131.93,131.97,130.61,130.73,6663300
TNDM,20150402,12.53,12.91,12.43,12.79,123800
TNXP,20150402,6130,6130,5890,6070,75200
TOPS,20150402,1160000,1170000,1110000,1140000,7000
TOUR,20150402,12.65,13.44,12.65,12.92,363600
TOWN,20150402,16.35,16.54,16.33,16.52,103800
TQQQ,20150402,16.9083,17.0667,16.7417,16.9033,2303600
TREE,20150402,56,56,55.49,55.86,89300
TRIB,20150402,18.88,18.88,17.25,17.45,934400
TRIL,20150402,25.07,26.24,24.5,25.02,514700
TRIP,20150402,82.48,83.32,82.05,82.5,1159200
TRMB,20150402,24.68,25,24.58,24.68,809100
TRMK,20150402,24.07,24.33,24.07,24.29,289000
TRNS,20150402,9.45,9.76,9.45,9.53,6100
TROW,20150402,81.79,82.08,81.3,81.96,952100
TRS,20150402,30.49,31.03,30.1,30.17,439500
TRST,20150402,6.91,6.92,6.79,6.92,226700
TRUE,20150402,16.44,16.53,15.1,15.71,6518800
TRVN,20150402,7.62,7.62,7,7.09,240300
TSBK,20150402,10.68,10.72,10.67,10.69,11600
TSC,20150402,10.44,10.76,10.44,10.66,73900
TSCO,20150402,84.72,85.95,84.62,85.62,454600
TSEM,20150402,17.48,17.75,17.36,17.72,965400
TSLA,20150402,38.046,38.646,38,38.2,5010300
TSRI,20150402,4.95,4.95,4.95,4.95,0
TTEC,20150402,25.48,25.76,25.14,25.4,44300
TTEK,20150402,24.03,24.37,23.92,24.09,329100
TTGT,20150402,11.54,11.83,11.51,11.79,42100
TTMI,20150402,9.07,9.18,9,9.04,357900
TTOO,20150402,16.46,16.98,16.22,16.88,85100
TTWO,20150402,24.82,25.1,24.66,25,1444400
TUSA,20150402,26.62,26.62,26.62,26.62,0
TW,20150402,129.97,131.81,129.61,130.38,239900
TWIN,20150402,17.63,18.03,17.63,17.78,18500
TWOU,20150402,25.37,25.7,25,25.4,325000
TXN,20150402,56.54,57.2,56.42,56.72,3545900
TXRH,20150402,36.12,36.2,35.76,36.03,380100
TZOO,20150402,9.49,9.65,9.37,9.39,67200
UAE,20150402,19.06,19.06,18.62,18.62,14700
UBCP,20150402,7.88,7.88,7.88,7.88,600
UBFO,20150402,5.38,5.4,5.21,5.34,600
UBOH,20150402,15.14,15.14,15.06,15.13,700
UBSI,20150402,37.43,37.88,37.34,37.57,292300
UCBI,20150402,19.06,19.16,18.93,19.01,237600
UCTT,20150402,7.28,7.41,7.26,7.34,74800
UEIC,20150402,56.12,57.13,56.12,56.78,49100
UEPS,20150402,13.51,13.56,13.34,13.36,111600
UFCS,20150402,31.95,32.22,31.75,32.22,28200
UFPI,20150402,54.67,54.78,53.9,54.38,83900
UFPT,20150402,22.96,22.98,22.28,22.83,18800
UG,20150402,18.65,18.74,18.65,18.74,400
UHAL,20150402,336.89,336.89,324.4,326.95,93900
UIHC,20150402,22.71,22.93,22.21,22.36,137700
ULBI,20150402,3.86,4,3.86,3.98,3100
ULTA,20150402,150.65,152.24,149.52,151.33,691600
UMBF,20150402,51.96,52.81,51.65,52.5,216500
UMPQ,20150402,17.22,17.39,17.06,17.37,1424500
UNAM,20150402,10.58,10.74,10.57,10.58,3000
UNB,20150402,25.16,25.5,25.16,25.5,4500
UNTY,20150402,9,9.05,9,9,18300
UPLD,20150402,6.64,7.05,6.31,6.54,78500
URBN,20150402,45.5,45.6,43.54,43.97,4811200
USAK,20150402,27.97,28.53,27.24,27.43,48200
USAP,20150402,26.48,26.74,26.27,26.37,38900
USEG,20150402,66.6,67.2,63,64.8,193900
USLM,20150402,63.14,65.2,63.08,64.7,4100
UTHR,20150402,173.7,176.13,172.75,174.73,576400
UTMD,20150402,58.05,59,57.51,58.3,4500
UTSI,20150402,2.7,2.7,2.62,2.64,32600
UVSP,20150402,19.94,20.1,19.94,20,42400
VALU,20150402,14.45,14.45,14.45,14.45,500
VBFC,20150402,18.78,20.49,18.75,20.49,8800
VBIV,20150402,2.67,2.89,2.67,2.75,38300
VBLT,20150402,4.61,4.91,4.52,4.77,305000
VBTX,20150402,14.03,14.1,14,14.02,4400
VCEL,20150402,3.58,3.73,3.5,3.69,55300
VCIT,20150402,87.89,87.95,87.75,87.88,456200
VCLT,20150402,94.77,94.77,94.15,94.26,44700
VCSH,20150402,80.24,80.25,80.19,80.21,494700
VCYT,20150402,7.55,7.66,7.24,7.44,60300
VECO,20150402,31.17,31.98,31,31.52,449400
VGIT,20150402,65.5,65.61,65.4,65.4,20700
VGLT,20150402,81.1,81.1,80.34,80.4,38300
VGSH,20150402,61.11,61.17,61.09,61.1,29500
VIA,20150402,67.85,68.26,67.4,67.94,21600
VICR,20150402,15.34,15.58,15.28,15.4,29500
VIEW,20150402,1.4,1.41,1.4,1.4,6800
VIRC,20150402,2.65,2.71,2.6,2.68,158700
VIVO,20150402,18.89,18.97,18.77,18.91,240400
VLGEA,20150402,31.7,31.7,31.02,31.48,58300
VMBS,20150402,53.53,53.57,53.4,53.45,102100
VNDA,20150402,9.22,9.4,9.13,9.28,409900
VNET,20150402,16.98,17.45,16.84,17.39,246400
VNOM,20150402,18.63,18.87,18.04,18.59,29400
VNQI,20150402,57.07,57.23,56.96,57.19,272500
VOD,20150402,32.72,33.02,32.67,32.89,2497100
VONE,20150402,95.45,95.9,95.37,95.69,9700
VONG,20150402,101.16,101.59,101.16,101.55,20700
VONV,20150402,89.68,90.35,89.68,90.27,28000
VOXX,20150402,8.85,9.34,8.85,9.05,99800
VRA,20150402,15.79,16.28,15.79,16.15,257300
VRNS,20150402,24.54,25.16,24.44,24.74,86000
VRNT,20150402,62.53,63.02,62.11,62.97,285300
VRSK,20150402,71.33,72.5,70.99,72.27,1059900
VRSN,20150402,66.81,66.85,66.25,66.69,1206700
VRTS,20150402,136.59,141.89,135.66,135.95,138800
VRTX,20150402,115.85,117.74,114.32,117.23,1513900
VSAT,20150402,59.95,60.55,59.74,59.99,117200
VSEC,20150402,41.615,41.87,40.955,41.07,13300
VSTM,20150402,9.63,10.05,9.51,10.01,378100
VTHR,20150402,95.79,96.24,95.7,96.23,7700
VTIP,20150402,48.56,48.58,48.51,48.57,96300
VTNR,20150402,2.87,2.98,2.75,2.81,248700
VTWG,20150402,110.22,110.72,110.06,110.25,8900
VTWO,20150402,99.68,100.19,99.68,99.91,78000
VTWV,20150402,89.66,90.29,89.66,90.29,3200
VUZI,20150402,5.73,5.99,5.62,5.76,104700
VWOB,20150402,78.19,78.19,77.94,78.09,30500
VXUS,20150402,51,51.25,51,51.21,411900
WABC,20150402,43.38,43.38,42.53,43.09,118800
WAFD,20150402,21.57,21.87,21.51,21.82,540500
WASH,20150402,38.6,38.81,37.45,38.58,18700
WATT,20150402,9.15,9.49,8.8,8.92,236300
WB,20150402,13.03,13.37,13.01,13.33,255600
WBA,20150402,84.41,86.11,84.12,85.97,2955200
WDAY,20150402,83.75,86.73,82.89,86.23,1474500
WDC,20150402,91.79,93.31,91.7,93,2081400
WDFC,20150402,87.73,88.87,87.56,88.54,103600
WEN,20150402,10.85,10.98,10.83,10.93,2019600
WERN,20150402,31.49,31.53,30.21,30.24,826900
WETF,20150402,21.16,21.98,21.09,21.73,1569500
WEYS,20150402,30.07,30.35,29.75,30,14100
WHF,20150402,12.57,12.64,12.39,12.6,17700
WHLM,20150402,5.2,5.2,5.2,5.2,300
WHLR,20150402,18.72,18.72,17.2,17.2,41400
WHLRP,20150402,23.9,24,23.9,23.98,4400
WILC,20150402,5.64,5.87,5.62,5.73,6800
WINA,20150402,87.15,87.15,85.03,85.42,2100
WIRE,20150402,37.49,37.94,37.25,37.79,138400
WIX,20150402,19.05,19.19,18.7,19.1,117300
WLDN,20150402,13.3,13.88,13.26,13.29,161600
WLFC,20150402,18.89,19.3,18.84,19.27,15100
WOOD,20150402,54.59,54.73,54.43,54.43,12100
WOOF,20150402,54.22,54.77,53.68,54.1,345600
WPRT,20150402,3.95,4.12,3.92,4.03,279500
WRLD,20150402,72.92,73.98,71.03,71.7,253800
WSBC,20150402,32.79,33.35,32.79,33.08,69300
WSBF,20150402,12.89,12.9,12.82,12.83,144100
WSFS,20150402,24.87,25.2333,24.87,25.0567,49100
WSTG,20150402,17.97,18.15,17.72,17.72,10800
WTBA,20150402,19.91,19.91,19.34,19.53,21500
WTFC,20150402,47.89,48.49,47.86,48,184600
WVFC,20150402,12,12,12,12,0
WVVI,20150402,5.98,6.25,5.98,6.15,6700
WWD,20150402,50.91,51.49,50.46,50.95,151700
WYNN,20150402,125.72,129.56,125,129.4,1346200
XENE,20150402,17.15,17.15,16.35,16.51,20600
XENT,20150402,26.34,26.88,25.94,26.32,175000
XLNX,20150402,41.97,42.39,41.72,42.06,3459300
XLRN,20150402,37.75,37.75,34.52,34.58,517900
XNCR,20150402,15.24,15.26,14.58,14.74,97600
XNET,20150402,6.43,6.49,6.25,6.35,62600
XOMA,20150402,71.8,73.2,70.2,70.8,1818400
XONE,20150402,13.47,14.12,13.33,13.84,136300
XRAY,20150402,50.16,50.72,49.97,50.23,457600
XTLB,20150402,12.1,12.35,11.55,12.2,3500
YNDX,20150402,15.91,16.68,15.66,16.24,7212400
YORW,20150402,24.2,24.28,24.06,24.27,10200
YY,20150402,55.55,57.29,55.54,56.11,615100
Z,20150402,98.7,101.69,98.7,100.86,1477800
ZBRA,20150402,89.41,90.8,89.06,89.34,223100
ZEUS,20150402,13.47,14.14,13.47,13.77,33500
ZGNX,20150402,11.6,12.08,11.36,11.76,3185700
ZION,20150402,26.88,27.19,26.82,27.11,1464600
ZIOP,20150402,10.11,10.4,9.95,9.96,3281600
ZIXI,20150402,3.99,4,3.94,3.96,116400
ZNGA,20150402,2.78,2.82,2.74,2.78,7001000
ZSAN,20150402,188.8,212,188.8,206.6,47400
ZUMZ,20150402,38.89,39.49,38.56,39.17,224800
