AAL,20150102,54.3,54.6,53.07,53.91,10756700
AAME,20150102,3.99,4.03,3.98,4.03,11400
AAOI,20150102,11.28,11.28,10.72,10.79,184500
AAON,20150102,22.55,22.68,21.6,21.93,90700
AAPL,20150102,27.8475,27.86,26.8375,27.3325,53204600
AAWW,20150102,49.71,49.82,47.73,48.42,225900
AAXJ,20150102,61.17,61.17,60.49,60.63,509500
ABCB,20150102,25.84,25.85,24.92,25.27,73200
ABIO,20150102,123.48,132.3,122.22,131.04,313600
ABMD,20150102,38.27,38.51,36.86,37.31,249000
ACAD,20150102,32.17,32.75,31.1,31.15,1261200
ACET,20150102,21.89,21.96,21.22,21.62,158900
ACGL,20150102,19.7333,19.86,19.4267,19.4967,367100
ACHC,20150102,61.75,62.2,58.73,59.98,486100
ACIW,20150102,20.29,20.46,19.44,19.71,896200
ACLS,20150102,10.24,10.4,10,10.2,755900
ACNB,20150102,20.9,21.9,20.9,21.35,2200
ACOR,20150102,41.27,41.68,40.04,40.51,383300
ACRX,20150102,6.77,6.88,6.64,6.81,297200
ACST,20150102,5.2,5.2,5.1,5.1,28900
ACTG,20150102,17.12,17.2,16.67,16.72,485300
ACWI,20150102,58.66,58.88,58.15,58.36,1424100
ACWX,20150102,43.17,43.17,42.7,42.76,2486800
ADBE,20150102,72.7,73.2,71.89,72.34,2356400
ADES,20150102,22.96,22.96,21.69,21.86,71300
ADI,20150102,55.68,56.25,54.97,55.54,1329600
ADMA,20150102,11.25,11.5,11.2,11.45,3300
ADMP,20150102,6.15,6.23,5.87,6.14,74900
ADMS,20150102,17.48,17.94,17.21,17.49,180400
ADP,20150102,82.98,84.18,82.52,83.29,1872200
ADRE,20150102,35.47,35.47,35.06,35.16,15000
ADSK,20150102,60.06,60.49,58.95,59.53,901900
ADTN,20150102,21.91,21.96,21.29,21.78,323400
ADUS,20150102,24.29,24.29,23.31,24.02,39500
ADXS,20150102,118.05,129.3,118.05,126.3,896400
AEHR,20150102,2.66,2.75,2.6,2.75,3500
AEIS,20150102,23.83,24.31,23.31,24.22,391400
AERI,20150102,29.45,31.34,29.23,31.25,283800
AEY,20150102,2.4,2.46,2.34,2.4,59600
AEZS,20150102,64,64,57,60,561400
AFMD,20150102,6.31,6.52,6.16,6.24,55500
AGEN,20150102,3.97,4.02,3.88,3.98,390500
AGIO,20150102,113.65,114.78,106.23,109.76,642600
AGNC,20150102,21.87,22.36,21.82,22.32,2956800
AGNCP,20150102,26.66,26.66,26.43,26.43,17100
AGRX,20150102,6.23,6.32,6.1,6.32,16300
AGTC,20150102,21.06,21.64,20.8,21.31,30400
AGYS,20150102,12.54,12.54,12.24,12.4,22700
AGZD,20150102,49.31,49.32,49.11,49.29,2300
AHPI,20150102,1.84,1.84,1.6,1.77,31500
AIMC,20150102,28.57,28.67,27.97,28.52,187100
AINV,20150102,22.29,22.59,22.11,22.44,1770200
AIQ,20150102,20.86,22.12,20.59,22.1,33400
AIRR,20150102,18.28,18.33,18,18.19,12300
AIRT,20150102,25.89,26.14,24.9,25.65,14900
AKAM,20150102,63.48,63.9,62.52,63.25,851900
AKBA,20150102,11.61,11.64,11.25,11.5,127600
ALCO,20150102,50,50.03,49.22,50.03,21100
ALDX,20150102,7.65,7.65,6.9,7.3,23000
ALGN,20150102,57.24,58.38,55.78,56.2,797000
ALGT,20150102,151.87,152.58,147.35,149.86,169800
ALIM,20150102,5.51,5.82,5.49,5.81,137300
ALKS,20150102,58.57,59.36,57.31,58.24,764100
ALLT,20150102,9.26,9.41,9.04,9.18,119200
ALNY,20150102,96.88,99.9,96.31,97.77,380900
ALOT,20150102,16.5,16.5,15.8,15.8,18300
ALTR,20150102,37.12,37.49,36.77,37.1,1938200
AMAT,20150102,25,25.16,24.6,24.96,6910200
AMBA,20150102,51.14,52.45,48.87,51.02,1326100
AMCX,20150102,64.18,65.07,63.15,63.9,402100
AMD,20150102,2.7,2.73,2.64,2.69,8330200
AMED,20150102,29.41,29.99,28.46,28.94,182500
AMGN,20150102,160.16,162.59,158.6,159.89,2606700
AMKR,20150102,7.17,7.22,6.91,7.12,710200
AMNB,20150102,24.43,24.72,23.53,24.04,24300
AMOT,20150102,23.94,23.94,22.66,23.05,34800
AMPH,20150102,11.67,11.87,11.5,11.84,127000
AMRK,20150102,9.81,10,9.81,9.97,2000
AMRN,20150102,0.98,1.15,0.98,1.13,1891500
AMRS,20150102,31.65,33.6,31.2,32.7,196800
AMSC,20150102,7.5,8.2,7.4,8.2,424300
AMSF,20150102,42.72,42.72,41.29,41.55,39100
AMSWA,20150102,9.12,9.16,8.95,8.98,36000
AMTX,20150102,5.21,6,5.21,6,21300
AMWD,20150102,40.67,41.09,39.26,39.98,85200
AMZN,20150102,312.58,314.75,306.96,308.52,2788100
ANAT,20150102,114.05,114.99,113,114,8400
ANDE,20150102,53.48,53.89,52.63,53.33,124300
ANGI,20150102,6.26,6.51,6.15,6.39,643000
ANGO,20150102,19.09,19.3,18.96,19.21,163400
ANIK,20150102,41.2,41.48,38.95,39.76,196600
ANIP,20150102,56.6,58.23,54.6,56.99,294300
ANSS,20150102,82.09,82.63,81.02,81.64,282700
ANY,20150102,5.3,5.72,5.3,5.42,80900
AOSL,20150102,8.87,9.01,8.77,8.84,20100
APDN,20150102,120,120,111.2,117.2,75000
APEI,20150102,36.95,37.08,35.51,36.14,98500
APOG,20150102,42.51,42.78,40.94,41.26,177900
APTO,20150102,5.95,6.04,5.87,6,7600
APWC,20150102,2.6,2.6,2.6,2.6,400
ARAY,20150102,7.59,7.62,7.13,7.21,1460600
ARCB,20150102,46.69,46.75,44.69,45.88,228900
ARCC,20150102,15.62,15.9,15.57,15.85,2265800
ARDX,20150102,19.47,20.3,18.95,20.26,73100
ARKR,20150102,22.55,23,22.19,22.19,1000
ARLP,20150102,43.43,43.65,42.66,43.18,174000
ARNA,20150102,35,36.3,34.4,35.9,5220300
AROW,20150102,27.53,27.53,26.88,27.01,17500
ARRY,20150102,4.8,4.88,4.68,4.83,960700
ARTNA,20150102,22.63,22.73,22.23,22.49,11600
ARTW,20150102,5.16,5.16,5,5.13,2200
ARWR,20150102,7.71,7.99,7.49,7.71,4198500
ASMB,20150102,7.71,8.17,7.35,7.88,16700
ASML,20150102,107.67,108.41,106.57,107.4,395700
ASPS,20150102,33.83,35.25,33.56,34.17,285900
ASRV,20150102,3.1,3.14,3.03,3.04,22800
ASTC,20150102,2.48,2.54,2.44,2.49,11400
ASTE,20150102,39.5,39.52,38.09,38.73,91000
ASUR,20150102,5.25,5.58,5.25,5.5,3600
ASYS,20150102,10.3,10.72,9.65,10.27,47500
ATAI,20150102,4.64,4.7,4.13,4.7,18800
ATAX,20150102,5.3,5.34,5.23,5.25,135900
ATEC,20150102,16.56,17.28,16.44,16.8,82400
ATHX,20150102,1.56,1.66,1.54,1.66,782700
ATLC,20150102,2.45,2.68,2.45,2.6,7000
ATLO,20150102,26.06,26.06,25.29,25.47,9100
ATNI,20150102,68.1,68.17,66.59,67.77,34400
ATOS,20150102,291.6,291.6,234,252,686300
ATRA,20150102,26.7,26.7,26.25,26.7,58700
ATRC,20150102,20.07,20.14,19.1,19.78,197700
ATRI,20150102,340,344.38,339.97,341.94,5200
ATRO,20150102,55.31,56.11,54.09,55.27,167100
ATRS,20150102,2.57,2.68,2.57,2.59,1428300
ATSG,20150102,8.74,8.74,8.26,8.34,71200
ATVI,20150102,20.24,20.28,19.99,20.13,3234000
AUBN,20150102,23.64,23.64,23.64,23.64,0
AUDC,20150102,4.57,4.62,4.51,4.57,70500
AUPH,20150102,3.96,3.96,3.57,3.73,15700
AVAV,20150102,27.38,27.88,26.65,26.95,142500
AVEO,20150102,8.4,8.8,8,8.8,279600
AVGO,20150102,100.93,102.21,99.13,100.09,1350000
AVID,20150102,14.25,14.25,14.02,14.22,147000
AVNW,20150102,18.36,18.48,18,18.24,66800
AWRE,20150102,4.56,4.56,4.44,4.5,23600
AXDX,20150102,19.51,19.51,18.17,18.55,83700
AXGN,20150102,3.6,3.62,3.56,3.6,9900
AXTI,20150102,2.8,2.85,2.8,2.81,41800
AZPN,20150102,35.24,35.93,34.56,35.02,361400
BANF,20150102,63.67,63.7,62.15,62.67,11400
BANFP,20150102,29.1,29.1,29.1,29.1,0
BANR,20150102,43.38,43.38,41.87,42.4,60100
BANX,20150102,19.98,19.98,19.01,19.44,26200
BBBY,20150102,78.43,78.43,76.21,76.73,2744800
BBGI,20150102,5.11,5.11,4.82,5.02,3700
BBSI,20150102,27.42,27.76,26.24,26.94,144800
BCBP,20150102,11.73,11.73,11.73,11.73,0
BCLI,20150102,7.43,8.47,6.85,7.5,24726300
BCOR,20150102,13.95,13.95,13.4,13.51,252600
BCOV,20150102,7.87,7.89,7.51,7.74,124300
BCPC,20150102,66.87,67.03,62.97,64.18,164300
BCRX,20150102,12.26,12.36,11.93,12.14,655100
BDSI,20150102,12.15,12.43,11.97,12.24,629000
BEAT,20150102,10.09,10.16,9.8,10.01,157600
BECN,20150102,28.02,28.27,27.6,27.86,614700
BELFA,20150102,23.2,23.2,20.88,22.31,2400
BELFB,20150102,27.41,27.53,25,26.03,34100
BFIN,20150102,11.87,11.93,11.56,11.6,21400
BGCP,20150102,9.15,9.32,9.09,9.14,685200
BGFV,20150102,14.73,14.89,14.08,14.2,133700
BIB,20150102,63.875,65.125,62.735,63.91,298600
BICK,20150102,23.5,23.5,23.39,23.43,900
BIDU,20150102,229.46,230.45,221.49,223.08,3490000
BIIB,20150102,315.0292,319.6163,313.4817,315.0292,976700
BIOC,20150102,74.1,74.4,74.1,74.4,500
BIOL,20150102,13.1,13.5,12.95,13.2,75500
BIS,20150102,45.38,46.03,44.25,45.19,108600
BJRI,20150102,50.61,51.3,49.25,50.09,238200
BKCC,20150102,8.27,8.36,8.18,8.29,428600
BKEP,20150102,6.72,6.82,6.71,6.72,12100
BKEPP,20150102,8.24,8.27,8.24,8.27,4100
BKSC,20150102,14.99,14.99,14.99,14.99,200
BLCM,20150102,236.9,240,220.5,228.6,383800
BLDP,20150102,1.79,1.88,1.77,1.83,1275300
BLFS,20150102,1.72,1.72,1.6,1.64,12000
BLIN,20150102,120,120,110,115,12900
BLKB,20150102,43.48,43.81,41.53,42.07,130800
BLMN,20150102,24.8,24.98,23.55,23.92,2256100
BLRX,20150102,24.75,26.1,24.75,25.65,133900
BLUE,20150102,92.83,93.5,87.21,91.26,615600
BMRC,20150102,26.24,26.48,25.205,25.48,14900
BMRN,20150102,91.24,92.63,90.71,92.17,722000
BMTC,20150102,31.42,31.42,30.37,30.73,34200
BNDX,20150102,53.13,53.35,53.13,53.35,448100
BNFT,20150102,33.11,33.56,30.01,31.3,149200
BNSO,20150102,1.35,1.42,1.35,1.39,1800
BOKF,20150102,60.45,60.45,58.79,60.01,208200
BOOM,20150102,16.11,16.17,15.51,15.77,28700
BOSC,20150102,3.27,3.28,3.27,3.28,300
BOTJ,20150102,10.1,10.45,10.1,10.45,1900
BPOP,20150102,33.86,34.35,33.54,34.08,536700
BPOPM,20150102,21.29,21.29,21.29,21.29,700
BPOPN,20150102,22.95,22.95,22.95,22.95,400
BPTH,20150102,538,538,522,532,60000
BRID,20150102,7.75,7.75,7.75,7.75,0
BRKL,20150102,10.11,10.15,9.78,9.87,175300
BRKR,20150102,19.7,19.88,19.13,19.63,1378800
BRKS,20150102,12.87,12.91,12.52,12.61,225000
BRLI,20150102,32.48,33.29,32.2,32.55,240600
BSET,20150102,19.51,19.61,19.16,19.3,13800
BSQR,20150102,4.48,4.59,4.48,4.52,35600
BSRR,20150102,17.62,17.64,17,17.18,4700
BUSE,20150102,6.57,6.57,6.43,6.5,141100
BWEN,20150102,5.39,6.08,5.33,5.68,31500
BWFG,20150102,20.31,21,20,20.83,4800
BYFC,20150102,1.31,1.34,1.31,1.34,700
CAAS,20150102,7.1,7.23,7,7.04,49500
CAC,20150102,39.9,39.9,38.67,39.14,8600
CACC,20150102,137.74,139.74,135,136.9,35000
CACG,20150102,9.77,9.77,9.77,9.77,0
CAKE,20150102,50.63,50.88,49.79,50.11,508300
CALA,20150102,20.19,21.4,19.3,20.9,167300
CALM,20150102,39.2,39.42,38.07,38.65,521200
CAMP,20150102,18.49,18.7,18.11,18.35,527900
CAMT,20150102,3.03,3.11,2.97,3.04,62100
CAR,20150102,66.39,66.87,65.5,66.77,2401000
CARA,20150102,10.06,10.79,9.9,10.6,404800
CARV,20150102,6.25,6.25,6.25,6.25,0
CARZ,20150102,37,37,36.87,36.9,2800
CASH,20150102,11.7333,12.0967,11.6933,11.8,87500
CASI,20150102,1.44,1.44,1.33,1.41,9800
CASS,20150102,53.67,53.67,49.87,50.17,22700
CASY,20150102,90.02,90.61,88.28,89,184000
CATY,20150102,25.76,25.91,24.93,25.32,203100
CBAN,20150102,7.88,7.88,7.88,7.88,0
CBAY,20150102,9.81,10,9.33,9.69,72900
CBFV,20150102,19.9,19.9,19.9,19.9,100
CBNK,20150102,16.8,16.8,16.6,16.61,1900
CBRL,20150102,141.77,142.49,137.1,138.77,282100
CBSH,20150102,43.77,43.95,42.79,43.25,478800
CCBG,20150102,15.69,15.77,15.4,15.7,48800
CCLP,20150102,13.27,14.77,13.27,14.67,177600
CCMP,20150102,47.71,48.23,46.13,46.82,90800
CCNE,20150102,18.65,18.74,17.92,18.3,38100
CCOI,20150102,35.85,36.44,34.68,34.97,284800
CCRN,20150102,12.61,12.78,12.14,12.61,292100
CCXI,20150102,6.84,6.97,6.56,6.82,175300
CDC,20150102,36.72,36.82,36.58,36.76,13600
CDK,20150102,40.79,41.3,39.36,40.47,914900
CDNA,20150102,7.24,7.46,7.14,7.22,2000
CDNS,20150102,19.15,19.24,18.57,18.83,3508500
CDW,20150102,35.3,35.3,34.6,34.86,380100
CDXS,20150102,2.56,2.79,2.5,2.79,80900
CDZI,20150102,11.23,11.23,10.72,10.88,28500
CECE,20150102,15.69,15.69,15.07,15.38,25900
CEMI,20150102,3.88,3.91,3.87,3.87,10400
CENT,20150102,8.77,9,8.7,8.99,20000
CENTA,20150102,9.64,9.74,9.39,9.67,188100
CENX,20150102,24.52,24.85,24.19,24.66,643700
CERE,20150102,2,2.16,1.84,2.08,256900
CERN,20150102,64.92,65.38,64.43,65.03,1188300
CERS,20150102,6.27,6.65,6.25,6.51,1357100
CEVA,20150102,18.33,18.49,17.78,18.11,71000
CFA,20150102,36.28,36.33,36.22,36.22,1000
CFBK,20150102,6.765,7.205,6.765,7.15,1500
CFFI,20150102,39.75,39.75,38.8,39.75,3000
CFFN,20150102,12.68,12.92,12.6,12.74,606800
CFO,20150102,36.54,36.56,36.15,36.48,10100
CFRX,20150102,35.5,38.1,35.5,37.9,10300
CG,20150102,27.71,28.3,27.12,28.18,302700
CGEN,20150102,8.35,8.73,8.35,8.6,157200
CGNX,20150102,20.82,21.03,20.24,20.42,319500
CGO,20150102,13.25,13.35,13.06,13.13,20100
CHCI,20150102,1.02,1.05,1,1.05,38800
CHCO,20150102,46.72,46.72,45.22,45.91,18800
CHDN,20150102,31.8333,31.8333,30.93,31.1667,38600
CHEF,20150102,23.15,23.24,21.33,22.84,91800
CHI,20150102,12.9,12.99,12.86,12.98,137600
CHKP,20150102,78.71,79.24,78.02,78.46,569100
CHMG,20150102,27.66,27.85,27.66,27.85,900
CHNR,20150102,2.38,3.28,2.38,2.77,188400
CHRS,20150102,16.45,16.73,15.59,15.82,104100
CHRW,20150102,74.85,75.24,73.02,73.84,2056000
CHSCM,20150102,25.39,25.54,25.39,25.53,86900
CHSCN,20150102,26.33,26.46,26.29,26.45,42800
CHSCO,20150102,28.66,28.69,28.56,28.69,6900
CHSCP,20150102,31.36,31.4,31.15,31.27,12100
CHTR,20150102,167.23,167.29,164.53,166.43,713100
CHUY,20150102,19.88,20,19.4,19.82,398500
CHW,20150102,9.05,9.08,8.84,8.96,341100
CHY,20150102,13.84,13.91,13.76,13.91,129400
CIDM,20150102,16.4,16.5,16.1,16.3,64700
CINF,20150102,52,52.31,51.24,51.61,386600
CIZ,20150102,34.62,34.62,34.62,34.62,200
CIZN,20150102,19.64,19.64,19.18,19.29,2800
CJJD,20150102,2.9,2.9,2.4,2.56,358300
CLDX,20150102,276.15,282.6,272.25,276.15,950400
CLFD,20150102,12.44,12.7,12.01,12.56,38900
CLIR,20150102,7.33,7.43,6.89,7.24,39600
CLMT,20150102,22.31,23.63,22.29,23.54,172000
CLNE,20150102,5.03,5.17,4.98,5.12,1247600
CLRB,20150102,306,318,306,306,3500
CLRO,20150102,9.75,9.79,9.67,9.73,2100
CLSN,20150102,2.32,2.4,2.32,2.39,46000
CLVS,20150102,56.7,57.64,55.78,56.98,427400
CLWT,20150102,1.7133,1.72,1.7067,1.7067,9400
CMCO,20150102,28.33,28.33,27.25,27.79,33100
CMCSA,20150102,29.025,29.175,28.42,28.675,10585000
CMCT,20150102,15.01,15.04,15,15.03,7500
CME,20150102,88.92,89.38,87.62,88.14,1130500
CMLS,20150102,34.16,35.12,32.88,34.48,615600
CMPR,20150102,75.37,76.32,73.08,73.83,236300
CMRX,20150102,40.26,41.96,40.18,41.78,462900
CMTL,20150102,31.72,31.85,31.33,31.6,125700
CNBKA,20150102,40.4,40.5,40.4,40.5,1000
CNCE,20150102,13.57,14.11,13.13,13.95,169600
CNET,20150102,1.23,1.31,1.16,1.2,311900
CNOB,20150102,19,19.1,18.68,18.86,66700
CNSL,20150102,28.12,28.37,27.54,27.86,277100
CNTY,20150102,5.03,5.03,4.85,5,31500
COCO,20150102,0.07,0.08,0.06,0.08,1491900
COHR,20150102,61.07,61.61,59,60,120200
COHU,20150102,11.99,12.02,11.68,11.9,60500
COKE,20150102,88.79,90.1,86.9,89.87,30200
COLB,20150102,27.73,27.83,26.81,27.4,331100
COLM,20150102,44.75,44.88,43.64,44.33,134400
COMM,20150102,23.15,23.36,22.84,22.97,964900
COMT,20150102,41.23,41.99,41.15,41.19,12300
CONE,20150102,27.71,27.79,27.03,27.45,156500
CONN,20150102,18.8,19.11,17.91,18.79,860100
COOL,20150102,7.32,7.44,6.6,7.26,85600
CORT,20150102,3.01,3.14,2.99,3.12,72400
COST,20150102,141.87,143.15,140.81,141.61,1471700
COWN,20150102,4.84,4.84,4.67,4.7,395500
COWNL,20150102,25.95,25.95,25.95,25.95,0
CPHC,20150102,9.14,9.2,9.14,9.2,200
CPIX,20150102,6.03,6.17,6.03,6.13,9000
CPLP,20150102,7.99,8.05,7.86,7.97,228200
CPRT,20150102,18.05,18.41,18.05,18.29,624900
CPRX,20150102,2.98,3,2.85,2.94,519500
CPSI,20150102,61,61.24,60.02,60.32,68900
CPSS,20150102,7.43,7.6,7.34,7.37,75500
CRAI,20150102,30.45,30.75,29.5,30.36,30800
CREG,20150102,75,78,75,78,44200
CRESW,20150102,0.01,0.01,0.01,0.01,100
CRESY,20150102,10,10.19,10,10.11,10600
CRIS,20150102,7.6,7.75,7.4,7.4,508800
CRMT,20150102,53.82,54.18,53.03,53.43,52500
CRNT,20150102,1.03,1.03,0.98,1.02,380000
CROX,20150102,12.56,12.6,12.25,12.49,719300
CRTO,20150102,40.5,40.95,39.04,39.94,153900
CRUS,20150102,23.59,24.1,23.55,23.71,912600
CRVL,20150102,37.36,37.93,36.32,36.79,22000
CRWS,20150102,7.74,7.8,7.74,7.8,6900
CSCO,20150102,27.86,28.12,27.38,27.61,22926500
CSF,20150102,37.71,37.71,37.71,37.71,200
CSGP,20150102,184.6,184.6,179.78,180.13,178300
CSGS,20150102,25.23,25.23,24.3,24.46,155000
CSII,20150102,30.28,30.65,29,29.56,152100
CSIQ,20150102,24.41,24.76,22.87,24.69,3285000
CSOD,20150102,35.51,35.61,34.04,34.4,417400
CSPI,20150102,7.28,7.7,7.26,7.55,10900
CSQ,20150102,11.45,11.54,11.3,11.41,267900
CSTE,20150102,60.18,60.78,58.97,59.71,121900
CSWC,20150102,38.22,38.79,37.79,38.63,117700
CSX,20150102,36.11,36.45,35.5,35.85,4688500
CTAS,20150102,78.91,79.1,77.57,78.45,457400
CTBI,20150102,36.46,36.47,35.25,35.62,59200
CTG,20150102,9.57,9.69,9.03,9.1,44500
CTHR,20150102,1.92,1.92,1.76,1.77,67000
CTIB,20150102,3.64,3.79,3.64,3.79,9100
CTIC,20150102,23.8,24.3,23.4,24,1120600
CTRE,20150102,12.35,12.42,11.96,11.99,142500
CTRN,20150102,25.37,25.59,23.9,24.18,100800
CTSH,20150102,52.89,53.77,52,52.67,2371500
CTSO,20150102,10.18,11,10.15,11,244800
CTXS,20150102,50.8997,51.4331,50.1194,50.5414,569600
CUBA,20150102,8.89,9.67,8.81,9.23,1083100
CUTR,20150102,11.45,11.49,10.59,10.86,107900
CVBF,20150102,16.17,16.2,15.62,15.86,304200
CVCO,20150102,79.96,80.62,76.61,77.75,16400
CVCY,20150102,11.03,11.36,11.02,11.36,62000
CVGI,20150102,6.73,6.74,6.48,6.69,60200
CVGW,20150102,47.47,48.12,46.26,46.4,67000
CVLT,20150102,51.95,52.39,50.66,51.55,353100
CVLY,20150102,19.67,19.67,19.67,19.67,0
CVV,20150102,14.26,14.87,14.26,14.56,14800
CWBC,20150102,6.56,6.56,6.56,6.56,0
CWCO,20150102,10.64,10.95,10.64,10.9,41300
CWST,20150102,4.08,4.14,3.98,4.12,47400
CXDC,20150102,5.41,5.67,5.41,5.62,75400
CYAN,20150102,6.95,6.95,6.9,6.9,3700
CYBE,20150102,9.86,9.86,9.25,9.31,13000
CYBR,20150102,39.78,40.6,38,38.88,479300
CYCC,20150102,168,170.4,165.6,168,257300
CYCCP,20150102,6.47,6.47,6.47,6.47,200
CYRN,20150102,1.72,1.73,1.67,1.71,81800
CYTK,20150102,8.01,8.16,7.14,7.37,1675500
CZNC,20150102,20.8,21.5,20.57,20.78,31600
CZR,20150102,15.73,16,15.15,15.44,523800
CZWI,20150102,9.15,9.15,9.05,9.05,5300
DAIO,20150102,3.4,3.4,3.24,3.37,3400
DAKT,20150102,12.55,12.69,12.03,12.14,129800
DAX,20150102,26.16,26.16,26.16,26.16,0
DBVT,20150102,27.13,28.4,27.13,28.2,94300
DCOM,20150102,16.37,16.49,15.86,16.02,76800
DCTH,20150102,19.36,21.6,19.2,20.8,21400
DENN,20150102,10.39,10.49,9.99,10.09,670100
DERM,20150102,18.16,18.44,17.38,17.7,40500
DGICA,20150102,16,16.05,15.85,15.98,14800
DGICB,20150102,21.5,21.5,21.5,21.5,0
DGII,20150102,9.29,9.37,8.96,9.26,62900
DGLY,20150102,15.32,15.68,15.27,15.46,107300
DGRE,20150102,23.95,23.95,23.83,23.83,3100
DGRS,20150102,29.38,29.4,28.78,29,5200
DGRW,20150102,31.06,31.22,30.78,30.96,41900
DHIL,20150102,137.21,137.21,135.87,135.87,2700
DIOD,20150102,27.67,27.81,27.03,27.35,133900
DISCA,20150102,34.63,34.64,34.12,34.48,1987100
DISCB,20150102,36.1,36.1,36.1,36.1,400
DISCK,20150102,33.72,33.76,33.24,33.44,1168200
DISH,20150102,72.82,73.75,71.69,72.27,1040900
DJCO,20150102,250,253.25,232,240,8100
DLHC,20150102,2.03,2.05,1.95,1.95,10000
DLTR,20150102,70.96,71.3,69.76,70.35,1435800
DMLP,20150102,25.5,25.94,24.93,25.48,35600
DMRC,20150102,26.93,27.94,26.54,26.96,68800
DORM,20150102,48.4,48.79,47.12,48.03,199500
DOX,20150102,46.73,46.87,46.3,46.51,492500
DRIV,20150102,24.85,24.97,24.57,24.86,213100
DRNA,20150102,16.55,17.67,16.55,17.59,160800
DRRX,20150102,0.74,0.84,0.74,0.83,105000
DSGX,20150102,14.85,14.97,14.73,14.73,29500
DSPG,20150102,10.88,10.96,9.77,10.25,209400
DSWL,20150102,1.8,1.83,1.78,1.82,11400
DVAX,20150102,17.03,17.67,17,17.41,258500
DWAT,20150102,10.5,10.51,10.43,10.5,24300
DWSN,20150102,12.36,12.54,12.02,12.45,20600
DXCM,20150102,55.62,56.61,54.22,54.51,401800
DXGE,20150102,26.28,26.28,26.07,26.17,93200
DXJS,20150102,30.88,30.91,30.33,30.46,4100
DXLG,20150102,5.47,5.47,5.32,5.38,115900
DXPE,20150102,50.9,51.2,48.73,50.2,105400
DXYN,20150102,9.27,9.36,8.84,9.04,36200
DYNT,20150102,3.85,3.85,3.85,3.85,1000
EA,20150102,47.19,47.67,46.58,46.87,1959700
EAC,20150102,8.33,8.35,7.75,7.84,39300
EBAY,20150102,23.7389,23.9326,23.4653,23.6674,5901200
EBIX,20150102,17.01,17.2,16.68,16.81,496300
EBMT,20150102,11.1,11.1,10.76,10.81,3400
EBSB,20150102,11.29,11.29,11.03,11.26,96900
EBTC,20150102,25.55,25.55,23.43,23.86,39000
ECHO,20150102,29.46,29.55,28.06,28.45,225400
ECOL,20150102,40.42,41.41,39.93,41.38,162900
ECPG,20150102,44.61,44.66,43.67,43.86,247800
EDAP,20150102,2.3,2.48,2.3,2.45,205700
EDUC,20150102,2.435,2.44,2.425,2.425,2600
EEFT,20150102,55.15,55.31,53.5,54.11,205700
EEMA,20150102,58.22,58.28,57.57,57.61,31800
EFOI,20150102,24,24.95,24,24.75,5800
EFSC,20150102,19.91,19.91,19.15,19.48,23700
EGAN,20150102,5,5.18,4.95,5.12,334800
EGBN,20150102,35.8,35.8,34.34,34.86,55500
EGLE,20150102,2052.4,2052.4,1983.8,2018.8,39000
EGRX,20150102,16,17.71,15.78,17.71,134900
EHTH,20150102,25.15,25.35,23.81,24.23,140600
ELSE,20150102,3.91,3.91,3.91,3.91,0
ELTK,20150102,1.17,1.2,1.16,1.16,7500
EMCB,20150102,71.64,72.06,71.39,71.39,1500
EMCF,20150102,26.95,26.95,26.95,26.95,200
EMIF,20150102,32.04,32.13,32,32.05,10800
EMKR,20150102,5.31,5.36,5.2,5.28,62600
EML,20150102,17.3,18.49,16.71,18.49,20200
ENDP,20150102,72.51,72.79,71.5,72.15,1371400
ENG,20150102,1.92,2.03,1.85,1.88,43300
ENPH,20150102,14.3,14.71,13.57,14.21,836200
ENSG,20150102,22.28,22.435,21.23,21.595,115000
ENTA,20150102,50.88,50.97,49.52,50.45,235600
ENTG,20150102,13.24,13.44,12.98,13.1,478600
ENVI,20150102,1.33,1.35,1.33,1.35,600
EPAY,20150102,25.42,25.62,24.35,25.35,282900
EPZM,20150102,19.18,19.96,19.16,19.82,246500
EQIX,20150102,228.51,229.56,224.28,226.65,383800
ERIC,20150102,11.99,12.05,11.94,12.05,5395600
ERIE,20150102,90.54,90.97,88.72,89.34,28200
ERII,20150102,5.34,5.37,5.11,5.21,108400
ESBK,20150102,23,23,21.56,21.56,2800
ESCA,20150102,15.18,15.18,14.52,14.75,15200
ESEA,20150102,6.32,6.32,6,6,24300
ESGR,20150102,152.2,152.91,148.51,149.19,19100
ESLT,20150102,60.85,60.85,59.61,59.73,27800
ESPR,20150102,41.5,43.1,41,41.23,357200
ESSA,20150102,12.01,12.24,11.86,12,20300
ESXB,20150102,4.43,4.43,4.4,4.41,5800
EUFN,20150102,22.15,22.26,21.97,22.04,201100
EVK,20150102,5.94,5.99,5.73,5.99,1000
EVLV,20150102,6.61,6.91,6.5,6.63,132900
EVOK,20150102,6.05,6.15,6,6.04,2700
EVOL,20150102,9.51,9.51,9.28,9.3,11700
EWBC,20150102,38.99,39.11,37.85,38.41,508600
EXAS,20150102,27.6,27.98,26.54,26.79,1383000
EXEL,20150102,1.47,1.7,1.46,1.65,5256400
EXLS,20150102,28.92,28.99,27.73,28.07,104100
EXPD,20150102,44.99,44.99,43.77,44.42,1127200
EXPE,20150102,85.58,86.26,84.48,85.76,1260400
EXPO,20150102,20.77,20.77,19.9375,20.2725,30200
EXTR,20150102,3.55,3.58,3.42,3.57,719000
EYES,20150102,82.96,84.56,80.8,81.2,154200
EZPW,20150102,11.85,11.93,11.5,11.66,246600
FANG,20150102,60.05,61.51,58.74,59.93,1023100
FARM,20150102,29.47,29.47,27.99,28.02,33300
FARO,20150102,63.19,63.21,60.49,61.52,149700
FAST,20150102,23.925,24.17,23.535,23.7,1345400
FATE,20150102,4.6,5.18,4.6,5.14,73600
FB,20150102,78.58,78.93,77.7,78.45,18177400
FBIZ,20150102,48.12,48.25,46.2,46.94,11400
FBMS,20150102,14.64,14.64,14.46,14.46,900
FBNC,20150102,18.64,18.64,17.74,18.03,72200
FCAP,20150102,24.27,24.27,24.27,24.27,700
FCBC,20150102,16.63,16.63,16.1,16.17,30300
FCCO,20150102,11.01,11.27,10.98,11.04,6200
FCCY,20150102,11.14,11.14,11.14,11.14,200
FCEL,20150102,221.76,228.96,214.56,227.52,3078800
FCFS,20150102,55.96,55.96,54.15,54.39,74700
FCNCA,20150102,254.38,254.38,250.02,250.65,12400
FDIV,20150102,50.91,50.91,50.91,50.91,0
FDUS,20150102,14.81,15.08,14.54,14.77,70900
FEIM,20150102,11.44,11.44,11.3,11.44,2600
FELE,20150102,37.79,37.99,36.76,37.32,141300
FEMB,20150102,48.17,48.17,48.17,48.17,0
FEUZ,20150102,31.03,31.04,29.63,30.75,105000
FFBC,20150102,18.75,18.78,18.12,18.3,182800
FFHL,20150102,0.67,0.67,0.62,0.66,10500
FFIC,20150102,20.42,20.46,19.71,20.02,47200
FFIN,20150102,15.085,15.085,14.46,14.765,167800
FFIV,20150102,132.37,132.4,128.44,130.33,499600
FFNW,20150102,12.13,12.13,12,12.05,14500
FFWM,20150102,8.985,9.07,8.975,9.07,10500
FGEN,20150102,27.44,27.9,27.06,27.48,97400
FIBK,20150102,28,28,26.95,27.26,87100
FISI,20150102,25.38,25.38,24.35,24.91,32800
FISV,20150102,35.735,35.995,35.18,35.31,1023800
FITB,20150102,20.41,20.53,19.99,20.21,6398900
FITBI,20150102,27.47,27.49,27.21,27.39,16100
FIVE,20150102,41.03,41.61,39.8,39.92,1058100
FIVN,20150102,4.49,4.56,4.29,4.49,91600
FIZZ,20150102,22.62,22.8,22.02,22.39,36600
FLDM,20150102,34.06,34.39,32.43,33.61,167500
FLEX,20150102,11.22,11.24,10.96,11.1,3145300
FLIC,20150102,28.37,28.37,26.79,27.39,9500
FLL,20150102,1.4,1.45,1.4,1.4,5000
FLWS,20150102,8.24,8.28,7.85,7.87,162500
FLXN,20150102,20.2,20.47,19.76,20.22,91900
FLXS,20150102,33.64,33.64,31.63,31.71,10400
FMB,20150102,51.47,51.48,51.33,51.33,2500
FMBH,20150102,17.75,17.75,17.75,17.75,200
FMBI,20150102,17.22,17.24,16.61,16.79,376100
FMNB,20150102,8.41,8.43,8.38,8.42,8600
FNHC,20150102,24.5,24.71,23.15,23.61,234400
FNLC,20150102,18.25,18.25,17.42,17.8,30900
FOLD,20150102,8.42,8.75,8.33,8.61,1199500
FONR,20150102,10.53,10.61,10.06,10.26,16300
FORD,20150102,1.04,1.08,1.02,1.03,11700
FORM,20150102,8.66,8.85,8.18,8.31,368100
FORR,20150102,39.62,39.85,38.27,38.88,39200
FORTY,20150102,21.83,22.1,21.83,21.86,1400
FOSL,20150102,111.04,112.06,109.22,110.33,478800
FOX,20150102,36.98,37.16,36.3,36.52,1890400
FOXA,20150102,38.7,38.7,37.66,37.85,7769100
FOXF,20150102,16.35,16.55,15.92,15.99,51400
FPXI,20150102,28.98,28.98,28.98,28.98,0
FRBA,20150102,6,6,5.85,6,1700
FRBK,20150102,3.8,3.81,3.77,3.8,42700
FREE,20150102,54000,54000,54000,54000,468200
FRGI,20150102,61.9,61.9,58.68,59.06,216800
FRME,20150102,22.95,22.95,22.09,22.29,79600
FRPH,20150102,39.15,39.99,37.51,38.91,3200
FRPT,20150102,17.12,17.4,16.15,16.5,317100
FRSH,20150102,11.71,11.83,11.29,11.52,66000
FSBW,20150102,18.24,18.25,18.22,18.25,1400
FSFG,20150102,25.7,26.46,25.7,26.3,11100
FSLR,20150102,44.72,45.34,43.72,44.54,1873700
FSTR,20150102,48.73,48.73,47.38,48.04,14700
FTCS,20150102,38.44,38.51,37.77,38.03,14300
FTEK,20150102,3.83,3.86,3.71,3.73,34000
FTGC,20150102,26.15,26.23,26.09,26.15,45600
FTHI,20150102,20.49,20.5,20.46,20.5,2300
FTLB,20150102,20.23,20.28,20.23,20.28,1600
FTNT,20150102,30.9,31.19,30.51,30.79,1261900
FTSL,20150102,48.52,48.7,48.51,48.61,26100
FTSM,20150102,59.9,59.98,59.89,59.98,20800
FULT,20150102,12.44,12.46,12.15,12.33,1058400
FUNC,20150102,8.6,8.6,8.56,8.56,3300
FUND,20150102,7.27,7.28,7.19,7.27,39500
FV,20150102,22.17,22.22,21.83,21.98,892100
FWP,20150102,20.86,21.01,20.75,20.99,8300
FWRD,20150102,50.43,50.88,49.02,49.71,99100
GABC,20150102,20.4067,20.4533,19.46,19.5933,11800
GAIA,20150102,7,7.2,6.83,7.02,12300
GAIN,20150102,7.04,7.2,6.98,7.11,158800
GALT,20150102,3.43,3.55,3.36,3.4,119300
GAME,20150102,5.72,5.89,5.6,5.61,220400
GASS,20150102,6.31,6.48,6.13,6.33,174900
GBCI,20150102,27.92,27.97,26.92,27.47,286800
GBDC,20150102,17.94,18.02,17.52,17.79,197900
GBLI,20150102,28.53,28.53,27.28,27.71,20800
GCBC,20150102,15.05,15.05,15.05,15.05,0
GENC,20150102,6.2467,6.3733,6.2467,6.2733,900
GENE,20150102,8,8.2,7.4,7.6,309100
GEOS,20150102,26.47,26.92,25.75,26.58,134700
GERN,20150102,3.27,3.35,3.2,3.3,1695800
GEVO,20150102,1920,2100,1800,2100,265000
GFED,20150102,13.14,13.26,13.11,13.26,2200
GGAL,20150102,15.85,15.87,15.5,15.57,152200
GIFI,20150102,19.44,20.16,19.22,20.05,43400
GIGM,20150102,4.5,4.6,4.5,4.55,128300
GIII,20150102,50.83,51.43,49.21,50,167100
GILD,20150102,95.14,96.65,94.52,94.91,12340200
GILT,20150102,4.67,4.79,4.64,4.75,1600
GLAD,20150102,8.26,8.45,8.25,8.39,79200
GLBS,20150102,9240,9640,9200,9200,900
GLBZ,20150102,11.95,11.95,11.95,11.95,0
GLDD,20150102,8.59,8.64,8.25,8.38,134600
GLDI,20150102,11.92,12.06,11.85,12.03,16100
GLMD,20150102,5.82,5.97,5.54,5.83,53500
GLNG,20150102,37.24,37.24,35.47,35.71,2069000
GLPI,20150102,29.51,29.72,29.26,29.69,480000
GLRE,20150102,32.92,32.92,32.12,32.5,128500
GLYC,20150102,7.3,7.68,7.18,7.44,24500
GNCA,20150102,56.88,60.8,56.64,60.8,8900
GNMA,20150102,50.32,50.61,50.21,50.46,7300
GNTX,20150102,18.34,18.7,17.72,17.93,1746900
GOGO,20150102,16.6,16.8,16.14,16.66,653600
GOOD,20150102,17.29,17.35,17.17,17.29,116100
GOODN,20150102,25.8,25.8,25.8,25.8,0
GOODO,20150102,25.2,25.2,25.2,25.2,800
GOOG,20150102,529.01,531.27,524.1,524.81,1446600
GOOGL,20150102,532.6,535.8,527.88,529.55,1327800
GPRE,20150102,24.89,25.94,24.67,25.71,1163700
GPRO,20150102,64.9,66.9,64.08,66.87,5431400
GRBK,20150102,8.08,8.38,8,8.21,72800
GRFS,20150102,17.18,17.375,17.055,17.215,124500
GRID,20150102,35.04,35.52,35.04,35.52,900
GRMN,20150102,52.98,53.13,52.32,52.58,785700
GROW,20150102,3.04,3.15,2.94,3.06,13200
GRPN,20150102,166.8,166.8,158.2,160.4,9118100
GRVY,20150102,2.4,2.4,2.32,2.32,2800
GSBC,20150102,39.79,39.79,38.25,38.59,19400
GSIT,20150102,4.99,5,4.99,5,20500
GSM,20150102,17.38,17.49,17.03,17.34,206400
GT,20150102,28.62,28.79,27.77,28.34,2781300
GTIM,20150102,7.03,7.94,6.88,7.63,251200
GURE,20150102,5.8,6.2,5.8,6,134200
GWGH,20150102,7.74,7.84,7.74,7.74,600
GYRO,20150102,4.13,4.15,4.1,4.12,3400
HA,20150102,26.21,26.27,24.92,25.27,1439700
HAFC,20150102,21.93,22.01,21.08,21.43,73500
HAIN,20150102,58.25,58.29,56,56.94,1146600
HALL,20150102,12.09,12.24,11.79,12.11,24900
HALO,20150102,9.77,9.88,9.47,9.82,1087800
HAS,20150102,55.45,55.82,54.57,54.97,842100
HAYN,20150102,48.69,49.89,46.11,47.84,33500
HBAN,20150102,10.6,10.6,10.41,10.5,6410300
HBANP,20150102,1320,1320,1320,1320,100
HBCP,20150102,22.71,22.86,22.71,22.86,400
HBIO,20150102,5.7,5.7,5.43,5.49,349400
HBMD,20150102,11.4,11.4,11.4,11.4,0
HBNC,20150102,11.6755,11.6755,11.2755,11.4933,19400
HBP,20150102,3.63,3.63,3.15,3.15,700
HCCI,20150102,12.37,12.37,11.73,12.29,219500
HCKT,20150102,8.8,8.93,8.62,8.7,86500
HCSG,20150102,30.98,31.2,30.39,30.83,260500
HDSN,20150102,3.81,3.86,3.71,3.74,24600
HEAR,20150102,13,13.08,12.24,12.88,92000
HEES,20150102,28.35,28.56,27.78,27.92,474800
HELE,20150102,65.6,65.6,63.99,64.79,109500
HERO,20150102,1,1.04,1,1.03,2818700
HFBL,20150102,19.53,19.53,19.53,19.53,0
HFWA,20150102,17.66,17.67,16.96,17.16,49000
HGSH,20150102,8.68,9.26,8.6,8.86,87800
HIBB,20150102,48.79,48.79,46.65,47.48,288300
HIFS,20150102,85,85,85,85,200
HIHO,20150102,2.76,2.86,2.76,2.85,10600
HIMX,20150102,8.06,8.25,7.76,7.99,2828700
HLIT,20150102,7.09,7.13,6.9,7.01,215300
HMHC,20150102,20.87,20.91,20.39,20.59,428900
HMNF,20150102,12.74,12.74,12.5,12.73,1400
HMST,20150102,17.46,17.65,17.26,17.29,68700
HMTV,20150102,13.65,13.86,12.94,13.29,21200
HNNA,20150102,14.6467,14.8333,14.34,14.38,3100
HNRG,20150102,11.1,11.19,10.88,11.09,13800
HOFT,20150102,17.25,17.48,16.99,17.03,53400
HOLI,20150102,24.63,24.79,23.38,23.59,323600
HOLX,20150102,26.83,27,26.15,26.38,1461200
HOMB,20150102,16.155,16.155,15.75,15.895,167600
HOVNP,20150102,15.49,15.49,15.49,15.49,0
HQY,20150102,25.53,25.73,24.27,24.7,144200
HRTX,20150102,9.98,10.18,9.79,9.97,125600
HRZN,20150102,13.94,14,13.71,13.76,40500
HSIC,20150102,136.6,138.12,135.69,136.84,347300
HSII,20150102,23.13,23.43,22.5,23.01,80700
HSKA,20150102,18.2,18.31,17.83,18.03,11500
HSON,20150102,30,31.3,29.6,30.9,48600
HSTM,20150102,29.7,29.72,28.22,28.66,125800
HTBI,20150102,16.69,16.72,16.15,16.25,38800
HTBK,20150102,8.87,8.88,8.63,8.86,39100
HTBX,20150102,48.2,48.4,45,46.8,8100
HTHT,20150102,6.5025,6.625,6.23,6.25,70300
HTLD,20150102,27.13,27.25,26.46,26.97,386500
HTLF,20150102,27.29,27.29,26.29,26.53,42000
HUBG,20150102,38.44,38.44,36.45,37.31,219700
HURC,20150102,34.13,34.28,33.08,33.91,14300
HURN,20150102,68.85,69.28,66.37,67.56,92400
HWBK,20150102,15,15,14.92,14.99,1800
HWKN,20150102,43.68,43.93,41.85,42.11,13000
HYLS,20150102,49.87,50.16,49.74,49.75,32500
HYZD,20150102,23.08,23.2,23,23.08,6600
HZNP,20150102,13,13.16,12.64,12.8,934600
IART,20150102,27.335,27.335,26.445,26.695,104800
IBB,20150102,306.25,309.39,303.47,306.34,928100
IBCP,20150102,13.14,13.14,12.6,12.63,40400
IBKR,20150102,29.33,29.48,28.55,29.03,554600
IBOC,20150102,26.8,26.8,25.75,26.2,209500
IBTX,20150102,39.45,39.45,37.57,38.48,34000
ICAD,20150102,9.21,9.28,9.06,9.23,20800
ICCC,20150102,5.3,5.3,5.05,5.12,2700
ICFI,20150102,41.02,41.27,39.76,40.12,29700
ICLN,20150102,9.84,9.84,9.64,9.75,52100
ICLR,20150102,51.03,52.19,50.91,51.61,228300
ICPT,20150102,154.45,160.99,154.45,159.49,323500
ICUI,20150102,81.92,83.54,80.33,80.47,120700
IDCC,20150102,53.13,53.51,51.72,52.39,224800
IDRA,20150102,35.6,41.2,35.36,39.2,3991100
IDXX,20150102,74.315,75.075,73.145,73.665,257300
IEP,20150102,93.42,93.94,91.55,93.02,94600
IESC,20150102,7.73,7.73,7.22,7.63,11000
IEUS,20150102,41.67,41.67,41.56,41.62,800
IFGL,20150102,30.17,30.34,30.06,30.11,317300
IFV,20150102,18.3,18.3,18.06,18.09,50200
IGOV,20150102,96.21,96.58,96.01,96.58,156700
III,20150102,4.17,4.27,3.99,4.19,100400
IIN,20150102,6.54,6.87,6.54,6.79,5500
IIVI,20150102,13.76,13.81,13.26,13.54,177100
IKNX,20150102,14.25,14.3,14.25,14.3,400
ILMN,20150102,186.17,189.99,183.95,185.42,1532000
IMGN,20150102,6.18,6.65,6.15,6.49,1879100
IMKTA,20150102,37.37,38.56,36.38,38.49,145500
IMMR,20150102,9.5,9.5,8.95,9.25,153700
IMOS,20150102,23.74,23.84,23.45,23.79,232600
INBK,20150102,16.71,16.75,16.66,16.69,6300
INCR,20150102,26,26,24.58,24.93,76300
INCY,20150102,73.65,74.88,72.68,73.76,781100
INDB,20150102,42.5,42.77,41.56,42.05,77000
INDY,20150102,30.36,30.53,30.29,30.4,227700
INFI,20150102,17.05,17.42,16.63,17.1,368700
INFN,20150102,14.77,14.92,14.21,14.44,1508900
INGN,20150102,31.35,31.4,30.01,31.23,232100
INO,20150102,9.3,9.38,9.18,9.32,409600
INOD,20150102,2.92,2.99,2.88,2.96,18700
INSM,20150102,15.66,16,15.53,15.96,330700
INTC,20150102,36.67,37.16,36.11,36.36,23605600
INTG,20150102,17.64,17.66,17.64,17.64,300
INTU,20150102,92.21,93.16,90.37,91.21,1882000
INVE,20150102,13.98,14.82,13.55,14.78,111000
IOSP,20150102,42.83,43.27,42.1,42.51,83000
IPAR,20150102,27.79,27.79,26.85,27.14,56300
IPDN,20150102,35.36,35.36,35.2,35.2,200
IPGP,20150102,75.51,75.85,72.86,73.98,225800
IPKW,20150102,24.61,24.62,24.52,24.55,3000
IPWR,20150102,71.5,73.2,71.5,73.2,4800
IRBT,20150102,34.84,35.27,34.4,34.84,325900
IRDM,20150102,9.84,9.94,9.55,9.68,499600
IRIX,20150102,8.62,8.62,8.42,8.61,2800
IRMD,20150102,12.8,13,12.72,12.75,6900
IROQ,20150102,16.91,16.91,16.91,16.91,0
IRWD,20150102,15.26,15.86,14.78,15.48,964200
ISBC,20150102,11.22,11.29,10.96,11.05,2117100
ISHG,20150102,83.69,84.14,83.65,83.8,27700
ISIG,20150102,3.58,3.58,3.53,3.56,6400
ISLE,20150102,8.45,8.52,8.17,8.46,337900
ISRG,20150102,530.88,535.8,521.31,525.57,178700
ISSC,20150102,3.2,3.37,3.1,3.25,40600
ISTR,20150102,14,14.01,14,14,14500
ITCI,20150102,17.91,17.91,17.36,17.57,25300
ITIC,20150102,72.9,72.9,72.9,72.9,0
ITRI,20150102,42.59,42.66,41.23,41.86,119400
ITRN,20150102,21.99,22.24,21.58,21.69,10300
IVAC,20150102,7.81,7.81,7.32,7.38,44100
JACK,20150102,80.16,80.74,79.17,79.8,360300
JAKK,20150102,68.2,68.2,64.4,65.3,310300
JAZZ,20150102,165.96,166.91,161.52,163.43,463400
JBHT,20150102,84.61,85.46,82.34,83.21,577100
JBLU,20150102,16.12,16.16,15.69,15.79,5619200
JBSS,20150102,45.29,45.38,39.52,41.09,241100
JCS,20150102,10.69,10.69,10.4,10.68,9000
JCTCF,20150102,5.065,5.065,5.065,5.065,0
JD,20150102,23.37,24.11,23.15,24.02,3358400
JJSF,20150102,109.18,109.45,106.81,107.69,88800
JKHY,20150102,62.72,62.85,61.72,62.21,200700
JOBS,20150102,36.31,36.39,35.62,36.15,76600
JOUT,20150102,30.92,31.54,30.47,30.88,22100
JRJC,20150102,53.4,56,52.9,54.3,809200
JRVR,20150102,22.88,22.88,21.68,22.28,33900
JSM,20150102,21.69,21.72,21.42,21.7,12900
JVA,20150102,5.11,5.2,5.03,5.19,42500
JYNT,20150102,6.5,6.5,6.3,6.31,7500
KALU,20150102,71.28,72.24,70.82,71.69,157100
KBAL,20150102,9.21,9.32,8.91,9.11,122500
KE,20150102,12.14,12.14,11.31,11.37,21900
KELYA,20150102,17.26,17.26,16.46,16.74,96400
KELYB,20150102,17.26,17.26,17.26,17.26,0
KEQU,20150102,17.83,17.83,17.36,17.36,400
KFFB,20150102,8.2,8.2,8.2,8.2,100
KFRC,20150102,24.25,24.38,23.65,24.12,118800
KINS,20150102,8.1,8.1,7.96,8.02,17600
KIRK,20150102,23.65,23.94,22.65,23.05,143300
KLAC,20150102,70.62,71.26,69.81,70.29,821000
KLIC,20150102,14.46,14.7,14.14,14.39,316900
KMDA,20150102,3.85,3.97,3.85,3.97,63200
KNDI,20150102,14,14,12.85,13.04,1590700
KOPN,20150102,3.64,3.7,3.57,3.66,130000
KOSS,20150102,1.84,1.9,1.81,1.81,55500
KPTI,20150102,37.84,38.47,36.68,37.99,190000
KRNY,20150102,13.85,13.85,13.5,13.65,7100
KTCC,20150102,8.01,8.67,8.01,8.4,15600
KTOS,20150102,5.01,5.02,4.87,4.99,687400
KVHI,20150102,12.79,12.94,12.05,12.4,29100
LAKE,20150102,9.33,9.5,9.1,9.3,219600
LAMR,20150102,53.82,54.04,53.24,53.77,766100
LANC,20150102,93.99,94.58,91.61,92.5,56800
LAND,20150102,10.83,10.83,10.26,10.41,34900
LARK,20150102,21.15,21.46,21.15,21.27,500
LAWS,20150102,27,27,25.79,26.64,12300
LBAI,20150102,11.78,11.81,11.46,11.65,38500
LBRDA,20150102,50,50,49.5,49.8,160700
LBRDK,20150102,49.99,49.99,48.93,49.39,348800
LBTYA,20150102,50.49,50.83,49.74,50.1,1336000
LBTYB,20150102,50.73,50.73,50.73,50.73,0
LBTYK,20150102,48.74,49.04,48.03,48.34,2677200
LCNB,20150102,14.94,14.98,14.51,14.87,8400
LCUT,20150102,17.27,17.27,16.75,16.84,20000
LE,20150102,54.34,55.06,53.36,54.91,229100
LECO,20150102,69.56,69.98,68.18,69,281700
LEDS,20150102,1.12,1.15,1.08,1.12,242400
LFUS,20150102,97.37,98.02,94.02,95.61,115000
LFVN,20150102,9.1,9.31,8.96,9.24,248700
LGIH,20150102,15.08,15.54,14.3,14.67,65500
LGND,20150102,53.67,54.83,52.65,53.73,208700
LHCG,20150102,31.31,31.49,30.11,30.91,63500
LINC,20150102,2.83,2.83,2.62,2.68,28600
LIVE,20150102,3.2,3.27,3.1,3.21,291300
LJPC,20150102,18.33,19,17.31,17.94,321000
LKFN,20150102,29.22,29.22,28.14,28.5333,40800
LKQ,20150102,28.22,28.23,27.33,27.78,1125600
LLNW,20150102,2.79,2.82,2.76,2.77,104300
LMAT,20150102,7.38,7.82,7.3,7.82,36100
LMBS,20150102,50.68,50.68,50.68,50.68,0
LMNR,20150102,24.95,25.1,24.56,24.86,34000
LMRK,20150102,19,19,15.66,17.35,25300
LNDC,20150102,13.88,14.06,13.64,13.9,149700
LOAN,20150102,4.1,4.18,4.02,4.18,79200
LOCO,20150102,20,20.64,19.98,20.26,1469900
LOGI,20150102,13.49,13.49,13.14,13.3,254900
LOPE,20150102,47,47,45.04,45.58,202600
LORL,20150102,79.13,79.13,77.2,78.1,55500
LPCN,20150102,5.26,5.4,5.14,5.4,19900
LPLA,20150102,44.84,45,44.41,44.77,472800
LPSN,20150102,14.13,14.27,13.36,13.66,221100
LPTH,20150102,0.91,0.91,0.87,0.89,19000
LQDT,20150102,8.26,8.26,7.93,7.96,432500
LRCX,20150102,79.99,80.19,78.84,79.45,836300
LSBK,20150102,13.5,13.5,13.5,13.5,3000
LSCC,20150102,6.92,7,6.78,6.91,707900
LSTR,20150102,73.01,73.47,71.17,72.08,370400
LTBR,20150102,94.8,110.4,86.4,94.2,70600
LTRPA,20150102,27.1,27.27,26.42,26.95,473100
LTRX,20150102,1.92,2.1,1.9,2.07,74600
LULU,20150102,56.01,56.8,54.65,55.34,1648600
LUNA,20150102,1.43,1.45,1.43,1.44,11200
LWAY,20150102,18.48,18.6,17.32,17.59,17400
LXRX,20150102,6.51,6.51,6.16,6.44,952900
LYTS,20150102,6.86,6.89,6.55,6.55,57200
MACK,20150102,11.4,11.65,11.26,11.43,1051800
MANH,20150102,40.91,41.52,39.07,39.72,300700
MANT,20150102,30.33,30.53,29.71,30,84400
MAR,20150102,78.34,78.56,76.71,77.75,1278200
MARA,20150102,32,35.24,32,33.44,78400
MARK,20150102,4.65,5.5,4.65,4.99,224900
MARPS,20150102,11.21,11.22,10.12,10.12,4600
MASI,20150102,26.5,26.76,25.68,25.88,283000
MAT,20150102,31.17,31.25,30.26,30.47,2466800
MATW,20150102,48.94,49.21,47.42,48.14,91100
MAYS,20150102,48.25,48.25,48.25,48.25,100
MBCN,20150102,16.805,16.805,16.805,16.805,0
MBII,20150102,3.76,3.97,3.62,3.81,198500
MBUU,20150102,19.4,19.4,18.44,18.85,40900
MBWM,20150102,21.12,21.23,20.25,20.55,12600
MCBC,20150102,5.49,5.5,5.29,5.47,84800
MCHP,20150102,45.36,45.6,44.42,44.87,990900
MCHX,20150102,4.62,4.87,4.56,4.75,688900
MCRI,20150102,16.64,17,15.97,16.59,30000
MDIV,20150102,21.27,21.52,21.27,21.51,188200
MDLZ,20150102,36.43,36.94,36.27,36.79,7707600
MDRX,20150102,12.81,12.96,12.75,12.85,1330700
MDWD,20150102,6.72,6.9,6.72,6.88,20600
MDXG,20150102,10,10.05,9.03,9.74,5405900
MEIP,20150102,4.3,4.4,4.25,4.33,255000
MELI,20150102,127.9,128.31,124.56,125.85,207800
MEOH,20150102,45.93,46.42,45.12,45.52,508300
MERC,20150102,12.3,12.6,12.02,12.55,356700
MGEE,20150102,45.4,46.31,45.34,45.75,72400
MGI,20150102,9.2,9.34,9.01,9.09,298600
MGIC,20150102,5.95,5.99,5.92,5.98,28400
MGLN,20150102,60.21,60.99,58.89,59.08,117300
MGNX,20150102,35.28,36.2,34.09,35.18,132700
MGPI,20150102,15.97,16.71,14.26,15.18,167700
MGRC,20150102,35.99,36.18,34.93,35.48,32500
MGYR,20150102,8.65,8.65,8.45,8.54,3900
MHLD,20150102,12.89,13.03,12.78,12.87,300300
MICT,20150102,3.51,3.6,3.51,3.6,400
MIDD,20150102,99.77,100.64,97.07,99.04,231500
MIND,20150102,5.99,6.03,5.78,5.85,102900
MITK,20150102,3.36,3.36,3.18,3.18,133200
MKSI,20150102,36.86,36.97,35.75,36.28,205500
MKTX,20150102,72.26,72.27,70.26,70.35,130700
MLAB,20150102,77.75,80.87,77.02,80.05,18300
MLHR,20150102,29.65,29.94,29.12,29.29,280300
MLVF,20150102,12.03,12.17,12.02,12.17,2300
MMLP,20150102,26.86,29.58,26.86,29.3,177700
MMSI,20150102,17.44,17.62,16.79,16.88,330000
MMYT,20150102,26.21,27.28,25.82,27.18,145000
MNDO,20150102,3.9,3.98,3.9,3.96,152500
MNKD,20150102,26.3,28.75,26.15,28.2,5730300
MNOV,20150102,3.08,3.4,3.07,3.3,21100
MNRO,20150102,58.31,58.5,56.91,57.62,287200
MNST,20150102,36.4667,36.63,35.59,36.0533,655900
MNTX,20150102,12.69,12.98,12.45,12.6,89000
MOFG,20150102,28.71,28.77,28.24,28.26,1900
MOMO,20150102,12,12.8,11.95,12.77,781600
MORN,20150102,64.73,65.38,64.03,65.18,55200
MOSY,20150102,380,386,362,372,86300
MPAA,20150102,31.34,31.43,29.89,30.67,115800
MPB,20150102,15.66,15.66,15.66,15.66,100
MPWR,20150102,49.9,50.2,47.93,48.62,203200
MRCC,20150102,14.62,14.64,13.91,13.91,41400
MRCY,20150102,14,14.04,13.29,13.49,65700
MRLN,20150102,20.72,20.98,20.41,20.5,21300
MRNS,20150102,43.6,47.2,43.6,46,32800
MRTN,20150102,14.6933,14.74,14.12,14.4133,115800
MRTX,20150102,18.5,19.5,18.26,19.24,82000
MRVL,20150102,14.55,14.69,14.32,14.52,3179700
MSEX,20150102,23.29,23.29,22.51,22.86,14300
MSFT,20150102,46.66,47.42,46.54,46.76,27913800
MSON,20150102,12.47,12.47,11.68,12.05,8900
MSTR,20150102,163.8,164.49,160.87,163.12,44900
MTBC,20150102,2.4,2.88,2.4,2.74,3500
MTEX,20150102,26.32,26.32,24.62,25.16,17400
MTLS,20150102,9.64,9.85,9.27,9.57,44500
MTRX,20150102,22.48,22.66,21.81,22.24,133900
MTSI,20150102,31.51,31.73,30.65,31.53,127100
MU,20150102,35.24,35.52,34.34,34.75,15138200
MVIS,20150102,1.76,1.98,1.72,1.96,848800
MYGN,20150102,34.35,34.99,34.03,34.61,496200
MYRG,20150102,27.45,27.68,26.48,26.73,89700
NAII,20150102,5.44,5.44,5.32,5.32,1700
NATH,20150102,80.75,81.06,79.5,80.13,12800
NATI,20150102,31.31,31.64,30.75,31.16,255600
NATR,20150102,14.82,14.97,14.55,14.71,18200
NAVI,20150102,21.71,22.01,21.52,21.82,942500
NBIX,20150102,22.59,23.19,22.35,22.84,667100
NBN,20150102,9.54,9.74,9.52,9.73,3000
NBTB,20150102,26.46,26.46,25.44,25.73,112200
NCMI,20150102,14.4,14.4,13.7,13.91,257400
NCTY,20150102,45.9,48,45.3,47.4,31900
NDAQ,20150102,48.22,48.41,47.42,47.86,596400
NDLS,20150102,26.12,26.8,26.11,26.13,182100
NDSN,20150102,78.07,78.66,76.76,78.25,169200
NECB,20150102,6.94,6.95,6.6,6.94,2100
NEO,20150102,4.1,4.15,4.05,4.09,144100
NEOG,20150102,37.005,37.4325,36.0225,36.585,197400
NEON,20150102,33.8,35,30.1,34.9,1708600
NEPT,20150102,1.89,1.9,1.84,1.88,46400
NERV,20150102,6.07,6.24,6.02,6.11,14300
NETE,20150102,11.1,11.8,11.1,11.8,100400
NEWT,20150102,14.76,14.89,14.7,14.7,34100
NFBK,20150102,14.82,14.88,14.5,14.62,159200
NFLX,20150102,49.1514,50.3314,48.7314,49.8486,1924900
NICE,20150102,50.27,50.85,50,50.18,101300
NICK,20150102,14.89,14.95,14.82,14.85,78700
NKSH,20150102,30.38,30.98,29.37,30.52,30200
NKTR,20150102,15.64,15.73,15.09,15.16,665300
NMIH,20150102,9.15,9.19,9,9.15,115400
NNBR,20150102,20.79,20.79,19.96,20.04,151100
NRIM,20150102,26.31,26.39,25.88,25.88,8600
NSEC,20150102,13.44,13.65,13.44,13.65,1000
NSIT,20150102,26.09,26.22,24.85,25.05,194900
NSSC,20150102,4.7,4.73,4.7,4.7,1600
NSTG,20150102,13.99,14.24,13.33,13.86,55900
NSYS,20150102,5.61,5.71,5.61,5.71,800
NTAP,20150102,41.68,41.79,41.02,41.46,2059600
NTCT,20150102,36.87,37.12,35.83,36.21,135800
NTES,20150102,19.964,20.146,19.37,19.762,327000
NTGR,20150102,35.54,35.85,34.89,35.56,110900
NTIC,20150102,10.445,10.675,10.435,10.675,10200
NTRS,20150102,67.57,67.95,66.79,67.55,676000
NTWK,20150102,4.23,4.23,4.02,4.19,8700
NUAN,20150102,14.32,14.35,14.07,14.14,1441900
NURO,20150102,63.68,65.6,60.8,61.44,203800
NUVA,20150102,46.99,47.82,45.9,46.64,279200
NVAX,20150102,118,120.8,114,115.2,3729000
NVCN,20150102,6800,6800,6450,6500,17200
NVDA,20150102,5.0325,5.07,4.9525,5.0325,2842000
NVEC,20150102,70.35,70.35,69.11,69.7,5200
NVEE,20150102,13.18,13.21,12.6,13.14,36000
NVFY,20150102,14.1,15.2,14.1,15.15,100200
NVMI,20150102,10.49,10.76,10.32,10.34,164600
NWBI,20150102,12.62,12.62,12.3,12.49,463400
NWFL,20150102,29.04,29.24,29.04,29.24,200
NWLI,20150102,265,266.09,264,266.09,3900
NWPX,20150102,30.12,30.28,28.79,28.84,37300
NWS,20150102,15.13,15.28,14.8,14.98,904900
NWSA,20150102,15.82,15.91,15.41,15.59,3023100
NXPI,20150102,76.56,77.88,75.2,76.81,2566500
NXST,20150102,52.16,52.43,49.59,49.77,381700
NXTD,20150102,21.7,23.9,21.3,23.8,102100
NYMT,20150102,7.75,7.85,7.7,7.85,755500
NYMTP,20150102,24.48,24.49,24.14,24.3,23500
NYMX,20150102,0.4,0.41,0.37,0.37,197600
OBAS,20150102,6.95,6.95,6.9,6.95,1900
OBCI,20150102,4.44,4.44,4.05,4.35,31700
OCC,20150102,4.55,4.7,4.53,4.7,5300
OCFC,20150102,17.31,17.31,16.53,16.68,24600
OCUL,20150102,23.51,24.99,23.31,24.47,41400
ODFL,20150102,77.93,78.61,76.26,77.51,353000
ODP,20150102,86,87,83.8,84.3,5794000
OFED,20150102,20,20,20,20,500
OFIX,20150102,30.25,30.5,29.16,29.73,86500
OFLX,20150102,37.92,38.95,34.93,35.74,22500
OFS,20150102,11.85,11.87,11.7,11.71,10800
OIIM,20150102,2.39,2.42,2.36,2.41,14700
OLED,20150102,27.97,28.37,27.59,27.97,282900
OMAB,20150102,36.41,36.41,35.21,35.5,17300
OMCL,20150102,33.21,33.27,31.81,32.2,198000
OMER,20150102,25.09,25.84,24.22,25.01,359800
OMEX,20150102,11.4,12.48,10.92,12.48,986600
ONB,20150102,15,15.02,14.44,14.63,588900
ONCY,20150102,0.53,0.57,0.53,0.54,334600
ONEQ,20150102,186.91,189.45,184.14,184.9,45200
ONTX,20150102,490.5,583.5,490.5,583.5,139300
OPHC,20150102,9.5,9.5,9.5,9.5,1200
OPOF,20150102,15,15.19,15,15.18,1000
ORLY,20150102,192.86,195.03,190.71,192.11,839500
ORMP,20150102,4.7,5.05,4.67,5,68600
ORRF,20150102,16.71,16.78,16.62,16.69,27700
OSBC,20150102,5.7,5.7,5.15,5.15,24200
OSIS,20150102,71.26,71.91,69.5,70.48,94500
OSTK,20150102,24.42,24.7,23.27,23.56,111000
OSUR,20150102,10.17,10.35,9.85,9.95,306400
OTEX,20150102,29.44,29.44,28.805,29.06,119600
OTIC,20150102,33.66,35.05,33.12,34.5,156100
OTTR,20150102,31.22,31.25,30.73,31,83400
OVBC,20150102,24.34,24.34,24.34,24.34,100
OVLY,20150102,10,10.66,8.87,10.6,69200
OXBR,20150102,5.7,6.74,5.32,6.33,91800
OXBRW,20150102,1.8,1.86,1.8,1.86,400
OXLC,20150102,15.11,15.21,14.92,15.14,44800
OXLCO,20150102,24.51,24.61,24.51,24.51,6200
OXLCP,20150102,25.51,25.51,25.48,25.48,4200
PAAS,20150102,9.05,9.59,9.01,9.57,1922200
PACB,20150102,7.89,8.06,7.65,7.81,505100
PACW,20150102,45.84,46.17,44.99,45.78,578400
PAHC,20150102,31.2,31.77,29.71,30.85,100400
PANL,20150102,4.77,4.77,4.7,4.7,800
PATK,20150102,19.5778,19.7245,19.04,19.4622,31500
PAYX,20150102,46.49,46.76,45.82,46.24,2003300
PBCT,20150102,15.22,15.3,14.98,15.15,2425100
PBHC,20150102,9.8,9.89,9.8,9.8,2400
PBIP,20150102,12.33,12.33,12.17,12.28,5600
PBPB,20150102,12.99,13.21,12.52,13.16,438900
PCAR,20150102,68.22,68.87,67.44,68.15,1510200
PCH,20150102,41.98,42.29,41.8,42.16,127500
PCOM,20150102,12.79,13.6,12.37,13.5,46600
PCRX,20150102,89.43,91.5,88.89,91.24,365300
PCTI,20150102,8.6,8.7,8.4,8.7,20600
PCTY,20150102,26.13,26.19,25.15,25.67,124200
PCYG,20150102,9.13,9.18,8.88,8.97,15800
PCYO,20150102,4.04,4.04,3.87,3.95,33700
PDBC,20150102,22.38,22.38,21.12,21.16,6600
PDCE,20150102,41.21,42.06,40,41.26,808600
PDCO,20150102,48.39,48.78,48.25,48.55,752800
PDEX,20150102,2.45,2.5,2.37,2.45,1800
PDFS,20150102,14.91,15.5,14.46,14.65,186900
PEBK,20150102,18.1,18.11,17.89,17.95,8200
PEBO,20150102,25.92,26.01,25.16,25.44,15800
PEGA,20150102,20.89,20.93,20.23,20.35,148000
PENN,20150102,13.73,13.96,13.39,13.48,773600
PERI,20150102,13.32,13.56,13.05,13.56,138700
PESI,20150102,4.43,4.46,4.4,4.41,7200
PETS,20150102,14.42,14.68,14.42,14.49,186800
PFBC,20150102,27.83,27.83,26.54,26.71,23400
PFIE,20150102,2.34,2.48,2.28,2.48,144300
PFIN,20150102,7.97,7.97,7.84,7.84,3700
PFIS,20150102,49.89,49.98,48.55,48.8,3300
PFLT,20150102,13.81,13.94,13.7,13.8,77800
PFMT,20150102,6.64,6.69,6.49,6.58,101400
PFSW,20150102,12.66,12.72,12.23,12.56,39000
PGC,20150102,18.7,18.74,18.29,18.5,20700
PINC,20150102,33.6,34.08,32.78,33.23,151700
PKBK,20150102,10.4091,10.6727,10.4091,10.5273,5200
PKOH,20150102,62.98,62.98,60.37,61.33,35200
PLAB,20150102,8.39,8.43,8.06,8.17,117700
PLAY,20150102,27.33,27.64,25.93,26.18,130500
PLBC,20150102,8.18,8.18,8.01,8.18,200
PLCE,20150102,57.42,57.86,56.73,57.01,333700
PLPC,20150102,53.08,54.5,52.93,54.27,1600
PLUG,20150102,2.97,2.98,2.85,2.98,3965400
PLUS,20150102,36.8,37.3,34,34.11,127000
PLXS,20150102,41.52,41.62,40.14,40.57,163200
PMBC,20150102,7.07,7.09,6.97,7.06,69800
PMD,20150102,15.04,15.07,15.02,15.06,1600
PME,20150102,2.85,2.85,2.7,2.74,59200
PNBK,20150102,16.2,20.1,16.2,18.8,66200
PNFP,20150102,39.76,39.82,38.34,38.9,73100
PNNT,20150102,9.6,9.74,9.56,9.71,572400
PNQI,20150102,67.54,67.54,66.59,67.02,13100
PNRG,20150102,73,73,71,72.95,3400
PODD,20150102,46.76,46.91,44.88,45.18,401000
POOL,20150102,63.49,63.76,62.42,63.08,184300
POWI,20150102,26.1,26.35,25.275,25.845,217000
POWL,20150102,49.45,49.93,47.1,47.95,45300
PPBI,20150102,17.38,17.38,16.84,16.9,43000
PPC,20150102,33.02,33.41,31.17,31.66,1502300
PPSI,20150102,9.13,9.35,9.13,9.34,900
PRAA,20150102,58.04,58.42,56.7,57.14,277100
PRFT,20150102,18.77,18.92,18.24,18.54,106000
PRFZ,20150102,101.49,101.68,99.56,100.2,36000
PRGS,20150102,26.85,27.3,26.42,26.74,149500
PRIM,20150102,23.3,23.69,22.48,22.98,282400
PROV,20150102,15.09,15.14,14.91,15.13,8200
PRPH,20150102,1.4,1.48,1.39,1.42,900
PRQR,20150102,21.73,21.91,20.08,20.46,69400
PRTA,20150102,21,21.38,19.95,20.35,207500
PRTK,20150102,38.88,38.88,33.46,34.54,18900
PRTS,20150102,2.38,2.46,2.2,2.22,13300
PSCC,20150102,55.44,55.44,53.51,53.84,4900
PSCD,20150102,51.31,51.31,49.83,50.39,25400
PSCE,20150102,29.78,29.95,29.07,29.91,17400
PSCF,20150102,42.25,42.25,41.19,41.64,12200
PSCH,20150102,60.27,60.5,58.76,59.11,13700
PSCI,20150102,46.55,46.55,45.11,45.17,6600
PSCM,20150102,42.69,42.73,42,42.58,3800
PSCT,20150102,50.24,50.47,49,49.55,27900
PSCU,20150102,39.74,39.82,39.3,39.3,4100
PSEC,20150102,8.29,8.45,8.26,8.4,2748600
PSMT,20150102,91.78,91.78,89.15,89.8,98000
PSTI,20150102,26,27.3,25.8,26.9,212000
PTC,20150102,36.87,36.98,36.01,36.35,558200
PTCT,20150102,52.53,52.81,50.03,51,280400
PTEN,20150102,16.63,16.93,16.27,16.65,2499900
PTNR,20150102,5.03,5.07,4.94,4.99,62200
PTSI,20150102,52.25,53.49,51.34,52.95,30400
PWOD,20150102,32.78,32.78,31.5667,31.78,5600
PXLW,20150102,4.56,4.74,4.4,4.68,379800
PZZA,20150102,56.35,57.22,55.92,57,401800
QABA,20150102,36.64,36.64,35.84,36.26,18200
QADA,20150102,22.64,22.99,22.45,22.95,9300
QADB,20150102,18.8,18.8,18.8,18.8,0
QAT,20150102,23.53,23.53,23.45,23.45,700
QCLN,20150102,17.31,17.39,16.95,17.29,18100
QCOM,20150102,74.51,74.87,73.75,74.28,6667800
QCRH,20150102,17.98,17.98,17.72,17.9,4500
QDEL,20150102,29.16,29.16,27.26,28,503800
QIWI,20150102,20.49,20.87,20.03,20.51,254500
QLYS,20150102,38.15,38.95,36.5,37.31,178600
QNST,20150102,6.12,6.16,5.93,6,158500
QQEW,20150102,43.1,43.14,42.5,42.74,254300
QQQ,20150102,103.76,104.2,102.44,102.94,31314600
QQQX,20150102,19.26,19.48,19.09,19.31,159100
QQXT,20150102,40.03,40.03,39.51,39.66,10000
QRHC,20150102,11.52,12.16,11.44,12.16,141700
QRVO,20150102,69,72,68.01,70.4,4218700
QTEC,20150102,43.89,44.06,43.33,43.65,89300
QTNT,20150102,18.03,18.03,16.53,17.25,4200
QUIK,20150102,44.52,45.92,43.82,45.78,274300
QUMU,20150102,13.79,14.34,13.75,13.78,18000
QURE,20150102,15,15.39,14.67,14.71,40600
QYLD,20150102,24.04,24.04,23.78,23.81,3300
RADA,20150102,5.12,5.12,4.92,5.02,123600
RAIL,20150102,26.43,26.93,25.66,26.75,77600
RAND,20150102,35.73,35.91,35.55,35.91,8500
RARE,20150102,44.42,46.9,44.27,46.4,148200
RAVN,20150102,25.13,25.14,24.4,24.79,113000
RBCAA,20150102,24.84,25.53,24.18,24.39,8400
RBCN,20150102,45.9,46.2,43.2,44.1,343100
RCII,20150102,36.6,36.67,35.64,35.95,411500
RCKY,20150102,13.47,13.69,13.24,13.6,11800
RCMT,20150102,7,7,6.78,6.89,49300
RCON,20150102,10.3,10.55,9.8,9.8,2100
RDCM,20150102,12.06,12.24,11.1,11.48,46700
RDHL,20150102,13.8,14.99,13.42,13.79,125000
RDI,20150102,13.14,13.28,12.5,13.03,98700
RDIB,20150102,13,13,13,13,0
RDNT,20150102,8.63,8.87,8.56,8.66,217500
RDUS,20150102,39.75,41.3,38.37,41.21,213000
RDVY,20150102,21.84,21.84,21.78,21.82,1000
RDWR,20150102,22.56,22.56,21.28,21.77,341500
REFR,20150102,5.09,5.23,5.09,5.13,17500
REGI,20150102,9.82,9.86,9.58,9.79,436600
REGN,20150102,413.9,419.15,407.5,410.16,769100
RELL,20150102,9.95,10.07,9.95,10.07,63900
RENT,20150102,72.15,72.56,69.85,71.54,122700
REPH,20150102,2.86,2.9,2.85,2.9,800
RESN,20150102,12.02,12.24,10.01,12,332600
RFIL,20150102,4.11,4.11,4.04,4.05,17500
RGCO,20150102,14.6667,14.7667,14.6667,14.7667,1300
RGEN,20150102,19.83,20.41,19.66,20.1,266900
RGLD,20150102,61.54,64.42,61.29,64.31,582500
RGLS,20150102,200.04,213.84,199.32,206.28,1078400
RIBT,20150102,4.17,4.19,4.15,4.15,1900
RICK,20150102,10.02,10.02,9.95,9.96,8900
RIGL,20150102,2.25,2.44,2.23,2.39,583400
RMBS,20150102,11.18,11.49,11.15,11.46,473300
RMCF,20150102,13.18,13.24,13.11,13.23,1800
RMTI,20150102,10.26,10.46,9.79,10.15,821400
RNA,20150102,18.76,18.85,18.72,18.83,117100
RNST,20150102,29.06,29.06,28.03,28.5,95900
RNWK,20150102,7.04,7.12,6.87,7.01,92500
ROCK,20150102,16.34,16.41,15.74,15.95,65300
ROIC,20150102,16.9,17.05,16.84,16.98,388100
ROLL,20150102,64.73,64.95,63.15,64.13,73000
ROST,20150102,47.42,47.66,46.565,46.865,907800
RPRX,20150102,10.02,10.12,9.32,9.72,441500
RRGB,20150102,77.88,78.5,75.07,76.4,187700
RUSHA,20150102,21.5,21.7267,20.72,21.0733,99100
RUSHB,20150102,18.6133,18.8533,18.5067,18.8533,5000
RUTH,20150102,15.17,15.17,14.38,14.4,277600
RVNC,20150102,17.05,17.07,16.36,16.66,72700
RVSB,20150102,4.53,4.53,4.17,4.42,113900
RWLK,20150102,475,493.75,469,490.25,86900
RXDX,20150102,6.92,6.92,6.7,6.86,18900
RYAAY,20150102,70.67,70.92,69.29,69.94,304800
SABR,20150102,20.31,20.51,19.86,20.09,968500
SAFM,20150102,84.55,85.21,82.43,83.04,350200
SAFT,20150102,64.11,64.31,62.63,63.26,45300
SAGE,20150102,36.99,38.92,36.93,38.7,59000
SAIA,20150102,55.83,56.47,54.4,55.71,265600
SAL,20150102,26.85,27,26.85,26.9,700
SALM,20150102,7.83,7.83,7.65,7.79,8000
SAMG,20150102,15.6,15.6,14.94,15.11,10500
SANM,20150102,23.65,23.97,22.95,23.37,448400
SANW,20150102,3.98,3.99,3.7,3.79,236200
SASR,20150102,26.22,26.22,25.1,25.51,41700
SATS,20150102,42.2663,42.8269,41.795,42.315,148200
SBAC,20150102,111.31,111.67,110.25,110.97,1013100
SBCF,20150102,13.78,13.9,13.53,13.7,89800
SBFG,20150102,9.4,9.4,9.4,9.4,0
SBGI,20150102,27.56,27.73,26.35,26.81,1065600
SBLK,20150102,33.1,33.3,30.5,30.6,205000
SBNY,20150102,126.19,126.85,123.83,125.25,195900
SBRA,20150102,30.56,30.93,30.43,30.83,445000
SBSI,20150102,29.2,29.2,28,28.7,55700
SBUX,20150102,41.075,41.485,40.445,40.72,3453000
SCHL,20150102,36.5,36.5,35.39,35.93,102700
SCHN,20150102,22.65,22.85,21.59,22.01,398500
SCOR,20150102,46.59,46.59,44.96,45.61,139600
SCSC,20150102,40.48,40.48,38.9,39.53,91700
SCVL,20150102,25.81,25.81,24.97,25.15,50800
SCYX,20150102,99.7,99.7,98,99.6,3100
SEAC,20150102,6.45,6.46,6.23,6.27,112900
SEED,20150102,14.7,15.3,14.5,14.8,48100
SEIC,20150102,40.02,40.41,39.29,39.6,356300
SENEA,20150102,27.18,27.18,26.77,27,5700
SENEB,20150102,32.16,32.33,31.92,31.92,7700
SFBC,20150102,18.85,18.85,18.85,18.85,0
SFM,20150102,33.99,34.24,33.79,34.02,2262500
SFNC,20150102,20.375,20.55,19.985,20.285,32000
SFST,20150102,16.81,17.71,16.81,17.66,1400
SGC,20150102,29.6,30,29.07,29.87,22300
SGEN,20150102,32.31,33.18,32.1,32.54,660300
SGMA,20150102,6.97,6.97,6.57,6.62,10400
SGMO,20150102,15.27,16.25,15.05,15.27,1057200
SGMS,20150102,12.8,12.8,12.02,12.48,637100
SGOC,20150102,2.84,3.8,2.68,2.96,572300
SGRP,20150102,1.35,1.36,1.35,1.36,1200
SHBI,20150102,9.3,9.38,9.3,9.32,10900
SHEN,20150102,15.8,15.855,15.25,15.69,45200
SHIP,20150102,996,1080,768,1080,26600
SHOO,20150102,21.2733,21.4,20.7333,20.98,317200
SHY,20150102,84.49,84.54,84.47,84.54,1735400
SIEB,20150102,2.15,2.15,2.11,2.11,500
SIEN,20150102,16.78,17.15,16.19,16.53,57200
SIFY,20150102,1.33,1.4,1.31,1.37,63400
SIGA,20150102,1.43,1.45,1.4,1.4,36700
SIGI,20150102,27.35,27.42,26.56,26.79,169400
SILC,20150102,35.14,35.14,33.7,34.31,16900
SIMO,20150102,23.91,25.66,23.72,25.52,563200
SINO,20150102,7.55,7.9,7.5,7.5,16600
SIRI,20150102,3.5,3.53,3.44,3.47,34426500
SIVB,20150102,116.69,117.78,113.11,115.13,304100
SKOR,20150102,50.22,50.32,50.22,50.31,1700
SKYW,20150102,13.42,13.43,12.9,13.24,432500
SKYY,20150102,28.68,28.71,28.26,28.49,45100
SLAB,20150102,47.69,48.11,46.83,47.51,160900
SLCT,20150102,7.37,7.45,7.37,7.44,6600
SLGN,20150102,26.89,27.18,26.61,26.96,170300
SLM,20150102,10.21,10.34,10.16,10.32,2994200
SLMBP,20150102,68,68,67.5,67.5,1700
SLP,20150102,6.84,6.89,6.7,6.77,8600
SLRC,20150102,18.01,18.2,17.82,18.07,214600
SLVO,20150102,11.23,11.44,11.15,11.3,17200
SMBC,20150102,18.265,19,18.25,18.985,1300
SMCI,20150102,35.23,35.58,34.1,34.73,207300
SMED,20150102,4.27,4.41,4.27,4.41,5100
SMIT,20150102,2.99,2.99,2.99,2.99,100
SMLR,20150102,1.96,1.96,1.96,1.96,0
SMMF,20150102,11.75,11.9,10.99,10.99,5900
SMPL,20150102,17.19,17.2,17.01,17.02,3400
SMSI,20150102,3.92,3.92,3.8,3.8,79800
SMTC,20150102,27.79,28.49,27.5,28.06,463900
SNCR,20150102,41.65,42.26,40.84,41.48,246500
SNFCA,20150102,5.76,5.97,5.76,5.84,6800
SNPS,20150102,43.73,43.89,42.74,43.1,474300
SOCL,20150102,18.22,18.22,17.94,18.14,38000
SOHO,20150102,7.64,7.64,7.26,7.6,48400
SOHU,20150102,53.41,53.41,51.31,52.42,349900
SOXX,20150102,93.3,93.83,91.94,92.81,221000
SP,20150102,23.95,25.39,23.95,24.13,40500
SPCB,20150102,10.21,10.66,10.05,10.21,102200
SPLK,20150102,59.31,59.95,57.28,58.79,960700
SPNS,20150102,7.38,7.44,7.19,7.34,18600
SPOK,20150102,17.47,17.58,17,17.42,50500
SPPI,20150102,7.03,7.24,6.99,7.15,1037300
SPRO,20150102,1.62,1.74,1.62,1.62,3200
SPSC,20150102,57.16,57.16,54.96,55.61,58200
SPTN,20150102,26.29,26.59,25.65,25.82,129000
SPWH,20150102,7.32,7.41,6.95,7.39,203500
SPWR,20150102,26.02,26.16,25.14,25.71,1156700
SQQQ,20150102,2353.6,2443.2,2321.6,2402.4,4261300
SRCE,20150102,34.49,34.49,32.73,32.99,40800
SRCL,20150102,131.51,132.27,130.75,131.64,233000
SRDX,20150102,22.14,22.55,21.59,22.11,72700
SREV,20150102,4.68,4.7,4.4,4.5,498200
SRNE,20150102,10.21,10.3,9.53,10.16,340700
SRPT,20150102,14.58,15.01,14.3,14.94,879700
SSB,20150102,67.55,67.59,64.15,65.37,63900
SSBI,20150102,13.76,13.94,13.37,13.89,11800
SSNC,20150102,55.23,58.3,53.68,55.28,491500
SSYS,20150102,83.71,84.47,80.13,81.05,848100
STAA,20150102,9.17,9.27,8.87,9.03,108100
STBA,20150102,30.09,30.09,28.74,29.22,60300
STFC,20150102,22.3,22.53,21.79,21.96,27700
STKL,20150102,11.97,12.06,11.74,11.8,151300
STLD,20150102,19.88,20.18,19.77,19.9,2400800
STRA,20150102,74.69,74.69,71.14,72.63,87700
STRL,20150102,6.45,6.45,6.25,6.41,43300
STRM,20150102,4.37,4.37,4.04,4.05,3700
STRN,20150102,5.2,5.2,5.2,5.2,3000
STRS,20150102,13.9,13.9,13.7,13.7,1400
STRT,20150102,83,83.07,77.31,79.52,48800
STX,20150102,66.67,67.21,65.5,66.02,2397200
SUMR,20150102,29.7,31.86,29.7,30.06,54800
SUNS,20150102,15.06,15.09,14.9,14.93,43700
SUPN,20150102,8.37,8.43,8.17,8.22,210700
SURG,20150102,4.33,4.35,4.15,4.21,39100
SVBI,20150102,4.51,4.51,4.51,4.51,100
SVVC,20150102,18.65,18.8,18.57,18.74,13300
SWIR,20150102,47.3,48.09,45.81,47.95,885700
SWKS,20150102,73.6,73.92,72.12,73.32,2852300
SYBT,20150102,22.4133,22.48,21.7067,21.9067,18900
SYNA,20150102,66.27,66.98,62.75,64.25,1612600
SYNL,20150102,17.88,18.4,16.93,17.67,22700
SYPR,20150102,2.62,2.62,2.53,2.55,4600
TACT,20150102,5.46,5.56,5.46,5.55,6100
TAIT,20150102,1.02,1.06,1.02,1.05,16300
TAST,20150102,7.7,7.71,7.55,7.6,86900
TATT,20150102,6.59,6.59,6.35,6.35,1700
TAYD,20150102,10.43,10.5,10.43,10.5,1200
TBBK,20150102,11,11.01,10.24,10.33,322300
TBK,20150102,13.18,13.88,13.09,13.5,22700
TBNK,20150102,21.58,21.6,21.4,21.52,11000
TBPH,20150102,14.97,15.46,14.63,14.7,133900
TCBI,20150102,54.8,54.81,52.72,53.34,451500
TCBK,20150102,24.7,24.71,23.97,24.38,57700
TCFC,20150102,20.07,20.07,20.07,20.07,0
TCPC,20150102,16.8,16.81,16.46,16.79,237400
TCX,20150102,19.21,19.49,19.01,19.06,33100
TDIV,20150102,27.84,27.91,27.51,27.66,119400
TECH,20150102,93.01,93.6,90.41,91.44,175000
TEDU,20150102,11.22,11.25,10.87,11,187900
TENX,20150102,76.8,77,74,76,61600
TESS,20150102,28.93,28.93,27.72,28.3,4700
TFSL,20150102,14.97,14.99,14.67,14.69,300100
TGA,20150102,4.22,4.36,4.02,4.08,304100
TGLS,20150102,9.62,10.1,9.62,9.94,2000
TGTX,20150102,15.93,16.48,15.8,16.33,323800
THFF,20150102,35.64,35.99,34.65,34.89,30600
THRM,20150102,37.04,37.67,36.12,37.2,288700
THRX,20150102,14.32,14.68,13.77,13.87,784600
TIGR,20150102,0.47,0.47,0.45,0.47,6600
TILE,20150102,16.56,16.62,16.01,16.24,653300
TIPT,20150102,7.8,7.95,7.76,7.94,3900
TITN,20150102,13.93,13.95,13.3,13.84,58600
TLT,20150102,126.3,127.66,126.15,127.32,9431900
TNDM,20150102,12.78,12.91,12.15,12.65,217300
TNXP,20150102,5840,5990,5750,5920,56200
TOPS,20150102,1090000,1150000,1090000,1110000,22900
TOUR,20150102,11.9,12.97,11.89,12.37,169700
TOWN,20150102,15.14,15.44,14.89,15.35,179100
TQQQ,20150102,16.4783,16.6883,15.86,16.1083,2546400
TREE,20150102,48.5,48.72,46.34,47.34,135500
TRIB,20150102,17.5,18.36,17.5,18.15,163400
TRIL,20150102,9,10.23,9,9.9,247700
TRIP,20150102,75.57,76.12,73.68,74.59,1374500
TRMB,20150102,26.7,26.96,26.36,26.91,1106600
TRMK,20150102,24.69,24.69,23.93,24.28,212000
TRNS,20150102,9.8,10.19,9.8,10.19,400
TROW,20150102,86.6,87.22,85.11,85.76,999900
TRS,20150102,31.4,31.46,30.73,31.01,274600
TRST,20150102,7.33,7.33,7.07,7.11,291400
TRUE,20150102,22.94,23.1,20.8,21.76,1139500
TRVN,20150102,6,6.08,5.5,5.65,225400
TSBK,20150102,10.6,10.6,10.44,10.51,25100
TSC,20150102,10.32,10.45,9.93,10.31,60500
TSCO,20150102,78.8,79.39,77.08,78.07,562300
TSEM,20150102,13.36,13.46,12.81,13.15,613200
TSLA,20150102,44.574,44.65,42.652,43.862,4764400
TSRI,20150102,3.61,3.61,3.59,3.61,900
TTEC,20150102,23.85,24,23.22,23.52,33200
TTEK,20150102,26.77,27,26.36,26.69,166100
TTGT,20150102,11.47,11.5,10.8,10.88,133500
TTMI,20150102,7.57,7.6,7.32,7.38,483400
TTOO,20150102,19.1,19.81,18.01,19.32,27400
TTWO,20150102,28.2,28.44,27.55,28.09,826900
TW,20150102,113.17,113.84,110.85,112.28,332000
TWIN,20150102,20,20,18.91,19.21,32700
TWOU,20150102,19.53,19.76,18.95,19.48,138000
TXN,20150102,53.56,54.08,53.01,53.48,4026000
TXRH,20150102,33.95,34.28,33.06,33.5,471500
TZOO,20150102,12.66,12.69,11.87,12.16,89500
UAE,20150102,18.76,18.85,18.76,18.82,1900
UBCP,20150102,8.07,8.07,8.07,8.07,0
UBFO,20150102,5.43,5.49,5.43,5.49,2300
UBOH,20150102,14.7,14.78,14.31,14.32,33300
UBSI,20150102,37.86,37.86,36.4,37.01,389700
UCBI,20150102,18.98,19.12,18.39,18.69,219200
UCTT,20150102,9.37,9.44,9.2,9.42,124000
UEIC,20150102,65.51,65.71,62.62,63.71,88300
UEPS,20150102,11.41,11.75,11.3,11.65,193200
UFCS,20150102,30.01,30.02,28.82,28.98,37100
UFPI,20150102,53.51,53.65,51.77,52.37,55600
UFPT,20150102,24.66,24.74,23.52,23.85,11700
UG,20150102,19.65,19.77,19.06,19.46,4500
UHAL,20150102,287.63,288.41,283.49,288.3,29100
UIHC,20150102,22.01,22.44,20.58,21.17,415800
ULBI,20150102,3,3.09,2.99,3,11000
ULTA,20150102,128.13,129.09,125.24,126.84,410900
UMBF,20150102,57.32,57.32,55.01,56.09,200900
UMPQ,20150102,17.19,17.33,16.65,16.86,1372000
UNAM,20150102,11.44,11.44,11.44,11.44,0
UNB,20150102,23.75,23.75,23.75,23.75,0
UNTY,20150102,9.3,9.35,9.25,9.32,10100
UPLD,20150102,9.48,9.75,9.48,9.51,14600
URBN,20150102,35.26,35.53,34.79,35.1,1279300
USAK,20150102,28.71,28.73,26.63,27.89,54900
USAP,20150102,25.19,25.26,24.96,24.99,11300
USEG,20150102,90,92.4,88.2,90,46900
USLM,20150102,73.8,73.8,71.32,71.96,23000
UTHR,20150102,129.5,130.13,125,127.73,603900
UTMD,20150102,60.14,60.14,57.11,57.88,4500
UTSI,20150102,2.86,2.88,2.81,2.82,29600
UVSP,20150102,20.47,20.61,19.77,19.99,30100
VALU,20150102,16.69,16.7,16.57,16.57,700
VBFC,20150102,22,22,22,22,0
VBIV,20150102,3.06,3.28,2.99,3.28,21000
VBLT,20150102,6,6.75,5.61,6.75,88000
VBTX,20150102,14.04,14.39,14.04,14.37,39500
VCEL,20150102,3.05,3.24,3.04,3.15,141400
VCIT,20150102,86.22,86.47,86.14,86.39,243800
VCLT,20150102,93,93.15,92.48,93.15,149000
VCSH,20150102,79.48,79.64,79.48,79.55,602400
VCYT,20150102,9.73,9.74,9.01,9.45,56100
VECO,20150102,35.21,35.44,34.39,35.12,327500
VGIT,20150102,64.52,64.7,64.41,64.67,76200
VGLT,20150102,78.13,78.69,77.9,78.39,69000
VGSH,20150102,60.9,60.93,60.82,60.91,432800
VIA,20150102,75.63,76.29,74.89,75.46,15500
VICR,20150102,12.23,12.23,11.65,11.83,32400
VIEW,20150102,1.39,1.49,1.32,1.49,12800
VIRC,20150102,2.45,2.48,2.43,2.45,8300
VIVO,20150102,16.13,16.45,15.56,16.38,611700
VLGEA,20150102,27.37,27.49,26.7,26.71,6600
VMBS,20150102,53.08,53.12,52.95,53.09,190800
VNDA,20150102,14.42,14.91,14.28,14.58,374200
VNET,20150102,15.51,15.77,15.31,15.46,551600
VNOM,20150102,18.14,19.75,17.91,19.73,181500
VNQI,20150102,54.09,54.19,53.65,53.77,247400
VOD,20150102,34.08,34.29,33.87,34.03,2555800
VONE,20150102,95.17,95.22,94.07,94.69,26000
VONG,20150102,98.8,98.8,97.43,98.06,26000
VONV,20150102,91.67,91.67,90.78,91.39,18700
VOXX,20150102,8.82,8.9,8.6,8.73,164900
VRA,20150102,20.44,20.46,19.56,19.85,439000
VRNS,20150102,32.95,33.45,32.31,33.1,265000
VRNT,20150102,58.37,59,57.46,58.17,406600
VRSK,20150102,64.08,65,63.05,63.97,529800
VRSN,20150102,57.23,57.4,56.56,57.19,685300
VRTS,20150102,169.33,171,164.84,166.14,77400
VRTX,20150102,119.97,123.68,118.3,123.07,1442600
VSAT,20150102,63.05,63.44,61.24,61.96,217100
VSEC,20150102,33.09,34.995,33.09,34.29,50100
VSTM,20150102,9.22,9.56,9.04,9.45,525500
VTHR,20150102,95.27,95.27,94.17,94.19,1800
VTIP,20150102,48.27,48.39,48.21,48.33,96000
VTNR,20150102,4.2,4.41,4.1,4.2,200800
VTWG,20150102,103.67,104.29,102,102.61,26300
VTWO,20150102,96.03,96.27,94.22,95.05,84400
VTWV,20150102,88.62,88.62,86.94,87.6,2400
VWOB,20150102,76.32,76.75,76.32,76.36,41800
VXUS,20150102,48.34,48.53,48.08,48.21,1149300
WABC,20150102,49.38,49.45,47.66,48.44,94500
WAFD,20150102,22.32,22.32,21.67,21.94,389900
WASH,20150102,40.49,40.49,39.09,39.61,15000
WATT,20150102,11.05,11.38,10.06,11.38,357300
WB,20150102,14.29,14.64,14.24,14.53,305500
WBA,20150102,76.11,77.19,75.09,76,3938400
WDAY,20150102,81.82,81.97,79.25,80.41,1629900
WDC,20150102,111.74,111.92,109.26,110.43,966900
WDFC,20150102,85.08,85.21,82.96,84.05,50200
WEN,20150102,9.1,9.18,9,9.06,3150600
WERN,20150102,31.34,31.55,30.57,31.13,291200
WETF,20150102,15.84,16.01,15.18,15.42,1209700
WEYS,20150102,29.55,29.6,28.19,28.74,10500
WHF,20150102,11.69,11.82,11.52,11.71,28900
WHLM,20150102,5.63,5.66,5.6,5.63,3600
WHLR,20150102,31.68,33.12,31.68,32.4,8400
WHLRP,20150102,22.1,22.24,22.1,22.19,3500
WILC,20150102,6.91,6.91,6.56,6.59,10200
WINA,20150102,87.32,87.32,85.44,85.98,3300
WIRE,20150102,37.46,37.55,36.23,36.75,110800
WIX,20150102,21.2,21.2,20.65,21.05,81600
WLDN,20150102,13.64,14.5,13.51,14.5,155200
WLFC,20150102,21.93,21.95,21.44,21.62,9100
WOOD,20150102,52.99,53.23,52.54,52.96,16500
WOOF,20150102,49.22,49.79,48.25,48.58,707900
WPRT,20150102,3.78,3.91,3.71,3.83,683300
WRLD,20150102,79.83,79.83,76.65,77.72,105500
WSBC,20150102,35.08,35.08,33.88,34.22,50700
WSBF,20150102,13.22,13.22,12.62,13.02,74000
WSFS,20150102,25.4633,25.7167,24.9233,25.35,41200
WSTG,20150102,17.71,17.71,17.25,17.67,5600
WTBA,20150102,17.05,17.05,16.25,16.3,9500
WTFC,20150102,47.12,47.12,45.65,46.42,187700
WVFC,20150102,10.86,10.93,10.78,10.81,10200
WVVI,20150102,5.5,5.92,5.5,5.92,900
WWD,20150102,49.5,49.58,48.06,48.58,203400
WYNN,20150102,148.5,149.23,142.15,146.89,2228800
XENE,20150102,19.79,20.6,18.5,18.7,38600
XENT,20150102,18.72,18.72,18.1,18.3,36500
XLNX,20150102,43.51,43.93,43.11,43.6,2402400
XLRN,20150102,39.09,39.73,37.81,38.26,176100
XNCR,20150102,16.19,16.55,16.07,16.25,56000
XNET,20150102,7.36,8.06,7.34,8,135600
XOMA,20150102,71.8,72.6,69,71,3421200
XONE,20150102,16.97,17.45,16.21,16.56,216200
XRAY,20150102,52.13,53.12,51.88,51.93,1829000
XTLB,20150102,9.85,9.9,9.7,9.7,2100
YNDX,20150102,18.02,18.44,17.78,18.37,2384500
YORW,20150102,22.93,22.93,22.57,22.65,26900
YY,20150102,62.97,65.81,62.49,65.68,982700
Z,20150102,105.96,107.19,102.45,103.68,784800
ZBRA,20150102,77.99,78.42,76.06,77.43,411900
ZEUS,20150102,17.9,18.57,17.39,18.28,45400
ZGNX,20150102,11.2,11.6,10.8,11.36,2615100
ZION,20150102,28.67,28.72,28.06,28.29,2299100
ZIOP,20150102,5.1,5.23,4.9,5.13,1282400
ZIXI,20150102,3.59,3.68,3.5,3.55,123200
ZNGA,20150102,2.7,2.73,2.64,2.73,12579200
ZUMZ,20150102,38.85,38.97,37.52,38.21,180300
