AAL,20151118,42.32,42.32,41.01,41.75,11071000
AAME,20151118,4.99,5,4.83,4.87,10400
AAOI,20151118,16.7,16.7,16.12,16.64,389700
AAON,20151118,23.77,24.2,23.62,24.11,188400
AAPL,20151118,28.94,29.3725,28.875,29.3225,46674600
AAWW,20151118,40.56,40.85,39.81,40.6,140400
AAXJ,20151118,54.83,55.54,54.83,55.48,1032400
ABCB,20151118,32.96,33.1,32.47,33.08,158600
ABEO,20151118,4,4.07,3.95,4,67200
ABIO,20151118,91.98,93.24,91.44,91.62,15000
ABMD,20151118,79.02,79.15,77.9,78.79,428300
ABTX,20151118,23.15,23.31,22.31,22.75,45700
ABUS,20151118,5.31,5.6,5.22,5.58,274700
ACAD,20151118,34.64,36.33,34.33,36.31,1190300
ACBI,20151118,14.4,14.7,14.25,14.57,67100
ACET,20151118,26.24,26.96,25.34,26.87,839500
ACGL,20151118,24.53,24.6633,24.1867,24.63,520700
ACHC,20151118,67.57,69.77,67.57,69.58,351700
ACIW,20151118,23.49,23.67,22.59,23.64,368300
ACLS,20151118,9.92,10.08,9.72,10.04,1037200
ACNB,20151118,22.19,22.5,21.71,21.71,5500
ACOR,20151118,37.5,38.47,37.38,37.89,526600
ACRS,20151118,22.14,23.49,19.68,19.95,90800
ACRX,20151118,5.36,5.48,5.06,5.25,580100
ACST,20151118,2.35,2.35,2.25,2.26,6400
ACTG,20151118,5.29,5.44,5.24,5.29,940800
ACWI,20151118,57.42,57.95,57.32,57.86,6718200
ACWX,20151118,40.98,41.28,40.89,41.25,1346300
ADAP,20151118,9.4,9.4,9.02,9.11,632500
ADBE,20151118,90.31,91.39,89.47,91.27,1453500
ADI,20151118,59.33,60.83,59.3,60.74,1797200
ADMA,20151118,9.6,9.6,8.84,9.16,7100
ADMP,20151118,4.2,4.2,4.05,4.08,16200
ADMS,20151118,15.34,15.87,14.93,15.7,110300
ADP,20151118,86.28,86.55,85.45,86.5,1390700
ADRE,20151118,30.07,30.37,29.98,30.37,6300
ADSK,20151118,61.28,61.61,60.1,61.25,3014300
ADTN,20151118,15.94,16.05,15.69,15.98,413100
ADUS,20151118,20.79,21.16,20.44,21.04,59300
ADXS,20151118,179.4,183.9,174.15,177.6,605800
AEHR,20151118,1.96,1.99,1.88,1.9,8700
AEIS,20151118,28.39,28.79,28.03,28.7,192900
AEMD,20151118,107.7,111.3,106.35,108.45,24800
AERI,20151118,24.01,24.97,23.88,24.89,243300
AEY,20151118,2.3,2.3,2.29,2.29,600
AEZS,20151118,5,5,4,4,19191700
AFMD,20151118,5.9,6.41,5.75,6.05,424200
AGEN,20151118,4.28,4.75,4.22,4.74,1642300
AGFS,20151118,5.17,6.16,5.17,5.64,473800
AGIO,20151118,60,64.21,59.76,64.04,350200
AGNC,20151118,17.88,18.09,17.86,18.09,2573500
AGNCP,20151118,25.96,26.04,25.9,25.92,3800
AGRX,20151118,7.87,8.06,7.75,7.85,27600
AGTC,20151118,15.91,16.8,15.91,16.77,208300
AGYS,20151118,10.71,10.74,10.52,10.63,25700
AGZD,20151118,48.2,48.2,48.06,48.06,700
AHPI,20151118,1.22,1.31,1.22,1.31,2900
AIMC,20151118,26.71,27.19,26.61,27.06,104400
AINV,20151118,18.03,18.33,18,18.18,1510300
AIQ,20151118,7.25,7.62,6.73,7.28,206500
AIRR,20151118,17.06,17.31,17.06,17.31,6500
AIRT,20151118,25.1,25.1,25.05,25.05,400
AKAM,20151118,58.84,59.39,58.52,59.25,1544600
AKBA,20151118,8.6,9.08,8.51,9.06,243400
AKTX,20151118,19.35,19.48,19,19.21,2200
ALCO,20151118,41.04,41.4,39.1,39.38,54700
ALDX,20151118,7.23,7.5,7.12,7.15,41800
ALGN,20151118,66.63,66.72,65.14,66.33,436400
ALGT,20151118,187.77,190.69,183.73,190.14,142700
ALIM,20151118,3.24,3.32,3.21,3.29,103200
ALKS,20151118,74.5,74.96,73.12,74.29,1334600
ALLT,20151118,5.17,5.3,5.17,5.29,64900
ALNY,20151118,104.23,107.66,102.33,107,668500
ALOT,20151118,13.49,13.5,13.23,13.23,600
ALRM,20151118,17.21,17.67,16.72,17.2,207300
ALTR,20151118,52.7,52.83,52.64,52.73,3605100
ALTY,20151118,14.2,14.2,14.2,14.2,0
AMAT,20151118,17.83,18.18,17.82,18.13,12712200
AMBA,20151118,51.35,53.58,50.68,53.42,1429900
AMCX,20151118,79.22,80.15,79.1,79.99,546900
AMD,20151118,1.99,2.15,1.98,2.12,9384600
AMED,20151118,40.62,41.32,40.18,40.94,135300
AMGN,20151118,158.11,161.12,156.35,160.92,2975700
AMKR,20151118,6.03,6.34,6.03,6.33,767100
AMNB,20151118,25.13,25.35,24.87,25.27,18100
AMOT,20151118,20.25,20.96,20.2,20.9,43100
AMPH,20151118,14.22,14.81,14.12,14.75,232400
AMRK,20151118,15.37,16,15.03,15.24,26600
AMRN,20151118,1.95,2,1.88,1.95,759800
AMRS,20151118,23.1,23.85,22.5,23.1,188000
AMSC,20151118,4.17,4.27,4,4.06,63300
AMSF,20151118,53.02,53.79,52.76,53.67,56700
AMSWA,20151118,9.77,9.94,9.69,9.9,22000
AMTX,20151118,2.16,2.31,2.16,2.31,4900
AMWD,20151118,71.09,73.03,70.3,73,125100
AMZN,20151118,646.51,664.88,646.37,663.54,4469700
ANAT,20151118,105.16,106.24,104.74,106.05,23600
ANDE,20151118,34.48,34.76,33.81,34.51,131100
ANGI,20151118,10.03,10.9,10.03,10.86,1963300
ANGO,20151118,11.71,11.73,11.23,11.68,157500
ANIK,20151118,42.01,42.08,41.48,41.7,101400
ANIP,20151118,43,43.9,42.56,43.41,301500
ANSS,20151118,90.37,90.98,89.63,90.73,510100
ANY,20151118,2.04,2.12,1.9,1.95,433600
AOSL,20151118,9.14,9.45,9.14,9.42,86900
APDN,20151118,143.6,150,142,147.6,229300
APEI,20151118,22.25,23.27,22.22,22.4,92000
APOG,20151118,49.95,51.33,49.29,51.25,195400
APPF,20151118,16.02,16.05,15.53,15.99,30200
APPS,20151118,1.45,1.52,1.43,1.52,588700
APTO,20151118,5.4,5.48,5.4,5.45,9500
APWC,20151118,1.82,1.82,1.75,1.82,11200
AQMS,20151118,5.05,5.06,5,5,9300
ARAY,20151118,6.82,7.02,6.67,6.72,1105500
ARCB,20151118,25.25,25.41,24.34,24.81,314800
ARCC,20151118,15.58,15.63,15.44,15.61,1395600
ARDX,20151118,17.92,18.03,17.15,17.95,116100
ARKR,20151118,23.46,23.46,23.25,23.25,1000
ARLP,20151118,19.49,19.75,19.35,19.47,175400
ARNA,20151118,17.3,20,17.1,20,6203500
AROW,20151118,28.13,28.24,27.97,28.12,16500
ARRY,20151118,4.23,4.26,4.09,4.11,3446600
ARTNA,20151118,24.68,24.99,24.24,24.97,23800
ARTW,20151118,3.01,3.1,3,3,3900
ARWR,20151118,5.47,5.61,5.42,5.57,1197300
ASMB,20151118,8.7,8.95,8.15,8.92,30100
ASML,20151118,92.37,93.25,92.1,93.15,2181100
ASND,20151118,17.68,17.94,17.42,17.7,46200
ASPS,20151118,28.25,28.52,26.44,26.86,999100
ASRV,20151118,3.27,3.39,3.27,3.29,22200
ASTC,20151118,1.59,1.62,1.47,1.59,58200
ASTE,20151118,36.72,37.42,36.7,37.11,149100
ASUR,20151118,5.13,5.41,5.13,5.4,51100
ASYS,20151118,5.28,5.28,5,5.11,57900
ATAI,20151118,4.67,4.9,4.52,4.89,28500
ATAX,20151118,5.41,5.43,5.35,5.38,136600
ATEC,20151118,2.64,3,2.64,2.64,330400
ATHX,20151118,1.03,1.04,1.01,1.01,211200
ATLC,20151118,3.09,3.18,3.08,3.08,800
ATLO,20151118,24.61,25.49,24.61,25.34,6900
ATNI,20151118,77.74,79.99,77.65,79.57,51800
ATOS,20151118,102.6,102.6,81,90,676000
ATRA,20151118,30.94,32.21,30.34,32.16,339600
ATRC,20151118,20.71,20.96,20.38,20.88,134900
ATRI,20151118,390.62,399.98,390.62,399,5100
ATRO,20151118,35.31,35.72,35,35.58,208400
ATRS,20151118,1.36,1.38,1.32,1.34,518000
ATSG,20151118,8.86,8.95,8.73,8.9,224200
ATVI,20151118,36.23,36.95,35.82,36.87,8259200
AUBN,20151118,27.4,27.4,27.08,27.08,400
AUDC,20151118,4.13,4.18,4.1,4.17,41900
AUPH,20151118,2.7,2.7,2.54,2.6,50600
AVAV,20151118,23.66,23.66,22.94,23.33,106700
AVEO,20151118,11.4,11.7,11.3,11.4,232400
AVGO,20151118,121.92,126.1,121.6,125.92,2027000
AVGR,20151118,6540,6580,6416,6560,70400
AVID,20151118,6.19,6.28,6.05,6.14,227700
AVNW,20151118,11.16,12,11.16,11.52,56400
AVXL,20151118,4.1,6.03,3.87,5.3,34225000
AWRE,20151118,3.09,3.1,3,3.05,36600
AXDX,20151118,16.79,17.1,16.41,16.59,169200
AXGN,20151118,5.49,5.56,5.1,5.37,121300
AXTI,20151118,2.3,2.35,2.29,2.34,69400
AZPN,20151118,41.47,42.29,41.16,42.28,405900
BANF,20151118,62.78,63.55,62.06,63.5,24600
BANFP,20151118,26.65,26.65,26.65,26.65,0
BANR,20151118,51.53,51.81,50.56,51.48,143000
BANX,20151118,17.34,17.34,16.45,16.77,82900
BBBY,20151118,53.38,54.17,53.07,54.09,2028900
BBGI,20151118,3.8,3.8,3.8,3.8,100
BBSI,20151118,41,42.8,40.4,41.84,77000
BCBP,20151118,10.38,10.7,10.38,10.56,31500
BCLI,20151118,2.67,2.7,2.58,2.66,80000
BCOR,20151118,10.45,10.55,10.33,10.54,270300
BCOV,20151118,6.23,6.52,6.23,6.52,133900
BCPC,20151118,64.34,65.78,64.1,65.56,124800
BCRX,20151118,9.55,10.34,9.55,10.3,641400
BDSI,20151118,5.6,5.76,5.52,5.72,972100
BEAT,20151118,12.5,12.81,12.45,12.73,189600
BECN,20151118,36.89,37.76,36.84,37.7,221600
BELFA,20151118,16.61,16.65,16.61,16.65,400
BELFB,20151118,18.55,18.94,18.49,18.64,74600
BFIN,20151118,12.43,12.59,12.37,12.59,52700
BGCP,20151118,8.75,8.97,8.66,8.95,1483500
BGFV,20151118,9.09,9.31,8.95,9.16,195400
BHACU,20151118,10.07,10.1,10.05,10.08,501500
BIB,20151118,68.75,72.29,68.4,72.16,951100
BICK,20151118,20.16,20.21,19.94,20.1,3500
BIDU,20151118,196.71,204.82,196.52,204.73,4569700
BIIB,20151118,258.5098,269.5908,257.2755,268.946,2253200
BIOC,20151118,60,60,56.4,57,154000
BIOL,20151118,4.7,5.65,4.5,5.4,177800
BIS,20151118,30.87,31.16,29.37,29.45,599400
BJRI,20151118,42.94,43.44,42.25,42.83,228800
BKCC,20151118,9.42,9.52,9.39,9.48,227300
BKEP,20151118,5.67,5.83,5.65,5.67,128200
BKEPP,20151118,6.54,6.65,6.13,6.41,13200
BKSC,20151118,16.09,16.33,16.09,16.25,600
BLBD,20151118,10.6,10.8,10.43,10.5,74200
BLCM,20151118,206.2,213.2,205.8,211.7,183800
BLDP,20151118,1.38,1.38,1.31,1.34,408300
BLFS,20151118,2.23,2.3,2.23,2.24,9300
BLIN,20151118,64.5,64.5,64,64.5,1200
BLKB,20151118,60.27,61.19,59.7,60.81,123500
BLMN,20151118,16.38,16.95,16.34,16.92,2392800
BLPH,20151118,43.65,44.25,43.5,43.65,17100
BLRX,20151118,18.75,19.65,18.6,19.2,147000
BLUE,20151118,85.24,87.57,82.43,84.59,1937000
BMRC,20151118,27.005,27.29,26.89,26.945,13300
BMRN,20151118,107.84,108.97,104.81,107.7,1399200
BMTC,20151118,29.54,29.89,29.26,29.83,35400
BNDX,20151118,53.02,53.12,52.98,53.12,559100
BNFT,20151118,38.21,39.29,37.76,39.21,180000
BNSO,20151118,1.42,1.44,1.32,1.35,31900
BNTC,20151118,52.5,56.4,47.9,52.3,8200
BOKF,20151118,68.7,69.66,67.87,69.62,164300
BOOM,20151118,7.55,7.74,7.55,7.64,142800
BOSC,20151118,2.04,2.14,2.02,2.13,2100
BOTJ,20151118,11.8,11.8,11.8,11.8,200
BPMC,20151118,19.5,20.18,19.13,19.77,509200
BPOP,20151118,28.55,29.04,28.54,28.94,709800
BPOPM,20151118,19,19,19,19,0
BPOPN,20151118,20.57,20.89,20.54,20.54,1700
BPTH,20151118,296,298,296,296,14700
BRID,20151118,9.29,9.29,9.29,9.29,0
BRKL,20151118,11.67,11.76,11.56,11.74,247900
BRKR,20151118,21.91,22.46,21.24,22.42,857600
BRKS,20151118,10.82,11.31,10.69,11.21,310000
BSET,20151118,29.12,30,28.91,29.74,43100
BSQR,20151118,7.18,7.36,7.1,7.33,168500
BSRR,20151118,17.25,17.36,17,17.3,15900
BUSE,20151118,21.86,22.06,21.71,21.89,135600
BVXV,20151118,3.92,3.93,3.85,3.86,7500
BWEN,20151118,1.91,1.94,1.89,1.89,13900
BWFG,20151118,19.13,19.78,19.1,19.65,6500
BYFC,20151118,1.33,1.33,1.33,1.33,0
BZUN,20151118,6.89,6.89,6.41,6.78,171500
CAAS,20151118,5.97,6.03,5.77,5.97,9800
CAC,20151118,44.57,45.04,44.5,44.8,33400
CACC,20151118,186.09,186.61,175.4,177,206200
CAKE,20151118,45.93,46.41,45.41,46.39,576100
CALA,20151118,6.79,7.49,6.67,7.44,176900
CALM,20151118,54.38,56.44,54.38,56.17,613800
CAMP,20151118,18.71,18.99,18.58,18.95,254000
CAMT,20151118,2.45,2.47,2.41,2.46,13000
CAPR,20151118,39.5,39.9,39.5,39.9,4800
CAR,20151118,39.95,40.93,39.95,40.87,1750800
CARA,20151118,15.19,15.74,14.76,15.71,161800
CARV,20151118,6.31,6.31,6.31,6.31,0
CARZ,20151118,36.75,36.95,36.6,36.95,5300
CASH,20151118,15.2667,15.2667,15.1,15.13,65400
CASI,20151118,1.21,1.23,1.15,1.16,16600
CASS,20151118,50.55,51.16,50.02,51.16,15600
CASY,20151118,113.99,115.73,112.8,114.52,325600
CATY,20151118,33.54,34.14,33.18,34.11,412200
CBAN,20151118,9.25,9.49,9.25,9.34,5800
CBAY,20151118,1.48,1.48,1.38,1.39,126500
CBFV,20151118,21.9,22,21.5,21.5,14500
CBIO,20151118,50.55,50.55,44.1,46.5,14400
CBNK,20151118,17.15,17.15,16.96,17.02,2900
CBRL,20151118,132.99,134.77,131.84,134.43,245900
CBSH,20151118,47.18,47.58,46.63,47.57,358500
CCBG,20151118,15.85,16,15.68,15.9,30300
CCD,20151118,18.34,18.34,18.14,18.28,165400
CCLP,20151118,14.17,14.62,14.16,14.47,71500
CCMP,20151118,40.6,41.7,40.43,41.49,119100
CCNE,20151118,18.7,18.75,18.63,18.75,18700
CCOI,20151118,33.9,33.96,32.65,33.08,797500
CCRN,20151118,17.3,17.76,17.02,17.5,445400
CCXI,20151118,6.66,6.84,6.47,6.83,82200
CDC,20151118,35.76,35.94,35.6,35.94,12100
CDK,20151118,47.05,47.96,46.44,47.96,703200
CDL,20151118,34.69,34.94,34.69,34.94,4300
CDNA,20151118,6.14,6.87,6,6.14,180800
CDNS,20151118,22.63,22.92,22.44,22.91,2127600
CDTX,20151118,13.03,13.89,13.02,13.89,26100
CDW,20151118,44.51,44.89,43.7,44.15,1644400
CDXS,20151118,3.54,3.6,3.52,3.52,31700
CDZI,20151118,3.12,3.17,3.07,3.16,29200
CECE,20151118,8.71,8.94,8.65,8.85,86600
CEMI,20151118,5.31,5.33,5.27,5.27,4500
CENT,20151118,14.49,14.79,13.95,14.77,78800
CENTA,20151118,15.67,15.83,14.99,15.77,360000
CENX,20151118,3.58,3.71,3.5,3.68,2106700
CERE,20151118,0.93,0.96,0.93,0.94,107300
CERN,20151118,57.36,58.68,57.35,58.32,2858900
CERS,20151118,5.11,5.2,5.05,5.19,401700
CETX,20151118,19.12,19.6,18.48,18.88,130000
CEVA,20151118,25.18,25.46,24.87,25.28,212700
CFA,20151118,36.33,36.55,36.33,36.55,3400
CFBK,20151118,7.81,7.81,7.7,7.7,1600
CFFI,20151118,39,39,38.5,38.57,1400
CFFN,20151118,12.64,12.71,12.49,12.7,558000
CFMS,20151118,20.07,20.46,19.77,20,124500
CFO,20151118,36.28,36.6,36.17,36.6,11600
CFRX,20151118,37.4,39.8,34,39.4,104300
CG,20151118,17.13,17.44,17.05,17.25,1209700
CGEN,20151118,6.97,7.41,6.97,7.36,284500
CGNT,20151118,1.52,1.6,1.5,1.51,14500
CGNX,20151118,18.075,18.65,17.65,18.495,915500
CGO,20151118,11.56,11.84,11.56,11.78,79700
CHCI,20151118,2.1,2.1,2.03,2.05,49200
CHCO,20151118,48.83,49.15,48.35,49.11,40900
CHDN,20151118,48.3533,48.89,48.01,48.4733,44500
CHEF,20151118,19.74,19.92,19.48,19.8,134300
CHEK,20151118,29.76,31.32,29.76,30,3500
CHI,20151118,10,10.1,9.98,10.09,200100
CHKP,20151118,82.25,82.68,80.56,81.43,1855100
CHMG,20151118,27.56,28,27.31,27.36,1900
CHNR,20151118,1.56,1.62,1.56,1.56,2000
CHRS,20151118,27.49,27.49,26.26,27.23,118900
CHRW,20151118,67.84,68.39,67.54,68.28,835200
CHSCL,20151118,27.58,27.93,27.56,27.9,26400
CHSCM,20151118,27.05,27.24,27.04,27.24,46300
CHSCN,20151118,27.69,27.9,27.56,27.86,22000
CHSCO,20151118,28.74,28.9,28.74,28.78,7700
CHSCP,20151118,30.88,30.9,30.74,30.85,10300
CHTR,20151118,185.49,187.88,184.11,187.81,788300
CHUY,20151118,29.45,29.73,29.12,29.59,115100
CHW,20151118,7.36,7.46,7.35,7.45,109400
CHY,20151118,10.98,11.09,10.97,11.05,213000
CIBR,20151118,17.92,18.08,17.82,18.02,35200
CID,20151118,33.19,33.44,33.13,33.44,3900
CIDM,20151118,4.1,4.6,3.7,4,134500
CIGI,20151118,44.66,45.09,44.52,45.03,52400
CIL,20151118,34.12,34.24,34.08,34.17,1700
CINF,20151118,60.26,60.7,60.07,60.54,849000
CIVB,20151118,10.6,10.78,10.56,10.61,4700
CIZ,20151118,32.08,32.08,31.9,31.96,3000
CIZN,20151118,21.07,21.07,21,21,900
CJJD,20151118,1.81,1.84,1.8,1.83,31900
CLBS,20151118,11.8,11.8,11.3,11.3,156700
CLDX,20151118,223.5,225.15,212.85,221.1,1866500
CLFD,20151118,12.34,12.68,12.33,12.66,54500
CLIR,20151118,4.65,4.67,4.5,4.55,60100
CLLS,20151118,34.78,36.44,34.4,36.13,298900
CLMT,20151118,26.59,26.69,26.1,26.44,150900
CLNE,20151118,4.85,5.03,4.71,4.99,1189500
CLRB,20151118,115,145,115,130,10400
CLRO,20151118,12.05,12.36,12.05,12.09,10300
CLSN,20151118,1.81,1.88,1.77,1.83,51900
CLVS,20151118,27.5,27.78,26.02,26.99,3767500
CLWT,20151118,1.72,2.2133,1.72,2.1667,48300
CMCO,20151118,18.3,18.86,18.3,18.8,33500
CMCSA,20151118,30.58,31.315,30.52,31.28,8789700
CMCT,20151118,18.24,18.5,17.81,17.97,2700
CME,20151118,95.54,96.25,94.78,96.17,863800
CMLS,20151118,1.76,2,1.6,1.76,1562700
CMPR,20151118,81.7,84.46,81.43,83.82,188400
CMRX,20151118,39.57,41.72,38.97,41.54,327400
CMTL,20151118,22.88,23.16,22.53,23,106300
CNBKA,20151118,44.4,44.4,44.38,44.38,2600
CNCE,20151118,22.48,22.74,21.57,22.7,294300
CNCR,20151118,29.5,29.9,29.3,29.9,9800
CNET,20151118,0.79,0.88,0.78,0.81,57600
CNFR,20151118,9.39,9.39,8.76,9.13,36800
CNOB,20151118,18.18,18.55,18.03,18.55,129500
CNSL,20151118,20.82,21.45,20.68,21.41,156000
CNTY,20151118,6.67,6.7,6.49,6.63,26800
COHR,20151118,63.18,64.75,63.1,64.49,114700
COHU,20151118,12.35,12.39,11.29,12.35,229000
COKE,20151118,172.15,173.84,171.25,172.38,34200
COLB,20151118,34.28,34.69,33.77,34.62,181000
COLL,20151118,18.2,18.48,17.62,17.95,65700
COLM,20151118,47.62,48.92,47.62,48.39,366900
COMM,20151118,27.25,27.47,26.26,27.35,3920000
COMT,20151118,30.46,30.82,30.46,30.82,24100
CONE,20151118,34.14,34.22,33.9,34.02,340600
CONN,20151118,23.13,24.14,23.03,23.46,758200
COOL,20151118,7.2,7.5,7.02,7.02,9800
CORT,20151118,4.87,5.21,4.83,5.14,352700
COST,20151118,158.89,161.4,157.82,161.25,2152000
COWN,20151118,4.52,4.68,4.51,4.68,623300
COWNL,20151118,26.35,26.73,26,26.73,1500
CPHC,20151118,9.8,10.35,9.8,10.35,700
CPIX,20151118,5.68,5.71,5.58,5.61,10000
CPLP,20151118,6.57,6.64,6.38,6.58,318200
CPRT,20151118,18.045,18.215,17.9,18.2,459700
CPRX,20151118,2.65,2.67,2.47,2.5,1188700
CPSH,20151118,2.28,2.28,2.28,2.28,400
CPSI,20151118,39.8,40.71,39.5,40.29,97300
CPSS,20151118,5.03,5.18,5,5.02,85200
CRAI,20151118,21.71,21.9,21.65,21.84,36100
CRBP,20151118,1.73,1.73,1.68,1.68,49600
CREG,20151118,34,34,30,31,340500
CRESY,20151118,12.7,13.02,12.55,12.68,159300
CRIS,20151118,12.2,13,12.15,12.5,483000
CRMT,20151118,36.98,37.49,34.4,37.07,37500
CRNT,20151118,1.48,1.49,1.38,1.39,263300
CROX,20151118,9.61,10.14,9.55,10.14,1117800
CRTO,20151118,38.58,39.27,37.5,38.51,619200
CRUS,20151118,29.1,29.85,28.75,29.78,1402000
CRVL,20151118,37.43,38.24,37.16,37.92,35400
CRWS,20151118,8.44,8.53,8.44,8.49,14000
CSA,20151118,33.64,34.12,33.64,34.12,41300
CSB,20151118,33.44,33.65,33.42,33.65,5800
CSBR,20151118,4.55,4.55,4.55,4.55,0
CSCO,20151118,27,27.16,26.73,27.12,27015700
CSF,20151118,35.5,35.74,35.39,35.74,3300
CSGP,20151118,202.75,209.43,202.39,207.89,201700
CSGS,20151118,35.7,35.77,35.28,35.56,163800
CSII,20151118,14.32,14.85,14.2,14.84,269600
CSIQ,20151118,20.22,21.28,20.22,21.18,2554900
CSOD,20151118,33.74,34.17,33.23,34.12,478400
CSPI,20151118,5.99,5.99,5.86,5.93,900
CSQ,20151118,9.95,10.05,9.91,9.99,309000
CSTE,20151118,36.76,39.06,36.66,38.98,251200
CSWC,20151118,14.34,14.54,14.2,14.44,43900
CSWI,20151118,37.3,37.3,35.5,35.99,56300
CSX,20151118,27.71,28.45,27.62,28.27,12417500
CTAS,20151118,89.91,91.55,89.82,91.37,713900
CTBI,20151118,35.58,35.99,35.42,35.93,32400
CTG,20151118,6.52,6.63,6.45,6.61,6300
CTHR,20151118,1.29,1.29,1.25,1.26,10900
CTIB,20151118,4.2,4.25,4.2,4.25,2900
CTIC,20151118,11.1,11.2,10.7,11.1,1211900
CTMX,20151118,14.09,14.68,13.29,14.64,44000
CTRE,20151118,10.38,10.46,10.31,10.39,289200
CTRN,20151118,22.67,23.13,22.52,23.04,108700
CTSH,20151118,64.48,65.36,63.87,65.26,2812400
CTSO,20151118,6.46,6.67,6.45,6.54,64800
CTXS,20151118,60.4936,60.4936,56.0032,56.1624,8160800
CUBA,20151118,6.75,6.83,6.75,6.75,13600
CUTR,20151118,13.22,13.22,12.88,13.1,55200
CVBF,20151118,17.82,18.08,17.59,18.06,515900
CVCO,20151118,90.87,92.49,90.35,91.81,94900
CVCY,20151118,11.2,11.5,10.96,11.01,31300
CVGI,20151118,3.56,3.84,3.54,3.81,118700
CVGW,20151118,51.26,52.15,50.8,52.1,81600
CVLT,20151118,39.46,39.9,38.62,39.88,216200
CVLY,20151118,20.97,20.97,20.87,20.87,600
CVV,20151118,11.44,11.57,11.26,11.33,13300
CWBC,20151118,6.91,7.05,6.91,6.95,10500
CWCO,20151118,11.03,11.49,11.01,11.37,113800
CWST,20151118,6.91,7.03,6.81,6.98,216900
CXDC,20151118,4.12,4.26,4.11,4.26,17200
CXSE,20151118,24.5,24.5,24.5,24.5,0
CYAD,20151118,44.15,44.8,43.06,43.3,18200
CYAN,20151118,5.64,5.91,5.54,5.58,1600
CYBE,20151118,6.85,7,6.82,6.82,4500
CYBR,20151118,38,39.3,37.7,39.15,1278700
CYCC,20151118,146.4,146.4,136.8,136.8,59200
CYCCP,20151118,5.13,5.13,5.13,5.13,0
CYRN,20151118,1.89,1.95,1.87,1.95,47800
CYRX,20151118,2.08,2.3,2.08,2.2,8000
CYTK,20151118,11,11.69,10.85,11.63,655100
CZNC,20151118,20.35,20.37,20.17,20.31,11100
CZR,20151118,6.92,7.06,6.66,6.94,726100
CZWI,20151118,9.1,9.14,9.01,9.01,8300
DAIO,20151118,2.63,2.64,2.63,2.64,300
DAKT,20151118,9.84,10.05,9.71,10.01,269400
DAX,20151118,25.04,25.23,25.04,25.23,4600
DBVT,20151118,36.66,37.22,35.17,36.07,119700
DCOM,20151118,18.14,18.26,17.81,18.24,107400
DCTH,20151118,6.88,6.88,6.08,6.24,125700
DENN,20151118,9.44,9.49,9.18,9.36,649000
DERM,20151118,28.41,28.63,27.73,28.44,89400
DGICA,20151118,13.86,13.88,13.79,13.84,11800
DGICB,20151118,18.17,18.17,18.17,18.17,0
DGII,20151118,12.68,12.75,12.46,12.65,139000
DGLY,20151118,4.35,4.65,4.15,4.29,198100
DGRE,20151118,20.75,20.94,20.61,20.94,3300
DGRS,20151118,27.32,27.66,27.25,27.64,22100
DGRW,20151118,30.73,31.09,30.68,31.05,96700
DHIL,20151118,200,203.88,200,202.75,8400
DIOD,20151118,19.52,19.95,19.3,19.77,183900
DISCA,20151118,30.28,30.8,30.22,30.78,1981100
DISCB,20151118,30.37,30.37,30.37,30.37,500
DISCK,20151118,28.9,29.49,28.9,29.45,1791600
DISH,20151118,62.42,64.48,62.33,64.36,1547600
DJCO,20151118,208,208.23,208,208.23,700
DLHC,20151118,2.65,2.86,2.65,2.78,2400
DLTR,20151118,64.25,66.8,63.91,66.63,2915700
DMLP,20151118,13.65,14.13,13.12,13.71,111100
DMRC,20151118,26.46,26.6,25.87,26.36,82100
DORM,20151118,45.98,46.6,45.98,46.43,176800
DOX,20151118,55.31,55.82,54.59,55.66,1145300
DRNA,20151118,10.13,10.6,10.06,10.51,70500
DRRX,20151118,2.1,2.22,2.06,2.21,226800
DSGX,20151118,19.22,19.42,19.06,19.42,11000
DSPG,20151118,9.78,10.1,9.78,10.09,26700
DSWL,20151118,1.4,1.4,1.39,1.4,18900
DTEA,20151118,11.47,11.74,11.07,11.34,98900
DVAX,20151118,24.28,25.64,24.03,25.62,506900
DWAT,20151118,9.92,9.92,9.92,9.92,800
DWSN,20151118,3.87,4.02,3.73,3.82,32200
DXCM,20151118,83.41,85.15,82.62,84.98,490600
DXGE,20151118,28.36,28.59,28.34,28.59,30400
DXJS,20151118,36.03,36.35,35.92,36.35,28300
DXLG,20151118,5.1,5.16,5.03,5.1,158400
DXPE,20151118,29.17,30.91,29.17,30.66,110800
DXYN,20151118,5,5.34,4.91,5.17,160900
DYNT,20151118,2.93,2.93,2.82,2.82,2000
EA,20151118,68.16,68.6,66.84,68.42,3259900
EAC,20151118,2.1,2.13,2.01,2.03,8300
EBAY,20151118,28.62,28.78,28.19,28.75,10796500
EBIX,20151118,36.88,37.47,36.57,37.33,439600
EBMT,20151118,11.67,11.8,11.67,11.7,1700
EBSB,20151118,14.53,14.57,14.4,14.57,277000
EBTC,20151118,24.25,24.25,23.62,23.85,5700
ECHO,20151118,23.56,23.56,22.93,23.26,162500
ECOL,20151118,36.55,37.08,36.24,36.65,108400
ECPG,20151118,32.97,33.16,31.45,33.11,188600
EDAP,20151118,5.55,5.67,5.4,5.56,288300
EDUC,20151118,6.6,6.96,6.6,6.715,30600
EEFT,20151118,77.26,77.96,76.32,77.44,210800
EEMA,20151118,52.15,52.62,52.03,52.6,13500
EFOI,20151118,70.5,74.75,70.5,73.8,268900
EFSC,20151118,28.56,28.99,28.14,28.94,61500
EGAN,20151118,4.54,4.54,4.31,4.32,6900
EGBN,20151118,52.23,52.4,50.75,51.66,162500
EGLE,20151118,452.2,452.2,366.8,421.4,62400
EGRX,20151118,79.31,84.19,78.65,83.59,392300
EHTH,20151118,11.77,11.94,11.58,11.92,111800
ELSE,20151118,3.78,3.8,3.78,3.8,1000
ELTK,20151118,1.31,1.31,1.31,1.31,4600
EMCB,20151118,67.46,67.57,67.39,67.56,62600
EMCF,20151118,24.78,25,24.75,24.75,2700
EMIF,20151118,29.13,29.25,29.06,29.19,3400
EMKR,20151118,7.19,7.26,7.08,7.23,227700
EML,20151118,18.04,18.24,18.04,18.09,2100
ENDP,20151118,57.77,59.81,57.56,59.33,3173900
ENG,20151118,1.1,1.11,1,1,6700
ENPH,20151118,1.95,1.98,1.86,1.9,813500
ENSG,20151118,23.845,23.97,23.505,23.755,76000
ENTA,20151118,30.67,31.25,29.67,31.16,255100
ENTG,20151118,12.82,13.07,12.69,13.05,331100
EPAY,20151118,28.5,29.02,28.21,28.96,298000
EPIX,20151118,105,105,105,105,0
EPZM,20151118,14.36,14.73,14.06,14.38,649000
EQBK,20151118,24.5,24.65,24.1,24.17,143200
EQIX,20151118,298.96,298.96,287.51,293.09,1114100
ERIC,20151118,9.51,9.56,9.45,9.55,1564000
ERIE,20151118,90.55,91.92,90.07,91.54,44000
ERII,20151118,7,7.28,6.9,7.21,734000
ESBK,20151118,19.1,19.2,19.03,19.03,5600
ESCA,20151118,12.29,12.31,12.06,12.19,12300
ESEA,20151118,32,32.08,31.2,32,3600
ESGR,20151118,157.78,158.04,154.56,156.13,16500
ESLT,20151118,86.48,87.71,86.48,87.65,23800
ESPR,20151118,25.82,27.88,25.61,27.72,593500
ESSA,20151118,13.25,13.3,13.21,13.21,3300
ESXB,20151118,5.36,5.37,5.33,5.33,4600
ETSY,20151118,8.72,8.98,8.52,8.72,565600
EUFN,20151118,21,21.13,20.91,21.1,291800
EVK,20151118,2.8,2.8,2.71,2.71,900
EVLV,20151118,2.41,2.48,2.4,2.41,322900
EVOK,20151118,3.28,3.36,3.11,3.25,40700
EVOL,20151118,5.5,5.53,5.42,5.49,40400
EWBC,20151118,41.59,42.24,40.94,42.17,1540900
EXAS,20151118,9.44,9.65,9.25,9.64,1580000
EXEL,20151118,5.64,5.81,5.51,5.8,7347400
EXLS,20151118,45.24,45.36,44.41,45.28,174900
EXPD,20151118,48.97,49.54,48.87,49.49,1040200
EXPE,20151118,121.26,125.99,121,125.3,4405700
EXPO,20151118,25.255,25.52,25.125,25.41,66300
EXTR,20151118,3.8,3.97,3.79,3.96,2052400
EYEG,20151118,49.5,50.1,42.45,45.9,71300
EYES,20151118,43.28,44.16,36.56,37.6,1282300
EZPW,20151118,5.58,5.85,5.53,5.85,310400
FANG,20151118,80,81.86,78.11,81.42,1429700
FARM,20151118,29.43,29.43,28.67,29,43500
FARO,20151118,29.03,30.59,29.01,29.99,498700
FAST,20151118,19.51,19.865,19.37,19.845,1857900
FATE,20151118,4.5,4.76,4.36,4.39,168700
FB,20151118,105.8,107.88,105.39,107.77,23836500
FBIO,20151118,3.13,3.13,2.93,2.98,216800
FBIZ,20151118,25.83,25.84,25.37,25.69,23200
FBMS,20151118,15.86,15.89,15.58,15.58,1400
FBNC,20151118,19.06,19.24,18.9,19.17,16100
FBZ,20151118,10.31,10.31,10.31,10.31,400
FCA,20151118,21.29,21.46,21.26,21.46,5800
FCAP,20151118,25.26,25.26,25.26,25.26,100
FCBC,20151118,19.61,20.07,19.37,20.05,47000
FCCO,20151118,13.31,13.5,13.31,13.45,7800
FCCY,20151118,12.36,12.39,12.31,12.31,2100
FCEL,20151118,110.88,113.76,108,112.32,2053800
FCFS,20151118,37.19,37.83,36.91,37.46,132100
FCNCA,20151118,261,262.48,259.62,261.4,16600
FCVT,20151118,25.92,25.92,25.92,25.92,0
FDIV,20151118,47.18,47.18,47.18,47.18,0
FDT,20151118,47.38,47.55,47.24,47.53,14200
FDTS,20151118,32.81,32.81,32.81,32.81,200
FDUS,20151118,13.65,13.66,13.4,13.48,98500
FEIM,20151118,10.51,10.97,10.23,10.34,2900
FELE,20151118,31.4,32,31.25,31.87,243200
FEM,20151118,18.95,19.26,18.95,19.25,58800
FEMB,20151118,40.78,40.78,40.78,40.78,100
FEMS,20151118,27.76,28.6,27.76,28.6,1200
FEP,20151118,29.59,29.79,29.48,29.75,85500
FEUZ,20151118,31.45,31.45,31.45,31.45,300
FFBC,20151118,19.65,19.91,19.44,19.87,198000
FFHL,20151118,0.89,0.89,0.89,0.89,0
FFIC,20151118,22.03,22.23,21.53,22.22,86400
FFIN,20151118,17.28,17.46,17.04,17.42,120800
FFIV,20151118,105.02,105.5,103.39,104.13,1066600
FFNW,20151118,13,13.14,12.94,13.04,15000
FFWM,20151118,11.53,11.995,11.39,11.745,21200
FGBI,20151118,19.87,19.97,19.87,19.87,2300
FGEN,20151118,27.7,28,27.3,27.48,416400
FGM,20151118,35.24,35.42,35.17,35.37,157400
FIBK,20151118,29.36,30,29.04,29.62,92400
FISI,20151118,26.95,26.96,26.62,26.9,22200
FISV,20151118,47.87,48.11,47.415,48.01,1217200
FITB,20151118,19.97,20.38,19.8,20.36,8176600
FITBI,20151118,28.55,28.55,28.35,28.43,55000
FIVE,20151118,27.69,27.87,27.19,27.78,1228200
FIVN,20151118,5.67,5.7,5.6,5.69,120800
FIZZ,20151118,36.04,36.66,35.87,36.61,40600
FJP,20151118,48.63,48.92,48.47,48.77,13700
FKU,20151118,41.03,41.35,41.03,41.35,165500
FLDM,20151118,9.84,10.27,9.84,10.21,400600
FLEX,20151118,11,11.09,10.81,11.04,29889800
FLIC,20151118,30.23,30.75,30.02,30.62,26300
FLL,20151118,1.69,1.73,1.66,1.68,14400
FLN,20151118,14.5,14.5,14.5,14.5,100
FLWS,20151118,6.88,7,6.8,6.87,605100
FLXN,20151118,17.02,17.9,16.82,17.65,143300
FLXS,20151118,45.58,47.22,45.52,47,50700
FMB,20151118,51.83,51.87,51.76,51.87,900
FMBH,20151118,22.52,22.52,22.52,22.52,700
FMBI,20151118,19.08,19.32,18.85,19.27,599000
FMNB,20151118,8.31,8.39,8.3,8.36,30500
FNHC,20151118,28.94,30.11,27.41,28.19,187400
FNLC,20151118,20.57,20.76,20.5,20.73,12800
FNWB,20151118,13.53,13.75,13.53,13.64,14000
FOLD,20151118,9.52,10.4,9.45,10.37,2089600
FONR,20151118,15.84,15.84,15.13,15.19,41100
FORD,20151118,1.39,1.42,1.34,1.34,20200
FORM,20151118,8.3,8.75,8.3,8.74,302000
FORR,20151118,31.18,31.57,30.81,31.15,72700
FORTY,20151118,28.64,29.52,28.26,29.52,500
FOSL,20151118,34.95,35.49,33.84,35.39,3438100
FOX,20151118,30.42,30.67,30.06,30.63,4262700
FOXA,20151118,30.14,30.33,29.75,30.3,14999800
FOXF,20151118,17.93,18.23,17.81,18,166300
FPA,20151118,27.66,27.91,27.6,27.91,2900
FPXI,20151118,27,27.02,26.74,26.93,27300
FRBA,20151118,6.91,6.92,6.91,6.92,600
FRBK,20151118,4.51,4.55,4.48,4.49,60400
FREE,20151118,480,480,360,480,3140600
FRGI,20151118,32.44,32.53,31.7,32.01,306700
FRME,20151118,26.65,27.1,26.5,27.07,105400
FRPH,20151118,30.5,32.49,30.5,32.12,2800
FRPT,20151118,6.15,6.35,6.1,6.29,852200
FRSH,20151118,12.25,12.34,11.94,12.31,111400
FSBW,20151118,25.51,25.73,25.5,25.58,3800
FSFG,20151118,36.17,36.17,36.02,36.02,400
FSLR,20151118,53.07,54.13,52.83,53.94,1489400
FSTR,20151118,11.39,12.03,11.38,11.62,198500
FSV,20151118,36.37,36.89,36.35,36.7,12100
FSZ,20151118,39.14,39.23,39.02,39.14,173400
FTCS,20151118,38.17,38.41,37.98,38.38,37900
FTEK,20151118,2.31,2.49,2.28,2.4,44400
FTGC,20151118,20.98,20.99,20.8,20.88,158800
FTHI,20151118,20.2,20.34,20.08,20.34,3600
FTLB,20151118,20.01,20.15,20,20.15,10400
FTNT,20151118,33.64,34.2,33.42,34.04,1464100
FTSL,20151118,47.75,47.75,47.62,47.7,39400
FTSM,20151118,59.91,59.92,59.89,59.89,13500
FULT,20151118,14.1,14.3,14,14.28,1029700
FUNC,20151118,10.04,10.09,10,10.08,9300
FUND,20151118,5.98,6.05,5.96,6.03,87900
FV,20151118,23.04,23.48,23.04,23.48,1201100
FWP,20151118,20.56,21.81,20,21.03,169300
FWRD,20151118,47.68,47.84,47.11,47.3,192000
GABC,20151118,22.1,22.22,21.88,22.2067,34400
GAIA,20151118,6.88,6.92,6.72,6.72,15700
GAIN,20151118,7.47,7.75,7.47,7.69,157800
GAINN,20151118,25.2,25.29,25.2,25.25,10100
GALT,20151118,2.42,2.52,2.35,2.38,49300
GAME,20151118,6.96,7,6.96,6.98,336600
GASS,20151118,3.96,4,3.91,3.91,20700
GBCI,20151118,28.36,28.89,27.55,28.87,406800
GBDC,20151118,17.02,17.02,16.83,16.98,130300
GBLI,20151118,28.39,29.11,28.39,28.86,17100
GBT,20151118,47.05,55.74,47.05,54.66,433200
GCBC,20151118,14.27,14.27,14.27,14.27,100
GDEN,20151118,10.1,10.2,10.1,10.18,36700
GENC,20151118,6.8533,6.8667,6.6667,6.6667,6200
GENE,20151118,9.6,10.08,9.12,9.88,210200
GEOS,20151118,14.8,15.25,14.24,14.87,112800
GERN,20151118,4.04,4.2,4.01,4.2,2256200
GEVO,20151118,564,612,548,588,1104200
GFED,20151118,14.6,14.6,14.6,14.6,200
GGAL,20151118,27.34,27.58,26.42,27.23,973900
GIFI,20151118,10.35,10.73,10.08,10.36,92600
GIGM,20151118,3.1,3.1,2.9,3,181500
GIII,20151118,42.5,43.28,42.5,42.96,328800
GILD,20151118,104.49,108.22,104.45,108.13,8246700
GILT,20151118,3.11,3.23,3.11,3.16,24800
GLAD,20151118,8.62,8.73,8.6,8.72,150700
GLBL,20151118,5.91,5.99,4.67,5.34,5551300
GLBS,20151118,1200,1360,1200,1320,5100
GLBZ,20151118,11.9,11.9,11.9,11.9,2000
GLDD,20151118,4.01,4.2,4.01,4.16,174200
GLDI,20151118,10.43,10.45,10.33,10.42,7200
GLMD,20151118,8.77,8.9,8.4,8.55,14100
GLNG,20151118,28.59,28.98,27.81,28.84,983900
GLPG,20151118,52,52.24,51.05,51.19,138600
GLPI,20151118,27.66,27.83,27.33,27.81,705200
GLRE,20151118,20.1,20.5,20.1,20.25,158600
GLYC,20151118,6.78,6.82,6.62,6.63,25900
GNCA,20151118,49.04,51.36,46.72,50.88,249600
GNMA,20151118,50,50.15,50,50.08,5300
GNTX,20151118,16.32,16.48,16.22,16.46,1528900
GOGL,20151118,8.65,8.65,8.05,8.4,466300
GOGO,20151118,17.11,17.57,16.73,17.24,953600
GOOD,20151118,14.37,14.61,14.34,14.49,141000
GOODN,20151118,25.27,25.3,25.27,25.29,1400
GOODO,20151118,25.11,25.11,25.11,25.11,100
GOOG,20151118,727.58,741.41,727,740,1684200
GOOGL,20151118,749.57,761.1,747.39,760.01,1813300
GPAC,20151118,9.75,9.75,9.75,9.75,0
GPACU,20151118,10,10,10,10,0
GPP,20151118,13.84,13.84,12.86,12.99,208800
GPRE,20151118,19.96,20.29,19.25,20.21,798300
GPRO,20151118,19.87,19.98,18.86,19.81,17129600
GRBK,20151118,6.67,7.14,6.58,7.08,441300
GRFS,20151118,17.56,17.6,17.39,17.5,301200
GRID,20151118,33.04,33.04,33.04,33.04,0
GRMN,20151118,35.69,37.07,35.61,37.01,1460500
GROW,20151118,1.4,1.42,1.33,1.33,70700
GRPN,20151118,55,57,53.2,53.8,19126200
GRVY,20151118,1.675,1.73,1.675,1.69,800
GSBC,20151118,50.07,50.77,49.56,50.71,33500
GSIT,20151118,4.11,4.3,4.11,4.24,10100
GSM,20151118,9.66,9.8,9.56,9.77,313700
GT,20151118,32.68,33.51,32.42,33.45,3972300
GTIM,20151118,4.65,4.67,4.45,4.58,172400
GURE,20151118,8.55,9.05,8.35,8.8,58700
GWGH,20151118,6.3,6.78,6.01,6.01,6000
GYRO,20151118,26.44,26.54,26.44,26.54,1900
HA,20151118,35.51,36,34.38,35.69,1304400
HAFC,20151118,26.85,27.2,26.48,27.11,120500
HAIN,20151118,40.67,42.43,40.38,42.38,2903300
HALL,20151118,12.12,12.61,12.11,12.4,30400
HALO,20151118,16.23,17.7,16.22,17.51,1889200
HAS,20151118,75.11,75.68,74.32,75.57,1288000
HAYN,20151118,38.74,39.88,38.35,39.09,67400
HBAN,20151118,11.52,11.72,11.47,11.71,9609300
HBANP,20151118,1360,1360,1360,1360,100
HBCP,20151118,26.49,26.49,25.99,25.99,6100
HBIO,20151118,2.88,2.88,2.73,2.87,249000
HBMD,20151118,14,14,13.15,13.29,1500
HBNC,20151118,12.1822,12.2667,11.84,11.8889,39300
HBP,20151118,3.6,3.6,3.46,3.59,16800
HCCI,20151118,10.43,10.67,10.25,10.41,99000
HCKT,20151118,19.47,19.75,19.29,19.52,321600
HCSG,20151118,37.54,37.96,36.97,37.44,407100
HDSN,20151118,3.08,3.09,2.97,2.98,11700
HEAR,20151118,7.72,7.76,7.44,7.52,150100
HEES,20151118,18.44,19.17,18.06,18.8,399600
HELE,20151118,101.59,103.25,100.33,103.14,248200
HERO,20151118,4.9,5.34,4.7,4.78,42900
HFBL,20151118,23.01,23.12,23.01,23.12,200
HFWA,20151118,18.79,19.13,18.62,19.01,82400
HGSH,20151118,4.1,4.3,4.06,4.08,5800
HIBB,20151118,28.58,29.76,27.8,29.54,905900
HIFS,20151118,133.5,133.5,132.1,132.8,1600
HIHO,20151118,5,5.13,4.97,4.97,11800
HIMX,20151118,6.94,7.58,6.91,7.53,5783600
HLG,20151118,9.3,9.3,9.3,9.3,0
HLIT,20151118,5.26,5.33,5.19,5.31,419900
HMHC,20151118,18.87,19.36,18.78,19.18,1139500
HMNF,20151118,12.02,12.04,11.87,11.87,700
HMST,20151118,20.59,20.97,20.4,20.86,89000
HMTV,20151118,14.38,14.4,14.2,14.24,59600
HNNA,20151118,19.6667,19.6667,18.9267,19.1333,1600
HNRG,20151118,6.34,6.68,6.3,6.67,74900
HOFT,20151118,24.7,25.37,24.57,25.3,38000
HOLI,20151118,19.8,20.1,19.52,19.99,156900
HOLX,20151118,40,40.86,39.78,40.59,2453300
HOMB,20151118,22.615,22.725,22.115,22.385,314100
HOVNP,20151118,4.45,4.45,4.43,4.45,2900
HQY,20151118,33.23,33.5,32.65,33.43,153700
HRTX,20151118,27.05,28.5,26.55,28.45,515400
HRZN,20151118,11.93,11.93,11.69,11.72,60400
HSIC,20151118,154.97,156.84,154.11,156.57,477300
HSII,20151118,27.71,28.21,27.64,27.85,54900
HSKA,20151118,35.24,35.24,34.3,34.71,58100
HSON,20151118,25.5,26.4,25.3,25.6,19200
HSTM,20151118,23.38,23.78,23.21,23.52,103200
HTBI,20151118,19.33,19.7,19.1,19.44,45100
HTBK,20151118,10.43,10.5,10.31,10.49,44700
HTBX,20151118,32.2,32.8,30.2,31.7,29000
HTGM,20151118,5.04,5.25,5,5.03,3900
HTHT,20151118,7.1375,7.285,6.9925,7,77200
HTLD,20151118,19.33,19.35,19.04,19.25,359200
HTLF,20151118,37.68,37.7,36.89,37.61,45400
HUBG,20151118,38.04,38.67,37.66,38.62,169200
HURC,20151118,25.82,26.24,25.82,26.08,18600
HURN,20151118,54.35,55.24,53.9,54.58,202400
HWBK,20151118,14.73,15.95,14.35,14.75,6800
HWKN,20151118,38.41,39.73,38.03,39.51,16600
HYLS,20151118,48.19,48.19,48.04,48.12,53300
HYZD,20151118,22.64,22.75,22.64,22.75,1500
HZNP,20151118,18.78,19.38,18.7,18.97,7902400
IART,20151118,31.975,32.135,31.555,32.015,161700
IBB,20151118,330.99,339.01,329.32,338.74,2625500
IBCP,20151118,15.19,15.19,14.93,15.17,174900
IBKR,20151118,41.98,43.16,41.86,43.07,440900
IBOC,20151118,29.57,29.91,29.26,29.9,145600
IBTX,20151118,39.18,40.18,38.74,40.01,61100
ICAD,20151118,3.94,3.94,3.68,3.84,11600
ICBK,20151118,18.37,18.71,18.37,18.71,600
ICCC,20151118,7.7,7.73,7.41,7.41,5300
ICFI,20151118,33.95,34.47,33.82,34.3,106200
ICLN,20151118,9.25,9.39,9.21,9.38,35000
ICLR,20151118,68,68.85,67.33,68.32,260600
ICPT,20151118,170.46,171.72,163.5,168.46,577100
ICUI,20151118,114.51,115.25,111.59,112.99,180600
IDCC,20151118,52.73,52.73,51.9,52.57,282000
IDLB,20151118,24.47,24.47,24.47,24.47,0
IDRA,20151118,25.76,26.96,25.6,26.08,858700
IDXX,20151118,68.32,68.59,67.7,68.37,881600
IEP,20151118,69.87,71.35,69.87,70.88,61100
IESC,20151118,7.34,7.69,7.33,7.49,9600
IEUS,20151118,45.55,45.66,45.18,45.66,1600
IFGL,20151118,28.17,28.42,28.17,28.37,78000
IFV,20151118,17.84,17.93,17.82,17.93,334700
IGOV,20151118,88.48,88.76,88.08,88.35,66200
III,20151118,3.7,3.79,3.64,3.74,38100
IIN,20151118,7.38,7.6,7.25,7.3,3100
IIVI,20151118,18.41,18.83,18.2,18.69,247700
IKNX,20151118,11.01,11.01,11,11,1100
ILMN,20151118,173.44,178.95,172.55,176.43,23572600
IMGN,20151118,12.22,12.91,12.16,12.88,1329800
IMKTA,20151118,55.22,55.22,53.75,54.77,99700
IMMR,20151118,12.91,13.28,12.6,13.16,233900
IMOS,20151118,18.4,18.83,18.31,18.67,143100
INBK,20151118,29.51,30.64,29.45,30.08,20000
INCR,20151118,47.06,47.49,46.29,46.9,336000
INCY,20151118,114.62,117,112.87,116.86,1464400
INDB,20151118,49.76,50.05,49.44,50,158400
INDY,20151118,26.8,27.05,26.74,27.02,170200
INFI,20151118,8.05,8.42,7.95,8.41,1100600
INFN,20151118,20.67,21.29,20.45,21.16,1590900
INGN,20151118,41.81,41.98,38.35,39.11,838100
INO,20151118,6.89,6.95,6.68,6.73,1745200
INOD,20151118,2.43,2.43,2.35,2.35,21100
INOV,20151118,17.39,17.44,16.75,17.32,422400
INSM,20151118,16,16.55,15.84,16.53,383300
INTC,20151118,32.73,33.24,32.62,33.16,18619700
INTG,20151118,25.96,25.96,25.96,25.96,0
INTU,20151118,96.53,96.89,95.62,96.62,3705200
INVE,20151118,2.73,2.78,2.48,2.49,48900
IOSP,20151118,57.12,57.78,56.71,57.58,125000
IPAR,20151118,26.44,27.07,25.66,26.95,37100
IPDN,20151118,5.2,6,5.12,5.28,13300
IPGP,20151118,86.95,89.06,85.8,88.81,241600
IPKW,20151118,26.63,26.92,26.63,26.92,29200
IPWR,20151118,77.2,77.4,73.8,74.4,8600
IRBT,20151118,31.09,31.77,31,31.74,126800
IRCP,20151118,34.5,35,31,35,7600
IRDM,20151118,7.61,7.89,7.54,7.83,894200
IRIX,20151118,9.64,10,9.64,9.86,27100
IRMD,20151118,29.16,29.97,28.84,29.8,82000
IROQ,20151118,17.37,17.37,17.37,17.37,200
IRWD,20151118,12.18,12.44,12.14,12.44,1165800
ISBC,20151118,12.47,12.52,12.31,12.51,1728500
ISHG,20151118,76.68,76.71,76.48,76.62,10500
ISIG,20151118,2.86,2.93,2.86,2.92,1600
ISLE,20151118,18.45,19.16,18.2,18.47,311300
ISRG,20151118,498.55,508.35,497.69,507.36,304900
ISSC,20151118,2.55,2.55,2.41,2.41,19200
ISTR,20151118,16.6,17.24,16.6,17,63200
ITCI,20151118,49.5,51.99,49.08,51.74,251200
ITIC,20151118,83.04,83.04,83.04,83.04,200
ITRI,20151118,34.3,35.56,34.19,35.37,220300
ITRN,20151118,22.02,22.25,21.84,22.25,2500
IVAC,20151118,4.76,5.01,4.76,4.86,45400
JACK,20151118,72.48,74.49,70.17,74.05,2257100
JAGX,20151118,2698.5,2793,2310,2383.5,18200
JAKK,20151118,77.2,78.9,76.5,78.7,149400
JAZZ,20151118,142.1,146.59,141.27,145.9,600300
JBHT,20151118,76.15,77.56,75.04,77.54,997900
JBLU,20151118,24.97,25.53,24.58,25.47,6722300
JBSS,20151118,59.77,61.66,58.99,61.45,101100
JCS,20151118,7.75,7.9,7.6,7.61,20200
JCTCF,20151118,5.005,5.075,4.98,5.03,3200
JD,20151118,29.15,29.2,27.95,28.56,10246800
JJSF,20151118,114.28,115.08,113.64,114.98,46600
JKHY,20151118,78.96,79.63,78.47,79.57,216500
JOBS,20151118,31.2,31.72,30.87,31.4,177700
JOUT,20151118,23,23.5,22.81,23,13400
JRJC,20151118,38.7,39.6,38.4,39.1,33900
JRVR,20151118,31.01,31.35,30.49,31.35,110400
JSM,20151118,18.82,19.15,18.31,18.85,15700
JVA,20151118,4.06,4.12,4.06,4.08,9200
JYNT,20151118,6.17,6.17,5.5,5.58,14000
KALU,20151118,81.42,83.13,81.15,82.97,139500
KBAL,20151118,11.93,12.26,11.83,12.24,67600
KE,20151118,10.54,10.85,10.38,10.76,44100
KELYA,20151118,16.4,16.65,16.3,16.56,44300
KELYB,20151118,15.99,15.99,15.99,15.99,0
KEQU,20151118,16.72,16.9,16.51,16.51,700
KFFB,20151118,9.36,9.36,9.32,9.32,400
KFRC,20151118,27.33,27.36,26.78,27.35,146700
KHC,20151118,71.84,73.04,71.17,72.58,3780200
KINS,20151118,9.35,9.48,9.25,9.27,22900
KIRK,20151118,20.67,20.68,20.16,20.27,197100
KLAC,20151118,66.5,67.15,66.34,67.1,1356200
KLIC,20151118,10.83,11.4,10.4,10.92,1244100
KMDA,20151118,3.96,3.97,3.93,3.97,4500
KMPH,20151118,13.94,14.43,13.21,14.16,42600
KNDI,20151118,10.15,10.36,10.11,10.21,349200
KOPN,20151118,2.78,2.91,2.78,2.86,218600
KOSS,20151118,2.15,2.17,2.03,2.04,14200
KPTI,20151118,16,16.95,16,16.89,199200
KRNT,20151118,12.08,12.25,12.06,12.23,8200
KRNY,20151118,12.1,12.27,12.03,12.25,323400
KTCC,20151118,7.71,7.78,7.7,7.71,28900
KTOS,20151118,4.69,4.69,4.55,4.64,625500
KURA,20151118,7.6,8.35,7.6,7.75,20000
KVHI,20151118,9.27,9.27,8.91,9.21,38500
LAKE,20151118,12.65,12.72,12.3,12.48,61100
LAMR,20151118,58.15,58.6,57.54,58.53,330000
LANC,20151118,114.15,114.15,112.62,113.82,129500
LAND,20151118,9.05,9.08,9.03,9.04,14900
LARK,20151118,27.43,27.43,26.96,26.96,5300
LAWS,20151118,27.38,27.83,27.16,27.63,49700
LBAI,20151118,12.19,12.25,11.97,12.17,37200
LBRDA,20151118,53.38,54.09,53.15,54.03,78600
LBRDK,20151118,53.52,54.29,53.14,54.17,181000
LBTYA,20151118,43.27,43.31,42.28,43.25,3540900
LBTYB,20151118,43.28,43.59,43.28,43.59,200
LBTYK,20151118,41.61,41.68,40.82,41.34,17191700
LCNB,20151118,16.55,16.55,16.07,16.14,6600
LCUT,20151118,13.49,13.49,13.2,13.32,24500
LE,20151118,22.84,22.88,22.02,22.48,243000
LECO,20151118,54.16,54.98,53.67,54.92,686400
LEDS,20151118,0.4,0.41,0.4,0.41,2500
LFUS,20151118,107.67,109.52,107.47,109.36,159500
LFVN,20151118,7.99,8.27,7.84,7.86,110700
LGIH,20151118,30.28,31.38,29.74,31.08,461200
LGND,20151118,101.56,106.58,101.21,106.28,478200
LHCG,20151118,45.39,45.89,44.24,45.43,118200
LIFE,20151118,138.6,138.6,133.7,135.66,107500
LILA,20151118,37.13,37.48,36.43,37.34,116400
LILAK,20151118,37.35,37.76,36.5,37.74,386200
LINC,20151118,1.85,1.94,1.78,1.89,62500
LIND,20151118,10.74,10.74,10.34,10.47,69600
LITE,20151118,18.14,18.42,17.9,18.08,300300
LIVE,20151118,1.3,1.38,1.09,1.28,95100
LIVN,20151118,56,56.69,55.54,56.07,450300
LJPC,20151118,28.21,29.19,27.99,29.12,135200
LKFN,20151118,31.3733,31.7667,31.1267,31.6067,91700
LKQ,20151118,29.69,29.69,29.12,29.45,1475300
LLNW,20151118,1.73,1.73,1.58,1.63,547700
LMAT,20151118,14.24,14.41,13.83,14.34,128300
LMBS,20151118,50.36,50.36,50.21,50.21,1100
LMNR,20151118,15.43,15.58,15.26,15.48,33300
LMRK,20151118,14.8,15.34,14.8,15.27,23000
LNDC,20151118,12.46,12.66,12.25,12.63,65900
LNTH,20151118,3.15,3.33,2.98,3.29,47200
LOAN,20151118,4.35,4.35,4.24,4.24,20300
LOB,20151118,14.37,14.69,14.26,14.4,47600
LOCO,20151118,10.69,10.76,10.4,10.64,722100
LOGI,20151118,15.15,15.23,15.02,15.22,239100
LOPE,20151118,38.79,39.37,38.52,39.12,312700
LORL,20151118,43,43.87,42.96,43.78,37800
LPCN,20151118,13.2,13.49,12.8,13.14,178100
LPLA,20151118,44.31,45.05,43.74,44.97,583300
LPSN,20151118,7.38,7.5,7.29,7.42,199700
LPTH,20151118,1.58,1.64,1.58,1.6,30000
LQDT,20151118,8.2,8.25,7.85,7.88,205300
LRCX,20151118,77.53,78.54,77.18,78.43,1522200
LSBK,20151118,13.32,13.37,13.3,13.3,500
LSCC,20151118,5.38,5.95,5.38,5.8,6036300
LSTR,20151118,62.38,62.88,61.21,62.69,276500
LTBR,20151118,54,57.6,52.8,52.8,26300
LTRPA,20151118,28.38,30.25,28.38,30.21,771300
LTRPB,20151118,28.79,28.79,28.79,28.79,0
LTRX,20151118,1.12,1.14,1.11,1.11,6800
LULU,20151118,44.36,45.76,44.07,45.69,2424800
LUNA,20151118,1.15,1.15,1.1,1.11,14400
LWAY,20151118,10.32,10.51,10.1,10.19,20600
LXRX,20151118,13.07,13.75,12.92,13.7,558600
LYTS,20151118,11.29,11.97,11.19,11.91,138100
MACK,20151118,8.58,8.65,8.13,8.65,1379900
MANH,20151118,72.44,72.94,71,72.79,341400
MANT,20151118,30.71,31.25,30.53,31.18,141300
MAR,20151118,72.77,73.44,70.8,72.23,5285000
MARA,20151118,6.28,7.04,6.16,6.8,235900
MARK,20151118,4.29,4.55,4.25,4.42,22200
MARPS,20151118,6.1,6.15,6.1,6.15,2400
MASI,20151118,42.48,42.88,41.94,42.86,198300
MAT,20151118,24.75,25.08,23.99,24.35,6756300
MATW,20151118,56.74,58.22,56.73,58,223200
MAYS,20151118,55.77,55.77,55.77,55.77,0
MBCN,20151118,16.255,16.32,16.255,16.32,200
MBII,20151118,2.22,2.22,2.1,2.15,8300
MBUU,20151118,14.58,14.87,14.49,14.81,82000
MBWM,20151118,24.86,25.18,24.59,25.17,43300
MCBC,20151118,5.45,5.5,5.32,5.42,576100
MCFT,20151118,13.73,14.5,13.12,13.78,91000
MCHP,20151118,45.68,47.07,45.67,46.98,1671100
MCHX,20151118,4.1,4.13,3.99,4,114400
MCRB,20151118,28.49,30.64,28,30.36,133500
MCRI,20151118,22.01,22.25,21.98,22.21,29600
MDGS,20151118,137.6,150.8,137.6,150.8,300
MDIV,20151118,18.74,18.79,18.65,18.75,177100
MDLZ,20151118,43.96,44.54,43.79,44.48,6210300
MDRX,20151118,14.76,15.02,14.41,15,3433000
MDWD,20151118,9.5,9.5,9.26,9.46,14200
MDXG,20151118,8.13,8.39,8.06,8.36,589900
MEIP,20151118,1.65,1.68,1.62,1.64,256100
MELI,20151118,120.77,121.14,119.29,121,419000
MEOH,20151118,39.56,40.35,38.95,39.66,702900
MERC,20151118,10.5,10.74,10.23,10.62,119800
MESO,20151118,7,7,6.8,6.83,23400
MGEE,20151118,41.87,42.72,41.4,42.65,78700
MGI,20151118,8.9,9.09,8.81,8.97,56800
MGIC,20151118,5.76,5.77,5.65,5.69,143200
MGLN,20151118,53.31,53.72,52.18,53.28,186600
MGNX,20151118,33.19,34.25,32.85,34.1,373100
MGPI,20151118,18.32,18.68,18.06,18.64,88300
MGRC,20151118,28.16,28.46,27.71,28.35,59900
MGYR,20151118,10,10,10,10,100
MHLD,20151118,14.41,14.98,14.32,14.93,340400
MICT,20151118,2.15,2.45,2.1,2.21,19900
MIDD,20151118,105.73,106.46,103.49,105.74,818200
MIND,20151118,4.58,4.68,4.46,4.5,16900
MITK,20151118,4.46,4.88,4.46,4.82,1429200
MKSI,20151118,35.23,35.85,34.91,35.8,223100
MKTX,20151118,101.76,103.64,100.63,103.61,293300
MLAB,20151118,107.2,108.4,106.5,107.54,12700
MLHR,20151118,30.49,31.06,30.16,31.03,474200
MLVF,20151118,15.9,15.99,15.9,15.91,6200
MMLP,20151118,26.86,27.57,25.25,26.29,131000
MMSI,20151118,17.83,18.1,17.75,17.99,752700
MMYT,20151118,15.39,15.94,14.86,15.27,427000
MNDO,20151118,2.66,2.68,2.61,2.63,15200
MNKD,20151118,11.3,12.1,11.3,11.65,7143600
MNOV,20151118,3.2,3.29,3.17,3.19,16700
MNRO,20151118,73.34,73.93,72.65,73.42,165100
MNST,20151118,48.5233,49.78,48.4867,49.71,762400
MNTX,20151118,6.27,6.49,5.78,5.98,115100
MOFG,20151118,30.25,30.25,30.07,30.18,7300
MOMO,20151118,12.55,12.79,12.51,12.63,775400
MORN,20151118,79,79.36,78.49,78.75,105800
MOSY,20151118,266,280,266,272,55200
MPAA,20151118,38,38,37.56,37.8,220100
MPB,20151118,16.4,16.4,16.2,16.2,500
MPWR,20151118,64.55,66.43,64.12,66.4,347400
MRCC,20151118,14.57,14.68,14.53,14.57,45600
MRCY,20151118,19.5,19.79,19.26,19.71,191200
MRLN,20151118,17.06,17.85,17.05,17.61,17400
MRNS,20151118,21.56,21.8,20.44,21.6,193200
MRTN,20151118,11.16,11.2933,11.0933,11.2667,132600
MRTX,20151118,39.67,39.67,37.36,39.37,127000
MRVL,20151118,8.6,8.6,8.42,8.48,5897500
MSEX,20151118,24.36,24.75,24.18,24.6,32600
MSFT,20151118,53,53.98,52.98,53.85,29710000
MSON,20151118,9.39,9.5,9.16,9.39,12000
MSTR,20151118,172.12,175.77,170.71,174.82,93000
MTBC,20151118,1.42,1.6,1.42,1.6,400
MTBCP,20151118,25.02,25.02,25.02,25.02,0
MTEX,20151118,19.8,19.93,19.15,19.61,14600
MTLS,20151118,8.09,8.09,7.93,8.05,10800
MTRX,20151118,22.67,23.54,22.67,23.38,248100
MTSI,20151118,32.27,33.06,29.87,32.8,1118800
MU,20151118,15.39,15.69,15.3,15.61,20071300
MVIS,20151118,2.41,2.48,2.36,2.41,138500
MYGN,20151118,43.37,45,43.06,44.94,1156500
MYRG,20151118,19.63,19.72,19.21,19.39,186800
NAII,20151118,7.06,7.31,7.02,7.16,28000
NATH,20151118,44.39,44.39,43.61,43.8,17100
NATI,20151118,30.03,30.74,28.94,30.66,266000
NATR,20151118,10.85,10.97,10.85,10.89,26800
NAVI,20151118,11.93,12.06,11.78,12.04,2368600
NBIX,20151118,54.27,56.5,54.03,56.49,871300
NBN,20151118,10.75,10.75,10.75,10.75,1100
NBRV,20151118,9.89,9.99,9.2,9.92,24800
NBTB,20151118,29.28,29.8,29.06,29.77,72900
NCMI,20151118,14.85,15.24,14.41,15.09,263100
NCTY,20151118,71.7,72,54.9,60.3,533500
NDAQ,20151118,57.59,58.73,57.46,58.69,1402100
NDLS,20151118,10.41,10.69,10.28,10.49,276200
NDSN,20151118,68.64,69.6,68.61,69.37,832300
NECB,20151118,7.58,7.58,7.51,7.52,700
NEO,20151118,7.69,7.95,7.63,7.91,269600
NEOG,20151118,42.7125,43.455,42.6375,43.32,173200
NEON,20151118,24.9,25.4,24.6,24.9,75400
NEPT,20151118,1.16,1.16,1.13,1.15,126200
NERV,20151118,5.4,5.41,5.3,5.3,8500
NETE,20151118,0.8,0.8,0.5,0.6,2581300
NEWT,20151118,13.56,14.1,13.56,13.95,110300
NEWTZ,20151118,25.5,25.5,25.45,25.5,1300
NFBK,20151118,15.57,15.77,15.45,15.76,133800
NFLX,20151118,117.94,121,116.1,120.63,23353500
NHTC,20151118,45.6,48,40.68,42.53,1061100
NICE,20151118,63,64.08,62.52,63.92,184600
NICK,20151118,13.3,13.31,13.11,13.28,29200
NKSH,20151118,35.24,35.75,34.31,35.69,13700
NKTR,20151118,14.41,15,14.39,15,1869200
NMIH,20151118,7.25,7.35,7.16,7.33,140000
NNBR,20151118,15.66,16.17,15.45,15.65,209800
NRIM,20151118,28.4,28.85,28.3,28.76,9000
NSEC,20151118,14.1,14.1,14.1,14.1,1400
NSIT,20151118,25.96,25.96,25.28,25.85,203000
NSSC,20151118,5.56,5.67,5.53,5.64,40200
NSTG,20151118,13.91,14.62,13.91,14.6,108100
NSYS,20151118,4.04,4.04,3.9,3.9,5300
NTAP,20151118,31.2,31.47,30.76,31.04,5732400
NTCT,20151118,32.49,32.83,31.79,32.8,1082500
NTES,20151118,30.288,30.948,30,30.854,1229800
NTGR,20151118,43.54,43.87,43.42,43.7,341500
NTIC,20151118,7.29,7.29,7.155,7.155,1500
NTRA,20151118,9.35,9.99,9.06,9.74,85700
NTRS,20151118,74.48,75.83,74.12,75.76,1205300
NTWK,20151118,5.66,5.66,5.53,5.61,7900
NUAN,20151118,20.04,20.35,19.81,20.23,5088500
NURO,20151118,21.76,22.4,20.48,21.12,32700
NUVA,20151118,51.77,52.23,51.34,52.03,295200
NVAX,20151118,149.4,153.2,146.8,153.2,4068200
NVCN,20151118,4800,4850,4680,4700,21100
NVCR,20151118,22.34,22.91,21.75,22.69,94200
NVDA,20151118,7.6025,7.7675,7.52,7.7575,8755300
NVEC,20151118,55.9,57.54,55.9,56.76,10200
NVEE,20151118,20,20.94,19.46,20.63,48200
NVFY,20151118,10.9,11.25,10.8,10.8,11300
NVIV,20151118,5475,5512.5,5325,5475,114200
NVMI,20151118,10.94,10.94,10.81,10.86,13600
NWBI,20151118,13.53,13.65,13.37,13.62,750400
NWFL,20151118,29.49,29.49,28.56,28.56,1600
NWLI,20151118,255,261,255,260.6,5500
NWPX,20151118,12.43,12.55,12.39,12.47,62800
NWS,20151118,14.3,14.37,14.19,14.36,678400
NWSA,20151118,14.16,14.29,14.07,14.27,2565500
NXPI,20151118,78.15,82.29,78.08,81.91,3997400
NXST,20151118,59.34,60.11,58.82,59.9,619900
NXTD,20151118,6.3,6.3,5.7,5.8,144700
NYMT,20151118,5.6,5.67,5.57,5.67,532000
NYMTP,20151118,21.19,21.2,21.12,21.16,5400
NYMX,20151118,3.44,3.45,3.34,3.44,161200
OBCI,20151118,2.56,2.56,2.41,2.45,13600
OCC,20151118,3.02,3.13,3.02,3.13,300
OCFC,20151118,19.62,19.88,19.42,19.73,31000
OCUL,20151118,8.19,8.45,8.13,8.18,174300
ODFL,20151118,63.57,64.2,63.06,63.62,951200
ODP,20151118,70.5,71.6,69.5,70.6,3326100
OESX,20151118,1.98,2.04,1.91,2,74600
OFED,20151118,18.45,18.45,18.45,18.45,0
OFIX,20151118,39.02,39.54,38.53,38.83,151300
OFLX,20151118,39.96,40.2,39.25,39.72,9600
OFS,20151118,11.05,11.23,10.75,10.97,31200
OIIM,20151118,1.66,1.79,1.64,1.64,92500
OLED,20151118,40.95,43.56,40.8,43.51,783600
OLLI,20151118,16.96,17.5,16.81,17.26,203500
OMAB,20151118,40.98,41.38,40.26,40.42,50100
OMCL,20151118,28.03,28.32,27.43,28.26,256700
OMER,20151118,13.63,14.05,13.54,13.91,279000
OMEX,20151118,3.84,3.96,3.72,3.84,94400
ON,20151118,10.39,10.39,9.53,9.89,29358100
ONB,20151118,14.64,14.88,14.59,14.84,679300
ONCS,20151118,31.2,31.6,28.4,30.2,221300
ONEQ,20151118,197.2,199.7,196.86,199.48,18900
ONTX,20151118,186,193.5,180,180,43300
OPGN,20151118,835,885,790,805,6800
OPHC,20151118,7.5,7.5,6.2,6.4,15200
OPOF,20151118,17.75,18,17.75,17.75,5300
ORLY,20151118,267.9,269.67,265.93,269.4,454300
ORMP,20151118,6.89,7.2,6.83,7.09,48800
ORRF,20151118,17.73,18.45,17.73,18,6000
OSBC,20151118,7.65,7.68,7.56,7.65,54600
OSIS,20151118,86.45,93.23,86.45,93.04,767900
OSTK,20151118,12.98,13.08,12.69,12.9,188400
OSUR,20151118,5.95,6.13,5.93,6.09,373700
OTEX,20151118,23.055,23.64,23.035,23.605,263000
OTIC,20151118,28.14,29.09,27.48,29.02,304700
OTTR,20151118,25.89,26.16,25.55,26.1,88700
OVBC,20151118,25.43,26.03,25.11,25.11,5300
OVLY,20151118,9.4,9.48,9.26,9.3,3600
OXBR,20151118,5.86,5.86,5.57,5.6,18800
OXBRW,20151118,0.77,0.77,0.77,0.77,0
OXLC,20151118,10.5,11.22,10.5,11.15,81900
OXLCO,20151118,23.9,24.09,23.9,23.97,6900
PAAS,20151118,6.45,6.79,6.38,6.76,2374700
PACB,20151118,8.04,8.71,8,8.69,2911800
PACW,20151118,45.57,45.92,44.99,45.85,539700
PAHC,20151118,31.96,32.3,31.22,32.18,162000
PANL,20151118,3.06,3.06,2.89,2.89,20200
PATI,20151118,22.5,23.62,22.5,23.62,800
PATK,20151118,27.6267,27.6267,26.0333,26.68,139800
PAYX,20151118,53.33,53.96,53.05,53.93,2027100
PBCT,20151118,16.59,16.64,16.27,16.62,5493700
PBHC,20151118,11.87,12.24,11.67,11.94,1700
PBIP,20151118,14.77,14.94,14.71,14.75,2500
PBPB,20151118,11.94,12.14,11.65,12.01,250400
PCAR,20151118,50.05,51.58,49.89,51.5,2202000
PCH,20151118,32.67,32.76,32.21,32.68,231000
PCOM,20151118,8.89,9.25,8.89,9.2,184300
PCRX,20151118,56.81,58.73,56.35,57.94,477700
PCTI,20151118,5.13,5.4,5.13,5.31,20800
PCTY,20151118,43.16,43.54,41.88,43.44,295100
PCYG,20151118,10.6,11.02,10.6,10.78,16500
PCYO,20151118,5,5.03,4.73,4.87,26000
PDBC,20151118,16.5,16.5,16.38,16.48,900
PDCE,20151118,59.3,61.5,59.1,61.48,778100
PDCO,20151118,47.88,48.81,47.81,48.75,747900
PDEX,20151118,2.5,2.53,2.5,2.5,10400
PDFS,20151118,10.02,10.83,9.79,9.98,215800
PEBK,20151118,18.62,18.62,18.62,18.62,0
PEBO,20151118,20.28,20.56,19.95,20.15,119300
PEGA,20151118,28.79,28.83,28.42,28.78,261000
PENN,20151118,15.55,16.07,15.47,15.88,2129000
PERI,20151118,7.05,7.17,6.78,6.9,40400
PESI,20151118,4.06,4.08,3.99,4.05,17100
PETS,20151118,16.85,16.92,16.62,16.67,171700
PFBC,20151118,35.78,35.99,35.02,35.8,71300
PFIE,20151118,1.31,1.43,1.26,1.34,181000
PFIN,20151118,8.53,8.58,8.53,8.55,5900
PFIS,20151118,38.88,39.89,38.86,39.39,7000
PFLT,20151118,11.4,11.5,11.34,11.5,167900
PFMT,20151118,1.97,2.02,1.94,1.97,72500
PFSW,20151118,12.96,13.04,12.27,13.02,132200
PGC,20151118,22.43,22.58,22.38,22.43,45000
PINC,20151118,34.06,34.45,33.75,34.26,527500
PIRS,20151118,2.16,2.31,2.07,2.21,645100
PKBK,20151118,11.5,11.8818,11.5,11.5,7700
PKOH,20151118,39.13,40.49,37.66,39.48,70400
PLAB,20151118,9.96,10.25,9.93,10.23,402300
PLAY,20151118,35.42,36.3,34.5,36.19,435500
PLBC,20151118,8.69,8.69,8.69,8.69,0
PLCE,20151118,47.56,47.98,47.07,47.77,541200
PLPC,20151118,38.31,38.5,37.88,38.24,5000
PLUG,20151118,1.87,1.88,1.81,1.88,1798900
PLUS,20151118,44.565,44.565,43.08,43.85,115100
PLXS,20151118,35.91,36.49,35.53,36.41,244400
PMBC,20151118,6.72,6.98,6.58,6.64,9000
PMD,20151118,11.14,11.37,10.95,11.09,5800
PME,20151118,1.6,1.6,1.5,1.6,49200
PMTS,20151118,51.4,51.85,50,50.5,372600
PNBK,20151118,15.75,15.75,15.75,15.75,0
PNFP,20151118,54.05,54.64,53.42,54.58,148900
PNNT,20151118,6.63,6.77,6.63,6.75,461800
PNQI,20151118,79.01,80.41,79.01,80.2,44400
PNRG,20151118,60,61.49,59.99,61.49,600
PODD,20151118,34.73,35,33.98,35,478400
POOL,20151118,81.13,82.12,80.32,81.97,194500
POWI,20151118,25.25,25.805,24.975,25.79,104800
POWL,20151118,33.08,33.19,32.25,33,83000
PPBI,20151118,22.84,22.9,22.43,22.77,115800
PPC,20151118,19.22,19.58,19.08,19.51,1079800
PPSI,20151118,3.83,3.83,3.83,3.83,0
PRAA,20151118,36.9,40.51,36.45,40.24,2229600
PRFT,20151118,17.15,17.29,17.09,17.15,257900
PRFZ,20151118,96.05,97.33,95.75,97.33,17900
PRGS,20151118,23.96,24.06,23.76,24.01,301100
PRIM,20151118,22.09,23.2,21.89,23.14,290000
PROV,20151118,18.3,18.3,17.91,18.11,20700
PRPH,20151118,1.23,1.28,1.2,1.28,5900
PRQR,20151118,13.02,13.16,12.87,13.05,7300
PRTA,20151118,65.36,69.49,65.36,69.03,375400
PRTK,20151118,17.79,18.79,17.68,18.7,61200
PRTS,20151118,2.44,2.45,2.32,2.43,31100
PSCC,20151118,56.47,57.39,56.47,57.39,5800
PSCD,20151118,46.16,46.66,46.16,46.66,53400
PSCE,20151118,18.31,18.67,18.17,18.67,8500
PSCF,20151118,42.23,42.65,41.99,42.65,6300
PSCH,20151118,70.15,70.92,69.86,70.92,55400
PSCI,20151118,45.38,45.81,45.38,45.8,1500
PSCM,20151118,32.97,32.97,32.97,32.97,100
PSCT,20151118,52.39,53.36,52.25,53.25,49000
PSCU,20151118,41.06,41.06,40.72,40.92,5000
PSEC,20151118,7.44,7.47,7.38,7.4,1568400
PSMT,20151118,93.87,95.85,92.34,95.74,174800
PSTI,20151118,15.4,15.7,15.2,15.3,115600
PTC,20151118,36,36.12,35.7,36.03,740900
PTCT,20151118,32.91,34.8,32.75,34.68,1091900
PTEN,20151118,15.64,16.47,15.61,16.44,6361500
PTNR,20151118,4.63,4.66,4.52,4.55,82400
PTSI,20151118,37.41,37.65,36.4,36.62,56600
PULM,20151118,52.5,53,50,50,11800
PVBC,20151118,6.19,6.215,6.18,6.185,3800
PWOD,20151118,30.1067,30.3067,30.02,30.1667,9500
PXLW,20151118,2.37,2.53,2.35,2.5,245200
PXS,20151118,2.4,2.9,2.4,2.63,3400
PYPL,20151118,36.32,36.95,35.78,36.22,8323100
PZZA,20151118,55.36,55.92,53.65,55.04,654200
QABA,20151118,40.91,41.4,40.7,41.4,116400
QADA,20151118,25.47,26.06,24.92,25.69,78900
QADB,20151118,21.96,21.96,21.96,21.96,0
QAT,20151118,19.91,20.02,19.79,19.79,1600
QCLN,20151118,14.06,14.28,13.86,14.27,11900
QCOM,20151118,51.94,51.94,47.52,48,45214400
QCRH,20151118,23.34,23.66,23.13,23.61,17600
QDEL,20151118,20.77,21.12,20.67,20.88,137900
QIWI,20151118,19.59,20,18.87,19.25,296600
QLYS,20151118,36.11,37.19,35.62,36.73,191200
QNST,20151118,4.88,4.92,4.78,4.85,213800
QQEW,20151118,43.2,43.63,43.05,43.6,30700
QQQ,20151118,111.94,113.74,111.83,113.63,32966400
QQQX,20151118,19.5,19.79,19.46,19.79,126700
QQXT,20151118,40.83,41.45,40.77,41.45,8200
QRHC,20151118,6.16,6.4,5.92,5.92,26400
QRVO,20151118,55.2,56.96,54.21,56.34,2797300
QTEC,20151118,42.66,43.1,42.53,43.06,67400
QTNT,20151118,12.77,13.29,12,12.64,40000
QUIK,20151118,17.78,19.88,17.78,17.92,276800
QUMU,20151118,4.44,4.5,4.01,4.25,9300
QURE,20151118,17.79,18.39,17.4,18.12,253000
QYLD,20151118,23.56,23.69,23.56,23.63,23600
RADA,20151118,1.1,1.14,0.8,0.88,1198000
RAIL,20151118,23.09,23.89,22.05,23.51,157100
RAND,20151118,35.55,35.55,35.55,35.55,100
RARE,20151118,99.9,104.96,98.55,103.76,259700
RAVE,20151118,5.59,6.1,5.47,5.91,204000
RAVN,20151118,17.59,17.85,17.26,17.83,184700
RBCAA,20151118,26.28,26.7,25.91,26.69,15700
RBCN,20151118,9.4,10,9.3,9.5,54500
RCII,20151118,16.81,16.91,16.6,16.85,1413600
RCKY,20151118,11.14,11.4,10.94,11.31,21200
RCMT,20151118,5.63,5.7,5.51,5.63,7500
RCON,20151118,6.25,6.25,5.45,5.45,7500
RDCM,20151118,11.35,11.39,11.21,11.38,9600
RDHL,20151118,13.66,13.66,12.91,13.11,43100
RDI,20151118,14.67,14.8,14.44,14.56,98400
RDIB,20151118,16.54,16.54,16.54,16.54,0
RDNT,20151118,5.87,6.19,5.87,5.9,383000
RDUS,20151118,63.81,65.98,61.13,62.28,1524400
RDVY,20151118,21.35,21.65,21.35,21.63,221600
RDWR,20151118,15.09,15.09,14.67,15.05,402200
REFR,20151118,4.94,4.96,4.87,4.9,27300
REGI,20151118,7.51,7.8,7.32,7.75,282400
REGN,20151118,571.4,588.98,571.4,587.09,707900
RELL,20151118,5.69,5.72,5.64,5.7,24400
RELY,20151118,9.47,10,9.38,9.96,175200
RENT,20151118,50.34,51.09,49.01,49.88,128400
REPH,20151118,9.2,9.26,9.03,9.05,11000
RESN,20151118,2.75,2.98,2.75,2.93,24300
RFIL,20151118,4.43,4.54,4.43,4.48,4600
RGCO,20151118,14.5533,14.5533,14.3333,14.5467,400
RGEN,20151118,27.52,28.44,27.2,28.36,262200
RGLD,20151118,35.17,36.72,34.85,36.34,1325400
RGLS,20151118,112.92,117.36,110.64,117.12,423300
RGNX,20151118,22.24,23,21.3,22.76,92500
RIBT,20151118,1.82,1.89,1.79,1.79,18700
RICK,20151118,9.7,9.81,9.57,9.69,31000
RIGL,20151118,2.95,3.04,2.91,3.04,168700
RILY,20151118,9,9.5,9,9.5,10100
RKDA,20151118,54,58,50.4,57.6,32700
RMBS,20151118,10.83,10.99,10.72,10.94,569100
RMCF,20151118,10.92,11.07,10.82,11.01,6900
RMTI,20151118,10.47,10.75,10.4,10.64,243800
RNST,20151118,36.07,36.56,35.57,36.49,210800
RNWK,20151118,4,4.15,4,4.13,32100
ROCK,20151118,25.4,25.69,25.2,25.68,358400
ROIC,20151118,17.45,17.71,17.35,17.67,630000
ROLL,20151118,67.79,68.73,66.84,68.65,77000
ROST,20151118,46.36,46.66,45.63,46.42,4260500
RPD,20151118,20.87,20.87,19.62,20.31,242500
RPRX,20151118,1.61,1.63,1.5,1.58,593500
RRGB,20151118,66.62,66.81,64.52,66.21,281100
RUN,20151118,6.8,7.01,6.36,6.55,561500
RUSHA,20151118,15.64,15.8533,15.3533,15.8467,89400
RUSHB,20151118,15.1533,15.2,14.8333,15.02,18200
RUTH,20151118,17.01,17.06,16.5,16.87,194100
RVNC,20151118,38.38,39.36,37.84,39.09,314600
RVSB,20151118,4.72,4.72,4.52,4.56,3700
RWLK,20151118,196.25,207.5,193.25,198.75,53600
RXDX,20151118,12.3,13.55,12.01,13.34,174700
RYAAY,20151118,80.68,81.13,79.53,80.29,396300
SABR,20151118,28.01,28.87,27.88,28.83,1867000
SAFM,20151118,69.71,71.78,69.32,71.69,295900
SAFT,20151118,55.31,55.31,54.62,54.9,50500
SAGE,20151118,45.55,46.26,43.4,46.14,395200
SAIA,20151118,23.47,23.83,23.26,23.7,150200
SAL,20151118,30.01,30.22,30.01,30.1,4500
SALM,20151118,6.1,6.1,5.92,5.92,31300
SAMG,20151118,11.58,11.65,11.51,11.6,2300
SANM,20151118,23.17,23.27,22.74,23.27,423800
SANW,20151118,4.52,4.52,4.45,4.48,61000
SASR,20151118,28.06,28.64,27.53,28.39,54700
SATS,20151118,32.5488,32.8819,32.2969,32.8006,63900
SBAC,20151118,106.11,106.29,104.74,105.79,1129400
SBCF,20151118,15.46,15.6,15.36,15.57,82500
SBFG,20151118,10.87,11.11,10.87,10.9,1400
SBGI,20151118,34.12,34.74,34.09,34.63,1183500
SBLK,20151118,5.35,5.4,4.5,4.8,1300800
SBNY,20151118,153.25,155.68,151.67,155.41,579400
SBRA,20151118,18.41,18.5,18.16,18.36,449500
SBSI,20151118,27.58,27.62,27.04,27.58,71300
SBUX,20151118,60.66,61.87,60.33,61.8,7215200
SCHL,20151118,39.48,40.91,39.35,40.86,165300
SCHN,20151118,15.12,15.3,14.88,15.16,397600
SCOR,20151118,43.13,43.13,41.89,42.34,399800
SCSC,20151118,37.15,37.63,36.81,37.5,130600
SCVL,20151118,18.84,19.78,18.81,19.3,90100
SCYX,20151118,71.8,71.8,64.5,64.5,5800
SEAC,20151118,6.25,6.35,6.21,6.35,57600
SEDG,20151118,16.05,17.05,15.83,16.91,825800
SEED,20151118,16,16.5,15.5,15.8,13600
SEIC,20151118,53.21,53.86,52.66,53.83,646800
SENEA,20151118,27.31,27.31,27,27.27,10300
SENEB,20151118,32.44,32.44,32.44,32.44,0
SFBC,20151118,21.63,21.79,21.6,21.79,1000
SFM,20151118,23.68,24.78,23.55,24.61,3580700
SFNC,20151118,28,28.23,27.45,28.185,125200
SFST,20151118,21.58,22.1,21.13,21.14,7200
SGC,20151118,17.64,17.94,17.52,17.91,17900
SGEN,20151118,42.99,45.17,42.5,44.97,1610700
SGMA,20151118,6.3,6.6,6.28,6.48,4900
SGMO,20151118,7.21,7.44,7.15,7.4,578100
SGMS,20151118,8.19,8.27,7.66,7.79,2103100
SGOC,20151118,1.48,1.6,1.48,1.52,39500
SGRP,20151118,1.4,1.44,1.36,1.36,2600
SGRY,20151118,18.79,19.03,18.43,18.47,86300
SHBI,20151118,9.97,10.02,9.96,9.96,8000
SHEN,20151118,23.65,25.015,23.385,24.87,148800
SHIP,20151118,756,804,756,780,12700
SHOO,20151118,21,21.8467,20.8333,21.7533,1300200
SHY,20151118,84.62,84.64,84.58,84.6,1803400
SIEB,20151118,1.21,1.3,1.21,1.29,8900
SIEN,20151118,2.95,3.22,2.87,2.99,513300
SIFY,20151118,1.17,1.2,1.17,1.19,15800
SIGI,20151118,34.31,34.32,33.83,34.12,257900
SILC,20151118,28.09,28.54,27.73,28.49,18200
SIMO,20151118,32.5,33,32.06,32.94,456900
SINO,20151118,3.9,3.9,3.9,3.9,500
SIRI,20151118,4.08,4.16,4.08,4.14,19072400
SIVB,20151118,129.75,130.36,127.42,130.06,377800
SKOR,20151118,50.2,50.2,50.2,50.2,300
SKYW,20151118,19.55,19.76,19.12,19.74,444600
SKYY,20151118,30.12,30.58,30.12,30.55,56600
SLAB,20151118,51.77,52.57,50.19,52.44,167400
SLCT,20151118,8,8.15,7.9,7.95,11900
SLGN,20151118,25.42,25.995,25.215,25.865,222300
SLM,20151118,6.55,6.67,6.47,6.66,3088400
SLMBP,20151118,45.5,45.51,45.5,45.51,300
SLP,20151118,8.73,9.14,8.27,9.03,46900
SLRC,20151118,17.72,18.1,17.6,17.75,189200
SLVO,20151118,9.57,9.58,9.38,9.44,21200
SMBC,20151118,23.99,23.99,22.1,22.1,1800
SMCI,20151118,24.6,24.6,23.34,23.71,1377500
SMCP,20151118,22.18,22.18,22.18,22.18,0
SMED,20151118,7.85,8.04,7.7,8,42100
SMIT,20151118,2.69,2.69,2.69,2.69,0
SMLR,20151118,2.44,2.49,2.32,2.43,8800
SMMF,20151118,11.48,11.69,11.48,11.56,1700
SMMT,20151118,9.74,9.74,9.55,9.55,1200
SMSI,20151118,2.96,3.16,2.84,2.84,126000
SMTC,20151118,19.11,19.54,18.92,19.25,845300
SNCR,20151118,38.11,39.26,37.87,39.22,367100
SNFCA,20151118,6.63,6.69,6.63,6.63,3000
SNPS,20151118,51.54,52.13,51,52.11,679800
SOCL,20151118,19.52,19.96,19.52,19.94,68300
SOHO,20151118,6.1,6.28,6.03,6.21,75500
SOHU,20151118,52,53.27,52,53.01,187000
SOXX,20151118,88.89,89.73,88.28,89.64,754900
SP,20151118,24.12,24.99,23.95,24.94,44800
SPCB,20151118,7.94,7.99,7.65,7.84,98600
SPLK,20151118,61.26,62.09,60.8,61.92,1742800
SPNE,20151118,15.49,15.49,14.53,14.66,62300
SPNS,20151118,10.85,10.86,10.68,10.82,122800
SPOK,20151118,17.7,18.77,17.5,18.63,90900
SPPI,20151118,5.19,5.46,5.18,5.44,886000
SPRO,20151118,3.51,3.54,3.51,3.51,25800
SPSC,20151118,72.23,73.25,71.38,72.96,47700
SPTN,20151118,23.73,25.04,23.22,23.61,173200
SPWH,20151118,9.67,9.68,9.43,9.61,291400
SPWR,20151118,22.55,23.77,22.21,23.66,1405900
SQQQ,20151118,1540.8,1546.4,1465.6,1468,6908200
SRCE,20151118,33.54,33.7,32.94,33.48,29700
SRCL,20151118,122.37,122.99,121.74,122.21,1042300
SRDX,20151118,20.84,21.29,20.77,21.14,37900
SRET,20151118,12.83,12.92,12.83,12.92,900
SREV,20151118,4.95,4.97,4.82,4.94,122200
SRNE,20151118,7.88,8.12,7.63,8.12,502400
SRPT,20151118,27.27,29.12,27.12,27.72,2317400
SSB,20151118,75.7,77.13,75.29,76.43,141300
SSBI,20151118,13.24,13.36,13.14,13.15,3900
SSNC,20151118,71.41,73.66,70.75,73.57,675600
SSYS,20151118,22.87,24.03,22.85,23.41,1101900
STAA,20151118,8.28,8.29,7.91,8.23,59800
STAF,20151118,23,25,23,25,400
STBA,20151118,33.07,33.32,32.49,33.3,49900
STFC,20151118,23.74,23.75,23.37,23.53,37600
STKL,20151118,6.8,7.18,6.8,7.07,1168600
STKS,20151118,3.2,3.28,3.08,3.1,13100
STLD,20151118,17.47,18.1,17.11,18.02,3122000
STRA,20151118,51.58,53.31,50.94,52.99,158800
STRL,20151118,4.84,5.05,4.74,5.01,124200
STRM,20151118,1.75,1.78,1.68,1.72,20000
STRS,20151118,16.5,17.32,16.5,17,500
STRT,20151118,58.8,60.75,58.51,59.31,14100
STX,20151118,33.83,34.66,33.83,34.38,2829600
SUMR,20151118,18,18.54,16.83,16.83,282000
SUNS,20151118,15.28,15.69,15.22,15.37,37300
SUPN,20151118,16.7,16.8,16.15,16.51,770900
SVBI,20151118,5.59,5.6,5.45,5.46,1800
SVVC,20151118,7.93,8.09,7.93,7.94,17300
SWIR,20151118,16.29,16.65,15.96,16.3,439200
SWKS,20151118,77.63,80.54,77.19,80.41,4021300
SYBT,20151118,25.5467,26.8133,25.5467,26.7867,44300
SYNA,20151118,86.26,88.35,85.96,88.31,313500
SYNL,20151118,8.02,8.96,7.75,7.99,47000
SYPR,20151118,1.56,1.58,1.4,1.54,100800
TACO,20151118,9.99,10.48,9.93,10.33,336200
TACT,20151118,8.9,8.91,8.65,8.7,20900
TAIT,20151118,0.99,1,0.99,1,800
TANH,20151118,5.19,5.45,4.85,5.26,104400
TAST,20151118,11.47,11.54,11.25,11.52,292700
TATT,20151118,7.15,7.16,7.15,7.16,400
TAYD,20151118,15.46,15.46,14.9,14.94,3800
TBBK,20151118,7.42,7.42,7.13,7.14,194400
TBK,20151118,17.07,17.23,16.79,17.18,37500
TBNK,20151118,28.34,28.49,28.08,28.35,32000
TBPH,20151118,17.08,17.68,17.01,17.52,226900
TCBI,20151118,57.93,59.36,57.33,59.26,256800
TCBK,20151118,28.25,28.49,27.72,28.29,107800
TCFC,20151118,20.76,20.76,20.76,20.76,200
TCON,20151118,87.7,97.5,86.4,95.5,64000
TCPC,20151118,15.1,15.1,14.96,15.04,160600
TCX,20151118,23.97,24.5,23.66,24.36,73900
TDIV,20151118,25.83,26.05,25.73,26,52800
TECH,20151118,88.37,91.93,88.06,91.69,274900
TEDU,20151118,10.11,10.16,9.81,9.86,64300
TENX,20151118,64,64.8,59.6,64.2,20500
TESS,20151118,20.91,21.23,20.71,21.12,22700
TFSL,20151118,18.6,18.69,18.42,18.64,179900
TGA,20151118,2.08,2.2,1.97,2.09,443500
TGLS,20151118,14.5,15.19,14.45,14.92,48200
TGTX,20151118,12.87,13.65,12.8,13.56,571300
THFF,20151118,36.11,36.34,35.52,36.24,25200
THRM,20151118,46.77,47.77,46.67,47.65,193300
THRX,20151118,8.91,9.07,8.85,8.89,824300
TIL,20151118,4.4,4.7,4.4,4.7,3700
TILE,20151118,19.72,20.39,19.66,20.33,718700
TIPT,20151118,6.63,7.05,6.63,6.78,36700
TITN,20151118,11.45,11.97,11.37,11.93,233100
TLGT,20151118,79.2,81.8,78.9,80.8,279700
TLT,20151118,119.58,120.19,119.36,120.02,5233800
TMUS,20151118,37.61,37.78,36.46,37.32,5950900
TNDM,20151118,9.73,9.85,9.57,9.71,60600
TNXP,20151118,6500,6670,6200,6580,55200
TOPS,20151118,780000,780000,780000,780000,7000
TOUR,20151118,15.08,15.29,14.37,14.97,285400
TOWN,20151118,21.58,21.85,21.39,21.78,104200
TQQQ,20151118,19.1417,20.0667,19.09,20.0133,4089100
TREE,20151118,118.64,120.54,110.2,110.51,595900
TRIB,20151118,11.53,11.74,11.53,11.65,120700
TRIL,20151118,14.25,14.25,13.83,14.18,28000
TRIP,20151118,78.87,83.77,78.81,83.68,3233900
TRMB,20151118,21.66,22.12,21.16,22.12,1419200
TRMK,20151118,24.96,25.1,24.51,25.06,395600
TRNS,20151118,9.75,9.75,9.36,9.42,2500
TROW,20151118,74.81,76.49,74.72,76.49,1194700
TRS,20151118,19.86,20.11,19.75,19.99,282600
TRST,20151118,6.43,6.52,6.41,6.49,300000
TRUE,20151118,7.13,7.38,6.81,7.03,664600
TRVN,20151118,10.95,11.71,10.73,11.58,755000
TSBK,20151118,12.01,12.25,11.43,11.62,6400
TSC,20151118,12.88,13.19,12.62,13.14,28200
TSCO,20151118,86.79,88.36,86.09,88.15,985200
TSEM,20151118,15.96,16.6,15.8,16.26,1473500
TSLA,20151118,42.9,44.276,42.504,44.214,2811900
TSRI,20151118,4.65,4.79,4.31,4.32,5900
TTEC,20151118,28.33,28.44,27.8,28.4,45600
TTEK,20151118,26.68,26.97,26.53,26.95,204000
TTGT,20151118,8.02,8.1,7.92,8.03,156800
TTMI,20151118,7.44,7.5,7.31,7.5,332100
TTNP,20151118,24.9,25.44,24.6,25.38,71800
TTOO,20151118,10.17,10.74,10.13,10.49,58400
TTWO,20151118,34.37,34.7,33.51,34.64,1375500
TUSA,20151118,24.91,24.95,24.91,24.94,700
TW,20151118,125.21,129.43,124.74,129.17,565600
TWIN,20151118,10.55,11.07,10.5,11.03,34100
TWOU,20151118,21.39,21.93,21.25,21.84,360500
TXN,20151118,57.21,58.01,56.88,57.96,4029700
TXRH,20151118,34.02,34.27,33.71,34.11,800600
TZOO,20151118,8.85,9.22,8.64,9.14,45600
UAE,20151118,15.5,15.54,15.5,15.54,500
UBCP,20151118,8.92,8.92,8.27,8.36,3000
UBFO,20151118,5.29,5.3,5.21,5.25,2800
UBND,20151118,48.77,48.77,48.77,48.77,0
UBOH,20151118,16.5,17.15,16.5,17,8200
UBSI,20151118,40.98,41.6,40.58,41.55,257700
UCBI,20151118,20.88,20.96,20.36,20.93,282900
UCTT,20151118,4.83,4.97,4.83,4.95,149000
UEIC,20151118,48.29,50.3,47.96,50.17,146600
UEPS,20151118,14.92,15.49,14.85,15.39,295700
UFCS,20151118,39.41,39.76,39.01,39.58,48100
UFPI,20151118,74.79,75.65,74.28,75.52,221300
UFPT,20151118,24.33,24.33,23.5,23.59,22900
UG,20151118,18.45,18.45,18.35,18.35,1200
UHAL,20151118,425,431,425,429.18,43000
UIHC,20151118,18.26,18.88,18.21,18.86,195000
UK,20151118,22.68,22.68,22.68,22.68,0
ULBI,20151118,7.37,7.38,7.23,7.37,46900
ULTA,20151118,163.74,165.27,160.62,164.99,547800
UMBF,20151118,51.6,52.41,50.96,52.33,130500
UMPQ,20151118,17.39,17.64,17.25,17.62,1206300
UNAM,20151118,9.58,9.6,9.43,9.43,6200
UNB,20151118,27,27.98,27,27.22,500
UNTY,20151118,10.41,10.49,10.22,10.26,36400
UPLD,20151118,7.39,7.64,7.39,7.52,6700
URBN,20151118,21.8,22.95,21.75,22.48,7801800
USAK,20151118,19.41,20.25,19.41,19.6,43300
USAP,20151118,10.65,10.91,10.48,10.64,19200
USEG,20151118,18.6,19.8,17.4,18,54600
USLB,20151118,24.83,24.83,24.83,24.83,400
USLM,20151118,51,51.53,50.9,51.01,7100
UTHR,20151118,149.55,151.79,146.24,151.55,528600
UTMD,20151118,57.06,58.36,56.71,58.01,18700
UTSI,20151118,2.43,2.54,2.43,2.52,24000
UVSP,20151118,20.86,21,20.78,20.99,47500
VALU,20151118,15.29,16.18,15.29,16.18,1800
VBFC,20151118,19.15,19.15,19.15,19.15,0
VBIV,20151118,2.66,2.68,2.58,2.58,21700
VBLT,20151118,5.4,5.97,5.4,5.75,110200
VBTX,20151118,16.79,16.95,16.53,16.77,10200
VCEL,20151118,1.69,1.96,1.69,1.95,113300
VCIT,20151118,84.81,85.07,84.81,85.04,419000
VCLT,20151118,85.17,85.59,85.12,85.34,308700
VCSH,20151118,79.52,79.61,79.5,79.54,773600
VCYT,20151118,6.5,8.15,6.5,7.27,667200
VECO,20151118,19.2,19.85,19.15,19.77,320500
VGIT,20151118,64.54,64.57,64.48,64.54,17700
VGLT,20151118,74.14,74.47,74.13,74.39,35400
VGSH,20151118,60.93,60.96,60.92,60.92,879100
VIA,20151118,52.8,54.69,52.52,54.57,42900
VIAV,20151118,6.13,6.2,6.09,6.14,1606400
VICR,20151118,9.12,9.5,9.05,9.5,24500
VIRC,20151118,3.4,3.5,3.38,3.45,12600
VIRT,20151118,21.92,22.09,21.3,21.59,1099500
VIVO,20151118,19.36,19.49,19.11,19.18,233400
VKTX,20151118,4.88,5,4.76,4.76,6400
VLGEA,20151118,26.33,26.73,25.76,26.61,22500
VMBS,20151118,52.95,53.08,52.95,53.06,232400
VNDA,20151118,9.33,9.68,9.31,9.67,432900
VNET,20151118,19.75,19.86,19.51,19.74,348300
VNOM,20151118,15.12,15.51,14.75,15.35,132400
VNQI,20151118,52.22,52.65,52.22,52.63,181000
VOD,20151118,33.43,33.61,33.33,33.58,3692400
VONE,20151118,94.79,95.98,94.64,95.92,8700
VONG,20151118,102.58,103.97,102.46,103.97,11800
VONV,20151118,87.33,88,87.29,88,12200
VOXX,20151118,5.03,5.2,4.96,5.17,75500
VRA,20151118,10.7,10.91,10.6,10.91,177900
VRNS,20151118,16.33,16.58,15.67,16.43,103800
VRNT,20151118,47.28,48.95,46.81,48.9,625200
VRSK,20151118,71.8,73.44,71.77,73.33,970200
VRSN,20151118,84.64,86.54,84.21,86.27,993800
VRTS,20151118,132.6,136.12,130.24,134.27,171200
VRTX,20151118,128.01,133.42,127.84,133.26,1760800
VSAT,20151118,61.34,61.7,60.53,61.17,283900
VSEC,20151118,27.38,28.51,27.38,27.88,12600
VSTM,20151118,1.96,2,1.89,2,326200
VTHR,20151118,94.65,95.12,94.64,95.12,76100
VTIP,20151118,48.22,48.29,48.21,48.22,217300
VTNR,20151118,1.91,2,1.75,1.85,86600
VTVT,20151118,6.54,6.78,6.21,6.76,43200
VTWG,20151118,102.55,104.01,102.15,104.01,4000
VTWO,20151118,92.09,93.39,91.85,93.33,116400
VTWV,20151118,82,83.06,81.7,83.06,3600
VUZI,20151118,5.58,5.99,5.23,5.93,436000
VWOB,20151118,75.69,75.82,75.6,75.82,89900
VXUS,20151118,46.43,46.76,46.35,46.75,486100
VYGR,20151118,19,20,18.97,20,17300
WABC,20151118,47.6,48.24,47.41,48.13,156100
WAFD,20151118,25.52,25.75,25.04,25.75,509600
WASH,20151118,40.42,41,40.05,40.92,39400
WATT,20151118,7.2,7.27,6.9,7.22,459400
WB,20151118,17.4,17.77,17.09,17.67,475600
WBA,20151118,82.97,84.82,82.76,84.58,4606400
WDAY,20151118,81.15,83.88,81.03,83.68,2450600
WDC,20151118,62.95,64.46,62.59,64.24,3805500
WDFC,20151118,96.7,98.44,95.4,98.35,55200
WEN,20151118,9.52,9.93,9.44,9.9,4568900
WERN,20151118,26.55,26.69,26.2,26.6,495600
WETF,20151118,20.55,20.95,20.18,20.9,1970700
WEYS,20151118,27.5,27.81,27.01,27.79,8400
WHF,20151118,12.38,12.56,12.38,12.52,24000
WHLM,20151118,7.29,7.29,7.29,7.29,200
WHLR,20151118,14.88,14.88,14.4,14.64,32600
WHLRP,20151118,22.56,23.35,22.56,22.96,4900
WILC,20151118,3.5,3.59,3.44,3.48,3400
WINA,20151118,98,99.2,97.73,98.42,6200
WING,20151118,20.51,21,20.31,20.85,315600
WIRE,20151118,43.74,44.04,42.63,43.86,153100
WIX,20151118,23,23.88,23,23.87,86300
WLDN,20151118,8.97,9.19,8.43,8.59,110500
WLFC,20151118,17.25,17.35,17.22,17.22,10300
WOOD,20151118,50.17,51,50.17,50.92,15100
WOOF,20151118,54.54,55.65,54.37,55.64,283100
WPRT,20151118,2.69,2.77,2.65,2.71,258400
WRLD,20151118,35.09,36.97,34.75,35.82,118800
WSBC,20151118,33.51,33.76,33.04,33.69,110400
WSBF,20151118,13.7,13.86,13.6,13.76,84900
WSFS,20151118,32.59,32.9,32.1,32.88,104800
WSTG,20151118,18.64,18.93,18.5,18.65,4500
WTBA,20151118,20.11,20.3,20.05,20.28,15400
WTFC,20151118,51.28,52,50.79,51.85,232300
WTFCM,20151118,26.46,26.65,26.41,26.64,29500
WVE,20151118,16,16,15.8,15.89,26100
WVFC,20151118,12.14,12.14,12.14,12.14,0
WVVI,20151118,7.84,7.84,7.67,7.68,3100
WWD,20151118,46.61,47.69,46.2,47.64,203500
WYNN,20151118,61.47,62.3,57.66,61.31,5605800
XBIT,20151118,13.63,13.65,13.2,13.41,30300
XELB,20151118,6.89,7.06,6.89,7.02,3700
XENE,20151118,8.01,8.23,8.01,8.23,30200
XENT,20151118,18.16,18.73,17.89,18.67,251700
XLNX,20151118,48.05,48.81,48.01,48.7,2848700
XLRN,20151118,35.82,37.15,35.51,36.97,118700
XNCR,20151118,12.88,14.01,12.77,13.88,276500
XNET,20151118,7.16,7.52,6.95,7.49,119000
XOMA,20151118,27.4,28.8,27.4,28.8,2060900
XONE,20151118,6.58,7.33,6.58,7.25,210300
XRAY,20151118,60.51,61.12,60.4,60.85,671400
XTLB,20151118,8.75,8.75,8,8,5400
YNDX,20151118,16.26,17.43,16.22,17.16,6341000
YORW,20151118,22.55,22.96,22.18,22.9,18000
YY,20151118,58.01,58.37,57.99,58.26,350100
Z,20151118,24.71,25.46,24.59,25.28,758300
ZBRA,20151118,73.97,75.42,73.1,75.19,334100
ZEUS,20151118,11.06,11.51,10.97,11.42,65900
ZG,20151118,26.42,26.81,26.14,26.79,445000
ZGNX,20151118,13.24,14.14,13.19,14.08,312000
ZION,20151118,29.94,30.25,29.55,30.22,2884200
ZIOP,20151118,12.8,12.94,12.41,12.81,2937200
ZIXI,20151118,5.19,5.47,5.13,5.44,1197100
ZNGA,20151118,2.47,2.55,2.47,2.55,5441100
ZSAN,20151118,61.8,63.8,59.4,62.4,22700
ZUMZ,20151118,15.19,15.19,14.64,15.05,408200
ZYNE,20151118,13.59,13.93,13.12,13.3,80000
