AAME,20100210,1.41,1.43,1.4,1.43,5800
AAON,20100210,6.16,6.2252,6.1097,6.1867,67300
AAPL,20100210,6.9961,7.0214,6.9379,6.9686,13227100
AAWW,20100210,38.38,38.98,37.96,38.74,214500
AAXJ,20100210,51.66,51.8,51.02,51.46,350200
ABCB,20100210,9.24,9.29,9.18,9.27,37400
ABIO,20100210,2116.8,2162.16,2109.24,2154.6,11400
ABMD,20100210,9.35,9.69,9.19,9.52,422000
ACAD,20100210,1.26,1.3,1.26,1.28,348000
ACET,20100210,5.04,5.06,4.95,4.99,121100
ACGL,20100210,7.7867,7.9,7.7867,7.8889,268400
ACIW,20100210,5.1333,5.16,5.04,5.1067,63000
ACLS,20100210,6.24,6.28,5.84,6.2,433800
ACMR,20100210,2.76,2.76,2.66,2.66,5100
ACOR,20100210,29.92,30.12,29.23,29.76,892700
ACTG,20100210,8.11,8.26,8,8.25,57000
ACWI,20100210,40.07,40.07,39.57,39.98,88300
ACWX,20100210,38.04,38.23,37.73,38.11,43500
ADBE,20100210,33.45,33.55,32.57,32.76,9591900
ADES,20100210,2.525,2.695,2.36,2.545,27600
ADI,20100210,27.03,27.42,26.82,27.05,4745200
ADP,20100210,35.6278,35.8209,35.3818,35.7155,1836500
ADPT,20100210,3.04,3.07,3.02,3.04,468700
ADRE,20100210,39.75,39.84,39.15,39.69,83900
ADSK,20100210,23.51,23.88,23.32,23.59,2689600
ADTN,20100210,21.39,21.63,21.13,21.61,732100
ADUS,20100210,8.47,8.47,8.2,8.23,9600
AEHR,20100210,1.92,2.12,1.89,2.12,22400
AEIS,20100210,13.43,13.59,13.33,13.53,241000
AEY,20100210,2.11,2.14,2.08,2.08,1800
AEZS,20100210,492,522,492,504,147700
AGEN,20100210,0.75,0.79,0.74,0.74,208100
AGNC,20100210,27.12,27.12,26.31,26.43,427500
AGYS,20100210,9.37,9.37,8.97,9.1,114500
AHPI,20100210,4.95,4.95,4.95,4.95,0
AIMC,20100210,10.34,10.81,10.25,10.8,163500
AINV,20100210,30.33,31.2,29.91,31.14,2145300
AIRT,20100210,10.09,10.44,10.03,10.4,6700
AKAM,20100210,25.17,25.31,24.76,24.96,2716600
ALCO,20100210,24.86,25.68,24.67,25.5,8200
ALGN,20100210,17.07,17.3,16.93,17.26,445900
ALGT,20100210,52.7,53.8,51.74,52.18,119000
ALKS,20100210,11.43,11.68,11.35,11.67,708100
ALLT,20100210,3.98,4.05,3.9,4.01,182900
ALNY,20100210,16.82,17.2,16.71,16.75,193800
ALOT,20100210,7.4,7.5,7.4,7.5,500
ALTR,20100210,21.92,22.21,21.84,22.06,6849200
ALVR,20100210,35.7,35.9,34.9,35,292400
AMAT,20100210,12.2,12.31,12.1,12.23,17214600
AMD,20100210,7.47,7.71,7.45,7.64,17270700
AMED,20100210,55.28,56.45,54.27,56.18,1357800
AMGN,20100210,57.09,57.29,56.37,56.84,6022300
AMKR,20100210,5.94,6.37,5.9,6.34,5329900
AMNB,20100210,18,18.08,17.9,18.08,3300
AMOT,20100210,2.63,2.63,2.63,2.63,100
AMPH,20100210,22.61,22.78,22.09,22.64,4900
AMPL,20100210,57.8,58.4,56.8,58.4,29600
AMRN,20100210,1.03,1.07,1.03,1.03,127300
AMSC,20100210,312.5,323.3,309.4,317,1439400
AMSF,20100210,17.14,17.29,16.89,16.91,75300
AMSWA,20100210,5.36,5.44,5.26,5.41,41400
AMWD,20100210,19.84,19.98,19.65,19.98,7800
AMZN,20100210,118,118.61,116,117.36,6236200
ANAT,20100210,105.51,106.82,104.26,106.35,10700
ANDE,20100210,19.1667,19.9667,19.1067,19.9067,452800
ANGN,20100210,3.8,3.8,3.78,3.8,4500
ANGO,20100210,15.92,16.43,15.85,16.39,119000
ANIK,20100210,6.33,6.53,6.25,6.46,21500
ANSS,20100210,40.86,41.41,40.7,41.27,362600
APAC,20100210,5.27,5.34,5.2,5.27,77100
APEI,20100210,38.94,39.86,38.94,39.79,168100
APOG,20100210,13.36,13.44,13.05,13.33,171700
ARAY,20100210,7.21,7.33,7.1,7.32,401400
ARCC,20100210,11.72,11.88,11.53,11.85,1577800
ARKR,20100210,13.5,13.5,13.5,13.5,200
ARLP,20100210,19.81,19.935,19.36,19.36,169100
ARNA,20100210,31.7,32,30.5,30.7,1429700
AROW,20100210,24.44,24.97,24.42,24.64,9000
ARRY,20100210,2.39,2.41,2.3,2.36,245300
ARTNA,20100210,17.59,17.63,17.39,17.46,6000
ARTW,20100210,3.9,4.12,3.9,4.12,6700
ARWR,20100210,0.62,0.62,0.6,0.62,93900
ASML,20100210,31.39,31.63,30.93,31.49,1350200
ASPS,20100210,23.19,23.96,23,23.54,258600
ASRV,20100210,1.4,1.42,1.4,1.42,13900
ASTC,20100210,2.58,2.62,2.52,2.57,67500
ASTE,20100210,23.91,24.4,23.38,24.12,105600
ASUR,20100210,1.7467,1.8133,1.7467,1.8133,10000
ASYS,20100210,9.9,9.9,8.04,8.15,848900
ATAI,20100210,3.58,3.85,3.48,3.7,12900
ATAX,20100210,5.8,5.8,5.69,5.7,28200
ATEC,20100210,52.44,54,51.36,52.8,41000
ATHX,20100210,3.61,3.89,3.22,3.29,9406000
ATLO,20100210,17.51,17.86,17.51,17.83,4500
ATNI,20100210,45.86,46.29,45.17,46.24,21100
ATRC,20100210,5.86,5.86,5.59,5.7,18600
ATRI,20100210,132.6,133,129.91,130.64,5900
ATRO,20100210,6.6417,6.7583,6.475,6.5417,9500
ATSG,20100210,2.2,2.27,2.15,2.18,151400
ATVI,20100210,10.15,10.3,10.09,10.1,42206300
AUBN,20100210,18.33,19.67,18.33,19.1,2600
AUDC,20100210,3.26,3.26,3.04,3.21,243100
AVAV,20100210,22.97,23.51,22.5,22.95,491600
AVGO,20100210,16.86,16.94,16.51,16.8,577900
AVID,20100210,12.63,12.87,12.53,12.77,55100
AVNW,20100210,70.8,72.84,70.32,72.84,302300
AWRE,20100210,2.41,2.75,2.41,2.75,22400
AXTI,20100210,2.89,2.89,2.77,2.88,65800
AZPN,20100210,9.53,9.53,8.97,9.5,181100
BANF,20100210,38.08,38.48,37.9,38.44,9900
BANFP,20100210,25.5,25.5,25.5,25.5,0
BANR,20100210,19.6,19.95,18.55,19.53,111200
BBBY,20100210,38.94,39.18,38.46,38.81,1741600
BBGI,20100210,3.73,3.73,3.44,3.44,200
BBSI,20100210,11.83,12.15,11.15,11.91,104000
BCBP,20100210,8.93,9.6,8.82,9.4,2300
BCPC,20100210,18.52,18.85,18.17,18.79,80900
BCRX,20100210,6.35,7.42,6.26,7.39,1681600
BDSI,20100210,3.52,3.54,3.36,3.45,23700
BEAT,20100210,5.63,5.73,5.6,5.63,208700
BECN,20100210,16.43,16.46,16.14,16.39,620400
BELFA,20100210,17.28,17.63,17.28,17.28,1000
BELFB,20100210,18.73,19.89,18.42,18.96,39600
BFIN,20100210,9.73,9.74,9.59,9.7,43000
BGCP,20100210,3.86,3.89,3.8,3.88,131400
BGFV,20100210,14.25,14.25,14.01,14.25,67800
BIDU,20100210,47.188,48.294,46.501,48.213,5652200
BIIB,20100210,49.9242,50.5782,49.8045,50.0992,2564200
BIOC,20100210,132,132.6,131.4,131.7,46300
BITS,20100210,8.02,8.06,7.93,8,1400
BJRI,20100210,20.91,21.08,20.76,20.95,258600
BKCC,20100210,8.58,8.58,8.26,8.52,289800
BKSC,20100210,10.51,11.46,9.43,11.38,8300
BLDP,20100210,2.07,2.18,2.07,2.15,74700
BLKB,20100210,21.35,21.64,21.05,21.44,179500
BMRC,20100210,14.88,14.925,14.595,14.725,9500
BMRN,20100210,19.11,19.59,18.89,19.28,894700
BMTC,20100210,15.4,15.92,15.3,15.73,12000
BNSO,20100210,1.04,1.04,1.01,1.02,4900
BOKF,20100210,45.44,46.86,45.21,46.72,75500
BOLT,20100210,10.26,10.4,10.03,10.3,37500
BOOM,20100210,16.63,16.79,16.36,16.68,116200
BOSC,20100210,4.96,5.4,4.8,5.4,8200
BPOP,20100210,17.6,19.1,17,19.1,8951300
BPOPM,20100210,14.95,14.95,14.95,14.95,0
BPOPN,20100210,16.48,16.48,16.48,16.48,0
BRID,20100210,12.35,12.5,12.35,12.5,1800
BRKL,20100210,9.44,9.5,9.37,9.42,486900
BRKR,20100210,12.84,12.88,12.49,12.54,313800
BRKS,20100210,7.97,8.36,7.97,8.27,428900
BRLI,20100210,19.11,19.375,19.025,19.35,69000
BSET,20100210,4.41,4.45,4.21,4.25,13200
BSQR,20100210,2.28,2.29,2.28,2.29,3300
BSRR,20100210,9.97,10.18,9.9,9.99,15700
BUSE,20100210,3.62,3.75,3.61,3.7,256500
BWEN,20100210,49.9,53.1,49.7,53.1,311500
BYFC,20100210,6.9,6.9,6.9,6.9,0
CAAS,20100210,15.87,17.48,15.83,17.18,1298700
CAC,20100210,29.16,29.55,29.08,29.25,4200
CACC,20100210,40.83,40.96,38.57,39,123300
CAKE,20100210,21.21,22.24,21.21,22.2,1788900
CALM,20100210,16.61,16.705,16.34,16.385,72000
CAMP,20100210,2.71,2.82,2.66,2.7,175400
CAMT,20100210,2.48,2.56,2.41,2.55,35900
CARV,20100210,7.26,7.71,7.26,7.48,2500
CASA,20100210,2.09,2.09,2.09,2.09,0
CASH,20100210,6.2467,7,6.2467,7,20500
CASS,20100210,30.22,30.39,30.1,30.23,8000
CASY,20100210,29.44,29.66,29.14,29.31,190200
CATY,20100210,8.98,9.08,8.85,8.98,980600
CBAN,20100210,4.6,4.6,3.76,3.86,29100
CBNK,20100210,11.83,11.92,11.76,11.85,3700
CBRL,20100210,37.48,37.75,37.18,37.75,266600
CBSH,20100210,38.8,39.25,38.39,38.73,443200
CCBG,20100210,11.89,11.94,11.76,11.8,31100
CCMP,20100210,35.52,35.96,35.1,35.55,149500
CCNE,20100210,14.93,15.26,14.87,15.19,5200
CCOI,20100210,10.76,10.91,10.62,10.78,263300
CCRN,20100210,8.65,8.78,8.61,8.76,89300
CDNS,20100210,5.47,5.58,5.45,5.54,2866700
CDZI,20100210,11.5,11.9,11.44,11.84,37000
CECE,20100210,3.75,3.76,3.66,3.73,4600
CELH,20100210,3.01,3.95,3.01,3.8,363900
CENT,20100210,9.88,9.88,9.71,9.78,57900
CENTA,20100210,9.17,9.2,8.96,9.04,150800
CENX,20100210,11.78,11.89,11.3,11.62,5227700
CERN,20100210,20.255,20.625,19.31,19.345,3221600
CERS,20100210,2.11,2.23,2.01,2.09,309400
CEVA,20100210,10.7,10.98,10.7,10.92,72500
CFBK,20100210,37.125,37.125,35.2,35.2,2700
CFFI,20100210,20,20,19.98,20,800
CFFN,20100210,33.64,33.69,33.3,33.5,87100
CGEN,20100210,4.44,4.59,4.25,4.42,291000
CGNX,20100210,4.2625,4.2925,4.19,4.29,88700
CHCI,20100210,0.8,0.8,0.78,0.8,17200
CHCO,20100210,30.62,31.24,30.36,30.94,64700
CHDN,20100210,11.3567,11.94,11.31,11.3533,13900
CHKP,20100210,32.95,32.97,32.59,32.75,1669300
CHNG,20100210,9.58,9.58,9.24,9.27,151800
CHNR,20100210,11.13,11.68,10.95,11.53,11600
CHRS,20100210,5.64,5.87,5.39,5.84,895800
CHRW,20100210,52,52.51,51.31,51.84,1904200
CHSCP,20100210,28,28.13,27.8,28.13,5700
CIDM,20100210,13.5,13.7,12.9,13.5,16000
CINF,20100210,25.79,26,25.6,25.85,808900
CIZN,20100210,22.51,22.63,21.94,22.14,5100
CLDX,20100210,66.6,66.75,65.7,66,173500
CLFD,20100210,2.1,2.1,1.98,2.04,23300
CLMT,20100210,19.13,19.25,19,19,101800
CLNE,20100210,16.42,16.5,15.96,16.46,640900
CLRO,20100210,3.05,3.17,2.95,2.95,8300
CLSN,20100210,2.98,2.98,2.81,2.95,44600
CLWT,20100210,7.4067,7.4433,6.9667,7.2233,98700
CMCO,20100210,13.06,13.43,13.05,13.25,55500
CMCSA,20100210,7.72,7.72,7.59,7.655,21710800
CME,20100210,56.304,56.316,55.184,55.27,1056300
CMLS,20100210,20,20.56,19.52,19.68,11900
CMTL,20100210,30.63,31.3,30.63,31.14,177600
CNBKA,20100210,18.98,19.39,18.65,19.03,22600
CNOB,20100210,8.62,8.7,8.5,8.66,6600
CNSL,20100210,16.43,16.46,16.22,16.45,65400
CNTY,20100210,2.48,2.51,2.39,2.45,53600
COCO,20100210,13.46,13.75,13.28,13.55,1906500
COGT,20100210,10.19,10.22,10.02,10.1,495900
COHR,20100210,29.21,29.56,28.69,29.53,216500
COHU,20100210,12.05,12.4,11.91,12.38,42100
COIN,20100210,0.9,0.93,0.83,0.86,936300
COKE,20100210,50.74,50.89,50,50.54,7900
COLB,20100210,18,18.46,17.91,18.25,388900
COLM,20100210,21.5,21.715,21.22,21.555,86500
COMS,20100210,7.5,7.54,7.49,7.49,6542800
CONN,20100210,4.75,4.75,4.44,4.61,450400
COOL,20100210,35.28,35.28,32.34,34.86,249000
CORT,20100210,2.61,2.73,2.58,2.58,9500
COST,20100210,58.66,59.32,58.38,59.15,4520400
COWN,20100210,4.89,5.15,4.85,5.14,173600
CPHC,20100210,7.05,7.05,7.05,7.05,0
CPIX,20100210,11.44,11.61,11.19,11.54,40200
CPLP,20100210,8.66,8.74,8.27,8.43,115500
CPRT,20100210,8.265,8.3225,8.22,8.265,204400
CPRX,20100210,0.63,0.63,0.6,0.61,167000
CPSI,20100210,36.66,36.83,36.28,36.82,79400
CPSS,20100210,1.37,1.38,1.23,1.29,28800
CRAI,20100210,25.89,25.91,25.27,25.86,24300
CRESW,20100210,0.18,0.18,0.18,0.18,0
CRESY,20100210,11.46,11.59,11.05,11.17,173000
CRIS,20100210,10.8,11.55,10.75,11.4,370800
CRMT,20100210,24.25,24.49,23.6,23.92,33200
CRNT,20100210,11.93,11.97,11.56,11.86,254100
CROX,20100210,7.28,7.43,7.15,7.4,1891400
CRTX,20100210,5.07,5.15,5.01,5.12,13500
CRUS,20100210,6.59,6.68,6.49,6.6,712100
CRVL,20100210,15.625,15.66,15.23,15.595,27400
CRWS,20100210,2.8,2.94,2.8,2.94,18000
CSCO,20100210,23.86,24,23.62,23.76,50574100
CSGP,20100210,38.46,38.92,38.18,38.77,43500
CSGS,20100210,20.06,20.18,19.76,19.81,211800
CSII,20100210,4.48,4.52,4.37,4.51,23400
CSIQ,20100210,21.62,22,20.48,21.28,1733400
CSPI,20100210,3.51,3.7,3.49,3.63,8600
CSTR,20100210,27.07,27.5,26.52,26.76,869600
CSWC,20100210,20.7325,20.7325,20.61,20.705,4800
CSX,20100210,14.3667,14.4533,14.2133,14.36,3554000
CTAS,20100210,24.73,24.75,24.4,24.44,879600
CTBI,20100210,24.4,24.88,23.99,24.83,36400
CTHR,20100210,1.25,1.4,1.25,1.36,25700
CTIB,20100210,2.51,2.51,2.51,2.51,500
CTIC,20100210,37.5,39.5,35.5,39,20349800
CTRN,20100210,26.55,27.45,26.18,27.31,88000
CTSH,20100210,23.235,23.32,23.03,23.17,4138400
CTXS,20100210,34.3312,34.586,34.0048,34.1561,4543300
CUBA,20100210,6.07,6.3,5.99,5.99,2900
CUTR,20100210,8.97,9.31,8.83,9.27,136500
CVBF,20100210,8.75,8.9,8.69,8.82,803900
CVCO,20100210,34.16,35.27,33.21,33.43,5600
CVCY,20100210,5.89,5.9,5.89,5.9,1300
CVGI,20100210,4.86,5.1,4.86,5,20000
CVGW,20100210,16.35,16.77,16.09,16.38,23700
CVLT,20100210,21.4,21.86,21.36,21.86,452500
CVLY,20100210,5.64,5.65,5.44,5.53,11700
CVV,20100210,4.34,4.34,4.16,4.16,400
CWBC,20100210,2.91,2.91,2.91,2.91,0
CWCO,20100210,12.75,12.89,12.68,12.85,41100
CWST,20100210,4.44,4.44,4.15,4.24,23200
CXDC,20100210,8.44,8.44,8.17,8.36,19800
CYAN,20100210,3.59,4.06,3.58,3.64,49100
CYBE,20100210,7.65,7.7,7.3,7.6,6300
CYCC,20100210,3427.2,3494.4,3225.6,3309.6,1356900
CYCCP,20100210,4.02,4.04,4.01,4.04,700
CYTK,20100210,18,18.48,17.22,17.76,256300
CZNC,20100210,9.61,9.96,9.44,9.88,14700
CZWI,20100210,3.83,4.05,3.83,4.04,500
DAIO,20100210,4.38,4.5,4.37,4.5,9500
DAKT,20100210,7.35,7.42,7.23,7.27,166500
DCOM,20100210,11.36,11.44,11.25,11.35,73200
DCTH,20100210,1305.6,1318.4,1251.84,1256.96,346100
DDMX,20100210,14.94,15.25,14.64,15.06,16600
DENN,20100210,2.55,2.56,2.45,2.48,319200
DGICA,20100210,14.42,14.67,14.22,14.67,13300
DGICB,20100210,17.21,17.22,17.21,17.22,600
DGII,20100210,9.71,9.77,9.31,9.42,66300
DGLY,20100210,2.34,2.34,2.1,2.15,20800
DHIL,20100210,54.61,57.85,54.61,57,18500
DIOD,20100210,18.77,19.19,18.46,19.19,639500
DISCA,20100210,28.23,28.64,27.85,27.88,4115100
DISCB,20100210,28.27,28.27,28.27,28.27,100
DISCK,20100210,12.935,12.935,12.5,12.665,539000
DISH,20100210,18.04,18.14,17.65,17.99,2397000
DJCO,20100210,64.82,64.82,64.82,64.82,0
DLTR,20100210,15.92,16.0867,15.78,15.9267,1010700
DMLP,20100210,21.5,21.5,21.22,21.35,52700
DMRC,20100210,15.45,15.79,15.39,15.79,3500
DORM,20100210,7.695,7.695,7.615,7.625,16200
DRIV,20100210,24.31,24.36,23.96,24.08,597100
DRRX,20100210,1.99,2.05,1.95,2.03,151100
DSGX,20100210,6.03,6.08,5.97,6.01,6600
DSPG,20100210,7.15,7.21,7.03,7.21,68400
DSWL,20100210,3.8,3.8,3.71,3.75,9900
DVAX,20100210,14.6,14.9,14.5,14.5,167700
DWSN,20100210,23.87,23.87,22.74,22.98,82600
DXCM,20100210,8.81,9.22,8.66,9.22,239200
DXPE,20100210,11.58,11.99,11.45,11.65,102800
DXYN,20100210,2.26,2.59,2.21,2.53,41400
DYNT,20100210,5.2,5.7,5.2,5.55,25100
EBAY,20100210,9.3937,9.4274,9.1579,9.2463,15619900
EBIX,20100210,14.2,14.37,14,14.27,333600
EBSB,20100210,3.8031,3.8889,3.8031,3.8685,19800
EBTC,20100210,10.86,10.87,10.85,10.87,3300
ECHO,20100210,10.59,10.79,10.18,10.31,77700
ECOL,20100210,14.65,14.96,14.47,14.47,144000
ECPG,20100210,17.09,17.15,16.55,16.93,193200
EDAP,20100210,2.32,2.36,2.32,2.35,23200
EDUC,20100210,3.07,3.075,3.07,3.075,500
EEFT,20100210,19.02,19.15,18.68,18.94,94800
EFOI,20100210,5.25,5.25,5.1,5.1,5800
EFSC,20100210,8.57,8.57,8.34,8.54,14000
EGBN,20100210,10.5,10.6,10.42,10.46,15200
EGLE,20100210,49392,49896,47980.8,48686.4,1370600
EHTH,20100210,17.99,18.08,17.63,17.76,237100
ELSE,20100210,3.73,3.73,3.73,3.73,0
ELTK,20100210,1.15,1.15,1.15,1.15,0
EMCF,20100210,15.1,15.1,15.1,15.1,100
EMIF,20100210,29.28,29.6,29.19,29.54,3900
EMKR,20100210,4.2,4.4,4.12,4.36,745200
ENDP,20100210,19.55,19.63,19.4,19.51,902000
ENG,20100210,2.91,2.94,2.79,2.88,78200
ENSG,20100210,8.31,8.31,8.125,8.2,37100
ENTG,20100210,4.56,4.75,4.44,4.75,3368900
EPAY,20100210,15.62,15.94,15.37,15.88,249700
EQIX,20100210,92.73,94.31,92.4,93.01,1240200
ERES,20100210,5.42,5.48,5.36,5.4,203800
ERIC,20100210,9.91,10.01,9.79,9.94,5925400
ERIE,20100210,37.84,38.45,37.83,38.23,29500
ERII,20100210,5.87,5.92,5.79,5.81,184000
ESBK,20100210,15.55,15.85,15.55,15.85,1000
ESCA,20100210,2.47,2.47,2.32,2.35,17300
ESEA,20100210,30.64,30.88,30.08,30.24,69300
ESGR,20100210,62.23,62.88,62.02,62.02,10800
ESLT,20100210,62.26,62.5,61.9,62.35,10500
ESSA,20100210,11.93,11.95,11.6,11.64,64100
EUFN,20100210,20.99,20.99,20.99,20.99,0
EVK,20100210,4.21,4.21,4.15,4.17,16200
EVOL,20100210,6.18,6.18,6.12,6.16,6700
EWBC,20100210,15.45,15.93,15.37,15.52,583900
EXAS,20100210,3.84,3.95,3.83,3.86,56800
EXEL,20100210,6.38,6.43,6.28,6.3,338100
EXLS,20100210,18.19,18.5,18.19,18.44,44700
EXPD,20100210,33.36,33.42,32.8,33.1,1503800
EXPE,20100210,21.83,22.5,21.7,22.24,7462400
EXPO,20100210,6.3375,6.3775,6.2825,6.3775,36600
EXTR,20100210,2.59,2.66,2.58,2.65,226300
EZPW,20100210,17.64,17.79,17.5,17.74,295700
FARM,20100210,16.8,17.1,16.55,16.58,11000
FARO,20100210,17.36,17.61,17.04,17.2,21100
FAST,20100210,10.515,10.65,10.3425,10.3825,1125600
FBIZ,20100210,10.25,10.25,10.25,10.25,0
FBMS,20100210,9.74,9.74,9.74,9.74,0
FBNC,20100210,13.75,14.22,13.6,14.09,52600
FCAL,20100210,2.96,3,2.86,2.93,4700
FCAP,20100210,14.26,14.65,14.24,14.24,1100
FCBC,20100210,10.89,11.27,10.76,11.24,24400
FCCO,20100210,6,6,6,6,200
FCCY,20100210,6.93,7.15,6.93,7,2900
FCEL,20100210,381.6,394.56,371.52,377.28,517100
FCFS,20100210,20.93,21.28,20.87,21.27,81200
FCNCA,20100210,170.5,171.87,169.4,171.87,6400
FEIM,20100210,4.75,5.18,4.75,5.17,27300
FELE,20100210,12.535,13.035,12.515,12.995,158000
FFBC,20100210,16.28,16.61,16.15,16.53,324800
FFHL,20100210,1,1.02,1,1,1400
FFIC,20100210,12.01,12.43,11.79,12.36,111500
FFIN,20100210,8.4534,8.5234,8.4534,8.515,75000
FFIV,20100210,49.98,50.43,49.63,49.96,940900
FFNW,20100210,5.64,5.86,5.62,5.79,27900
FISI,20100210,12.44,12.5,12.09,12.43,20300
FISV,20100210,11.345,11.4425,11.265,11.3825,1198600
FITB,20100210,11.49,11.9,11.31,11.69,17859000
FITBP,20100210,130,132.13,129.96,130.77,1000
FIZZ,20100210,11.46,11.46,11.08,11.34,44300
FLEX,20100210,6.63,6.77,6.58,6.71,6112900
FLIC,20100210,15.5267,15.6,15.36,15.5067,6100
FLWS,20100210,1.85,1.87,1.84,1.86,120900
FLXS,20100210,11.56,11.58,11.4,11.4,400
FMBI,20100210,12.49,12.93,12.43,12.93,637200
FNLC,20100210,13.52,13.99,13.34,13.82,8300
FOLD,20100210,3.47,3.71,3.3,3.34,30600
FONR,20100210,1.48,1.48,1.48,1.48,0
FORD,20100210,2.39,2.39,2.29,2.37,48400
FORM,20100210,15.51,15.91,15.48,15.9,664200
FORR,20100210,29.19,29.53,28.69,29.05,191900
FORTY,20100210,10.97,11.29,10.86,11,13800
FOSL,20100210,32.92,33.01,32.5,32.74,536700
FRBK,20100210,4.02,4.06,3.94,3.98,17100
FREE,20100210,186000000,186000000,180000000,180000000,154100
FREEW,20100210,0.12,0.12,0.12,0.12,0
FRME,20100210,5.69,5.74,5.45,5.54,96300
FRPT,20100210,5.07,5.14,5.04,5.08,193600
FSFG,20100210,10.35,10.35,10.35,10.35,1000
FSII,20100210,2.8,2.8,2.65,2.66,167400
FSLR,20100210,112.65,113.04,107.25,109.33,2674400
FSTR,20100210,25.53,25.61,24.95,25.21,36400
FTEK,20100210,6.3,6.31,5.94,5.98,443200
FTNT,20100210,8.275,8.5,8.185,8.43,277500
FULT,20100210,8.85,9.12,8.78,9.03,926500
FUNC,20100210,5.73,5.73,5.51,5.51,1800
FUND,20100210,5.95,5.97,5.88,5.94,42100
FWRD,20100210,22.89,23.31,22.76,23.17,173500
GABC,20100210,9.5467,9.6467,9.4733,9.54,6600
GAIA,20100210,7.02,7.02,6.9,6.98,9600
GAIN,20100210,4.94,4.99,4.87,4.95,37600
GALT,20100210,2.85,2.88,2.52,2.7,218100
GAME,20100210,8.72,8.9,8.72,8.78,489100
GASS,20100210,4.63,4.66,4.56,4.66,46300
GBCI,20100210,13.93,14,13.74,13.96,437000
GCBC,20100210,7.775,7.775,7.775,7.775,0
GENC,20100210,4.6,4.6667,4.58,4.6667,13200
GENE,20100210,22.6,24.8,21.2,21.2,500
GERN,20100210,5.41,5.49,5.3,5.49,723900
GFED,20100210,5.57,5.57,5.57,5.57,100
GGAL,20100210,4.8,4.91,4.8,4.82,47600
GIFI,20100210,17.32,17.66,16.96,17.47,50100
GIGM,20100210,14.3,14.3,13.75,14.1,282300
GIII,20100210,9.395,9.575,9.17,9.575,69500
GILD,20100210,23.22,23.395,22.845,22.985,11373800
GILT,20100210,5.3,5.35,5.19,5.33,4500
GLAD,20100210,8.52,8.68,8.45,8.51,91000
GLBL,20100210,6.51,6.56,6.27,6.45,635500
GLBZ,20100210,8.51,8.51,8.51,8.51,0
GLDD,20100210,5.33,5.49,5.21,5.4,217300
GLNG,20100210,10.8,11.07,10.6,11.02,152300
GLRE,20100210,23.13,23.64,22.89,23.41,87000
GNTX,20100210,9.285,9.395,9.2,9.265,874100
GOOD,20100210,13.85,14.04,13.85,14.04,41100
GOODO,20100210,22.05,22.05,20.73,20.74,1000
GOOG,20100210,267.035,268.895,263.845,267.225,2675700
GPRE,20100210,12.49,12.68,12.16,12.31,32200
GPRO,20100210,43.22,43.22,42.26,42.66,209300
GRID,20100210,28.84,28.94,28.56,28.84,6300
GRMN,20100210,31.83,32.12,31.51,31.9,1061700
GROW,20100210,9.48,9.61,9.35,9.54,40600
GRVY,20100210,7.84,7.88,7.68,7.88,8700
GSBC,20100210,21.99,22.33,21.79,22.07,26000
GSIT,20100210,4.3,4.37,4.3,4.33,41500
GSM,20100210,9.51,9.51,9.3,9.44,80400
GT,20100210,12.86,13.08,12.65,12.84,2409400
GTEC,20100210,13.11,13.75,13.11,13.62,8400
GTIM,20100210,1.13,1.13,1.13,1.13,0
GYRO,20100210,38,38.58,38,38.01,1400
HA,20100210,7.26,7.27,7.03,7.1,287000
HAFC,20100210,1.82,1.82,1.67,1.8,327300
HAIN,20100210,7.295,7.445,7.275,7.42,749900
HALL,20100210,7.42,7.51,7.36,7.48,24900
HALO,20100210,5.45,5.86,5.29,5.86,329200
HAS,20100210,35.04,35.61,34.89,35.3,3308200
HAYN,20100210,28.5,28.68,27.04,28.13,57400
HBAN,20100210,4.61,4.75,4.61,4.71,14030700
HBANP,20100210,885,900,885,900,100
HBCP,20100210,12.1,12.21,12.1,12.21,10300
HBIO,20100210,3.4,3.42,3.38,3.41,28700
HBNC,20100210,3.7827,3.7827,3.763,3.763,2300
HCCI,20100210,10.02,10.02,9.67,9.72,5900
HCII,20100210,7.74,7.74,7.6,7.6,600
HCIIW,20100210,0.72,0.72,0.72,0.72,0
HCKT,20100210,2.44,2.54,2.39,2.52,58800
HCSG,20100210,14.1067,14.5733,14.08,14.34,221400
HDSN,20100210,2.17,2.2,2.13,2.2,20000
HEES,20100210,9.42,9.81,9.32,9.8,43100
HELE,20100210,22.83,22.95,22.3,22.82,114400
HERO,20100210,3.68,3.9,3.61,3.82,2380200
HFWA,20100210,14.03,14.17,13.91,14.15,12100
HIBB,20100210,21.31,21.45,20.92,21.26,123700
HIFS,20100210,32.9,32.9,32.9,32.9,300
HIHO,20100210,1.84,1.9,1.84,1.9,3400
HIMX,20100210,2.91,3.03,2.9,2.98,229100
HLIT,20100210,6.04,6.13,6.01,6.1,359000
HMNF,20100210,4.73,5.17,4.71,4.97,1200
HOFT,20100210,12.72,12.85,12.49,12.84,26800
HOLI,20100210,11.9,12,11.75,11.96,95900
HOLX,20100210,16.01,16.22,15.95,16.03,3198100
HOMB,20100210,5.87,5.9875,5.765,5.9875,51400
HOOK,20100210,2.37,2.39,2.32,2.32,1600
HOVNP,20100210,5.5,5.55,5.5,5.5,2000
HSIC,20100210,54,55.08,54,55,622900
HSII,20100210,25.45,26.32,25.45,26.31,100300
HSKA,20100210,0.68,0.69,0.63,0.68,7200
HSTM,20100210,3.64,3.64,3.49,3.53,18200
HTBK,20100210,3.62,3.62,3.56,3.57,4500
HTLD,20100210,13.74,14.05,13.62,14.05,535500
HTLF,20100210,13.64,13.64,13.25,13.48,17300
HUBG,20100210,22.2,22.37,21.77,22.35,343500
HURC,20100210,16.89,17.25,16.67,16.99,43500
HURN,20100210,22.88,23.16,22.41,23.06,110900
HWBK,20100210,9.8,9.8,9.8,9.8,400
HWKN,20100210,20.07,20.09,19.8,19.97,22800
IART,20100210,18.66,18.815,18.505,18.77,74100
IBB,20100210,82.14,82.52,81.21,82.22,780700
IBCP,20100210,0.7,0.74,0.67,0.74,95500
IBKR,20100210,16.19,16.42,16,16.4,272100
IBOC,20100210,19.68,20.23,19.53,20.22,298700
ICAD,20100210,1.42,1.46,1.39,1.42,150800
ICCC,20100210,3.99,3.99,3.99,3.99,0
ICFI,20100210,23.17,23.19,22.63,23.01,65800
ICLK,20100210,4.45,4.5,4.26,4.31,15300
ICLN,20100210,18.65,18.65,18.25,18.53,13400
ICLR,20100210,23.63,23.84,23.5,23.75,170900
ICUI,20100210,34.58,34.85,34.01,34.11,161300
IDCC,20100210,23.59,23.98,23.37,23.97,220700
IDRA,20100210,37.36,37.68,36.8,37.52,25100
IDXX,20100210,25.35,25.5,24.965,25.205,300400
IESC,20100210,4.82,4.95,4.7,4.86,28800
IFGL,20100210,26.87,27.09,26.77,26.97,24500
IGOV,20100210,101.69,101.72,101.18,101.63,5600
III,20100210,3.38,3.38,3.26,3.29,20100
IIIIW,20100210,0.07,0.07,0.07,0.07,0
IIN,20100210,3.1,3.26,3.03,3.07,7200
IIVI,20100210,13.025,13.245,12.925,13.165,85300
IKNX,20100210,6.31,6.31,6.31,6.31,100
ILMN,20100210,35.3,35.81,34.94,35.59,1102600
IMGN,20100210,6.39,6.62,6.25,6.61,384800
IMKTA,20100210,13.3,13.39,13.18,13.18,26800
IMMR,20100210,4.29,4.29,3.93,4.12,270400
IMOS,20100210,0.66,0.66,0.63,0.66,32500
INCY,20100210,10.34,10.45,10.09,10.45,1219600
INDB,20100210,23.05,23.41,22.9,23.35,58100
INDY,20100210,23.46,23.48,23.18,23.41,25800
INFI,20100210,6.08,6.23,6,6.05,25600
INFN,20100210,6.82,7.03,6.78,7,541900
INMD,20100210,4.125,4.18,4.12,4.18,30200
INOD,20100210,5.04,5.1,4.87,4.9,127900
INSM,20100210,0.81,0.82,0.8,0.81,396500
INTC,20100210,19.59,19.87,19.45,19.69,56250600
INTG,20100210,10.54,11.2,10.54,11.2,400
INTU,20100210,29.2,29.45,29.07,29.39,2102600
INVE,20100210,19,19,18,18,4600
IOSP,20100210,8.74,9.11,8.66,9.11,75800
IPAR,20100210,13.05,13.24,12.83,13.23,75500
IPGP,20100210,14.31,14.73,14.31,14.64,132400
IRBT,20100210,14.98,15.31,14.66,15.29,86600
IRDM,20100210,6.61,6.99,6.5,6.5,205800
IRIX,20100210,2.92,2.92,2.92,2.92,100
IRWD,20100210,11.65,11.89,11.53,11.7,42300
ISBC,20100210,4.5412,4.6471,4.498,4.6392,185700
ISHG,20100210,102.27,102.29,102,102.23,2800
ISIG,20100210,5.02,5.15,4.98,5.04,24900
ISLE,20100210,8.08,8.19,7.9,8,94700
ISRG,20100210,108.9467,109.1367,106.0367,107.3167,374600
ISSC,20100210,4.77,4.8,4.47,4.69,15500
ITIC,20100210,35.15,35.15,35.15,35.15,500
ITRI,20100210,59.5,61.22,59.5,60.87,277000
ITRN,20100210,13.61,13.61,13.29,13.52,3100
IVAC,20100210,14.82,15.06,14.27,14.49,81300
JACK,20100210,21.24,21.45,21.01,21.35,521400
JAKK,20100210,110.1,114.8,110.1,113.4,250500
JAZZ,20100210,9.18,9.4,9.12,9.22,130400
JBHT,20100210,30.49,31.45,30.3,31.45,2193800
JBLU,20100210,5.12,5.13,4.86,4.96,6048300
JBSS,20100210,15.5,15.5,14.45,15.11,55800
JCS,20100210,11.97,12.24,11.94,12.06,5400
JCTCF,20100210,1.54,1.54,1.535,1.535,800
JJSF,20100210,41.75,41.99,41.5,41.77,37400
JKHY,20100210,21.37,21.52,21.03,21.31,534100
JOBS,20100210,7.85,7.885,7.805,7.85,10100
JOUT,20100210,10.8,10.8,10.8,10.8,0
JRJC,20100210,72.2,72.9,69.9,71.3,19400
KALU,20100210,34.27,34.72,33.73,34.12,60000
KELYA,20100210,15.21,15.34,14.8,14.98,141500
KELYB,20100210,16.73,16.73,16.73,16.73,0
KEQU,20100210,14.52,14.96,14.51,14.96,3600
KFFB,20100210,9.81,9.98,9.81,9.98,1000
KFRC,20100210,14.04,14.04,13.34,13.88,197400
KINS,20100210,2.9,2.9,2.9,2.9,0
KIRK,20100210,14.83,15.2,14.68,15.15,148800
KLAC,20100210,29.15,29.5,28.7,28.99,2354800
KLIC,20100210,6.58,6.69,6.45,6.69,1801200
KNDI,20100210,3.89,4.09,3.86,4.07,182000
KOPN,20100210,3.82,3.85,3.7,3.76,255600
KOSS,20100210,4.4,4.41,4.4,4.41,1500
KRNY,20100210,9.53,9.63,9.4,9.53,22300
KTCC,20100210,5.18,5.3,5.18,5.25,144800
KTOS,20100210,10.56,11.45,10.47,11,188900
KVHI,20100210,12.68,12.9,11.93,12.23,109800
LAKE,20100210,8.12,8.3,7.69,7.69,9700
LAMR,20100210,28.2,28.66,27.66,28.22,345600
LANC,20100210,54.94,55.52,54.72,55.2,157900
LARK,20100210,14.76,14.76,14.76,14.76,0
LAWS,20100210,15.88,15.89,15.6,15.66,11700
LBAI,20100210,6.85,6.85,6.59,6.71,26900
LBTYA,20100210,12.652,12.7082,12.2637,12.4221,1765900
LBTYB,20100210,24.15,24.15,24.15,24.15,100
LBTYK,20100210,24.42,24.49,23.73,24.09,213100
LCUT,20100210,7.39,8,7.38,7.99,4100
LECO,20100210,23.775,24.23,23.775,24.085,414400
LFUS,20100210,35.1,35.53,34.78,35.03,303300
LGND,20100210,9.9,10.2,9.54,9.6,369100
LHCG,20100210,29.65,30.07,29.46,29.69,169100
LIFE,20100210,666.68,669.9,656.6,662.9,3567600
LINC,20100210,19.34,19.68,19.08,19.5,117300
LIVE,20100210,0.4633,0.4633,0.4633,0.4633,400
LJPC,20100210,0.12,0.13,0.12,0.13,413700
LKFN,20100210,11.3733,11.4667,11.34,11.4533,23600
LLNW,20100210,3.49,3.49,3.4,3.46,103800
LMAT,20100210,4.81,4.81,4.69,4.69,600
LNDC,20100210,6.07,6.23,6.01,6.09,33900
LOAN,20100210,1.17,1.17,1.17,1.17,2000
LOGC,20100210,1.47,1.58,1.47,1.58,1200
LOGI,20100210,15.61,15.72,15.33,15.49,656100
LOOP,20100210,9.56,9.78,9.52,9.57,85700
LOPE,20100210,19.81,19.91,19.6,19.78,73200
LORL,20100210,27.28,27.65,27,27.42,49400
LPSN,20100210,6.05,6.1,5.84,5.96,283000
LPTH,20100210,2.29,2.5,2.29,2.36,15200
LQDT,20100210,11.38,11.6,11.35,11.48,57800
LRCX,20100210,33.76,34.23,32.98,33.69,1588800
LSBK,20100210,7.8,7.8,7.8,7.8,15000
LSCC,20100210,2.47,2.66,2.47,2.64,934000
LSTR,20100210,35.67,36.08,35.42,35.9,286900
LTBR,20100210,402,403.2,390.6,397.8,16100
LTRX,20100210,3.01,3.15,2.93,3.14,4500
LULU,20100210,13.705,13.83,13.5,13.605,387300
LUNA,20100210,2.84,2.93,2.84,2.86,23000
LWAY,20100210,11.73,11.94,11.5,11.75,9600
LXRX,20100210,11.62,13.44,11.62,13.44,851300
LYTS,20100210,5.81,5.88,5.5,5.77,103000
MANH,20100210,5.67,5.76,5.6525,5.725,126200
MANT,20100210,44.81,44.95,43.97,44.75,89400
MARPS,20100210,16.13,16.13,16.13,16.13,500
MASI,20100210,26.64,26.75,26.17,26.63,186900
MAT,20100210,20.55,20.62,20.1,20.27,4648800
MATW,20100210,32.05,32.05,31.38,31.85,73400
MAYS,20100210,17.78,17.78,17.78,17.78,0
MBWM,20100210,3.35,3.5,3.35,3.45,22400
MCBC,20100210,1.8,1.82,1.8,1.8,2400
MCHP,20100210,13.2,13.38,13.105,13.33,2453000
MCHX,20100210,5.15,5.25,5.12,5.15,35400
MCRI,20100210,6.89,6.93,6.66,6.72,10000
MDRX,20100210,16.89,16.98,16.61,16.69,815600
MELI,20100210,36.81,37.25,36.03,36.39,366800
MEOH,20100210,21.85,22.16,21.49,21.63,480900
MERC,20100210,3.24,3.48,3.15,3.48,824100
MGEE,20100210,21.5267,21.6933,21.3733,21.6933,41800
MGIC,20100210,1.79,1.8,1.68,1.74,113500
MGLN,20100210,38,38.42,37.42,38.25,207200
MGPI,20100210,6.7,7.07,6.67,6.79,84800
MGRC,20100210,21.1,21.68,20.98,21.43,38800
MGYR,20100210,3.51,3.51,3.51,3.51,0
MHLD,20100210,6.49,6.54,6.46,6.52,297700
MIDD,20100210,14.26,14.38,14.0133,14.28,120000
MIND,20100210,7.31,7.9,7.24,7.58,29600
MKSI,20100210,18.42,18.6,18.03,18.4,237900
MKTX,20100210,13.44,13.95,13.28,13.82,72000
MLAB,20100210,26.96,27.25,26.96,27.25,3700
MLHR,20100210,17.12,17.23,16.99,17.04,354900
MLVF,20100210,9.45,9.45,9.45,9.45,0
MMLP,20100210,30.53,30.73,29.84,30.11,66900
MMSI,20100210,13.488,13.552,13.264,13.552,69400
MNDO,20100210,1.19,1.26,1.19,1.24,93100
MNKD,20100210,45.1,46.8,45,46.75,1546800
MNOV,20100210,7,7,7,7,100
MNRO,20100210,22.6667,22.76,22.4267,22.5533,58600
MNST,20100210,6.435,6.4867,6.3467,6.43,350800
MNTX,20100210,2.19,2.28,2.15,2.25,11800
MOFG,20100210,9.83,10.1,9.55,10.09,11900
MORN,20100210,44.97,45.04,44.38,45.01,33300
MOSY,20100210,702,728,702,712,40800
MOVE,20100210,6.4,6.64,6.4,6.52,689000
MPAA,20100210,5.77,5.79,5.75,5.76,19100
MPAC,20100210,5.48,5.9,5.43,5.77,7200
MPB,20100210,10.5,10.5,10.5,10.5,0
MPWR,20100210,20.19,20.67,19.85,20.49,469600
MRCY,20100210,11.22,12.64,11.22,12.38,171800
MRLN,20100210,9.58,9.93,9.45,9.93,6600
MRNA,20100210,0.9,0.92,0.86,0.89,577100
MRTN,20100210,7.6445,7.7111,7.5245,7.6889,53100
MRVL,20100210,18.28,18.46,17.82,18.26,9385300
MSEX,20100210,16.62,16.62,16.31,16.52,34300
MSFT,20100210,28.03,28.24,27.84,27.99,48591200
MSON,20100210,2.15,2.15,2.02,2.02,6800
MSTR,20100210,82.1,84.81,81.15,84.03,222800
MTEX,20100210,28.4,28.4,27.5,27.8,19600
MTRX,20100210,9.62,9.94,9.58,9.87,173800
MU,20100210,8.61,8.73,8.18,8.54,70629904
MVIS,20100210,16.32,16.8,15.84,16.48,835500
MYGN,20100210,21.4,21.82,21.24,21.65,1939700
MYRG,20100210,14.55,15.84,14.55,15.69,734400
NAII,20100210,7.7,7.7,7.7,7.7,0
NATH,20100210,15.36,15.37,15.02,15.1,6500
NATI,20100210,20.4,20.4,19.8,20.0667,414000
NATR,20100210,8.72,8.72,8.72,8.72,200
NAVI,20100210,2.87,2.93,2.84,2.9,20500
NBIX,20100210,2.37,2.46,2.34,2.46,114700
NBN,20100210,11.85,11.85,11.65,11.65,200
NBTB,20100210,19.95,20.44,19.95,20.37,64500
NCMI,20100210,15.69,15.7,15.27,15.35,116600
NCTY,20100210,199.2,204,190.5,195.6,92800
NDAQ,20100210,18.14,18.26,17.92,18.09,3922800
NDSN,20100210,27.355,27.61,26.82,27.275,113700
NECB,20100210,5.63,5.63,5.52,5.62,2100
NEOG,20100210,10.585,10.79,10.39,10.775,51600
NEPT,20100210,1.94,1.97,1.94,1.96,1700
NEWT,20100210,5.15,5.15,5.15,5.15,0
NFBK,20100210,12.36,12.67,12.36,12.59,28200
NFLX,20100210,8.8729,8.9186,8.72,8.7843,829600
NICE,20100210,29.72,30.04,29.72,29.8,88400
NICK,20100210,7.78,7.78,7.78,7.78,0
NKSH,20100210,23.64,24,23.63,23.88,3900
NKTR,20100210,11.63,11.72,11.38,11.69,389500
NLTX,20100210,1.21,1.21,1.19,1.21,5200
NNBR,20100210,3.27,3.51,3.27,3.46,19800
NRIM,20100210,15.39,15.56,15.37,15.56,6100
NSEC,20100210,12.45,13.34,12.45,12.99,2500
NSIT,20100210,12.33,12.73,12.22,12.46,297000
NSSC,20100210,2.09,2.16,2.09,2.12,1400
NSYS,20100210,3.32,3.32,3.07,3.32,5200
NTAP,20100210,30.89,31.1,30.53,30.76,4356500
NTCT,20100210,14.67,14.71,14.46,14.53,183800
NTES,20100210,6.79,6.844,6.65,6.794,652100
NTGR,20100210,24.48,25.22,23.51,23.96,3367200
NTIC,20100210,4.555,4.555,4.555,4.555,0
NTRS,20100210,49.99,50.87,49.96,50.56,1777500
NTWK,20100210,10,10,9.3,9.4,245800
NUAN,20100210,14.77,14.82,14.33,14.51,3864200
NURO,20100210,428.16,443.52,428.16,443.52,14200
NUVA,20100210,27.92,28.3,27.92,28.18,420100
NVAX,20100210,40.8,44,40.4,44,1855800
NVDA,20100210,4.04,4.13,4.0125,4.0925,13395600
NVEC,20100210,41,41.13,40.36,41.13,25200
NVMI,20100210,4.84,4.92,4.65,4.89,57900
NWBI,20100210,11.75,11.81,11.66,11.81,718600
NWFL,20100210,25.46,25.71,25.36,25.71,2500
NWLI,20100210,151.22,151.35,148.01,148.79,2400
NWPX,20100210,21.87,22.42,21.8,21.92,105700
NWS,20100210,15.04,15.09,14.65,14.82,2701800
NWSA,20100210,12.81,12.87,12.48,12.61,18967100
NXST,20100210,4.75,4.8,4.7,4.77,2000
NYMT,20100210,6.67,6.67,6.5,6.57,28200
NYMX,20100210,4.01,4.08,3.93,3.99,51700
OBAS,20100210,6,6,6,6,16400
OBCI,20100210,1.05,1.1,1.05,1.1,14600
OCFC,20100210,9.92,10.06,9.85,9.93,52600
ODFL,20100210,12.4978,12.5689,12.2889,12.5155,468600
OESX,20100210,5.15,5.18,4.99,5.05,152900
OFIX,20100210,29.14,30.42,29.09,30.2,78600
OFLX,20100210,10.5,10.63,10.34,10.58,3900
OIIM,20100210,5.23,5.57,5.11,5.41,304700
OMAB,20100210,12.37,12.72,12.37,12.62,18800
OMCL,20100210,12.27,12.45,12.05,12.37,89900
OMER,20100210,5.66,5.75,5.6,5.73,13300
OMEX,20100210,15.48,16.8,15.36,16.68,222100
ONCY,20100210,3.03,3.2,2.97,3.2,735500
ONEQ,20100210,84.65,84.89,84.14,84.52,5200
OPEN,20100210,27.99,31.63,27.94,30.66,2196900
OPHC,20100210,43.2,43.2,43.2,43.2,500
OPNT,20100210,13.83,13.94,13.57,13.64,95100
OPOF,20100210,14.69,14.69,14.03,14.17,4200
ORLY,20100210,38.9,39.17,38.58,39.02,1568500
ORRF,20100210,29.51,30.48,29.51,29.76,3000
OSBC,20100210,6.31,6.35,6.24,6.3,32900
OSIS,20100210,27.5,28.2,27.01,28.09,499100
OSTK,20100210,11.43,11.7,11.26,11.62,69200
OSUR,20100210,4.81,4.98,4.75,4.95,142500
OTEX,20100210,11.47,11.4725,11.275,11.39,239000
OTTR,20100210,20.15,20.31,19.83,20.06,279600
OVBC,20100210,19.97,20.47,19.91,20.01,14400
OVLY,20100210,4.35,4.35,4.35,4.35,0
PAAS,20100210,21.5,21.79,21.18,21.51,1049400
PACW,20100210,19.54,19.8,19.17,19.78,200000
PANL,20100210,10.71,10.9,10.51,10.82,106600
PATK,20100210,1.1778,1.1778,1.1778,1.1778,0
PAYX,20100210,29.07,29.24,28.82,29.08,1811900
PBCT,20100210,15.55,15.58,15.38,15.5,3356800
PBHC,20100210,5.5,5.5,5.5,5.5,0
PBIP,20100210,9.49,9.49,8.99,9.36,29600
PCAR,20100210,34.98,35.15,34.52,34.88,2405500
PCTI,20100210,5.79,5.8,5.68,5.74,21800
PCYO,20100210,2.14,2.2,2.14,2.18,3200
PDCO,20100210,29.22,29.35,28.84,28.86,1577800
PDEX,20100210,0.5,0.51,0.5,0.5,5500
PDFS,20100210,3.86,3.88,3.79,3.87,9700
PEBK,20100210,5.35,5.35,5.35,5.35,0
PEBO,20100210,12.52,12.77,12.5,12.77,10100
PEGA,20100210,17.5,17.705,17.5,17.635,199100
PENN,20100210,23.21,23.5,23.14,23.24,937900
PESI,20100210,9.3,9.3,9,9.1,48200
PETS,20100210,18.64,19.11,18.61,19.07,373100
PFBC,20100210,1.4,1.47,1.33,1.41,23300
PFIN,20100210,2.53,2.53,2.53,2.53,0
PFSW,20100210,2.67,2.74,2.59,2.73,63700
PGC,20100210,11.34,11.98,11.31,11.96,12600
PKBK,20100210,8.4091,8.5909,8.4091,8.5909,800
PKOH,20100210,7.83,8.17,7.56,8,13200
PLAB,20100210,3.78,3.86,3.64,3.82,252600
PLBC,20100210,3,3,3,3,0
PLCE,20100210,35.44,35.45,34.26,34.8,430200
PLPC,20100210,34.6,35.53,34.6,35.14,5800
PLUG,20100210,0.5,0.53,0.5,0.52,377100
PLUS,20100210,8.25,8.25,8.045,8.12,174700
PLXS,20100210,31.97,32.27,31.73,31.81,301400
PMD,20100210,7.3,7.37,7.3,7.36,5100
PNBK,20100210,18.2,18.2,18,18,600
PNFP,20100210,13.25,13.7,13.14,13.67,276800
PNNT,20100210,9.31,9.5,9.3,9.42,209200
PNQI,20100210,24.04,24.05,24.03,24.04,1500
PNRG,20100210,27.83,28.13,26.38,26.99,6500
PODD,20100210,13.42,14.85,13.42,14.76,852800
POOL,20100210,19.52,19.82,19.32,19.57,508600
POWI,20100210,16.805,17.14,16.8,17.015,277600
POWL,20100210,29.12,29.18,28.26,28.94,69800
PPBI,20100210,3.36,3.58,3.3,3.56,7400
PRAA,20100210,14.27,14.4967,14.05,14.47,68300
PRFT,20100210,9.95,10.05,9.75,10.04,135500
PRFZ,20100210,48.38,48.55,47.8,48.49,51200
PRGS,20100210,18.36,18.48,18.12,18.26,144300
PRIM,20100210,7.72,7.8,7.68,7.73,7500
PROV,20100210,3.2,3.24,3.05,3.07,89900
PRTS,20100210,5.67,5.75,5.45,5.55,24700
PSEC,20100210,10.91,10.91,10.3,10.45,1619900
PSMT,20100210,20,20.41,19.99,20.35,51900
PSTI,20100210,11.8,11.8,11.5,11.5,37400
PTEN,20100210,16.13,16.67,15.9,16.52,8812200
PTIX,20100210,2.75,2.75,2.75,2.75,0
PTNR,20100210,21.11,21.15,20.91,21.02,98800
PTSI,20100210,9.88,9.88,9.42,9.69,5900
PWOD,20100210,20.2733,20.4533,20.0467,20.2267,3400
PXLW,20100210,3,3.14,3,3.13,71700
PZZA,20100210,11.29,11.29,10.84,10.885,440200
QABA,20100210,22.88,22.88,22.67,22.78,800
QCLN,20100210,13.96,14.12,13.9,14.08,9900
QCOM,20100210,37.71,38.16,37.32,37.43,23742300
QCRH,20100210,9.25,9.38,9,9.17,3600
QDEL,20100210,12.59,12.83,12.57,12.8,315300
QQEW,20100210,18.8,18.86,18.66,18.81,11200
QQQ,20100210,43.1,43.31,42.75,43.02,94102800
QQQX,20100210,12.63,12.65,12.44,12.56,73400
QQXT,20100210,17.13,17.14,16.2,17.09,7900
QTEC,20100210,19.69,19.87,19.47,19.74,92800
QUIK,20100210,31.5,32.06,30.38,31.92,304400
RADA,20100210,5.16,5.22,5.04,5.22,2400
RAIL,20100210,18.71,19.12,18.63,18.85,56100
RAM,20100210,1.57,1.58,1.53,1.56,57900
RAND,20100210,33.75,33.75,33.75,33.75,0
RAVN,20100210,13.665,13.92,13.385,13.91,20100
RBCAA,20100210,15.24,15.24,14.93,15.11,55900
RBCN,20100210,153.7,174,152.6,167.3,409200
RCII,20100210,21.71,21.74,21.37,21.66,490600
RCKY,20100210,8.2,8.49,8.1,8.43,7700
RCMT,20100210,2.68,2.71,2.68,2.71,900
RCON,20100210,30.25,32.35,30,32.25,43300
RDCM,20100210,1.93,1.93,1.9,1.91,8200
RDI,20100210,3.9,3.94,3.85,3.94,36300
RDIB,20100210,5.25,5.25,5.25,5.25,0
RDNT,20100210,2.35,2.46,2.3,2.39,64500
RDWR,20100210,7.555,7.945,7.55,7.88,99200
REED,20100210,1.42,1.49,1.36,1.43,7500
REFR,20100210,3.09,3.09,3.02,3.02,4300
REGN,20100210,26.25,26.84,25.76,26.57,346400
RELL,20100210,7.61,7.69,7.3,7.5,72700
RENT,20100210,17.21,17.85,16.79,17.65,64100
RFIL,20100210,2.25,2.505,2.25,2.505,7500
RGCO,20100210,10.02,10.04,10.0133,10.04,1000
RGEN,20100210,3.39,3.42,3.34,3.39,102300
RGLD,20100210,43.87,43.87,42.49,43.24,402800
RICK,20100210,11.02,11.67,10.86,11.43,153700
RIGL,20100210,9.01,9.18,8.85,9.05,1000900
RMBS,20100210,21.19,21.4,20.77,21.25,1672600
RMCF,20100210,8.52,8.65,8.52,8.65,4200
RMTI,20100210,7.23,7.44,7.23,7.32,32900
RNST,20100210,14,14.39,13.92,14.12,40900
RNWK,20100210,4.29,4.55,4.29,4.39,778500
ROCK,20100210,13.51,13.79,13.19,13.47,138300
ROIC,20100210,10.22,10.26,10.14,10.24,27200
ROLL,20100210,24.49,24.86,24.09,24.54,72800
ROST,20100210,11.3775,11.455,11.2925,11.3275,1930800
RPRX,20100210,0.86,0.86,0.81,0.83,516500
RRGB,20100210,19,19.28,18.8,19.28,256600
RUSHA,20100210,7.3733,7.4,7.1667,7.3867,107000
RUSHB,20100210,6.3733,6.3733,6.2333,6.3267,3000
RUTH,20100210,2.77,3.1,2.77,3.08,1534000
RVSB,20100210,2.38,2.42,2.38,2.39,2300
RYAAY,20100210,27.36,27.59,27.26,27.43,264700
SAFM,20100210,48.94,49.62,48.85,49.62,351500
SAFT,20100210,34.19,34.42,33.85,34.36,14500
SAIA,20100210,8.26,8.26,7.88,8.16,44700
SALM,20100210,5.08,5.09,4.85,5.04,8800
SANM,20100210,13.6,13.99,13.59,13.75,919900
SASR,20100210,12.4,12.56,12.3,12.37,29700
SATS,20100210,15.2263,15.3238,15.1369,15.3238,51800
SBAC,20100210,32.79,33.25,32.34,33.24,1427500
SBCF,20100210,7,7.05,6.95,6.95,280700
SBGI,20100210,5.38,5.38,5.07,5.13,372600
SBLK,20100210,200.25,201.75,193.5,197.25,228800
SBNY,20100210,33.95,34.32,33.5,34.17,325400
SBSI,20100210,18.6286,18.8762,18.4762,18.6857,37900
SBUX,20100210,11.02,11.265,11.02,11.185,10016300
SCHL,20100210,28.46,28.94,28.42,28.61,102900
SCHN,20100210,44.97,44.97,43.51,44.11,1354500
SCKT,20100210,3.15,3.15,3.15,3.15,3000
SCOR,20100210,12.9,13.06,12.67,13.02,100800
SCSC,20100210,25.69,25.8,25.07,25.77,117500
SCVL,20100210,12,12.08,11.76,11.84,21700
SEAC,20100210,6.7,6.76,6.52,6.75,163500
SEED,20100210,86.1,87.8,82.7,86,1113500
SEIC,20100210,17.09,17.29,17.01,17.05,655500
SENEA,20100210,27.5,27.5,26.67,27.4,25300
SENEB,20100210,27.16,27.16,27.16,27.16,100
SFNC,20100210,12.585,12.925,12.495,12.88,44300
SFST,20100210,7.35,7.35,7.35,7.35,0
SGC,20100210,9.6,9.6,9.01,9.01,3700
SGEN,20100210,9.61,9.99,9.25,9.97,652400
SGMA,20100210,5.6,5.65,5.56,5.57,2500
SGMO,20100210,4.84,5.06,4.8,5,260500
SGMS,20100210,14.07,14.32,14.01,14.21,476700
SGRP,20100210,1,1,1,1,0
SHBI,20100210,11.18,11.61,11.18,11.42,9900
SHEN,20100210,8.565,8.735,8.51,8.715,34000
SHIP,20100210,1368,1368,1284,1320,534000
SHIPW,20100210,0.06,0.06,0.06,0.06,5500
SHOO,20100210,7.7235,7.7787,7.6267,7.6662,104100
SHY,20100210,83.58,83.58,83.45,83.47,670000
SIEB,20100210,2.25,2.26,2.25,2.26,2400
SIFY,20100210,1.77,1.79,1.71,1.71,26500
SIGA,20100210,5.93,5.94,5.7,5.89,254000
SIGI,20100210,15.32,15.61,15.19,15.56,136900
SILC,20100210,10.1,10.19,10.09,10.19,700
SIMO,20100210,2.98,3.03,2.94,3,136000
SINO,20100210,14.95,14.95,14.95,14.95,0
SIRI,20100210,0.88,0.88,0.85,0.85,64058300
SIVB,20100210,40.78,40.93,39.8,40.24,1334100
SKYW,20100210,14.13,14.41,14.11,14.4,273700
SLAB,20100210,44.42,44.99,44.02,44.56,588400
SLGN,20100210,13.585,13.6775,13.4925,13.56,461000
SLP,20100210,1.72,1.72,1.69,1.69,33400
SLRC,20100210,18,18.1,17.99,18.08,158400
SMBC,20100210,6.695,6.695,6.695,6.695,100
SMCI,20100210,12.6,12.9,12.34,12.9,145900
SMED,20100210,5.87,6.31,5.75,6,194400
SMIT,20100210,3.52,3.52,3.52,3.52,200
SMMF,20100210,3.86,3.86,3.86,3.86,0
SMSI,20100210,31.52,31.64,31.08,31.52,219900
SMTC,20100210,15,15.4,14.95,15.22,452500
SNCR,20100210,15.97,16.15,15.92,16.01,176400
SNFCA,20100210,3.13,3.13,3.07,3.07,2300
SNPS,20100210,21.02,21.24,20.99,21.14,680000
SOHU,20100210,48.57,49.09,47.52,48.04,457600
SONO,20100210,26.49,27.69,26.44,27.57,328100
SPNS,20100210,1.39,1.47,1.39,1.46,5500
SPPI,20100210,4.39,4.46,4.3,4.4,628700
SPRO,20100210,3.1,3.1,3.1,3.1,500
SPTN,20100210,13.29,13.39,13.1,13.14,107900
SRCE,20100210,14.42,14.84,14.25,14.65,24300
SRCL,20100210,50.98,51.75,50.88,51.2,370500
SRDX,20100210,19.55,19.75,19.51,19.68,56800
SSBI,20100210,5.07,5.07,5.07,5.07,2400
SSTI,20100210,2.84,2.85,2.84,2.84,261800
SSYS,20100210,23.34,24.25,22.97,24.23,169900
STAA,20100210,3.76,3.87,3.68,3.79,30800
STBA,20100210,16.13,16.67,15.95,16.56,69600
STFC,20100210,15.36,15.73,15.32,15.72,19700
STKL,20100210,2.75,2.77,2.65,2.71,313800
STLD,20100210,15.38,15.48,14.9,15.06,7061200
STRA,20100210,207.09,210.43,205.31,210.09,107900
STRC,20100210,2.4,2.74,2.31,2.6,14600
STRL,20100210,18.11,18.37,17.91,18.11,72100
STRM,20100210,2.15,2.18,2.15,2.15,3100
STRN,20100210,6.99,7,6.99,7,200
STRS,20100210,10.15,10.15,10.15,10.15,0
STRT,20100210,18.92,18.92,18.92,18.92,0
STSA,20100210,36.96,38.28,33.66,35.64,1059500
STX,20100210,18.36,18.66,18.17,18.48,9770000
SUMR,20100210,48.06,48.06,46.8,47.7,4400
SURG,20100210,1.22,1.25,1.22,1.23,35400
SVBI,20100210,3.9,4.17,3.9,3.95,1800
SWIR,20100210,12.16,12.16,11.67,11.76,475300
SWKS,20100210,13.75,14.03,13.69,13.75,5137200
SYBT,20100210,13.4,13.68,13.34,13.3533,16000
SYNA,20100210,26.09,26.25,25.5,25.84,397100
SYNL,20100210,7.88,8,7.84,7.89,1500
SYPR,20100210,2.8,3.04,2.8,2.9,22600
TACT,20100210,7.07,7.8,7.03,7.45,67800
TAIT,20100210,1.35,1.35,1.35,1.35,0
TAST,20100210,6.36,6.53,6.33,6.41,19300
TATT,20100210,8.53,8.65,8.52,8.65,800
TAYD,20100210,5.04,5.04,5.04,5.04,100
TBBK,20100210,6.16,6.28,6.11,6.2,48700
TBNK,20100210,18.6,18.99,18.46,18.93,29400
TCBI,20100210,16.67,17.1,16.67,17.1,248700
TCBK,20100210,17.16,17.35,17,17.07,36700
TCX,20100210,2.68,2.72,2.64,2.72,22800
TEAM,20100210,6.73,7.25,6.73,7.12,19100
TECH,20100210,60.96,60.96,60,60.49,162100
TESS,20100210,13.88,14,13.6667,13.7533,5500
TFSL,20100210,12.72,12.82,12.53,12.68,415800
TGA,20100210,3.71,3.75,3.62,3.74,114600
THFF,20100210,25.82,26.24,25.5,26.13,50500
THRX,20100210,10.14,10.18,9.89,10.12,207400
TIGR,20100210,3.26,3.26,3.24,3.25,2600
TITN,20100210,11.22,12,11.22,11.77,216400
TLT,20100210,91.32,91.6,90.2,90.31,5068000
TNDM,20100210,14.72,14.89,14.5,14.87,572800
TOPS,20100210,7840000,7840000,7630000,7700000,50200
TOWN,20100210,10.89,11,10.71,10.78,50000
TREE,20100210,7.84,8.25,7.61,8.07,42600
TRIB,20100210,4.11,4.19,4.1,4.1,30800
TRIT,20100210,14.72,16.2,14.59,15.86,122500
TRMB,20100210,12.345,12.44,12.12,12.345,728500
TRMD,20100210,103.4,105,102.5,105,4400
TRMK,20100210,22.07,22.37,21.73,22.26,302000
TRNS,20100210,6.88,7,6.88,7,1400
TROW,20100210,48.52,49.47,48.52,49.07,1454800
TRS,20100210,5.74,6.05,5.74,5.82,35900
TRST,20100210,5.57,5.61,5.47,5.61,224900
TRUE,20100210,2.73,2.75,2.5,2.58,33000
TSBK,20100210,3.81,3.81,3.81,3.81,0
TSCO,20100210,12.7625,12.8525,12.6275,12.74,220700
TSEM,20100210,18.9,19.5,18.9,19.2,158700
TSRI,20100210,2.21,2.21,2.2,2.2,9500
TTEC,20100210,17.92,17.92,17.41,17.65,324000
TTEK,20100210,20.75,21.08,20.6,20.9,442900
TTGT,20100210,5.38,5.51,5.31,5.49,16500
TTMI,20100210,8.7,8.79,8.67,8.79,320600
TTWO,20100210,9.5,9.74,9.48,9.71,1729400
TW,20100210,42.99,43.11,42.57,42.72,194500
TWIN,20100210,9.62,9.92,9.62,9.74,16900
TXN,20100210,23.39,23.58,23.14,23.44,12401300
TXRH,20100210,12.36,12.43,12.21,12.36,633100
TZOO,20100210,11.15,11.79,11.05,11.54,27100
UBCP,20100210,8.5,8.5,8.35,8.35,800
UBFO,20100210,4.5,4.86,4.5,4.81,1500
UBOH,20100210,9.3,9.3,9.3,9.3,700
UBSI,20100210,23.35,23.48,23,23.4,282700
UCBI,20100210,3.87,4.18,3.86,4.18,580500
UCTT,20100210,6.11,6.23,6.03,6.23,29000
UEIC,20100210,23.05,23.05,22.45,22.8,24700
UEPS,20100210,17.57,18.23,17.36,17.41,256400
UFCS,20100210,16.58,16.7,16.33,16.49,30200
UFPI,20100210,34.15,35.06,33.05,34.76,205300
UFPT,20100210,7.29,7.29,7.1,7.2,5800
UG,20100210,11.47,11.47,11.3,11.3,3200
UHAL,20100210,45.86,46.34,44.36,45.73,33800
ULBI,20100210,4.03,4.09,3.98,3.99,40900
ULTA,20100210,17.84,18,17.05,17.29,587000
UMBF,20100210,37.61,38.22,37.49,38.04,109300
UMPQ,20100210,11.76,11.88,11.67,11.84,1581200
UNAM,20100210,9.7,9.7,9.6,9.6,1100
UNB,20100210,17.76,17.76,17.76,17.76,0
UNTY,20100210,4,4.1,4,4.1,3200
URBN,20100210,31.73,31.85,31.11,31.39,2570700
USAK,20100210,12.26,12.39,12.17,12.39,6800
USAP,20100210,18.11,18.26,17.66,18.1,13500
USEG,20100210,330,331.2,321.6,328.8,71400
USLM,20100210,34.26,34.61,34.05,34.61,4800
UTHR,20100210,58.49,59.78,58.37,59.34,503900
UTMD,20100210,26.45,27.55,26.41,26.84,7700
UTSI,20100210,5.79,5.85,5.64,5.73,369300
UVSP,20100210,17.07,17.17,16.7,16.72,31400
VALU,20100210,25.41,26.18,25.21,25.48,7900
VBFC,20100210,33.6,33.6,33.6,33.6,200
VCIT,20100210,75.74,75.8,75.41,75.44,26700
VCLT,20100210,74.02,74.07,73.4,73.5,7400
VCSH,20100210,76.04,76.04,75.75,75.92,55400
VECO,20100210,33.74,34.47,32.75,34.37,2099300
VGIT,20100210,59.89,59.89,59.68,59.68,800
VGLT,20100210,58.35,58.55,57.8,57.9,15000
VGSH,20100210,60.12,60.12,60.07,60.08,23300
VIA,20100210,30.49,30.6,29.94,30.26,54800
VICR,20100210,8.7,9.24,8.7,9.1,84500
VIRC,20100210,3.71,3.71,3.71,3.71,0
VIVO,20100210,20.34,20.51,20,20.32,153200
VLGEA,20100210,24.74,24.87,24.68,24.75,4700
VMBS,20100210,50.24,50.25,50.17,50.19,1600
VNDA,20100210,10.56,10.64,10.34,10.63,166700
VOD,20100210,21.57,21.87,21.5,21.78,5137100
VOXX,20100210,6.56,6.68,6.5,6.61,30600
VRSK,20100210,27.96,28.09,27.51,27.84,496500
VRSN,20100210,23.03,23.1,22.76,22.87,3108600
VRTS,20100210,16.81,17.26,16.53,16.86,8000
VRTX,20100210,37.77,37.9,37.11,37.5,693700
VSAT,20100210,26.29,27.04,26.04,27.02,263200
VSEC,20100210,23.095,23.095,22.67,23.075,16500
WABC,20100210,51.38,52.47,50.87,52.36,166400
WAFD,20100210,19.15,19.25,18.81,18.88,857600
WASH,20100210,16,16.11,15.89,16.09,18200
WAVE,20100210,0.34,0.35,0.32,0.33,305500
WDC,20100210,40.11,40.63,39.5,40.07,2743900
WDFC,20100210,29.9,30.09,29.7,30.02,36500
WERN,20100210,19.5,19.64,19.37,19.63,767900
WEYS,20100210,22.4,22.5,22.4,22.47,6100
WILC,20100210,6.84,6.89,6.84,6.85,39300
WINA,20100210,21.55,21.58,21.47,21.49,4700
WIRE,20100210,19.2,19.31,19.07,19.14,113500
WLDN,20100210,2.15,2.15,2.1,2.12,10500
WLFC,20100210,15.5,15.5,15.31,15.49,4700
WOOD,20100210,37.28,37.62,36.85,37.47,4700
WOOF,20100210,25.08,25.15,24.68,24.8,588200
WPRT,20100210,11.61,11.7,11.15,11.18,313800
WRLD,20100210,37.64,37.99,37.34,37.94,183700
WSBC,20100210,13.98,14.15,13.87,14.09,38600
WSBF,20100210,1.98,2.01,1.95,1.98,7100
WSFS,20100210,9.0333,9.24,8.8933,9.21,65300
WSTG,20100210,8.5,8.57,8.17,8.27,2100
WTBA,20100210,4.93,4.95,4.9,4.95,10400
WTFC,20100210,31.45,32.34,31.23,32.2,173600
WVFC,20100210,14.26,14.26,14.26,14.26,0
WVVI,20100210,3.55,3.55,3.5,3.5,2000
WYNN,20100210,61.5,62.39,60.85,61.4,1256200
XLNX,20100210,23.72,24.07,23.63,23.95,5811900
XOMA,20100210,8.6,8.6,8.2,8.2,3238800
XRAY,20100210,33.82,33.97,33.37,33.79,1304500
XRTX,20100210,157.68,162.72,157.68,162.48,217300
YORW,20100210,13.13,13.41,13.13,13.4,19900
ZBRA,20100210,28.8,28.81,28.05,28.68,519200
ZEUS,20100210,28.25,28.35,27.57,27.98,63000
ZION,20100210,18.26,18.7,18.13,18.52,4127900
ZIOP,20100210,3.09,3.1,2.92,3.07,56400
ZIXI,20100210,1.89,1.95,1.88,1.91,427400
ZUMZ,20100210,13.56,13.61,13.24,13.6,119200
