AAME,20101112,1.95,1.95,1.85,1.89,4900
AAON,20101112,7.3748,7.5615,7.3748,7.4133,33200
AAPL,20101112,11.2857,11.3036,10.8439,11.0011,28423000
AAWW,20101112,59.3,59.32,57.37,57.49,130700
AAXJ,20101112,63.76,63.91,62.82,63.28,505300
ABCB,20101112,9.4,9.55,9.3,9.35,34500
ABIO,20101112,2880.36,2918.16,2850.12,2865.24,18500
ABMD,20101112,11.81,11.95,11.77,11.83,61600
ACAD,20101112,0.68,0.69,0.65,0.66,879300
ACET,20101112,7.98,8.03,7.66,7.77,151700
ACGL,20101112,9.9789,10.0178,9.9456,9.95,241500
ACIW,20101112,8.7933,8.9,8.7167,8.7167,121000
ACLS,20101112,10.72,11.12,10.56,10.76,541800
ACMR,20101112,2.35,2.35,2.25,2.31,38300
ACOR,20101112,27.43,27.8,27.33,27.52,526200
ACTG,20101112,26.28,26.61,25.85,26,238400
ACWI,20101112,45.69,45.83,45.14,45.38,253200
ACWX,20101112,43.61,43.72,43.07,43.28,56400
ADBE,20101112,29.69,29.85,29.15,29.54,8463000
ADES,20101112,3.005,3.055,2.9,2.905,36900
ADI,20101112,33.95,34.44,33.73,34.21,4014500
ADP,20101112,40.1054,40.1228,39.6751,39.8771,2827800
ADRE,20101112,46.86,47.21,46.24,46.53,76600
ADSK,20101112,35.9,36.06,34.82,35.25,3226000
ADTN,20101112,31.74,32.55,31.72,31.82,1678600
ADUS,20101112,3.88,3.98,3.8,3.89,18400
AEHR,20101112,0.99,1,0.92,0.94,52200
AEIS,20101112,11.98,12.11,11.61,11.75,664400
AEY,20101112,3.18,3.18,3.08,3.13,13600
AEZS,20101112,786,816,774,792,1860600
AGEN,20101112,0.94,0.94,0.9,0.91,191500
AGNC,20101112,28.52,28.65,28.36,28.37,3831000
AGYS,20101112,5.63,5.72,5.45,5.46,89700
AHPI,20101112,4.31,4.31,4.31,4.31,100
AIMC,20101112,15.51,15.81,15.41,15.58,68700
AINV,20101112,31.92,32.37,31.02,31.02,2665500
AIRT,20101112,9.4,9.85,9.15,9.52,25300
AKAM,20101112,49.98,50.74,49.32,49.77,2840100
ALCO,20101112,25.63,25.8,24.4,24.66,15300
ALGN,20101112,18.31,18.56,18.2,18.31,606700
ALGT,20101112,47.48,48.09,47.4,47.44,184000
ALIM,20101112,10.25,10.43,10.1,10.17,46700
ALKS,20101112,11.24,11.34,11.09,11.13,675000
ALLT,20101112,7.25,7.35,6.86,7.34,70800
ALNY,20101112,12.19,12.27,12.1,12.14,128600
ALOT,20101112,7.18,7.18,7.18,7.18,0
ALRN,20101112,1.25,1.47,1.01,1.47,16300
ALTR,20101112,32.76,33.42,32.43,32.5,11221900
ALVR,20101112,25.1,25.5,24.6,25.4,220400
AMAT,20101112,12.53,12.74,12.52,12.59,14686400
AMD,20101112,7.59,7.85,7.5,7.63,34476600
AMED,20101112,28.29,28.57,27.85,27.86,263000
AMGN,20101112,54.28,54.7,54.23,54.47,5017100
AMKR,20101112,6.5,6.61,6.29,6.34,2430800
AMNB,20101112,22.94,23.09,22.55,22.7,8500
AMOT,20101112,5.54,5.54,5.07,5.44,26600
AMPH,20101112,32.42,32.48,32.42,32.42,7900
AMPL,20101112,44.8,44.8,43.2,43.4,5800
AMRN,20101112,3.4,3.51,3.3,3.46,880500
AMRS,20101112,274.05,310.8,274.05,301.65,88000
AMSC,20101112,352.4,352.9,338,344.8,1709000
AMSF,20101112,18.3,18.58,18.13,18.34,91400
AMSWA,20101112,6.69,6.73,6.65,6.71,29100
AMWD,20101112,19.52,19.98,19.52,19.87,8800
AMZN,20101112,170.12,171.26,165.05,165.68,7167300
ANAT,20101112,80.53,80.69,80.03,80.03,8600
ANDE,20101112,23.0867,23.2333,22.1,22.16,318600
ANGN,20101112,4.12,4.12,4.12,4.12,0
ANGO,20101112,14.58,14.7,14.46,14.47,25000
ANIK,20101112,6.35,6.37,6.25,6.26,9800
ANSS,20101112,48.91,49.37,48.61,48.98,651700
AOSL,20101112,11.75,11.9,11.7,11.84,49700
APAC,20101112,5.34,5.44,5.21,5.27,540800
APEI,20101112,33.26,33.62,32.85,32.93,107000
APOG,20101112,11.3,11.42,11.08,11.08,80300
ARAY,20101112,6.23,6.28,6.11,6.11,189600
ARCC,20101112,16.56,16.65,16.5,16.5,1698200
ARKR,20101112,14.18,14.48,14.18,14.3,3200
ARLP,20101112,30.28,30.48,30.145,30.265,72300
ARNA,20101112,14.8,14.9,14.3,14.3,3585600
AROW,20101112,26.97,26.97,26.57,26.84,8100
ARRY,20101112,3.32,3.41,3.3,3.3,74900
ARTNA,20101112,18.74,18.91,18.5,18.62,46100
ARTW,20101112,10.1,10.14,9.09,9.92,45500
ARWR,20101112,0.91,0.92,0.9,0.9,102100
ASML,20101112,32.38,32.71,32,32.27,1388700
ASPS,20101112,27.52,27.76,26.86,26.93,97100
ASRV,20101112,1.62,1.67,1.61,1.61,6200
ASTC,20101112,1.11,1.11,1.04,1.07,41600
ASTE,20101112,30.86,31.06,29.95,30.01,151200
ASUR,20101112,1.4933,1.5733,1.4733,1.4733,10500
ASYS,20101112,16.98,17.39,16.65,17.28,158900
ATAI,20101112,4.01,4.01,3.95,4,4700
ATAX,20101112,5.35,5.4,5.31,5.34,114200
ATEC,20101112,24.24,25.08,24.12,24.36,430100
ATHX,20101112,2.76,2.85,2.73,2.73,40500
ATLO,20101112,19.93,20.32,19.93,20.11,2600
ATNI,20101112,37.84,38.21,37.19,37.19,43000
ATRC,20101112,8.1,8.11,8,8,12900
ATRI,20101112,161.09,161.7,157.99,157.99,2400
ATRO,20101112,17.875,17.875,17.15,17.175,31400
ATSG,20101112,7.37,7.48,7.34,7.41,369100
ATVI,20101112,11.77,11.84,11.42,11.5,21065600
AUBN,20101112,20.1,20.1,20.1,20.1,0
AUDC,20101112,4.72,4.81,4.69,4.69,90200
AVAV,20101112,23.04,23.22,22.63,22.81,77500
AVEO,20101112,160,162.3,159.9,161,156500
AVGO,20101112,24.81,25.81,24.56,25.72,1007400
AVID,20101112,14.08,14.55,13.89,14.03,196500
AVNW,20101112,51.6,52.92,51.36,52.56,398400
AWRE,20101112,2.91,2.91,2.91,2.91,200
AXTI,20101112,8.25,8.39,8,8.12,388500
AZPN,20101112,12.54,12.72,12.34,12.42,760300
BANF,20101112,41.23,42.48,40.81,41.67,40000
BANFP,20101112,26.99,26.99,26.99,26.99,0
BANR,20101112,12.53,12.6,11.69,12.46,2082600
BBBY,20101112,44.73,44.91,43.67,44.11,1601000
BBGI,20101112,4.25,4.32,4.23,4.23,3900
BBSI,20101112,15.6,15.6,15.07,15.42,8200
BCBP,20101112,9.14,9.31,9.14,9.15,1600
BCPC,20101112,31.35,31.7,30.8,31.44,73600
BCRX,20101112,5,5.09,4.95,4.97,120200
BDSI,20101112,2.85,3.13,2.85,3.09,281100
BEAT,20101112,5.06,5.09,4.82,4.82,332500
BECN,20101112,15.69,15.91,15.43,15.55,638100
BELFA,20101112,24.79,24.79,24.79,24.79,0
BELFB,20101112,23.49,24.19,23.36,23.46,14100
BFIN,20101112,9.4,9.47,9.34,9.36,20000
BGCP,20101112,7.75,7.95,7.59,7.66,921100
BGFV,20101112,13.98,14.1,13.85,13.88,28300
BIB,20101112,6.495,6.5263,6.495,6.5263,1300
BICK,20101112,33.3,33.3,32.7,32.8,42300
BIDU,20101112,112.97,114.3,107.81,110.64,15511300
BIIB,20101112,59.1538,59.513,58.5458,59.4117,2213200
BIOC,20101112,128.7,130.5,127.5,130.5,3900
BIS,20101112,232.84,232.84,232.84,232.84,0
BITS,20101112,7.15,7.15,6.81,7.15,5900
BJRI,20101112,36.12,36.39,35.42,35.48,332800
BKCC,20101112,11.7,11.85,11.6,11.6,794800
BKSC,20101112,10.65,10.7,10.26,10.7,4500
BLDP,20101112,1.6,1.65,1.57,1.57,340700
BLIN,20101112,375,375,340,350,24100
BLKB,20101112,26.4,26.78,26.13,26.32,125700
BMRC,20101112,16.955,17.245,16.9,17.02,7700
BMRN,20101112,25.25,25.42,24.89,25.09,474300
BMTC,20101112,16.8,17.09,16.64,16.77,28000
BNSO,20101112,1.3,1.31,1.26,1.26,2500
BOKF,20101112,48.69,48.78,48.06,48.11,60800
BOLT,20101112,12.97,12.97,12.4,12.78,52600
BOOM,20101112,15.51,15.72,15.46,15.51,45100
BOSC,20101112,7.96,7.96,7.36,7.36,6600
BPOP,20101112,29,29.2,28.3,28.4,13189200
BPOPM,20101112,19.3,19.3,18.25,18.97,700
BPOPN,20101112,19.85,19.85,19.85,19.85,0
BRID,20101112,12.15,12.15,11.8,11.8,1500
BRKL,20101112,10.01,10.17,10.01,10.02,238800
BRKR,20101112,15.24,15.35,14.95,15.07,360400
BRKS,20101112,7.71,7.84,7.47,7.58,546500
BRLI,20101112,22.11,22.44,21.84,21.97,300900
BSET,20101112,4.45,4.45,4.35,4.43,9600
BSQR,20101112,4.31,4.7,4.2,4.43,437700
BSRR,20101112,10.72,10.83,10.45,10.45,12400
BUSE,20101112,4.66,4.68,4.58,4.58,65000
BWEN,20101112,16.7,17.4,16.6,16.9,522400
BYFC,20101112,2.85,2.85,2.44,2.56,2700
CAAS,20101112,16,16.22,15.25,15.78,325800
CAC,20101112,36.94,36.95,36.51,36.51,5100
CACC,20101112,59.2,59.52,59,59.04,20200
CAKE,20101112,29.56,29.77,29.06,29.41,789900
CALM,20101112,15.45,15.565,15.215,15.24,73700
CAMP,20101112,2.58,2.62,2.55,2.56,27300
CAMT,20101112,2.43,2.5,2.43,2.43,7900
CARV,20101112,3.77,4.2,3.39,3.4,38500
CASA,20101112,1.73,1.95,1.73,1.94,900
CASH,20101112,4.6333,4.6333,4.5,4.5667,5200
CASS,20101112,35.57,36.16,35.25,35.9,19400
CASY,20101112,39.19,39.9,39.19,39.75,549500
CATY,20101112,14.66,14.75,14.29,14.3,647200
CBAN,20101112,4.57,4.57,4.57,4.57,0
CBNK,20101112,11.66,12.13,11.66,11.82,2900
CBRL,20101112,55.26,55.49,54.66,54.94,105700
CBSH,20101112,38.19,38.21,37.68,37.74,379600
CCBG,20101112,12.15,12.4,12.15,12.37,8300
CCMP,20101112,39.64,40.38,39.64,40,165500
CCNE,20101112,14.85,15.1,14.74,15.01,12100
CCOI,20101112,11.6,11.74,11.34,11.5,92100
CCRN,20101112,7.04,7.22,6.98,7.09,62800
CDNS,20101112,8.38,8.46,8.21,8.32,2339500
CDXS,20101112,11.01,11.01,10.38,10.38,90100
CDZI,20101112,10.68,10.84,10.5,10.83,41100
CECE,20101112,5.12,5.3,5.04,5.29,96100
CELH,20101112,0.95,0.95,0.9,0.92,129100
CENT,20101112,10.58,10.65,10.45,10.46,54000
CENTA,20101112,10.64,10.8,10.55,10.56,146000
CENX,20101112,14.68,14.83,14.31,14.44,2078000
CERN,20101112,21.88,22.03,21.5225,21.68,398500
CERS,20101112,2.58,2.6,2.52,2.55,321800
CEVA,20101112,21.07,21.36,20.86,21.21,214900
CFBK,20101112,24.75,24.75,24.75,24.75,2000
CFFI,20101112,20.59,20.98,20.22,20.49,800
CFFN,20101112,23.8,23.85,23.5,23.5,97600
CGEN,20101112,4.4,4.4,4.28,4.28,42000
CGNX,20101112,7.1775,7.2825,7.045,7.0825,117800
CHCI,20101112,1.36,1.36,1.27,1.33,30200
CHCO,20101112,33.42,33.86,33.2,33.32,24600
CHDN,20101112,12.6067,12.7633,12.4967,12.5033,24200
CHKP,20101112,43.33,43.6,42.94,43.2,969800
CHNG,20101112,6.59,6.69,6.11,6.13,449300
CHNR,20101112,15.51,15.76,14.6,14.65,52400
CHRS,20101112,3.69,3.74,3.53,3.54,758000
CHRW,20101112,71.33,71.7,70.72,71.2,834500
CHSCP,20101112,28.95,29.05,28.69,29,24100
CHTR,20101112,35.95,35.99,35.08,35.83,38700
CIDM,20101112,16.3,17.8,16.3,16.8,40200
CINF,20101112,29.94,29.96,29.7,29.77,679000
CIZN,20101112,18.8,18.8,18.8,18.8,200
CJJD,20101112,5.9,5.9,5.55,5.77,46100
CLDX,20101112,66,66,63.9,65.1,216600
CLFD,20101112,2.98,3,2.86,2.88,30900
CLMT,20101112,21.54,21.6,20.92,21.02,106100
CLNE,20101112,14.45,14.55,14.15,14.21,1288500
CLRO,20101112,3.75,3.76,3.41,3.45,13200
CLSN,20101112,3.05,3.05,2.94,2.97,190300
CLWT,20101112,5.0967,5.0967,5.0233,5.06,24100
CMCO,20101112,17.54,17.58,17.21,17.33,24300
CMCSA,20101112,10.23,10.365,10.175,10.215,16110000
CME,20101112,58.296,58.518,57.472,57.844,396600
CMLS,20101112,28.88,29.68,28.64,28.72,71100
CMTL,20101112,30.4,30.95,30.06,30.06,228000
CNBKA,20101112,23.64,23.64,23.1,23.37,6600
CNET,20101112,4.32,4.33,4.13,4.33,11500
CNOB,20101112,7.93,8.07,7.93,8,4100
CNSL,20101112,18.6,18.72,18.53,18.58,96700
CNTY,20101112,2.38,2.4,2.3,2.35,23400
COCO,20101112,4.14,4.26,4.14,4.22,3070800
COGT,20101112,10.49,10.5,10.48,10.48,441200
COHR,20101112,42.51,43.09,42.1,42.39,63900
COHU,20101112,14.83,15.14,14.1,14.31,81500
COIN,20101112,0.42,0.43,0.36,0.38,3515600
COKE,20101112,55.67,56.19,54.4,56.04,32400
COLB,20101112,18.99,18.99,18.26,18.27,198000
COLM,20101112,26.3,26.5,26.095,26.4,135700
CONN,20101112,3.95,4.07,3.95,3.98,92300
COOL,20101112,27.3,27.72,26.46,27.3,900
CORT,20101112,3.44,3.59,3.41,3.51,63800
COST,20101112,64.88,65.7,64.65,65.2,3703100
COWN,20101112,4.21,4.38,4.2,4.32,125500
CPHC,20101112,11.76,12.73,11.76,12.73,3000
CPIX,20101112,7.5,7.5,6.31,6.51,121300
CPLP,20101112,8.57,8.66,8.52,8.59,99400
CPRT,20101112,8.7675,8.795,8.69,8.7175,302800
CPRX,20101112,1.08,1.12,1.08,1.1,6500
CPSI,20101112,48.04,48.27,47.95,48.17,67600
CPSS,20101112,0.82,0.82,0.82,0.82,0
CRAI,20101112,20.41,20.41,19.45,19.51,27700
CREG,20101112,330,337,320,321,26900
CRESW,20101112,0.29,0.29,0.21,0.22,21300
CRESY,20101112,18.44,18.44,17.61,17.9,282700
CRIS,20101112,7.9,8.05,7.8,8,176300
CRMT,20101112,29.05,29.41,28.8,28.81,39700
CRNT,20101112,10.91,11.06,10.91,10.98,133000
CROX,20101112,16.09,16.23,15.53,15.65,2986300
CRTX,20101112,6.33,6.33,6.23,6.3,45100
CRUS,20101112,13,13.19,12.66,12.78,4631400
CRVL,20101112,23.62,23.75,23.445,23.455,12600
CRWS,20101112,5.24,5.33,5.23,5.25,1800
CSCO,20101112,20.62,20.67,20.03,20.15,234765300
CSGP,20101112,51.56,52.3,51.56,51.94,60100
CSGS,20101112,19.89,20.05,19.59,19.63,90200
CSII,20101112,8.51,8.8,8.51,8.75,67300
CSIQ,20101112,14.52,15.11,14.01,14.16,1629100
CSPI,20101112,4.39,4.41,4.24,4.39,2300
CSTR,20101112,62.1,64.25,60.84,61.41,1207700
CSWC,20101112,25.3,25.3675,25.1,25.1,4100
CSX,20101112,20.1133,20.4533,20.03,20.2833,3719200
CTAS,20101112,27.31,27.49,27.06,27.22,937400
CTBI,20101112,28.15,28.24,27.94,27.98,14400
CTHR,20101112,2.25,2.25,2.19,2.2,19600
CTIB,20101112,6.63,6.63,6.35,6.47,24100
CTIC,20101112,19.5,19.5,19,19.5,1344900
CTRN,20101112,20.78,21.15,20.59,20.83,121000
CTSH,20101112,31.595,31.835,31.05,31.615,2144500
CTXS,20101112,52.4841,53.1768,51.043,51.5844,2536700
CUBA,20101112,6.94,6.94,6.84,6.85,2700
CUTR,20101112,7.27,7.32,7.25,7.29,50100
CVBF,20101112,8.47,8.48,8.34,8.36,450000
CVCO,20101112,36.45,36.45,35.04,35.56,19900
CVCY,20101112,5.75,5.75,5.63,5.65,2700
CVGI,20101112,14.97,14.97,14.19,14.24,184400
CVGW,20101112,22.75,22.92,22.26,22.61,22200
CVLT,20101112,29.52,29.9,29,29.12,219400
CVLY,20101112,9.25,9.25,9,9,1300
CVV,20101112,7.68,7.94,7.52,7.84,5500
CWBC,20101112,3.25,3.25,3.25,3.25,0
CWCO,20101112,9.37,9.52,9.2,9.29,87700
CWST,20101112,4.63,4.72,4.6,4.66,44000
CXDC,20101112,5.66,5.74,5.47,5.62,179400
CYAN,20101112,2.43,2.46,2.28,2.33,5700
CYBE,20101112,7.3,7.3,7.19,7.26,5200
CYCC,20101112,2839.2,2923.2,2704.8,2805.6,1263700
CYCCP,20101112,3.97,3.97,3.97,3.97,100
CYTK,20101112,13.98,14.16,13.56,13.56,118500
CZNC,20101112,15.48,15.6,15.34,15.35,14600
CZWI,20101112,4.24,4.39,4.18,4.18,3900
DAIO,20101112,5.44,5.52,5.44,5.52,3200
DAKT,20101112,11.62,11.89,11.38,11.43,109600
DCOM,20101112,14.69,14.76,14.38,14.39,125800
DCTH,20101112,2611.2,2672.64,2496,2577.92,1480200
DDMX,20101112,21.07,21.17,21.07,21.08,35100
DENN,20101112,3.5,3.55,3.47,3.51,418000
DGICA,20101112,14.7,14.85,14.58,14.59,6300
DGICB,20101112,16.71,16.71,16.71,16.71,0
DGII,20101112,10.04,10.41,10.04,10.08,76800
DGLY,20101112,1.67,1.67,1.58,1.6,96100
DHIL,20101112,81.04,81.5,79.99,79.99,9400
DIOD,20101112,23.18,23.64,22.86,23.16,442400
DISCA,20101112,40.51,40.82,40.22,40.4,1705300
DISCK,20101112,17.715,17.825,17.53,17.575,612800
DISH,20101112,19.62,19.87,19.5,19.5,2027600
DJCO,20101112,71.5,71.5,71.5,71.5,0
DLTR,20101112,26.875,26.95,26.535,26.775,1222700
DMLP,20101112,27.95,28.85,27.26,27.72,65000
DMRC,20101112,27.27,28.29,27.27,27.9,46800
DORM,20101112,20.125,20.135,18.675,18.97,108600
DRIV,20101112,37.08,37.34,36.38,36.76,412800
DRRX,20101112,2.65,2.75,2.65,2.67,170900
DSGX,20101112,6.9,6.93,6.74,6.93,15600
DSPG,20101112,7.87,8.04,7.76,7.77,33400
DSWL,20101112,3.42,3.44,3.2,3.2,17600
DVAX,20101112,20.7,21,19.7,19.8,665200
DWSN,20101112,27.02,27.44,26.88,27.25,50400
DXCM,20101112,11.8,11.97,11.66,11.71,388100
DXPE,20101112,20.76,21,20.33,20.87,41200
DXYN,20101112,3.73,3.75,3.58,3.58,1200
DYNT,20101112,3.4,3.4,3.2,3.4,1300
EBAY,20101112,12.8842,12.9684,12.6653,12.6905,16160000
EBIX,20101112,23.39,23.62,21.58,21.72,2198000
EBMT,20101112,9.99,9.99,9.99,9.99,100
EBSB,20101112,4.2443,4.2974,4.232,4.2443,7500
EBTC,20101112,11.4,11.56,11.36,11.36,4200
ECHO,20101112,10.04,10.36,9.92,10.21,225700
ECOL,20101112,16.18,16.42,16.01,16.03,50500
ECPG,20101112,19.4,19.47,18.65,18.73,42300
EDAP,20101112,3.09,3.71,3.05,3.27,1617400
EDUC,20101112,3.22,3.325,3.175,3.225,1800
EEFT,20101112,17.44,17.8,17.44,17.63,224800
EFOI,20101112,5.85,6.65,5.45,5.6,783300
EFSC,20101112,10.72,10.83,10.6,10.6,15800
EGBN,20101112,12.6,12.86,12.36,12.37,72700
EGLE,20101112,56952,57153.6,55137.6,55540.8,1502300
EHTH,20101112,14.38,14.69,14.38,14.47,113700
ELSE,20101112,4.11,4.11,4.1,4.1,1200
ELTK,20101112,1.12,1.25,1.12,1.19,12100
EMCF,20101112,16.15,16.15,16.15,16.15,0
EMIF,20101112,34.02,34.02,33.5,33.65,48600
EMKR,20101112,4.92,5.12,4.8,5,447400
ENDP,20101112,35.31,35.75,35.31,35.71,1079300
ENG,20101112,2.81,2.84,2.77,2.8,26900
ENSG,20101112,10.615,10.805,10.615,10.685,70800
ENTG,20101112,6.04,6.22,5.93,6.09,1534400
EPAY,20101112,19.04,19.2,18.75,18.97,228900
EQIX,20101112,85.02,85.29,82.7,83.78,1092500
ERES,20101112,6.96,7.05,6.79,6.79,170500
ERIC,20101112,10.23,10.28,10.08,10.14,9207400
ERIE,20101112,60.14,61.23,60.14,60.33,26300
ERII,20101112,3.72,3.75,3.57,3.58,201200
ESBK,20101112,16.5,16.89,15.93,16.25,4900
ESCA,20101112,4.79,4.9,4.79,4.9,3300
ESEA,20101112,33.2,33.2,32,32.16,16300
ESGR,20101112,81.69,82.15,80.96,81.4,15600
ESLT,20101112,50.02,50.24,49.56,49.82,9700
ESSA,20101112,12.79,13,12.79,12.91,13400
EUFN,20101112,22.65,22.8,22.54,22.55,4200
EVK,20101112,2.08,2.37,2.08,2.3,16900
EVOL,20101112,7.9,7.9,7.76,7.82,20900
EWBC,20101112,18.34,18.36,17.83,17.9,807700
EXAS,20101112,6.15,6.16,5.88,5.99,1252000
EXEL,20101112,4.45,4.47,4.26,4.26,1185700
EXLS,20101112,20.62,21,20.53,20.79,29700
EXPD,20101112,51.56,51.75,50.71,51.09,1583300
EXPE,20101112,27.13,27.27,26.36,26.66,3778900
EXPO,20101112,8.58,8.695,8.52,8.6375,16000
EXTR,20101112,2.9,2.95,2.87,2.91,234200
EZPW,20101112,25.23,25.58,25.18,25.19,395600
FARM,20101112,16.87,16.98,16.71,16.82,5400
FARO,20101112,28.64,28.82,28.01,28.44,42800
FAST,20101112,13.2675,13.2875,12.9675,13.0825,739200
FBIZ,20101112,12,12.75,12,12.65,1700
FBMS,20101112,9.54,9.54,9.54,9.54,0
FBNC,20101112,13.87,13.9,13.59,13.74,21400
FCAL,20101112,2.65,2.72,2.65,2.68,8900
FCAP,20101112,15.7,15.7,15.7,15.7,500
FCBC,20101112,13.75,14.11,13.73,13.85,22900
FCCO,20101112,5.05,5.05,5.05,5.05,0
FCCY,20101112,7.54,7.54,7.54,7.54,0
FCEL,20101112,204.48,214.56,198.72,201.6,1486900
FCFS,20101112,30.16,30.32,29.82,29.82,102400
FCNCA,20101112,185.06,187.06,182.95,182.95,6100
FEIM,20101112,5.78,5.92,5.68,5.81,12900
FELE,20101112,18.125,18.435,17.945,17.995,53500
FFBC,20101112,17.73,17.81,17.51,17.53,137600
FFHL,20101112,1.97,2.18,1.91,2.18,29200
FFIC,20101112,13.89,13.89,13.67,13.71,53700
FFIN,20101112,8.205,8.2734,8.15,8.1534,26000
FFIV,20101112,123.21,127.95,121.11,123.86,2983000
FFNW,20101112,3.26,3.56,3.21,3.47,66900
FIBK,20101112,14,14.48,13.86,14.21,102200
FISI,20101112,18.28,18.31,18.14,18.17,6100
FISV,20101112,13.835,13.905,13.71,13.7875,797400
FITB,20101112,13.17,13.17,12.71,12.87,10157000
FITBP,20101112,136,136,134,134,500
FIZZ,20101112,14,14.49,14,14.14,18500
FLEX,20101112,6.81,6.92,6.68,6.75,7720000
FLIC,20101112,17.7733,17.9133,17.6467,17.6467,5600
FLWS,20101112,2.02,2.13,2,2.08,229500
FLXS,20101112,15.41,15.84,15.11,15.11,8400
FMBI,20101112,10.64,10.7,10.42,10.43,356200
FNLC,20101112,14.38,14.43,14.18,14.35,9000
FOLD,20101112,4.33,4.45,4.11,4.45,54800
FONR,20101112,1.04,1.08,1.02,1.02,72400
FORD,20101112,3.54,3.55,3.45,3.45,18200
FORM,20101112,10.33,10.65,9.98,10.11,525800
FORR,20101112,34.3,35.23,34.3,34.71,76300
FORTY,20101112,15.65,15.7,15.25,15.25,14400
FOSL,20101112,68.2,68.98,66.97,67.74,902200
FRBK,20101112,2.14,2.14,2.09,2.1,39000
FREE,20101112,144000000,144000000,138000000,138000000,30900
FRME,20101112,8.82,9.02,8.72,8.88,41700
FRPT,20101112,5,5.04,4.92,4.99,506000
FSFG,20101112,14.65,14.65,14.65,14.65,200
FSII,20101112,2.98,3,2.87,2.9,392200
FSLR,20101112,139.65,142.42,137.7,138.39,1493900
FSTR,20101112,34.27,34.96,33.46,33.97,47300
FTEK,20101112,6.78,6.96,6.65,6.67,112100
FTNT,20101112,15.095,15.5,15.005,15.16,381400
FULT,20101112,9.09,9.14,8.98,9.06,774800
FUNC,20101112,4.54,4.6,4.5,4.5,5500
FUND,20101112,7.12,7.18,7.05,7.08,23400
FWRD,20101112,27.12,27.52,27.08,27.22,90800
GABC,20101112,11.86,12.12,11.7667,11.82,7200
GAIA,20101112,6.97,7.32,6.91,6.95,47400
GAIN,20101112,7.4,7.64,7.4,7.51,68300
GALT,20101112,4.32,4.32,4.2,4.2,158600
GAME,20101112,6.23,6.38,6.21,6.26,589700
GASS,20101112,4.92,5.05,4.92,5.02,23200
GBCI,20101112,13.35,13.5,13.34,13.34,719200
GBDC,20101112,15.66,16.52,15.66,16.24,46700
GBLI,20101112,18.85,19.16,18.48,18.72,19200
GCBC,20101112,8.86,8.86,8.75,8.75,900
GENC,20101112,4.8067,4.8067,4.6867,4.6867,1000
GENE,20101112,16,16,16,16,0
GERN,20101112,6.02,6.04,5.82,5.86,1293400
GFED,20101112,4.79,4.79,4.78,4.79,1800
GGAL,20101112,15.91,16.1,15.16,15.21,964800
GIFI,20101112,25.4,25.58,24.76,24.78,52800
GIGM,20101112,8.35,8.4,8.2,8.2,442800
GIII,20101112,13.255,13.365,12.805,12.96,224900
GILD,20101112,19.25,19.35,18.82,18.9,12112700
GILT,20101112,4.98,5.09,4.97,5.07,16400
GLAD,20101112,11.4,11.62,11.4,11.4,51600
GLBL,20101112,6.36,6.41,6.05,6.1,909300
GLBZ,20101112,8.5,8.59,8.45,8.46,700
GLDD,20101112,7.13,7.2,6.96,7.1,478200
GLNG,20101112,13.95,14.12,13.87,13.96,103700
GLRE,20101112,29.1,29.19,28.72,28.75,47900
GNOM,20101112,8.01,8.01,7.12,7.69,260000
GNTX,20101112,10.745,10.775,10.545,10.62,1140300
GOOD,20101112,18.48,18.74,18.48,18.51,15600
GOODO,20101112,24.5,24.5,24.5,24.5,900
GOOG,20101112,306.995,308.45,300.605,301.645,3395200
GPRE,20101112,11.47,11.5,10.92,11.16,272400
GPRO,20101112,49.4,49.87,48.98,49.07,396100
GRID,20101112,30.88,30.88,30.28,30.44,2200
GRMN,20101112,29.25,29.71,29.17,29.66,1717100
GROW,20101112,8.63,8.78,8.34,8.4,90100
GRVY,20101112,6.8,7,6.76,7,11300
GSBC,20101112,22.75,23.06,22.43,22.49,13400
GSIT,20101112,6.95,7.01,6.78,6.93,165200
GSM,20101112,17,17.06,16.57,16.59,1798300
GT,20101112,10.2,10.3,10,10.1,4074000
GTEC,20101112,13.14,13.25,12.48,12.85,27400
GTIM,20101112,0.75,0.75,0.75,0.75,0
GYRO,20101112,78,78.04,78,78.04,300
HA,20101112,6.97,7.08,6.92,7.01,228000
HAFC,20101112,1.16,1.16,1.08,1.12,1688600
HAIN,20101112,13.005,13.16,12.815,12.915,367800
HALL,20101112,8.51,8.59,8.4,8.5,54400
HALO,20101112,7.09,7.4,7.09,7.18,363500
HAS,20101112,47,47.24,46.5,46.82,518600
HAYN,20101112,36.67,37.4,36.29,36.93,35600
HBAN,20101112,6.08,6.13,5.9,5.9,11854500
HBANP,20101112,1090,1090,1090,1090,100
HBCP,20101112,13.54,13.56,13.32,13.46,11200
HBIO,20101112,4.05,4.05,3.86,3.86,91400
HBNC,20101112,4.9245,4.9245,4.9245,4.9245,100
HCCI,20101112,10.04,10.04,10,10,300
HCII,20101112,8.36,8.64,8.1,8.16,2600
HCIIW,20101112,0.63,0.63,0.63,0.63,0
HCKT,20101112,3.61,3.66,3.54,3.56,215300
HCSG,20101112,16.16,16.22,16,16.0533,148100
HDSN,20101112,1.69,1.7,1.63,1.65,84000
HEES,20101112,10.58,10.64,10.37,10.43,69400
HELE,20101112,25.01,25.27,24.51,24.53,89000
HERO,20101112,3.04,3.08,2.91,2.93,2862000
HFWA,20101112,15.18,15.4,15.06,15.19,4300
HGSH,20101112,6.76,7.8,6.76,7.8,1000
HIBB,20101112,26.92,27.29,26.43,26.47,233400
HIFS,20101112,41.25,41.25,41.25,41.25,0
HIHO,20101112,3.91,4.21,3.81,4.02,55200
HIMX,20101112,2.21,2.23,2.2,2.2,186800
HLIT,20101112,6.67,6.85,6.65,6.65,839400
HMNF,20101112,2.93,3.05,2.9,2.95,2500
HNRG,20101112,11.96,12.2,11.96,12.14,3700
HOFT,20101112,11.32,11.45,11.03,11.03,27300
HOLI,20101112,13.55,13.8,13.55,13.62,289500
HOLX,20101112,17.31,17.31,16.68,16.76,2797400
HOMB,20101112,5.315,5.355,5.26,5.3125,61000
HOOK,20101112,7.4,7.4,6.88,6.9,39500
HOVNP,20101112,6.6,6.6,6.15,6.2,2300
HRZN,20101112,14.02,14.76,14.02,14.5,109700
HSIC,20101112,57.09,57.42,56.62,57.1,437200
HSII,20101112,22.52,22.69,22.16,22.2,52700
HSKA,20101112,0.44,0.49,0.44,0.44,63800
HSTM,20101112,6.72,6.87,6.59,6.63,40700
HTBK,20101112,3.9,3.9,3.8,3.8,14900
HTHT,20101112,6.0075,6.0075,5.45,5.475,395800
HTLD,20101112,14.98,15.18,14.85,15.04,414900
HTLF,20101112,17.05,17.18,16.97,16.98,24700
HUBG,20101112,32.52,33.1,32.5,32.7,182100
HURC,20101112,19.2,19.32,19.03,19.25,7800
HURN,20101112,21.59,21.97,21.47,21.72,63500
HWBK,20101112,9.3,9.3,9.3,9.3,100
HWKN,20101112,39.03,39.79,38.26,38.92,27300
IART,20101112,21.4,21.6,21.265,21.345,108600
IBB,20101112,87.46,87.92,86.76,87.15,525200
IBCP,20101112,1.43,1.47,1.29,1.35,138500
IBKR,20101112,18.5,18.92,18.46,18.5,341500
IBOC,20101112,18.55,19.34,18.38,18.46,197200
ICAD,20101112,1.43,1.46,1.33,1.36,98700
ICCC,20101112,2.76,2.95,2.76,2.95,4000
ICFI,20101112,26.18,26.72,26.16,26.42,32700
ICLK,20101112,5.64,5.74,5.43,5.71,162300
ICLN,20101112,16.58,16.74,16.33,16.39,19900
ICLR,20101112,20.46,20.46,20.18,20.24,113000
ICUI,20101112,36.02,36.75,36.02,36.47,27200
IDCC,20101112,34.31,35,33.43,33.46,1404900
IDRA,20101112,22.56,22.8,22.24,22.8,69300
IDXX,20101112,31.75,31.935,31.46,31.55,207400
IESC,20101112,3.51,3.55,3.46,3.52,6500
IFGL,20101112,32.06,32.09,31.65,31.78,130300
IGOV,20101112,105.02,105.3,104.62,104.62,4600
III,20101112,2.12,2.12,1.97,2.07,71600
IIIIU,20101112,3.35,3.75,2.45,2.5,60000
IIIIW,20101112,0.01,0.01,0.01,0.01,214800
IIN,20101112,4.45,4.45,4.45,4.45,0
IIVI,20101112,19.91,20.195,19.65,19.705,103600
IKNX,20101112,7.53,7.53,7.53,7.53,0
ILMN,20101112,56.56,57.04,55.75,56.52,692900
IMGN,20101112,7.74,7.89,7.55,7.66,480700
IMKTA,20101112,19.51,19.69,19.01,19.4,29700
IMMR,20101112,5.65,5.79,5.65,5.65,150900
IMOS,20101112,1.3,1.3,1.27,1.3,71000
INCY,20101112,16.15,16.42,15.94,16.07,1368200
INDB,20101112,25,25.66,24.76,25.32,33000
INDY,20101112,31.32,31.36,30.66,30.83,164100
INFI,20101112,6.6,6.66,6.48,6.48,16900
INFN,20101112,8.5,8.6,8.14,8.15,1576900
INMD,20101112,4.15,4.18,4.145,4.175,58500
INOD,20101112,3.14,3.15,3.1,3.13,36800
INSM,20101112,0.72,0.73,0.71,0.72,91500
INTC,20101112,21.44,21.81,21.33,21.53,100662100
INTG,20101112,25.01,25.37,25.01,25.36,1700
INTU,20101112,48.46,48.57,47.71,48.04,2669000
INVE,20101112,25,25,23.6,24,29600
IOSP,20101112,19.7,20.03,19.46,19.85,60000
IPAR,20101112,17.99,18.24,17.79,17.99,67300
IPGP,20101112,25.95,26.48,25.68,26.18,215900
IRBT,20101112,21,21.3,20.57,20.82,105100
IRDM,20101112,9,9.15,8.97,9.13,602300
IRIX,20101112,3.74,3.74,3.67,3.69,700
IRWD,20101112,10.8,10.97,10.75,10.88,124200
ISBC,20101112,4.8549,4.9333,4.8353,4.8824,133900
ISHG,20101112,105.14,105.38,105.04,105.24,3500
ISIG,20101112,6.53,6.88,6.53,6.8,13000
ISLE,20101112,8.61,8.68,8.26,8.52,143200
ISRG,20101112,90.7067,90.7767,88.3833,89.2267,449600
ISSC,20101112,5.43,5.48,5.38,5.43,3600
ITIC,20101112,31.42,31.42,31.42,31.42,0
ITRI,20101112,59.91,60.64,58.8,59.61,281300
ITRN,20101112,15.5,15.7,15.3,15.38,17700
IVAC,20101112,12.3,12.49,12.22,12.3,124000
JACK,20101112,23.57,23.76,22.93,23.06,772600
JAKK,20101112,192,195.6,192,193.8,166100
JAZZ,20101112,14.77,15.23,14.77,15.05,464000
JBHT,20101112,36.76,36.99,36.42,36.7,573900
JBLU,20101112,6.78,6.89,6.75,6.81,3104900
JBSS,20101112,12.73,12.87,12.56,12.56,12200
JCS,20101112,14.1,14.82,13.8,13.9,29900
JCTCF,20101112,2.085,2.2025,2.0625,2.2025,301800
JJSF,20101112,42.59,42.65,42.06,42.26,23600
JKHY,20101112,27.64,27.96,27.51,27.61,434300
JOBS,20101112,23.765,24.485,23.335,23.535,242300
JOUT,20101112,14.26,14.54,14.26,14.26,1500
JRJC,20101112,81.1,82.6,81.1,82.6,44000
JVA,20101112,4.16,4.16,3.95,3.95,1500
KALU,20101112,46.91,47.23,45.52,45.66,60500
KELYA,20101112,17.84,18.1,17.42,17.54,254300
KELYB,20101112,17.92,17.94,17.92,17.94,300
KEQU,20101112,11.82,11.82,11.79,11.79,2000
KFFB,20101112,9.45,9.45,9.45,9.45,0
KFRC,20101112,15.34,15.52,15.24,15.4,155100
KINS,20101112,3.1,3.1,3.1,3.1,0
KIRK,20101112,12.85,12.95,12.37,12.38,183300
KLAC,20101112,36.53,37.27,36.12,36.68,2087200
KLIC,20101112,6.15,6.25,5.85,5.95,3541500
KNDI,20101112,6.27,6.27,5.58,5.84,468100
KOPN,20101112,3.74,3.82,3.73,3.77,266700
KOSS,20101112,5.45,5.45,5.31,5.42,7100
KRNY,20101112,8.7,8.73,8.59,8.62,16200
KTCC,20101112,6.2,6.23,5.92,5.94,108700
KTOS,20101112,11.2,11.35,10.87,10.94,57700
KVHI,20101112,13.81,14.12,13.77,13.87,35600
LAKE,20101112,9.56,9.65,9.42,9.42,900
LAMR,20101112,33.05,33.62,32.6,33.12,377000
LANC,20101112,50.44,51.2,50.44,50.57,53800
LARK,20101112,15.6,15.6,15.6,15.6,0
LAWS,20101112,22.12,22.19,21.78,21.78,14200
LBAI,20101112,10.28,10.39,10.2,10.3,25600
LBTYA,20101112,19.4379,19.6065,19.0802,19.1569,1411400
LBTYB,20101112,39.63,39.63,39.63,39.63,300
LBTYK,20101112,35.87,36.3,35.34,35.52,313900
LCUT,20101112,15.08,15.08,14.75,15.02,28100
LECO,20101112,30.73,31.055,30.34,30.445,171000
LFUS,20101112,44.15,44.95,44.01,44.01,69600
LGND,20101112,9.48,9.66,9.36,9.54,332600
LHCG,20101112,27.51,27.77,27.18,27.28,71200
LIFE,20101112,705.88,713.3,700.56,705.74,1230300
LINC,20101112,15.57,15.79,14.89,14.91,198200
LIVE,20101112,1.99,1.99,1.8433,1.9167,8800
LKFN,20101112,13.8067,14.0067,13.8067,13.9667,43000
LLNW,20101112,7.8,7.96,7.5,7.64,2119100
LMAT,20101112,6.25,6.44,6.25,6.37,47100
LMNR,20101112,23.13,24.7,22.74,24.27,17200
LNDC,20101112,6.3,6.33,6.27,6.28,121800
LOAN,20101112,1.44,1.44,1.44,1.44,1400
LOGC,20101112,0.87,0.87,0.72,0.84,500
LOGI,20101112,20.64,20.95,20.3,20.47,1522200
LOOP,20101112,11.75,11.95,11.66,11.68,107600
LOPE,20101112,18.24,18.59,18.21,18.22,368800
LORL,20101112,63.96,65.86,63.96,65,61800
LPSN,20101112,9.4,9.6,9.23,9.5,644100
LPTH,20101112,2.45,2.45,2.34,2.44,45900
LQDT,20101112,15.85,16.04,15.6,15.92,104300
LRCX,20101112,45.24,46.19,44.61,45.31,1812900
LSBK,20101112,8,8,8,8,0
LSCC,20101112,4.48,4.54,4.46,4.49,1517900
LSTR,20101112,37.72,38.01,37.54,37.9,385200
LTBR,20101112,325.8,332.4,318,330,31900
LTRX,20101112,3.15,3.33,3.03,3.33,17800
LULU,20101112,23.885,24.105,23.385,23.71,763700
LUNA,20101112,1.96,1.96,1.79,1.79,29800
LWAY,20101112,9.92,10,9.69,9.69,17100
LXRX,20101112,10.36,10.99,10.36,10.43,582200
LYTS,20101112,8.94,8.96,8.52,8.85,87700
MANH,20101112,7.54,7.665,7.45,7.62,86600
MANT,20101112,40.09,40.6,40,40.13,193500
MARPS,20101112,21.14,22.4,20.7,20.98,2900
MASI,20101112,29.59,30.06,29.27,29.39,341300
MAT,20101112,23.91,24,23.52,23.69,3741200
MATW,20101112,33.16,34.1,32.51,33.38,171400
MAYS,20101112,13.05,13.05,13.05,13.05,200
MBWM,20101112,5.71,6,5.49,5.61,22700
MCBC,20101112,1.94,1.97,1.87,1.97,13800
MCHP,20101112,16.695,16.91,16.585,16.775,2352100
MCHX,20101112,6.46,6.6,6.45,6.52,95300
MCRI,20101112,11.63,11.79,11.54,11.54,9000
MDRX,20101112,18.2,18.52,18.15,18.35,8786800
MELI,20101112,57.56,60.27,57.53,58.33,831800
MEOH,20101112,29.33,29.33,28.24,28.4,423600
MERC,20101112,6.71,6.76,6.35,6.4,279800
MGEE,20101112,27.6,27.96,27.6,27.6733,33700
MGIC,20101112,4.25,4.79,4.19,4.57,900000
MGLN,20101112,48.78,49.24,48.72,48.8,235100
MGPI,20101112,9.18,9.26,9.07,9.09,33700
MGRC,20101112,27.43,28.22,27.43,27.71,126800
MGYR,20101112,3.47,3.47,3.47,3.47,0
MHLD,20101112,7.78,7.84,7.65,7.68,206800
MIDD,20101112,25.3167,25.7667,25.11,25.7233,131200
MIND,20101112,8.94,8.97,8.59,8.68,19200
MKSI,20101112,20.84,21.04,20.52,20.55,314600
MKTX,20101112,18.31,18.56,18.29,18.46,191200
MLAB,20101112,25.75,25.75,25.15,25.27,1700
MLHR,20101112,20.27,20.54,19.95,20.17,204300
MLVF,20101112,6.5,6.5,6.5,6.5,0
MMLP,20101112,35.76,35.76,35.12,35.4,70200
MMSI,20101112,12.08,12.4,12.024,12.336,241500
MMYT,20101112,38.25,39.6,37.09,38.15,591300
MNDO,20101112,2.24,2.29,2.16,2.19,37200
MNKD,20101112,27.7,29.2,27.5,29.2,1660900
MNOV,20101112,5.5,5.75,5.25,5.25,2300
MNRO,20101112,32.7867,33.3333,32.54,32.5533,94000
MNST,20101112,8.275,8.4,8.2233,8.3583,619700
MNTX,20101112,2.86,2.93,2.72,2.75,50400
MOFG,20101112,14.95,14.95,14.77,14.77,3900
MORN,20101112,49.4,49.74,49.01,49.12,40900
MOSY,20101112,880,896,880,888,41700
MOVE,20101112,9.36,9.44,9.16,9.2,277900
MPAA,20101112,11.95,11.97,11.8,11.94,50600
MPAC,20101112,5.1,5.1,4.8,4.85,4900
MPB,20101112,6.75,6.75,6.75,6.75,0
MPWR,20101112,15.89,16.29,15.88,16.01,421100
MRCY,20101112,16.7,16.76,16.15,16.47,120200
MRLN,20101112,12.24,12.51,11.86,11.86,10700
MRNA,20101112,1.87,1.89,1.82,1.88,107200
MRTN,20101112,9.7822,9.9155,9.7689,9.8578,51200
MRVL,20101112,19.96,20.37,19.47,19.83,13654000
MSEX,20101112,17.71,17.85,17.58,17.59,23200
MSFT,20101112,26.47,26.52,26.1,26.27,64962100
MSON,20101112,2.45,2.48,2.36,2.36,2200
MSTR,20101112,89.28,89.71,87.72,88.48,61200
MTEX,20101112,19.2,19.5,18.3,18.3,20900
MTRX,20101112,9.68,9.84,9.55,9.6,206200
MU,20101112,7.8,7.86,7.46,7.72,38613300
MVIS,20101112,11.84,12,11.6,11.6,395800
MYGN,20101112,20.83,21.03,20.66,20.69,592400
MYRG,20101112,14.8,15.22,14.49,14.51,78100
NAII,20101112,6.78,6.92,6.76,6.9,10000
NATH,20101112,15.62,15.74,15.59,15.6,1600
NATI,20101112,23.0533,23.3667,23.04,23.2867,262600
NATR,20101112,9.19,9.19,8.71,8.9,17800
NAVI,20101112,3.5,3.54,3.49,3.51,15800
NBIX,20101112,7.22,7.43,7.09,7.11,349900
NBN,20101112,15.9,15.9,13.33,13.33,900
NBTB,20101112,22.93,23.13,22.76,22.88,53700
NCMI,20101112,18.86,19.13,18.74,18.86,175500
NCTY,20101112,180,182.1,180,180.3,23700
NDAQ,20101112,21.55,21.81,21.38,21.51,1446100
NDSN,20101112,39.88,40.12,38.79,38.805,431800
NECB,20101112,6.16,6.16,6.16,6.16,100
NEOG,20101112,18.025,18.305,17.975,17.975,40300
NEPT,20101112,2.05,2.09,1.92,2.09,30500
NEWT,20101112,6.8,6.8,6.8,6.8,0
NFBK,20101112,12.39,12.58,12.39,12.45,22000
NFLX,20101112,24.9414,25.27,24.3,24.7143,4170400
NICE,20101112,32.75,32.8,31.64,31.91,273500
NICK,20101112,10.1,10.1,9.81,10,10800
NKSH,20101112,27.39,27.99,27.11,27.29,7400
NKTR,20101112,13.79,14.06,13.74,13.79,798500
NLTX,20101112,0.7,0.7,0.68,0.68,14300
NNBR,20101112,9.71,9.81,9.36,9.41,67800
NRIM,20101112,17.78,17.83,17.66,17.81,4000
NSEC,20101112,11.5,11.5,11.5,11.5,1200
NSIT,20101112,13.3,13.74,13.3,13.61,285500
NSSC,20101112,1.66,1.67,1.63,1.63,1800
NSYS,20101112,4.32,4.32,4.12,4.12,700
NTAP,20101112,55.11,55.5,52.95,54.11,7338500
NTCT,20101112,23.01,23.32,22.54,22.8,451100
NTES,20101112,8.332,8.384,8.096,8.246,622700
NTGR,20101112,31.03,31.39,30.41,30.44,296000
NTIC,20101112,6.42,6.64,6.42,6.56,1900
NTRS,20101112,50.76,51.37,50.5,50.6,1245800
NTWK,20101112,15.3,15.6,14.7,15.1,932000
NUAN,20101112,16.64,16.71,16.38,16.49,1646600
NURO,20101112,92.16,99.84,92.16,96,32300
NUVA,20101112,25.11,25.31,24.76,24.78,907000
NVAX,20101112,46.6,47.2,44.8,44.8,718900
NVDA,20101112,3.2725,3.42,3.2575,3.315,53563800
NVEC,20101112,48.01,48.36,47.73,47.99,17100
NVMI,20101112,6.87,7,6.76,6.92,138300
NWBI,20101112,10.87,10.95,10.85,10.87,958400
NWFL,20101112,27.97,27.97,27.97,27.97,0
NWLI,20101112,169.66,169.66,166.99,166.99,1300
NWPX,20101112,21.08,21.35,20.44,20.53,34500
NWS,20101112,16.03,16.23,15.9,15.99,2000000
NWSA,20101112,14.4,14.57,14.27,14.35,24997500
NXPI,20101112,12.69,13.08,12.64,12.82,115600
NXST,20101112,5.22,5.23,4.69,4.8,35900
NYMT,20101112,6.31,6.4,6.3,6.34,8500
NYMX,20101112,4.02,4.26,4.01,4.01,18700
OBAS,20101112,7.5,7.55,7.5,7.55,24600
OBCI,20101112,2.07,2.13,2.03,2.08,15300
OCFC,20101112,12.46,13.18,12.34,12.81,53500
ODFL,20101112,18.4533,18.7067,18.3467,18.56,271800
OFIX,20101112,28.46,28.75,28.42,28.44,64100
OFLX,20101112,16.38,18.21,16.38,17.42,43700
OIIM,20101112,6.13,6.27,6.1,6.16,226900
OMAB,20101112,15.09,15.16,15.01,15.01,7200
OMCL,20101112,13.32,13.52,13.1,13.17,189800
OMER,20101112,8.19,8.35,8.15,8.17,46700
OMEX,20101112,23.76,24.12,23.04,23.04,140400
ONCY,20101112,4.92,4.92,4.64,4.85,143600
ONEQ,20101112,100.25,100.46,98.9,99.35,19300
OPEN,20101112,65.18,65.43,64.26,64.4,465300
OPNT,20101112,20.79,20.98,20.13,20.32,168300
OPOF,20101112,10.82,10.82,10.73,10.73,200
ORLY,20101112,59.88,60.25,59.01,59.63,1102200
ORRF,20101112,25.25,25.95,24.96,25.03,20100
OSBC,20101112,1.84,1.9,1.75,1.89,51400
OSIS,20101112,36.48,36.81,35.9,36.22,71500
OSTK,20101112,14.12,14.35,13.95,14.23,118100
OSUR,20101112,4.61,4.69,4.53,4.53,53300
OTEX,20101112,11.0225,11.0325,10.84,10.9625,260000
OTTR,20101112,20.51,20.76,20.5,20.6,78300
OVBC,20101112,19,19,19,19,200
OVLY,20101112,5.6,5.6,5.56,5.6,6900
PAAS,20101112,37.35,37.8,35.75,36.78,2300500
PACB,20101112,12.56,12.56,12,12.25,286200
PACW,20101112,18.55,18.67,17.98,17.99,244900
PANL,20101112,23.5,23.85,23.15,23.32,162200
PATK,20101112,0.8133,0.8133,0.8045,0.8133,3200
PAYX,20101112,27.64,27.93,27.53,27.75,3063600
PBCT,20101112,12.55,12.61,12.47,12.5,2700700
PBHC,20101112,6.86,6.86,6.86,6.86,0
PBIP,20101112,6.05,6.05,6,6,2900
PCAR,20101112,53.5,53.5,52.23,52.82,2043500
PCTI,20101112,6.26,6.35,6.2,6.22,18400
PCYO,20101112,3.55,3.56,3.4,3.54,15700
PDCO,20101112,28.73,28.83,28.4,28.61,1074300
PDEX,20101112,2.22,2.22,2.16,2.2,16800
PDFS,20101112,3.93,4.03,3.93,3.96,94100
PEBK,20101112,5,5.1,4.86,4.9,8300
PEBO,20101112,14.65,14.9,14.46,14.56,7200
PEGA,20101112,15.025,15.045,14.615,14.63,361800
PENN,20101112,35.3,35.55,34.82,34.97,625700
PESI,20101112,7.25,7.25,6.9,7,108700
PETS,20101112,17.2,17.54,16.99,17.14,261900
PFBC,20101112,1.6,1.61,1.6,1.6,90900
PFIN,20101112,2.81,3.5,2.72,2.93,15400
PFSW,20101112,4,4.05,3.88,3.95,22200
PGC,20101112,12.59,12.59,12.18,12.29,10900
PKBK,20101112,8.9091,8.9091,8.9091,8.9091,0
PKOH,20101112,18.51,18.58,17.41,17.41,35200
PLAB,20101112,6.25,6.42,6.16,6.16,585200
PLBC,20101112,2.25,2.27,2.25,2.25,5000
PLCE,20101112,48.1,48.6,46.94,47.24,1216000
PLPC,20101112,45.95,46.48,45.26,45.26,4000
PLUG,20101112,0.49,0.5,0.48,0.48,146900
PLUS,20101112,12.2,12.2,11.65,11.735,30500
PLXS,20101112,29.58,29.79,28.92,29,351200
PMD,20101112,9.08,9.14,8.85,8.93,21400
PNBK,20101112,21.2,21.2,21.2,21.2,0
PNFP,20101112,11.35,11.46,11.16,11.23,108200
PNNT,20101112,11.39,11.59,11.32,11.32,138500
PNQI,20101112,35.18,35.3,34.61,34.77,22600
PNRG,20101112,18.55,20.8,18.55,20.8,4300
PODD,20101112,14.01,14.26,13.62,13.72,265600
POOL,20101112,21.39,21.64,21.34,21.34,161100
POWI,20101112,18.905,19.285,18.89,19.055,364300
POWL,20101112,32.94,33.57,32.92,33.4,35600
PPBI,20101112,5.25,5.39,5.2,5.25,2000
PRAA,20101112,22.2667,22.6667,22.2667,22.4833,117200
PRFT,20101112,11.25,11.41,11.09,11.13,58500
PRFZ,20101112,59.82,59.93,59.07,59.23,29200
PRGS,20101112,25.9933,26.3,25.9533,25.9533,301700
PRIM,20101112,8.46,8.65,8.46,8.47,61800
PROV,20101112,6.89,6.9,6.74,6.86,4800
PRPH,20101112,1.35,1.52,1.25,1.52,65700
PRTS,20101112,8.5,8.54,8.25,8.42,74600
PSEC,20101112,10.28,10.44,10.21,10.23,1054200
PSMT,20101112,31.32,31.89,31.32,31.54,55600
PSTI,20101112,14.9,14.9,13.7,13.9,40700
PTEN,20101112,20.68,20.75,20.15,20.3,2467800
PTIX,20101112,1.68,1.7,1.61,1.65,14400
PTNR,20101112,20.33,20.59,20.31,20.37,115300
PTSI,20101112,10.9,10.95,10.84,10.85,15600
PWOD,20101112,23.1933,23.4933,23.0133,23.0467,1500
PXLW,20101112,3.15,3.3,3.12,3.3,42800
PZZA,20101112,12.865,13,12.79,12.835,105500
QABA,20101112,22.92,22.92,22.92,22.92,0
QCLN,20101112,16.02,16.03,15.64,15.78,2300
QCOM,20101112,47.61,47.73,46.69,47.47,20070300
QCRH,20101112,8.71,8.9,8.5,8.7,4600
QDEL,20101112,12.38,12.52,12.15,12.19,87300
QNST,20101112,17.84,18.38,17.7,18.2,233400
QQEW,20101112,22.85,22.95,22.58,22.7,21000
QQQ,20101112,53.1,53.37,52.11,52.51,99164200
QQQX,20101112,14.05,14.05,13.67,13.71,70400
QQXT,20101112,20.34,20.36,20.08,20.12,12100
QTEC,20101112,24.8,25.01,24.44,24.63,184900
QUIK,20101112,70.7,70.98,68.6,70.7,541500
RADA,20101112,5.2,5.2,5.12,5.12,500
RAIL,20101112,25.38,25.68,25.07,25.25,55800
RAM,20101112,1.71,1.75,1.66,1.72,231300
RAND,20101112,30.69,30.69,30.69,30.69,0
RAVN,20101112,22.2,22.285,21.515,21.58,30800
RBCAA,20101112,21.59,21.59,21.21,21.23,12500
RBCN,20101112,214.8,216.5,208.5,210,472400
RCII,20101112,26.38,26.91,26.04,26.34,554600
RCKY,20101112,9.18,9.18,8.86,9,13100
RCMT,20101112,5.1,5.2,4.9,5.1,13900
RCON,20101112,29.4,29.4,28.65,29.05,2400
RDCM,20101112,10.83,10.83,10.5,10.66,40300
RDI,20101112,5.21,5.21,5,5.11,23900
RDIB,20101112,7.77,7.77,7.77,7.77,0
RDNT,20101112,2.58,2.7,2.54,2.65,80300
RDWR,20101112,16.775,16.86,15.91,16.145,513800
REED,20101112,2.2,2.2,2.1,2.11,33400
REFR,20101112,4.5,4.62,4.32,4.35,36400
REGN,20101112,25.64,25.85,25.04,25.29,579100
RELL,20101112,10.55,10.71,10.5,10.56,74700
RENT,20101112,26.43,26.43,25.73,25.92,18400
RFIL,20101112,3.2,3.29,3.125,3.21,18800
RGCO,20101112,10.2667,10.2667,10.2667,10.2667,0
RGEN,20101112,3.66,3.84,3.66,3.84,37600
RGLD,20101112,52.06,52.5,50.86,51.89,502300
RICK,20101112,7.42,7.45,7.22,7.44,78600
RIGL,20101112,7.56,7.71,7.55,7.58,222500
RMBS,20101112,20.33,20.62,20.18,20.23,745500
RMCF,20101112,9.51,9.57,9.48,9.49,14600
RMTI,20101112,7.77,7.99,7.74,7.97,9400
RNST,20101112,17.61,17.61,17.13,17.13,48400
RNWK,20101112,3.56,3.59,3.51,3.51,402000
ROCK,20101112,9.41,9.58,9.39,9.4,299000
ROIC,20101112,9.8,9.88,9.8,9.84,90400
ROLL,20101112,34.82,35.19,34.56,34.84,39900
ROST,20101112,16.0575,16.175,15.9175,15.9725,1070700
RPRX,20101112,1.29,1.29,1.21,1.29,51500
RRGB,20101112,18.5,18.77,18.42,18.66,202300
RUSHA,20101112,11.2933,11.4333,11.2733,11.3533,59600
RUSHB,20101112,10.5933,10.6667,10.5933,10.6,3500
RUTH,20101112,5.03,5.2,4.67,4.92,443500
RVSB,20101112,2.49,2.72,2.38,2.53,71500
RYAAY,20101112,30.94,30.94,30.39,30.49,932400
SAFM,20101112,42.12,42.39,41.15,41.2,233600
SAFT,20101112,46.78,46.83,46.11,46.37,36900
SAIA,20101112,9.8333,9.9467,9.4667,9.48,48600
SALM,20101112,3.08,3.08,3.08,3.08,0
SANM,20101112,11.66,11.8,11.4,11.5,743900
SANW,20101112,3.11,3.19,3.05,3.19,3000
SASR,20101112,17.92,18.15,17.63,17.92,24400
SATS,20101112,17.0056,17.1356,16.9,17.0625,204900
SBAC,20101112,37.86,37.95,37.22,37.51,956900
SBCF,20101112,5.8,5.95,5.75,5.75,482600
SBGI,20101112,8.02,8.12,7.71,7.71,313900
SBLK,20101112,232.5,232.5,229.5,232.5,90600
SBNY,20101112,43.77,44.22,43.69,43.81,148900
SBSI,20101112,18.8476,19.0476,18.7429,18.7905,23100
SBUX,20101112,15.355,15.355,14.92,15.095,6461900
SCHL,20101112,28.92,29.21,28.69,28.79,222000
SCHN,20101112,52.85,52.95,51.42,52.13,279800
SCKT,20101112,2.2,2.23,2.2,2.23,400
SCOR,20101112,21.74,22.08,21.46,21.47,97600
SCSC,20101112,29.39,29.68,28.98,29.14,101100
SCVL,20101112,16.4333,16.5133,16.1533,16.2733,39200
SEAC,20101112,8.14,8.2,7.81,7.9,409000
SEED,20101112,89.1,90.9,88,88.6,314700
SEIC,20101112,23.37,23.43,22.87,23.03,881600
SENEA,20101112,22.61,23.03,22.49,22.87,40300
SENEB,20101112,22.76,22.76,22.76,22.76,0
SFNC,20101112,14.32,14.37,14.215,14.225,15800
SFST,20101112,6.45,6.45,6.45,6.45,700
SGC,20101112,10.27,10.72,10.27,10.72,4000
SGEN,20101112,14.17,14.28,14.05,14.12,551200
SGMA,20101112,6,6,6,6,300
SGMO,20101112,3.95,4.02,3.95,3.99,118300
SGMS,20101112,7.8,7.95,7.42,7.43,2231200
SGRP,20101112,1,1,1,1,2500
SHBI,20101112,10.07,10.4,10.07,10.32,3400
SHEN,20101112,9.445,9.485,9.34,9.395,21700
SHIP,20101112,1452,1464,1416,1464,108300
SHIPW,20101112,0.04,0.04,0.04,0.04,6300
SHOO,20101112,12.1333,12.3348,12.0652,12.1481,226200
SHY,20101112,84.21,84.25,84.16,84.16,1465300
SIEB,20101112,2.39,2.39,2.39,2.39,1100
SIFY,20101112,1.9,1.9,1.8,1.85,241700
SIGA,20101112,12.1,12.34,11.98,12.1,281500
SIGI,20101112,16.97,17.11,16.76,16.83,152900
SILC,20101112,15.1,15.2,14.72,14.84,25300
SIMO,20101112,4.2,4.34,4.2,4.21,204300
SINO,20101112,15.95,16.25,15.15,15.8,4100
SIRI,20101112,1.41,1.44,1.4,1.42,43321700
SIVB,20101112,47.04,47.49,46.2,46.22,445600
SKYW,20101112,15.8,16,15.64,15.72,170200
SLAB,20101112,41.5,41.8,41.15,41.61,692300
SLGN,20101112,16.575,16.85,16.575,16.62,707800
SLP,20101112,2.78,2.87,2.71,2.72,46200
SLRC,20101112,23.09,23.38,23.06,23.3,196100
SMBC,20101112,7.8,7.8,7.8,7.8,0
SMCI,20101112,10.72,10.96,10.59,10.61,200100
SMED,20101112,4.11,4.24,4.05,4.24,57100
SMIT,20101112,3,3,3,3,0
SMMF,20101112,4.4,4.4,4.4,4.4,500
SMSI,20101112,58.44,59.08,57.8,57.8,621900
SMTC,20101112,23.2,23.69,22.94,23.05,1107000
SNCR,20101112,26.49,26.9,26,26.22,222000
SNFCA,20101112,1.75,1.75,1.75,1.75,400
SNPS,20101112,25.19,25.38,24.87,25.13,1130200
SOHU,20101112,76,76.58,74.54,75.87,621600
SONO,20101112,32.4,32.58,31.68,31.7,33700
SOXX,20101112,51.8,52.77,51.42,51.99,535000
SPBC,20101112,9.15,9.23,9,9.07,17800
SPNS,20101112,2.65,2.65,2.55,2.55,2500
SPPI,20101112,4.42,4.64,4.42,4.57,614900
SPRO,20101112,2.35,2.37,2.3,2.32,87400
SPSC,20101112,14,14,13.36,13.36,11000
SPTN,20101112,15.74,15.78,15.28,15.41,78100
SQQQ,20101112,44172.8,46553.6,43622.4,45580.8,771700
SRCE,20101112,18.61,18.61,18.33,18.34,12900
SRCL,20101112,71.49,72.01,70.82,71.24,353300
SRDX,20101112,9.04,9.1,8.61,8.71,378500
SSBI,20101112,6.41,6.42,6.21,6.21,500
SSNC,20101112,18.2,18.5,18.06,18.33,96900
SSYS,20101112,32.6,33.56,32.46,33,231900
STAA,20101112,5.35,5.44,5.22,5.22,56600
STBA,20101112,21.06,21.09,20.76,20.77,58200
STFC,20101112,15.91,15.91,15.51,15.55,13500
STKL,20101112,6.97,6.99,6.55,6.66,789500
STLD,20101112,16.02,16.1,15.77,15.9,3478000
STRA,20101112,143.65,144.67,141.62,142.48,151000
STRC,20101112,3.99,3.99,3.8,3.9,1100
STRL,20101112,13.1,13.41,13.1,13.32,68800
STRM,20101112,1.29,1.32,1.13,1.2,26300
STRN,20101112,7.06,7.09,6.8,6.88,20300
STRS,20101112,8.76,8.76,8.76,8.76,0
STRT,20101112,31.58,32.5,31.29,32.2,2700
STSA,20101112,31.68,35.64,31.02,33,428200
STX,20101112,14.24,14.4,14.04,14.09,16132600
SUMR,20101112,61.38,61.92,59.85,60.39,80700
SURG,20101112,3.54,3.54,3.22,3.25,107000
SVBI,20101112,3.6,3.6,3.44,3.52,500
SWIR,20101112,10.64,10.69,10.38,10.56,187200
SWKS,20101112,23.12,23.52,22.72,23.14,3332700
SYBT,20101112,15.94,16.1,15.7667,15.9467,26900
SYNA,20101112,28.49,29.2,28.4,28.64,655900
SYNL,20101112,9.51,9.56,9.5,9.56,900
SYPR,20101112,4.01,4.01,3.99,4,7500
TACT,20101112,9.44,9.55,9.04,9.06,27400
TAIT,20101112,1.18,1.18,1.18,1.18,1800
TAST,20101112,6.92,7.08,6.83,7.06,51800
TATT,20101112,6.11,6.2,6.01,6.12,9600
TAYD,20101112,5.03,5.03,4.76,4.83,3600
TBBK,20101112,8.5,8.7,8.39,8.67,156600
TBNK,20101112,18,18.21,17.91,18.07,26000
TCBI,20101112,19.46,19.52,19.04,19.05,92900
TCBK,20101112,15.32,15.32,14.77,14.86,16600
TCX,20101112,2.76,2.76,2.72,2.72,17400
TEAM,20101112,8.29,8.31,8.29,8.29,103800
TECH,20101112,60.8,60.82,60.15,60.55,67100
TESS,20101112,15.51,15.68,15.43,15.43,8400
TFSL,20101112,8.49,8.53,8.31,8.31,1282600
TGA,20101112,15.26,15.47,15.01,15.37,464500
THFF,20101112,31.2,31.3,30.92,31.04,11200
THRX,20101112,20.51,21.08,20.51,20.97,300100
TIGR,20101112,4.58,4.6,4.49,4.49,12500
TITN,20101112,21.83,21.86,21.41,21.68,220600
TLT,20101112,96.21,96.74,95.81,95.81,11739500
TNDM,20101112,15.87,16.23,15.6,15.7,735900
TOPS,20101112,6650000,6650000,6300000,6580000,73800
TOWN,20101112,15.42,15.42,15.29,15.3,30200
TQQQ,20101112,2.8627,2.8967,2.6994,2.7627,568300
TREE,20101112,6.61,6.8,6.61,6.8,7300
TRIB,20101112,8.39,8.5,8.39,8.43,48600
TRIT,20101112,12.56,13.08,12.53,12.72,142800
TRMB,20101112,18.05,18.19,17.935,18.05,276600
TRMD,20101112,65,65.3,65,65.2,3200
TRMK,20101112,22.47,22.62,22.28,22.38,233600
TRNS,20101112,7,7.01,7,7,900
TROW,20101112,58.1,58.26,57.39,57.74,1725000
TRS,20101112,17.54,17.65,17.1,17.37,246700
TRST,20101112,5.65,5.76,5.65,5.68,221600
TRUE,20101112,1.21,1.21,1.1,1.2,18400
TSBK,20101112,3.63,3.8,3.55,3.8,7300
TSCO,20101112,20.79,20.885,20.29,20.34,321500
TSEM,20101112,22.65,22.8,21.3,21.6,1269100
TSLA,20101112,5.65,6.1,5.614,5.968,2729100
TSRI,20101112,2.21,2.21,2.21,2.21,0
TTEC,20101112,17.52,17.77,17.42,17.49,237200
TTEK,20101112,23.76,23.76,23.4,23.48,415400
TTGT,20101112,5.89,5.91,5.88,5.88,32200
TTMI,20101112,12.8,12.95,12.59,12.6,405200
TTWO,20101112,11.51,11.51,11.07,11.11,1129000
TW,20101112,49.08,49.48,49,49.06,220400
TWIN,20101112,22.2,22.84,21.22,22.44,135500
TXN,20101112,30.77,31.38,30.57,30.95,16420400
TXRH,20101112,15.83,15.96,15.62,15.94,1125000
TZOO,20101112,35.15,35.73,34.27,34.91,290700
UBCP,20101112,8.45,8.45,8.45,8.45,800
UBFO,20101112,4.71,4.83,4.45,4.77,10900
UBOH,20101112,9.15,9.43,9.01,9.43,1300
UBSI,20101112,27.96,27.96,27.49,27.5,140100
UCBI,20101112,1.53,1.53,1.39,1.39,1207800
UCTT,20101112,7.75,7.85,7.6,7.81,171500
UEIC,20101112,26.58,27.02,26.25,26.26,77200
UEPS,20101112,11.36,11.66,11.29,11.48,810500
UFCS,20101112,20.7,20.76,20.4,20.51,31400
UFPI,20101112,33,33.21,32.9,33,137900
UFPT,20101112,11.5,11.54,11.05,11.15,38900
UG,20101112,13.84,13.99,13.66,13.66,1000
UHAL,20101112,89.85,92.13,89,90.89,32400
ULBI,20101112,6.4,6.65,6.3,6.5,168000
ULTA,20101112,32.43,32.74,31.82,31.98,316900
UMBF,20101112,38.36,38.53,38.08,38.1,96900
UMPQ,20101112,11.37,11.5,11.2,11.2,471900
UNAM,20101112,9.36,9.36,9.36,9.36,0
UNB,20101112,18.18,18.18,18.18,18.18,0
UNTY,20101112,5.6,5.75,5.6,5.75,1500
URBN,20101112,33.01,33.31,32.67,32.9,3432100
USAK,20101112,13.75,13.92,13.57,13.57,7900
USAP,20101112,31.36,31.36,30.42,30.45,15500
USEG,20101112,319.2,319.8,303,304.8,201600
USLM,20101112,39.67,39.67,39.57,39.57,600
UTHR,20101112,59.54,60.4,59.05,59.71,462000
UTMD,20101112,29.35,29.35,28.78,28.78,3400
UTSI,20101112,6.42,6.51,6.33,6.45,435200
UVSP,20101112,19.08,19.27,18.8,18.97,12600
VALU,20101112,14.49,14.49,14.18,14.25,11500
VBFC,20101112,31.68,31.68,31.68,31.68,0
VCIT,20101112,81.75,81.8,81.11,81.28,54300
VCLT,20101112,78.23,78.3,77.75,77.76,1800
VCSH,20101112,78.45,78.47,78.25,78.31,144900
VECO,20101112,43.39,43.65,42.01,42.12,1156100
VGIT,20101112,63.77,63.77,63.61,63.61,700
VGLT,20101112,62.49,62.7,62.05,62.05,9700
VGSH,20101112,60.8,60.8,60.67,60.68,24200
VIA,20101112,45.24,45.68,43.84,45.16,118600
VICR,20101112,17.39,17.57,16.85,17.12,97300
VIRC,20101112,2.68,2.68,2.65,2.65,2000
VIVO,20101112,22.48,23,22.26,22.31,183200
VLGEA,20101112,32.75,33.25,32.69,32.69,7800
VMBS,20101112,51.61,51.61,51.45,51.48,4200
VNDA,20101112,7.7,7.93,7.7,7.7,84400
VNQI,20101112,50.47,50.47,49.75,49.96,44100
VOD,20101112,28.03,28.29,27.86,28,9494900
VONE,20101112,54.93,55.11,54.48,54.51,5000
VONG,20101112,56.44,56.51,55.74,55.93,1700
VONV,20101112,53.63,53.87,53.36,53.45,1400
VOXX,20101112,6.68,6.71,6.47,6.48,53700
VRA,20101112,29.92,29.92,28.76,28.9,247500
VRNT,20101112,33.04,33.09,32.58,32.95,100600
VRSK,20101112,30.13,30.34,29.97,29.98,271300
VRSN,20101112,34.34,34.59,33.93,34.21,2299100
VRTS,20101112,38.58,39.25,38.48,38.95,31800
VRTX,20101112,34.66,34.66,33.77,33.77,1763300
VSAT,20101112,40.7,41.13,40.58,40.72,151800
VSEC,20101112,16.25,16.46,16.05,16.1,12300
VTHR,20101112,55.29,55.36,54.74,54.74,1200
VTWG,20101112,58.06,58.06,57.54,57.62,600
VTWO,20101112,57.23,57.56,56.78,56.9,10100
VTWV,20101112,56.51,56.84,56.14,56.28,5000
WABC,20101112,51.24,51.43,50.75,50.76,112400
WAFD,20101112,15.42,15.58,15.2,15.2,412800
WASH,20101112,20.8,21.05,20.71,20.78,17900
WDC,20101112,32.78,33.07,32.13,32.58,3806900
WDFC,20101112,38.4,38.88,38.02,38.34,38700
WERN,20101112,21.88,22.05,21.73,22.03,732300
WEYS,20101112,24.07,24.29,23.81,23.81,15500
WILC,20101112,6.6,6.7,6.6,6.65,12100
WINA,20101112,32.39,32.39,31.9,31.92,4400
WIRE,20101112,22.02,22.35,21.05,22.02,104200
WLDN,20101112,3.35,3.49,3.31,3.46,35700
WLFC,20101112,13.29,13.32,12.53,13.17,14000
WOOD,20101112,45.13,45.13,44.18,44.41,6500
WOOF,20101112,22.39,22.69,22.2,22.52,1234400
WPRT,20101112,17.96,18.19,17.86,18,625300
WRLD,20101112,41.83,42.44,41.62,41.72,83700
WSBC,20101112,17.78,18,17.42,17.63,36300
WSBF,20101112,3.77,3.87,3.75,3.75,6000
WSFS,20101112,13.8933,14.0033,13.1933,13.32,27700
WSTG,20101112,10.9,10.9,10.75,10.75,12000
WTBA,20101112,7.2,7.32,7.18,7.19,13400
WTFC,20101112,31.51,31.61,30.44,30.44,166000
WVFC,20101112,10,10.06,10,10.06,4000
WVVI,20101112,3.53,3.53,3.45,3.45,5600
WYNN,20101112,114.07,114.31,110.12,111,2612800
XLNX,20101112,26.4,26.9,26.3,26.64,8119800
XOMA,20101112,49.6,49.6,48.4,49.2,146200
XRAY,20101112,31.5,31.78,31.04,31.12,716400
XRTX,20101112,202.32,203.28,191.52,193.8,448400
YORW,20101112,15.85,16,15.79,15.84,18100
ZBRA,20101112,37.22,37.4,36.68,36.96,129700
ZEUS,20101112,21.82,22.04,21.2,21.25,58900
ZION,20101112,21.77,21.82,21.1,21.36,2262900
ZIOP,20101112,4.26,4.3,4.25,4.26,148600
ZIXI,20101112,3.99,4,3.9,3.96,787800
ZUMZ,20101112,28.43,28.95,28.26,28.41,170700
