AAME,20100618,1.5,1.58,1.48,1.58,800
AAON,20100618,7.3067,7.4074,7.1348,7.3422,177600
AAPL,20100618,9.7232,9.8214,9.6936,9.7882,28022100
AAWW,20100618,53.72,54.06,52.14,53.03,150600
AAXJ,20100618,54.35,54.72,54.32,54.58,55600
ABCB,20100618,10.48,10.51,10.25,10.49,170600
ABIO,20100618,2940.84,3084.48,2850.12,3001.32,94400
ABMD,20100618,9.9,9.99,9.73,9.73,275700
ACAD,20100618,1.3,1.3,1.21,1.27,559100
ACET,20100618,6.78,6.82,6.61,6.66,234500
ACGL,20100618,8.6422,8.68,8.6044,8.6589,398700
ACIW,20100618,6.67,6.8267,6.6667,6.81,281700
ACLS,20100618,7.52,7.96,7.44,7.92,1100100
ACMR,20100618,2.41,2.41,2.32,2.33,41500
ACOR,20100618,32.68,33.77,32.15,33.4,895300
ACTG,20100618,15.59,16,15.39,15.79,563900
ACWI,20100618,40.95,40.95,40.72,40.78,60600
ACWX,20100618,38.08,38.29,38.01,38.18,60000
ADBE,20100618,33.12,34,33.04,33.52,9513900
ADES,20100618,2.575,2.825,2.565,2.68,19000
ADI,20100618,30.64,30.82,30.42,30.52,2751900
ADP,20100618,37.3046,37.4276,36.9184,37.1202,3616800
ADPT,20100618,3.04,3.06,3.01,3.05,1228600
ADRE,20100618,41.41,41.74,41.39,41.56,63800
ADSK,20100618,28.57,29.36,28.44,29.24,4351500
ADTN,20100618,27.87,28.29,27.42,28.09,1043800
ADUS,20100618,5.69,5.94,5.61,5.92,10800
AEHR,20100618,2.16,2.3,2.15,2.29,26800
AEIS,20100618,14.11,14.29,13.93,14.27,445000
AEY,20100618,2.92,3.15,2.92,3.09,11500
AEZS,20100618,726,738,708,708,1757400
AGEN,20100618,0.94,0.97,0.93,0.97,291300
AGNC,20100618,28.38,28.38,28.16,28.3,804800
AGYS,20100618,7.51,7.78,7.5,7.57,110600
AHPI,20100618,3.65,3.85,3.65,3.85,300
AIMC,20100618,14.73,15.3,14.49,14.63,264100
AINV,20100618,30.66,31.17,30.21,30.93,1824900
AIRT,20100618,11.71,11.72,11,11.15,12900
AKAM,20100618,45.54,46.19,45.27,45.72,3943500
ALCO,20100618,24.55,24.63,24.02,24.28,29000
ALGN,20100618,14.97,14.97,14.69,14.75,1039600
ALGT,20100618,46.01,46.42,45.74,45.79,264700
ALIM,20100618,9.58,9.71,9.16,9.16,36900
ALKS,20100618,12,12.85,12,12.65,3734400
ALLT,20100618,4.95,5.01,4.93,4.99,42000
ALNY,20100618,15.61,15.7,14.91,14.92,453700
ALOT,20100618,7.16,7.24,7.06,7.24,700
ALRN,20100618,0.88,0.98,0.77,0.8,20600
ALTR,20100618,25.97,26.14,25.77,25.96,6040700
ALVR,20100618,22.7,23.3,22.5,23.1,214700
AMAT,20100618,13.4,13.5,13.25,13.34,15308900
AMD,20100618,8.92,9.05,8.77,8.83,16527100
AMED,20100618,46.71,47.4,46.09,46.47,444500
AMGN,20100618,55.44,55.82,54.6,55.2,10856600
AMKR,20100618,6.77,6.83,6.66,6.71,3303400
AMNB,20100618,20.37,20.46,20.05,20.19,30200
AMOT,20100618,4.24,4.3,4.11,4.19,7300
AMPH,20100618,25.09,25.18,24.97,25.18,25200
AMPL,20100618,29,30.4,28.8,29.8,101600
AMRN,20100618,2.55,2.7,2.5,2.58,176400
AMSC,20100618,314.4,314.9,306.5,309.3,646400
AMSF,20100618,18.29,18.55,17.91,18.28,207400
AMSWA,20100618,5.67,5.73,5.49,5.49,109700
AMWD,20100618,21.7,22.08,21.19,21.45,52900
AMZN,20100618,126.48,127.48,125.07,125.83,3840600
ANAT,20100618,94.71,95.68,93.58,94.91,35200
ANDE,20100618,22.2333,22.92,22.1333,22.7667,140700
ANGN,20100618,4.43,4.54,4.2,4.2,12100
ANGO,20100618,14.9,15.07,14.52,14.91,128700
ANIK,20100618,5.9,5.92,5.83,5.83,25200
ANSS,20100618,43.87,44.34,43.72,43.83,391600
AOSL,20100618,14.87,14.98,14.67,14.75,57600
APAC,20100618,6.27,6.3,6.08,6.1,279900
APEI,20100618,47.6,48.49,47.15,47.99,308300
APOG,20100618,13.14,13.26,12.96,13.05,271200
ARAY,20100618,6.96,7.07,6.5,6.94,673400
ARCC,20100618,13.7,13.74,13.5,13.52,1226100
ARKR,20100618,13.62,13.79,13.62,13.79,900
ARLP,20100618,23.25,23.865,23.25,23.54,87600
ARNA,20100618,29.6,29.6,29,29.5,1858300
AROW,20100618,25.58,25.63,25.24,25.44,36500
ARRY,20100618,3.27,3.33,3.2,3.29,294100
ARTNA,20100618,17.45,17.46,17.17,17.32,31800
ARTW,20100618,5.89,6.04,5.73,6.04,9200
ARWR,20100618,1.27,1.3,1.24,1.3,1529900
ASML,20100618,30.87,31.17,30.75,30.91,1383500
ASPS,20100618,27.97,27.99,27.28,27.4,123800
ASRV,20100618,1.72,1.87,1.71,1.87,3700
ASTC,20100618,1.74,1.81,1.7,1.73,96500
ASTE,20100618,30.61,30.82,30.08,30.46,115300
ASUR,20100618,1.5733,1.66,1.5333,1.66,2300
ASYS,20100618,9.07,9.14,8.87,9.07,9900
ATAI,20100618,3.52,3.52,3.15,3.25,1500
ATAX,20100618,5.62,6.61,5.48,5.49,80500
ATEC,20100618,62.64,64.44,61.8,61.8,352500
ATHX,20100618,3.1,3.24,3.1,3.24,62100
ATLO,20100618,18.97,19.3,18.87,19.29,34200
ATNI,20100618,43.69,43.69,42.64,43.08,41800
ATRC,20100618,6.06,6.21,5.99,6.1,20700
ATRI,20100618,136.41,137.75,134.08,134.08,8200
ATRO,20100618,14.3917,14.9333,14.3917,14.9167,46600
ATSG,20100618,5.4,5.51,5.36,5.5,402200
ATVI,20100618,11.34,11.59,11.3,11.47,13824200
AUBN,20100618,18.2,18.99,17.98,18.99,15600
AUDC,20100618,2.76,2.78,2.7,2.76,29900
AVAV,20100618,25.03,25.23,24.44,24.77,340400
AVEO,20100618,74.2,77,72,72,33100
AVGO,20100618,23.29,23.53,22.81,23.04,1271900
AVID,20100618,13.22,13.4,12.89,13.33,193200
AVNW,20100618,45.6,45.96,45,45.6,1648900
AWRE,20100618,2.39,2.41,2.37,2.41,13500
AXTI,20100618,4.58,4.88,4.54,4.86,473700
AZPN,20100618,11.7,11.8,11.6,11.8,512300
BANF,20100618,37.82,38.93,37.13,38.17,45200
BANFP,20100618,25.43,25.43,25.43,25.43,0
BANR,20100618,23.73,23.73,18.69,18.9,1474300
BBBY,20100618,41.9,43.26,41.89,42.49,8312900
BBGI,20100618,6.81,6.91,6.7,6.72,1800
BBSI,20100618,13.45,13.45,13.35,13.37,43600
BCBP,20100618,8.15,8.4,7.8,7.8,2800
BCPC,20100618,25.25,25.86,25.09,25.4,274000
BCRX,20100618,6.61,6.72,6.5,6.53,295000
BDSI,20100618,2.73,2.78,2.68,2.76,134000
BEAT,20100618,6.65,7.2,6.63,7.04,397300
BECN,20100618,19.43,19.72,19.21,19.38,783500
BELFA,20100618,17.9,18.91,17.9,18.91,1600
BELFB,20100618,19.16,19.84,18.9,19.75,60100
BFIN,20100618,9.15,9.15,8.85,9.1,81800
BGCP,20100618,5.65,5.7,5.58,5.58,472900
BGFV,20100618,13.96,14.06,13.73,13.97,144000
BIB,20100618,5.9863,5.9863,5.9863,5.9863,0
BICK,20100618,28.53,28.53,28.35,28.42,2700
BIDU,20100618,72.37,74.88,71.6,74.09,12010600
BIIB,20100618,45.245,46.1937,45.2266,45.9266,5777600
BIOC,20100618,135.9,135.9,129.3,129.3,15900
BIS,20100618,278,280.48,275.64,280.48,1300
BITS,20100618,6.9,7.07,6.42,6.98,9500
BJRI,20100618,25.4,25.72,24.9,25.63,219600
BKCC,20100618,10.09,10.16,10.01,10.07,830500
BKSC,20100618,10.05,10.05,10.05,10.05,100
BLDP,20100618,1.82,1.85,1.76,1.81,153300
BLIN,20100618,255,305,255,305,10300
BLKB,20100618,22.09,22.5,21.94,22.15,406600
BMRC,20100618,16.14,16.26,15.955,16.25,24400
BMRN,20100618,20.2,20.26,19.97,20.15,675000
BMTC,20100618,17.85,17.94,17.58,17.59,48500
BNSO,20100618,1,1,1,1,0
BOKF,20100618,52.44,52.63,51.91,52.33,98400
BOLT,20100618,8.9,9.05,8.82,9.01,51700
BOOM,20100618,16.74,16.75,16.55,16.71,103000
BOSC,20100618,3.64,3.96,3.6,3.96,12400
BPOP,20100618,29.1,30.7,28.5,30,19912600
BPOPM,20100618,17.43,17.44,17.42,17.44,400
BPOPN,20100618,18.26,18.26,18.26,18.26,0
BRID,20100618,16.25,16.25,16.05,16.05,1900
BRKL,20100618,9.85,9.97,9.69,9.77,805500
BRKR,20100618,13.52,13.78,13.17,13.76,824200
BRKS,20100618,7.88,8.31,7.8,8.06,665300
BRLI,20100618,23.34,23.87,22.93,23.34,345600
BSET,20100618,5.11,5.29,5.09,5.23,19100
BSQR,20100618,2.28,2.41,2.14,2.34,27900
BSRR,20100618,12.06,12.44,12.04,12.34,41800
BUSE,20100618,4.52,4.62,4.48,4.58,289000
BWEN,20100618,25.7,26.8,25,26.8,1323700
BYFC,20100618,2.75,2.78,2.71,2.71,400
CAAS,20100618,19.75,20.15,19.27,20.15,424200
CAC,20100618,29.89,29.89,29.45,29.68,26300
CACC,20100618,47.65,48.92,47.65,48.5,58500
CAKE,20100618,25.6,25.94,25.17,25.49,989800
CALM,20100618,17.17,17.195,16.985,17.075,81400
CAMP,20100618,2.3,2.42,2.27,2.39,122100
CAMT,20100618,2.4,2.4,2.32,2.39,13100
CARV,20100618,8.01,8.01,8.01,8.01,0
CASA,20100618,2.29,2.29,2.05,2.05,800
CASH,20100618,9.74,10.23,9.74,10.09,400
CASS,20100618,32.73,33.08,31.9,31.9,50500
CASY,20100618,35.91,35.91,35.47,35.72,1111100
CATY,20100618,11.09,11.27,10.8,11.24,791900
CBAN,20100618,7,7,7,7,300
CBNK,20100618,12.03,12.03,11.55,11.55,34300
CBRL,20100618,50.9,50.98,50.18,50.49,296200
CBSH,20100618,37.55,37.82,37.12,37.49,369400
CCBG,20100618,13.84,13.96,13.7,13.93,62200
CCMP,20100618,37.05,37.55,36.62,37.38,175100
CCNE,20100618,11.3,11.82,11.14,11.75,56500
CCOI,20100618,8.7,8.79,8.51,8.66,243100
CCRN,20100618,8.57,8.75,8.21,8.71,165700
CDNS,20100618,6.42,6.52,6.42,6.45,1858700
CDXS,20100618,10.24,10.36,9.45,9.5,32500
CDZI,20100618,12.9,13.04,12.5,12.64,87900
CECE,20100618,4.89,5.1,4.89,5.1,14200
CELH,20100618,1.93,2,1.59,1.66,73700
CENT,20100618,10.16,10.44,10.13,10.13,57100
CENTA,20100618,9.72,9.85,9.38,9.55,435900
CENX,20100618,10.07,10.17,9.91,10.04,1680900
CERN,20100618,20.2575,20.385,20.13,20.155,959400
CERS,20100618,3.3,3.47,3.3,3.47,384200
CEVA,20100618,11.89,12.61,11.75,12.57,194600
CFBK,20100618,46.75,49.5,46.75,48.95,5500
CFFI,20100618,16.55,17.89,16.55,16.99,3400
CFFN,20100618,34.54,34.83,34.25,34.82,68900
CGEN,20100618,3.85,4.07,3.85,4,42900
CGNX,20100618,4.805,4.9275,4.7875,4.875,343100
CHCI,20100618,1.89,1.89,1.79,1.81,26800
CHCO,20100618,32.73,32.73,31.95,32.33,182900
CHDN,20100618,11.53,11.5433,11.3,11.4667,60400
CHKP,20100618,31.5,31.78,31.33,31.49,1256200
CHNG,20100618,7.07,7.28,6.95,7.27,144300
CHNR,20100618,9.18,9.33,9.18,9.33,600
CHRS,20100618,4.17,4.24,4.06,4.1,1165700
CHRW,20100618,59.44,59.53,58.87,59.06,1470100
CHSCP,20100618,27.6,27.62,27.5,27.61,21500
CIDM,20100618,14.5,16,14.3,16,29500
CINF,20100618,28.39,28.39,28.2,28.29,1069100
CIZN,20100618,18.32,19.06,18.25,19.03,13100
CJJD,20100618,4.39,4.39,4.15,4.2,7700
CLDX,20100618,78.45,78.45,74.4,75.45,496500
CLFD,20100618,2.48,2.56,2.48,2.56,4000
CLMT,20100618,17.44,17.78,17.22,17.59,93200
CLNE,20100618,17.37,17.4,17,17.15,1014200
CLRO,20100618,3.13,3.13,3.13,3.13,300
CLSN,20100618,3.41,3.6,3.4,3.56,14300
CLWT,20100618,5.7933,6.1967,5.7933,6.1967,5000
CMCO,20100618,15.8,15.94,15.59,15.91,141500
CMCSA,20100618,9.35,9.39,9.225,9.255,18149600
CME,20100618,62.214,62.3,61.1,61.428,732500
CMLS,20100618,31.44,31.52,29.84,31.12,36400
CMTL,20100618,30.98,31,30.52,30.76,333900
CNBKA,20100618,22.26,22.27,21.99,22.19,18100
CNOB,20100618,7.7,7.7,7.54,7.64,52400
CNSL,20100618,17.68,17.76,17.41,17.52,124000
CNTY,20100618,2.21,2.24,2.2,2.2,24100
COCO,20100618,11.47,11.67,11.46,11.55,1709200
COGT,20100618,9.21,9.26,9.14,9.15,566700
COHR,20100618,35.73,36.18,35.3,35.83,151800
COHU,20100618,14.15,14.43,13.88,14.07,122700
COIN,20100618,0.83,0.85,0.82,0.83,127600
COKE,20100618,51.21,51.21,50.02,50.37,27500
COLB,20100618,20.5,20.74,20.32,20.65,590000
COLM,20100618,25.98,26.285,25.735,25.98,192100
CONN,20100618,7.43,7.73,7.36,7.43,145700
COOL,20100618,31.5,33.18,31.5,32.34,52800
CORT,20100618,3.42,3.53,3.38,3.5,31000
COST,20100618,58.5,58.73,58.05,58.21,3657200
COWN,20100618,4.29,4.43,4.21,4.33,179800
CPHC,20100618,8.43,8.56,8.43,8.48,1100
CPIX,20100618,6.97,7.04,6.89,7.01,61100
CPLP,20100618,7.9,8.1,7.9,8.02,99600
CPRT,20100618,9.31,9.37,9.305,9.325,200700
CPRX,20100618,1.04,1.06,1.01,1.06,17600
CPSI,20100618,39.2,39.2,36.15,36.31,250300
CPSS,20100618,1.29,1.38,1.29,1.38,12700
CRAI,20100618,22.02,22.67,22.02,22.43,63100
CREG,20100618,308,323,304,318,15000
CRESW,20100618,0.18,0.18,0.18,0.18,0
CRESY,20100618,12.03,12.19,11.81,11.97,102000
CRIS,20100618,8.75,9.1,8.5,9.1,1509100
CRMT,20100618,25.14,25.15,24.62,24.99,64000
CRNT,20100618,8.67,8.76,8.41,8.49,222900
CROX,20100618,11.82,11.95,11.68,11.9,2079200
CRTX,20100618,6.23,6.23,6,6.03,32100
CRUS,20100618,17.46,17.95,17.26,17.82,9899800
CRVL,20100618,18.265,18.425,17.73,17.835,32300
CRWS,20100618,3.94,4.1,3.94,4.1,7200
CSCO,20100618,23.28,23.65,23.15,23.49,52422400
CSGP,20100618,41.2,41.37,40.76,41,116500
CSGS,20100618,20.22,20.37,19.92,20.19,428500
CSII,20100618,4.91,4.91,4.65,4.66,42600
CSIQ,20100618,11.79,11.89,11.52,11.79,870900
CSPI,20100618,4.3,4.3,4.3,4.3,0
CSTR,20100618,51.6,51.6,48.52,48.95,3284500
CSWC,20100618,22.3075,22.625,22.2775,22.61,10700
CSX,20100618,18.34,18.3733,18.16,18.3167,3531800
CTAS,20100618,26.04,26.3,25.92,26.1,1026300
CTBI,20100618,26.44,26.66,25.96,26.06,57400
CTHR,20100618,3.25,3.25,3.09,3.15,32100
CTIB,20100618,6.58,6.85,6.58,6.72,20100
CTIC,20100618,25,25,23.5,24,5174800
CTRN,20100618,34.05,35.3,33.52,34.75,179800
CTSH,20100618,26.835,27.28,26.68,26.785,3700300
CTXS,20100618,36.3455,36.8869,36.2898,36.6959,3605000
CUBA,20100618,6.15,6.22,6.05,6.17,9000
CUTR,20100618,9.42,9.87,9.42,9.59,59300
CVBF,20100618,10.35,10.4,10.07,10.29,780200
CVCO,20100618,37.45,37.7,36.77,37.5,109300
CVCY,20100618,6,6,5.96,5.96,1600
CVGI,20100618,12.05,12.2,11.89,12.02,92400
CVGW,20100618,19.57,19.85,19.14,19.52,58500
CVLT,20100618,23.6,23.61,23.13,23.33,544500
CVLY,20100618,7.56,7.56,7.11,7.43,3000
CVV,20100618,3.46,3.46,3.32,3.32,4200
CWBC,20100618,2.99,2.99,2.99,2.99,100
CWCO,20100618,12.46,12.48,12.1,12.17,94800
CWST,20100618,4.28,4.37,4.23,4.31,28800
CXDC,20100618,6.64,6.74,6.6,6.74,18700
CYAN,20100618,2.28,2.28,2.2,2.24,1500
CYBE,20100618,9.4,9.48,9.4,9.48,2300
CYCC,20100618,2889.6,2923.2,2805.6,2805.6,364800
CYCCP,20100618,3.7,3.7,3.7,3.7,0
CYTK,20100618,17.16,17.16,16.56,16.8,177900
CZNC,20100618,11.98,12.82,11.74,12.7,78900
CZWI,20100618,4.62,4.72,4.37,4.37,1400
DAIO,20100618,5,5.01,4.92,5.01,7300
DAKT,20100618,8.57,8.61,8.32,8.35,479100
DCOM,20100618,12.62,12.62,12.41,12.57,144500
DCTH,20100618,2449.92,2455.04,2283.52,2319.36,1576500
DDMX,20100618,13.39,13.42,13.04,13.1,95700
DENN,20100618,2.82,2.83,2.76,2.8,578600
DGICA,20100618,13.06,13.17,12.94,12.99,112800
DGICB,20100618,17.26,17.26,17.26,17.26,0
DGII,20100618,8.45,8.76,8.41,8.45,123200
DGLY,20100618,2.18,2.18,2.1,2.1,19300
DHIL,20100618,61.66,63.76,61.66,63.15,9500
DIOD,20100618,19.3,19.55,18.88,18.91,451900
DISCA,20100618,39.46,39.71,38.93,39.26,2165600
DISCB,20100618,39.52,39.52,39.52,39.52,0
DISCK,20100618,16.435,16.725,16.42,16.52,1178200
DISH,20100618,21.41,21.55,21.25,21.31,2576700
DJCO,20100618,71.5,71.5,71.5,71.5,0
DLTR,20100618,21.2867,21.4367,20.98,21.0067,1470900
DMLP,20100618,27.43,27.43,27.01,27.13,26100
DMRC,20100618,18.24,19.18,18.24,19.14,27800
DORM,20100618,11.56,11.775,11.28,11.745,48600
DRIV,20100618,26.85,27.37,26.52,27.31,460200
DRRX,20100618,2.75,2.83,2.65,2.8,567400
DSGX,20100618,6.04,6.04,5.89,6.04,4500
DSPG,20100618,6.54,6.57,6.48,6.57,160400
DSWL,20100618,4.06,4.06,4.01,4.01,2100
DVAX,20100618,19.7,19.8,19.1,19.2,170500
DWSN,20100618,23.42,23.86,22.75,23.28,70300
DXCM,20100618,11.41,11.5,11.19,11.47,530300
DXPE,20100618,15.7,15.81,15.39,15.68,147600
DXYN,20100618,4.61,4.7,4.46,4.7,26600
DYNT,20100618,3.75,3.75,3.75,3.75,2100
EBAY,20100618,9.3305,9.4274,9.2758,9.3305,13886700
EBIX,20100618,15.62,15.98,15.35,15.72,536300
EBMT,20100618,9.81,9.98,9.72,9.85,2500
EBSB,20100618,4.6405,4.6405,4.5915,4.6242,43000
EBTC,20100618,10.77,11,10.53,10.85,22600
ECHO,20100618,13.12,13.25,12.98,13.1,44000
ECOL,20100618,14.82,14.84,14.56,14.76,100100
ECPG,20100618,21.5,21.6,21.2,21.55,259200
EDAP,20100618,2.35,2.37,2.33,2.33,7500
EDUC,20100618,2.71,2.85,2.71,2.85,2600
EEFT,20100618,13.55,13.55,13.28,13.44,529400
EFOI,20100618,6,6.2,5.7,6.2,117200
EFSC,20100618,9.92,10.41,9.86,10.12,56300
EGBN,20100618,12.41,12.41,12.11,12.32,104000
EGLE,20100618,46872,47880,45561.6,47577.6,1496400
EHTH,20100618,11.79,12.72,11.79,12.53,426200
ELSE,20100618,3.95,3.95,3.9,3.95,8000
ELTK,20100618,1.3,1.4,1.27,1.3,1000
EMCF,20100618,15.55,15.55,15.55,15.55,0
EMIF,20100618,29.5,29.61,29.5,29.51,4300
EMKR,20100618,4.12,4.16,4.04,4.12,665200
ENDP,20100618,21.96,22.27,21.93,22.16,1865700
ENG,20100618,2.49,2.5,2.42,2.48,155100
ENSG,20100618,9.06,9.145,8.905,8.97,79300
ENTG,20100618,4.65,4.7,4.55,4.67,1462800
EPAY,20100618,14.37,14.38,14.03,14.28,180400
EQIX,20100618,84.07,84.9,83.57,84.87,813700
ERES,20100618,8.5,8.56,8.37,8.37,324300
ERIC,20100618,11.38,11.61,11.38,11.53,9444200
ERIE,20100618,46.58,46.7,46.5,46.63,64200
ERII,20100618,4.01,4.02,3.77,3.91,1067100
ESBK,20100618,15.76,15.76,15.76,15.76,100
ESCA,20100618,4.95,4.95,4.78,4.85,18300
ESEA,20100618,29.84,30.16,28.88,28.96,49200
ESGR,20100618,67.19,69.25,66.72,68.04,100500
ESLT,20100618,50.83,50.83,49.87,50.13,6100
ESSA,20100618,12.82,12.82,12.69,12.8,57300
EUFN,20100618,20.19,20.27,20.11,20.11,1400
EVK,20100618,3.01,3.48,2.8,2.8,4300
EVOL,20100618,7.15,7.4,7.15,7.4,17500
EWBC,20100618,16.7,16.96,16.43,16.65,3778400
EXAS,20100618,5,5,4.84,4.92,328000
EXEL,20100618,4.74,4.77,4.58,4.58,978600
EXLS,20100618,17.68,18.22,17.59,18.18,102600
EXPD,20100618,38.79,38.96,38.42,38.62,1537800
EXPE,20100618,20.98,21.19,20.8,20.97,6348200
EXPO,20100618,7.8625,7.8925,7.77,7.885,80100
EXTR,20100618,3,3.16,2.92,2.97,934500
EZPW,20100618,18.97,18.99,18.57,18.65,533500
FARM,20100618,16.55,16.66,16.37,16.63,24700
FARO,20100618,21.68,21.68,21.15,21.17,111600
FAST,20100618,13.5725,13.745,13.475,13.6675,1530100
FBIZ,20100618,10.1,10.1,10.1,10.1,0
FBMS,20100618,8,8,8,8,0
FBNC,20100618,15.93,16.13,15.82,15.91,71900
FCAL,20100618,2.94,3.02,2.81,2.82,193300
FCAP,20100618,14.5,14.5,14.5,14.5,0
FCBC,20100618,16.2,16.42,16.13,16.34,73600
FCCO,20100618,5.72,5.72,5.57,5.57,1000
FCCY,20100618,8.87,8.93,8.7,8.88,2800
FCEL,20100618,257.76,262.08,244.8,244.8,2087000
FCFS,20100618,21.87,21.9,21.59,21.68,126500
FCNCA,20100618,204.5,211.94,204.1,211.67,27600
FEIM,20100618,5.01,5.01,5.01,5.01,0
FELE,20100618,15.95,16.12,15.58,15.635,142800
FFBC,20100618,16.19,16.33,15.8,16,946700
FFHL,20100618,0.94,0.94,0.94,0.94,200
FFIC,20100618,13.13,13.42,12.77,13.16,137100
FFIN,20100618,8.4734,8.4734,8.255,8.345,93800
FFIV,20100618,73.36,74.62,72.94,73.81,1591100
FFNW,20100618,4.24,4.26,4.17,4.23,67000
FIBK,20100618,15.58,15.9,15.55,15.82,69600
FISI,20100618,18.82,18.94,18.61,18.73,51600
FISV,20100618,12.2,12.2975,12.135,12.22,1294900
FITB,20100618,13.69,13.78,13.49,13.58,12170600
FITBP,20100618,138.38,138.38,136.55,136.55,15200
FIZZ,20100618,12.2,12.55,12.07,12.07,91700
FLEX,20100618,6.67,6.73,6.56,6.72,8349500
FLIC,20100618,16.7533,16.8733,16.6,16.7333,25400
FLWS,20100618,2.44,2.48,2.35,2.48,317600
FLXS,20100618,11.19,11.78,11.19,11.38,2100
FMBI,20100618,13.97,13.97,13.4,13.68,581700
FNLC,20100618,14.92,15.27,14.54,15.24,44700
FOLD,20100618,2.79,2.91,2.71,2.78,94400
FONR,20100618,1.5,1.64,1.48,1.64,8100
FORD,20100618,4.27,4.29,3.85,4.14,144700
FORM,20100618,11.82,11.82,11.29,11.3,883300
FORR,20100618,33.03,33.21,32.68,32.73,91100
FORTY,20100618,14.8,15.24,14.8,15.13,9300
FOSL,20100618,40.48,40.84,40.33,40.52,635800
FRBK,20100618,2.43,2.47,2.24,2.38,107800
FREE,20100618,189000000,195000000,187500000,187500000,57100
FREEW,20100618,0.1,0.1,0.1,0.1,0
FRME,20100618,8.76,8.98,8.41,8.82,148400
FRPT,20100618,4.28,4.32,4.21,4.25,696300
FSFG,20100618,13,13,13,13,400
FSII,20100618,4.53,4.95,4.53,4.93,2494700
FSLR,20100618,125.1,125.37,121.68,123.68,2388600
FSTR,20100618,28.12,28.24,27.23,27.46,44900
FTEK,20100618,6.32,6.72,6.28,6.56,256300
FTNT,20100618,8.295,8.575,8.275,8.57,1279700
FULT,20100618,10.2,10.28,10.06,10.24,1308900
FUNC,20100618,4.15,4.5,4.15,4.5,3600
FUND,20100618,6.23,6.35,6.23,6.29,24400
FWRD,20100618,28.78,29.14,28.42,28.79,179100
GABC,20100618,10.4733,10.5867,10.2467,10.4067,52100
GAIA,20100618,7.7,7.89,7.54,7.57,76900
GAIN,20100618,5.7,5.92,5.7,5.89,149100
GALT,20100618,4.44,4.74,4.32,4.38,93600
GAME,20100618,5.49,5.51,5.31,5.42,581000
GASS,20100618,5.22,5.3,5.17,5.17,10700
GBCI,20100618,15.8,15.91,15.52,15.73,529000
GBDC,20100618,14.45,14.5,14.28,14.4,69100
GCBC,20100618,8.5,8.5,8.5,8.5,200
GENC,20100618,5.1667,5.2,5.1667,5.2,1500
GENE,20100618,20.8,20.8,20.8,20.8,0
GERN,20100618,5.15,5.15,5.05,5.08,746800
GFED,20100618,5.8,6.24,5.8,6.21,600
GGAL,20100618,6.13,6.16,6.08,6.15,63300
GIFI,20100618,18.09,19.91,17.65,18.8,263800
GIGM,20100618,11.45,11.55,10.95,10.95,339400
GIII,20100618,13.475,13.5,13.185,13.29,137000
GILD,20100618,18.01,18.25,17.875,18.01,13595200
GILT,20100618,4.59,4.6,4.52,4.6,23600
GLAD,20100618,11.54,11.54,11.14,11.19,125500
GLBL,20100618,5.54,5.79,5.52,5.78,1349700
GLBZ,20100618,9.2,9.4,9.11,9.4,1100
GLDD,20100618,6.44,6.44,6.21,6.34,527700
GLNG,20100618,10.65,10.79,10.5,10.54,257300
GLRE,20100618,25.75,26.06,25.29,26.05,325700
GNTX,20100618,9.9,10,9.86,9.95,696200
GOOD,20100618,16.7,16.99,16.49,16.62,39400
GOODO,20100618,21.8,21.8,21.8,21.8,100
GOOG,20100618,251.255,251.735,249.065,250.015,2878700
GPRE,20100618,12.63,12.79,12.3,12.78,188200
GPRO,20100618,47,47.28,46.74,47.06,306100
GRID,20100618,29.98,29.98,29.94,29.94,1000
GRMN,20100618,32.19,32.89,31.97,31.97,1588000
GROW,20100618,6.08,6.22,5.84,5.89,252200
GRVY,20100618,6.84,6.84,6.56,6.56,76700
GSBC,20100618,22.7,22.83,22.45,22.6,48300
GSIT,20100618,6.48,6.7,6.37,6.58,472000
GSM,20100618,11.08,11.29,11,11.16,398400
GT,20100618,12,12.23,11.92,11.99,2165300
GTEC,20100618,14.46,14.54,14.32,14.32,40400
GTIM,20100618,0.92,0.92,0.92,0.92,0
GYRO,20100618,38.89,38.89,38.89,38.89,100
HA,20100618,6.28,6.37,6.24,6.34,793400
HAFC,20100618,1.75,1.81,1.65,1.77,998700
HAIN,20100618,11.335,11.4,11.165,11.38,419400
HALL,20100618,10.94,11.05,10.83,10.86,67100
HALO,20100618,7.18,7.29,6.97,7.21,463200
HAS,20100618,43.01,43.39,42.74,42.88,1978400
HAYN,20100618,30.59,31.11,30.34,30.66,91100
HBAN,20100618,6.04,6.09,5.97,6.05,9633400
HBANP,20100618,1014.79,1015,991.26,991.26,100
HBCP,20100618,13.6,13.6,13.3,13.35,32500
HBIO,20100618,3.56,3.57,3.48,3.51,233400
HBNC,20100618,4.2746,4.4445,4.2746,4.4247,1800
HCCI,20100618,8.22,8.22,8.06,8.1,16400
HCII,20100618,5.42,5.48,5.38,5.48,7200
HCIIW,20100618,0.27,0.27,0.27,0.27,0
HCKT,20100618,3.1,3.2,3.01,3.03,205000
HCSG,20100618,13.4533,13.5867,13.3467,13.3933,256500
HDSN,20100618,2.33,2.5,2.28,2.5,61000
HEES,20100618,9.02,9.35,8.71,8.96,196300
HELE,20100618,24.73,24.73,23.88,24.06,192800
HERO,20100618,3.11,3.13,3.03,3.06,4204300
HFWA,20100618,14.97,15.06,14.76,15.06,30400
HIBB,20100618,26.18,26.71,25.92,26.57,492000
HIFS,20100618,38,38,38,38,100
HIHO,20100618,2.35,2.44,2.31,2.44,3100
HIMX,20100618,3.1,3.1,3.05,3.07,126600
HLIT,20100618,5.78,5.85,5.7,5.78,1138100
HMNF,20100618,5.01,5.01,4.65,4.79,5200
HNRG,20100618,12.49,13.2,12.2,12.29,22500
HOFT,20100618,11.92,11.92,11.49,11.62,45600
HOLI,20100618,9.92,10,9.78,9.84,19800
HOLX,20100618,14.99,15.06,14.93,14.98,2859500
HOMB,20100618,5.955,5.9575,5.8475,5.9325,129400
HOOK,20100618,4,4.2,4,4.2,32200
HOVNP,20100618,8.89,8.96,8,8.09,29100
HSIC,20100618,55.91,56.45,55.78,56.42,1212000
HSII,20100618,24.5,25,24.18,24.55,243500
HSKA,20100618,0.69,0.69,0.65,0.68,24900
HSTM,20100618,4.5,4.53,4.43,4.43,9700
HTBK,20100618,3.88,3.88,3.65,3.79,15300
HTHT,20100618,3.5875,3.65,3.5875,3.635,5400
HTLD,20100618,15.28,15.34,15.11,15.24,568500
HTLF,20100618,17.51,17.55,17.38,17.43,51300
HUBG,20100618,33.52,33.73,32.88,33.32,227300
HURC,20100618,16.56,16.56,16.04,16.13,38300
HURN,20100618,22.22,22.22,21.73,22.16,261100
HWBK,20100618,12,12.25,12,12.25,800
HWKN,20100618,28.16,28.16,26.82,27.47,59300
IART,20100618,20.13,20.235,19.885,19.895,189500
IBB,20100618,83.31,83.7,82.7,83.37,811100
IBCP,20100618,0.76,0.8,0.66,0.66,402400
IBKR,20100618,17.59,17.59,17.42,17.46,198400
IBOC,20100618,18.66,18.76,18.28,18.54,373800
ICAD,20100618,2.11,2.12,1.96,2.03,556600
ICCC,20100618,3.48,3.54,3.47,3.5,1800
ICFI,20100618,24.4,24.4,23.92,24.26,171500
ICLK,20100618,4.07,4.09,4,4.07,46400
ICLN,20100618,16.18,16.2,16.08,16.18,19500
ICLR,20100618,29.64,29.96,29.5,29.8,195400
ICUI,20100618,32.95,33.09,32.32,32.81,191200
IDCC,20100618,26.08,26.15,25.75,25.82,433900
IDRA,20100618,31.84,32.48,30.4,30.48,101200
IDXX,20100618,32.47,32.695,32.005,32.425,360900
IESC,20100618,4.94,4.97,4.76,4.9,27400
IFGL,20100618,26.87,26.92,26.73,26.8,15600
IGOV,20100618,95.08,95.38,95.08,95.28,7500
III,20100618,2.65,2.71,2.53,2.54,212000
IIIIW,20100618,0.02,0.02,0.01,0.01,400
IIN,20100618,4.87,4.91,4.54,4.91,600
IIVI,20100618,16.695,16.775,16.47,16.525,122300
IKNX,20100618,6.84,6.84,6.84,6.84,0
ILMN,20100618,44.63,44.94,44.22,44.51,995900
IMGN,20100618,9.58,9.68,9.02,9.54,4956300
IMKTA,20100618,15.7,15.7,15.18,15.52,49000
IMMR,20100618,5.28,5.48,5.22,5.4,209500
IMOS,20100618,1.62,1.65,1.62,1.62,158500
INCY,20100618,13.33,13.39,13.11,13.17,2171300
INDB,20100618,25.56,25.89,25.22,25.41,119700
INDY,20100618,26.27,26.27,26.08,26.09,14700
INFI,20100618,6.39,6.47,6.17,6.19,76100
INFN,20100618,7,7.4,6.99,7.31,1565100
INMD,20100618,4.09,4.23,4.09,4.205,36200
INOD,20100618,2.9,2.9,2.68,2.71,265300
INSM,20100618,0.75,0.76,0.72,0.74,916500
INTC,20100618,21.56,21.65,21.18,21.4,64872500
INTG,20100618,15.35,15.45,15.35,15.35,3100
INTU,20100618,37.74,37.88,37.33,37.56,3914700
INVE,20100618,16.9,16.9,16.1,16.1,37200
IOSP,20100618,11.2,11.62,10.95,11.43,171800
IPAR,20100618,16.02,16.19,15.69,15.7,90600
IPGP,20100618,16.35,16.66,16.11,16.64,153700
IRBT,20100618,20.9,21.59,20.15,21.56,150300
IRDM,20100618,9.3,9.73,9.25,9.73,1005500
IRIX,20100618,3.75,3.79,3.73,3.74,13300
IRWD,20100618,12.37,13.34,12,13.31,209300
ISBC,20100618,5.2157,5.298,5.1647,5.298,254400
ISHG,20100618,95.51,95.76,95.51,95.76,3900
ISIG,20100618,5.22,5.56,5.22,5.56,10000
ISLE,20100618,12.29,12.35,12.2,12.29,305600
ISRG,20100618,113.4767,116.94,112.67,116.6333,737300
ISSC,20100618,4.78,4.9,4.76,4.9,1700
ITIC,20100618,32.51,32.51,32.51,32.51,0
ITRI,20100618,68.65,69.54,67.41,67.58,564100
ITRN,20100618,15.79,15.95,15.73,15.86,14400
IVAC,20100618,12.38,12.62,12.04,12.12,165100
JACK,20100618,21.73,21.75,21.31,21.45,606300
JAKK,20100618,144.8,147.2,141.4,143.9,213000
JAZZ,20100618,8.31,8.52,8.22,8.43,311300
JBHT,20100618,35.18,35.47,34.76,35,1498900
JBLU,20100618,6.44,6.54,6.34,6.51,5560000
JBSS,20100618,14.48,14.88,14.45,14.71,14200
JCS,20100618,11.41,11.69,10.77,11.09,36300
JCTCF,20100618,1.68,1.725,1.68,1.7025,6900
JJSF,20100618,44.55,44.73,43.97,43.97,78800
JKHY,20100618,25.22,25.44,25.17,25.28,670800
JOBS,20100618,11.415,11.415,10.96,11.095,115600
JOUT,20100618,14.11,14.67,14.1,14.6,16700
JRJC,20100618,71.2,71.9,70.7,71.8,44800
JVA,20100618,5.42,5.5,5.41,5.49,3100
KALU,20100618,39.19,39.89,38.52,39.05,141500
KELYA,20100618,14.52,14.96,14.37,14.77,218300
KELYB,20100618,13.16,13.16,13.16,13.16,100
KEQU,20100618,11.95,12.1,11.95,12.03,3500
KFFB,20100618,8.95,8.95,8.5,8.5,13400
KFRC,20100618,12.65,12.65,12.35,12.42,154000
KINS,20100618,2.8,2.8,2.69,2.69,200
KIRK,20100618,20.08,20.5,19.95,20.17,117700
KLAC,20100618,30.43,30.85,30.28,30.8,4463400
KLIC,20100618,8.17,8.31,8.06,8.18,1522400
KNDI,20100618,3.34,3.35,3.24,3.33,13600
KOPN,20100618,3.41,3.5,3.36,3.44,540000
KOSS,20100618,5.45,5.45,5.45,5.45,200
KRNY,20100618,9.58,9.58,9.42,9.5,92300
KTCC,20100618,5.38,5.38,5.25,5.32,9600
KTOS,20100618,11.47,11.59,11.41,11.45,29600
KVHI,20100618,12.71,12.82,12.51,12.76,74900
LAKE,20100618,10.09,10.11,9.7,9.77,4100
LAMR,20100618,28.49,28.69,27.86,27.87,551200
LANC,20100618,54.91,55.64,54.78,55.42,167600
LARK,20100618,17.25,17.25,17.25,17.25,0
LAWS,20100618,16.94,17.33,16.94,17.24,33000
LBAI,20100618,9.6,9.76,9.34,9.37,94300
LBTYA,20100618,13.7353,13.812,13.5871,13.6382,1301700
LBTYB,20100618,25.41,25.41,25.41,25.41,0
LBTYK,20100618,26.92,27,26.56,26.7,397600
LCUT,20100618,14.99,15.9,14.92,15.69,252500
LECO,20100618,27.675,28.125,27.575,28.03,152200
LFUS,20100618,35.8,36.33,35.71,36.09,150300
LGND,20100618,9.48,9.48,9,9.06,754400
LHCG,20100618,30.92,30.92,29.83,29.93,153800
LIFE,20100618,719.46,725.9,716.1,722.26,1795700
LINC,20100618,22.83,23.13,22.1,22.71,180300
LIVE,20100618,0.1733,0.19,0.1733,0.19,14900
LKFN,20100618,14.0867,14.32,13.98,14.16,82200
LLNW,20100618,4.1,4.11,4.03,4.07,202000
LMAT,20100618,5.41,5.5,5.4,5.4,3300
LMNR,20100618,22.25,22.25,21.15,21.15,26000
LNDC,20100618,6.31,6.38,6.15,6.16,102900
LOAN,20100618,1.33,1.38,1.33,1.36,2300
LOGC,20100618,1.08,1.17,1.08,1.16,3200
LOGI,20100618,15.38,15.42,15.17,15.3,1261800
LOOP,20100618,12.28,12.36,12.07,12.33,330800
LOPE,20100618,24.3,24.8,24,24.62,241500
LORL,20100618,40.58,40.88,39.27,39.84,97200
LPSN,20100618,7.12,7.55,6.96,7.55,516300
LPTH,20100618,1.72,1.92,1.63,1.68,221500
LQDT,20100618,13.78,13.91,13.43,13.65,215600
LRCX,20100618,42.45,42.96,41.89,41.99,2472200
LSBK,20100618,7.9,7.9,7.9,7.9,0
LSCC,20100618,5.04,5.12,4.98,5.12,1964700
LSTR,20100618,41.59,42.93,41.31,41.54,359600
LTBR,20100618,351.6,357,336.6,357,14400
LTRX,20100618,4.53,4.56,4.52,4.52,600
LULU,20100618,22.3,22.66,22.05,22.095,1518800
LUNA,20100618,2.16,2.17,2.08,2.15,5600
LWAY,20100618,10.09,10.18,9.9,10.08,18000
LXRX,20100618,9.73,9.73,9.17,9.73,1053100
LYTS,20100618,5.89,5.89,5.66,5.69,103500
MANH,20100618,7.3475,7.425,7.2675,7.3775,171600
MANT,20100618,46.51,46.95,45.78,46.11,297600
MARPS,20100618,16.41,16.49,15.51,16.34,1500
MASI,20100618,24.51,24.97,24.15,24.96,971900
MAT,20100618,22.73,22.8,22.42,22.5,5190000
MATW,20100618,32,32.23,31.5,31.56,200700
MAYS,20100618,14.54,14.54,14.54,14.54,0
MBWM,20100618,5.47,5.64,5.41,5.62,17400
MCBC,20100618,1.69,1.73,1.65,1.73,1800
MCHP,20100618,14.82,14.975,14.72,14.85,2455800
MCHX,20100618,4.82,4.9,4.74,4.8,92500
MCRI,20100618,11.24,11.27,11,11.2,40700
MDRX,20100618,16.31,16.35,16.04,16.18,2962100
MELI,20100618,60.99,60.99,58.47,59.23,986200
MEOH,20100618,21.92,21.92,21.65,21.9,168700
MERC,20100618,4.82,5,4.75,4.91,155700
MGEE,20100618,24.9,24.9,24.58,24.6267,93100
MGIC,20100618,2.37,2.52,2.35,2.45,87400
MGLN,20100618,39.35,39.35,38.65,38.71,367900
MGPI,20100618,7.51,7.58,7.42,7.53,31800
MGRC,20100618,23.5,23.64,23.15,23.32,89700
MGYR,20100618,3.76,3.76,3.76,3.76,0
MHLD,20100618,7.04,7.24,6.87,7.21,546200
MIDD,20100618,20.04,20.0833,19.69,19.8633,103700
MIND,20100618,6.8,7,6.75,6.9,56300
MKSI,20100618,20.86,21.28,20.59,20.78,452900
MKTX,20100618,14.69,14.87,14.34,14.64,189000
MLAB,20100618,24.9,24.9,24.9,24.9,0
MLHR,20100618,20,20.4,19.78,20.13,717700
MLVF,20100618,8.5,8.5,8.5,8.5,0
MMLP,20100618,30.41,30.41,30.19,30.32,45600
MMSI,20100618,13.232,13.544,13.192,13.496,214200
MNDO,20100618,2.06,2.09,2.06,2.09,27000
MNKD,20100618,29.25,30.3,28.9,29.4,1210500
MNOV,20100618,5.49,5.81,5.41,5.81,3600
MNRO,20100618,24.8933,25.1533,24.5467,25.0067,710900
MNST,20100618,6.545,6.6333,6.5083,6.5883,979000
MNTX,20100618,2.06,2.12,2.03,2.03,18000
MOFG,20100618,16.49,16.65,16.43,16.5,11100
MORN,20100618,46.21,46.56,45.99,46.39,79800
MOSY,20100618,910,946,898,934,38600
MOVE,20100618,9.32,9.56,9.2,9.52,1025100
MPAA,20100618,6.85,7,6.85,6.97,80400
MPAC,20100618,4.73,5,4.73,5,1500
MPB,20100618,9.51,9.51,9.51,9.51,0
MPWR,20100618,20.97,20.97,20.33,20.37,275300
MRCY,20100618,11.32,11.65,11.02,11.5,110100
MRLN,20100618,12.34,12.9,12.34,12.9,21000
MRNA,20100618,1.03,1.03,1,1.03,159800
MRTN,20100618,9.6355,10.0133,9.6355,9.7555,114400
MRVL,20100618,19.01,19.23,18.96,19.04,11335800
MSEX,20100618,15.93,16.15,15.75,16.11,169700
MSFT,20100618,26.37,26.53,26.17,26.44,52079200
MSON,20100618,2.19,2.2,2.16,2.2,5700
MSTR,20100618,79.07,79.72,78.2,78.51,109400
MTEX,20100618,23.6,24.6,23.1,24.6,103800
MTRX,20100618,10.11,10.34,9.9,10.22,312600
MU,20100618,9.9,10.14,9.82,10,24576400
MVIS,20100618,24.64,25.52,23.6,25.44,943000
MYGN,20100618,16.81,16.9,16.48,16.55,1483900
MYRG,20100618,16.91,17.15,16.7,17.04,112600
NAII,20100618,6.2,6.3,6.2,6.3,4800
NATH,20100618,15.41,15.62,15.2,15.4,16000
NATI,20100618,21.7533,21.9933,21.7267,21.8,272500
NATR,20100618,10.95,12.48,10.95,12.45,27900
NAVI,20100618,2.61,2.68,2.6,2.68,30700
NBIX,20100618,5.58,5.58,5.41,5.5,795300
NBN,20100618,12.51,12.51,12,12.12,8500
NBTB,20100618,21.95,21.95,21.57,21.73,153300
NCMI,20100618,18.34,18.39,17.94,18.02,337500
NCTY,20100618,112.5,116.4,111.3,114.3,127200
NDAQ,20100618,19.44,19.44,19.12,19.17,2401900
NDSN,20100618,31.58,32,30.005,31.52,253700
NECB,20100618,5.22,5.4,5.03,5.08,29300
NEOG,20100618,13.35,13.35,13.015,13.155,109900
NEPT,20100618,1.48,1.52,1.48,1.5,8200
NEWT,20100618,6.55,7,6.55,7,2000
NFBK,20100618,13.6,13.78,13.59,13.76,162400
NFLX,20100618,17.99,18.1571,17.7886,18.06,2492900
NICE,20100618,28.3,28.4,28.11,28.21,82600
NICK,20100618,7.96,8.17,7.92,8.12,900
NKSH,20100618,24.4,25.16,24.4,25.05,29700
NKTR,20100618,13.2,13.32,12.88,13.12,905300
NLTX,20100618,0.43,0.43,0.4,0.4,11000
NNBR,20100618,5.6,5.69,5.6,5.63,128200
NRIM,20100618,16.53,16.65,16.48,16.58,52700
NSEC,20100618,12.31,12.31,12.31,12.31,200
NSIT,20100618,14.84,15.16,14.62,15.01,561000
NSSC,20100618,1.85,1.9,1.8,1.8,10500
NSYS,20100618,3.84,3.84,3.84,3.84,100
NTAP,20100618,41.78,41.84,41.22,41.22,10262100
NTCT,20100618,14.23,14.38,14.03,14.25,174800
NTES,20100618,6.05,6.114,6.024,6.07,1237900
NTGR,20100618,21.15,21.38,20.95,21.11,303900
NTIC,20100618,5.025,5.025,5.025,5.025,0
NTRS,20100618,50.88,51,50.02,50.3,2904000
NTWK,20100618,8.4,8.4,8.2,8.3,56900
NUAN,20100618,17.56,17.68,17.32,17.4,2119500
NURO,20100618,226.56,234.24,201.6,234.24,10300
NUVA,20100618,41.03,41.03,40.03,40.14,497700
NVAX,20100618,46.2,46.2,45.2,45.6,553900
NVDA,20100618,3.0725,3.1125,3.05,3.075,23325100
NVEC,20100618,48.4,48.63,47.01,48.26,25500
NVMI,20100618,4.84,4.94,4.75,4.86,25700
NWBI,20100618,11.92,11.95,11.78,11.92,812600
NWFL,20100618,24.88,24.91,24.5,24.73,11400
NWLI,20100618,161.61,167.31,161.61,164.6,7900
NWPX,20100618,20.25,20.38,19.38,20.26,151000
NWS,20100618,16.19,16.19,15.87,16.04,2175900
NWSA,20100618,14.2,14.2,13.88,14,15074500
NXST,20100618,5.82,5.85,5.67,5.85,16200
NYMT,20100618,6.85,7,6.82,6.99,71200
NYMX,20100618,4.02,4.13,3.91,3.97,53300
OBAS,20100618,7.1,7.1,7.1,7.1,0
OBCI,20100618,2.3,2.3,2.15,2.26,9400
OCFC,20100618,12.4,12.4,12.19,12.2,65100
ODFL,20100618,16.3111,16.5822,16.0667,16.5022,301200
OFIX,20100618,32.11,32.55,30.96,32.53,252500
OFLX,20100618,12.76,12.95,12.61,12.89,15100
OIIM,20100618,6.88,6.88,6.61,6.69,228000
OMAB,20100618,14.45,14.45,14.13,14.3,21200
OMCL,20100618,12.67,12.67,12.14,12.2,284800
OMER,20100618,5.87,6.1,5.82,6.08,97800
OMEX,20100618,13.44,14.04,12.72,13.32,612200
ONCY,20100618,2.97,2.97,2.85,2.95,22500
ONEQ,20100618,90.94,91.4,90.87,90.99,3800
OPEN,20100618,44.28,45.68,43.86,45.45,245400
OPHC,20100618,18,18,18,18,1900
OPNT,20100618,15.96,16.22,15.68,15.7,116400
OPOF,20100618,12.5,12.5,12.03,12.46,31700
ORLY,20100618,50.34,50.8,49.7,49.93,2370300
ORRF,20100618,22.76,23.06,22.75,22.97,40900
OSBC,20100618,3.78,3.78,3.68,3.75,62200
OSIS,20100618,29,29.5,28.64,29.29,286600
OSTK,20100618,21.68,22.05,21.09,21.45,175800
OSUR,20100618,5.1,5.34,4.95,5.19,236800
OTEX,20100618,9.8625,9.8875,9.71,9.8875,113800
OTTR,20100618,20.51,20.58,20.18,20.4,251200
OVBC,20100618,19.06,19.63,18.95,19.11,19100
OVLY,20100618,5.75,5.75,5.75,5.75,200
PAAS,20100618,27.2,27.82,27.11,27.71,1843400
PACW,20100618,19.86,19.87,18.99,19.49,465300
PANL,20100618,19.4,19.4,18.67,18.71,414800
PATK,20100618,1.08,1.1111,1.0222,1.1111,4000
PAYX,20100618,28.67,28.73,28.27,28.33,4658300
PBCT,20100618,14.61,14.69,14.47,14.54,5542100
PBHC,20100618,6.3,6.3,6.3,6.3,0
PBIP,20100618,6.58,6.79,6.54,6.59,40700
PCAR,20100618,43.66,44.37,43.47,43.65,2911600
PCTI,20100618,6.24,6.32,6.15,6.18,100700
PCYO,20100618,2.61,2.63,2.6,2.63,800
PDCO,20100618,30.45,30.79,30.17,30.75,1252600
PDFS,20100618,4.96,5.06,4.96,5.02,58400
PEBK,20100618,5.33,5.8,5.33,5.8,4400
PEBO,20100618,14.47,15.03,14.32,14.85,54700
PEGA,20100618,15.83,15.86,15.65,15.755,290900
PENN,20100618,26.89,27.09,26.42,26.52,248700
PESI,20100618,8.85,10.3,8.8,9.85,1089900
PETS,20100618,17.8,18.15,17.37,17.46,451700
PFBC,20100618,2.32,2.45,2.22,2.39,37800
PFIN,20100618,2.15,2.15,2.11,2.11,2100
PFSW,20100618,3.73,3.75,3.59,3.7,64900
PGC,20100618,13.57,13.83,13.36,13.81,49300
PKBK,20100618,9.0909,9.0909,8.9455,8.9455,300
PKOH,20100618,15.68,15.9,15.51,15.67,47000
PLAB,20100618,5.18,5.19,4.98,5.05,499600
PLBC,20100618,2.76,2.76,2.71,2.71,400
PLCE,20100618,48.38,49.71,47.96,48.5,1143300
PLPC,20100618,31.11,31.41,30.81,30.99,12800
PLUG,20100618,0.48,0.53,0.46,0.5,1274400
PLUS,20100618,9.24,9.415,9.16,9.38,47700
PLXS,20100618,31.03,31.13,30.34,30.62,596600
PMD,20100618,8.28,8.36,8,8,3700
PNBK,20100618,16.8,18.2,16.8,18.2,6800
PNFP,20100618,12.94,13.04,12.7,12.85,248700
PNNT,20100618,10.35,10.49,10.27,10.47,276500
PNQI,20100618,27.68,27.68,27.6,27.63,3000
PNRG,20100618,19.82,19.82,18.76,18.76,4200
PODD,20100618,15.52,15.61,15.22,15.39,283400
POOL,20100618,23.28,23.36,22.44,23.26,483900
POWI,20100618,17.695,17.81,17.49,17.695,301900
POWL,20100618,28.4,28.72,27.82,28.05,87200
PPBI,20100618,4.4,4.4,4.25,4.25,2100
PRAA,20100618,23.92,23.92,23.5833,23.5933,198900
PRFT,20100618,10.7,10.81,10.39,10.63,187800
PRFZ,20100618,54.79,55.09,54.4,54.5,12700
PRGS,20100618,22.2733,22.2733,21.8933,22.1133,341300
PRIM,20100618,6.16,6.17,6.08,6.08,98800
PROV,20100618,5.37,5.42,5.34,5.42,20900
PRPH,20100618,1.5,1.68,1.5,1.68,4200
PRTS,20100618,7.31,7.39,7.16,7.24,75400
PSEC,20100618,10.84,11,10.7,10.87,849200
PSMT,20100618,25.4,25.4,24.6,24.67,195000
PSTI,20100618,11.4,11.9,10.7,11.9,49900
PTEN,20100618,14.81,15.03,14.65,14.93,3246500
PTIX,20100618,2.54,2.54,2.54,2.54,200
PTNR,20100618,16.99,16.99,16.72,16.85,180900
PTSI,20100618,15.62,16.21,15.62,15.82,20300
PWOD,20100618,19.4933,19.9067,19.32,19.6533,20600
PXLW,20100618,3.71,3.71,3.55,3.68,59800
PZZA,20100618,12.375,12.445,12.005,12.4,228000
QABA,20100618,24.24,24.29,24.24,24.25,1100
QCLN,20100618,14.71,14.74,14.65,14.7,2400
QCOM,20100618,35.75,36.07,35.57,35.69,25396000
QCRH,20100618,9.35,9.8,9.07,9.8,4900
QDEL,20100618,12.35,12.45,12.27,12.35,283900
QNST,20100618,12.5,13.21,12.42,12.8,536400
QQEW,20100618,20.49,20.57,20.37,20.43,114900
QQQ,20100618,47.06,47.34,46.86,47,75921300
QQQX,20100618,12.77,13,12.67,12.97,91400
QQXT,20100618,18.43,18.5,18.32,18.35,4100
QTEC,20100618,21.76,21.89,21.66,21.76,133400
QUIK,20100618,43.82,44.1,42.28,43.96,167400
RADA,20100618,4,4.04,3.9,4.04,300
RAIL,20100618,26,26.39,25.64,25.68,85400
RAM,20100618,2.28,2.4,2.23,2.3,520300
RAND,20100618,27.99,27.99,27.99,27.99,0
RAVN,20100618,18.745,18.765,18.405,18.54,122000
RBCAA,20100618,24.45,24.5,24.2,24.23,68300
RBCN,20100618,310.4,337.3,308.9,329.1,1206600
RCII,20100618,23.21,23.49,22.85,23.11,1016500
RCKY,20100618,8.01,8.1,7.83,7.87,19200
RCMT,20100618,4.99,5.23,4.98,5.12,43600
RCON,20100618,31.7,32.4,29,30,622400
RDCM,20100618,4.23,4.34,4.08,4.24,6600
RDI,20100618,4.07,4.14,4,4.07,107300
RDIB,20100618,6.6,6.6,6.6,6.6,0
RDNT,20100618,2.81,2.91,2.68,2.89,178500
RDWR,20100618,10.75,10.75,10.595,10.715,46700
REED,20100618,2,2.04,1.95,1.95,21000
REFR,20100618,3.71,4,3.56,3.7,91700
REGN,20100618,26.5,26.67,25.81,26.11,1299500
RELL,20100618,9.21,9.27,9.11,9.21,56400
RENT,20100618,25.25,25.51,25.12,25.48,60400
RFIL,20100618,2.56,2.57,2.56,2.57,2400
RGCO,20100618,10.4667,10.4967,10.4333,10.48,1500
RGEN,20100618,3.35,3.35,3.3,3.3,131800
RGLD,20100618,53.71,54.52,53.39,53.79,1391700
RICK,20100618,9.15,9.16,8.8,8.88,115800
RIGL,20100618,7.63,7.63,7.24,7.24,496400
RMBS,20100618,18.97,19.03,18.74,18.94,1912800
RMCF,20100618,9.35,9.71,9.35,9.7,8100
RMTI,20100618,4.52,4.6,4.37,4.49,77000
RNST,20100618,14.07,14.33,13.98,14.24,148500
RNWK,20100618,3.59,3.79,3.52,3.75,1085100
ROCK,20100618,12.42,12.5,12.01,12.05,155300
ROIC,20100618,9.6,9.75,9.6,9.73,102400
ROLL,20100618,31.43,31.43,30.6,30.97,117800
ROST,20100618,14.475,14.54,14.295,14.3275,1873900
RPRX,20100618,0.43,0.44,0.41,0.42,871100
RRGB,20100618,19.61,20.05,19.61,19.86,244100
RUSHA,20100618,9.9867,10.0933,9.8467,10.0133,156500
RUSHB,20100618,8.84,8.84,8.5867,8.7133,18500
RUTH,20100618,4.56,4.68,4.48,4.62,231600
RVSB,20100618,2.52,2.63,2.51,2.59,12400
RYAAY,20100618,27.7,28.17,27.54,27.69,1253400
SAFM,20100618,51.78,51.78,50.65,51.52,247300
SAFT,20100618,38.57,38.57,37.78,38.31,72400
SAIA,20100618,10.2333,10.24,9.8867,9.9133,134200
SALM,20100618,4,4.19,4,4.19,3300
SANM,20100618,15.53,16.01,15.37,15.77,609500
SANW,20100618,3.95,3.95,3.71,3.71,22200
SASR,20100618,15.89,15.92,15.49,15.58,154100
SATS,20100618,17.4119,17.4119,16.8431,16.9163,432100
SBAC,20100618,34.99,35.37,34.75,35.33,2228700
SBCF,20100618,6.85,7.5,6.85,7.5,453900
SBGI,20100618,6.51,6.69,6.43,6.64,564400
SBLK,20100618,201,204,198.75,200.25,112600
SBNY,20100618,37.38,37.47,36.72,37.43,428300
SBSI,20100618,19.0762,19.2286,18.8095,19.1524,70100
SBUX,20100618,13.99,14.18,13.87,14.045,9418900
SCHL,20100618,26.5,26.67,26.09,26.43,158700
SCHN,20100618,43.75,44.01,43.46,44,309700
SCKT,20100618,2.66,2.7,2.6,2.69,3900
SCOR,20100618,18.44,18.48,18.11,18.35,209900
SCSC,20100618,25.89,26.28,25.41,25.69,215000
SCVL,20100618,15.7133,15.9267,15.38,15.44,78600
SEAC,20100618,8.47,8.56,8.29,8.53,154800
SEED,20100618,89.3,89.5,87,88.5,226100
SEIC,20100618,21.63,21.93,21.44,21.44,1013900
SENEA,20100618,32.77,32.98,31.75,32.68,53700
SENEB,20100618,32.99,32.99,32.99,32.99,100
SFNC,20100618,13.59,13.745,13.395,13.66,75600
SFST,20100618,7.5,7.51,7.5,7.51,1600
SGC,20100618,10,10.2,9.79,9.79,2200
SGEN,20100618,13.5,13.52,12.83,12.96,2047400
SGMA,20100618,5.31,5.43,5.22,5.43,1600
SGMO,20100618,4.3,4.38,4.15,4.24,284200
SGMS,20100618,10.38,10.43,10.1,10.26,461300
SGRP,20100618,0.91,0.91,0.9,0.9,1300
SHBI,20100618,13.53,13.68,13.48,13.64,37800
SHEN,20100618,8.485,8.565,8.305,8.34,81500
SHIP,20100618,1536,1536,1464,1500,151900
SHIPW,20100618,0.05,0.05,0.05,0.05,0
SHOO,20100618,10.5481,10.6578,10.397,10.4622,369000
SHY,20100618,83.89,83.91,83.87,83.89,591900
SIEB,20100618,2.14,2.14,2.14,2.14,0
SIFY,20100618,1.4,1.47,1.38,1.4,19400
SIGA,20100618,6.85,6.97,6.73,6.8,330800
SIGI,20100618,15.8,15.92,15.43,15.82,344100
SILC,20100618,8.53,8.59,8.34,8.45,18200
SIMO,20100618,5.54,5.54,5.4,5.43,49400
SINO,20100618,13.9,15.5,13.4,14.05,4400
SIRI,20100618,1.03,1.05,1.02,1.04,35181700
SIVB,20100618,44.88,44.94,44.24,44.87,411800
SKYW,20100618,13.64,13.65,13.41,13.51,568500
SLAB,20100618,46.02,46.2,45.36,45.43,614700
SLGN,20100618,14.94,15.055,14.66,14.675,672300
SLP,20100618,2.26,2.26,2.19,2.25,2900
SLRC,20100618,19.55,19.87,19.18,19.4,311400
SMBC,20100618,7.875,7.875,7.875,7.875,0
SMCI,20100618,14.5,14.56,14.11,14.45,169100
SMED,20100618,4.8,4.84,4.63,4.66,39100
SMIT,20100618,3.43,3.5,3.4,3.41,700
SMMF,20100618,3.16,3.3,3.15,3.3,15600
SMSI,20100618,42.76,44.08,42.48,43.68,427200
SMTC,20100618,17.99,18.19,17.79,17.99,815600
SNCR,20100618,20.67,21.05,20.62,20.82,119200
SNFCA,20100618,1.97,2.29,1.97,2.29,1100
SNPS,20100618,22.39,22.5,22.3,22.41,1123000
SOHU,20100618,43.97,44.21,43.57,44.03,498900
SONO,20100618,27.56,28.72,27.56,27.67,226200
SPNS,20100618,2.95,3.05,2.85,2.97,6400
SPPI,20100618,4.08,4.16,4.03,4.14,432800
SPRO,20100618,2.96,2.97,2.85,2.97,12500
SPSC,20100618,12.44,12.87,12.18,12.18,133900
SPTN,20100618,14.7,14.85,14.34,14.74,136000
SQQQ,20100618,69721.6,70604.8,68544,69875.2,238100
SRCE,20100618,18.33,18.45,17.93,17.94,58400
SRCL,20100618,65.09,66.12,65.02,65.44,1408800
SRDX,20100618,16.7,16.71,16.51,16.61,130600
SSBI,20100618,6.5,6.6,6.46,6.56,3900
SSNC,20100618,17.67,17.7,16.51,16.99,166600
SSYS,20100618,25.75,26.12,25.41,26.09,173200
STAA,20100618,5.16,5.39,5.12,5.39,96500
STBA,20100618,21.38,21.4,20.86,21.12,155300
STFC,20100618,17.99,18.04,17.67,17.67,67900
STKL,20100618,4.98,5.05,4.79,4.89,362900
STLD,20100618,13.81,14.02,13.73,13.97,4192100
STRA,20100618,247.24,250.81,244.72,246.14,94600
STRC,20100618,4.05,4.13,3.95,3.95,11300
STRL,20100618,15.21,15.21,14.91,15.15,80700
STRM,20100618,1.47,1.55,1.44,1.54,7800
STRN,20100618,6.67,6.67,6.67,6.67,0
STRS,20100618,10,10.24,10,10.23,1400
STRT,20100618,21.55,22,21.55,21.72,2900
STSA,20100618,48.18,48.18,44.88,45.54,874400
STX,20100618,15.51,15.56,15.24,15.35,8109000
SUMR,20100618,65.07,66.42,64.71,65.52,32500
SURG,20100618,2.61,2.68,2.53,2.67,82200
SVBI,20100618,5.11,5.6,5.11,5.6,6000
SWIR,20100618,7.4,7.42,7.25,7.28,57100
SWKS,20100618,17.77,18.18,17.74,17.88,8964700
SYBT,20100618,16.12,16.16,15.9067,16.0133,44800
SYNA,20100618,28.42,28.47,27.87,28.04,306500
SYNL,20100618,9.3,9.62,9.12,9.31,27800
SYPR,20100618,3.95,4.08,3.85,4.03,10800
TACT,20100618,7.44,7.49,7.33,7.33,3900
TAIT,20100618,1.11,1.11,1.11,1.11,100
TAST,20100618,5.62,5.62,5.37,5.46,151800
TATT,20100618,6.88,7.02,6.81,6.93,400
TAYD,20100618,5.45,5.45,5.45,5.45,200
TBBK,20100618,8.24,8.28,8.12,8.2,224700
TBNK,20100618,19.13,19.2,18.85,19.17,51400
TCBI,20100618,18.56,18.56,17.97,18.23,231300
TCBK,20100618,18.99,19.45,18.92,19.24,65200
TCX,20100618,2.72,2.8,2.68,2.76,45000
TEAM,20100618,6.21,6.4,6,6.31,6200
TECH,20100618,60.31,61.19,60.11,60.23,86000
TESS,20100618,16.9,17.29,16.9,17.25,4200
TFSL,20100618,12.95,13.02,12.82,13,847600
TGA,20100618,7.78,7.9,7.71,7.9,312400
THFF,20100618,27.3,27.46,27.09,27.27,50700
THRX,20100618,15.55,15.87,14.94,15.04,2945500
TIGR,20100618,5.15,5.15,5.05,5.09,8400
TITN,20100618,14.5,14.64,14.38,14.48,127900
TLT,20100618,97.89,98.11,97.57,97.69,4171600
TNDM,20100618,12,12.02,11.95,11.95,479500
TOPS,20100618,7980000,7980000,7490000,7980000,12300
TOWN,20100618,14.91,15,14.71,14.96,122500
TQQQ,20100618,2.0665,2.1029,2.0408,2.0615,363400
TREE,20100618,6.78,6.96,6.72,6.91,44100
TRIB,20100618,6.46,6.49,6.38,6.49,22200
TRIT,20100618,10.05,10.05,9.7,9.75,19700
TRMB,20100618,15.065,15.36,15.065,15.235,488400
TRMD,20100618,80.4,81.2,79.5,80.4,22600
TRMK,20100618,21.75,21.83,21.34,21.67,486400
TRNS,20100618,7.39,7.4,7.36,7.4,5200
TROW,20100618,49.44,49.6,48.88,49.34,2182700
TRS,20100618,11.79,12.27,11.72,12.2,211900
TRST,20100618,6.21,6.21,6.09,6.19,319800
TRUE,20100618,2.3,2.8,2.26,2.8,5500
TSBK,20100618,3.74,3.92,3.74,3.76,14400
TSCO,20100618,16.6275,16.9325,16.5075,16.7975,970500
TSEM,20100618,22.05,22.2,21.75,22.2,132300
TSRI,20100618,2.33,2.37,2.29,2.37,1500
TTEC,20100618,13.61,13.61,13.35,13.39,236800
TTEK,20100618,21.76,21.91,21.3,21.4,912500
TTGT,20100618,5.79,5.91,5.67,5.89,82000
TTMI,20100618,9.91,9.93,9.76,9.82,769600
TTWO,20100618,10.33,10.38,9.97,10.07,1948800
TW,20100618,43.22,44.14,42.82,43.8,608400
TWIN,20100618,13.17,13.38,13.05,13.1,33000
TXN,20100618,25.51,25.69,25.27,25.45,12038200
TXRH,20100618,14.63,14.79,14.12,14.71,739000
TZOO,20100618,15.35,15.52,15.23,15.29,49000
UBCP,20100618,8.39,8.5,8.29,8.37,2300
UBFO,20100618,4.3,4.49,4.2,4.31,24900
UBOH,20100618,10,10.02,9.6,9.6,2000
UBSI,20100618,26.68,26.77,26.1,26.55,195300
UCBI,20100618,4.31,4.55,4.28,4.55,825900
UCTT,20100618,9.03,9.29,8.87,9.13,144900
UEIC,20100618,19.1,19.13,18.59,18.75,71600
UEPS,20100618,15.16,15.19,14.9,15.07,421800
UFCS,20100618,21.6,21.66,21.18,21.61,105000
UFPI,20100618,31.5,32.33,30.36,31.34,1968500
UFPT,20100618,9.99,10.18,9.97,10,17900
UG,20100618,12.15,12.2,12.08,12.08,2600
UHAL,20100618,55.13,57.36,53.81,56.1,62500
ULBI,20100618,4.91,5,4.87,4.88,152600
ULTA,20100618,25.97,26.49,25.83,26.18,781700
UMBF,20100618,37.99,37.99,37.22,37.38,205700
UMPQ,20100618,12.43,12.56,12.25,12.56,959400
UNAM,20100618,9.45,9.65,9.45,9.65,400
UNB,20100618,17.75,17.8,17.75,17.8,700
UNTY,20100618,5.4,5.4,5.4,5.4,200
URBN,20100618,36.59,37.35,36.4,36.53,2010500
USAK,20100618,15.39,15.45,15.01,15.23,77700
USAP,20100618,18.95,19.14,18.86,18.86,30400
USEG,20100618,316.2,319.2,310.2,314.4,109200
USLM,20100618,39.6,40.5,39.26,39.99,10800
UTHR,20100618,54.49,54.95,54.19,54.33,516700
UTMD,20100618,26.44,27.03,26.31,26.56,13900
UTSI,20100618,5.64,5.91,5.58,5.7,672300
UVSP,20100618,19.07,19.15,18.82,18.85,67700
VALU,20100618,17.86,17.96,17.52,17.9,8500
VBFC,20100618,48.16,50.24,48.16,50.24,400
VCIT,20100618,77.15,77.19,77.05,77.05,29800
VCLT,20100618,75.99,76,75.61,75.92,3000
VCSH,20100618,76.16,76.36,76.16,76.34,74500
VECO,20100618,39.39,42.19,39.3,41.98,4149000
VGIT,20100618,61.35,61.36,61.33,61.33,5100
VGLT,20100618,61.91,61.91,61.44,61.51,4600
VGSH,20100618,60.52,60.52,60.45,60.45,6200
VIA,20100618,39.62,39.93,39.28,39.5,75000
VICR,20100618,12.34,12.65,12.17,12.35,98900
VIRC,20100618,3.23,3.48,3.11,3.48,7500
VIVO,20100618,17.99,18.34,17.89,18,269500
VLGEA,20100618,26.81,27.19,26.7,26.98,20900
VMBS,20100618,51.03,51.14,51.03,51.12,11000
VNDA,20100618,6.91,7,6.68,6.76,445500
VOD,20100618,21.35,21.41,21.22,21.24,5725900
VOXX,20100618,7.99,7.99,7.61,7.89,83200
VRSK,20100618,30.4,30.5,30.2,30.4,332700
VRSN,20100618,29.59,29.75,29.34,29.39,4775300
VRTS,20100618,22.96,22.97,22.35,22.36,39900
VRTX,20100618,36.72,36.92,36.32,36.82,3401000
VSAT,20100618,34.51,34.67,34.07,34.61,462100
VSEC,20100618,18.04,18.205,17.69,18.025,20200
WABC,20100618,55.56,55.88,55,55.42,291300
WAFD,20100618,17.3,17.71,17.19,17.71,829800
WASH,20100618,18.48,18.48,18.3,18.34,63800
WAVE,20100618,0.33,0.33,0.28,0.28,117800
WDC,20100618,35.26,35.41,34.82,35.01,3507400
WDFC,20100618,33.32,33.69,33.08,33.4,96800
WERN,20100618,23.74,23.81,23.41,23.52,706000
WEYS,20100618,24.4,24.52,24.06,24.07,24900
WILC,20100618,5.71,5.79,5.71,5.71,7400
WINA,20100618,33.75,34.69,33.7,34.69,7600
WIRE,20100618,20.46,20.46,20.01,20.09,97100
WLDN,20100618,2.69,2.98,2.69,2.98,17900
WLFC,20100618,10.73,10.82,10.16,10.46,43000
WOOD,20100618,40.65,40.89,40.65,40.78,1900
WOOF,20100618,27.03,27.61,26.93,27.37,506600
WPRT,20100618,19,19,18.58,18.62,449300
WRLD,20100618,39.32,40,38.67,39.74,305500
WSBC,20100618,18.38,18.38,17.98,18.11,102100
WSBF,20100618,3.53,3.63,3.53,3.59,28900
WSFS,20100618,13.1333,13.1333,12.7233,12.8667,44400
WSTG,20100618,10.17,10.17,9.89,9.96,12400
WTBA,20100618,7.73,7.9,7.46,7.63,84200
WTFC,20100618,36.09,36.37,35.37,35.96,444000
WVFC,20100618,10.5,12.25,10.5,12,16600
WVVI,20100618,3.6,3.6,3.6,3.6,200
WYNN,20100618,85.53,86.3,84.55,85.03,2148300
XLNX,20100618,26.69,27.01,26.61,26.8,7086000
XOMA,20100618,9.8,10,9.6,10,1369700
XRAY,20100618,31.57,31.76,31.31,31.72,1220400
XRTX,20100618,199.44,201.6,193.68,195.36,422000
YORW,20100618,13.98,14,13.8,13.95,46400
ZBRA,20100618,27.33,27.58,27.17,27.49,288400
ZEUS,20100618,26.75,26.75,25.58,25.67,94800
ZION,20100618,23.83,24,23.35,23.98,8289500
ZIOP,20100618,4.78,4.92,4.71,4.85,205100
ZIXI,20100618,2.38,2.38,2.27,2.29,638700
ZUMZ,20100618,17,18.06,16.7,17.68,1187100
