AAME,20100324,1.6,1.6,1.45,1.45,7500
AAON,20100324,6.6163,6.6459,6.5215,6.5422,59000
AAPL,20100324,8.13,8.2214,8.1254,8.1918,21367100
AAWW,20100324,50.3,50.7,48.48,50.16,423700
AAXJ,20100324,55.9,55.95,55.44,55.59,117900
ABCB,20100324,9.73,9.76,9.41,9.51,54000
ABIO,20100324,2033.64,2033.64,1965.6,1995.84,21400
ABMD,20100324,10.31,10.48,10.31,10.44,159100
ACAD,20100324,1.61,1.66,1.56,1.6,513500
ACET,20100324,6.14,6.26,6.11,6.18,136500
ACGL,20100324,8.3667,8.4189,8.3333,8.3844,252000
ACIW,20100324,7.1633,7.19,7.0667,7.1067,94700
ACLS,20100324,6.48,6.56,6.28,6.32,305600
ACMR,20100324,2.7,2.78,2.7,2.78,70800
ACOR,20100324,35.5,35.65,34.99,35.43,260200
ACTG,20100324,10.24,10.53,10.2,10.42,121500
ACWI,20100324,43.2,43.2,42.91,42.97,108200
ACWX,20100324,41.05,41.1,40.83,40.93,35100
ADBE,20100324,37.12,37.3,36.48,36.51,16779200
ADES,20100324,3.485,3.975,3.485,3.9,109700
ADI,20100324,30.32,30.32,29.03,29.06,7601000
ADP,20100324,39.2363,39.4117,38.8849,38.9289,3958200
ADPT,20100324,3.26,3.29,3.21,3.24,383800
ADRE,20100324,43.22,43.46,43,43.08,62000
ADSK,20100324,29.72,29.79,29.39,29.43,2421100
ADTN,20100324,26.38,26.61,26.14,26.26,770200
ADUS,20100324,6.44,6.45,6.34,6.37,96600
AEHR,20100324,2.28,2.4,2.2,2.28,43000
AEIS,20100324,15.4,15.43,14.87,14.94,208500
AEY,20100324,2.24,2.25,2.18,2.19,1200
AEZS,20100324,528,546,504,510,1801000
AGEN,20100324,0.77,0.78,0.75,0.76,146600
AGNC,20100324,28.18,28.25,28.05,28.11,916400
AGYS,20100324,11.6,11.72,11.27,11.29,122600
AHPI,20100324,3.92,3.92,3.92,3.92,500
AIMC,20100324,13.21,13.39,12.73,13.19,236300
AINV,20100324,37.8,38.25,37.29,37.59,1141900
AIRT,20100324,11.65,12,11.65,11.98,16000
AKAM,20100324,31.38,31.69,31.23,31.56,4740600
ALCO,20100324,26.3,26.45,25.83,26.32,14000
ALGN,20100324,19.8,19.98,19.48,19.66,315100
ALGT,20100324,57.31,58.21,57.31,58.06,773800
ALKS,20100324,13.2,13.23,12.97,13,440200
ALLT,20100324,4.86,4.9,4.75,4.76,25800
ALNY,20100324,18.78,18.85,18.01,18.07,205900
ALOT,20100324,7.92,7.96,7.51,7.76,1600
ALRN,20100324,0.76,0.82,0.74,0.77,1500
ALTR,20100324,25.19,25.24,24.47,24.52,11071800
ALVR,20100324,38.1,39.8,38.1,39.4,537000
AMAT,20100324,13.18,13.23,12.91,13,34134600
AMD,20100324,9.38,9.38,9.2,9.23,12097700
AMED,20100324,60.45,60.55,59.6,60.04,456200
AMGN,20100324,59.79,60,58.96,59.07,9374900
AMKR,20100324,6.89,6.89,6.67,6.82,2844300
AMNB,20100324,21.01,21.77,21.01,21.03,15300
AMOT,20100324,3.47,3.55,3.34,3.35,23400
AMPH,20100324,25.25,25.51,25.01,25.14,10200
AMPL,20100324,56,57.2,54.8,54.8,29900
AMRN,20100324,1.39,1.6,1.38,1.52,159100
AMSC,20100324,288,291.5,280.1,281.5,1915100
AMSF,20100324,16.17,16.38,16.17,16.25,69900
AMSWA,20100324,6.12,6.17,5.96,6.01,33300
AMWD,20100324,20.15,20.3,20.11,20.11,9900
AMZN,20100324,128.64,129.4,127.2,128.04,4703200
ANAT,20100324,117.45,119.91,116.92,118.89,18000
ANDE,20100324,21.5267,22.1933,21.4333,21.98,367200
ANGN,20100324,4.52,4.55,4.51,4.55,800
ANGO,20100324,15.65,15.77,15.41,15.52,175600
ANIK,20100324,6.69,6.77,6.55,6.75,40800
ANSS,20100324,44.55,44.97,44.23,44.41,264400
APAC,20100324,5.8,5.87,5.77,5.8,106100
APEI,20100324,46.5,46.63,44.93,45.03,82000
APOG,20100324,16.35,16.49,16.09,16.1,131800
ARAY,20100324,6.7,6.77,6.61,6.7,451100
ARCC,20100324,14.3,14.47,14.16,14.37,1268700
ARKR,20100324,13.48,13.55,13.4,13.4,2500
ARLP,20100324,20.46,20.955,20.21,20.855,68400
ARNA,20100324,34.4,34.7,33.3,33.3,2354300
AROW,20100324,27.21,27.56,27.08,27.2,10300
ARRY,20100324,2.52,2.67,2.52,2.61,367700
ARTNA,20100324,17.84,17.9,17.65,17.89,7700
ARTW,20100324,5.95,6.04,5.85,6.04,16700
ARWR,20100324,1.03,1.07,0.97,1.02,4583300
ASML,20100324,34.93,35.2,34.62,34.83,1585400
ASPS,20100324,24.25,24.41,23.73,23.96,265400
ASRV,20100324,1.95,1.95,1.77,1.85,9800
ASTC,20100324,3.21,3.48,3.07,3.48,454400
ASTE,20100324,31.24,31.56,30.74,31.02,290500
ASUR,20100324,1.48,1.5133,1.48,1.5133,900
ASYS,20100324,9.5,9.5,9.41,9.41,15300
ATAI,20100324,4.08,4.08,4,4.03,66800
ATAX,20100324,6.09,6.14,6,6.1,70000
ATEC,20100324,77.4,77.88,76.08,76.2,98900
ATHX,20100324,2.86,3.09,2.85,3.02,506100
ATLO,20100324,20.8,20.8,20.24,20.38,5700
ATNI,20100324,42.85,43.11,41.7,41.75,85900
ATRC,20100324,5.52,5.64,5.45,5.57,10300
ATRI,20100324,148.01,149.69,148,149.11,1400
ATRO,20100324,8.225,8.2333,8.0083,8.0083,42900
ATSG,20100324,2.19,2.25,2.18,2.22,417600
ATVI,20100324,12.05,12.05,11.85,11.93,10483000
AUBN,20100324,19.95,19.99,19.8,19.88,1400
AUDC,20100324,3.94,3.98,3.9,3.95,74400
AVAV,20100324,24.33,24.45,23.96,24.24,274400
AVEO,20100324,86,86,83,86,58000
AVGO,20100324,20.2,20.2,19.57,19.62,153400
AVID,20100324,14.13,14.22,13.93,14.04,156300
AVNW,20100324,80.28,81.12,77.88,78.6,265600
AWRE,20100324,2.37,2.48,2.36,2.46,2800
AXTI,20100324,3.35,3.35,3.18,3.21,319300
AZPN,20100324,10.57,10.59,10.27,10.45,25100
BANF,20100324,43.7,43.74,42.75,43.22,15600
BANFP,20100324,25.85,25.85,25.85,25.85,400
BANR,20100324,26.67,27.3,26.04,27.02,87500
BBBY,20100324,44.4,44.4,43.89,44.12,2075000
BBGI,20100324,3.57,4.05,3.57,3.75,3800
BBSI,20100324,13.78,14.14,13.7,14.12,46900
BCBP,20100324,9.05,9.05,8.76,9.05,300
BCPC,20100324,24.94,25.03,24.62,24.63,46500
BCRX,20100324,6.88,7.02,6.78,6.81,344300
BDSI,20100324,3.96,4.1,3.95,4.04,87600
BEAT,20100324,7.58,7.65,7.52,7.64,312500
BECN,20100324,19.14,19.21,18.85,18.89,194900
BELFA,20100324,20.55,20.62,20.2,20.62,900
BELFB,20100324,22.88,22.88,21.85,22.04,19100
BFIN,20100324,9.58,9.65,9.02,9.48,45900
BGCP,20100324,6.12,6.3,6,6.12,458400
BGFV,20100324,15.79,15.9,15.48,15.51,81900
BIDU,20100324,59.586,61.344,59.5,60.85,3255800
BIIB,20100324,55.0456,55.0824,54.0876,54.2074,1809100
BIOC,20100324,129.6,130.8,128.1,129.6,3100
BITS,20100324,8.04,8.2,7.98,8.2,13800
BJRI,20100324,24.27,24.64,24.16,24.23,90300
BKCC,20100324,9.93,9.95,9.87,9.89,220500
BKSC,20100324,10.4,10.42,10.24,10.24,400
BLDP,20100324,2.74,2.91,2.64,2.91,985900
BLIN,20100324,322.5,322.5,307.5,317.5,24200
BLKB,20100324,26.22,26.26,25.87,25.92,67500
BMRC,20100324,16.595,16.675,16.555,16.595,12200
BMRN,20100324,22.84,23.2,22.71,23,926400
BMTC,20100324,18.18,18.2,18,18.13,12400
BNSO,20100324,1.13,1.15,1.13,1.15,400
BOKF,20100324,52.55,52.68,52.21,52.48,210100
BOLT,20100324,11.1,11.2,10.8,10.8,33600
BOOM,20100324,15.57,16.04,15.55,15.72,233900
BOSC,20100324,5.36,5.36,5.36,5.36,100
BPOP,20100324,27.8,27.8,26.9,27.4,10500300
BPOPM,20100324,18,18,17.09,17.9,6700
BPOPN,20100324,19,19.15,18.48,18.5,10000
BRID,20100324,11.78,12.04,11.78,12.04,2800
BRKL,20100324,10.95,11.02,10.76,10.78,275200
BRKR,20100324,13.79,14.62,13.79,14.56,2032900
BRKS,20100324,8.87,9.09,8.83,8.88,377600
BRLI,20100324,22.025,22.085,21.575,21.64,87300
BSET,20100324,5.38,5.58,5.36,5.47,28600
BSQR,20100324,2.56,2.85,2.56,2.68,7600
BSRR,20100324,12.5,12.95,12.5,12.87,16700
BUSE,20100324,4.61,4.73,4.6,4.63,134300
BWEN,20100324,45.7,46.5,44.7,46.2,598800
BYFC,20100324,6.25,6.25,6.25,6.25,0
CAAS,20100324,21.25,22.55,21.22,22.19,1735100
CAC,20100324,34.05,34.24,33.23,33.76,3400
CACC,20100324,41.62,42.19,40.85,41.94,80400
CAKE,20100324,27.52,27.74,27.42,27.6,1636900
CALM,20100324,18.445,18.605,18.35,18.43,126300
CAMP,20100324,2.85,2.88,2.81,2.85,23700
CAMT,20100324,2.79,2.86,2.75,2.75,21000
CARV,20100324,7.6,7.6,7.6,7.6,0
CASA,20100324,2.3,2.3,2.3,2.3,1000
CASH,20100324,7.6667,7.8,7.6667,7.73,15800
CASS,20100324,31.03,31.15,30.88,31.13,15100
CASY,20100324,31.51,31.64,31.12,31.17,282400
CATY,20100324,11.49,11.89,11.42,11.85,1038800
CBAN,20100324,4.06,4.42,4.06,4.42,1500
CBNK,20100324,12.65,12.81,12.65,12.67,2600
CBRL,20100324,47.23,47.38,46.82,46.83,168200
CBSH,20100324,41.62,41.65,41.03,41.15,155800
CCBG,20100324,14.5,14.5,14.22,14.26,26000
CCMP,20100324,37.7,37.7,37.1,37.2,74000
CCNE,20100324,15.97,15.97,15.43,15.49,13700
CCOI,20100324,11.37,11.41,11.21,11.25,209200
CCRN,20100324,10.53,10.63,10.17,10.23,174900
CDNS,20100324,6.66,6.78,6.62,6.73,1714200
CDZI,20100324,12.75,12.8,12.55,12.64,59000
CECE,20100324,3.41,3.53,3.39,3.53,18500
CELH,20100324,3.1,3.8,3.05,3.59,230400
CENT,20100324,11.3,11.39,10.95,10.96,70400
CENTA,20100324,10.41,10.48,10,10.01,156600
CENX,20100324,15.19,15.6,15,15.27,3828600
CERN,20100324,22.1925,22.31,22.0675,22.2475,427100
CERS,20100324,3.01,3.08,2.94,2.95,433600
CEVA,20100324,12.77,12.87,12.36,12.43,97600
CFBK,20100324,30.525,30.525,29.15,30.25,3200
CFFI,20100324,19.27,19.27,19.25,19.25,200
CFFN,20100324,37.99,38.08,37.86,37.9,73000
CGEN,20100324,5,5.24,4.92,5.17,276000
CGNX,20100324,4.75,4.7925,4.7375,4.7375,144300
CHCI,20100324,0.84,0.86,0.81,0.84,40100
CHCO,20100324,34,34.07,33.66,33.75,52700
CHDN,20100324,12.3333,12.37,12.1667,12.1833,13400
CHKP,20100324,34.85,35.12,34.85,34.93,2832200
CHNG,20100324,10,10,9.82,9.84,166300
CHNR,20100324,12.09,12.3,12.05,12.3,4100
CHRS,20100324,6.85,6.9,6.58,6.63,868100
CHRW,20100324,56.4,56.42,55.73,56.12,1293700
CHSCP,20100324,27.75,27.81,27.66,27.81,10300
CIDM,20100324,15,15.6,15,15.6,48700
CINF,20100324,28.69,28.9,28.69,28.79,712300
CIZN,20100324,25.06,25.45,25.06,25.23,1500
CLDX,20100324,87.75,96.3,87.3,95.85,1476800
CLFD,20100324,3,3,2.93,2.96,90500
CLMT,20100324,20.95,20.95,20.6,20.69,82900
CLNE,20100324,21.24,22.08,21.24,21.55,906200
CLRO,20100324,3.05,3.06,3,3.01,23700
CLSN,20100324,4.55,4.6,4.29,4.48,27000
CLWT,20100324,7.5533,7.5533,7.3333,7.3333,25400
CMCO,20100324,16.96,17.17,16.46,16.52,100300
CMCSA,20100324,8.975,9.115,8.975,9.09,17724500
CME,20100324,61.928,64.378,61.83,63.78,776200
CMLS,20100324,25.52,25.68,24.96,25.44,16400
CMTL,20100324,31.45,31.7,31.32,31.59,386000
CNBKA,20100324,19.72,20.17,19.56,19.75,2900
CNOB,20100324,8.61,8.85,8.41,8.55,14400
CNSL,20100324,19.05,19.06,18.88,18.88,131100
CNTY,20100324,2.44,2.59,2.44,2.56,111800
COCO,20100324,19.11,19.18,18.8,19.05,2949900
COGT,20100324,10.32,10.39,10.24,10.26,316600
COHR,20100324,32.73,32.76,32.05,32.1,67200
COHU,20100324,13.83,13.97,13.51,13.52,45100
COIN,20100324,0.95,0.99,0.95,0.95,553700
COKE,20100324,60.17,60.17,59.38,59.8,9300
COLB,20100324,21.54,21.82,21.35,21.35,79000
COLM,20100324,26.59,26.75,26.31,26.385,81200
COMS,20100324,7.64,7.67,7.63,7.65,4426000
CONN,20100324,6.08,6.36,5.82,5.85,208200
COOL,20100324,37.8,38.64,36.96,38.22,85700
CORT,20100324,2.93,2.93,2.7,2.72,56500
COST,20100324,60.74,60.74,60.02,60.07,2909900
COWN,20100324,5.35,5.37,5.24,5.29,378400
CPHC,20100324,7.3,7.45,7.25,7.25,2200
CPIX,20100324,11.55,11.59,11.36,11.4,56400
CPLP,20100324,8.61,8.63,8.5,8.5,144400
CPRT,20100324,9.0275,9.05,8.9175,8.9175,141700
CPRX,20100324,0.72,0.73,0.71,0.72,51700
CPSI,20100324,41.43,41.99,40.87,40.98,92600
CPSS,20100324,1.85,1.92,1.85,1.89,12400
CRAI,20100324,22.69,23.1,22.34,23.02,87200
CREG,20100324,521,616,492,565,973800
CRESW,20100324,0.17,0.17,0.17,0.17,119700
CRESY,20100324,13.47,13.75,13.22,13.41,65800
CRIS,20100324,15.85,16.1,15.85,15.95,194900
CRMT,20100324,25.28,25.4,24.61,24.7,58200
CRNT,20100324,11.97,12.21,11.89,11.97,194900
CROX,20100324,8.5,8.58,8.28,8.31,2365400
CRTX,20100324,5.75,6,5.72,5.97,54700
CRUS,20100324,7.93,7.98,7.74,7.75,638800
CRVL,20100324,18.15,18.195,17.72,17.72,10900
CRWS,20100324,3.41,3.41,3.09,3.27,11100
CSCO,20100324,26.56,26.62,26.44,26.45,35299200
CSGP,20100324,42.76,43.24,42.02,42.05,68700
CSGS,20100324,21.73,21.73,21.36,21.39,184300
CSII,20100324,5.52,5.52,5.4,5.41,13300
CSIQ,20100324,22.11,22.46,21.8,22.02,1281400
CSPI,20100324,3.63,3.64,3.62,3.63,1600
CSTR,20100324,33,33.38,32.74,33.13,597000
CSWC,20100324,23.8375,23.975,23.2075,23.6575,9300
CSX,20100324,17.19,17.1967,16.9067,17.0333,2354700
CTAS,20100324,28.6,28.67,28.25,28.32,1030500
CTBI,20100324,27.5,27.79,27.33,27.53,35700
CTHR,20100324,1.88,1.94,1.81,1.87,17800
CTIB,20100324,3.11,3.3,3.11,3.3,10000
CTIC,20100324,33.5,38.5,31,32.5,72252500
CTRN,20100324,34.39,34.72,33.84,34.15,120900
CTSH,20100324,26.2,26.34,25.945,25.96,2729900
CTXS,20100324,38.1847,38.7261,38.0494,38.6385,2817900
CUBA,20100324,6.42,6.51,6.42,6.5,12300
CUTR,20100324,10.5,10.5,10.39,10.48,17100
CVBF,20100324,10.34,10.65,10.34,10.53,884200
CVCO,20100324,34.74,34.94,34.7,34.78,11500
CVCY,20100324,5.54,5.55,5.5,5.55,3000
CVGI,20100324,7.3,7.45,7.15,7.32,114200
CVGW,20100324,18.18,18.55,18.08,18.5,35600
CVLT,20100324,22.54,22.56,22.04,22.1,181500
CVLY,20100324,6.03,6.34,6.02,6.33,3000
CVV,20100324,3.38,3.46,3.33,3.35,8400
CWBC,20100324,3.05,3.05,3.05,3.05,100
CWCO,20100324,14,14.1,13.77,13.9,37500
CWST,20100324,4.8,4.89,4.79,4.82,64900
CXDC,20100324,6,6.19,5.95,6.19,73400
CYAN,20100324,3.48,3.48,3.43,3.45,8600
CYBE,20100324,8.75,8.9,8.75,8.9,2100
CYCC,20100324,4200,4200,3981.6,3998.4,1850400
CYCCP,20100324,4.25,4.25,4.25,4.25,900
CYTK,20100324,20.94,21,20.34,20.82,191000
CZNC,20100324,12.73,12.81,12.55,12.55,8300
CZWI,20100324,3.9,3.9,3.9,3.9,0
DAIO,20100324,4.56,4.64,4.56,4.59,1900
DAKT,20100324,7.88,7.91,7.75,7.76,102200
DCOM,20100324,13.09,13.1,12.9,12.98,90100
DCTH,20100324,1643.52,1722.88,1643.52,1666.56,764200
DDMX,20100324,17.27,17.35,16.92,17.01,18200
DENN,20100324,3.75,3.84,3.71,3.73,1072600
DGICA,20100324,15.28,15.37,15.13,15.15,18100
DGICB,20100324,17.02,17.8,16.92,16.92,300
DGII,20100324,11.23,11.29,11.04,11.07,84600
DGLY,20100324,1.9,1.92,1.85,1.86,114000
DHIL,20100324,68.9,70.49,68.9,70.49,1800
DIOD,20100324,23,23.21,22.67,22.86,453000
DISCA,20100324,33.09,33.6,33.05,33.46,2070000
DISCB,20100324,33.23,33.23,33.23,33.23,0
DISCK,20100324,14.7,14.82,14.565,14.81,361600
DISH,20100324,21.04,21.04,20.52,20.67,2527400
DJCO,20100324,65.86,65.9,65.73,65.9,300
DLTR,20100324,19.9634,20.0134,19.6534,19.8034,1245700
DMLP,20100324,21.6,21.9,21.15,21.32,39900
DMRC,20100324,18.67,18.67,17.55,18.27,52900
DORM,20100324,10.07,10.145,9.94,10.06,30700
DRIV,20100324,29.8,29.86,28.97,29.12,450600
DRRX,20100324,2.71,2.75,2.63,2.64,106700
DSGX,20100324,6.37,6.38,6.15,6.15,16700
DSPG,20100324,8.8,8.86,8.56,8.57,35500
DSWL,20100324,3.98,3.98,3.94,3.98,4800
DVAX,20100324,14.5,14.6,13.6,13.7,618900
DWSN,20100324,30.02,30.26,30,30.19,75700
DXCM,20100324,10.8,10.95,10.52,10.56,289500
DXPE,20100324,11.99,12.42,11.11,12.33,77200
DXYN,20100324,4.21,4.48,4.2,4.48,29400
DYNT,20100324,5.2,5.25,5.05,5.25,5100
EBAY,20100324,11.36,11.4484,11.3095,11.3432,11950200
EBIX,20100324,17.08,17.16,16.79,16.95,303900
EBSB,20100324,4.3627,4.3627,4.2484,4.2606,7500
EBTC,20100324,13.09,13.09,12.65,12.86,2100
ECHO,20100324,13.15,13.27,12.88,13.26,82900
ECOL,20100324,16.41,16.53,16,16,72300
ECPG,20100324,16.99,17.14,16.85,16.94,84700
EDAP,20100324,3.25,3.35,3.18,3.25,57200
EDUC,20100324,3.08,3.13,3.075,3.1,1400
EEFT,20100324,19.16,19.41,19.03,19.15,294200
EFOI,20100324,5.65,5.65,4.75,5.4,109600
EFSC,20100324,10.93,11.38,10.9,11.12,43600
EGBN,20100324,12.76,12.98,12.76,12.95,39600
EGLE,20100324,51609.6,51912,51004.8,51408,3623900
EHTH,20100324,17.84,18.18,17.77,17.98,193100
ELSE,20100324,3.73,3.73,3.73,3.73,0
ELTK,20100324,1.38,1.38,1.31,1.38,700
EMCF,20100324,15,15,15,15,0
EMIF,20100324,31,31.04,30.87,30.92,4200
EMKR,20100324,4.28,4.44,4.24,4.36,424100
ENDP,20100324,24.78,24.78,23.52,23.71,3058600
ENG,20100324,2.95,2.95,2.91,2.92,52500
ENSG,20100324,8.925,9.05,8.865,9,73200
ENTG,20100324,4.94,5.13,4.87,5.02,1506000
EPAY,20100324,17.32,17.48,17.01,17.13,141900
EQIX,20100324,101.21,102.49,99.53,100.09,1483900
ERES,20100324,6.41,6.48,6.21,6.24,107700
ERIC,20100324,10.37,10.5,10.3,10.31,5940000
ERIE,20100324,42.04,42.19,41.79,41.91,39300
ERII,20100324,6.25,6.45,6.25,6.3,461800
ESBK,20100324,16.25,16.25,16.22,16.25,300
ESCA,20100324,2.72,2.85,2.51,2.61,29500
ESEA,20100324,30.56,30.8,30.48,30.72,36800
ESGR,20100324,67.99,68.5,66.66,67.71,12700
ESLT,20100324,63.85,64.78,63.85,64.34,43000
ESSA,20100324,12.91,13.08,12.89,12.93,44400
EUFN,20100324,22.8,22.8,22.8,22.8,0
EVK,20100324,3.1,3.21,3.1,3.17,4000
EVOL,20100324,6.82,6.91,6.78,6.86,7300
EWBC,20100324,18.29,18.64,18.26,18.38,912000
EXAS,20100324,4.5,4.6,4.39,4.41,96400
EXEL,20100324,6.15,6.23,6.01,6.08,795500
EXLS,20100324,17.47,17.64,17.19,17.19,87400
EXPD,20100324,38.4,38.4,37.69,37.83,1642300
EXPE,20100324,22.8,23.07,22.71,22.8,2952800
EXPO,20100324,7.415,7.485,7.3225,7.3625,23500
EXTR,20100324,3.02,3.03,2.96,2.97,303700
EZPW,20100324,20.64,21.54,20.54,21.09,742600
FARM,20100324,18.79,18.98,18.45,18.58,8900
FARO,20100324,26.68,26.93,26.02,26.09,46900
FAST,20100324,12.2175,12.245,12.08,12.085,1185200
FBIZ,20100324,9.9,9.9,9.9,9.9,200
FBMS,20100324,9.11,9.11,9.11,9.11,0
FBNC,20100324,14.15,14.33,13.97,14,46100
FCAL,20100324,2.73,2.85,2.7,2.8,240900
FCAP,20100324,15.47,15.47,15.47,15.47,100
FCBC,20100324,13.11,13.11,12.55,12.85,28200
FCCO,20100324,6.01,6.42,6,6.28,22000
FCCY,20100324,7.94,8.69,7.91,7.95,4400
FCEL,20100324,433.44,437.76,414.72,417.6,850200
FCFS,20100324,21.35,21.51,21.01,21.17,152600
FCNCA,20100324,206.01,208.25,203.51,204,7100
FEIM,20100324,5.2,5.25,5.2,5.25,7900
FELE,20100324,14.905,14.925,14.615,14.64,86200
FFBC,20100324,18.84,19.02,18.75,18.78,241200
FFHL,20100324,1.06,1.25,1.04,1.25,30500
FFIC,20100324,13.11,13.16,12.85,12.9,115600
FFIN,20100324,8.9984,9.005,8.8084,8.8084,66700
FFIV,20100324,63.5,64.26,63,63.99,1113000
FFNW,20100324,7.32,7.32,7.11,7.12,21200
FIBK,20100324,16,16.42,15.4,15.7,5230500
FISI,20100324,14.94,14.95,14.74,14.88,19800
FISV,20100324,12.7,12.74,12.6325,12.6775,1375000
FITB,20100324,13.39,13.77,13.35,13.58,11406400
FITBP,20100324,137.56,144.02,137.56,142.15,2200
FIZZ,20100324,11.5,11.5,11.31,11.33,20100
FLEX,20100324,8.15,8.18,7.99,8.03,8238000
FLIC,20100324,17.24,17.24,16.7067,17.08,9400
FLWS,20100324,2.68,2.68,2.5,2.51,232100
FLXS,20100324,16,16,15.66,15.84,4300
FMBI,20100324,13.97,14.06,13.8,13.83,303000
FNLC,20100324,15.75,15.99,15.43,15.56,22100
FOLD,20100324,3.29,3.33,3.22,3.26,39800
FONR,20100324,1.4,1.4,1.33,1.36,8400
FORD,20100324,3.03,3.2,2.9,2.95,80400
FORM,20100324,18.46,18.63,18.1,18.15,217900
FORR,20100324,31.95,31.95,31.35,31.54,85000
FORTY,20100324,15.38,16,15.38,15.83,10100
FOSL,20100324,39.06,39.13,37.65,37.79,694400
FRBK,20100324,3.49,3.55,3.4,3.44,89500
FREE,20100324,195000000,195000000,189000000,190500000,144700
FREEW,20100324,0.14,0.14,0.13,0.13,700
FRME,20100324,6.43,6.48,6.27,6.29,19500
FRPT,20100324,6.2,6.31,6.15,6.19,424400
FSFG,20100324,11.45,11.45,11.4,11.45,3000
FSII,20100324,3.72,3.72,3.46,3.51,402200
FSLR,20100324,111.15,111.97,109.36,109.45,1771900
FSTR,20100324,30.26,30.65,29.81,30.36,37900
FTEK,20100324,8.58,8.71,8.47,8.6,147800
FTNT,20100324,8.65,8.82,8.575,8.605,186300
FULT,20100324,10.32,10.43,10.25,10.36,1117700
FUNC,20100324,6.15,6.25,5.92,6.14,2900
FUND,20100324,6.7,6.74,6.67,6.67,22200
FWRD,20100324,26.92,26.97,26.45,26.51,75400
GABC,20100324,10.66,10.7267,10.44,10.4467,19700
GAIA,20100324,9,9,8.75,8.82,44900
GAIN,20100324,6.09,6.12,6.01,6.02,247200
GALT,20100324,2.52,2.6994,2.46,2.6994,7300
GAME,20100324,6.65,6.7,6.55,6.55,3039000
GASS,20100324,5.13,5.13,5.05,5.06,29200
GBCI,20100324,15.81,15.83,15.7,15.78,543400
GCBC,20100324,7.23,7.23,7.23,7.23,400
GENC,20100324,5.0933,5.1,5.0867,5.1,1000
GENE,20100324,24,25,23.8,25,73200
GERN,20100324,6,6.08,5.89,5.89,751400
GFED,20100324,5.3,5.3,5.3,5.3,400
GGAL,20100324,5.98,6.25,5.98,6.13,114900
GIFI,20100324,19.78,19.81,19.61,19.68,33600
GIGM,20100324,16.1,16.1,15.7,15.8,238100
GIII,20100324,11.63,11.695,11.4,11.61,129700
GILD,20100324,23.73,23.885,23.55,23.645,7251100
GILT,20100324,5.77,5.92,5.75,5.83,84000
GLAD,20100324,12,12,11.59,11.78,223100
GLBL,20100324,6.66,6.7,6.47,6.56,1268400
GLBZ,20100324,11.54,11.55,10.19,10.19,300
GLDD,20100324,4.99,5.1,4.87,4.9,517500
GLNG,20100324,11.9,12.06,11.9,11.97,91200
GLRE,20100324,25.64,26.25,25.42,25.86,140000
GNTX,20100324,10.32,10.32,10.085,10.1,689000
GOOD,20100324,14.42,14.56,14.42,14.46,34200
GOODO,20100324,22,22,21.25,21.25,300
GOOG,20100324,272.755,279.925,269.85,278.665,6569300
GPRE,20100324,14.1,14.48,13.75,14.34,553200
GPRO,20100324,49.06,49.26,48.62,48.78,297900
GRID,20100324,31.12,31.12,30.75,30.76,7200
GRMN,20100324,37.42,38.24,37.15,38.05,2295300
GROW,20100324,10.46,10.58,10.21,10.25,73900
GRVY,20100324,6.96,7.44,6.8,6.88,36300
GSBC,20100324,23.79,24.03,23.73,23.97,31500
GSIT,20100324,4.77,4.9,4.77,4.9,93200
GSM,20100324,11.04,11.15,11.02,11.1,275800
GT,20100324,13.21,13.4,13.15,13.28,2729500
GTEC,20100324,14.03,14.07,13.69,13.76,24700
GTIM,20100324,1.2,1.2,1.2,1.2,100
GYRO,20100324,41.11,41.11,41.11,41.11,0
HA,20100324,7.71,7.74,7.59,7.68,166300
HAFC,20100324,2.39,2.55,2.39,2.53,666700
HAIN,20100324,8.95,8.97,8.78,8.81,322900
HALL,20100324,8.16,8.22,8.13,8.14,33500
HALO,20100324,8.39,8.5,8.27,8.31,591400
HAS,20100324,38.15,38.29,37.79,38.06,1344400
HAYN,20100324,34.01,35.39,33.79,33.95,64400
HBAN,20100324,5.46,5.54,5.44,5.48,20088700
HBANP,20100324,994.65,994.65,989,989,600
HBCP,20100324,14.01,14.14,14.01,14.08,12100
HBIO,20100324,4.02,4.02,3.91,3.93,50900
HBNC,20100324,3.7135,3.763,3.7135,3.7333,2500
HCCI,20100324,9.25,9.28,9.06,9.23,63600
HCII,20100324,6.86,6.98,6.71,6.94,7100
HCIIW,20100324,0.89,0.89,0.89,0.89,0
HCKT,20100324,2.88,2.92,2.86,2.88,97600
HCSG,20100324,14.82,14.8733,14.6667,14.76,97900
HDSN,20100324,2.84,2.84,2.74,2.74,59700
HEES,20100324,10.88,11.03,10.41,10.48,32600
HELE,20100324,26.62,26.8,26.27,26.29,79100
HERO,20100324,4.44,4.55,4.35,4.39,1322700
HFWA,20100324,14.95,15.22,14.85,14.85,11900
HIBB,20100324,26.62,26.62,26.16,26.2,164000
HIFS,20100324,33,33.15,33,33.15,1600
HIHO,20100324,2.49,2.55,2.49,2.49,9600
HIMX,20100324,3.05,3.06,3.03,3.05,251700
HLIT,20100324,6.28,6.49,6.28,6.43,628700
HMNF,20100324,4.95,5.19,4.95,5.19,71700
HOFT,20100324,15.09,15.44,14.91,14.99,59100
HOLI,20100324,11.05,11.42,11.05,11.16,86900
HOLX,20100324,18.83,18.92,18.59,18.67,1797500
HOMB,20100324,6.765,6.7775,6.6725,6.7,62600
HOOK,20100324,2.37,2.54,2.37,2.49,47700
HOVNP,20100324,9.39,9.4,9.22,9.4,6800
HSIC,20100324,58.39,58.44,58.12,58.34,460200
HSII,20100324,28.52,28.95,28.06,28.21,163800
HSKA,20100324,0.84,0.87,0.82,0.83,44500
HSTM,20100324,4.05,4.05,3.92,3.92,3700
HTBK,20100324,4.04,4.19,3.84,3.84,30300
HTLD,20100324,16.32,16.48,16.06,16.09,410100
HTLF,20100324,15.98,15.98,15.75,15.82,13300
HUBG,20100324,29.59,29.77,28.8,28.8,219600
HURC,20100324,16.97,17,16.8,16.82,15900
HURN,20100324,21.62,21.91,21.42,21.46,188500
HWBK,20100324,12.1,12.1,11.96,11.96,800
HWKN,20100324,23.62,23.87,23.19,23.4,29300
IART,20100324,22.445,22.455,22.24,22.275,153500
IBB,20100324,92.41,93.53,92.22,92.32,701800
IBCP,20100324,0.78,0.78,0.72,0.75,82200
IBKR,20100324,16.15,16.34,16.14,16.22,157500
IBOC,20100324,24.35,24.6,24.06,24.11,348200
ICAD,20100324,1.4,1.43,1.39,1.4,52900
ICCC,20100324,3.66,3.66,3.66,3.66,0
ICFI,20100324,23.57,24.69,23.53,24.49,252500
ICLK,20100324,3.53,3.83,3.51,3.68,185100
ICLN,20100324,18.45,18.51,18.36,18.36,19600
ICLR,20100324,26.02,26.56,25.72,26.41,524000
ICUI,20100324,36.15,36.15,35.44,35.5,44300
IDCC,20100324,28.03,28.25,27.93,27.97,400100
IDRA,20100324,44,46,42.8,44.64,275000
IDXX,20100324,29.57,29.645,28.655,28.655,421500
IESC,20100324,5.8,5.8,5.69,5.69,9800
IFGL,20100324,28.31,28.34,28.22,28.3,30000
IGOV,20100324,100.1,100.17,99.78,99.97,10800
III,20100324,3.49,3.58,3.48,3.48,28800
IIIIW,20100324,0.04,0.04,0.04,0.04,11000
IIN,20100324,3.91,4.04,3.91,3.95,1700
IIVI,20100324,16.475,16.59,16.265,16.29,57700
IKNX,20100324,6.73,6.73,6.73,6.73,0
ILMN,20100324,40,40.12,39.21,39.3,1345200
IMGN,20100324,8.12,8.18,8,8.11,366100
IMKTA,20100324,14.91,15.16,14.7,14.87,24400
IMMR,20100324,4.36,4.44,4.23,4.24,66500
IMOS,20100324,0.73,0.75,0.71,0.73,205300
INCY,20100324,14.05,14.29,13.99,14.11,1850800
INDB,20100324,26.41,26.41,25.8,25.95,55700
INDY,20100324,26.46,26.46,26.11,26.19,40100
INFI,20100324,6.26,6.32,6.2,6.21,13600
INFN,20100324,8.31,8.31,8.05,8.08,557500
INMD,20100324,4.385,4.4,4.325,4.38,8900
INOD,20100324,4.31,4.38,4.2,4.23,138500
INSM,20100324,1.19,1.19,1.15,1.15,718600
INTC,20100324,22.53,22.67,22.32,22.43,54742700
INTG,20100324,10.08,10.49,10.03,10.49,500
INTU,20100324,34.56,34.86,34.56,34.74,3436100
INVE,20100324,19.3,19.5,18.7,18.7,8300
IOSP,20100324,12.26,12.3,11.68,11.7,43500
IPAR,20100324,15.63,15.74,15.31,15.38,41700
IPGP,20100324,15.55,15.7,15.4,15.42,132900
IRBT,20100324,16.26,16.33,15.94,15.97,30600
IRDM,20100324,7.96,8.17,7.9,7.91,137100
IRIX,20100324,4.4,4.4,4.1,4.13,28000
IRWD,20100324,14.63,14.71,14.41,14.49,64900
ISBC,20100324,5.3255,5.3569,5.2941,5.349,218700
ISHG,20100324,100.15,100.24,99.93,100.12,20000
ISIG,20100324,6.38,6.38,6.24,6.29,56400
ISLE,20100324,7.6,7.88,7.51,7.7,181000
ISRG,20100324,116.37,116.4367,114.4767,115.3733,457100
ISSC,20100324,4.98,5.71,4.97,5.64,91500
ITIC,20100324,36.1,36.64,36,36.38,1200
ITRI,20100324,71.51,72.76,70.41,72.71,669800
ITRN,20100324,14.77,14.9,14.29,14.87,55300
IVAC,20100324,14.35,14.35,13.91,14.03,140400
JACK,20100324,23.57,23.68,23.38,23.49,662300
JAKK,20100324,140.6,144.1,137.8,138.2,181100
JAZZ,20100324,13,13.25,12.75,12.83,466600
JBHT,20100324,36.52,36.69,36.21,36.38,1623200
JBLU,20100324,5.46,5.52,5.41,5.47,4751600
JBSS,20100324,15.64,15.7,15.08,15.7,14800
JCS,20100324,12.95,13.03,12.87,12.87,3900
JCTCF,20100324,2.0125,2.0125,2.0125,2.0125,200
JJSF,20100324,44.4,44.7,44.37,44.59,38100
JKHY,20100324,24.75,24.83,24.3,24.3,451300
JOBS,20100324,9.05,9.1,9.025,9.05,47500
JOUT,20100324,11.3,11.5,11.15,11.15,2800
JRJC,20100324,75.2,77,75.2,76.5,29900
JVA,20100324,4.8,4.87,4.5,4.58,18800
KALU,20100324,38.18,38.5,37.76,38.1,3729900
KELYA,20100324,17.23,17.39,16.8,16.81,85300
KELYB,20100324,16.62,16.62,16.62,16.62,0
KEQU,20100324,13.41,13.47,13.41,13.47,3200
KFFB,20100324,10.46,10.59,10.45,10.45,900
KFRC,20100324,15.56,15.6,15.18,15.28,153900
KINS,20100324,2.62,2.63,2.62,2.63,600
KIRK,20100324,21.22,21.31,20.89,21.04,189700
KLAC,20100324,30.73,31.29,30.44,30.66,5360200
KLIC,20100324,6.94,7.16,6.8,7.02,1349900
KNDI,20100324,4.69,4.99,4.63,4.92,133000
KOPN,20100324,3.81,3.84,3.71,3.73,327400
KOSS,20100324,5.96,6,5.75,5.79,2700
KRNY,20100324,10.48,10.59,10.32,10.34,9700
KTCC,20100324,5.48,5.51,5.37,5.46,40100
KTOS,20100324,14.7,14.96,14.66,14.93,82000
KVHI,20100324,12.81,13.07,12.75,12.79,25000
LAKE,20100324,8.5,8.59,8.5,8.54,1100
LAMR,20100324,35,35.25,34.7,34.71,723000
LANC,20100324,59.97,59.97,59.35,59.61,52500
LARK,20100324,17.25,18,17.25,18,200
LAWS,20100324,15.94,16.09,15.66,15.79,6700
LBAI,20100324,9.2,9.25,8.94,8.98,114700
LBTYA,20100324,14.7164,14.8339,14.6398,14.7215,1744400
LBTYB,20100324,28.93,28.93,28.93,28.93,100
LBTYK,20100324,28.4,28.7,28.34,28.48,238100
LCUT,20100324,11.83,11.83,10.91,11.11,64900
LECO,20100324,27.51,27.58,26.85,26.9,292100
LFUS,20100324,39.03,39.03,38,38.07,172800
LGND,20100324,10.98,11.28,10.8,10.8,315600
LHCG,20100324,34.9,35.14,34.41,34.41,226900
LIFE,20100324,742.42,748.16,736.12,736.54,1057900
LINC,20100324,28.01,28.1,27.17,27.17,149400
LIVE,20100324,0.2133,0.2367,0.2133,0.2267,4300
LKFN,20100324,12.3667,12.58,12.3667,12.46,33400
LLNW,20100324,3.7,3.71,3.6,3.71,438900
LMAT,20100324,4.68,4.69,4.64,4.69,10700
LNDC,20100324,7.41,7.41,7.19,7.3,133600
LOAN,20100324,1.39,1.43,1.35,1.43,3000
LOGC,20100324,1.24,1.35,1.19,1.35,14800
LOGI,20100324,16.22,16.29,15.97,16.08,951500
LOOP,20100324,11.69,11.8,11.6,11.62,48700
LOPE,20100324,26.65,26.85,26.14,26.42,586900
LORL,20100324,35.18,35.22,34.1,34.1,26300
LPSN,20100324,8,8.15,7.87,8.13,401800
LPTH,20100324,2.21,2.21,2.14,2.15,16700
LQDT,20100324,12.07,12.07,11.77,11.8,44800
LRCX,20100324,36.98,37.18,36.28,36.34,2871400
LSBK,20100324,8.2,8.2,8.2,8.2,0
LSCC,20100324,3.72,3.74,3.63,3.67,2725100
LSTR,20100324,42.2,42.4,41.37,41.44,681200
LTBR,20100324,504.6,504.6,486.6,490.8,7900
LTRX,20100324,3.65,3.81,3.62,3.72,4500
LULU,20100324,18.075,18.445,17.76,18.025,1199600
LUNA,20100324,2.54,2.62,2.39,2.42,70100
LWAY,20100324,11.86,12,11.86,11.92,8800
LXRX,20100324,9.52,10.08,9.52,10.08,2055000
LYTS,20100324,6.82,6.89,6.67,6.79,51600
MANH,20100324,6.6925,6.6925,6.5975,6.6075,95800
MANT,20100324,51.13,51.34,50.78,51.12,152100
MARPS,20100324,18.4,18.56,18.13,18.14,3500
MASI,20100324,27.56,27.56,26.76,26.82,453100
MAT,20100324,23.21,23.21,22.74,22.94,5216200
MATW,20100324,36.03,36.19,35.69,35.94,105200
MAYS,20100324,15.05,15.05,15.05,15.05,200
MBWM,20100324,3.99,3.99,3.75,3.75,10500
MCBC,20100324,1.63,1.67,1.62,1.67,32600
MCHP,20100324,14.4,14.46,14.25,14.28,2217900
MCHX,20100324,5.4,5.43,5.17,5.18,89800
MCRI,20100324,9.36,9.43,9.25,9.25,20200
MDRX,20100324,20.47,20.73,20.03,20.16,685900
MELI,20100324,47,48.13,46.66,46.72,229700
MEOH,20100324,24.54,24.69,24.02,24.08,567900
MERC,20100324,5.65,6.12,5.65,5.87,684800
MGEE,20100324,23.4933,23.5733,23.04,23.1,57900
MGIC,20100324,2.72,2.72,2.55,2.61,115800
MGLN,20100324,44.37,44.54,43.69,43.69,316200
MGPI,20100324,7.48,7.72,7.48,7.55,16700
MGRC,20100324,24.95,25.23,24.79,24.84,31000
MGYR,20100324,4.32,4.32,4.32,4.32,0
MHLD,20100324,7.43,7.58,7.28,7.34,711500
MIDD,20100324,19.7767,19.7767,19.08,19.1267,101600
MIND,20100324,7.71,7.79,7.7,7.7,5000
MKSI,20100324,18.92,19.12,18.67,18.92,286300
MKTX,20100324,16.04,16.28,16,16.05,83500
MLAB,20100324,26.05,26.05,25.83,25.83,1200
MLHR,20100324,18.01,18.23,17.94,18.06,373500
MLVF,20100324,9.65,9.65,9.65,9.65,0
MMLP,20100324,30.25,30.67,30.05,30.41,53800
MMSI,20100324,12.2,12.344,12.04,12.112,173300
MNDO,20100324,1.72,1.72,1.66,1.68,58500
MNKD,20100324,35.25,36.95,34.65,35.2,2414900
MNOV,20100324,7.8,7.8,7.49,7.69,1400
MNRO,20100324,24.9,25.2467,24.6133,24.8933,210800
MNST,20100324,7.2267,7.2617,7.19,7.19,371700
MNTX,20100324,2.75,2.79,2.58,2.65,127000
MOFG,20100324,11.6,11.6,11.6,11.6,700
MORN,20100324,49.03,49.19,48.7,49.17,96800
MOSY,20100324,724,724,710,720,24000
MOVE,20100324,8.68,8.72,8.24,8.32,1011800
MPAA,20100324,6.56,6.61,6.36,6.5,68700
MPAC,20100324,5.93,5.93,5.93,5.93,300
MPB,20100324,10.26,10.26,10.26,10.26,0
MPWR,20100324,23.05,23.09,22.56,22.68,307000
MRCY,20100324,13.27,13.69,13.26,13.37,79900
MRLN,20100324,10.5,10.52,10.1,10.49,19100
MRNA,20100324,1.07,1.07,1.02,1.02,733600
MRTN,20100324,8.7778,8.8133,8.6445,8.6533,37200
MRVL,20100324,20.93,21.07,20.73,20.77,10633900
MSEX,20100324,17.58,17.74,17.42,17.43,15400
MSFT,20100324,29.72,29.85,29.6,29.65,33993500
MSON,20100324,2.19,2.23,2.19,2.2,7400
MSTR,20100324,89.42,89.42,87.28,87.51,116700
MTEX,20100324,40.2,40.2,38,38.1,72700
MTRX,20100324,11.06,11.19,10.97,11.15,128000
MU,20100324,10.62,10.63,10.37,10.43,18190300
MVIS,20100324,21.6,21.84,21.28,21.28,327700
MYGN,20100324,25.31,25.45,25.05,25.08,1427600
MYRG,20100324,17.84,17.84,17.15,17.18,163600
NAII,20100324,7.98,8.06,7.98,8.01,4200
NATH,20100324,15.25,15.72,15.25,15.52,10500
NATI,20100324,22.2133,22.3,22.1267,22.1467,101000
NATR,20100324,8.29,8.29,8.29,8.29,100
NAVI,20100324,2.93,2.94,2.87,2.93,17700
NBIX,20100324,2.69,2.77,2.69,2.74,372200
NBN,20100324,13.59,13.59,13.39,13.41,1400
NBTB,20100324,23.79,23.85,23.31,23.36,79800
NCMI,20100324,18.53,18.74,18.01,18.08,130100
NCTY,20100324,204.3,207.9,201.3,203.7,31600
NDAQ,20100324,20.8,21.11,20.74,20.99,2316400
NDSN,20100324,34.96,35.2,34.235,34.31,366200
NECB,20100324,7.08,7.32,7.07,7.07,4800
NEOG,20100324,12.59,12.655,12.375,12.4,40300
NEPT,20100324,2.01,2.01,1.99,2,22100
NEWT,20100324,6,6.5,5.9,5.9,8900
NFBK,20100324,14.93,15,14.7,14.96,25300
NFLX,20100324,10.4186,10.4529,10.3214,10.3386,485600
NICE,20100324,33.08,33.25,31.51,32.25,874100
NICK,20100324,7.51,7.6,7.5,7.6,5400
NKSH,20100324,27.92,28.35,27.39,27.98,4000
NKTR,20100324,15.55,15.73,15.37,15.37,574600
NLTX,20100324,1.09,1.1,1.09,1.1,7900
NNBR,20100324,4.56,4.75,4.56,4.75,21000
NRIM,20100324,16.75,16.89,16.67,16.77,4400
NSEC,20100324,13,13,12,12.28,900
NSIT,20100324,14.52,14.72,14.25,14.28,152800
NSSC,20100324,2.31,2.31,2.23,2.27,1900
NSYS,20100324,3.82,3.82,3.39,3.65,1300
NTAP,20100324,32.5,33.28,32.45,33.17,4908200
NTCT,20100324,15.26,15.36,15.1,15.11,152300
NTES,20100324,7.702,7.71,7.376,7.472,3022500
NTGR,20100324,26.87,26.87,25.94,26,315500
NTIC,20100324,4.375,4.375,4.375,4.375,100
NTRS,20100324,55.43,55.68,55.05,55.16,954200
NTWK,20100324,8.5,8.8,8.5,8.5,127500
NUAN,20100324,17.19,17.37,17.1,17.12,2189800
NURO,20100324,384,389.76,374.4,380.16,20000
NUVA,20100324,46.22,46.6,45.75,45.93,384400
NVAX,20100324,51.4,54.4,51,51.8,6771300
NVDA,20100324,4.435,4.4475,4.3125,4.3225,10909400
NVEC,20100324,47.38,47.75,47.16,47.36,14600
NVMI,20100324,5.44,5.44,5.24,5.35,136300
NWBI,20100324,11.88,11.9,11.8,11.84,589500
NWFL,20100324,26.69,26.69,26.4,26.4,400
NWLI,20100324,192.61,193.2,191.79,193.2,1500
NWPX,20100324,22.67,24.14,22.67,23.15,181200
NWS,20100324,16.74,16.87,16.61,16.83,4890600
NWSA,20100324,14.01,14.37,13.97,14.27,22457100
NXST,20100324,4.56,4.6,4.3,4.4,51000
NYMT,20100324,8.04,8.1,8.01,8.03,107400
NYMX,20100324,3.75,3.75,3.72,3.74,27600
OBAS,20100324,7.25,7.25,6.8,6.95,6500
OBCI,20100324,1.65,1.65,1.46,1.46,4600
OCFC,20100324,11.51,11.62,11.41,11.48,31400
ODFL,20100324,14.92,14.9689,14.72,14.7511,184200
OESX,20100324,5.15,5.23,5,5.01,49600
OFIX,20100324,35.42,35.68,35.19,35.53,62100
OFLX,20100324,10.74,10.75,10.5,10.5,3900
OIIM,20100324,6.87,6.88,6.69,6.75,109800
OMAB,20100324,15.05,15.2,14.9,15.1,27900
OMCL,20100324,14.67,14.84,14.5,14.55,92600
OMER,20100324,6.1,6.11,5.98,5.99,15100
OMEX,20100324,16.8,17.16,16.2,16.32,202400
ONCY,20100324,3.34,3.35,3.3,3.31,36800
ONEQ,20100324,95.2,95.2,94.56,94.63,13600
OPEN,20100324,37.64,38,37.25,37.49,131700
OPHC,20100324,38,38,38,38,400
OPNT,20100324,15.92,15.93,15.7,15.84,96200
OPOF,20100324,15.02,15.26,15.01,15.02,13700
ORLY,20100324,42.71,42.75,41.88,42.04,1488000
ORRF,20100324,27.07,27.25,26.27,26.4,1169700
OSBC,20100324,6.54,6.61,6.42,6.47,25600
OSIS,20100324,30.45,30.66,30,30.06,140600
OSTK,20100324,14.23,14.38,13.95,14.02,82700
OSUR,20100324,5.86,5.98,5.76,5.84,272900
OTEX,20100324,11.7325,11.7675,11.5625,11.58,199800
OTTR,20100324,22.34,22.38,22.22,22.26,118000
OVBC,20100324,23.69,24,23.15,23.61,16400
OVLY,20100324,4.35,4.35,4.35,4.35,100
PAAS,20100324,23.24,23.24,22.43,22.47,1082600
PACW,20100324,23.24,23.45,22.73,22.78,163600
PANL,20100324,12.09,12.2,11.94,11.98,304900
PATK,20100324,1.2978,1.4,1.2845,1.3333,19200
PAYX,20100324,32.68,32.75,32.28,32.34,3922000
PBCT,20100324,15.73,15.75,15.51,15.54,5453600
PBHC,20100324,7.78,7.85,7.78,7.85,200
PBIP,20100324,8.22,8.39,8.1,8.23,3000
PCAR,20100324,43.23,43.6,42.97,43.06,2686600
PCTI,20100324,6.48,6.59,6.36,6.38,30300
PCYO,20100324,2.56,2.64,2.55,2.56,2600
PDCO,20100324,30.7,31.08,30.7,30.79,907600
PDEX,20100324,0.5,0.52,0.5,0.52,8200
PDFS,20100324,4.64,4.88,4.64,4.76,16200
PEBK,20100324,5.46,5.71,5.46,5.7,2900
PEBO,20100324,17.45,17.45,16.62,16.74,16000
PEGA,20100324,19.44,19.825,19.165,19.19,94300
PENN,20100324,25.81,26.25,25.74,25.81,529600
PESI,20100324,12.05,12.1,11.65,11.85,294800
PETS,20100324,22.1,22.1,21.81,21.9,261700
PFBC,20100324,1.44,1.5,1.42,1.49,18600
PFIN,20100324,2.55,2.55,2.55,2.55,200
PFSW,20100324,2.9,3.02,2.78,2.99,228900
PGC,20100324,14.35,14.9,14.06,14.5,27300
PKBK,20100324,8.2727,8.3182,8.1364,8.2,9700
PKOH,20100324,8.63,8.84,8.35,8.39,24200
PLAB,20100324,5.23,5.33,5.08,5.29,572900
PLBC,20100324,2.34,2.6,2.27,2.34,15300
PLCE,20100324,45,45.03,43.78,44.11,818500
PLPC,20100324,37.94,38.96,37.6,38.4,8400
PLUG,20100324,0.66,0.72,0.65,0.71,2716500
PLUS,20100324,8.605,8.675,8.55,8.55,7100
PLXS,20100324,37.69,37.97,36.36,36.41,168200
PMD,20100324,7.81,7.82,7.66,7.8,5700
PNBK,20100324,16.5,16.5,16.5,16.5,0
PNFP,20100324,16.73,16.79,16.51,16.56,118000
PNNT,20100324,10.55,10.72,10.52,10.62,418200
PNQI,20100324,27.55,27.55,27.34,27.45,13400
PNRG,20100324,29.6,29.6,28.99,28.99,3800
PODD,20100324,15.36,15.7,15.34,15.39,104000
POOL,20100324,23.54,23.67,23.2,23.26,169800
POWI,20100324,20.975,21.09,20.8,20.87,251600
POWL,20100324,33.64,33.75,33.1,33.26,59300
PPBI,20100324,4.85,4.86,4.8,4.86,13500
PRAA,20100324,19.1767,19.3733,19.0833,19.14,75700
PRFT,20100324,11.63,11.8,11.43,11.47,69400
PRFZ,20100324,56.24,56.46,56.05,56.05,30100
PRGS,20100324,21.8667,22.1533,21.4733,21.8467,414400
PRIM,20100324,8.11,8.11,7.81,7.91,26600
PROV,20100324,3.55,3.67,3.51,3.62,47700
PRTS,20100324,7.51,7.55,7.2,7.2,73800
PSEC,20100324,12.8,12.84,12.69,12.7,878900
PSMT,20100324,23.51,23.7,23.51,23.54,28800
PSTI,20100324,11.4,11.5,11.1,11.5,141000
PTEN,20100324,13.61,14.01,13.52,13.82,4847000
PTIX,20100324,2.75,2.77,2.75,2.77,600
PTNR,20100324,22,22,21.76,21.88,150900
PTSI,20100324,13.89,13.99,13.85,13.95,5200
PWOD,20100324,22.3333,22.6133,22.3333,22.52,4000
PXLW,20100324,5.2,5.49,5.07,5.33,248000
PZZA,20100324,12.89,12.925,12.695,12.74,76600
QABA,20100324,25.8,25.89,25.71,25.71,2800
QCLN,20100324,15.48,15.48,15.28,15.28,30100
QCOM,20100324,40.24,40.43,40.02,40.19,12982600
QCRH,20100324,8.85,9.18,8.75,8.95,23800
QDEL,20100324,13.53,13.94,13.41,13.9,315400
QNST,20100324,16.53,16.74,16.05,16.3,85500
QQEW,20100324,21.22,21.22,21.04,21.06,43300
QQQ,20100324,48.14,48.17,47.91,48.02,63030000
QQQX,20100324,13.79,14,13.68,13.73,98700
QQXT,20100324,19.32,19.32,19.17,19.18,19900
QTEC,20100324,22.12,22.12,21.96,21.99,106700
QUIK,20100324,38.22,38.22,37.1,37.66,104100
RADA,20100324,5.18,5.28,5.18,5.28,700
RAIL,20100324,25.41,25.49,24.75,24.82,64700
RAM,20100324,1.45,1.49,1.45,1.46,120400
RAND,20100324,30.87,30.87,30.69,30.69,1900
RAVN,20100324,15.33,15.525,14.91,15.215,22300
RBCAA,20100324,18.61,18.64,18.3,18.45,34000
RBCN,20100324,209.6,213.5,206,209.7,153900
RCII,20100324,24.04,24.04,23.61,23.7,937000
RCKY,20100324,9.55,9.63,9.51,9.51,6100
RCMT,20100324,3.36,3.36,3.22,3.25,8900
RCON,20100324,31.25,31.25,30,30.4,28600
RDCM,20100324,2.04,4.05,2.04,3.46,1030700
RDI,20100324,4.27,4.36,4.26,4.26,38500
RDIB,20100324,8.3,8.3,8.3,8.3,0
RDNT,20100324,2.89,3.07,2.78,2.97,113100
RDWR,20100324,10.705,11,10.69,10.805,306000
REED,20100324,1.75,1.77,1.66,1.77,39800
REFR,20100324,3,3,2.94,3,11800
REGN,20100324,25.66,25.9,25.4,25.4,495300
RELL,20100324,7.73,7.83,7.54,7.81,18900
RENT,20100324,20.76,21.24,20.69,20.89,23000
RFIL,20100324,2.405,2.405,2.4,2.4,1400
RGCO,20100324,10.4367,10.4967,10.1667,10.4967,6100
RGEN,20100324,3.77,3.79,3.68,3.69,50700
RGLD,20100324,46.87,46.93,45.57,45.75,587800
RICK,20100324,13.85,14,13.1,13.25,406900
RIGL,20100324,8.59,8.74,8.24,8.26,434200
RMBS,20100324,22.93,23.07,22.55,22.82,1206500
RMCF,20100324,9.89,9.89,9.61,9.8,2300
RMTI,20100324,6.04,6.19,5.98,5.99,42700
RNST,20100324,16.62,16.83,16.36,16.4,21000
RNWK,20100324,5.11,5.17,4.94,4.94,340700
ROCK,20100324,12.44,12.68,12.1,12.12,145600
ROIC,20100324,10.19,10.31,10.16,10.2,759600
ROLL,20100324,28.16,29.06,28.16,29.06,111100
ROST,20100324,13.565,13.565,13.34,13.395,2049400
RPRX,20100324,0.68,0.68,0.63,0.65,895800
RRGB,20100324,25.43,25.73,25.13,25.66,189600
RUSHA,20100324,8.5667,8.6,8.38,8.44,61900
RUSHB,20100324,7.3933,7.66,7.3933,7.5,1800
RUTH,20100324,4.76,5.08,4.73,5,576200
RVSB,20100324,2.38,2.42,2.38,2.4,4800
RYAAY,20100324,26,26.04,25.78,26,549100
SAFM,20100324,53.13,56.23,53.13,55.9,499400
SAFT,20100324,38.09,38.17,37.72,37.72,26800
SAIA,20100324,9.42,9.5867,9.3667,9.3733,57300
SALM,20100324,4.02,4.11,3.96,3.98,12000
SANM,20100324,17.3,17.44,16.61,16.68,913400
SASR,20100324,14.22,14.45,14.11,14.19,143800
SATS,20100324,15.9575,16.0469,15.9006,15.99,101300
SBAC,20100324,36.07,36.22,35.51,35.69,1043900
SBCF,20100324,8.6,9.1,7.55,8.95,499000
SBGI,20100324,5.07,5.11,4.93,4.94,250900
SBLK,20100324,210,213.75,210,212.25,232000
SBNY,20100324,37.85,38.22,37.59,37.76,368100
SBSI,20100324,20.5429,20.7143,20.3905,20.6,27700
SBUX,20100324,12.92,13,12.62,12.645,12149000
SCHL,20100324,29.77,29.77,29.35,29.43,153900
SCHN,20100324,51.71,52.27,51,51.34,390600
SCKT,20100324,2.81,2.81,2.64,2.78,3400
SCOR,20100324,16.09,16.25,15.67,15.71,25800
SCSC,20100324,30.31,30.4,29.44,29.51,113300
SCVL,20100324,16.0933,16.3067,15.74,15.88,55500
SEAC,20100324,7.57,7.62,7.41,7.43,113900
SEED,20100324,100.8,102.2,99.7,102.2,875100
SEIC,20100324,21.79,21.95,21.5,21.67,1874200
SENEA,20100324,28.96,29.49,28.89,29.46,32700
SENEB,20100324,28.99,29.36,28.99,29.11,2600
SFNC,20100324,13.59,13.79,13.555,13.56,24600
SFST,20100324,7.75,7.75,7.75,7.75,0
SGC,20100324,9.81,9.81,9.81,9.81,200
SGEN,20100324,12.56,12.6,12.13,12.17,266600
SGMA,20100324,6.05,6.05,5.99,5.99,4700
SGMO,20100324,5.88,5.9,5.64,5.68,154500
SGMS,20100324,14.68,14.7,14.46,14.47,526700
SGRP,20100324,0.86,0.86,0.85,0.85,400
SHBI,20100324,14.45,14.45,14.07,14.18,9800
SHEN,20100324,9.905,9.995,9.82,9.935,23800
SHIP,20100324,1404,1404,1344,1344,166200
SHIPW,20100324,0.05,0.05,0.05,0.05,1000
SHOO,20100324,9.359,9.361,9.197,9.2701,243500
SHY,20100324,83.28,83.32,83.2,83.21,651600
SIEB,20100324,2.27,2.27,2.27,2.27,0
SIFY,20100324,1.63,1.66,1.6,1.61,71100
SIGA,20100324,7.11,7.14,7.01,7.07,175600
SIGI,20100324,16.89,17,16.83,16.83,64100
SILC,20100324,10.5,11.09,10.41,10.93,13000
SIMO,20100324,3.98,4.02,3.93,4.02,237100
SINO,20100324,21,21.5,21,21.2,14300
SIRI,20100324,0.89,0.9,0.86,0.88,162626400
SIVB,20100324,48.23,48.25,47.67,48.02,241200
SKYW,20100324,14.52,14.81,14.52,14.64,306600
SLAB,20100324,48.8,48.89,48.35,48.37,1111000
SLGN,20100324,15.0425,15.045,14.845,14.8675,102200
SLP,20100324,1.81,1.82,1.79,1.8,2400
SLRC,20100324,20.5,20.59,20.1,20.29,217900
SMBC,20100324,7.23,7.24,7.23,7.24,200
SMCI,20100324,17.84,17.97,17.24,17.26,143700
SMED,20100324,6.98,6.98,6.6,6.74,111300
SMIT,20100324,3.55,3.55,3.54,3.54,200
SMMF,20100324,3.81,3.81,3.81,3.81,0
SMSI,20100324,35.4,35.76,35.28,35.52,120100
SMTC,20100324,18.06,18.06,17.58,17.6,1065700
SNCR,20100324,20.39,20.44,20.17,20.31,143700
SNFCA,20100324,3.21,3.21,3,3.05,3900
SNPS,20100324,22.73,22.93,22.56,22.81,2042300
SOHU,20100324,53.81,54.39,52.69,53.18,1463800
SONO,20100324,32.22,32.71,32.04,32.21,111900
SPNS,20100324,2.07,2.15,2.05,2.15,1100
SPPI,20100324,4.94,4.94,4.8,4.88,1016300
SPRO,20100324,3.2,3.2,3.2,3.2,2800
SPTN,20100324,14.98,15.03,14.71,14.74,68500
SQQQ,20100324,72422.4,73459.2,72332.8,72832,124000
SRCE,20100324,18.43,18.6,18.32,18.39,33300
SRCL,20100324,55.49,55.86,54.34,54.71,756400
SRDX,20100324,22.11,22.21,21.56,21.72,27400
SSBI,20100324,6.52,6.53,6.29,6.49,1700
SSTI,20100324,3.12,3.13,3.09,3.1,163700
SSYS,20100324,26.82,27.52,26.63,26.75,108400
STAA,20100324,3.42,3.61,3.42,3.54,126900
STBA,20100324,21.47,21.63,21.09,21.17,69800
STFC,20100324,17.8,18.26,17.8,18.13,22000
STKL,20100324,3.9,3.91,3.44,3.89,841600
STLD,20100324,17.85,17.89,17.62,17.67,3285600
STRA,20100324,245,245,240.6,241.51,109500
STRC,20100324,3.02,3.05,2.97,2.97,4300
STRL,20100324,16.31,16.39,16,16.09,182100
STRM,20100324,1.92,1.98,1.91,1.95,18100
STRN,20100324,7.37,7.39,7.37,7.39,300
STRS,20100324,9.54,9.56,9.41,9.45,2200
STRT,20100324,19.32,20.03,18.77,20.03,14500
STSA,20100324,38.94,42.24,38.28,41.58,870400
STX,20100324,20.25,20.3,20,20.03,10624700
SUMR,20100324,57.69,57.69,55.62,56.52,17300
SURG,20100324,1.4,1.42,1.36,1.42,176500
SVBI,20100324,4.2,4.2,3.76,4.2,7300
SWIR,20100324,8.63,8.75,8.52,8.7,163700
SWKS,20100324,16.32,16.4,16.01,16.05,5489800
SYBT,20100324,15.1667,15.1867,14.84,14.84,29200
SYNA,20100324,24.96,25.47,24.96,25.07,1256100
SYNL,20100324,8.1,8.1,8,8.04,37100
SYPR,20100324,3.22,3.26,3.03,3.23,15600
TACT,20100324,7.58,7.59,7.41,7.48,6300
TAIT,20100324,1.64,1.64,1.64,1.64,0
TAST,20100324,6.51,6.57,6.5,6.52,90100
TATT,20100324,8.07,8.23,8.02,8.18,7900
TAYD,20100324,5.7,6.01,5.7,5.92,13200
TBBK,20100324,8.79,9.04,8.66,8.7,34500
TBNK,20100324,19.92,20.06,19.39,19.39,10300
TCBI,20100324,18.93,19.13,18.79,18.94,238400
TCBK,20100324,20.32,20.54,20.09,20.15,24200
TCX,20100324,3.32,3.36,3.28,3.28,51200
TEAM,20100324,6.71,6.8,6.7,6.75,4700
TECH,20100324,66.85,66.85,66.04,66.1,45800
TESS,20100324,16.4733,16.56,16,16.24,8800
TFSL,20100324,13.6,13.6,13.43,13.55,389500
TGA,20100324,4.72,4.98,4.65,4.91,294200
THFF,20100324,30.35,30.35,29.83,29.9,12800
THRX,20100324,12.76,13.1,12.68,12.7,313000
TIGR,20100324,3.29,3.34,3.26,3.27,2700
TITN,20100324,13.05,13.12,12.84,12.89,71700
TLT,20100324,89.84,90.25,89.06,89.27,8049800
TNDM,20100324,18.55,18.63,17.78,17.81,485200
TOPS,20100324,7490000,7630000,7420000,7560000,38700
TOWN,20100324,14.92,14.92,14.73,14.82,29600
TQQQ,20100324,2.3125,2.3175,2.2813,2.2958,232300
TREE,20100324,9.25,9.25,9.09,9.13,55600
TRIB,20100324,5.31,5.58,5.31,5.49,112100
TRIT,20100324,14.22,14.22,13.63,13.9,137500
TRMB,20100324,14.44,14.59,14.185,14.295,593100
TRMD,20100324,104.5,104.9,103.6,104.4,3100
TRMK,20100324,25.01,25.18,24.67,24.69,194200
TRNS,20100324,7.07,7.08,7.07,7.08,200
TROW,20100324,55.55,55.75,54.52,55,1382500
TRS,20100324,7.2,7.24,6.95,6.95,31300
TRST,20100324,6.55,6.62,6.44,6.53,250000
TRUE,20100324,3.31,3.33,3.05,3.3,7700
TSBK,20100324,4.18,4.2,3.87,4.14,5300
TSCO,20100324,14.8975,14.99,14.675,14.6925,243300
TSEM,20100324,25.95,25.95,25.05,25.5,465500
TSRI,20100324,2.22,2.25,2.2,2.25,2800
TTEC,20100324,17.18,17.23,16.81,16.82,359700
TTEK,20100324,23.12,23.37,22.81,23.08,640100
TTGT,20100324,5.53,5.59,5.32,5.34,16200
TTMI,20100324,9.62,9.62,9.38,9.41,199100
TTWO,20100324,10.48,10.55,10.35,10.38,1011800
TW,20100324,47.5,47.63,47.22,47.31,220700
TWIN,20100324,12.85,12.98,12.56,12.75,16800
TXN,20100324,25.31,25.33,24.72,24.79,16929200
TXRH,20100324,14.15,14.26,14.12,14.24,837000
TZOO,20100324,13.62,14.01,13.35,13.62,28400
UBCP,20100324,8.5,8.56,8.5,8.56,600
UBFO,20100324,5.06,5.17,5.06,5.17,1300
UBOH,20100324,10,10.07,10,10.07,600
UBSI,20100324,27.65,27.83,26.95,27.02,308400
UCBI,20100324,4.58,4.62,4.53,4.57,372500
UCTT,20100324,8.88,8.88,8.64,8.66,81600
UEIC,20100324,23.55,23.58,22.99,23.05,25200
UEPS,20100324,18.7,18.7,18.17,18.23,238200
UFCS,20100324,18.44,18.75,18.19,18.6,124900
UFPI,20100324,38.35,39.29,38.35,38.45,76700
UFPT,20100324,10.42,10.42,9.9,10.06,72200
UG,20100324,12.27,12.27,12.09,12.1,3600
UHAL,20100324,54.61,55.09,53.85,54.3,23200
ULBI,20100324,4.26,4.3,4.16,4.18,40400
ULTA,20100324,22.06,22.29,21,21.97,288700
UMBF,20100324,41.77,41.96,41.23,41.37,147400
UMPQ,20100324,13.58,13.96,13.44,13.45,870700
UNAM,20100324,9.71,9.74,9.65,9.69,800
UNB,20100324,18.5,18.5,17.14,17.45,400
UNTY,20100324,5,5.1,4.99,5.1,4300
URBN,20100324,36.2,36.39,35.98,36.29,2089200
USAK,20100324,16.27,16.97,16.26,16.49,23100
USAP,20100324,22.32,22.55,22.15,22.36,13800
USEG,20100324,351.6,354,343.2,349.2,168300
USLM,20100324,38.7,38.74,37.66,38.34,600
UTHR,20100324,56.62,57.23,56.26,56.31,414100
UTMD,20100324,28.31,28.49,28.31,28.32,1800
UTSI,20100324,7.05,7.17,7.05,7.17,643700
UVSP,20100324,19.57,19.69,19.11,19.21,15700
VALU,20100324,23.22,24.48,22.94,24.26,11800
VBFC,20100324,48.48,50.4,48.48,50.4,400
VCIT,20100324,76.78,76.78,76.33,76.35,36700
VCLT,20100324,75.02,75.28,74.8,74.8,1300
VCSH,20100324,76.27,76.28,76.16,76.2,55100
VECO,20100324,42.76,43.67,42.7,43.5,2962300
VGIT,20100324,59.71,59.76,59.65,59.65,1200
VGLT,20100324,57.78,57.97,57.52,57.57,7200
VGSH,20100324,60.03,60.04,59.97,59.99,20800
VIA,20100324,34.59,34.97,34.39,34.91,71800
VICR,20100324,14.12,14.13,13.66,13.83,131200
VIRC,20100324,3.47,3.74,3.46,3.7,3500
VIVO,20100324,21.46,21.56,21.28,21.33,423500
VLGEA,20100324,27.69,27.85,27.29,27.69,6800
VMBS,20100324,50.5,50.5,50.29,50.29,3300
VNDA,20100324,12.25,12.34,12,12.1,286500
VOD,20100324,22.33,22.35,22.15,22.18,5304300
VOXX,20100324,8.01,8.03,7.85,7.86,31900
VRSK,20100324,28,28.26,27.82,28.02,628500
VRSN,20100324,26.32,26.51,26.28,26.37,1949400
VRTS,20100324,20.68,20.8,20.42,20.74,14900
VRTX,20100324,42.16,42.38,41.58,41.71,1413100
VSAT,20100324,33.26,33.88,33.09,33.57,378100
VSEC,20100324,22.445,22.585,22.44,22.51,23000
WABC,20100324,58.74,58.74,57.85,57.94,172000
WAFD,20100324,20.23,20.5,20.14,20.41,835300
WASH,20100324,19.73,19.8,19.42,19.42,22800
WAVE,20100324,0.4,0.6,0.4,0.5,13551100
WDC,20100324,42.01,42.4,41.51,41.69,4801300
WDFC,20100324,33.54,33.65,32.95,32.96,22600
WERN,20100324,23.28,23.52,23.08,23.12,960600
WEYS,20100324,23.61,23.72,23.44,23.5,20300
WILC,20100324,5.93,6.02,5.83,5.83,37200
WINA,20100324,22.03,22.03,21.71,22.03,5100
WIRE,20100324,21.86,21.86,21.3,21.34,243500
WLDN,20100324,2.31,2.34,2.29,2.32,700
WLFC,20100324,14.98,15.2,14.69,14.9,5600
WOOD,20100324,41.64,41.64,41.49,41.49,1400
WOOF,20100324,27.41,27.51,26.96,27.05,501700
WPRT,20100324,16.45,16.91,16.09,16.67,332200
WRLD,20100324,36.31,37.01,36.03,36.47,301100
WSBC,20100324,16.74,16.75,16.17,16.25,43400
WSBF,20100324,3.75,3.75,3.39,3.39,19100
WSFS,20100324,12.84,13,12.59,12.91,14400
WSTG,20100324,9.22,9.28,9,9.15,20500
WTBA,20100324,6.31,6.34,6.07,6.22,17400
WTFC,20100324,37.58,38.18,37.11,37.19,288800
WVFC,20100324,14.25,14.25,14.25,14.25,500
WVVI,20100324,3.6,3.6,3.54,3.55,8600
WYNN,20100324,75.85,77.25,75.3,75.81,3633900
XLNX,20100324,26.95,26.95,25.74,25.81,14273500
XOMA,20100324,11,11.8,11,11.8,3785000
XRAY,20100324,34.4,34.56,34.19,34.26,589400
XRTX,20100324,200.28,201.12,193.92,194.76,305700
YORW,20100324,14.18,14.25,13.9,14.12,37400
ZBRA,20100324,29.75,29.8,29.33,29.41,123000
ZEUS,20100324,32.69,32.99,32.15,32.33,80500
ZION,20100324,22.71,23.43,22.68,23.06,5177200
ZIOP,20100324,4.47,4.65,4.45,4.55,1102400
ZIXI,20100324,2.27,2.27,2.19,2.21,272200
ZUMZ,20100324,19.91,20.26,19.58,20.23,225500
