AAME,20101103,1.7,1.7,1.7,1.7,0
AAON,20101103,7.3481,7.4133,7.3274,7.4133,21600
AAPL,20101103,11.1204,11.1743,11.0189,11.1714,18155200
AAWW,20101103,58.73,59.88,57.95,59.6,272100
AAXJ,20101103,63.96,64.15,63.31,64.15,560800
ABCB,20101103,9.07,9.14,8.93,9.06,29500
ABIO,20101103,2910.6,2933.28,2872.8,2880.36,19900
ABMD,20101103,10.71,10.9,10.55,10.9,140200
ACAD,20101103,0.72,0.75,0.72,0.74,305500
ACET,20101103,7.52,7.52,7.24,7.48,77000
ACGL,20101103,9.7678,9.7933,9.67,9.7178,322200
ACIW,20101103,8.5,8.71,8.4933,8.69,164800
ACLS,20101103,8.6,8.68,8.36,8.52,789100
ACMR,20101103,2.28,2.51,2.28,2.51,71100
ACOR,20101103,25.99,26.11,25.61,26.06,365300
ACTG,20101103,27.31,27.34,26.65,27.05,282700
ACWI,20101103,45.37,45.63,44.95,45.57,241200
ACWX,20101103,43.5,43.66,43,43.66,37300
ADBE,20101103,29.02,29.09,28.52,28.8,6424200
ADES,20101103,3.13,3.255,2.98,3.085,6400
ADI,20101103,34.34,34.66,33.92,34.66,4040100
ADP,20101103,39.324,39.7367,39.201,39.6313,3866600
ADRE,20101103,47.15,47.15,46.5,47.12,85700
ADSK,20101103,35.43,35.65,34.75,35.31,2634800
ADTN,20101103,32.53,32.84,32.03,32.83,886100
ADUS,20101103,3.05,3.2,3.02,3.15,42300
AEHR,20101103,1.18,1.18,1.1,1.12,25300
AEIS,20101103,12.96,13.2,12.61,12.8,1088900
AEY,20101103,3.13,3.2,3.1,3.15,29700
AEZS,20101103,750,762,738,744,434500
AGEN,20101103,0.94,0.95,0.9,0.91,254700
AGNC,20101103,28.76,28.95,28.73,28.9,996200
AGYS,20101103,6.16,6.23,5.83,6.03,82800
AHPI,20101103,3.75,3.75,3.75,3.75,100
AIMC,20101103,16,16.15,15.78,16.05,161600
AINV,20101103,33.48,33.78,33.03,33.6,1779400
AIRT,20101103,8.71,8.82,8.64,8.82,20600
AKAM,20101103,52.02,52.51,51.48,52.51,2605800
ALCO,20101103,26.5,26.5,24.22,24.62,23500
ALGN,20101103,17.33,17.41,17,17.4,888300
ALGT,20101103,47.5,48.79,47.5,48.76,250500
ALIM,20101103,11.3,11.35,11.02,11.15,27600
ALKS,20101103,11.7,11.91,11.51,11.89,984400
ALLT,20101103,7.07,7.51,6.74,7.5,202500
ALNY,20101103,12.6,12.66,12.41,12.6,216900
ALOT,20101103,7.02,7.05,7.02,7.05,400
ALRN,20101103,1.01,1.1,0.98,1.1,9000
ALTR,20101103,31.34,31.9,31.29,31.9,7590300
ALVR,20101103,25.6,26,24.7,25.7,659400
AMAT,20101103,12.48,12.55,12.32,12.53,12325000
AMD,20101103,7.52,7.67,7.47,7.64,20363600
AMED,20101103,28,28.19,26.28,27,729400
AMGN,20101103,57.26,57.72,57.07,57.3,4426900
AMKR,20101103,7.1,7.22,7.01,7.2,1934800
AMNB,20101103,22.62,22.92,22.6,22.91,2600
AMOT,20101103,4.82,5.37,4.82,5.26,19300
AMPH,20101103,32.42,32.47,32.41,32.42,8300
AMPL,20101103,49.8,49.8,47,49.2,41800
AMRN,20101103,3.01,3.11,2.93,3.02,396500
AMRS,20101103,258.45,258.45,255.75,255.9,38700
AMSC,20101103,364.9,364.9,347.4,361.5,1346800
AMSF,20101103,19.45,19.45,19.02,19.27,28500
AMSWA,20101103,6.13,6.17,5.91,6.17,46600
AMWD,20101103,17.7,17.95,17.5,17.63,9800
AMZN,20101103,165.4,168.61,162.29,168.47,6119600
ANAT,20101103,80.45,81.35,80.04,80.81,9600
ANDE,20101103,26.7267,26.7267,25.12,25.2133,320600
ANGN,20101103,4.3,4.3,4.11,4.25,400
ANGO,20101103,14.4,14.5,14.16,14.3,54400
ANIK,20101103,6.61,6.83,6.55,6.57,85500
ANSS,20101103,45.4,45.5,44.37,45.41,817400
AOSL,20101103,11.44,11.5,11.32,11.41,200100
APAC,20101103,6.09,6.15,6.01,6.15,68100
APEI,20101103,26.99,28.15,26.99,28.04,283200
APOG,20101103,10.9,11.27,10.84,11.23,262900
ARAY,20101103,6.77,6.77,6.5,6.56,236100
ARCC,20101103,17.25,17.25,16.8,16.9,1949300
ARKR,20101103,14.8,14.8,14.55,14.61,5400
ARLP,20101103,29.515,29.74,29.18,29.655,144600
ARNA,20101103,15.2,15.4,14.7,14.9,3160200
AROW,20101103,25.45,26.11,25.33,26.05,22000
ARRY,20101103,3.23,3.3,3.17,3.3,140000
ARTNA,20101103,19.11,19.16,18.91,19.09,11600
ARTW,20101103,9.58,9.75,9.18,9.61,16600
ARWR,20101103,0.98,0.98,0.96,0.97,53900
ASML,20101103,33.99,34.04,33.33,33.97,2043600
ASPS,20101103,27.23,27.24,26.72,27.06,159300
ASRV,20101103,1.6,1.61,1.55,1.56,4300
ASTC,20101103,1.18,1.2,1.18,1.19,21400
ASTE,20101103,30.51,30.53,29.41,29.66,183200
ASUR,20101103,1.82,1.82,1.82,1.82,0
ASYS,20101103,17.25,17.35,16.88,17.2,66200
ATAI,20101103,3.52,3.56,3.21,3.56,5300
ATAX,20101103,5.44,5.47,5.4,5.44,73700
ATEC,20101103,26.16,26.76,25.92,26.28,455800
ATHX,20101103,2.74,2.78,2.72,2.76,51800
ATLO,20101103,19.59,19.79,19.51,19.79,4600
ATNI,20101103,40.53,40.63,39.35,39.87,111700
ATRC,20101103,8.22,8.59,8.22,8.54,28600
ATRI,20101103,162.51,163.5,162.4,163.5,1300
ATRO,20101103,17.8917,18.4083,17.8917,18,32900
ATSG,20101103,7.25,7.28,7.03,7.19,263600
ATVI,20101103,11.54,11.6,11.34,11.45,7571700
AUBN,20101103,21.21,22,21.15,22,700
AUDC,20101103,4.86,4.86,4.6,4.76,225200
AVAV,20101103,24.3,24.3,23.15,23.5,84400
AVEO,20101103,158.3,160,156.7,158.6,96200
AVGO,20101103,24.12,24.77,23.96,24.68,584800
AVID,20101103,12.76,12.94,12.55,12.91,63800
AVNW,20101103,54.72,56.76,54.72,56.64,265600
AWRE,20101103,2.85,2.85,2.79,2.79,13600
AXTI,20101103,8.21,8.39,8.06,8.33,354500
AZPN,20101103,11.87,12.47,11.87,12.47,767800
BANF,20101103,41.78,41.88,41.5,41.74,7900
BANFP,20101103,26.8,26.8,26.8,26.8,1000
BANR,20101103,12.25,12.25,11.62,11.69,697900
BBBY,20101103,44.25,44.39,43.21,43.55,3932400
BBGI,20101103,4.21,4.25,4.1,4.18,3800
BBSI,20101103,15.55,15.64,15.45,15.61,9200
BCBP,20101103,8.32,8.74,8.32,8.72,3000
BCPC,20101103,29.97,30.07,29.03,29.44,122000
BCRX,20101103,4.9,5.1,4.67,4.97,304400
BDSI,20101103,3.55,3.59,3.47,3.59,154200
BEAT,20101103,5.45,5.99,5.33,5.8,840400
BECN,20101103,14.81,14.82,14.54,14.73,324000
BELFA,20101103,24.07,24.07,23.77,23.77,500
BELFB,20101103,23.05,23.25,22.76,22.93,20100
BFIN,20101103,9.4,9.43,9.3,9.39,22400
BGCP,20101103,7.24,7.25,7.1,7.17,545800
BGFV,20101103,12.42,14,12.42,13.67,163700
BIB,20101103,6.815,6.815,6.815,6.815,300
BICK,20101103,33.58,33.6,33.17,33.6,30500
BIDU,20101103,109.68,110.87,109,110.65,7566200
BIIB,20101103,58.1129,58.334,57.726,58.03,2673200
BIOC,20101103,122.7,126.3,121.5,121.8,28900
BIS,20101103,226.68,227.8,226.36,226.36,1300
BITS,20101103,7.05,7.1,6.95,7.03,11100
BJRI,20101103,32.65,33.18,32.51,33.11,397500
BKCC,20101103,12.05,12.05,11.86,11.98,629200
BKSC,20101103,10.41,10.41,10.01,10.25,3500
BLDP,20101103,1.76,1.76,1.72,1.75,83200
BLIN,20101103,375,375,370,375,14200
BLKB,20101103,25.57,25.92,25.06,25.9,106300
BMRC,20101103,16.9,16.9,16.515,16.845,8400
BMRN,20101103,25.55,25.78,25.03,25.44,950200
BMTC,20101103,16.22,16.48,16.03,16.46,31200
BNSO,20101103,1.57,1.57,1.38,1.39,2000
BOKF,20101103,46.85,47.95,46.85,47.9,77400
BOLT,20101103,11.75,11.75,11.47,11.58,24400
BOOM,20101103,15.35,15.41,15.14,15.29,53900
BOSC,20101103,7.16,7.36,7.04,7.2,8000
BPOP,20101103,27.1,27.9,27.1,27.5,8787600
BPOPM,20101103,19,19,19,19,0
BPOPN,20101103,20.75,20.75,20.75,20.75,300
BRID,20101103,12.9,13,12.06,13,2000
BRKL,20101103,9.7,9.87,9.68,9.83,298900
BRKR,20101103,14.91,14.94,14.65,14.89,448400
BRKS,20101103,7.07,7.24,6.89,7.17,312400
BRLI,20101103,21.88,21.88,21.37,21.71,124500
BSET,20101103,4.58,4.58,4.48,4.52,17600
BSQR,20101103,3.85,3.85,3.8,3.83,16900
BSRR,20101103,10.95,11,10.65,11,42500
BUSE,20101103,4.65,4.71,4.64,4.67,89300
BWEN,20101103,18.8,19,18.3,18.9,443900
BYFC,20101103,2.2,2.3,2.16,2.25,1600
CAAS,20101103,15.47,15.89,15.19,15.67,209500
CAC,20101103,34.3,35,34.17,35,3800
CACC,20101103,58.85,59.97,58.83,59.86,10800
CAKE,20101103,29.25,29.49,28.98,29.38,483100
CALM,20101103,14.225,14.295,14.125,14.215,113200
CAMP,20101103,2.37,2.47,2.37,2.43,50000
CAMT,20101103,3.05,3.05,2.74,2.86,59800
CARV,20101103,2.01,2.01,1.52,1.59,4800
CASA,20101103,1.54,1.78,1.54,1.75,3500
CASH,20101103,4.4067,4.5,4.3167,4.3167,11400
CASS,20101103,34.77,35.05,34.77,35.05,7500
CASY,20101103,38.65,39.82,38.25,39.34,2048500
CATY,20101103,13.86,14.22,13.74,13.98,824700
CBAN,20101103,3.95,3.95,3.95,3.95,0
CBNK,20101103,12.22,12.23,12.05,12.05,6800
CBRL,20101103,54.82,55,54.32,55,280300
CBSH,20101103,36.83,37.02,36.59,36.85,531700
CCBG,20101103,12.53,12.53,12.13,12.3,21600
CCMP,20101103,39.28,40.35,39.18,40.31,420700
CCNE,20101103,13.97,14.08,13.83,14.08,4900
CCOI,20101103,10.79,10.91,10.64,10.83,92100
CCRN,20101103,6.81,7.14,6.81,7.01,81900
CDNS,20101103,8.52,8.52,8.4,8.45,3173800
CDXS,20101103,11.2,11.39,10.64,10.83,62900
CDZI,20101103,10.92,11,10.75,10.87,44500
CECE,20101103,5.6,5.6,5.19,5.33,17800
CELH,20101103,1.41,1.43,1.35,1.38,27200
CENT,20101103,10.87,10.88,10.46,10.72,67300
CENTA,20101103,11.03,11.03,10.55,10.78,219000
CENX,20101103,13.72,14.19,13.61,14.14,2469500
CERN,20101103,21.8425,22.105,21.6475,21.9175,404000
CERS,20101103,3.33,3.35,3.22,3.29,115400
CEVA,20101103,19,19.17,18.9,19.09,245200
CFBK,20101103,27.5,27.5,27.5,27.5,0
CFFI,20101103,18.99,19,18.99,19,200
CFFN,20101103,23.94,24.05,23.88,23.99,79500
CGEN,20101103,4.33,4.4,4.3,4.35,102700
CGNX,20101103,7.14,7.2375,6.9175,7.1625,660700
CHCI,20101103,1.17,1.22,1.1,1.13,49000
CHCO,20101103,31.13,32.36,31.05,32.36,40300
CHDN,20101103,12.1867,12.25,12.0967,12.2167,12500
CHKP,20101103,42.85,43.11,42.47,42.74,3084100
CHNG,20101103,6.95,7.1,6.95,6.99,702800
CHNR,20101103,12.77,12.94,12.26,12.36,14600
CHRS,20101103,3.47,3.51,3.42,3.49,742800
CHRW,20101103,71.05,71.24,69.71,70.54,1369200
CHSCP,20101103,28.6,28.71,28.55,28.55,11900
CHTR,20101103,31.76,33.99,31.75,33.35,190400
CIDM,20101103,14.6,14.8,13.8,14.5,38300
CINF,20101103,29.94,29.95,29.5,29.91,1295800
CIZN,20101103,18.75,18.75,18.63,18.72,900
CJJD,20101103,4.96,5.1,4.96,5.07,31000
CLDX,20101103,65.1,67.2,63.75,65.55,316900
CLFD,20101103,2.95,3.1,2.95,2.97,17200
CLMT,20101103,20.21,21.46,20.21,20.89,300500
CLNE,20101103,14.5,15.4,14.4,15.26,2303600
CLRO,20101103,3.55,3.55,3.55,3.55,0
CLSN,20101103,3.09,3.15,3.01,3.15,27700
CLWT,20101103,4.8767,4.95,4.8033,4.84,15500
CMCO,20101103,18.01,18.22,17.62,18.06,39200
CMCSA,20101103,10.345,10.4,10.25,10.335,16721300
CME,20101103,57.874,58.288,56.998,57.918,284300
CMLS,20101103,27.76,28.32,25.92,27.92,92100
CMTL,20101103,31.14,31.9,30.97,31.82,297000
CNBKA,20101103,24.23,24.25,24.08,24.2,1500
CNET,20101103,4.3,4.32,4.03,4.04,30800
CNOB,20101103,7.68,7.85,7.67,7.72,3000
CNSL,20101103,18.8,18.82,18.56,18.71,100100
CNTY,20101103,2.43,2.43,2.28,2.41,55500
COCO,20101103,4.79,4.89,4.45,4.51,8453100
COGT,20101103,10.49,10.5,10.48,10.49,546600
COHR,20101103,43.45,44.34,43.3,44.34,147600
COHU,20101103,14.27,14.57,13.94,14.56,65800
COIN,20101103,0.48,0.5,0.45,0.5,2136400
COKE,20101103,55.07,55.5,54.66,54.95,14100
COLB,20101103,17.56,17.91,17.37,17.84,283800
COLM,20101103,26.18,26.355,26.055,26.32,165500
CONN,20101103,3.98,3.98,3.7,3.72,178100
COOL,20101103,26.46,26.46,24.36,25.62,86600
CORT,20101103,3.51,3.54,3.41,3.53,36400
COST,20101103,63.53,63.86,62.71,63.16,4080800
COWN,20101103,3.73,3.8,3.7,3.8,152900
CPHC,20101103,8.75,9.08,8.73,8.9,10200
CPIX,20101103,6.47,6.47,6.2,6.4,36400
CPLP,20101103,8.6,8.73,8.58,8.63,242900
CPRT,20101103,8.5625,8.6175,8.4475,8.525,498200
CPRX,20101103,1.13,1.13,1.04,1.04,64300
CPSI,20101103,47.16,47.86,46.47,47,75400
CPSS,20101103,0.73,0.76,0.73,0.76,4300
CRAI,20101103,20.78,21.32,20.03,20.45,18300
CREG,20101103,325,329,316,320,19100
CRESW,20101103,0.29,0.29,0.27,0.27,17000
CRESY,20101103,19.2,19.53,19.05,19.23,108600
CRIS,20101103,7.25,7.5,7.05,7.5,494400
CRMT,20101103,28.25,28.34,27.41,27.75,45800
CRNT,20101103,11,11.3,11,11.27,515900
CROX,20101103,14.17,14.2,13.84,14.13,1848800
CRTX,20101103,6.42,6.42,6.16,6.26,13700
CRUS,20101103,12.88,12.88,12.68,12.87,3663800
CRVL,20101103,22.53,23.085,22.53,23,28700
CRWS,20101103,5.27,5.31,5.26,5.31,600
CSCO,20101103,23.29,23.74,23.18,23.71,53861100
CSGP,20101103,50.39,50.49,49.52,50.42,83800
CSGS,20101103,19.76,19.93,19.61,19.9,124600
CSII,20101103,6.05,6.33,6,6.1,39500
CSIQ,20101103,14.12,14.69,13.8,14.65,1716900
CSPI,20101103,4.5,4.5,4.5,4.5,8800
CSTR,20101103,59.03,62.29,58.84,61.87,3397000
CSWC,20101103,24.88,25.2475,24.875,25.2475,2000
CSX,20101103,20.8767,20.97,20.63,20.9367,2841300
CTAS,20101103,27.89,28.06,27.59,27.93,827500
CTBI,20101103,26.86,27.09,26.67,27.09,27000
CTHR,20101103,2.04,2.05,2,2.04,49600
CTIB,20101103,9,9.75,8.9,9.35,36000
CTIC,20101103,19.5,19.5,19,19,1938900
CTRN,20101103,20.66,20.66,20.25,20.63,92500
CTSH,20101103,32.9,32.905,31.85,32.13,3302600
CTXS,20101103,51.9427,52.2293,50.9395,52.0462,1906700
CUBA,20101103,6.83,6.93,6.8,6.93,4700
CUTR,20101103,7.12,7.12,6.96,7.04,15400
CVBF,20101103,7.69,7.88,7.58,7.88,466800
CVCO,20101103,33.56,33.97,33.23,33.96,5700
CVCY,20101103,5.88,5.88,5.77,5.83,2700
CVGI,20101103,13.65,14,12.98,13.89,356600
CVGW,20101103,22.27,22.57,22.26,22.52,38100
CVLT,20101103,29.18,29.35,28.7,28.92,565500
CVLY,20101103,9.1,9.1,9.1,9.1,0
CVV,20101103,7.5,8.06,7.5,8,5700
CWBC,20101103,3.27,3.27,3.18,3.18,4000
CWCO,20101103,10.38,10.38,9.9,10.06,87800
CWST,20101103,4.8,4.81,4.74,4.79,33400
CXDC,20101103,5.49,5.5,5.35,5.42,26700
CYAN,20101103,2.06,2.06,2.06,2.06,2400
CYBE,20101103,7.45,8,7.03,7.4,15300
CYCC,20101103,2704.8,2738.4,2704.8,2721.6,229100
CYCCP,20101103,4,4,4,4,7200
CYTK,20101103,15,15,14.7,15,58300
CZNC,20101103,15.71,15.71,15.38,15.54,9100
CZWI,20101103,4.3,4.3,4.28,4.3,3500
DAIO,20101103,5.5,5.59,5.42,5.58,11800
DAKT,20101103,11.33,11.39,11,11.35,137700
DCOM,20101103,14.72,14.84,14.53,14.84,102800
DCTH,20101103,2188.8,2193.92,2076.16,2109.44,749700
DDMX,20101103,21.14,21.15,21.1,21.12,13400
DENN,20101103,3.4,3.51,3.32,3.41,1695700
DGICA,20101103,14.14,14.24,13.93,14.24,8800
DGICB,20101103,16.75,16.75,16.75,16.75,0
DGII,20101103,10.2,10.24,9.9,10.03,61400
DGLY,20101103,1.79,1.84,1.71,1.72,59800
DHIL,20101103,78,78.23,77.52,78,3700
DIOD,20101103,22.6,22.8,22.38,22.79,352100
DISCA,20101103,42.79,43.09,42.15,42.6,4408600
DISCB,20101103,44.52,44.52,44.52,44.52,0
DISCK,20101103,18.725,18.8,18.335,18.57,1424800
DISH,20101103,20.33,20.71,20.23,20.65,2518900
DJCO,20101103,73.68,73.68,73.68,73.68,0
DLTR,20101103,26.295,26.4,26,26.305,777100
DMLP,20101103,26.84,27.41,26.84,27.4,28500
DMRC,20101103,26.34,27.04,26.12,26.99,26400
DORM,20101103,19.545,20.165,19.105,20.065,185800
DRIV,20101103,36.48,37.1,36.25,36.96,1058000
DRRX,20101103,2.65,2.75,2.56,2.67,246200
DSGX,20101103,6.32,6.38,6.32,6.34,1800
DSPG,20101103,7.13,7.17,6.75,7,137000
DSWL,20101103,3.4,3.5,3.4,3.47,42100
DVAX,20101103,19.3,20.6,19.3,20.3,717200
DWSN,20101103,24.92,25.35,24.4,24.74,18700
DXCM,20101103,13.82,14,13.68,13.91,236700
DXPE,20101103,20.66,20.84,20.26,20.68,30100
DXYN,20101103,3.74,3.75,3.64,3.7,3300
DYNT,20101103,3.55,3.55,3.45,3.55,700
EBAY,20101103,12.6147,12.6989,12.4968,12.6779,15775900
EBIX,20101103,24.38,24.98,24.38,24.72,506300
EBMT,20101103,9.89,9.99,9.73,9.99,2900
EBSB,20101103,4.3382,4.3668,4.326,4.3505,11400
EBTC,20101103,11.25,11.25,11.25,11.25,600
ECHO,20101103,14.17,14.76,14.05,14.76,169200
ECOL,20101103,17,17,16.6,16.77,104900
ECPG,20101103,20.63,20.81,20.31,20.62,57600
EDAP,20101103,2.44,2.6,2.44,2.45,25100
EDUC,20101103,3.15,3.15,3.1,3.1,900
EEFT,20101103,18.17,18.2,17.95,18.11,178500
EFOI,20101103,5.5,5.95,5.45,5.55,68600
EFSC,20101103,9.84,9.91,9.52,9.7,43700
EGBN,20101103,12.93,12.93,12.42,12.71,9100
EGLE,20101103,52416,53424,51912,53222.4,920500
EHTH,20101103,13.97,14.04,13.83,14,120600
ELSE,20101103,4.05,4.06,4.05,4.05,600
ELTK,20101103,1.2,1.4,1.2,1.26,80200
EMCF,20101103,16.08,16.08,16.08,16.08,200
EMIF,20101103,34.27,34.27,33.8,34.17,45600
EMKR,20101103,5.36,5.4,5.08,5.32,927300
ENDP,20101103,35.25,36.09,35.24,35.88,1781700
ENG,20101103,2.91,2.93,2.81,2.89,9500
ENSG,20101103,9.775,9.91,9.705,9.87,138900
ENTG,20101103,6.06,6.11,5.92,6.02,1874200
EPAY,20101103,17.85,17.99,17.57,17.91,109500
EQIX,20101103,84.86,85.47,83.11,84.42,754000
ERES,20101103,7.79,8.12,7.79,8.09,153000
ERIC,20101103,10.93,10.98,10.78,10.98,7358200
ERIE,20101103,58.66,58.98,58.18,58.97,22000
ERII,20101103,3.66,3.72,3.55,3.59,349400
ESBK,20101103,15.96,15.96,15.96,15.96,0
ESCA,20101103,4.72,4.92,4.72,4.86,2600
ESEA,20101103,31.44,31.6,31.12,31.6,32200
ESGR,20101103,84.99,85.64,83.96,84,14100
ESLT,20101103,52.85,52.85,52.37,52.47,14300
ESSA,20101103,12.77,12.95,12.77,12.95,5500
EUFN,20101103,23.16,23.23,23.02,23.13,11000
EVK,20101103,2.3,2.3,2.3,2.3,200
EVOL,20101103,7.8,7.83,7.75,7.82,25800
EWBC,20101103,17.61,18.22,17.61,18.22,1149800
EXAS,20101103,6.1,6.35,6.06,6.11,1604300
EXEL,20101103,4.39,4.48,4.35,4.48,803900
EXLS,20101103,19.56,19.57,18.54,19.07,41200
EXPD,20101103,49.47,50.33,48.8,50.3,1637100
EXPE,20101103,28.67,28.7,28.17,28.68,4346300
EXPO,20101103,8.415,8.4375,8.28,8.425,31500
EXTR,20101103,3.04,3.09,3,3.03,258100
EZPW,20101103,21.37,22.33,21.31,22.15,357200
FARM,20101103,16.44,16.67,16.13,16.67,5000
FARO,20101103,24.33,25.94,24.33,25.93,98100
FAST,20101103,13.28,13.335,13.0575,13.305,877300
FBIZ,20101103,10.25,10.25,10.25,10.25,0
FBMS,20101103,8.69,8.69,8.69,8.69,0
FBNC,20101103,14,14,13.73,13.9,27500
FCAL,20101103,2.64,2.67,2.57,2.57,19600
FCAP,20101103,15.02,15.89,15.02,15.77,1100
FCBC,20101103,13.43,14.02,13.43,14,33200
FCCO,20101103,5.3,5.3,5.01,5.15,5200
FCCY,20101103,7.95,7.95,7.95,7.95,0
FCEL,20101103,167.04,167.04,164.16,167.04,306200
FCFS,20101103,29.25,29.54,29.15,29.5,104600
FCNCA,20101103,184.72,186.89,184.72,186.89,2700
FEIM,20101103,6,6,5.91,5.96,1600
FELE,20101103,17.62,17.79,17.25,17.5,154000
FFBC,20101103,16.39,17.4,16.21,17.37,366100
FFHL,20101103,1.8,1.88,1.78,1.88,42000
FFIC,20101103,13.2,13.38,13.1,13.24,73200
FFIN,20101103,8.0034,8.05,7.9517,8.0417,23100
FFIV,20101103,116.51,122.96,116.51,122.92,2767600
FFNW,20101103,3.85,3.85,3.63,3.72,31600
FIBK,20101103,13.05,13.05,12.8,13,46900
FISI,20101103,18.06,18.44,18.06,18.4,8000
FISV,20101103,13.6525,13.7275,13.595,13.6725,909000
FITB,20101103,12.5,13.06,12.5,13.05,18018300
FITBP,20101103,135.7,135.93,135.7,135.93,35400
FIZZ,20101103,14.5,14.68,14.5,14.65,11100
FLEX,20101103,7.1,7.13,6.95,7.02,8630000
FLIC,20101103,16.64,16.7,16.6267,16.6667,6900
FLWS,20101103,1.85,1.87,1.83,1.86,179100
FLXS,20101103,15.25,15.25,15.01,15.15,3300
FMBI,20101103,10.5,10.69,10.33,10.58,489800
FNLC,20101103,13.93,14.02,13.8,14.02,13200
FOLD,20101103,4.34,4.41,4.18,4.35,76500
FONR,20101103,1.22,1.27,1.21,1.22,4200
FORD,20101103,3.62,3.78,3.62,3.7,27800
FORM,20101103,9.74,9.87,9.6,9.87,463400
FORR,20101103,33.72,33.95,33.45,33.79,59700
FORTY,20101103,14.6,14.69,14.5,14.65,6500
FOSL,20101103,60.21,60.54,59.51,60.22,771500
FRBK,20101103,2.16,2.16,2.07,2.08,34700
FREE,20101103,143700000,144000000,142500000,144000000,20900
FRME,20101103,8.58,8.69,8.42,8.69,42100
FRPT,20101103,5.62,5.73,5.52,5.56,430400
FSFG,20101103,14.25,14.25,14.25,14.25,0
FSII,20101103,2.77,2.9,2.76,2.87,769600
FSLR,20101103,137.64,138.44,134.2,137.64,1630900
FSTR,20101103,34.1,34.2,33.7,34.18,14300
FTEK,20101103,6.15,6.18,6,6.09,61400
FTNT,20101103,15.54,15.81,15.385,15.5,679500
FULT,20101103,8.91,9.02,8.88,9.02,1376600
FUNC,20101103,4.15,4.15,4.01,4.1,3700
FUND,20101103,6.78,6.91,6.73,6.88,141400
FWRD,20101103,27.03,27.29,26.72,27.16,68600
GABC,20101103,11.4467,11.68,11.4467,11.66,5200
GAIA,20101103,7.49,7.56,7.37,7.54,37200
GAIN,20101103,7.38,7.43,7.36,7.39,111500
GALT,20101103,4.44,4.5,3.9,4.2,483100
GAME,20101103,6.44,6.51,6.35,6.51,445200
GASS,20101103,4.78,4.84,4.78,4.83,13500
GBCI,20101103,13.37,13.5,13.22,13.5,473900
GBDC,20101103,15.75,15.93,15.57,15.9,26800
GBLI,20101103,17.43,17.83,17.16,17.65,30100
GCBC,20101103,9,9,8.99,9,1100
GENC,20101103,4.8467,4.9667,4.8467,4.9667,2100
GENE,20101103,16,16,16,16,0
GERN,20101103,5.63,5.63,5.48,5.55,638100
GFED,20101103,5.01,5.01,5,5,300
GGAL,20101103,14.1,15.23,13.9,15.14,3721900
GIFI,20101103,23.01,23.23,22.58,22.92,52100
GIGM,20101103,8.4,8.5,7.9,8.2,810300
GIII,20101103,14.34,14.365,13.655,13.8,140600
GILD,20101103,20.185,20.185,19.755,19.905,8429000
GILT,20101103,5.32,5.35,5.3,5.33,27700
GLAD,20101103,11.37,11.47,11.15,11.47,93300
GLBL,20101103,6.02,6.18,5.98,6.15,1068800
GLBZ,20101103,8.81,8.81,8.81,8.81,100
GLDD,20101103,6.72,6.93,6.58,6.69,1065600
GLNG,20101103,13.66,13.66,13.07,13.26,136100
GLRE,20101103,29.89,29.96,27.6,28.47,265900
GNTX,20101103,10.175,10.425,10.175,10.375,1141000
GOOD,20101103,18.69,18.87,18.6,18.75,23100
GOODO,20101103,24.82,24.82,24.54,24.54,500
GOOG,20101103,308.75,310.915,306.75,310.09,3382100
GPRE,20101103,11.45,11.57,11,11.44,899300
GPRO,20101103,49.55,49.82,48.86,49.28,353900
GRID,20101103,31.88,31.88,31.25,31.49,6400
GRMN,20101103,29.89,33.52,29.7,31.26,7292500
GROW,20101103,7.91,8.16,7.89,8.15,59200
GRVY,20101103,6.8,6.88,6.72,6.8,44700
GSBC,20101103,22.9,23.23,22.82,23.16,9800
GSIT,20101103,6.7,6.91,6.54,6.9,247100
GSM,20101103,16.01,16.01,15.56,15.95,304500
GT,20101103,10.08,10.38,9.98,10.18,7628700
GTEC,20101103,13.68,13.79,13.68,13.73,19100
GTIM,20101103,0.75,0.75,0.75,0.75,100
GYRO,20101103,76.45,76.55,76.4,76.41,800
HA,20101103,7.36,7.51,7.35,7.43,534100
HAFC,20101103,1.17,1.18,1.14,1.14,745000
HAIN,20101103,12.32,12.32,12.035,12.24,194100
HALL,20101103,8.84,9.3,8.83,9.29,24200
HALO,20101103,7.43,7.47,7.24,7.34,246000
HAS,20101103,47.41,47.51,46.82,47.15,997900
HAYN,20101103,38.19,38.22,35.96,37,26200
HBAN,20101103,5.56,5.64,5.53,5.64,9918800
HBANP,20101103,1094,1094,1094,1094,0
HBCP,20101103,13.71,13.75,13.66,13.75,61300
HBIO,20101103,4.04,4.09,3.96,4.07,21100
HBNC,20101103,4.9877,4.9877,4.9877,4.9877,100
HCCI,20101103,10.09,10.1,10,10.01,600
HCII,20101103,7.1,7.7,7.1,7.7,62100
HCIIW,20101103,0.68,0.7,0.63,0.7,16300
HCKT,20101103,4.06,4.1,4.01,4.04,63900
HCSG,20101103,16.3333,16.3667,16.1133,16.28,164900
HDSN,20101103,1.76,1.8,1.72,1.77,52200
HEES,20101103,9.6,9.75,9.46,9.6,30800
HELE,20101103,24.49,24.58,23.82,24.29,236500
HERO,20101103,2.45,2.49,2.4,2.47,2078900
HFWA,20101103,13.98,14.09,13.83,13.97,15200
HGSH,20101103,7.6,7.92,6.66,6.66,5400
HIBB,20101103,26.82,27,25.96,26.35,421000
HIFS,20101103,39.3,39.5,39.2,39.5,600
HIHO,20101103,2.66,2.69,2.62,2.63,11000
HIMX,20101103,2.3,2.35,2.3,2.31,275200
HLIT,20101103,6.58,6.81,6.58,6.74,666800
HMNF,20101103,3.05,3.05,3.02,3.02,1300
HNRG,20101103,12.25,12.25,12.25,12.25,400
HOFT,20101103,10.68,10.83,10.52,10.65,60400
HOLI,20101103,13.2,14.25,13.12,14.01,1144400
HOLX,20101103,16.03,16.15,15.86,16.02,2670900
HOMB,20101103,5.155,5.325,5.14,5.32,109500
HOOK,20101103,6.43,6.46,6.36,6.45,37200
HOVNP,20101103,6.7,6.9,6.6,6.6,3300
HRZN,20101103,15,15.38,14.05,15.3,443100
HSIC,20101103,56.88,57.71,56.88,57.55,559500
HSII,20101103,22.24,22.68,22.19,22.55,251200
HSKA,20101103,0.43,0.45,0.43,0.44,22100
HSTM,20101103,7.05,7.19,6.85,6.98,130600
HTBK,20101103,3.86,3.92,3.85,3.92,8100
HTHT,20101103,5.6325,5.775,5.5675,5.725,148500
HTLD,20101103,15.04,15.15,14.88,15.14,315700
HTLF,20101103,15.87,15.96,15.49,15.87,7700
HUBG,20101103,32.35,33,32.28,32.97,147900
HURC,20101103,18.93,18.97,18.78,18.86,5200
HURN,20101103,20.23,20.32,20,20.19,68700
HWBK,20101103,10,10,10,10,0
HWKN,20101103,36.53,37.42,36.23,37.29,15500
IART,20101103,21.435,21.6,21.24,21.475,166800
IBB,20101103,89.73,89.73,88.64,89.32,610700
IBCP,20101103,1.81,1.81,1.65,1.65,28200
IBKR,20101103,18.6,18.78,18.46,18.66,226700
IBOC,20101103,17.65,18.04,17.46,18.04,135500
ICAD,20101103,1.44,1.49,1.44,1.45,34600
ICCC,20101103,3.1,3.1,3.1,3.1,500
ICFI,20101103,26.39,26.53,26,26.4,43900
ICLK,20101103,5.98,6.21,5.8,6.13,1416400
ICLN,20101103,17.13,17.3,17,17.3,13400
ICLR,20101103,20.29,20.4,19.7,20.15,308900
ICUI,20101103,37.47,37.47,36.49,36.75,31100
IDCC,20101103,34.61,34.71,33.76,34.42,813700
IDRA,20101103,22.56,22.88,22.4,22.64,7300
IDXX,20101103,30.02,30.54,30.02,30.435,163900
IESC,20101103,3.58,3.75,3.47,3.47,5000
IFGL,20101103,32.47,32.73,32.34,32.73,56400
IGOV,20101103,107.86,108.49,107.26,107.92,18000
III,20101103,1.83,1.85,1.8,1.84,37700
IIIIU,20101103,3.6,4.5,3.6,4.01,46800
IIIIW,20101103,0.02,0.02,0.01,0.01,298900
IIN,20101103,4.3,4.35,4.3,4.35,1800
IIVI,20101103,19.95,20.185,19.76,20.175,122800
IKNX,20101103,7.84,7.84,7.84,7.84,0
ILMN,20101103,54.34,56.1,54.3,55.89,1611900
IMGN,20101103,7.86,7.91,7.43,7.49,1240700
IMKTA,20101103,19.17,19.17,18.65,18.96,17600
IMMR,20101103,5.98,6.11,5.97,6.05,39000
IMOS,20101103,1.3,1.35,1.28,1.32,182100
INCY,20101103,15.86,16.27,15.77,16.21,2331700
INDB,20101103,23.84,24.23,23.82,24.23,31600
INDY,20101103,31.99,32.05,31.63,32.04,95600
INFI,20101103,6.09,6.09,5.95,6.09,8700
INFN,20101103,8.26,8.57,8.25,8.57,2366600
INMD,20101103,4.15,4.18,4.125,4.18,57300
INOD,20101103,3.08,3.09,3.04,3.08,18900
INSM,20101103,0.68,0.71,0.68,0.7,452200
INTC,20101103,20.34,20.52,20.22,20.48,53044500
INTG,20101103,25.5,25.59,25.5,25.59,400
INTU,20101103,48.43,48.52,47.59,48.18,2117500
INVE,20101103,22.1,23,22.1,23,8700
IOSP,20101103,17.6,17.8,17.46,17.67,111200
IPAR,20101103,17.67,17.75,17.44,17.67,39900
IPGP,20101103,24.39,25,24.25,24.98,302900
IRBT,20101103,19.77,20,19.63,19.84,120900
IRDM,20101103,8.53,8.65,8.41,8.65,274100
IRIX,20101103,3.47,3.52,3.47,3.49,2300
IRWD,20101103,10.74,10.79,10.49,10.69,429000
ISBC,20101103,4.6941,4.7765,4.6902,4.749,109100
ISHG,20101103,107.45,107.52,107.41,107.47,1700
ISIG,20101103,6.95,6.95,6.68,6.87,47400
ISLE,20101103,8.09,8.35,8.04,8.33,109800
ISRG,20101103,88.9167,90.07,88.19,89.9933,420300
ISSC,20101103,6,6.02,5.8,5.8,3600
ITIC,20101103,31.65,31.65,30,30.01,2000
ITRI,20101103,59.54,59.99,58.79,59.74,361100
ITRN,20101103,15.9,15.99,15.8,15.82,15300
IVAC,20101103,11.64,11.97,11.49,11.94,209900
JACK,20101103,23.77,23.95,23.58,23.83,316500
JAKK,20101103,199.2,199.2,193.5,195.5,194500
JAZZ,20101103,12.15,12.22,11.95,12.2,1228300
JBHT,20101103,36.33,36.69,36,36.4,731600
JBLU,20101103,7.17,7.34,7.15,7.3,6231200
JBSS,20101103,13,13.08,12.96,13,12800
JCS,20101103,12.69,12.69,12.37,12.37,3200
JCTCF,20101103,2.0725,2.0725,2.035,2.035,600
JJSF,20101103,43.26,43.28,42.55,43.04,22100
JKHY,20101103,26.61,27.99,26.61,27.8,630500
JOBS,20101103,23.455,23.5,22.99,23.28,59900
JOUT,20101103,14.94,15.05,14.75,15.05,6100
JRJC,20101103,83.2,84.2,81.5,82.1,15800
JVA,20101103,4.06,4.06,4.06,4.06,100
KALU,20101103,44.92,45.19,44.44,44.82,108800
KELYA,20101103,15.45,15.77,15.22,15.37,134000
KELYB,20101103,15.4,15.4,15.4,15.4,0
KEQU,20101103,11.22,11.25,11.22,11.25,700
KFFB,20101103,9.69,9.69,9.42,9.42,500
KFRC,20101103,15.17,15.36,14.97,15.16,185900
KINS,20101103,3.05,3.05,3.05,3.05,100
KIRK,20101103,13.58,13.66,13.17,13.36,121900
KLAC,20101103,35.72,36.11,35.51,36.08,2691300
KLIC,20101103,6.17,6.22,6.01,6.22,1209600
KNDI,20101103,5.97,5.99,5.74,5.95,151700
KOPN,20101103,3.47,3.59,3.47,3.59,413300
KOSS,20101103,5.39,5.39,5.39,5.39,0
KRNY,20101103,8.8,8.89,8.7,8.81,26700
KTCC,20101103,6.25,6.48,6.22,6.41,44800
KTOS,20101103,11.65,11.65,11.34,11.49,63700
KVHI,20101103,14,14.1,13.5,13.8,55600
LAKE,20101103,9.52,9.7,9.45,9.52,1600
LAMR,20101103,34,34.7,33.79,34.09,703400
LANC,20101103,49.7,50.09,49.12,49.61,86000
LARK,20101103,15.97,15.97,15.97,15.97,0
LAWS,20101103,20.75,22.76,20.45,21.8,45900
LBAI,20101103,9.36,9.48,9.32,9.48,22300
LBTYA,20101103,19.581,19.6321,19.2897,19.5503,2687400
LBTYB,20101103,39,39,39,39,0
LBTYK,20101103,36.65,37,36.22,36.53,767700
LCUT,20101103,13.06,13.09,12.73,12.85,26200
LECO,20101103,30.285,30.54,30.105,30.46,94800
LFUS,20101103,43.52,44,42.7,43.85,122800
LGND,20101103,10.08,10.08,9.72,9.96,229100
LHCG,20101103,26.53,26.9,25.88,26.1,345400
LIFE,20101103,704.06,714.14,703.64,712.46,1678300
LINC,20101103,13.8,14.57,13.25,14.52,1050700
LIVE,20101103,2.1767,2.3267,2.0667,2.1533,22000
LKFN,20101103,13,13.0067,12.7933,13,18000
LLNW,20101103,6.74,7.02,6.73,7,1024300
LMAT,20101103,6.29,6.73,6.29,6.4,16400
LMNR,20101103,20.27,20.75,20.2,20.75,10400
LNDC,20101103,6.37,6.4,6.32,6.4,42300
LOAN,20101103,1.35,1.56,1.25,1.39,80300
LOGC,20101103,0.81,0.81,0.81,0.81,5100
LOGI,20101103,19.09,19.17,18.82,19.05,1202700
LOOP,20101103,10.51,10.79,10.46,10.79,147100
LOPE,20101103,19.34,19.68,19.07,19.34,405400
LORL,20101103,55.84,56.79,55.83,56.79,81500
LPSN,20101103,9.63,9.79,9.42,9.67,376600
LPTH,20101103,2.7,2.7,2.56,2.69,38500
LQDT,20101103,16.37,16.66,15.97,16.54,150200
LRCX,20101103,45.77,47,45.66,46.71,2399400
LSBK,20101103,8.5,8.5,8.5,8.5,0
LSCC,20101103,4.86,4.94,4.73,4.87,1485200
LSTR,20101103,37.91,38.33,37.91,38.23,444200
LTBR,20101103,318.6,335.4,318.6,335.4,20600
LTRX,20101103,3.04,3.33,3.04,3.3,9200
LULU,20101103,22.37,22.6,21.965,22.315,446000
LUNA,20101103,2.14,2.15,1.96,2.05,16100
LWAY,20101103,9.98,10.09,9.8,9.98,8200
LXRX,20101103,11.48,11.69,10.92,11.06,837600
LYTS,20101103,9.31,9.34,9.15,9.25,119500
MANH,20101103,7.7875,7.7875,7.56,7.7025,117700
MANT,20101103,39.94,40.2,39.32,39.9,133300
MARPS,20101103,20.23,20.28,20.21,20.27,1200
MASI,20101103,29.25,29.79,27.97,29.5,1122000
MAT,20101103,24.02,24.23,23.54,23.74,4308900
MATW,20101103,32.62,33.03,32.6,32.94,47000
MAYS,20101103,12.65,12.65,12.65,12.65,0
MBWM,20101103,4.2,4.25,3.95,3.96,41300
MCBC,20101103,1.91,2.01,1.87,1.9,23700
MCHP,20101103,16.29,16.46,16.23,16.435,2389700
MCHX,20101103,6.39,6.54,6.18,6.3,39500
MCRI,20101103,11.86,12,11.79,12,9100
MDRX,20101103,19.14,19.3,18.94,19.2,1383400
MELI,20101103,63.05,65.15,62.67,64.66,1082400
MEOH,20101103,28.77,28.95,28.47,28.64,307800
MERC,20101103,5.84,6.13,5.79,6.12,982600
MGEE,20101103,27.3867,27.4667,27.0133,27.32,25600
MGIC,20101103,3.13,3.72,3.13,3.31,1841200
MGLN,20101103,49.87,49.91,47.64,48.79,505000
MGPI,20101103,9.09,9.11,8.83,8.92,50400
MGRC,20101103,26.14,26.32,25.61,26.12,45500
MGYR,20101103,3.37,3.37,3.35,3.35,400
MHLD,20101103,7.75,7.82,7.67,7.73,167500
MIDD,20101103,25.6067,25.6067,24.27,24.5533,226200
MIND,20101103,8.9,8.9,8.79,8.8,23800
MKSI,20101103,20.71,21.08,20.45,21.08,210500
MKTX,20101103,18.54,18.55,18.2,18.45,103200
MLAB,20101103,24.94,24.94,24.94,24.94,0
MLHR,20101103,19.82,19.99,19.57,19.95,248100
MLVF,20101103,6.58,6.58,6.58,6.58,100
MMLP,20101103,34.39,34.75,34.08,34.31,67800
MMSI,20101103,12.72,12.784,12.568,12.744,52200
MMYT,20101103,34.32,34.8,33.7,33.96,201300
MNDO,20101103,2.35,2.47,2.28,2.37,116900
MNKD,20101103,31.3,31.6,30.5,30.95,1168500
MNOV,20101103,5.01,5.03,4.99,5,3100
MNRO,20101103,32.3333,32.74,32.0533,32.5333,95200
MNST,20101103,8.55,8.6133,8.47,8.5483,746500
MNTX,20101103,2.8,2.89,2.8,2.89,50500
MOFG,20101103,14.42,14.75,14.42,14.71,3400
MORN,20101103,49,49.31,48.53,49.27,55700
MOSY,20101103,950,958,950,954,42700
MOVE,20101103,9.8,9.8,9.48,9.6,167100
MPAA,20101103,10.96,11.19,10.6,11.05,83000
MPAC,20101103,4.89,5.08,4.65,5.07,17200
MPB,20101103,6.62,6.62,6.62,6.62,0
MPWR,20101103,16.51,16.92,16.37,16.85,1086800
MRCY,20101103,15.91,16.04,15.55,16,81600
MRLN,20101103,12.53,12.59,12.44,12.53,4700
MRNA,20101103,2.11,2.14,2.03,2.05,61600
MRTN,20101103,9.7022,9.7778,9.6178,9.7778,20800
MRVL,20101103,19.61,19.79,19.46,19.69,9954900
MSEX,20101103,18.06,18.19,17.83,18,30200
MSFT,20101103,27.46,27.49,26.96,27.03,110255200
MSON,20101103,2.21,2.44,2.15,2.44,7100
MSTR,20101103,84.9,85.41,82.73,85.41,119400
MTEX,20101103,19.4,19.4,18.1,18.1,105700
MTRX,20101103,9.45,9.49,9.2,9.28,86200
MU,20101103,8.13,8.14,7.93,8.09,25030700
MVIS,20101103,13.2,13.84,12.88,13.76,908900
MYGN,20101103,19.87,21.26,19.86,20.65,2991700
MYRG,20101103,15.83,16.79,15.39,16.25,486800
NAII,20101103,6.9,6.9,6.78,6.82,7200
NATH,20101103,16.43,16.43,16.17,16.17,400
NATI,20101103,23.12,23.28,23.0533,23.2533,187800
NATR,20101103,8.71,8.74,8.57,8.7,2700
NAVI,20101103,3.67,3.7,3.55,3.62,22300
NBIX,20101103,7.56,7.68,7.35,7.54,826800
NBN,20101103,12.62,12.62,12.61,12.61,2000
NBTB,20101103,22.36,22.47,22.04,22.47,73300
NCMI,20101103,18.71,18.71,18.02,18.51,169500
NCTY,20101103,183,212.7,182.1,204,317800
NDAQ,20101103,21.48,21.6,21.22,21.51,2345800
NDSN,20101103,39.2,39.885,39.01,39.65,159300
NECB,20101103,5.81,6,5.81,6,2000
NEOG,20101103,17.45,17.72,17.31,17.63,84700
NEPT,20101103,2.09,2.14,2.05,2.05,36700
NEWT,20101103,7,7.1,6.7,6.7,7600
NFBK,20101103,12.05,12.25,12.05,12.2,16600
NFLX,20101103,24.6629,24.8629,24.1471,24.4943,3913700
NICE,20101103,32.63,32.74,32.31,32.71,120800
NICK,20101103,10.45,10.5,10.38,10.44,6600
NKSH,20101103,26.5,26.5,26.11,26.47,2900
NKTR,20101103,14.74,15.08,14.6,15.08,420600
NLTX,20101103,0.68,0.71,0.67,0.68,84500
NNBR,20101103,8.8,9,8.61,8.97,87000
NRIM,20101103,17.04,17.09,16.85,16.97,3000
NSEC,20101103,11.34,11.44,11.1,11.44,2300
NSIT,20101103,15.48,15.59,15.25,15.53,154000
NSSC,20101103,1.68,1.68,1.68,1.68,400
NSYS,20101103,3.75,3.75,3.75,3.75,0
NTAP,20101103,53.76,53.97,52.75,53.75,2762500
NTCT,20101103,23.5,23.74,23.25,23.63,213600
NTES,20101103,8.236,8.236,7.964,8.06,530500
NTGR,20101103,30.56,31.15,30.55,31.1,278500
NTIC,20101103,6.84,6.84,5.825,6.59,16400
NTRS,20101103,50.66,50.81,49.7,50.42,1580700
NTWK,20101103,15.7,16.3,14.9,15.7,1035400
NUAN,20101103,15.77,15.84,15.55,15.72,1246000
NURO,20101103,109.44,109.44,97.92,97.92,154300
NUVA,20101103,25.04,25.45,24.21,24.46,2137300
NVAX,20101103,46.8,47.8,46.8,47.4,358800
NVDA,20101103,3.0925,3.115,3.0125,3.095,16794600
NVEC,20101103,48.19,48.4,47.45,48.13,19400
NVMI,20101103,6.3,6.34,6.04,6.2,250800
NWBI,20101103,11.29,11.3,11.13,11.25,435400
NWFL,20101103,27.89,27.89,27.89,27.89,100
NWLI,20101103,165.59,174.1,165.59,172.95,2400
NWPX,20101103,18.88,19.1,18.52,18.88,20100
NWS,20101103,16.46,16.69,16.15,16.44,2139000
NWSA,20101103,14.67,14.91,14.48,14.84,16928100
NXPI,20101103,13.21,13.8,13.11,13.64,359900
NXST,20101103,5.99,6.05,5.78,5.83,21000
NYMT,20101103,6.32,6.35,6.3,6.3,11500
NYMX,20101103,4.13,4.25,4.06,4.2,19300
OBAS,20101103,7.75,7.75,7.75,7.75,5100
OBCI,20101103,2.14,2.16,2.05,2.15,7700
OCFC,20101103,12.5,12.52,12.21,12.44,13500
ODFL,20101103,18.6,18.9267,18.5333,18.8733,1276100
OFIX,20101103,27.45,27.71,27.09,27.37,111600
OFLX,20101103,14.47,14.47,14.47,14.47,300
OIIM,20101103,5.9,6.27,5.75,6.23,505200
OMAB,20101103,15.66,15.66,15.31,15.39,126200
OMCL,20101103,13.19,13.74,13.19,13.53,120700
OMER,20101103,8.07,8.18,7.86,8.02,31000
OMEX,20101103,25.44,25.44,23.52,23.88,263200
ONCY,20101103,4.88,4.88,4.75,4.87,70400
ONEQ,20101103,99.84,100.27,99.29,100,3000
OPEN,20101103,71.08,72.2,67.2,68.02,4444900
OPHC,20101103,22.8,22.8,22.8,22.8,0
OPNT,20101103,19.89,20.22,19.57,20.14,87300
OPOF,20101103,10.53,10.73,10.53,10.6,500
ORLY,20101103,57.12,57.75,56.93,57.51,1233900
ORRF,20101103,25.84,25.94,25.66,25.88,7200
OSBC,20101103,1.91,1.96,1.86,1.93,17600
OSIS,20101103,37.15,37.37,36.89,37.2,123800
OSTK,20101103,12.84,13.02,12.63,13.02,113600
OSUR,20101103,4.16,4.18,4.05,4.16,67500
OTEX,20101103,11.0525,11.26,10.8975,11.0925,464400
OTTR,20101103,20.56,20.61,20.19,20.5,127500
OVBC,20101103,18.58,18.7,18.51,18.7,1100
OVLY,20101103,5.8,5.8,5.65,5.65,4200
PAAS,20101103,32.2,32.65,31.32,32.45,2002400
PACB,20101103,16.69,16.69,14.2,14.56,625400
PACW,20101103,17.05,17.6,17.05,17.6,192100
PANL,20101103,26.5,26.77,26.21,26.57,331600
PATK,20101103,0.8089,0.8533,0.8089,0.8311,10900
PAYX,20101103,28.01,28.31,27.95,28.13,3470500
PBCT,20101103,12.5,12.53,12.35,12.46,6663700
PBHC,20101103,6.84,6.84,6.84,6.84,0
PBIP,20101103,6,6,6,6,0
PCAR,20101103,53.22,53.22,51.91,52.83,1610700
PCTI,20101103,6.03,6.18,5.98,6.18,16800
PCYO,20101103,3.38,3.4,3.35,3.37,8100
PDCO,20101103,28.07,28.16,27.81,27.97,512800
PDEX,20101103,1.94,1.97,1.86,1.95,1000
PDFS,20101103,4.06,4.07,3.94,4.01,89800
PEBK,20101103,5.15,5.15,5.15,5.15,0
PEBO,20101103,13.22,13.64,12.96,13.53,48300
PEGA,20101103,13.985,14.24,13.935,14.16,385800
PENN,20101103,33.24,33.32,32.5,33.21,769700
PESI,20101103,8.6,8.85,8.45,8.85,137200
PETS,20101103,16.15,16.48,15.85,16.16,162600
PFBC,20101103,1.68,1.72,1.65,1.65,22600
PFIN,20101103,2.01,2.09,1.99,2.09,5600
PFSW,20101103,3.98,3.99,3.65,3.72,76300
PGC,20101103,12.38,12.5,12.27,12.5,6900
PKBK,20101103,8.6545,9,8.6364,8.7273,900
PKOH,20101103,17.04,17.9,16.06,17.9,40900
PLAB,20101103,6.75,6.87,6.6,6.76,399500
PLBC,20101103,2.26,2.26,2.26,2.26,100
PLCE,20101103,44.35,44.66,43.13,43.97,595400
PLPC,20101103,43.23,43.43,42.23,42.79,2400
PLUG,20101103,0.5,0.54,0.5,0.52,614900
PLUS,20101103,10.545,10.545,10.355,10.505,3300
PLXS,20101103,29.91,30.72,29.85,30.32,170700
PMD,20101103,9.41,9.45,9.35,9.39,19100
PNBK,20101103,20.1,21.5,20.1,21,2400
PNFP,20101103,11.31,11.68,11.31,11.64,185300
PNNT,20101103,11.35,11.47,11.3,11.46,294200
PNQI,20101103,34.69,34.77,34.37,34.76,11000
PNRG,20101103,19.32,19.32,18.16,18.52,2300
PODD,20101103,15.97,16.15,15.87,16,105500
POOL,20101103,20.55,20.6,19.98,20.47,575000
POWI,20101103,17.745,17.945,17.55,17.945,264000
POWL,20101103,31.92,32,31.2,31.82,26900
PPBI,20101103,5,5.07,4.95,5.06,3100
PRAA,20101103,22.2667,22.46,22.1133,22.46,32100
PRFT,20101103,10.38,10.57,10.12,10.53,98300
PRFZ,20101103,58.63,58.63,57.85,58.48,608200
PRGS,20101103,25.7,25.7467,25.4067,25.6467,133000
PRIM,20101103,7.85,7.95,7.76,7.9,112600
PROV,20101103,6.94,6.96,6.76,6.76,8300
PRPH,20101103,1.2,1.21,1.17,1.18,1600
PRTS,20101103,8.37,8.63,8.3,8.58,25600
PSEC,20101103,10.16,10.22,10.11,10.2,877500
PSMT,20101103,29.72,29.8,29.22,29.62,37900
PSTI,20101103,15.1,15.5,14.7,14.9,51300
PTEN,20101103,19.3,19.47,18.96,19.24,3304500
PTIX,20101103,2.11,2.19,2.1,2.11,27600
PTNR,20101103,20.17,20.21,19.92,20.18,121600
PTSI,20101103,10.95,11.12,10.81,10.98,16000
PWOD,20101103,22.1133,22.3667,21.8333,22.3667,8200
PXLW,20101103,3.32,3.32,3.21,3.24,44300
PZZA,20101103,13.095,13.15,12.935,13.085,92800
QABA,20101103,22.09,22.09,22.09,22.09,200
QCLN,20101103,15.57,15.57,15.49,15.56,2800
QCOM,20101103,45.21,45.76,44.62,45.69,27224100
QCRH,20101103,9.05,9.22,9.05,9.09,2600
QDEL,20101103,11.99,12.16,11.88,11.96,142600
QNST,20101103,15.8,15.99,15.33,15.5,159300
QQEW,20101103,22.74,22.79,22.55,22.77,13200
QQQ,20101103,52.84,53.04,52.36,53.02,126225800
QQQX,20101103,14,14,13.8,13.88,55600
QQXT,20101103,20.26,20.31,20.12,20.3,9200
QTEC,20101103,24.62,24.64,24.36,24.62,158100
QUIK,20101103,79.94,79.94,71.4,73.36,1892900
RADA,20101103,5.2,5.2,4.78,5.04,13100
RAIL,20101103,27.25,27.54,27,27.48,155200
RAM,20101103,1.52,1.53,1.5,1.53,74300
RAND,20101103,31.41,31.41,31.41,31.41,0
RAVN,20101103,21.125,21.39,20.97,21.38,31100
RBCAA,20101103,20.61,20.8,20.49,20.8,11900
RBCN,20101103,240.3,245.8,235.3,243.9,941800
RCII,20101103,25.29,25.58,25.05,25.48,348700
RCKY,20101103,9.11,9.25,9.11,9.21,39900
RCMT,20101103,5.2,5.2,5.15,5.19,1400
RCON,20101103,28.3,30.8,27.25,30.25,20700
RDCM,20101103,10.9,11.25,10.9,11,74800
RDI,20101103,4.92,5,4.9,4.93,15900
RDIB,20101103,7.77,7.77,7.77,7.77,100
RDNT,20101103,2.12,2.24,2.12,2.24,12700
RDWR,20101103,16.94,17.245,16.825,17.195,286600
REED,20101103,2.26,2.26,2.12,2.15,34500
REFR,20101103,4.1,4.18,4.08,4.16,20200
REGN,20101103,26.58,26.89,26.09,26.52,294400
RELL,20101103,10.71,11,10.71,10.87,68200
RENT,20101103,27.25,27.38,26.85,26.95,18700
RFIL,20101103,3.25,3.375,3.225,3.375,30100
RGCO,20101103,10.3333,10.45,10.3333,10.45,1200
RGEN,20101103,3.82,3.82,3.67,3.67,10000
RGLD,20101103,50.17,50.67,48.56,50.33,687100
RICK,20101103,7.41,7.45,7.2,7.43,60100
RIGL,20101103,7.96,7.96,7.45,7.89,1453300
RMBS,20101103,19.79,20.01,19.74,19.97,838100
RMCF,20101103,9.6,9.67,9.49,9.5,3600
RMTI,20101103,8.69,8.7,8.48,8.5,24000
RNST,20101103,16.54,16.75,16.39,16.75,22900
RNWK,20101103,3.06,3.07,3.02,3.04,416100
ROCK,20101103,9.35,9.52,9.19,9.41,68500
ROIC,20101103,9.93,9.93,9.77,9.86,205100
ROLL,20101103,33.78,33.89,33.42,33.85,34200
ROST,20101103,15.1975,15.2775,14.9675,15.1225,2465600
RPRX,20101103,0.37,0.37,0.37,0.37,0
RRGB,20101103,19.94,20.13,19.46,19.85,529100
RUSHA,20101103,10.8133,10.8867,10.58,10.8333,83700
RUSHB,20101103,10.1267,10.1267,10.1267,10.1267,900
RUTH,20101103,4.48,4.53,4.42,4.52,142700
RVSB,20101103,2.25,2.28,2.21,2.24,15500
RYAAY,20101103,31.56,31.67,31.2,31.39,909300
SAFM,20101103,42.85,44.71,42.64,44.4,428900
SAFT,20101103,46.61,47.46,46.54,46.82,25400
SAIA,20101103,9.9267,9.94,9.46,9.76,51500
SALM,20101103,3.06,3.08,3.02,3.02,6100
SANM,20101103,12.02,12.19,11.91,12.09,2008600
SANW,20101103,3.35,3.35,2.91,3.12,9400
SASR,20101103,17.51,17.69,16.86,17.68,49000
SATS,20101103,17.3306,17.4688,17.095,17.2981,162900
SBAC,20101103,39.44,39.44,38.76,39.25,852800
SBCF,20101103,6.05,6.1,5.85,5.9,336500
SBGI,20101103,7.87,8.1,7.72,8.07,294000
SBLK,20101103,217.5,219,215.25,219,255800
SBNY,20101103,42.21,42.79,41.97,42.6,119800
SBSI,20101103,17.8762,18.1905,17.8571,18.1905,23200
SBUX,20101103,14.405,14.645,14.31,14.55,6681000
SCHL,20101103,30.71,31.26,30.55,30.89,252600
SCHN,20101103,52.79,53.01,51.78,52.13,257000
SCKT,20101103,2.32,2.32,2.26,2.31,400
SCOR,20101103,24.47,24.47,23.09,23.65,275400
SCSC,20101103,29.38,29.47,28.68,29.2,101100
SCVL,20101103,15.8667,16.08,15.58,15.9667,70200
SEAC,20101103,8.43,8.5,8.22,8.39,112900
SEED,20101103,88,89.1,86.3,88,316800
SEIC,20101103,22.57,22.82,22.38,22.82,727800
SENEA,20101103,23.2,23.2,22.5,22.76,56600
SENEB,20101103,22.81,22.81,22.66,22.66,800
SFNC,20101103,13.975,14.14,13.93,14.14,38100
SFST,20101103,6.55,6.55,6.55,6.55,0
SGC,20101103,10.3,11,10.12,10.84,13400
SGEN,20101103,14.5,14.76,14.13,14.42,2433600
SGMA,20101103,5.85,5.85,5.85,5.85,500
SGMO,20101103,4.12,4.15,3.96,4.03,144800
SGMS,20101103,7.77,8.22,7.72,8.09,1457500
SGRP,20101103,1.1,1.1,1.05,1.05,6700
SHBI,20101103,9.82,9.82,9.36,9.6,4100
SHEN,20101103,9.61,9.79,9.58,9.79,21100
SHIP,20101103,1512,1512,1440,1464,47300
SHIPW,20101103,0.03,0.03,0.02,0.02,94200
SHOO,20101103,11.9763,12.163,11.8667,12.0089,178200
SHY,20101103,84.44,84.45,84.33,84.44,643300
SIEB,20101103,2.37,2.37,2.35,2.37,3700
SIFY,20101103,2.02,2.1,2.01,2.05,254000
SIGA,20101103,13.4,13.53,12.41,12.89,1296300
SIGI,20101103,17.22,17.23,16.93,17.09,92000
SILC,20101103,15.1,15.31,14.53,15,80000
SIMO,20101103,5.33,5.59,5.29,5.57,228100
SINO,20101103,11.7,11.7,11.3,11.3,300
SIRI,20101103,1.57,1.57,1.51,1.57,93066200
SIVB,20101103,43.52,44.42,43.52,44.41,326800
SKYW,20101103,15.59,15.63,15.35,15.4,305900
SLAB,20101103,40.54,40.99,40.53,40.82,588800
SLGN,20101103,16.94,16.995,16.815,16.995,604900
SLP,20101103,3.07,3.15,3,3.04,28600
SLRC,20101103,23.5,23.5,22.63,23.22,215000
SMBC,20101103,7.8,7.885,7.8,7.885,300
SMCI,20101103,11.5,11.51,11.19,11.47,190900
SMED,20101103,3.98,4.09,3.95,4.08,52800
SMIT,20101103,2.8,2.8,2.8,2.8,1900
SMMF,20101103,4.14,4.14,4.14,4.14,0
SMSI,20101103,49.36,50,48.32,49.92,308500
SMTC,20101103,21.7,21.97,21.6,21.96,373300
SNCR,20101103,23.35,26.48,23.35,26.24,1366600
SNFCA,20101103,1.78,1.78,1.78,1.78,0
SNPS,20101103,25.63,25.67,25.31,25.57,717700
SOHU,20101103,75.53,75.75,73.75,74.81,694200
SONO,20101103,31.46,31.59,30.69,31.39,50800
SOXX,20101103,50.86,51.3,50.53,51.28,137700
SPBC,20101103,9.49,9.49,9.33,9.4,23900
SPNS,20101103,2.5,2.51,2.5,2.5,42500
SPPI,20101103,4.35,4.42,4.35,4.41,228900
SPRO,20101103,2.46,2.47,2.46,2.46,2500
SPSC,20101103,13.18,13.2,12.93,13.19,14700
SPTN,20101103,15.62,15.62,15.26,15.41,67600
SQQQ,20101103,44902.4,46118.4,44428.8,44441.6,794200
SRCE,20101103,17.77,17.99,17.69,17.98,14700
SRCL,20101103,72.3,72.38,71.6,72.2,378400
SRDX,20101103,11.95,12.1,11.77,12,30700
SSBI,20101103,6.4,6.4,6.2,6.2,400
SSNC,20101103,17.16,17.2,16.85,17.1,248700
SSYS,20101103,31.97,32.6,31.45,32.08,144800
STAA,20101103,5.27,5.27,4.94,5.02,109100
STBA,20101103,19.08,19.65,19.08,19.65,66200
STFC,20101103,15.78,16.17,15.74,16.04,18000
STKL,20101103,6.66,6.87,6.63,6.85,528900
STLD,20101103,15.09,15.26,14.81,15.24,4090700
STRA,20101103,140.48,140.81,129.46,135.05,512600
STRC,20101103,3.04,3.04,3.04,3.04,0
STRL,20101103,12.66,12.89,12.6,12.89,35800
STRM,20101103,1.24,1.31,1.24,1.3,9600
STRN,20101103,6.87,6.87,6.72,6.87,1900
STRS,20101103,8.64,8.65,8.62,8.65,2800
STRT,20101103,31.38,32,30.02,32,16300
STSA,20101103,35.64,36.96,34.32,35.64,194500
STX,20101103,14.75,14.78,14.5,14.68,8921800
SUMR,20101103,65.52,65.88,62.91,65.16,267400
SURG,20101103,3.52,3.65,3.48,3.64,122800
SVBI,20101103,3.67,3.97,3.67,3.89,3100
SWIR,20101103,12.07,12.28,11.99,12.16,279200
SWKS,20101103,23.03,23.05,22.51,22.76,5344200
SYBT,20101103,16.3533,16.6667,16.3533,16.6667,21000
SYNA,20101103,28.02,28.9,27.92,28.67,1332900
SYNL,20101103,9.2,9.48,9.2,9.3,800
SYPR,20101103,3.44,3.44,3.36,3.36,600
TACT,20101103,8.35,8.63,8.34,8.63,16100
TAIT,20101103,1.14,1.14,1.14,1.14,0
TAST,20101103,6.78,6.85,6.75,6.85,145500
TATT,20101103,6.58,6.58,6.32,6.45,3400
TAYD,20101103,4.78,4.82,4.76,4.76,2100
TBBK,20101103,7.8,8,7.73,7.99,33700
TBNK,20101103,17.03,17.4,17.03,17.19,16500
TCBI,20101103,18.27,18.81,18.23,18.81,175500
TCBK,20101103,14.5,14.63,14.38,14.57,77000
TCX,20101103,2.88,2.88,2.52,2.68,69900
TEAM,20101103,8.3,8.32,8.29,8.29,183400
TECH,20101103,61.32,61.6,60.64,61.18,113700
TESS,20101103,15.35,15.76,15.2,15.57,26000
TFSL,20101103,8.62,8.74,8.62,8.65,575400
TGA,20101103,11.7,11.78,11.45,11.75,419800
THFF,20101103,29.92,30.19,29.7,30.19,11900
THRX,20101103,20.89,20.92,20.06,20.38,317300
TIGR,20101103,4.61,4.65,4.44,4.65,9100
TITN,20101103,19.75,19.92,19.47,19.83,201800
TLT,20101103,101.73,102.27,98.43,98.92,25543400
TNDM,20101103,14.45,14.76,14.38,14.75,317400
TOPS,20101103,4900000,4900000,4760000,4830000,20200
TOWN,20101103,15.74,15.74,14.94,15.68,65300
TQQQ,20101103,2.8254,2.8527,2.7481,2.8519,299800
TREE,20101103,7.74,7.74,7.48,7.5,4800
TRIB,20101103,7.23,7.42,7.23,7.42,80300
TRIT,20101103,13.61,13.67,13.06,13.48,59500
TRMB,20101103,18.315,18.82,18.16,18.65,1484200
TRMD,20101103,69.2,69.2,67.9,68.5,11000
TRMK,20101103,22.05,22.54,22.05,22.54,272300
TRNS,20101103,7.05,7.05,7.05,7.05,0
TROW,20101103,56.27,56.76,55.92,56.76,1678000
TRS,20101103,15.03,15.87,15.03,15.71,235800
TRST,20101103,5.47,5.55,5.47,5.55,189600
TRUE,20101103,1.34,1.34,1.34,1.34,0
TSBK,20101103,4,4,3.7,3.76,1200
TSCO,20101103,19.925,19.925,19.56,19.835,358900
TSEM,20101103,22.35,22.65,22.05,22.35,704600
TSLA,20101103,4.256,4.5,4.232,4.354,374100
TSRI,20101103,2.21,2.39,2.21,2.21,700
TTEC,20101103,15.7,16.09,15.57,16.04,216200
TTEK,20101103,21.13,21.46,20.9,21.41,329000
TTGT,20101103,5.16,5.26,5.03,5.12,18500
TTMI,20101103,10.8,10.95,10.55,10.88,382200
TTWO,20101103,11.11,11.25,11.03,11.19,1265700
TW,20101103,51.79,52.09,50.87,51.36,103700
TWIN,20101103,21.3,21.85,21.25,21.74,107000
TXN,20101103,29.68,30,29.52,30,13187300
TXRH,20101103,15.68,15.99,15.68,15.99,918500
TZOO,20101103,33.43,35.4,33.43,35.08,347900
UBCP,20101103,8.22,8.24,8.15,8.15,900
UBFO,20101103,4.56,4.98,4.56,4.89,10500
UBOH,20101103,9.1,9.52,9.07,9.45,2500
UBSI,20101103,26.47,27.29,26.47,27.29,170100
UCBI,20101103,1.8,1.8,1.72,1.78,955500
UCTT,20101103,7.65,7.79,7.4,7.63,134600
UEIC,20101103,20.9,21.14,20.66,20.83,56500
UEPS,20101103,12.33,12.33,12.14,12.19,95700
UFCS,20101103,20.43,20.8,20.35,20.75,78800
UFPI,20101103,31.3,31.33,30.7,31.1,75000
UFPT,20101103,12.53,12.84,11.79,12.23,175700
UG,20101103,13.29,13.29,13.29,13.29,100
UHAL,20101103,81.86,84.6,81.86,83.63,49500
ULBI,20101103,5.76,5.96,5.65,5.88,200200
ULTA,20101103,30.85,31.85,30.8,31.67,254100
UMBF,20101103,36.69,37.09,36.2,36.94,75600
UMPQ,20101103,10.8,11.05,10.73,10.97,559900
UNAM,20101103,9.29,9.29,9.29,9.29,0
UNB,20101103,18,18,18,18,0
UNTY,20101103,5.75,5.75,5.75,5.75,0
URBN,20101103,30.29,31.54,30.25,31.54,4800700
USAK,20101103,13.94,14.03,13.88,14.01,9100
USAP,20101103,30.54,30.56,29.54,29.59,24200
USEG,20101103,307.2,314.4,300.6,314.4,132400
USLM,20101103,39.15,40.22,38.65,39.44,16000
UTHR,20101103,59.9,60.25,59.14,59.9,802800
UTMD,20101103,28.79,29.4,28.79,28.79,900
UTSI,20101103,6.09,6.21,6,6.21,499200
UVSP,20101103,18.91,19.19,18.9,19.18,13500
VALU,20101103,15.1,15.15,14.52,14.85,16700
VBFC,20101103,25.76,25.76,25.76,25.76,200
VCIT,20101103,82.61,82.61,81.8,81.95,279400
VCLT,20101103,81.19,81.2,78.76,79.24,3100
VCSH,20101103,78.46,78.82,78.46,78.71,105100
VECO,20101103,42,42.45,41.2,42.43,1192100
VGIT,20101103,64.1,64.1,63.95,63.95,4100
VGLT,20101103,64.83,65.88,63.18,63.58,15100
VGSH,20101103,60.9,60.95,60.9,60.95,8000
VIA,20101103,43.08,43.19,42.5,43.09,48800
VICR,20101103,18.07,18.8,17.95,18.62,185500
VIRC,20101103,3,3.01,3,3.01,400
VIVO,20101103,23.17,23.42,22.78,23.14,97100
VLGEA,20101103,30.01,30.98,30.01,30.98,4400
VMBS,20101103,51.87,52.12,51.48,51.78,18200
VNDA,20101103,7.5,8,7.5,7.94,239300
VNQI,20101103,51.01,51.36,50.66,51.36,76500
VOD,20101103,28.1,28.26,27.83,28.12,11501000
VONE,20101103,54.16,54.43,54.09,54.43,1100
VONG,20101103,55.43,55.63,55.43,55.63,2000
VONV,20101103,52.76,52.76,52.76,52.76,100
VOXX,20101103,6.56,6.56,6.4,6.41,103000
VRA,20101103,27.72,27.84,27.49,27.69,180400
VRNT,20101103,32.63,32.87,32.09,32.35,55700
VRSK,20101103,29.21,29.52,29.14,29.39,465000
VRSN,20101103,34.28,34.64,34.09,34.52,3254900
VRTS,20101103,38.12,39.99,38.12,38.91,28000
VRTX,20101103,37.18,37.37,36.35,36.68,2039900
VSAT,20101103,41.46,41.53,40.59,41.2,131900
VSEC,20101103,17.81,18.05,17.49,17.5,12500
VTHR,20101103,54.59,54.59,54.54,54.54,700
VTWG,20101103,56.89,57.16,56.35,57.16,6600
VTWO,20101103,56.16,56.37,55.65,56.27,51200
VTWV,20101103,55.59,55.64,55.13,55.58,9500
WABC,20101103,50.06,50.36,49.59,50.31,169400
WAFD,20101103,15.1,15.24,14.99,15.05,549700
WASH,20101103,20.19,20.49,20.14,20.49,13100
WDC,20101103,33.21,33.6,32.53,33.28,4539100
WDFC,20101103,38.12,38.2,37.41,37.72,41800
WERN,20101103,21.36,21.53,21.2,21.43,419000
WEYS,20101103,24.24,24.38,24,24.12,4100
WILC,20101103,6.71,6.72,6.36,6.72,5700
WINA,20101103,32.84,33.59,32.78,33.05,3200
WIRE,20101103,20.97,20.97,20.29,20.58,59600
WLDN,20101103,3.32,3.41,3.32,3.41,1000
WLFC,20101103,12.28,12.41,12.28,12.35,3200
WOOD,20101103,44.21,44.37,43.76,44.34,13700
WOOF,20101103,21.08,21.23,20.62,20.83,535400
WPRT,20101103,18.65,19.48,18.4,19.46,1011600
WRLD,20101103,42.7,43.53,42.38,43.1,122900
WSBC,20101103,16.67,17.26,16.67,17.25,24100
WSBF,20101103,3.79,4,3.79,3.99,3000
WSFS,20101103,13.2067,13.2667,13.1167,13.23,13400
WSTG,20101103,11.2,11.4,11.1,11.1,4900
WTBA,20101103,6.55,6.75,6.37,6.74,11000
WTFC,20101103,29.25,30.25,29.25,30.07,218600
WVFC,20101103,10.48,10.48,10.48,10.48,0
WVVI,20101103,3.54,3.55,3.5,3.5,7200
WYNN,20101103,109.18,112.45,108.5,111.14,5311600
XLNX,20101103,27.49,27.49,26.88,27.24,8300700
XOMA,20101103,47.2,48.2,46.8,47.6,132200
XRAY,20101103,31.57,31.79,31.35,31.64,768600
XRTX,20101103,193.68,196.08,189,195.48,352900
YORW,20101103,15.85,16.01,15.64,16.01,6800
ZBRA,20101103,36.25,36.56,35.8,36.53,176700
ZEUS,20101103,23.06,23.38,22.3,22.44,57700
ZION,20101103,20.2,20.79,20.12,20.76,3652500
ZIOP,20101103,4.36,4.39,4.23,4.29,88900
ZIXI,20101103,4.18,4.18,3.91,4.01,1141400
ZUMZ,20101103,25.66,25.83,24.75,25.34,282100
