AAME,20101209,1.94,1.95,1.94,1.94,500
AAON,20101209,8.7585,8.7585,8.557,8.6697,53400
AAPL,20101209,11.5047,11.5179,11.3936,11.42,10505200
AAWW,20101209,59.69,59.85,59.09,59.3,134800
AAXJ,20101209,63.04,63.23,62.86,63.01,1354600
ABCB,20101209,9.82,9.97,9.67,9.96,42900
ABIO,20101209,2494.8,2547.72,2411.64,2494.8,73400
ABMD,20101209,9.41,9.5,9.32,9.43,503400
ACAD,20101209,0.7,0.72,0.7,0.71,104700
ACET,20101209,8.15,8.15,7.98,8.02,76200
ACGL,20101209,9.9978,10.0111,9.8822,9.9444,403100
ACIW,20101209,9.1133,9.18,9.0767,9.1367,99000
ACLS,20101209,11.48,12.72,11.4,12.72,3881200
ACMR,20101209,2.08,2.18,2.08,2.12,50300
ACOR,20101209,26.7,26.7,25.81,26.02,524800
ACTG,20101209,29.48,30.04,29.06,29.31,363500
ACWI,20101209,46.24,46.24,45.82,46.08,269100
ACWX,20101209,43.59,43.59,43.14,43.44,97800
ADBE,20101209,29.43,29.49,28.48,28.6,10399100
ADES,20101209,2.54,2.595,2.46,2.505,14300
ADI,20101209,38.45,38.6,38.05,38.13,4132700
ADP,20101209,40.878,41.036,40.6586,40.8516,2097800
ADRE,20101209,46.64,46.64,45.98,46.19,40200
ADSK,20101209,38,38.36,37.91,38.09,2460800
ADTN,20101209,34.15,34.15,33.68,34.11,541200
ADUS,20101209,3.99,3.99,3.8,3.86,49500
AEHR,20101209,1.11,1.14,1.07,1.07,22900
AEIS,20101209,12.48,12.57,12.38,12.45,310600
AEY,20101209,3.66,3.8,3.66,3.78,17300
AEZS,20101209,888,936,888,918,1656000
AGEN,20101209,0.89,0.92,0.89,0.89,267300
AGNC,20101209,27.8,28.85,27.7,28.64,11540500
AGYS,20101209,5.06,5.15,5.03,5.1,76500
AHPI,20101209,4.13,4.13,4.09,4.09,200
AIMC,20101209,18.52,18.73,18.35,18.65,156500
AINV,20101209,34.17,34.2,33.81,34.11,1825600
AIRT,20101209,9.91,9.91,9.71,9.79,2000
AKAM,20101209,53.4,53.75,51.43,52.5,5906600
ALCO,20101209,23.99,25,23.99,24.49,7500
ALGN,20101209,18.31,18.53,18.2,18.39,477000
ALGT,20101209,52.76,52.76,51.57,52.07,200600
ALIM,20101209,11,11,10.26,10.37,65400
ALKS,20101209,11.31,11.37,11.05,11.11,872900
ALLT,20101209,8.91,9,8.31,8.51,217800
ALNY,20101209,9.2,9.33,8.95,8.96,485600
ALOT,20101209,7.16,7.3,7.15,7.15,1900
ALRN,20101209,1.75,1.75,1.53,1.53,8000
ALTR,20101209,38.13,38.14,37.34,37.54,5924900
ALVR,20101209,24.9,25.2,24.5,24.7,141100
AMAT,20101209,13.12,13.3,13.12,13.28,11493500
AMD,20101209,8.21,8.23,7.91,7.95,16828900
AMED,20101209,27.08,27.15,26.79,26.8,200100
AMGN,20101209,53.31,53.58,53.1,53.4,4701200
AMKR,20101209,7.5,7.68,7.47,7.62,3333000
AMNB,20101209,22.01,23.32,22.01,23.25,11700
AMOT,20101209,5.4,5.4,5.34,5.35,3700
AMPL,20101209,45.4,46,44.6,45,9400
AMRN,20101209,5.98,6,5.78,5.82,1715200
AMRS,20101209,351.15,353.55,340.2,352.8,24400
AMSC,20101209,333,335.6,328.6,333.5,518100
AMSF,20101209,18.63,18.63,18.36,18.49,80100
AMSWA,20101209,6.48,6.57,6.44,6.51,47600
AMWD,20101209,21.07,21.71,20.55,21.63,18200
AMZN,20101209,177.77,178.11,173.8,174.85,4555900
ANAT,20101209,81.85,82.59,80.68,82.59,22800
ANDE,20101209,24.7867,24.7867,23.7,23.7267,255300
ANGN,20101209,4.18,4.18,4.18,4.18,0
ANGO,20101209,14.9,15.22,14.71,15.21,62600
ANIK,20101209,6.15,6.2,6.05,6.15,13200
ANSS,20101209,51.2,51.48,50.91,51.13,455000
AOSL,20101209,12.7,13.05,12.34,12.74,190100
APAC,20101209,6.04,6.04,5.99,6.01,169100
APEI,20101209,36.73,37.45,33.95,34.31,270500
APOG,20101209,12.55,12.72,12.42,12.71,120300
ARAY,20101209,6.09,6.11,6,6.09,166400
ARCC,20101209,17.1,17.25,17.07,17.25,1651400
ARKR,20101209,14.88,14.9,14.85,14.85,2700
ARLP,20101209,32.05,32.065,31.755,31.875,58000
ARNA,20101209,15.6,15.7,14.7,14.9,4430900
AROW,20101209,27.67,27.67,27.49,27.58,17000
ARRY,20101209,3.24,3.28,3.18,3.24,388000
ARTNA,20101209,18.81,18.97,18.76,18.94,7600
ARTW,20101209,9.78,9.95,9.67,9.9,16800
ARWR,20101209,0.89,0.92,0.88,0.88,80200
ASML,20101209,37.07,37.99,37.07,37.74,9843500
ASPS,20101209,28.5,29,28.45,28.99,73800
ASRV,20101209,1.63,1.7,1.56,1.69,24300
ASTC,20101209,1.17,1.22,1.17,1.19,77400
ASTE,20101209,32.79,32.79,32.14,32.35,110600
ASUR,20101209,1.5133,1.5733,1.5067,1.5733,1400
ASYS,20101209,24.87,25.25,24.06,24.61,313300
ATAI,20101209,3.81,3.81,3.81,3.81,1500
ATAX,20101209,5.36,5.39,5.28,5.29,139900
ATEC,20101209,27.12,27.24,25.92,26.64,265900
ATHX,20101209,2.6,2.6,2.52,2.54,80200
ATLO,20101209,20.65,20.72,20.5,20.68,10200
ATNI,20101209,32.67,32.7,32.6,32.63,138200
ATRC,20101209,10.37,10.37,9.97,10.06,8600
ATRI,20101209,171.15,171.15,166.01,170.5,3100
ATRO,20101209,18.4333,18.6667,18.3333,18.5417,21800
ATSG,20101209,7.71,7.71,7.3,7.67,489200
ATVI,20101209,12.04,12.2,12.02,12.17,5345500
AUBN,20101209,19.75,19.75,19.75,19.75,100
AUDC,20101209,5.73,6.2,5.73,6.05,627200
AVAV,20101209,27.23,27.29,26.46,26.58,216900
AVEO,20101209,147.7,147.7,140,140.7,95100
AVGO,20101209,25.74,26.51,25.57,26.41,3405000
AVID,20101209,17.74,17.75,17.47,17.47,80700
AVNW,20101209,57.6,60.36,57,60.36,660600
AWRE,20101209,2.92,2.93,2.89,2.89,900
AXTI,20101209,8.62,8.94,8.55,8.7,479800
AZPN,20101209,13.17,13.17,12.96,12.98,431600
BANF,20101209,41.74,42.13,41.74,42.12,12400
BANFP,20101209,25.77,25.77,25.75,25.75,400
BANR,20101209,11.83,12.25,11.83,12.04,858000
BBBY,20101209,46.4,46.65,46.2,46.52,1358000
BBGI,20101209,4.37,4.46,4.37,4.41,2600
BBSI,20101209,16.48,16.48,16.14,16.39,8500
BCBP,20101209,9.2,9.26,9.19,9.25,6100
BCPC,20101209,32.45,32.67,32.02,32.17,91600
BCRX,20101209,4.93,4.94,4.8,4.81,137500
BDSI,20101209,2.78,2.81,2.74,2.78,99400
BEAT,20101209,4.45,4.45,4.33,4.36,85600
BECN,20101209,18.25,18.48,18.18,18.2,326000
BELFA,20101209,24.38,24.38,24.38,24.38,200
BELFB,20101209,23.15,23.15,22.27,22.69,26400
BFIN,20101209,9.62,9.62,9.46,9.57,61600
BGCP,20101209,7.98,8.23,7.9,8.18,1162000
BGFV,20101209,14.51,14.72,14.32,14.42,38600
BIB,20101209,6.9488,6.9488,6.9488,6.9488,100
BICK,20101209,32.31,32.31,31.83,31.86,23500
BIDU,20101209,108.4,109,107.11,108.07,5731500
BIIB,20101209,59.9183,61.521,59.8722,61.1341,2839000
BIOC,20101209,128.1,128.1,124.2,124.8,2200
BIS,20101209,224.16,224.16,224.16,224.16,0
BITS,20101209,7.19,7.23,7.15,7.18,4200
BJRI,20101209,38.76,39.06,38.12,38.62,258700
BKCC,20101209,12,12,11.85,11.88,510600
BKSC,20101209,11,11,11,11,500
BLDP,20101209,1.39,1.45,1.39,1.41,133100
BLIN,20101209,390,400,387.5,390,4500
BLKB,20101209,27.47,27.47,27.02,27.27,215800
BMRC,20101209,17.4,17.68,17.13,17.615,16200
BMRN,20101209,27.08,27.26,26.86,27.09,412900
BMTC,20101209,17.1,17.5,16.91,17.46,61600
BNSO,20101209,1.66,1.67,1.52,1.52,400
BOKF,20101209,52.02,52.28,51.64,51.81,182800
BOLT,20101209,14.57,14.57,14.35,14.43,16000
BOOM,20101209,17.6,17.89,17.41,17.68,62700
BOSC,20101209,6.56,6.68,6.56,6.68,300
BPOP,20101209,30,30.3,29.4,29.9,21644700
BPOPM,20101209,18.45,18.8,18.44,18.8,1900
BPOPN,20101209,18.89,19.95,18.89,19.95,700
BRID,20101209,12.82,12.82,12.12,12.32,3500
BRKL,20101209,10.74,10.81,10.59,10.69,263000
BRKR,20101209,16.33,16.72,16.19,16.6,835600
BRKS,20101209,8.4,8.54,8.32,8.51,339000
BRLI,20101209,20.77,20.85,20.63,20.68,127200
BSET,20101209,4.25,4.25,4.09,4.12,6600
BSQR,20101209,6.77,6.96,6.74,6.94,120400
BSRR,20101209,10.82,10.99,10.77,10.98,12500
BUSE,20101209,4.5,4.53,4.41,4.48,113200
BWEN,20101209,19.2,19.2,18.8,19.1,793600
BYFC,20101209,2.45,2.46,2.4,2.42,5800
CAAS,20101209,14.85,14.85,14.3,14.33,173400
CAC,20101209,38.06,38.31,37.64,38.24,13300
CACC,20101209,61.6,62.13,61.33,61.92,30700
CAKE,20101209,33.62,33.62,33.04,33.38,561600
CALM,20101209,16.425,16.47,16.08,16.345,92500
CAMP,20101209,2.92,2.92,2.79,2.81,39200
CAMT,20101209,2.47,2.47,2.44,2.44,7400
CARV,20101209,2.05,2.05,1.95,1.95,2800
CASH,20101209,4.5833,4.6333,4.5667,4.5667,3300
CASS,20101209,38.65,39.53,38.26,39.47,16400
CASY,20101209,41.4,41.65,40.94,41.6,395800
CATY,20101209,15.12,15.76,14.94,15.7,1078900
CBAN,20101209,4.1,4.1,4.1,4.1,10200
CBNK,20101209,12.39,12.41,12.39,12.41,2900
CBRL,20101209,55.23,55.29,54.3,54.66,170200
CBSH,20101209,38.85,39.19,38.68,39.03,500000
CCBG,20101209,12.75,12.77,12.28,12.76,20400
CCMP,20101209,40.36,40.64,40.12,40.5,126900
CCNE,20101209,14.61,14.9,14.59,14.76,22300
CCOI,20101209,12.35,12.35,12,12.09,193800
CCRN,20101209,7.73,7.73,7.62,7.7,59500
CDNS,20101209,8.23,8.41,8.15,8.4,4971700
CDXS,20101209,9.95,9.95,9.66,9.82,115100
CDZI,20101209,11.4,11.4,11.2,11.34,26300
CECE,20101209,5.3,5.54,5.3,5.54,17100
CELH,20101209,0.62,0.63,0.58,0.6,30400
CENT,20101209,9.4,9.46,9.32,9.38,123700
CENTA,20101209,9.48,9.58,9.04,9.5,161000
CENX,20101209,15.06,15.35,14.92,15.32,1185800
CERN,20101209,23.1075,23.235,23.005,23.085,326800
CERS,20101209,2.4,2.4,2.32,2.34,435500
CEVA,20101209,23.41,23.48,23.01,23.28,283700
CFBK,20101209,16.775,19.25,16.5,19.25,1100
CFFI,20101209,21,21,21,21,0
CFFN,20101209,24.19,24.62,24.02,24.61,337100
CGEN,20101209,4.06,4.1,4,4.05,31600
CGNX,20101209,7.2325,7.25,7.2,7.2425,143400
CHCI,20101209,1.02,1.06,1.01,1.02,17000
CHCO,20101209,35.25,35.9,35.17,35.68,40800
CHDN,20101209,13.71,13.9033,13.48,13.8833,49600
CHKP,20101209,44.8,44.89,44.23,44.41,807700
CHNG,20101209,5.29,5.32,5.2,5.24,234600
CHNR,20101209,16,16,15.5,15.56,13000
CHRS,20101209,3.59,3.6,3.52,3.54,600700
CHRW,20101209,77.33,78.06,77.08,77.76,1288300
CHSCP,20101209,29.19,29.5,29.1,29.45,25900
CHTR,20101209,35.96,36,35.42,35.7,75800
CIDM,20101209,15,15,14.5,14.5,2300
CINF,20101209,31.3,31.54,31.16,31.4,860200
CIZN,20101209,18.85,19.43,18.85,19,6500
CJJD,20101209,4.36,4.38,4.25,4.27,29000
CLDX,20101209,63.3,63.6,62.4,62.7,189200
CLFD,20101209,3.54,3.54,3.44,3.5,41800
CLMT,20101209,21.68,21.68,21.39,21.57,47600
CLNE,20101209,13.57,13.65,13.41,13.54,593000
CLRO,20101209,3.62,3.62,3.62,3.62,0
CLSN,20101209,2.71,2.79,2.62,2.79,48200
CLWT,20101209,4.5833,4.5833,4.4367,4.51,20700
CMCO,20101209,18.78,19.45,18.54,19.09,81300
CMCSA,20101209,10.425,10.475,10.33,10.425,10209100
CME,20101209,64.6,65.314,63.936,64.356,537400
CMLS,20101209,30.96,31.12,30.56,30.8,57200
CMTL,20101209,30,30,27.13,27.71,1688900
CNBKA,20101209,24.53,25.05,24.45,25.05,4300
CNET,20101209,3.87,3.89,3.75,3.89,14300
CNOB,20101209,7.49,7.5,7.41,7.45,18100
CNSL,20101209,18.64,18.72,18.46,18.46,161600
CNTY,20101209,2.42,2.42,2.4,2.42,18000
COCO,20101209,4.5,4.53,4.3,4.34,3956200
COHR,20101209,45,45,44.72,44.85,75300
COHU,20101209,15.47,15.5,15.25,15.46,68800
COIN,20101209,0.35,0.38,0.35,0.38,399200
COKE,20101209,59.16,59.16,58.35,58.45,24200
COLB,20101209,19.46,19.76,19.19,19.32,173000
COLM,20101209,29.065,29.47,28.945,29.325,161200
COMT,20101209,2.2,2.2,2.2,2.2,300
CONN,20101209,4.35,4.53,4.35,4.51,233600
COOL,20101209,31.08,31.5,29.82,31.08,69800
CORT,20101209,4.36,4.45,4.11,4.14,802400
COST,20101209,69.7,71.13,69.28,71.02,6776900
COWN,20101209,4.72,4.76,4.62,4.75,120900
CPHC,20101209,11,11.43,10.99,11.38,3600
CPIX,20101209,7.4,7.77,7.36,7.61,136400
CPLP,20101209,8.76,8.84,8.75,8.81,160400
CPRT,20101209,8.4125,8.515,8.375,8.48,779100
CPRX,20101209,0.98,1.01,0.98,1,58600
CPSI,20101209,48.5,48.5,48.01,48.06,23000
CPSS,20101209,0.87,0.87,0.85,0.85,10200
CRAI,20101209,22.3,22.3,21.65,21.88,23500
CREG,20101209,299,300,293,298,23400
CRESW,20101209,0.25,0.25,0.25,0.25,9700
CRESY,20101209,18.65,19,18.65,18.77,38700
CRIS,20101209,9.45,9.65,8.85,9.4,431500
CRMT,20101209,26.68,27.3,26.41,27.08,60300
CRNT,20101209,12.03,12.05,11.75,11.86,101800
CROX,20101209,17.41,17.94,17.21,17.46,1935000
CRTX,20101209,6.05,6.05,5.9,5.96,26000
CRUS,20101209,16.58,16.65,16.17,16.3,1940100
CRVL,20101209,23.87,24,23.525,23.61,24700
CRWS,20101209,5.01,5.01,5.01,5.01,0
CSCO,20101209,19.49,19.82,19.39,19.7,91965300
CSGP,20101209,56.33,56.33,54.94,55.43,122500
CSGS,20101209,19.45,19.45,18.94,19.11,239900
CSII,20101209,9.52,9.55,9.41,9.45,68200
CSIQ,20101209,13.23,13.29,12.84,13.09,579500
CSPI,20101209,4.7,5.12,4.7,5.12,1300
CSTR,20101209,64.84,65.67,64.48,64.6,705500
CSWC,20101209,25.3125,25.6525,25.3125,25.6525,2500
CSX,20101209,21.2467,21.3833,21.1533,21.3033,1610900
CTAS,20101209,28.41,28.59,28.07,28.26,981600
CTBI,20101209,28.79,29,28.6,28.88,35400
CTHR,20101209,2.6,2.67,2.55,2.59,40800
CTIB,20101209,5.95,6.06,5.95,6.06,4500
CTIC,20101209,19,19.5,18.5,19,3109400
CTRN,20101209,23.58,24.62,23.46,24.42,126000
CTSH,20101209,35.055,35.37,35.025,35.295,1653200
CTXS,20101209,56.035,56.3137,55.2548,55.8917,1204800
CUBA,20101209,7.13,7.18,7.08,7.18,3600
CUTR,20101209,7.74,7.93,7.68,7.88,61300
CVBF,20101209,8.89,8.9,8.79,8.85,696500
CVCO,20101209,37.34,37.57,36.41,37.15,27000
CVCY,20101209,5.5,5.5,5.45,5.45,500
CVGI,20101209,17.24,17.35,16.97,16.98,131300
CVGW,20101209,23.46,23.49,22.98,23.07,51100
CVLT,20101209,29.55,30.5,29.26,30.32,943700
CVLY,20101209,8.89,9,8.88,8.88,1600
CVV,20101209,7.82,7.82,7.78,7.78,500
CWBC,20101209,3.5,3.69,3.45,3.48,4500
CWCO,20101209,9.15,9.15,8.9,8.99,60900
CWST,20101209,5.92,6,5.85,5.98,113400
CXDC,20101209,5.28,5.28,5.08,5.19,38500
CYAN,20101209,2.95,3.11,2.9,3.06,12600
CYBE,20101209,8.91,8.91,8.41,8.62,4900
CYCC,20101209,2721.6,2772,2654.4,2704.8,317300
CYCCP,20101209,3.88,3.91,3.88,3.89,1400
CYTK,20101209,17.16,17.76,16.32,16.5,728500
CZNC,20101209,15.42,15.42,14.59,15.25,38300
CZWI,20101209,3.96,3.96,3.96,3.96,100
DAIO,20101209,6.02,6.05,5.79,5.95,10000
DAKT,20101209,15.97,16.28,15.82,15.91,310500
DCOM,20101209,14.78,14.78,14.55,14.62,78300
DCTH,20101209,2677.76,2764.8,2649.6,2734.08,870900
DDMX,20101209,25.4,25.4,25.2,25.25,41600
DENN,20101209,3.8,3.8,3.65,3.68,1429200
DGICA,20101209,15.46,15.46,15.07,15.42,16300
DGICB,20101209,17.39,17.4,17.39,17.4,200
DGII,20101209,10.52,10.52,10.31,10.47,86900
DGLY,20101209,1.64,1.77,1.64,1.71,43600
DHIL,20101209,72.85,73.43,71.59,72.8,11400
DIOD,20101209,27.53,27.53,26.65,27.05,294400
DISCA,20101209,42.88,42.89,42.14,42.43,1328000
DISCK,20101209,18.595,18.63,18.315,18.39,349600
DISH,20101209,18.73,18.9,18.67,18.68,1859000
DJCO,20101209,72,72,72,72,200
DLTR,20101209,28.465,28.595,27.7,27.845,1318800
DMLP,20101209,26.75,26.98,26.51,26.54,49500
DMRC,20101209,29.57,29.72,29.23,29.46,25700
DORM,20101209,23.05,23.75,22.65,22.985,115600
DRIV,20101209,38,38.06,37.41,37.61,339400
DRRX,20101209,3.02,3.14,2.96,3.1,250000
DSGX,20101209,7,7.04,6.96,7.04,4400
DSPG,20101209,8.47,8.47,8.33,8.35,126000
DSWL,20101209,3.13,3.65,3.13,3.62,66500
DVAX,20101209,21.9,23.3,21.4,23.1,1167700
DWSN,20101209,30.99,31.04,29.86,30.98,27100
DXCM,20101209,12.2,12.29,12.01,12.16,200000
DXPE,20101209,23.78,23.78,23.15,23.5,35400
DXYN,20101209,3.37,3.37,3.24,3.31,3400
DYNT,20101209,3.4,3.4,3.4,3.4,100
EBAY,20101209,12.7326,12.8253,12.7074,12.7789,8745500
EBIX,20101209,21.7,22.04,21.17,21.99,477400
EBMT,20101209,9.76,9.76,9.76,9.76,100
EBSB,20101209,4.4567,4.4935,4.4281,4.4649,24200
EBTC,20101209,11.75,11.91,10.91,10.96,31000
ECHO,20101209,11.75,12,11.69,11.91,213200
ECOL,20101209,16.12,16.26,15.92,16.21,49200
ECPG,20101209,20.64,21.05,20.51,20.89,91500
EDAP,20101209,4,5,3.95,4.71,717100
EDUC,20101209,3.32,3.325,3.3,3.3,1900
EEFT,20101209,17.82,17.92,17.63,17.64,106000
EFOI,20101209,4.75,4.9,4.65,4.7,57500
EFSC,20101209,10.75,10.82,10.44,10.82,27600
EGBN,20101209,13.7,13.7,13.22,13.58,30400
EGLE,20101209,51811.2,51811.2,50601.6,50904,1520100
EHTH,20101209,15.76,15.98,15.36,15.5,276200
ELSE,20101209,4.26,4.26,4.26,4.26,0
ELTK,20101209,1.3,1.39,1.25,1.28,21900
EMCF,20101209,17,17,17,17,1000
EMIF,20101209,33.72,33.72,33.23,33.32,16900
EMKR,20101209,5.84,6.12,5.76,6.08,393000
ENDP,20101209,36.28,36.38,35.78,36.02,686200
ENG,20101209,3.4,3.58,3.36,3.53,225900
ENSG,20101209,11.025,11.105,11,11.04,52500
ENTG,20101209,7.13,7.13,7.01,7.09,520700
EPAY,20101209,20.21,20.42,19.94,20.25,125100
EQIX,20101209,84.4,84.77,82.91,83.39,797100
ERES,20101209,6.24,6.24,6.13,6.17,215000
ERIC,20101209,10.58,10.61,10.48,10.6,3866900
ERIE,20101209,64,64,63.18,63.59,50300
ERII,20101209,3.83,3.95,3.78,3.94,269500
ESBK,20101209,16.6,16.83,16.57,16.57,600
ESCA,20101209,5.89,6.65,5.8,6.29,24200
ESEA,20101209,30,30.24,29.84,30.08,31900
ESGR,20101209,87.81,89.74,85.98,89.07,21400
ESLT,20101209,48.47,48.47,47.77,47.85,7300
ESSA,20101209,13.15,13.15,12.88,13.14,20200
EUFN,20101209,21.89,21.89,21.68,21.88,7900
EVK,20101209,1.79,1.81,1.78,1.78,17100
EVOL,20101209,8.35,8.35,8.15,8.28,18000
EWBC,20101209,18.45,18.69,18.37,18.69,745900
EXAS,20101209,5.43,5.53,5.37,5.5,574800
EXEL,20101209,5.86,6.6,5.8,6.51,4218700
EXLS,20101209,21.91,21.91,21.42,21.63,25200
EXPD,20101209,56.99,57.15,55.94,56,1652500
EXPE,20101209,27.13,27.21,26.78,27.17,2803000
EXPO,20101209,9.7925,9.8125,9.5475,9.5925,35800
EXTR,20101209,2.92,2.98,2.91,2.97,438500
EZPW,20101209,27.79,27.79,27.15,27.39,260700
FARM,20101209,17.71,18.03,17.56,18.03,15400
FARO,20101209,30.74,30.74,29.8,30.32,58100
FAST,20101209,14.6325,14.68,14.5075,14.5675,715600
FBIZ,20101209,13.5,13.57,13.5,13.57,300
FBMS,20101209,9,9.9,9,9.9,400
FBNC,20101209,14.55,14.99,14.38,14.99,28000
FCAL,20101209,2.45,2.49,2.42,2.46,19200
FCAP,20101209,15.5,15.5,15.5,15.5,0
FCBC,20101209,15.01,15.25,14.82,15.18,31300
FCCO,20101209,5.08,5.39,5.06,5.37,2500
FCCY,20101209,8.38,8.38,8.22,8.22,4300
FCEL,20101209,180,191.52,180,190.08,1006800
FCFS,20101209,30.92,30.92,30.42,30.56,156100
FCNCA,20101209,188.53,188.53,186,187.85,7500
FEIM,20101209,6.17,6.57,6.09,6.44,39800
FELE,20101209,19.995,20,19.46,19.715,73700
FFBC,20101209,18.37,18.49,18.09,18.42,241900
FFHL,20101209,2.4,2.49,2.29,2.49,119700
FFIC,20101209,14.06,14.15,13.9,14.06,59100
FFIN,20101209,8.3417,8.3417,8.2434,8.31,54900
FFIV,20101209,138.3,139.33,136,138.92,1475400
FFNW,20101209,3.54,3.58,3.51,3.54,34700
FIBK,20101209,14.44,14.75,14.3,14.69,99600
FISI,20101209,19.48,19.48,19.18,19.34,23400
FISV,20101209,14.7725,14.81,14.6575,14.6775,889000
FITB,20101209,13.98,14.3,13.69,14.24,19379700
FITBP,20101209,144.51,144.51,144.51,144.51,500
FIZZ,20101209,15.19,15.21,14.97,15.19,77600
FLEX,20101209,7.86,7.89,7.75,7.8,4663100
FLIC,20101209,18.3933,18.9867,18.36,18.98,15900
FLWS,20101209,2.16,2.21,2.14,2.21,385500
FLXS,20101209,17.21,17.4,17.13,17.2,8700
FMBI,20101209,10.61,10.82,10.49,10.72,485600
FNLC,20101209,14.6,14.67,14.47,14.63,10800
FOLD,20101209,3.84,4.17,3.8,4.01,35900
FONR,20101209,1.27,1.27,1.2,1.25,35300
FORD,20101209,3.73,3.94,3.58,3.63,56800
FORM,20101209,10.07,10.26,9.98,10.21,383700
FORR,20101209,32.63,32.8,32.05,32.14,104800
FORTY,20101209,18.4,18.6,18.15,18.18,2500
FOSL,20101209,72.79,73.82,72.45,73.33,513300
FRBK,20101209,2.08,2.17,2.06,2.14,96800
FREE,20101209,112500000,114000000,112500000,113400000,13400
FRME,20101209,9.04,9.16,8.86,9.1,59700
FRPT,20101209,5.34,5.35,5.29,5.34,264100
FSFG,20101209,14.4,14.55,14.12,14.55,8100
FSII,20101209,4.25,4.25,4.1,4.16,409500
FSLR,20101209,134.79,135.5,132.5,133.22,955100
FSTR,20101209,38.29,39.87,37.72,39.1,70300
FTEK,20101209,8.12,8.15,7.93,7.98,168800
FTNT,20101209,16.475,17,16.26,16.73,661700
FULT,20101209,9.49,9.55,9.4,9.53,949600
FUNC,20101209,3.89,3.89,3.5,3.65,7900
FUND,20101209,7.51,7.51,7.33,7.37,95000
FWRD,20101209,29.54,29.95,29.23,29.45,85400
GABC,20101209,11.9467,11.9467,11.6867,11.8467,14300
GAIA,20101209,7.77,7.87,7.69,7.77,72800
GAIN,20101209,7.79,7.86,7.63,7.77,65300
GALT,20101209,3.84,3.96,3.84,3.9,45700
GAME,20101209,6.04,6.13,6.04,6.09,441100
GASS,20101209,6.93,7,6.8,6.85,136600
GBCI,20101209,14.17,14.25,14,14.17,262900
GBDC,20101209,17.17,17.2,16.82,17.02,27800
GBLI,20101209,19.99,20.66,19.64,20.56,86600
GCBC,20101209,8.86,8.875,8.78,8.8,900
GENC,20101209,4.7133,4.7133,4.5933,4.68,16400
GENE,20101209,17,17,17,17,100
GERN,20101209,4.92,4.94,4.72,4.72,5859000
GFED,20101209,4.5,4.5,4.5,4.5,3400
GGAL,20101209,15.4,15.75,15.34,15.54,834200
GIFI,20101209,29.57,29.73,28.78,28.9,138200
GIGM,20101209,7.75,7.85,7.6,7.75,374000
GIII,20101209,15.95,17.37,15.835,16.93,683300
GILD,20101209,18.68,18.715,18.45,18.495,7726000
GILT,20101209,4.97,5.09,4.97,4.98,9700
GLAD,20101209,11.65,11.75,11.57,11.74,78500
GLBL,20101209,6.75,6.86,6.65,6.84,1184600
GLBS,20101209,49960,52400,49960,50200,3700
GLBZ,20101209,7.92,7.92,7.9,7.9,900
GLDD,20101209,7.81,7.81,7.71,7.73,284600
GLNG,20101209,13.98,14.22,13.86,14.04,200000
GLRE,20101209,28.7,28.75,28.41,28.67,62400
GNOM,20101209,7.56,7.56,7.1,7.25,46600
GNTX,20101209,14.86,14.91,14.415,14.47,1654300
GOOD,20101209,18.79,18.93,18.66,18.93,25000
GOODO,20101209,24.31,24.5,24.27,24.27,500
GOOG,20101209,296.94,297.79,294.5,295.75,1868900
GPRE,20101209,10.91,11.29,10.79,11.21,251500
GPRO,20101209,54.2,54.53,53.94,54.1,201500
GRID,20101209,31.43,31.54,31.41,31.54,1400
GRMN,20101209,30.27,30.61,29.8,30,2140300
GROW,20101209,8.19,8.3,8.08,8.22,52000
GRVY,20101209,6.24,6.32,6.12,6.16,67200
GSBC,20101209,23.91,23.91,23.17,23.85,18600
GSIT,20101209,7.9,8,7.82,7.99,248500
GSM,20101209,17.7,17.8,17.46,17.76,928800
GT,20101209,10.98,11.73,10.96,11.55,14484300
GTEC,20101209,15.68,15.7,15.16,15.24,33500
GTIM,20101209,0.53,0.53,0.53,0.53,100
GYRO,20101209,79.48,79.48,79.48,79.48,0
HA,20101209,8.02,8.32,7.93,8.2,672500
HAFC,20101209,0.96,0.97,0.94,0.97,1094400
HAIN,20101209,14.155,14.155,13.985,14.03,361500
HALL,20101209,9.02,9.02,8.97,8.99,26300
HALO,20101209,7.56,7.58,7.41,7.55,396800
HAS,20101209,49.7,49.7,49.03,49.42,488900
HAYN,20101209,41.33,41.33,40.73,41.1,34200
HBAN,20101209,6.55,6.76,6.55,6.72,22279900
HBANP,20101209,1080,1089.89,1077.89,1089.89,100
HBCP,20101209,13.9,13.98,13.89,13.97,6200
HBIO,20101209,3.93,3.98,3.9,3.9,39500
HBNC,20101209,5.1259,5.1555,5.0825,5.1259,7300
HCCI,20101209,10.2,10.48,10.08,10.15,6000
HCII,20101209,8.19,8.2,8.04,8.09,1800
HCIIW,20101209,0.9,0.9,0.9,0.9,0
HCKT,20101209,3.49,3.53,3.4,3.52,71400
HCSG,20101209,16.38,16.44,16,16.04,284300
HDSN,20101209,1.56,1.6,1.54,1.59,2900
HEES,20101209,11.77,11.92,11.44,11.85,287600
HELE,20101209,24.22,28.34,24.22,27.44,1224700
HERO,20101209,2.88,2.9,2.73,2.82,2152900
HFWA,20101209,14.04,14.04,13.36,13.73,78900
HGSH,20101209,6.44,6.76,6.4,6.74,7100
HIBB,20101209,35.55,37.25,34.92,36.85,583600
HIFS,20101209,43.25,43.25,42.85,43,800
HIHO,20101209,3.53,3.54,3.25,3.33,3700
HIMX,20101209,2.08,2.11,2.08,2.08,304800
HLIT,20101209,7.11,7.11,7.01,7.05,423200
HMNF,20101209,2.8,2.9,2.8,2.9,3100
HNRG,20101209,12.3,12.3,12,12.05,11900
HOFT,20101209,12.2,12.37,12.05,12.32,26700
HOLI,20101209,14.52,15.74,14.5,15.51,685800
HOLX,20101209,17.52,17.73,17.44,17.55,1768900
HOMB,20101209,5.6,5.61,5.515,5.585,76200
HOOK,20101209,7.03,7.03,6.92,6.97,24600
HOVNP,20101209,6,6.25,6,6.01,9700
HRZN,20101209,14.71,14.89,14.5,14.8,238600
HSIC,20101209,59.16,59.56,58.94,59.19,521800
HSII,20101209,26.64,27.29,26.29,27.06,121900
HSKA,20101209,0.43,0.45,0.43,0.44,47200
HSTM,20101209,6.67,6.73,6.59,6.68,20100
HTBK,20101209,3.78,3.82,3.78,3.8,12700
HTHT,20101209,5.375,5.3875,5.15,5.275,406300
HTLD,20101209,16.7,16.7,16.5,16.56,336200
HTLF,20101209,16.46,17.21,16.35,17.17,21000
HUBG,20101209,36.4,36.4,35.75,35.9,219000
HURC,20101209,19.58,19.85,19.55,19.85,8500
HURN,20101209,25.8,25.8,25.36,25.69,122600
HWBK,20101209,8.9,8.9,8.75,8.75,6700
HWKN,20101209,44.29,45.3,44.29,44.98,35100
IART,20101209,24.06,24.225,23.755,23.89,172900
IBB,20101209,89.74,90.11,89.57,89.96,110700
IBCP,20101209,1.1,1.12,1.07,1.11,53300
IBKR,20101209,17.41,17.5,17.31,17.47,288200
IBOC,20101209,19.3,19.5,18.83,19.45,220700
ICAD,20101209,1.4,1.45,1.4,1.43,46000
ICCC,20101209,3.02,3.02,3.02,3.02,400
ICFI,20101209,27.03,27.14,26.63,26.91,51100
ICLK,20101209,6.24,6.32,5.92,6.05,257000
ICLN,20101209,15.72,15.84,15.71,15.83,14300
ICLR,20101209,19.8,19.83,19.07,19.24,1012000
ICUI,20101209,37.09,37.1,36.78,36.8,78100
IDCC,20101209,38.15,38.49,37.5,37.65,860300
IDRA,20101209,19.6,19.68,19.44,19.68,18500
IDXX,20101209,33.795,33.94,33.59,33.7,106500
IESC,20101209,3.26,3.3,3.14,3.24,41000
IFGL,20101209,31.33,31.33,31,31.13,57200
IGOV,20101209,100.98,100.98,100.23,100.89,14700
III,20101209,2.04,2.04,1.96,1.96,52400
IIIIU,20101209,1.98,2.08,1.95,1.99,16600
IIIIW,20101209,0.01,0.01,0.01,0.01,0
IIN,20101209,3.62,3.99,3.54,3.99,11500
IIVI,20101209,22.17,22.335,21.945,22.195,75800
IKNX,20101209,7.51,7.51,7.51,7.51,0
ILMN,20101209,62.19,63.26,61.85,62.95,1020800
IMGN,20101209,8.42,8.54,8.26,8.41,338100
IMKTA,20101209,20.4,20.4,19.94,20.11,48800
IMMR,20101209,6.06,6.21,5.92,6.16,139900
IMOS,20101209,1.43,1.46,1.41,1.46,149000
INCY,20101209,15.96,16.01,15.64,15.7,1523300
INDB,20101209,26.6,26.97,26.48,26.74,41500
INDY,20101209,29.48,29.48,29.09,29.13,146700
INFI,20101209,5.93,5.93,5.75,5.79,69100
INFN,20101209,10.29,10.3,9.85,9.96,2456500
INMD,20101209,4.37,4.48,4.37,4.385,1500
INOD,20101209,2.92,2.93,2.9,2.9,47000
INSM,20101209,0.61,0.63,0.57,0.57,1708800
INTC,20101209,22.01,22.07,21.72,21.81,79884500
INTG,20101209,23.15,23.15,23,23.02,800
INTU,20101209,47.74,48.08,47.52,47.72,2217600
INVE,20101209,23.9,23.9,22.3,23.1,17800
IOSP,20101209,21.91,22.32,21.91,22.25,55600
IPAR,20101209,19.15,19.23,18.84,19.09,43400
IPGP,20101209,30.75,31.01,30.45,30.8,221500
IRBT,20101209,20.78,21.99,20.77,21.86,283600
IRDM,20101209,9.69,9.7,9.44,9.52,256000
IRIX,20101209,3.75,3.94,3.75,3.9,2100
IRWD,20101209,10.83,10.85,10.58,10.73,205400
ISBC,20101209,5.1216,5.149,5.051,5.1333,153700
ISHG,20101209,102.72,102.72,102.23,102.56,5000
ISIG,20101209,7.06,7.09,6.91,7,8200
ISLE,20101209,9.99,10.06,9.82,9.94,60800
ISRG,20101209,86.8667,87.4467,86.4567,86.8333,479300
ISSC,20101209,5.68,5.69,5.37,5.4,35800
ITIC,20101209,30.27,30.5,30.27,30.5,400
ITRI,20101209,54.46,55.52,54,55.3,697600
ITRN,20101209,16.25,16.41,16.04,16.21,15200
IVAC,20101209,15.26,15.28,15.02,15.04,110900
JACK,20101209,21.16,21.16,20.73,20.85,562700
JAKK,20101209,195,196,193.3,195.7,128800
JAZZ,20101209,18.54,18.89,18.35,18.42,507700
JBHT,20101209,40.21,40.43,40,40.4,1092100
JBLU,20101209,6.7,6.78,6.59,6.71,4335300
JBSS,20101209,12.08,12.2,11.92,12.18,60000
JCS,20101209,14.08,14.11,13.61,14.1,6500
JCTCF,20101209,2.37,2.37,2.25,2.275,4900
JJSF,20101209,48.3,48.4,47.27,47.81,74300
JKHY,20101209,29,29.06,28.78,29.01,378600
JOBS,20101209,26.905,27.1,26.28,27,141700
JOUT,20101209,13.25,13.27,13.11,13.22,4800
JRJC,20101209,71.2,72.6,70.7,71.4,16000
JVA,20101209,3.86,3.92,3.75,3.79,7900
KALU,20101209,51.18,51.78,50.44,50.97,128100
KELYA,20101209,20.05,20.05,19.79,19.98,137900
KELYB,20101209,20.33,20.33,20.33,20.33,0
KEQU,20101209,13.99,14,13.5,13.73,5800
KFFB,20101209,9.5,9.5,9.5,9.5,0
KFRC,20101209,16.48,16.71,16.22,16.59,161800
KINS,20101209,3.85,3.85,3.85,3.85,100
KIRK,20101209,13.5,13.72,13.36,13.4,203100
KLAC,20101209,40.14,40.29,39.74,39.82,2781400
KLIC,20101209,7.6,7.74,7.51,7.68,1726100
KNDI,20101209,5.75,5.87,5.47,5.62,311900
KOPN,20101209,4.08,4.18,4.06,4.16,152900
KOSS,20101209,5.1,5.1,5.02,5.02,7800
KRNY,20101209,8.81,8.81,8.65,8.76,30900
KTCC,20101209,5.21,5.21,5.09,5.12,113600
KTOS,20101209,10.88,10.88,10.72,10.76,39800
KVHI,20101209,13.7,13.7,13.5,13.64,41200
LAKE,20101209,9.2,9.27,9.05,9.05,4300
LAMR,20101209,38.74,38.99,38.16,38.4,520400
LANC,20101209,55.3,55.82,54.7,55.71,92200
LARK,20101209,15.32,15.39,15.32,15.38,300
LAWS,20101209,22.93,23.86,22.73,23.72,16200
LBAI,20101209,10.81,11.38,10.53,11.18,81800
LBTYA,20101209,18.7021,18.9065,18.5386,18.6919,1316300
LBTYB,20101209,36.77,36.77,36.77,36.77,0
LBTYK,20101209,34.64,35.15,34.64,34.8,256400
LCUT,20101209,13.97,13.97,13.52,13.79,21100
LECO,20101209,31.825,31.91,31.645,31.78,201400
LEDS,20101209,24,27.34,23.14,25.76,7264300
LFUS,20101209,46.7,47.85,46.54,47.46,193100
LGND,20101209,8.55,8.55,8.34,8.41,88700
LHCG,20101209,25.1,25.1,24.63,24.68,99700
LIFE,20101209,740.32,743.12,727.44,729.68,2595000
LINC,20101209,16.92,16.92,16.31,16.41,187400
LIVE,20101209,2.5233,2.7,2.52,2.63,13800
LKFN,20101209,14.44,14.4933,14.14,14.46,69700
LLNW,20101209,7.05,7.06,6.95,7,839500
LMAT,20101209,6.39,6.59,6.39,6.48,12000
LMNR,20101209,24.87,25,23.25,25,8600
LNDC,20101209,6.36,6.44,6.26,6.3,170200
LOAN,20101209,1.35,1.35,1.35,1.35,0
LOGC,20101209,0.65,0.66,0.55,0.66,13600
LOGI,20101209,20.17,20.25,19.85,20.12,969400
LOOP,20101209,11.07,11.32,10.97,11.06,103100
LOPE,20101209,18.86,19.01,18.65,18.8,307600
LORL,20101209,74.92,75.36,73.41,74.72,53400
LPLA,20101209,36.15,36.15,35.07,35.79,150300
LPSN,20101209,10.47,10.54,10.32,10.48,242700
LPTH,20101209,1.67,1.67,1.58,1.65,61700
LQDT,20101209,15.58,15.59,15.27,15.29,121900
LRCX,20101209,50.88,51.4,50.4,51.27,2371800
LSBK,20101209,8.2,8.2,8.2,8.2,0
LSCC,20101209,5.48,5.57,5.35,5.57,1523800
LSTR,20101209,39.54,39.6,39.09,39.56,403100
LTBR,20101209,334.8,335.4,324.6,325.2,35100
LTRX,20101209,3.35,3.55,3.35,3.55,15600
LULU,20101209,30.925,33.33,30.91,31.78,10773500
LUNA,20101209,1.79,1.86,1.79,1.81,5600
LWAY,20101209,9.7,9.7,9.66,9.7,6100
LXRX,20101209,11.2,11.97,10.36,11.69,2183700
LYTS,20101209,9.35,9.42,9.16,9.38,92600
MANH,20101209,7.955,7.955,7.8525,7.88,91600
MANT,20101209,40.75,40.75,40.07,40.17,230000
MARPS,20101209,27,27.75,26.85,27.52,5800
MASI,20101209,31.5,31.62,31.18,31.48,592100
MAT,20101209,25.65,25.74,25.26,25.47,3044100
MATW,20101209,33.65,34.03,33.4,33.9,157900
MAYS,20101209,16.03,16.1,16,16,1100
MBWM,20101209,6.93,7.11,6.87,7.06,24200
MCBC,20101209,2.87,2.93,2.82,2.86,34400
MCHP,20101209,18.015,18.07,17.615,17.695,2980400
MCHX,20101209,8.39,8.4,8.1,8.37,72300
MCRI,20101209,12.16,12.2,11.91,12.2,61500
MDRX,20101209,18.25,18.28,18.06,18.27,2490800
MELI,20101209,68.76,69.32,66.88,67.45,495600
MEOH,20101209,29.83,29.83,29.37,29.42,233800
MERC,20101209,6.81,6.85,6.76,6.78,316400
MGEE,20101209,28,28.0467,27.7533,28,72500
MGIC,20101209,6.61,7.18,6.39,6.54,2734900
MGLN,20101209,48.86,49.08,48.38,48.44,282200
MGPI,20101209,9.74,9.74,9.47,9.64,23800
MGRC,20101209,28.02,28.2,27.63,27.88,71700
MGYR,20101209,3.14,3.43,3.14,3.35,13100
MHLD,20101209,7.81,7.87,7.66,7.83,862000
MIDD,20101209,28.64,28.68,28.2633,28.29,121900
MIND,20101209,10.15,10.34,9.98,10.21,47600
MKSI,20101209,21.75,21.98,21.53,21.8,194300
MKTX,20101209,18.86,18.86,18.45,18.74,97300
MLAB,20101209,26.4,26.4,26.23,26.25,7500
MLHR,20101209,23.74,23.74,23.19,23.43,440200
MLVF,20101209,6.28,6.28,6,6.14,19600
MMLP,20101209,36.89,37.31,36.89,37.13,23200
MMSI,20101209,11.912,12.08,11.912,12,298900
MMYT,20101209,25.71,25.86,23.91,24.22,495500
MNDO,20101209,2.33,2.4,2.31,2.36,26500
MNKD,20101209,33.85,36.35,33.85,36.05,3445000
MNOV,20101209,5.16,5.16,4.8,5.02,3400
MNRO,20101209,35.2933,35.3333,34.6933,35.08,124200
MNST,20101209,8.515,8.55,8.3483,8.35,1042800
MNTX,20101209,3.42,3.44,3.39,3.43,9700
MOFG,20101209,15.06,15.28,15.06,15.28,8800
MORN,20101209,51.84,52.42,51.52,52.15,46000
MOSY,20101209,936,944,930,938,72100
MOVE,20101209,11.4,11.4,11,11.04,729400
MPAA,20101209,12.65,12.98,12.44,12.69,48500
MPAC,20101209,4.99,4.99,4.87,4.93,1000
MPB,20101209,7.25,7.25,7.25,7.25,0
MPWR,20101209,17.92,18,17.4,17.44,284300
MRCY,20101209,19.66,19.7,19.34,19.56,85600
MRLN,20101209,10.82,10.94,10.8,10.92,13500
MRNA,20101209,1.62,1.62,1.56,1.62,86800
MRTN,20101209,10.1467,10.2222,10.1155,10.1822,59500
MRVL,20101209,20.28,20.28,19.73,19.75,8165500
MSEX,20101209,17.99,18.2,17.87,18.12,41700
MSFT,20101209,27.28,27.34,27.01,27.08,47148200
MSON,20101209,2.39,2.52,2.23,2.43,3900
MSTR,20101209,88.86,88.86,87.42,88.31,79800
MTEX,20101209,17.3,17.5,16.3,17.4,65500
MTRX,20101209,11.08,11.22,10.89,11.18,81400
MU,20101209,8.33,8.33,8.1,8.19,30062400
MVIS,20101209,15.12,15.12,14,14.24,1798400
MYGN,20101209,22.2,22.29,21.76,21.96,647400
MYRG,20101209,18.3,18.33,18.11,18.25,89800
NAII,20101209,6.76,6.85,6.71,6.84,25300
NATH,20101209,16.16,16.18,16.05,16.06,7300
NATI,20101209,24,24.1,23.88,23.9267,202300
NATR,20101209,8.49,8.75,8.33,8.72,19700
NAVI,20101209,3.48,3.66,3.48,3.57,51200
NBIX,20101209,7.85,7.85,7.62,7.66,312000
NBN,20101209,15,15,15,15,0
NBTB,20101209,23.7,23.7,23.42,23.49,94000
NCMI,20101209,19.16,19.69,19.01,19.59,177600
NCTY,20101209,194.4,195.9,191.4,192.3,12600
NDAQ,20101209,22.78,22.85,22.51,22.63,2265200
NDSN,20101209,43.665,43.925,42.815,42.885,250900
NECB,20101209,5.89,5.89,5.86,5.86,3000
NEOG,20101209,19.59,19.72,19.385,19.495,84200
NEPT,20101209,2.31,2.35,2.11,2.17,28600
NEWT,20101209,7.35,7.45,7.35,7.45,15300
NFBK,20101209,12.9,12.99,12.7,12.98,39000
NFLX,20101209,27.1429,27.4486,26.5129,27.2929,6762100
NICE,20101209,32.24,32.73,32.1,32.33,352800
NICK,20101209,9.84,9.86,9.81,9.81,1500
NKSH,20101209,27.58,27.94,27.47,27.94,13300
NKTR,20101209,13.59,13.74,13.47,13.69,334100
NLTX,20101209,0.5,0.51,0.49,0.49,38200
NNBR,20101209,10,10,9.54,9.7,93700
NRIM,20101209,18.7,18.75,18.38,18.38,1500
NSEC,20101209,12.05,12.05,12,12,800
NSIT,20101209,13.66,13.84,13.5,13.56,262100
NSSC,20101209,1.59,1.64,1.56,1.64,7200
NSYS,20101209,3.98,3.98,3.98,3.98,0
NTAP,20101209,55.25,55.37,54.29,54.55,4208500
NTCT,20101209,23.37,23.37,22.89,23.01,304500
NTES,20101209,7.63,7.63,7.406,7.496,642600
NTGR,20101209,33.67,34.11,33.58,33.92,321200
NTIC,20101209,6.515,6.525,6.5,6.5,2200
NTRS,20101209,52.76,53.72,52.61,53.6,2535600
NTWK,20101209,14.7,14.9,14.4,14.5,278300
NUAN,20101209,18.26,18.49,18.16,18.16,2147500
NURO,20101209,103.68,103.68,101.76,103.68,23300
NUVA,20101209,22.54,22.68,22.15,22.25,721900
NVAX,20101209,45,45.4,44.2,45.4,425100
NVDA,20101209,3.6875,3.74,3.635,3.715,23562000
NVEC,20101209,54.04,54.06,53.67,53.79,13400
NVMI,20101209,7.71,7.75,7.5,7.57,187900
NWBI,20101209,11.19,11.31,11.12,11.28,926400
NWFL,20101209,28,28,28,28,0
NWLI,20101209,167.03,172.5,166.19,172.5,3200
NWPX,20101209,23.3,23.33,22.94,23.11,55600
NWS,20101209,16.17,16.26,16.01,16.07,778400
NWSA,20101209,14.37,14.45,14.22,14.3,5985400
NXPI,20101209,18.78,20.43,18.78,19.13,1187500
NXST,20101209,5.68,5.79,5.56,5.78,24600
NYMT,20101209,6.4,6.49,6.4,6.49,21900
NYMX,20101209,4.17,4.24,4.14,4.24,73100
OBAS,20101209,7.4,7.4,7.2,7.2,1000
OBCI,20101209,1.73,1.82,1.72,1.8,22300
OCFC,20101209,12.83,12.9,12.64,12.83,32400
ODFL,20101209,20.68,20.6933,20.38,20.4133,363100
OFIX,20101209,27.67,28.08,27.55,28.02,101100
OFLX,20101209,16.57,16.57,15.93,16.35,3500
OIIM,20101209,6.24,6.31,6.14,6.15,70100
OMAB,20101209,15.58,15.58,15.3,15.5,29500
OMCL,20101209,13.95,13.95,13.67,13.74,113700
OMER,20101209,8.29,8.29,8.06,8.17,46100
OMEX,20101209,24.36,24.48,23.76,23.88,63200
ONCY,20101209,5.77,6.1,5.77,6.1,140900
ONEQ,20101209,103.49,103.63,103,103.46,11400
OPEN,20101209,72.86,73.37,70.29,71.86,572100
OPHC,20101209,142,165.2,140,140,2000
OPNT,20101209,26.31,26.31,25.82,26.02,118900
OPOF,20101209,10.72,11.29,10.72,10.94,3100
ORLY,20101209,61.4,61.54,60.53,61.54,1271300
ORRF,20101209,27.11,27.11,26.93,27.09,12000
OSBC,20101209,1.95,1.99,1.83,1.93,87700
OSIS,20101209,35.6,35.7,34.43,35.01,88600
OSTK,20101209,16.39,16.41,16.2,16.36,69900
OSUR,20101209,5.29,5.29,5.15,5.16,95800
OTEX,20101209,11.3775,11.4325,11.3175,11.36,266500
OTTR,20101209,21.52,21.56,21.17,21.51,91000
OVBC,20101209,19.57,19.57,19.15,19.2,1300
OVLY,20101209,5.55,5.55,5.55,5.55,0
PAAS,20101209,39.1,39.42,38.65,38.82,1297400
PACB,20101209,12.93,13.08,12.93,13,75400
PACW,20101209,19.5,19.99,19.35,19.81,406700
PANL,20101209,29.26,29.34,28.93,29.23,427100
PATK,20101209,0.8533,0.8711,0.8533,0.8711,500
PAYX,20101209,29.99,30.29,29.95,30.02,3518300
PBCT,20101209,13.52,13.58,13.26,13.45,6566500
PBHC,20101209,7.75,7.75,7.75,7.75,0
PBIP,20101209,6.1,6.1,6.09,6.09,1100
PCAR,20101209,56.07,56.28,55.68,56.24,2597800
PCTI,20101209,6.28,6.28,6.12,6.25,32900
PCYO,20101209,3.72,4.17,3.64,4.15,46300
PDCO,20101209,29.71,30.02,29.53,29.61,938300
PDEX,20101209,2.1,2.12,2.09,2.1,14000
PDFS,20101209,4.39,4.58,4.28,4.45,135800
PEBK,20101209,5.1,5.14,4.56,4.95,9200
PEBO,20101209,15.08,15.08,14.61,14.88,40300
PEGA,20101209,17.505,17.58,17.32,17.555,211800
PENN,20101209,35.84,36.59,35.74,36.1,700200
PESI,20101209,7.1,7.35,7.1,7.2,24100
PETS,20101209,18.06,18.14,17.85,18.08,93400
PFBC,20101209,1.56,1.62,1.56,1.61,189700
PFIN,20101209,3.09,3.09,3.05,3.05,300
PFSW,20101209,3.85,3.93,3.78,3.79,64700
PGC,20101209,12.98,12.98,12.69,12.85,10500
PKBK,20101209,8.5909,8.6818,8.5545,8.6455,1700
PKOH,20101209,21.55,21.9,21.43,21.6,102900
PLAB,20101209,6.93,6.96,6.84,6.95,414300
PLBC,20101209,2.21,2.21,2.1,2.1,3800
PLCE,20101209,52.39,52.64,51.71,52.21,312400
PLPC,20101209,49.76,52.74,49.51,52.1,40000
PLUG,20101209,0.37,0.38,0.37,0.37,425700
PLUS,20101209,11.775,11.83,11.6,11.64,11400
PLXS,20101209,28.5,28.76,28.3,28.54,272500
PMD,20101209,7.57,7.7,7.57,7.7,20700
PNBK,20101209,21.6,22,20.5,20.5,4400
PNFP,20101209,11.45,11.6,11.38,11.48,184400
PNNT,20101209,12.47,12.66,12.39,12.44,313800
PNQI,20101209,35.84,35.85,35.71,35.82,2600
PNRG,20101209,20.65,20.65,19.68,19.87,1200
PODD,20101209,14.46,14.57,14,14.48,358300
POOL,20101209,22.28,22.35,21.44,22.3,216200
POWI,20101209,20.52,20.57,20.275,20.5,258900
POWL,20101209,32.29,32.39,31.4,32.02,171100
PPBI,20101209,5.92,6.19,5.79,6.14,5200
PRAA,20101209,23.2333,23.4067,23.13,23.2267,78600
PRFT,20101209,11.79,11.98,11.7,11.95,80500
PRFZ,20101209,63.54,63.54,63.07,63.32,31500
PRGS,20101209,27.32,27.38,27.1533,27.2867,195900
PRIM,20101209,9.21,9.21,9.03,9.16,71200
PROV,20101209,6.9,6.9,6.8,6.8,6000
PRPH,20101209,1.11,1.15,1.06,1.06,11500
PRTS,20101209,8.86,9.03,8.84,9,212000
PSEC,20101209,10.15,10.19,10.13,10.17,667300
PSMT,20101209,39.3,39.93,38.38,38.66,164900
PSTI,20101209,15.5,15.5,14.7,15.2,76300
PTEN,20101209,22.03,22.29,21.67,21.88,1830200
PTIX,20101209,1.69,1.71,1.66,1.68,8500
PTNR,20101209,20.58,20.58,20.36,20.44,131300
PTSI,20101209,11.38,12.64,11.27,12.4,15400
PWOD,20101209,26.7333,26.92,26.5333,26.5933,7400
PXLW,20101209,3.79,3.93,3.68,3.85,89900
PZZA,20101209,13.105,13.125,12.93,13.035,90100
QABA,20101209,23.79,23.93,23.79,23.93,4000
QCLN,20101209,16.85,16.86,16.75,16.85,3400
QCOM,20101209,49.15,49.29,48.71,49.08,8862500
QCRH,20101209,8.2,8.22,8.2,8.22,300
QDEL,20101209,13.77,13.8,13.52,13.53,87100
QNST,20101209,21.2,21.38,20.62,20.83,696900
QQEW,20101209,23.68,23.73,23.62,23.66,33500
QQQ,20101209,54.41,54.44,53.95,54.13,51679700
QQQX,20101209,14.65,14.75,14.39,14.45,65600
QQXT,20101209,20.99,20.99,20.86,20.93,2400
QTEC,20101209,26.06,26.06,25.78,25.87,107700
QUIK,20101209,84.84,85.82,83.72,84.84,276300
RADA,20101209,4.5,4.66,4.5,4.56,1200
RAIL,20101209,28.11,28.28,28.02,28.08,73800
RAM,20101209,1.79,1.8,1.77,1.79,185800
RAND,20101209,29.25,29.25,29.25,29.25,100
RAVN,20101209,23.23,23.375,22.745,22.93,38300
RBCAA,20101209,22.17,22.21,21.71,22.07,21800
RBCN,20101209,237.4,239.9,232.2,234.5,480100
RCII,20101209,29.58,29.75,29.25,29.61,623500
RCKY,20101209,9.81,9.9,9.66,9.83,14000
RCMT,20101209,4.56,4.68,4.41,4.53,73600
RCON,20101209,24.55,24.95,24.45,24.45,1700
RDCM,20101209,8.91,9.61,8.91,9.34,51600
RDI,20101209,5.09,5.09,4.98,5.05,22300
RDIB,20101209,8.88,8.88,8.88,8.88,100
RDNT,20101209,2.55,2.57,2.52,2.55,19600
RDWR,20101209,18.82,20.05,18.675,19.76,1485000
REED,20101209,2.07,2.07,1.99,1.99,18300
REFR,20101209,4.8,5.02,4.8,4.9,70000
REGN,20101209,30.2,30.24,29.95,30.1,585200
RELL,20101209,11.3,11.3,11.1,11.13,57000
RENT,20101209,27.45,28.59,27.09,28.56,47100
RFIL,20101209,3.16,3.16,3.16,3.16,0
RGCO,20101209,10.4333,10.4333,10.4333,10.4333,0
RGEN,20101209,3.9,4,3.88,3.94,51500
RGLD,20101209,52.49,53.24,52.49,53.03,320500
RICK,20101209,7.25,7.25,7.17,7.22,41800
RIGL,20101209,8.04,8.04,7.88,7.89,159300
RMBS,20101209,20.85,20.95,20.69,20.77,887500
RMCF,20101209,9.52,9.6,9.5,9.5,9500
RMTI,20101209,8.04,8.15,7.85,8.15,15600
RNST,20101209,17.39,17.39,17.18,17.19,57600
RNWK,20101209,3.93,3.93,3.78,3.88,488300
ROCK,20101209,10.9,11.04,10.79,10.97,212000
ROIC,20101209,10.14,10.14,10.05,10.05,188500
ROLL,20101209,37.97,37.97,36.53,37.04,125700
ROST,20101209,16.125,16.4125,16.0725,16.3925,1391200
RPRX,20101209,1.29,1.38,1.27,1.31,83600
RRGB,20101209,20.71,20.79,20.11,20.18,123200
RUSHA,20101209,13.8667,13.8667,13.3733,13.3733,165500
RUSHB,20101209,13.0733,13.0733,12.8133,12.8133,2900
RUTH,20101209,4.99,5.05,4.88,4.91,187100
RVSB,20101209,2.38,2.39,2.2,2.35,44300
RYAAY,20101209,30.65,30.65,30.05,30.42,562500
SAFM,20101209,41.89,42.33,41.71,42.2,211900
SAFT,20101209,47.59,47.68,46.82,46.85,53400
SAIA,20101209,10.6467,11.0533,10.5067,10.7267,146500
SALM,20101209,3.2,3.2,3.13,3.14,11800
SANM,20101209,11.49,11.49,11.12,11.18,932700
SANW,20101209,3.03,3.05,3,3,12600
SASR,20101209,18.1,18.11,17.58,17.98,51000
SATS,20101209,16.7781,16.8431,16.5831,16.7538,108600
SBAC,20101209,39.79,39.9,39.4,39.76,944700
SBCF,20101209,6.2,6.35,6.2,6.3,138300
SBGI,20101209,8.19,8.2,8.06,8.08,300800
SBLK,20101209,224.25,225,216.75,218.25,228800
SBNY,20101209,46.43,46.93,46.19,46.7,171200
SBRA,20101209,17.75,17.75,17.31,17.35,188800
SBSI,20101209,20.4762,20.4762,20.1905,20.2571,35800
SBUX,20101209,16.35,16.4,16.08,16.2,5860800
SCHL,20101209,30.69,30.76,30.3,30.56,136100
SCHN,20101209,60.95,61.62,60.43,61.28,273900
SCKT,20101209,2.12,2.12,2.12,2.12,100
SCOR,20101209,23.67,23.7,23.26,23.28,158100
SCSC,20101209,32.35,32.35,31.68,31.75,115800
SCVL,20101209,19.8933,19.8933,19.3933,19.5067,37000
SEAC,20101209,8.51,8.51,8.34,8.37,210800
SEED,20101209,94.4,95.6,93,95,287800
SEIC,20101209,23.8,23.97,23.7,23.88,776600
SENEA,20101209,24.7,24.72,24.33,24.45,23300
SENEB,20101209,24.44,24.44,24.44,24.44,200
SFNC,20101209,14.625,14.625,14.47,14.58,24600
SFST,20101209,6.24,6.24,6.24,6.24,0
SGC,20101209,9.78,9.79,9.5,9.5,8700
SGEN,20101209,15.25,15.31,14.97,15.29,474100
SGMA,20101209,5.51,5.79,5.47,5.6,11600
SGMO,20101209,5.73,5.85,5.56,5.58,374800
SGMS,20101209,9.49,9.49,8.9,9.19,1082800
SGRP,20101209,0.97,0.97,0.97,0.97,0
SHBI,20101209,9.47,9.63,9.47,9.54,13700
SHEN,20101209,9.6,9.6,9.5,9.535,45000
SHIP,20101209,1236,1236,1212,1236,132300
SHIPW,20101209,0.02,0.03,0.02,0.02,39400
SHOO,20101209,14.0681,14.1303,13.5111,13.7867,455900
SHY,20101209,83.96,83.98,83.9,83.93,1132600
SIEB,20101209,1.87,1.87,1.87,1.87,0
SIFY,20101209,1.91,2.1,1.86,2.1,483400
SIGA,20101209,12.74,12.75,12.6,12.65,173500
SIGI,20101209,17.84,17.84,17.6,17.72,91100
SILC,20101209,16.39,17.29,16.21,16.89,38200
SIMO,20101209,4.06,4.06,3.95,4,75900
SINO,20101209,11.8,11.9,11.8,11.9,700
SIRI,20101209,1.41,1.44,1.36,1.39,188146500
SIVB,20101209,50.61,51.13,50.03,50.7,739800
SKYW,20101209,16.54,16.54,16.21,16.26,246000
SLAB,20101209,46.73,47.01,46.49,46.99,581000
SLGN,20101209,17.375,17.375,17.145,17.235,296300
SLP,20101209,2.67,2.89,2.66,2.66,14700
SLRC,20101209,25.07,25.07,24.57,24.69,191300
SMBC,20101209,8.31,8.31,7.925,8.055,1200
SMCI,20101209,11.87,11.88,11.62,11.79,122800
SMED,20101209,4.48,4.52,4.33,4.34,47500
SMIT,20101209,3,3.1,3,3,3000
SMMF,20101209,4.75,4.77,4.7,4.7,1500
SMSI,20101209,61.04,61.04,58.96,59.44,227700
SMTC,20101209,24.12,24.2,23.83,23.97,517200
SNCR,20101209,27.47,27.59,27.02,27.24,124500
SNFCA,20101209,1.82,1.82,1.82,1.82,100
SNPS,20101209,26.49,26.68,26.49,26.56,722800
SOHU,20101209,76,78.5,75.6,77.91,1062300
SONO,20101209,31.67,31.96,31.4,31.66,41000
SOXX,20101209,56.74,56.75,56.38,56.57,33300
SPBC,20101209,8.98,8.98,8.98,8.98,0
SPNS,20101209,2.43,2.43,2.4,2.4,7400
SPPI,20101209,5.44,5.57,5.28,5.54,843700
SPRO,20101209,2.29,2.32,2.29,2.29,2100
SPSC,20101209,13.55,14.23,13.55,14.12,64900
SPTN,20101209,17.24,17.28,16.87,17.03,66000
SQQQ,20101209,40422.4,41382.4,40320,40985.6,279200
SRCE,20101209,20,20.1,19.83,20.05,41900
SRCL,20101209,77.25,77.99,76.73,77.78,408300
SRDX,20101209,9.88,9.88,9.62,9.64,77500
SSBI,20101209,6.25,6.4,6.25,6.4,13700
SSNC,20101209,21,21,20.31,20.45,45600
SSYS,20101209,33.45,33.45,32.85,33.24,109900
STAA,20101209,5.59,5.65,5.52,5.65,71300
STBA,20101209,22.35,22.52,22.09,22.24,61400
STFC,20101209,16.62,16.62,16.3,16.52,17200
STKL,20101209,7.28,7.66,7.22,7.51,428500
STLD,20101209,16.85,17.08,16.58,16.75,4574300
STRA,20101209,142.26,146.55,140.25,146.19,156200
STRC,20101209,4.29,4.71,4.27,4.66,17700
STRL,20101209,13.83,13.83,13.55,13.58,35500
STRM,20101209,1.8,1.8,1.63,1.7,58100
STRN,20101209,7,7,6.76,6.94,500
STRS,20101209,9.08,9.08,9.08,9.08,0
STRT,20101209,34.5,34.89,34.34,34.35,10900
STSA,20101209,15.18,15.18,15.18,15.18,0
STX,20101209,15.17,15.26,15,15.14,6820300
SUMR,20101209,64.98,66.78,63.63,66.69,62200
SURG,20101209,4.38,4.5,4.23,4.5,131600
SVBI,20101209,3.18,3.2,2.95,3,10400
SWIR,20101209,11.11,11.11,10.88,11.06,172300
SWKS,20101209,27.64,27.73,27.43,27.73,2169500
SYBT,20101209,16.2933,16.4733,16.0267,16.3867,18300
SYNA,20101209,30.15,30.15,29.95,30.05,593700
SYNL,20101209,10.45,10.5,9.91,10.38,11900
SYPR,20101209,3.42,3.52,3.32,3.38,8200
TACT,20101209,9.19,9.52,9.15,9.52,23700
TAIT,20101209,1.3,1.3,1.22,1.22,1900
TAST,20101209,7.37,7.38,7.31,7.33,26500
TATT,20101209,5.68,5.68,5.56,5.58,300
TAYD,20101209,4.93,4.99,4.9,4.9,1900
TBBK,20101209,9.21,9.48,9.18,9.37,76600
TBNK,20101209,19.38,19.38,19.21,19.34,22900
TCBI,20101209,21,21.21,20.89,21.06,190200
TCBK,20101209,14.87,14.91,14.5,14.86,28700
TCX,20101209,2.84,2.92,2.8,2.88,67200
TEAM,20101209,8.33,8.35,8.33,8.33,1800
TECH,20101209,61.66,61.99,61.01,61.37,94100
TESS,20101209,15.9,15.96,15.82,15.87,6700
TFSL,20101209,8.31,8.32,8.23,8.25,734400
TGA,20101209,17.66,18.2,17.18,17.53,854100
THFF,20101209,33.61,34.13,33.31,33.9,24000
THRX,20101209,26.61,26.99,26.19,26.44,341900
TIGR,20101209,4.65,4.7,4.65,4.68,2100
TITN,20101209,22.36,22.47,18.67,19.61,1335700
TLT,20101209,93.6,94.27,92.73,93.72,17477300
TNDM,20101209,15.8,15.8,15.16,15.28,252500
TOPS,20101209,5880000,5950000,5670000,5740000,12800
TOWN,20101209,16,16,15.79,15.93,35600
TQQQ,20101209,3.054,3.0546,2.9792,3.0069,261100
TREE,20101209,7.78,8.05,7.74,8.03,84500
TRIB,20101209,8.5,8.73,8.48,8.49,154100
TRIT,20101209,10.51,10.64,10.14,10.23,53500
TRMB,20101209,20.445,20.515,20.25,20.51,452300
TRMD,20101209,74.2,74.8,73.4,73.7,15400
TRMK,20101209,23.9,24.17,23.81,24.06,297400
TRNS,20101209,7.79,7.86,7.79,7.86,700
TROW,20101209,62.22,62.68,61.67,62.44,1879200
TRS,20101209,22.3,22.48,21.97,21.98,267100
TRST,20101209,5.95,6.02,5.83,5.99,281000
TRUE,20101209,0.99,1,0.95,1,18700
TSBK,20101209,3.45,3.53,3.2,3.44,8200
TSCO,20101209,23.19,23.48,23.01,23.405,607300
TSEM,20101209,21.3,21.45,20.7,20.85,650700
TSLA,20101209,6.502,6.544,6.33,6.41,405900
TTEC,20101209,21.31,21.31,20.98,20.99,148000
TTEK,20101209,24.98,24.98,24.44,24.79,406100
TTGT,20101209,6.03,6.03,5.98,5.99,33800
TTMI,20101209,14.45,14.63,14.19,14.51,472900
TTWO,20101209,12.12,12.32,11.99,12.05,1256600
TW,20101209,52.18,52.18,49.88,51.72,247500
TWIN,20101209,28,28.48,27.41,28.19,40300
TXN,20101209,33.88,33.93,33.57,33.74,9768400
TXRH,20101209,18.19,18.23,17.77,17.89,624800
TZOO,20101209,44,44.67,42.66,43.81,144700
UBCP,20101209,8.04,8.08,8,8,1800
UBFO,20101209,3.77,3.83,3.68,3.68,25500
UBOH,20101209,9.91,9.93,9.79,9.8,3200
UBSI,20101209,27.95,28.13,27.35,27.58,278500
UCBI,20101209,1.94,2.06,1.94,2,997800
UCTT,20101209,9.04,9.24,8.99,9.19,194900
UEIC,20101209,28.61,28.7,28.17,28.57,28000
UEPS,20101209,12.3,12.37,12.05,12.1,272800
UFCS,20101209,22.04,22.04,21.31,21.57,74700
UFPI,20101209,36.34,36.44,35.83,36.28,64100
UFPT,20101209,11.88,12.02,11.68,11.95,24000
UG,20101209,15.33,15.33,13.86,14.9,31500
UHAL,20101209,105.19,105.19,103.02,103.73,32700
ULBI,20101209,6.91,7.05,6.91,6.99,70200
ULTA,20101209,35.31,35.35,33.73,34.76,650200
UMBF,20101209,40.51,40.84,40.14,40.62,107200
UMPQ,20101209,11.36,11.71,11.24,11.67,781200
UNAM,20101209,9.49,9.49,9.49,9.49,0
UNB,20101209,17.76,17.95,17.76,17.94,500
UNTY,20101209,5.95,5.98,5.9,5.9,800
URBN,20101209,38.4,38.47,37.54,37.63,2723000
USAK,20101209,13.68,13.8,13.56,13.78,7100
USAP,20101209,32.98,33.48,32.85,32.93,20400
USEG,20101209,309,313.2,307.2,312,123300
USLM,20101209,40.49,40.51,40.05,40.39,3400
UTHR,20101209,62.12,62.19,60.94,62.02,568800
UTMD,20101209,27.85,27.98,27.85,27.85,2100
UTSI,20101209,5.91,6.06,5.79,5.82,557300
UVSP,20101209,19.44,19.75,19.23,19.63,18000
VALU,20101209,15,15.35,14.76,14.76,11700
VBFC,20101209,26.56,26.56,26.08,26.08,3900
VCIT,20101209,78.8,79.29,78.79,78.95,90200
VCLT,20101209,77.26,77.52,76.13,76.95,19700
VCSH,20101209,77.31,77.38,77.25,77.31,87700
VECO,20101209,46.55,46.55,45.61,46.32,1097100
VGIT,20101209,61.92,61.92,61.7,61.82,5500
VGLT,20101209,60.22,60.51,59.93,60.26,4800
VGSH,20101209,60.66,60.66,60.57,60.6,11400
VIA,20101209,46.3,46.44,45.61,45.77,10500
VICR,20101209,17.69,17.85,17.33,17.35,121400
VIRC,20101209,2.57,2.78,2.48,2.57,23600
VIVO,20101209,23.43,23.62,23.28,23.58,153600
VLGEA,20101209,32.87,32.87,32,32.48,22200
VMBS,20101209,50.87,51.06,50.84,50.85,12400
VNDA,20101209,8.13,8.22,8.09,8.11,102700
VNQI,20101209,49.39,49.39,49.01,49.22,16300
VOD,20101209,26.17,26.2,25.81,25.93,4169900
VONE,20101209,56.35,56.35,56.15,56.31,6100
VONG,20101209,58.13,58.13,57.65,57.65,5000
VONV,20101209,54.82,54.92,54.61,54.78,2700
VOXX,20101209,7.55,7.56,7.41,7.5,114500
VRA,20101209,36.19,36.85,35.2,36.22,223400
VRNT,20101209,33.7,34.98,33.65,34.14,124300
VRSK,20101209,33.5,33.5,33.32,33.41,867400
VRSN,20101209,35.33,35.37,34.81,35.03,1365800
VRTS,20101209,49.25,50.12,48.96,50.12,45800
VRTX,20101209,32.58,33.24,32.08,33.17,2639700
VSAT,20101209,43.4,43.93,43.19,43.86,129600
VSEC,20101209,16.575,16.695,16.075,16.68,9100
VTHR,20101209,56.74,56.74,56.51,56.65,20000
VTWG,20101209,62.34,62.34,61.76,62.15,17900
VTWO,20101209,60.79,60.79,60.4,60.59,38600
VTWV,20101209,59.29,59.29,58.94,59.21,24600
WABC,20101209,53.9,54.03,53.53,53.77,190200
WAFD,20101209,15.43,15.81,15.38,15.8,1008000
WASH,20101209,22.27,22.33,21.51,22.2,26700
WDC,20101209,35.22,35.23,34.74,35.08,1955600
WDFC,20101209,40.56,40.75,40.22,40.39,58400
WERN,20101209,23.08,23.16,22.8,22.97,421500
WEYS,20101209,24.26,24.93,24.26,24.91,7900
WILC,20101209,6.63,6.65,6.58,6.65,17200
WINA,20101209,33.22,33.3,33,33.11,7600
WIRE,20101209,25,25.18,24.89,25.13,56000
WLDN,20101209,3.94,4,3.74,4,28900
WLFC,20101209,13.02,13.15,12.97,13.04,12700
WOOD,20101209,44.92,44.92,44.47,44.67,4200
WOOF,20101209,23.31,23.46,22.99,23.1,547400
WPRT,20101209,19.56,19.82,19.22,19.72,334700
WRLD,20101209,49.94,49.94,49.52,49.87,150200
WSBC,20101209,18.89,19.14,18.55,19.03,53800
WSBF,20101209,3.51,3.58,3.51,3.57,10200
WSFS,20101209,15.46,15.5767,15.31,15.3333,105900
WSTG,20101209,11.52,11.63,11.32,11.36,2800
WTBA,20101209,7.88,7.88,7.31,7.77,56800
WTFC,20101209,30.06,30.06,29.52,29.97,976400
WVFC,20101209,9.6,9.6,9.45,9.45,1800
WVVI,20101209,3.46,3.54,3.46,3.46,3200
WYNN,20101209,101.81,103.49,101.21,101.36,1717000
XLNX,20101209,29,29,28.45,28.5,3919700
XOMA,20101209,47,47.2,46,47,211200
XRAY,20101209,32.75,32.89,32.52,32.7,533200
XRTX,20101209,202.08,202.08,194.64,195.96,271800
YORW,20101209,17.47,17.59,17.21,17.55,45800
ZBRA,20101209,38.77,38.95,38.45,38.69,172800
ZEUS,20101209,25.63,25.63,25.09,25.47,51700
ZGNX,20101209,49.92,49.92,45.2,47.84,84400
ZION,20101209,22.65,23.46,22.55,23.15,6774500
ZIOP,20101209,4.36,4.5,4.32,4.43,248800
ZIXI,20101209,4.18,4.3,4.14,4.27,370900
ZUMZ,20101209,30.14,30.29,29.63,29.85,205600
