AAME,20100406,1.48,1.5,1.46,1.5,3800
AAON,20100406,6.7733,6.8267,6.6963,6.7497,25000
AAPL,20100406,8.5072,8.58,8.4643,8.555,15964800
AAWW,20100406,52.34,52.45,51.41,51.81,304500
AAXJ,20100406,58.7,59.06,58.48,58.9,195900
ABCB,20100406,9.5,9.86,9.4,9.55,17800
ABIO,20100406,3870.72,4180.68,3636.36,3855.6,2410300
ABMD,20100406,10.17,10.2,9.88,9.93,492100
ACAD,20100406,1.57,1.6,1.55,1.59,211800
ACET,20100406,6.17,6.3,6.14,6.29,45000
ACGL,20100406,8.3156,8.3156,8.2222,8.2822,528500
ACIW,20100406,6.9433,7.04,6.8933,6.9867,117000
ACLS,20100406,8,8.2,7.68,7.96,713200
ACMR,20100406,3.2,3.28,3.19,3.25,83300
ACOR,20100406,36.11,36.65,35.65,36.57,525800
ACTG,20100406,11.04,11.21,10.65,11.14,219000
ACWI,20100406,44.11,44.53,44.01,44.52,612500
ACWX,20100406,42.37,42.65,42.22,42.65,37700
ADBE,20100406,35.56,35.93,35.55,35.7,4211300
ADES,20100406,3.925,4.155,3.9,4.01,27100
ADI,20100406,29.34,29.45,28.98,29.29,2423900
ADP,20100406,38.9465,39.0079,38.7182,38.8849,3885900
ADPT,20100406,3.23,3.27,3.22,3.27,208700
ADRE,20100406,45.27,45.65,45.19,45.48,75900
ADSK,20100406,30.3,31,29.94,30.91,5373700
ADTN,20100406,27,27.31,26.9,27.27,896000
ADUS,20100406,5.62,5.74,5.59,5.7,61200
AEHR,20100406,2.29,2.48,2.29,2.41,40500
AEIS,20100406,15.91,16.08,15.82,16.03,204000
AEY,20100406,2.23,2.25,2.22,2.25,3300
AEZS,20100406,576,576,522,534,1218800
AGEN,20100406,0.7,0.73,0.7,0.73,343500
AGNC,20100406,26.22,26.26,26.04,26.26,437200
AGYS,20100406,11.78,11.89,11.49,11.66,43600
AHPI,20100406,3.92,3.95,3.81,3.95,900
AIMC,20100406,13.39,14.35,13.39,14.25,166700
AINV,20100406,38.91,39.84,38.85,39.66,1295200
AIRT,20100406,11.71,11.95,11.46,11.9,15800
AKAM,20100406,32.44,33,32.26,32.83,3259900
ALCO,20100406,25.95,26.09,25.51,25.96,6500
ALGN,20100406,19.9,20.03,18.18,18.44,4071400
ALGT,20100406,55,55.23,53.8,54.2,537900
ALKS,20100406,13.16,13.38,13.08,13.16,659500
ALLT,20100406,5.4,5.66,5.39,5.55,367700
ALNY,20100406,17,17.08,16.93,17,83500
ALOT,20100406,7.98,8,7.94,7.94,700
ALRN,20100406,0.73,0.73,0.73,0.73,0
ALTR,20100406,24.84,25.3,24.77,25.17,5521200
ALVR,20100406,40.7,40.7,40.2,40.5,168800
AMAT,20100406,13.43,13.56,13.39,13.48,16452400
AMD,20100406,9.44,9.49,9.18,9.35,18741700
AMED,20100406,57.53,57.94,57.01,57.43,377800
AMGN,20100406,60.25,60.49,59.84,60.29,3947100
AMKR,20100406,7.15,7.34,7.06,7.3,1260800
AMNB,20100406,19.9,19.9,19.76,19.85,600
AMOT,20100406,3.82,4.09,3.72,4.03,13900
AMPH,20100406,24.55,24.82,24.08,24.27,62500
AMPL,20100406,53.8,54,53.4,53.4,15800
AMRN,20100406,1.56,1.6,1.48,1.6,90500
AMSC,20100406,292.5,294,289,293.2,803100
AMSF,20100406,16.25,16.47,16.1,16.43,136100
AMSWA,20100406,5.89,6.03,5.85,5.96,73000
AMWD,20100406,19.96,20.27,19.55,20.12,5300
AMZN,20100406,131.23,136,131.18,135.56,7950400
ANAT,20100406,114.64,114.75,112.14,113.66,46200
ANDE,20100406,22.6533,22.9067,22.4467,22.4667,133600
ANGN,20100406,4.65,4.72,4.65,4.69,400
ANGO,20100406,15.46,15.69,15.39,15.42,64000
ANIK,20100406,7.08,7.08,6.9,7.06,22000
ANSS,20100406,43.91,44.45,43.52,44.28,415900
APAC,20100406,5.71,5.88,5.71,5.84,128900
APEI,20100406,46,46.43,45.83,45.95,70900
APOG,20100406,16.17,16.81,15.97,16.76,182600
ARAY,20100406,6.08,6.16,6.06,6.09,205300
ARCC,20100406,15.16,15.19,14.8,15.07,1836500
ARKR,20100406,13.26,13.38,13.26,13.35,15000
ARLP,20100406,22.065,22.19,21.875,22.11,127400
ARNA,20100406,32.2,32.4,32.1,32.2,966500
AROW,20100406,26.76,27.1,26.61,27.04,4500
ARRY,20100406,2.73,2.84,2.71,2.8,241400
ARTNA,20100406,17.99,18.25,17.96,18.11,7900
ARTW,20100406,6.36,6.5,6.27,6.5,30600
ARWR,20100406,1.06,1.13,1.06,1.11,400800
ASML,20100406,35.76,35.98,35.63,35.85,1223100
ASPS,20100406,22.31,24.58,22.2,24.26,760800
ASRV,20100406,2.3,2.33,2.11,2.13,36700
ASTC,20100406,3.35,3.41,3.21,3.26,97500
ASTE,20100406,30.15,30.51,29.51,29.58,220400
ASUR,20100406,1.5933,1.7,1.5933,1.6667,7600
ASYS,20100406,9.66,9.76,9.59,9.64,21500
ATAI,20100406,3.98,4.06,3.98,4.06,1200
ATAX,20100406,5.86,6.08,5.86,5.95,24700
ATEC,20100406,77.4,79.44,76.32,76.44,42100
ATHX,20100406,2.99,3,2.92,3,100700
ATLO,20100406,19.68,19.71,19.5,19.62,3100
ATNI,20100406,44.76,45.5,44.76,45.05,46000
ATRC,20100406,5.37,5.38,5.31,5.31,500
ATRI,20100406,145.81,148.88,145.81,148.88,600
ATRO,20100406,8.5,9.7167,8.4167,9.625,71700
ATSG,20100406,4.04,4.04,3.89,4,823400
ATVI,20100406,12,12.18,11.98,12.07,11981900
AUBN,20100406,20,20.95,19.96,20,1300
AUDC,20100406,4.03,4.12,4.03,4.08,53500
AVAV,20100406,25.12,25.34,24.99,25.18,173800
AVEO,20100406,91.7,92.5,90.9,92.3,18400
AVGO,20100406,20.05,20.83,20,20.68,235700
AVID,20100406,14.94,15.34,14.79,15.2,115600
AVNW,20100406,83.04,84.12,82.32,84.12,183600
AWRE,20100406,2.33,2.45,2.29,2.45,21600
AXTI,20100406,3.29,3.37,3.29,3.34,87200
AZPN,20100406,10.02,10.75,10.02,10.67,173500
BANF,20100406,42.31,43.2,41.93,43.19,6700
BANFP,20100406,25.76,25.76,25.76,25.76,0
BANR,20100406,29.75,33.53,28.98,33.32,699500
BBBY,20100406,44.79,44.99,44.43,44.62,3754400
BBGI,20100406,4.32,4.32,3.82,3.83,11900
BBSI,20100406,13.54,14.28,13.54,14.12,14300
BCBP,20100406,8.85,8.85,8.8,8.8,1000
BCPC,20100406,25.06,25.63,25.03,25.46,46400
BCRX,20100406,7.22,7.47,7.15,7.36,803200
BDSI,20100406,3.94,3.94,3.83,3.9,36800
BEAT,20100406,8.51,8.77,8.11,8.28,1606100
BECN,20100406,19.94,20.05,19.83,19.97,263700
BELFA,20100406,20.21,20.22,19.03,19.46,12300
BELFB,20100406,21.23,21.55,20.55,21.48,35000
BFIN,20100406,9.28,9.57,9.26,9.48,49900
BGCP,20100406,6.26,6.41,6.25,6.39,217100
BGFV,20100406,16.14,16.14,15.9,16.03,81600
BIDU,20100406,59.821,61.941,59.675,61.941,1675500
BIIB,20100406,52.8902,53.3231,52.752,52.9639,1422500
BIOC,20100406,135.6,136.5,135.3,135.3,2900
BITS,20100406,8.01,8.01,7.95,7.96,3400
BJRI,20100406,22.97,23.48,22.73,23.45,120500
BKCC,20100406,10.43,10.75,10.4,10.75,442700
BKSC,20100406,11.43,11.45,11.01,11.45,700
BLDP,20100406,2.67,2.71,2.63,2.63,293300
BLIN,20100406,307.5,320,302.5,302.5,6700
BLKB,20100406,25.44,25.55,25.32,25.5,70200
BMRC,20100406,16.47,16.74,16.47,16.7,3200
BMRN,20100406,24.57,24.82,24.52,24.69,421500
BMTC,20100406,18.46,18.75,18.44,18.74,12800
BNSO,20100406,1.2,1.27,1.1,1.27,2300
BOKF,20100406,51.42,53.66,51.42,53.21,114500
BOLT,20100406,11.01,11.49,11.01,11.2,66500
BOOM,20100406,16.09,16.31,16.04,16.14,94500
BOSC,20100406,5.56,6.68,5.56,5.64,23900
BPOP,20100406,30.6,31.3,29.7,31.3,26693300
BPOPM,20100406,17.47,17.47,17.47,17.47,0
BPOPN,20100406,19.11,19.11,19.11,19.11,100
BRID,20100406,12.92,12.98,12.83,12.93,1400
BRKL,20100406,10.59,10.92,10.56,10.92,176800
BRKR,20100406,14.9,14.93,14.58,14.71,472800
BRKS,20100406,8.8,8.94,8.75,8.93,201200
BRLI,20100406,21.9,21.98,21.815,21.89,57500
BSET,20100406,6.11,6.22,5.91,6.13,17800
BSQR,20100406,2.4,2.48,2.4,2.45,6500
BSRR,20100406,12.71,12.98,12.71,12.98,6400
BUSE,20100406,4.59,4.83,4.51,4.77,138900
BWEN,20100406,45.2,45.3,44.1,44.6,316600
BYFC,20100406,5.52,5.68,5.5,5.56,9200
CAAS,20100406,23.67,23.8,22.8,22.95,435800
CAC,20100406,32.83,33.69,32.79,33.69,6400
CACC,20100406,44.71,45.25,43.85,44.17,54200
CAKE,20100406,27.48,27.69,27.32,27.6,897300
CALM,20100406,17.24,17.86,17.09,17.525,243700
CAMP,20100406,3.2,3.4,3.16,3.36,336100
CAMT,20100406,2.99,3.07,2.99,3.04,9800
CARV,20100406,8.7,8.7,8.7,8.7,0
CASA,20100406,2.5,2.5,2.4,2.4,3400
CASH,20100406,8.48,8.9333,8.48,8.92,4900
CASS,20100406,32.02,32.67,31.94,32.56,8900
CASY,20100406,31.84,32.07,31.71,31.87,340400
CATY,20100406,11.9,12.7,11.86,12.65,1150100
CBAN,20100406,7.09,7.9,6.7,7.71,87200
CBNK,20100406,12.5,12.77,12.47,12.77,6500
CBRL,20100406,47.92,48.67,47.63,48.45,308700
CBSH,20100406,40.88,41.75,40.75,41.67,246300
CCBG,20100406,14.51,14.64,14.38,14.62,52900
CCMP,20100406,38.03,38.46,37.43,38.43,71600
CCNE,20100406,15.32,15.69,15.32,15.5,7000
CCOI,20100406,10.14,10.26,10.09,10.13,212900
CCRN,20100406,10.16,10.61,10.07,10.31,107900
CDNS,20100406,7.03,7.03,6.7,6.76,4995700
CDZI,20100406,12.6,12.64,12.42,12.56,22300
CECE,20100406,3.88,3.88,3.6,3.82,72700
CELH,20100406,3.6,3.81,3.5,3.81,77800
CENT,20100406,10,10.05,9.95,10.02,327700
CENTA,20100406,9.25,9.45,9.25,9.35,156500
CENX,20100406,15.38,16.44,15.25,16.35,6418200
CERN,20100406,21.4375,21.725,21.395,21.5125,493500
CERS,20100406,3.3,3.35,3.06,3.07,1167200
CEVA,20100406,11.32,11.65,11.18,11.48,149600
CFBK,20100406,32.725,32.725,32.725,32.725,0
CFFI,20100406,19.99,20,19.99,20,200
CFFN,20100406,37.93,38.21,37.87,38.11,95000
CGEN,20100406,5.27,5.3,5.15,5.24,205700
CGNX,20100406,4.73,4.7675,4.6925,4.7575,75600
CHCI,20100406,0.96,1.03,0.91,1,162700
CHCO,20100406,34.6,36,34.6,35.84,50300
CHDN,20100406,12.63,12.8,12.63,12.7167,8900
CHKP,20100406,35.88,36.32,35.59,36.23,2784600
CHNG,20100406,9.9,10,9.69,9.71,298700
CHNR,20100406,12.06,12.1,12.01,12.1,1900
CHRS,20100406,5.14,5.2,4.97,4.99,3351700
CHRW,20100406,55.24,55.68,54.99,55.28,1574400
CHSCP,20100406,27.6,27.6,27.35,27.45,24400
CIDM,20100406,16.8,19.8,16.8,18.9,103100
CINF,20100406,29.21,29.4,29.2,29.37,695000
CIZN,20100406,25.29,25.71,25.01,25.3,1400
CLDX,20100406,89.85,92.55,85.8,92.1,506700
CLFD,20100406,2.62,2.81,2.57,2.73,24200
CLMT,20100406,21.42,21.85,21.01,21.84,233000
CLNE,20100406,22.8,23.04,22.35,22.66,1871700
CLRO,20100406,3.06,3.11,3.03,3.1,23700
CLSN,20100406,4.36,4.36,4.25,4.33,19300
CLWT,20100406,7.7,7.81,7.4067,7.7,38200
CMCO,20100406,16.21,16.8,16,16.75,33700
CMCSA,20100406,9.29,9.46,9.29,9.38,11354700
CME,20100406,62.89,63.66,62.124,63.38,576900
CMLS,20100406,27.04,27.6,27.04,27.6,24900
CMTL,20100406,32.65,33.19,32.3,33.02,105800
CNBKA,20100406,19.34,19.86,19.34,19.68,2600
CNOB,20100406,8.45,9.24,8.4,9.07,41900
CNSL,20100406,19.14,19.41,19.12,19.2,221700
CNTY,20100406,2.49,2.55,2.49,2.5,76700
COCO,20100406,17.62,18.09,17.62,18.05,1850900
COGT,20100406,10.48,10.54,10.39,10.52,592600
COHR,20100406,32.24,32.59,32.2,32.48,36400
COHU,20100406,14.13,14.43,14.05,14.33,46400
COIN,20100406,0.85,0.86,0.83,0.85,355000
COKE,20100406,58.78,58.8,58.42,58.8,12200
COLB,20100406,20.58,21.41,20.39,21.21,113800
COLM,20100406,27.15,27.495,27.135,27.38,94000
COMS,20100406,7.74,7.75,7.72,7.74,5202400
CONN,20100406,8.05,8.08,7.84,7.84,147500
COOL,20100406,36.12,37.8,34.86,37.8,284200
CORT,20100406,2.63,2.85,2.63,2.78,17600
COST,20100406,61.05,61.85,60.75,61.74,3589000
COWN,20100406,5.63,5.77,5.6,5.75,218400
CPHC,20100406,7.75,7.75,7.7,7.7,200
CPIX,20100406,10.23,10.82,10.23,10.5,73100
CPLP,20100406,8.58,8.66,8.5,8.65,283400
CPRT,20100406,8.9225,9.045,8.9225,9.0025,165600
CPRX,20100406,0.83,0.83,0.75,0.78,97600
CPSI,20100406,39.3,39.32,38.81,38.96,86400
CPSS,20100406,1.88,1.92,1.88,1.88,20500
CRAI,20100406,22.32,23.6,22.32,23.55,115100
CREG,20100406,507,515,490,495,53600
CRESW,20100406,0.18,0.18,0.16,0.16,7800
CRESY,20100406,13.8,13.93,13.76,13.88,35800
CRIS,20100406,16,16.3,15.55,16,522400
CRMT,20100406,24.48,24.77,24.19,24.44,90400
CRNT,20100406,10.95,11.09,10.81,11.01,164500
CROX,20100406,8.85,8.95,8.75,8.9,2375500
CRTX,20100406,6.41,6.52,6.36,6.47,36600
CRUS,20100406,9.18,9.55,9.05,9.37,1914900
CRVL,20100406,18.305,18.965,18.305,18.89,20400
CRWS,20100406,3.35,3.55,3.19,3.34,34200
CSCO,20100406,26.13,26.38,26.05,26.22,31124200
CSGP,20100406,42.69,43.33,42.65,43.22,62500
CSGS,20100406,21.09,21.34,21.04,21.18,189400
CSII,20100406,5.46,5.6,5.46,5.51,12300
CSIQ,20100406,23.93,24.49,23.85,24.41,1383800
CSPI,20100406,3.54,3.54,3.54,3.54,0
CSTR,20100406,33.95,34.98,33.54,34.65,1021000
CSWC,20100406,22.535,23.3925,22.4725,23.3925,7600
CSX,20100406,17.34,17.5133,17.27,17.4867,2084400
CTAS,20100406,28,28.27,27.96,28.14,763100
CTBI,20100406,26.91,27.35,26.91,27.29,26400
CTHR,20100406,1.8,1.85,1.79,1.83,15300
CTIB,20100406,3.49,3.64,3.49,3.64,3800
CTIC,20100406,26.5,27.5,26,27,12394300
CTRN,20100406,34.25,34.73,33.76,34.4,197000
CTSH,20100406,25.79,26.305,25.77,26.125,2266900
CTXS,20100406,37.6274,37.8105,37.2691,37.6194,2082800
CUBA,20100406,6.61,6.79,6.61,6.78,7300
CUTR,20100406,10.35,10.69,10.3,10.57,97100
CVBF,20100406,9.61,10.03,9.48,9.63,1843300
CVCO,20100406,33.93,35.7,33.93,35.01,21600
CVCY,20100406,5.32,5.32,5.32,5.32,100
CVGI,20100406,7.25,7.53,7.25,7.43,177300
CVGW,20100406,18.36,18.48,17.64,18.18,20800
CVLT,20100406,20.75,20.85,20.49,20.78,720600
CVLY,20100406,7.18,7.18,7.1,7.1,200
CVV,20100406,3.38,3.38,3.38,3.38,0
CWBC,20100406,2.98,2.98,2.98,2.98,200
CWCO,20100406,14.11,14.35,13.92,14.32,43800
CWST,20100406,5.18,5.23,5.13,5.23,88400
CXDC,20100406,6.18,6.3,6.18,6.23,42200
CYAN,20100406,3.28,3.28,3,3.1,22000
CYBE,20100406,9.73,10.47,9.66,9.9,22100
CYCC,20100406,4166.4,4183.2,3964.8,4116,1268100
CYCCP,20100406,4,4,4,4,0
CYTK,20100406,19.26,20.46,19.26,20.4,196700
CZNC,20100406,11.42,12.32,11.32,12.3,13200
CZWI,20100406,4.14,4.14,4.11,4.11,400
DAIO,20100406,4.41,4.41,4.41,4.41,100
DAKT,20100406,7.73,7.8,7.62,7.71,101200
DCOM,20100406,12.99,13.16,12.98,13.12,59800
DCTH,20100406,2191.36,2191.36,2137.6,2150.4,798700
DDMX,20100406,16.81,17.19,16.81,17.07,13800
DENN,20100406,3.8,3.99,3.8,3.95,1200300
DGICA,20100406,14.65,14.79,14.61,14.66,31400
DGICB,20100406,17.7,17.7,17.7,17.7,0
DGII,20100406,10.79,11.1,10.72,11.03,60100
DGLY,20100406,1.78,1.84,1.78,1.81,54500
DHIL,20100406,69.55,71.18,69.54,70.19,1800
DIOD,20100406,23.39,23.39,23.14,23.14,129600
DISCA,20100406,33.97,34.67,33.94,34.62,2366700
DISCB,20100406,34.19,34.39,34.19,34.39,800
DISCK,20100406,14.705,14.985,14.69,14.965,427100
DISH,20100406,21.24,22.06,21.03,22.01,4868200
DJCO,20100406,68.88,68.88,68.88,68.88,0
DLTR,20100406,19.5967,19.87,19.5,19.83,983100
DMLP,20100406,22.94,23.3,22.68,23.02,29500
DMRC,20100406,17.25,17.9,17.25,17.9,34000
DORM,20100406,9.93,9.955,9.645,9.955,5800
DRIV,20100406,30.92,31.46,30.75,31.43,334300
DRRX,20100406,2.95,3.07,2.95,2.98,78700
DSGX,20100406,6.21,6.32,6.16,6.19,49800
DSPG,20100406,8.7,8.88,8.69,8.82,45200
DSWL,20100406,4.42,4.49,4.41,4.49,39700
DVAX,20100406,13.2,13.6,13,13.5,169300
DWSN,20100406,30.54,30.82,30.21,30.51,32200
DXCM,20100406,9.94,10.1,9.84,9.87,163400
DXPE,20100406,13.23,13.47,13.02,13.39,51400
DXYN,20100406,4.89,4.92,4.76,4.81,34700
DYNT,20100406,5.05,5.5,5.05,5.3,11900
EBAY,20100406,11.4568,11.5621,11.3221,11.4821,15392400
EBIX,20100406,16.4,16.99,16.21,16.86,536200
EBSB,20100406,4.2116,4.277,4.2116,4.2525,7800
EBTC,20100406,11.92,12.01,11.62,11.96,2500
ECHO,20100406,13,13.3,12.93,13.22,30100
ECOL,20100406,16,16.07,15.78,15.85,102000
ECPG,20100406,17.53,17.77,17.18,17.22,196700
EDAP,20100406,3.05,3.15,3.02,3.15,73100
EDUC,20100406,3.1,3.125,3.1,3.1,1800
EEFT,20100406,18.56,18.78,18.25,18.6,305600
EFOI,20100406,6,6.45,6,6.1,36900
EFSC,20100406,11.34,11.36,11.02,11.22,21100
EGBN,20100406,11.99,12.17,11.95,12.15,15900
EGLE,20100406,54936,57355.2,54633.6,56145.6,2740200
EHTH,20100406,15.52,15.7,15.34,15.54,241500
ELSE,20100406,3.8,3.8,3.8,3.8,1000
ELTK,20100406,1.31,1.37,1.31,1.37,400
EMCF,20100406,14.49,14.49,14.23,14.36,800
EMIF,20100406,32.19,32.19,31.7,31.89,46700
EMKR,20100406,5.04,5.36,5,5.32,1098700
ENDP,20100406,23.64,23.71,23.45,23.64,1187600
ENG,20100406,3.02,3.06,2.99,3.01,361300
ENSG,20100406,8.925,9.015,8.885,8.9,32700
ENTG,20100406,5.08,5.1,4.97,5.03,916200
EPAY,20100406,17.04,17.1,16.84,16.92,145900
EQIX,20100406,101.49,103,99.97,101.45,887400
ERES,20100406,6.78,6.88,6.73,6.84,53300
ERIC,20100406,10.48,10.58,10.47,10.54,3891200
ERIE,20100406,42.95,43.3,42.79,43.21,69700
ERII,20100406,6.25,6.36,6.1,6.36,156300
ESBK,20100406,17.2,17.2,17.2,17.2,0
ESCA,20100406,2.8,2.85,2.8,2.85,3900
ESEA,20100406,30.96,32.16,30.96,31.6,119400
ESGR,20100406,68.62,68.86,68.09,68.64,4100
ESLT,20100406,64.91,65.7,64.91,65.35,22800
ESSA,20100406,12.9,13.52,12.9,13.38,31400
EUFN,20100406,23.62,23.62,23.62,23.62,0
EVK,20100406,3,3.37,3,3.2,17500
EVOL,20100406,6.65,6.99,6.65,6.96,26700
EWBC,20100406,17.74,18.42,17.7,18.2,1403000
EXAS,20100406,4.42,4.64,4.42,4.6,92500
EXEL,20100406,6.71,6.71,6.54,6.66,1168400
EXLS,20100406,16.96,17.32,16.75,17.23,38200
EXPD,20100406,36.82,36.98,36.6,36.64,1627000
EXPE,20100406,24.86,25.68,24.75,25.29,6409600
EXPO,20100406,7.235,7.315,7.2225,7.2975,31100
EXTR,20100406,3.16,3.35,3.1,3.32,588700
EZPW,20100406,21.46,21.69,21.26,21.68,372500
FARM,20100406,18.84,19.13,18.59,18.99,5900
FARO,20100406,26.35,26.58,26.01,26.13,28300
FAST,20100406,12.41,12.525,12.395,12.52,1199000
FBIZ,20100406,9.7,9.73,9.7,9.7,700
FBMS,20100406,9.45,9.45,9.45,9.45,0
FBNC,20100406,13.91,14.57,13.9,14.38,26000
FCAL,20100406,2.8,3.02,2.74,2.94,259200
FCAP,20100406,15.59,15.73,14.73,15.45,600
FCBC,20100406,12.55,12.9,12.55,12.72,33900
FCCO,20100406,6.35,6.35,6.2,6.2,2000
FCCY,20100406,7.9,7.9,7.9,7.9,0
FCEL,20100406,419.04,429.12,414.72,426.24,923200
FCFS,20100406,21.91,22.14,21.78,22.04,155700
FCNCA,20100406,200.5,206.09,198.2,204.75,34900
FEIM,20100406,5.45,5.47,5.3,5.35,5200
FELE,20100406,15.845,16.07,15.845,16.005,84100
FFBC,20100406,18.5,18.91,18.27,18.65,301400
FFHL,20100406,1.09,1.19,1.09,1.17,6900
FFIC,20100406,13.05,13.75,12.96,13.59,70000
FFIN,20100406,8.695,8.8634,8.675,8.8234,34400
FFIV,20100406,65.26,65.4,63.95,65.12,1144900
FFNW,20100406,7.17,7.39,6.95,6.99,31300
FIBK,20100406,16.03,16.05,15.9,15.97,253000
FISI,20100406,15.01,15.45,14.99,15.28,14400
FISV,20100406,12.7875,12.89,12.765,12.8675,947600
FITB,20100406,13.93,14.38,13.91,14.35,18082100
FITBP,20100406,144.56,147.38,144.56,145.87,56500
FIZZ,20100406,11.07,11.11,10.85,11.04,54500
FLEX,20100406,7.94,7.95,7.86,7.94,4751800
FLIC,20100406,16.2467,16.26,16.0733,16.1933,3300
FLWS,20100406,2.56,2.63,2.5,2.63,74200
FLXS,20100406,13.75,13.94,13.75,13.94,12600
FMBI,20100406,13.89,14.41,13.81,14.2,498100
FNLC,20100406,15.72,16,15.52,15.85,16300
FOLD,20100406,3.35,3.38,3.26,3.3,138400
FONR,20100406,1.7,2.24,1.66,1.77,882200
FORD,20100406,3.25,3.29,3.15,3.22,100900
FORM,20100406,18.3,18.5,18.11,18.48,213200
FORR,20100406,30.11,30.7,30.11,30.53,31200
FORTY,20100406,14.06,14.06,13.53,13.99,23400
FOSL,20100406,39.31,39.79,39.04,39.75,323700
FRBK,20100406,4.07,4.35,4.07,4.21,64500
FREE,20100406,202500000,211500000,201000000,205500000,211000
FREEW,20100406,0.11,0.12,0.11,0.12,6200
FRME,20100406,7.04,7.26,7.04,7.19,50200
FRPT,20100406,6.1,6.12,6.02,6.07,532700
FSFG,20100406,12.49,12.49,12.49,12.49,0
FSII,20100406,3.75,3.84,3.55,3.63,437600
FSLR,20100406,122.26,122.26,120.11,120.53,1101500
FSTR,20100406,29.93,30.45,29.67,30.28,11700
FTEK,20100406,7.85,7.97,7.57,7.75,491400
FTNT,20100406,8.56,8.7,8.51,8.605,117300
FULT,20100406,10.24,10.7,10.24,10.68,840200
FUNC,20100406,6,6.05,5.94,6,10200
FUND,20100406,6.85,6.91,6.82,6.88,21200
FWRD,20100406,26.17,26.28,25.93,26.03,136200
GABC,20100406,10.42,10.42,10.2,10.2867,3900
GAIA,20100406,8.53,8.68,8.4,8.58,27300
GAIN,20100406,6.14,6.17,5.89,6.09,55800
GALT,20100406,2.7,2.7,2.46,2.6994,45600
GAME,20100406,7.35,7.43,7.34,7.43,1370400
GASS,20100406,5.04,5.04,4.53,4.79,320000
GBCI,20100406,15.51,16.21,15.44,16.14,952400
GCBC,20100406,7.5,7.5,7.5,7.5,200
GENC,20100406,4.9,4.9667,4.8733,4.9333,22000
GENE,20100406,23.4,23.4,23.4,23.4,200
GERN,20100406,5.79,5.94,5.75,5.88,815500
GFED,20100406,5.37,5.37,5.37,5.37,0
GGAL,20100406,6.04,6.23,5.98,6.19,178200
GIFI,20100406,21.78,22.43,21.25,22.1,69300
GIGM,20100406,15.6,16.05,15.6,16,458900
GIII,20100406,13.5,14.045,13.09,13.885,105800
GILD,20100406,22.77,22.89,22.71,22.755,5736100
GILT,20100406,5.62,5.64,5.6,5.63,23300
GLAD,20100406,11.97,12.29,11.87,12.11,146700
GLBL,20100406,6.74,6.84,6.65,6.72,842600
GLBZ,20100406,10.04,10.04,10.04,10.04,0
GLDD,20100406,5.5,5.75,5.48,5.58,501500
GLNG,20100406,12.35,12.92,12.24,12.81,120300
GLRE,20100406,26.34,26.34,25.81,25.97,118800
GNTX,20100406,9.94,10.065,9.89,10.005,521600
GOOD,20100406,14.52,14.56,14.47,14.55,24800
GOODO,20100406,22,22,22,22,700
GOOG,20100406,284.73,285.445,282.7,284.11,2060000
GPRE,20100406,15.84,16.15,15.62,15.88,509500
GPRO,20100406,50.05,50.53,49.6,49.74,233200
GRID,20100406,31.34,31.54,31.3,31.54,16300
GRMN,20100406,37.85,38.82,37.76,38.58,1649400
GROW,20100406,10.22,10.47,10.21,10.3,53300
GRVY,20100406,7.52,7.96,7.36,7.96,103300
GSBC,20100406,22.35,22.8,22.2,22.79,15000
GSIT,20100406,4.65,4.8,4.65,4.67,56800
GSM,20100406,11.14,11.3,11.01,11.25,660200
GT,20100406,12.91,13.06,12.85,12.97,2926300
GTEC,20100406,13.65,13.96,13.65,13.95,14100
GTIM,20100406,1.08,1.16,1.08,1.16,600
GYRO,20100406,42.5,42.5,42.5,42.5,0
HA,20100406,7.2,7.3,7.14,7.25,463800
HAFC,20100406,2.6,2.6,2.46,2.59,236600
HAIN,20100406,8.995,9.155,8.905,8.925,303600
HALL,20100406,9.5,9.6,9.45,9.51,33000
HALO,20100406,8.03,8.29,7.92,8.22,421800
HAS,20100406,39.19,39.19,38.49,38.93,1557400
HAYN,20100406,36.21,37.32,36.21,37.02,66300
HBAN,20100406,5.54,5.85,5.5,5.85,37087500
HBANP,20100406,980,999,972.5,999,2500
HBCP,20100406,13.94,14,13.94,13.98,63500
HBIO,20100406,3.88,3.96,3.86,3.9,40600
HBNC,20100406,3.8558,3.9506,3.8558,3.9506,5700
HCCI,20100406,10.89,10.95,10.72,10.74,14600
HCII,20100406,6.51,6.51,6.5,6.51,1500
HCIIW,20100406,0.89,0.89,0.89,0.89,0
HCKT,20100406,2.95,2.96,2.86,2.91,47800
HCSG,20100406,15.12,15.2667,15.12,15.14,104600
HDSN,20100406,2.8,2.8,2.66,2.68,41000
HEES,20100406,10.91,11.36,10.84,11.12,128700
HELE,20100406,27.25,27.81,27.13,27.64,116200
HERO,20100406,4.62,4.65,4.51,4.64,1347900
HFWA,20100406,14.81,15.65,14.76,15.42,8200
HIBB,20100406,26.05,26.24,25.9,26.17,91000
HIFS,20100406,34.31,34.38,34,34.05,1900
HIHO,20100406,2.46,2.55,2.45,2.47,12600
HIMX,20100406,3.12,3.17,3.12,3.15,242800
HLIT,20100406,6.35,6.43,6.31,6.43,440600
HMNF,20100406,5.89,6.2,5.76,5.88,1900
HOFT,20100406,16.93,16.93,16.36,16.47,34200
HOLI,20100406,12.29,12.5,12.17,12.45,216600
HOLX,20100406,18.32,18.42,17.99,18.03,6771700
HOMB,20100406,6.7525,6.995,6.7525,6.9325,39000
HOOK,20100406,2.4,2.6,2.4,2.5,15900
HOVNP,20100406,8.9,9.2,8.9,9,1900
HSIC,20100406,59.13,59.56,59.13,59.26,626900
HSII,20100406,28.75,29.56,28.75,29.46,218600
HSKA,20100406,0.8,0.83,0.8,0.81,47300
HSTM,20100406,4.14,4.25,4.08,4.2,12800
HTBK,20100406,3.87,4.25,3.86,4.11,62100
HTHT,20100406,4.315,4.4275,4.025,4.2225,378400
HTLD,20100406,16.33,16.53,16.22,16.43,372500
HTLF,20100406,16.06,16.51,16.06,16.34,8400
HUBG,20100406,28.59,29.25,28.43,28.86,168000
HURC,20100406,16.85,16.92,16.74,16.84,11100
HURN,20100406,21.7,22.3,21.51,22,917800
HWBK,20100406,12.68,12.68,12.68,12.68,0
HWKN,20100406,24.81,24.99,24.55,24.97,24700
IART,20100406,21.605,21.985,21.605,21.86,177800
IBB,20100406,91.99,92.92,91.99,92.58,335800
IBCP,20100406,0.71,0.71,0.68,0.68,136600
IBKR,20100406,16.2,16.31,16.2,16.26,209100
IBOC,20100406,23.21,23.67,23.04,23.53,542300
ICAD,20100406,1.48,1.53,1.42,1.51,100800
ICCC,20100406,3.79,3.8,3.79,3.8,800
ICFI,20100406,25.35,25.86,25.29,25.4,42300
ICLK,20100406,3.72,3.77,3.65,3.66,62400
ICLN,20100406,19.07,19.12,18.96,19.08,65700
ICLR,20100406,26.88,27.11,26.62,27.07,294400
ICUI,20100406,34.6,35.01,34.6,34.97,71700
IDCC,20100406,27.84,29.35,27.84,28.91,725900
IDRA,20100406,50.88,51.04,50,50.72,30000
IDXX,20100406,28.8,28.965,28.79,28.835,175600
IESC,20100406,5.31,5.37,5.28,5.32,10300
IFGL,20100406,29.53,29.59,29.34,29.52,117900
IGOV,20100406,99.56,99.63,99.28,99.5,7300
III,20100406,3.5,3.5,3.4,3.42,58800
IIIIW,20100406,0.05,0.05,0.05,0.05,0
IIN,20100406,3.81,4.15,3.71,3.89,8100
IIVI,20100406,16.905,17.1,16.9,16.93,63200
IKNX,20100406,6.95,6.95,6.95,6.95,0
ILMN,20100406,39.01,39.33,38.97,39.2,672100
IMGN,20100406,8.16,8.31,7.99,8.15,544100
IMKTA,20100406,15.33,15.61,15.33,15.55,40100
IMMR,20100406,5.89,5.89,5.67,5.81,179000
IMOS,20100406,0.78,0.81,0.76,0.8,436700
INCY,20100406,14.55,14.71,14.4,14.54,1549300
INDB,20100406,23.99,24.74,23.91,24.65,101200
INDY,20100406,27.8,27.99,27.69,27.89,44200
INFI,20100406,6.11,6.12,5.97,6,80500
INFN,20100406,8.51,8.84,8.47,8.84,595000
INMD,20100406,4.295,4.33,4.28,4.295,30700
INOD,20100406,4.03,4.26,4,4.07,54400
INSM,20100406,1.17,1.18,1.12,1.13,645400
INTC,20100406,22.43,22.48,22.26,22.4,47063100
INTG,20100406,11.33,12.25,11.33,12.22,1900
INTU,20100406,34.86,35,34.78,34.97,2368500
INVE,20100406,19,19,18.4,18.4,1400
IOSP,20100406,11.68,12.05,11.66,11.93,31600
IPAR,20100406,15.29,15.33,14.98,15.18,55600
IPGP,20100406,15.31,15.64,15.31,15.57,60500
IRBT,20100406,15,15.09,14.85,15.02,78700
IRDM,20100406,8.35,8.5,8.31,8.49,122400
IRIX,20100406,4.25,4.3,4.19,4.3,6300
IRWD,20100406,13.6,14.74,13.53,14.71,139000
ISBC,20100406,5.2157,5.3176,5.149,5.3137,170600
ISHG,20100406,100.09,100.18,99.54,100.12,32500
ISIG,20100406,6.68,6.74,6.63,6.69,27500
ISLE,20100406,9.35,9.82,9.24,9.61,971000
ISRG,20100406,114.9467,115.3333,114.3,114.4333,457900
ISSC,20100406,6.11,6.2,5.86,5.88,78700
ITIC,20100406,34.15,34.15,33.65,33.67,1800
ITRI,20100406,73.51,74.17,73.13,74.01,247900
ITRN,20100406,16.11,16.25,16.03,16.19,137800
IVAC,20100406,14.02,14.08,13.81,13.99,127100
JACK,20100406,23.36,24.42,23.06,24.29,1373900
JAKK,20100406,136.1,138.5,134.5,137.9,198600
JAZZ,20100406,11.57,12.04,11.42,11.93,632100
JBHT,20100406,35.51,35.99,35.43,35.88,1279300
JBLU,20100406,5.66,5.8,5.62,5.76,5135700
JBSS,20100406,15.49,15.74,15.47,15.62,20900
JCS,20100406,12.56,12.68,12.56,12.6,2100
JCTCF,20100406,1.96,1.96,1.96,1.96,100
JJSF,20100406,43.45,44.2,43.33,44.05,27000
JKHY,20100406,24.56,24.79,24.53,24.74,666600
JOBS,20100406,8.97,9.03,8.76,9.025,20300
JOUT,20100406,11.05,11.3,11,11,6700
JRJC,20100406,76.4,77.5,75.7,76.9,43400
JVA,20100406,4.85,4.89,4.82,4.85,8500
KALU,20100406,39.51,40.55,39.51,39.83,245900
KELYA,20100406,17.13,17.6,17.13,17.56,117200
KELYB,20100406,17.35,17.35,17.35,17.35,300
KEQU,20100406,14.47,14.49,14.47,14.49,1100
KFFB,20100406,10.16,10.5,10.16,10.5,400
KFRC,20100406,15.93,16.25,15.85,16.06,179600
KINS,20100406,2.81,3.36,2.81,2.83,500
KIRK,20100406,21.03,22.31,21.01,22.26,232600
KLAC,20100406,31.93,32.13,31.74,31.94,2132000
KLIC,20100406,7.39,7.39,7.05,7.15,1227600
KNDI,20100406,4.65,4.85,4.51,4.76,56300
KOPN,20100406,3.76,3.85,3.76,3.81,268000
KOSS,20100406,5.7,5.7,5.6,5.7,7200
KRNY,20100406,10.61,10.79,10.61,10.72,3000
KTCC,20100406,5.26,5.45,5.11,5.19,107800
KTOS,20100406,14.79,14.85,14.42,14.73,52700
KVHI,20100406,13.09,13.31,13.09,13.23,77700
LAKE,20100406,8.5,8.75,8.5,8.73,600
LAMR,20100406,35.48,35.74,35.28,35.41,272200
LANC,20100406,58.92,59.37,58.88,59.37,48500
LARK,20100406,17.25,17.32,17.2,17.32,1200
LAWS,20100406,15.74,15.96,15.73,15.91,6900
LBAI,20100406,8.92,9.18,8.83,9.16,25800
LBTYA,20100406,14.9719,15.0792,14.9566,15.0026,1395300
LBTYB,20100406,29.6,29.6,29.6,29.6,0
LBTYK,20100406,29.11,29.26,28.98,29.15,177800
LCUT,20100406,12.24,12.3,12.16,12.29,40500
LECO,20100406,27.835,28.25,27.7,28.1,85100
LFUS,20100406,38.63,39.73,38.08,39.63,121800
LGND,20100406,10.38,10.44,10.32,10.38,390600
LHCG,20100406,34.04,34.7,34.04,34.37,87900
LIFE,20100406,730.52,735.42,726.18,728.14,1162100
LINC,20100406,24.95,25.53,24.6,25.5,288400
LIVE,20100406,0.1967,0.2033,0.1967,0.2033,3600
LKFN,20100406,12.82,13.06,12.82,13.04,19600
LLNW,20100406,3.84,3.87,3.75,3.77,222400
LMAT,20100406,4.65,4.67,4.61,4.62,5300
LNDC,20100406,6.6,6.7,6.57,6.67,48100
LOAN,20100406,1.36,1.36,1.33,1.36,1600
LOGC,20100406,1.37,1.37,1.2,1.36,2100
LOGI,20100406,16.88,17.19,16.82,17.17,1390500
LOOP,20100406,11.38,11.67,11.35,11.61,64700
LOPE,20100406,25.82,26.05,25.22,25.77,252900
LORL,20100406,36.08,36.47,35.81,36.44,21700
LPSN,20100406,7.86,8.39,7.8,8.21,370300
LPTH,20100406,2.29,2.29,2.23,2.24,8600
LQDT,20100406,12,12,11.69,11.83,52500
LRCX,20100406,38.02,38.59,37.97,38.29,1787300
LSBK,20100406,8,8,8,8,0
LSCC,20100406,3.84,3.92,3.81,3.89,1635300
LSTR,20100406,41.66,42.41,41.6,42.03,443800
LTBR,20100406,486,486,465,484.2,17400
LTRX,20100406,3.58,3.58,3.58,3.58,800
LULU,20100406,21.33,21.635,21.165,21.54,944900
LUNA,20100406,2.26,2.27,2.22,2.23,21500
LWAY,20100406,11.45,11.47,11.04,11.24,26200
LXRX,20100406,11.13,11.41,10.85,11.2,1414700
LYTS,20100406,7.15,7.22,7,7.17,53800
MANH,20100406,6.5875,6.7525,6.55,6.665,165900
MANT,20100406,48.94,49.87,48.87,49.75,177200
MARPS,20100406,17.62,18.29,17.5,18.29,1100
MASI,20100406,26.38,26.62,26.15,26.24,426600
MAT,20100406,23.35,23.42,23.09,23.31,2575700
MATW,20100406,35.38,36.13,35.38,36,45700
MAYS,20100406,15.5,17.48,15.49,17.48,3400
MBWM,20100406,3.96,4.2,3.96,4.15,15400
MCBC,20100406,2.02,2.25,1.99,2.24,111700
MCHP,20100406,14.325,14.365,14.225,14.345,2180700
MCHX,20100406,5.25,5.25,5.1,5.13,61100
MCRI,20100406,9.02,9.29,8.78,8.97,18300
MDRX,20100406,19.08,19.8,18.9,19.74,1677800
MELI,20100406,49.19,50.4,48.56,49.97,269000
MEOH,20100406,25.68,25.95,25.67,25.79,268400
MERC,20100406,5.62,5.88,5.56,5.79,604800
MGEE,20100406,23.7667,23.9867,23.7667,23.9867,29400
MGIC,20100406,2.53,2.58,2.53,2.55,51800
MGLN,20100406,42.78,43,42.55,42.87,198800
MGPI,20100406,7.91,8.15,7.91,8.03,32700
MGRC,20100406,24.46,24.9,24.39,24.73,40900
MGYR,20100406,3.75,3.75,3.75,3.75,0
MHLD,20100406,7.38,7.45,7.37,7.4,162000
MIDD,20100406,19.11,19.3633,19.04,19.1567,111800
MIND,20100406,7.39,7.5,7.39,7.48,8600
MKSI,20100406,20.08,20.48,19.88,20.36,215300
MKTX,20100406,16,16,15.62,15.91,39100
MLAB,20100406,25.56,25.56,25.38,25.38,1000
MLHR,20100406,18.55,18.79,18.55,18.79,463600
MLVF,20100406,9.65,9.65,9.65,9.65,5000
MMLP,20100406,30.05,30.4,30.05,30.38,46800
MMSI,20100406,12.44,12.528,12.44,12.504,97600
MNDO,20100406,1.75,1.77,1.74,1.76,39100
MNKD,20100406,34,35.5,34,35.15,1609700
MNOV,20100406,6.9,7.06,6.63,6.64,1500
MNRO,20100406,24.0667,24.4933,23.94,24.34,191000
MNST,20100406,7.22,7.3083,7.195,7.27,486000
MNTX,20100406,2.36,2.47,2.36,2.45,27700
MOFG,20100406,12.08,12.25,12.06,12.19,8300
MORN,20100406,47.65,48.28,47.65,47.9,70800
MOSY,20100406,810,830,804,826,34500
MOVE,20100406,8.92,9.08,8.76,8.8,212000
MPAA,20100406,6.47,6.61,6.46,6.6,22600
MPAC,20100406,6.48,6.48,6.1,6.47,1400
MPB,20100406,10.03,10.03,9.6,9.6,2100
MPWR,20100406,22.73,22.98,22.52,22.78,119200
MRCY,20100406,13.79,13.94,13.57,13.83,27400
MRLN,20100406,10.15,10.5,10.01,10.24,9400
MRNA,20100406,1.3,1.3,1.25,1.28,876500
MRTN,20100406,8.8133,8.8133,8.6978,8.7289,97700
MRVL,20100406,20.78,21,20.62,20.85,7554800
MSEX,20100406,17.58,17.63,17.3,17.33,17700
MSFT,20100406,29.15,29.58,28.98,29.32,47366700
MSON,20100406,2.3,2.3,2.16,2.16,1200
MSTR,20100406,85.67,86.17,85.56,85.93,70100
MTEX,20100406,37.6,37.6,36.1,36.6,25500
MTRX,20100406,10.69,11.22,10.63,11.08,277400
MU,20100406,10.63,10.64,10.21,10.23,42605300
MVIS,20100406,28.64,29.36,27.2,28.32,1433600
MYGN,20100406,24.05,24.18,23.44,23.44,1402700
MYRG,20100406,16.76,17.05,16.76,16.86,43000
NAII,20100406,8,8.02,7.91,7.93,6000
NATH,20100406,15.47,15.59,15.47,15.51,5600
NATI,20100406,23.3333,23.6667,23.16,23.5067,595200
NATR,20100406,8.5,9.34,8.48,9.34,134600
NAVI,20100406,2.6,2.63,2.55,2.57,60600
NBIX,20100406,2.54,2.63,2.5,2.55,255500
NBN,20100406,13.56,13.61,13.55,13.61,600
NBTB,20100406,22.94,23.7,22.87,23.65,48000
NCMI,20100406,18.29,18.88,18.28,18.76,144400
NCTY,20100406,212.7,212.7,207.9,210.6,31700
NDAQ,20100406,21.57,21.71,21.5,21.69,2696500
NDSN,20100406,34.615,35.3,34.385,35.255,127000
NECB,20100406,6.79,7.18,6.79,7.18,2500
NEOG,20100406,12.66,12.88,12.495,12.82,52400
NEPT,20100406,2.04,2.04,2.04,2.04,500
NEWT,20100406,6.2,6.8,6.2,6.25,33200
NFBK,20100406,14.74,14.85,14.53,14.82,13500
NFLX,20100406,11.4886,11.9957,11.4057,11.91,3923100
NICE,20100406,33.02,33.11,32.82,33.07,212000
NICK,20100406,7.72,7.75,7.61,7.7,34900
NKSH,20100406,26.87,28.85,26.61,28.14,7500
NKTR,20100406,15.52,15.61,15.08,15.1,869000
NLTX,20100406,0.87,0.9,0.87,0.88,5400
NNBR,20100406,6.62,6.7,6.54,6.6,50500
NRIM,20100406,17.05,17.14,16.9,17.04,18900
NSEC,20100406,12.19,12.26,12.08,12.08,1200
NSIT,20100406,14.89,15.31,14.88,15.26,116400
NSSC,20100406,2.23,2.35,2.23,2.35,9800
NSYS,20100406,3.5,3.5,3.5,3.5,400
NTAP,20100406,34.58,34.88,34.31,34.83,4068600
NTCT,20100406,14.77,15.02,14.58,14.97,200700
NTES,20100406,7.194,7.336,7.188,7.3,583500
NTGR,20100406,27.06,27.25,26.73,27.22,194000
NTIC,20100406,4.5,4.93,4.5,4.5,2300
NTRS,20100406,56.83,57.47,56.62,57.45,1758900
NTWK,20100406,8,8.3,8,8.2,71600
NUAN,20100406,17.12,17.12,16.84,16.87,3735200
NURO,20100406,312.96,341.76,307.2,322.56,47000
NUVA,20100406,45.13,45.51,44.26,44.86,501700
NVAX,20100406,47.6,48.8,46.8,47,701100
NVDA,20100406,4.315,4.325,4.1875,4.2625,20231400
NVEC,20100406,47.17,48.45,47.17,48.4,24000
NVMI,20100406,5.77,5.93,5.66,5.85,138100
NWBI,20100406,11.67,11.86,11.67,11.86,455000
NWFL,20100406,26.98,27.23,26.97,27.2,2100
NWLI,20100406,181.01,188.87,181.01,188.87,2000
NWPX,20100406,21.54,22.55,21.51,22.4,93800
NWS,20100406,17.42,17.5,17.23,17.34,1510100
NWSA,20100406,14.86,14.89,14.64,14.7,15101900
NXST,20100406,5,5.34,4.98,5.22,47100
NYMT,20100406,7.5,7.55,7.04,7.23,142400
NYMX,20100406,3.38,3.47,3.31,3.44,13300
OBAS,20100406,7,7.45,7,7.05,17700
OBCI,20100406,1.69,1.84,1.66,1.79,54100
OCFC,20100406,11.68,11.8,11.54,11.73,25900
ODFL,20100406,15.0133,15.4933,14.8933,15.28,521600
OFIX,20100406,38.15,38.44,37.92,38.26,49800
OFLX,20100406,10.84,10.84,10.44,10.6,4500
OIIM,20100406,7,7.08,6.91,7.01,221900
OMAB,20100406,15.03,15.2,15.01,15.13,36500
OMCL,20100406,13.94,14.14,13.92,13.98,131000
OMER,20100406,6.16,6.22,6.1,6.17,40500
OMEX,20100406,17.28,17.4,16.8,17.04,143500
ONCY,20100406,3.2,3.21,3.1,3.12,82900
ONEQ,20100406,95.48,96.31,95.39,96.14,6800
OPEN,20100406,37.59,37.89,36.48,36.6,64500
OPHC,20100406,32.4,36,32,36,5800
OPNT,20100406,16.29,16.37,16.11,16.32,83100
OPOF,20100406,14.71,14.89,14.7,14.75,2700
ORLY,20100406,41.84,42.16,41.79,41.91,1274000
ORRF,20100406,26.15,26.25,25.9,26.01,69100
OSBC,20100406,6.59,6.68,6.52,6.54,22400
OSIS,20100406,28.77,28.91,28.29,28.53,92900
OSTK,20100406,18.5,20.46,18.12,19.87,910100
OSUR,20100406,5.98,6.1,5.93,6,71800
OTEX,20100406,11.9975,12.065,11.8425,11.9925,194700
OTTR,20100406,22.11,22.19,22,22.14,114300
OVBC,20100406,21.47,21.63,21.47,21.63,1400
OVLY,20100406,4.5,4.5,4.5,4.5,0
PAAS,20100406,24.48,24.76,24.31,24.32,695200
PACW,20100406,22.49,23.62,22.28,23.35,678200
PANL,20100406,12.55,12.57,12.22,12.38,108700
PATK,20100406,1.36,1.3689,1.2978,1.36,4600
PAYX,20100406,31.01,31.09,30.88,30.98,2188800
PBCT,20100406,15.61,15.85,15.52,15.81,7560000
PBHC,20100406,7.85,7.85,7.85,7.85,0
PBIP,20100406,8.55,8.55,8.51,8.53,3000
PCAR,20100406,44.7,44.99,44.48,44.69,2261600
PCTI,20100406,6.22,6.39,6.22,6.36,21300
PCYO,20100406,2.6,2.67,2.47,2.47,9000
PDCO,20100406,30.78,31.12,30.78,31.06,1054200
PDEX,20100406,0.5,0.51,0.5,0.51,9700
PDFS,20100406,4.11,4.3,4.11,4.22,48900
PEBK,20100406,5.95,5.96,5.95,5.96,1200
PEBO,20100406,16.57,17,16.57,16.78,19000
PEGA,20100406,18.75,19.095,18.745,19.025,86000
PENN,20100406,28.31,28.6,28.08,28.38,708500
PESI,20100406,11.3,11.35,10.9,11.35,530100
PETS,20100406,21.95,22.21,21.68,22.07,211600
PFBC,20100406,1.41,1.53,1.41,1.51,59200
PFIN,20100406,2.5,2.5,2.42,2.42,3900
PFSW,20100406,2.94,3.07,2.93,3,231400
PGC,20100406,15.6,15.6,15.32,15.33,17900
PKBK,20100406,8.2636,8.2636,8.2636,8.2636,100
PKOH,20100406,9.76,10,9.66,10,65300
PLAB,20100406,5.17,5.28,5.16,5.25,310400
PLBC,20100406,2.72,2.74,2.58,2.74,3000
PLCE,20100406,45.6,46,45.4,45.99,178600
PLPC,20100406,38.4,38.62,38.1,38.62,3500
PLUG,20100406,0.69,0.73,0.68,0.71,648700
PLUS,20100406,8.835,9,8.765,8.995,38300
PLXS,20100406,37.65,37.8,37.33,37.56,122900
PMD,20100406,7.92,7.95,7.65,7.66,5600
PNBK,20100406,16.7,16.7,16.7,16.7,0
PNFP,20100406,15.88,17.08,15.8,17.07,411600
PNNT,20100406,10.54,10.66,10.45,10.62,339700
PNQI,20100406,27.9,28.35,27.9,28.32,6900
PNRG,20100406,27.96,27.96,27.96,27.96,300
PODD,20100406,15.5,15.65,15.3,15.54,280100
POOL,20100406,23.35,23.35,23.13,23.15,161800
POWI,20100406,20.965,21.125,20.595,21.05,173300
POWL,20100406,33.3,33.94,33.21,33.53,37400
PPBI,20100406,4.92,4.95,4.92,4.92,7100
PRAA,20100406,18.3633,18.9967,18.3633,18.97,147200
PRFT,20100406,11.84,11.95,11.68,11.72,67500
PRFZ,20100406,57.26,58.04,57.26,57.92,37000
PRGS,20100406,21.02,21.2667,21.0067,21.2533,157200
PRIM,20100406,7.75,7.97,7.75,7.92,18700
PROV,20100406,3.67,3.81,3.65,3.78,78300
PRTS,20100406,7.21,7.53,7.21,7.44,33800
PSEC,20100406,12.02,12.11,11.9,12.11,766900
PSMT,20100406,23.93,23.94,23.54,23.6,47500
PSTI,20100406,11.1,11.5,11,11.4,64100
PTEN,20100406,14.59,14.73,14.43,14.56,4448300
PTIX,20100406,2.68,2.71,2.65,2.69,2600
PTNR,20100406,22.32,22.44,22.2,22.35,205200
PTSI,20100406,13.25,13.87,13.19,13.61,6200
PWOD,20100406,22.4,22.54,22.18,22.54,5200
PXLW,20100406,5.82,5.83,5.55,5.7,171400
PZZA,20100406,13.2,14.085,13.195,14.05,728300
QABA,20100406,26.05,26.2,26.05,26.2,1000
QCLN,20100406,15.97,15.98,15.88,15.9,8400
QCOM,20100406,42.22,42.56,42.19,42.43,10069100
QCRH,20100406,8.8,9,8.75,8.8,10000
QDEL,20100406,14.23,14.27,14.14,14.18,108300
QNST,20100406,17.31,18,17.16,17.8,64800
QQEW,20100406,21.26,21.42,21.23,21.37,12300
QQQ,20100406,48.49,48.9,48.39,48.75,54097000
QQQX,20100406,13.8,13.91,13.75,13.85,108200
QQXT,20100406,19.46,19.53,19.43,19.51,4600
QTEC,20100406,22.12,22.32,22.02,22.26,148800
QUIK,20100406,43.26,43.26,41.3,42.14,191700
RADA,20100406,5.1,5.26,4.9,4.9,9800
RAIL,20100406,25.4,26.24,25.4,25.73,103000
RAM,20100406,1.57,1.74,1.57,1.67,438100
RAND,20100406,31.14,31.14,31.14,31.14,200
RAVN,20100406,14.9,14.98,14.75,14.895,24300
RBCAA,20100406,19.62,19.86,19.17,19.63,24500
RBCN,20100406,228.5,247.3,224.6,242.9,430900
RCII,20100406,23.79,24.15,23.76,24.12,638200
RCKY,20100406,9.74,9.88,9.71,9.74,1700
RCMT,20100406,3.2,3.37,3.17,3.26,6700
RCON,20100406,30.5,30.85,30.5,30.8,4600
RDCM,20100406,3.1,3.2,2.95,3.07,8800
RDI,20100406,4.3,4.39,4.3,4.36,16700
RDNT,20100406,3.43,3.46,3.32,3.35,296400
RDWR,20100406,11.68,12.025,11.55,11.83,251900
REED,20100406,1.77,1.77,1.63,1.65,37200
REFR,20100406,2.9,2.91,2.8,2.85,27100
REGN,20100406,26.69,26.85,26.36,26.64,394200
RELL,20100406,8.55,8.75,8.45,8.75,68500
RENT,20100406,21.63,21.71,21.46,21.67,22800
RFIL,20100406,2.475,2.6,2.475,2.6,600
RGCO,20100406,10.62,10.62,10.62,10.62,500
RGEN,20100406,3.66,3.7,3.6,3.62,31000
RGLD,20100406,49.73,50.22,49.34,49.88,577100
RICK,20100406,12.75,13.15,12.75,13.09,125800
RIGL,20100406,7.99,7.99,7.76,7.77,358300
RMBS,20100406,22.06,22.07,21.16,21.58,3299800
RMCF,20100406,9.17,9.17,9.02,9.09,15500
RMTI,20100406,5.91,5.98,5.68,5.71,55500
RNST,20100406,16.78,17.17,16.7,17.13,80600
RNWK,20100406,4.89,4.95,4.81,4.86,531000
ROCK,20100406,13.2,13.36,13.12,13.26,126800
ROIC,20100406,10.26,10.27,10.17,10.2,213500
ROLL,20100406,32.06,32.55,32.02,32.31,206600
ROST,20100406,13.7425,13.775,13.5625,13.67,2140200
RPRX,20100406,0.7,0.72,0.68,0.7,1025300
RRGB,20100406,24.99,25.35,24.65,25.14,133200
RUSHA,20100406,9.4267,9.7933,9.2867,9.7533,72300
RUSHB,20100406,8.1267,8.7333,8.1267,8.6733,3800
RUTH,20100406,5.8,5.95,5.66,5.69,711200
RVSB,20100406,2.28,2.28,2.28,2.28,700
RYAAY,20100406,29.47,29.87,29.45,29.87,449600
SAFM,20100406,53.75,54.5,53.65,54.22,259000
SAFT,20100406,37.64,37.99,37.64,37.7,42800
SAIA,20100406,9.2067,9.6467,9.14,9.5867,91600
SALM,20100406,3.5,3.5,3.35,3.42,54900
SANM,20100406,17.08,17.15,16.87,16.95,510100
SASR,20100406,15.31,15.87,15.16,15.84,177900
SATS,20100406,16.575,16.9569,16.4938,16.8106,194000
SBAC,20100406,36.62,36.97,36.37,36.62,893600
SBCF,20100406,8.95,9.15,8.55,8.95,165000
SBGI,20100406,5.56,5.62,5.44,5.57,286000
SBLK,20100406,219.75,226.5,219,220.5,304600
SBNY,20100406,37.14,37.87,36.89,37.66,168200
SBSI,20100406,19.8857,20.1714,19.5143,20.0952,26900
SBUX,20100406,12.225,12.35,12.175,12.3,5794500
SCHL,20100406,26.55,27.37,26.3,27.05,685700
SCHN,20100406,55.58,56.48,54.6,54.66,759100
SCKT,20100406,3.22,3.22,2.92,3.04,22300
SCOR,20100406,17.01,17.28,16.69,16.74,28700
SCSC,20100406,29.63,30.03,29.17,30,203300
SCVL,20100406,15.6267,16.0867,15.6267,16.02,32300
SEAC,20100406,7.45,8.04,7.45,8.03,300000
SEED,20100406,100.6,104.7,99,102.7,1055900
SEIC,20100406,22.15,22.8,22.09,22.77,1587200
SENEA,20100406,29.68,29.68,29.12,29.35,6200
SENEB,20100406,29.7,29.7,29.7,29.7,0
SFNC,20100406,13.8,14,13.74,13.98,14900
SFST,20100406,8.1,8.1,8.1,8.1,0
SGC,20100406,9.56,9.56,9.48,9.48,600
SGEN,20100406,12.14,12.14,11.83,11.86,640200
SGMA,20100406,6,6.05,5.89,5.95,8700
SGMO,20100406,5.46,5.67,5.42,5.59,182900
SGMS,20100406,14.32,14.41,14.19,14.3,735800
SGRP,20100406,0.85,0.85,0.85,0.85,200
SHBI,20100406,14.07,14.27,13.9,14.06,9900
SHEN,20100406,9.54,9.98,9.54,9.93,31600
SHIP,20100406,1404,1608,1392,1572,1415900
SHIPW,20100406,0.1,0.1,0.1,0.1,53400
SHOO,20100406,9.5091,9.8568,9.4874,9.7916,364600
SHY,20100406,83.09,83.1,83.05,83.09,1014100
SIEB,20100406,2.35,2.35,2.35,2.35,0
SIFY,20100406,1.75,1.75,1.7,1.75,48000
SIGA,20100406,6.7,6.77,6.62,6.75,229400
SIGI,20100406,16.78,17.08,16.78,17.08,100400
SILC,20100406,10.55,10.79,10.51,10.79,18800
SIMO,20100406,4.88,5.05,4.65,4.99,387100
SINO,20100406,18.9,19.55,16.7,18.9,45200
SIRI,20100406,0.86,0.88,0.86,0.87,146504700
SIVB,20100406,47.24,49.78,46.85,49.2,772500
SKYW,20100406,14.14,14.35,14.14,14.33,315000
SLAB,20100406,49.9,50.2,49.52,49.96,542600
SLGN,20100406,15.7025,15.93,15.645,15.845,290600
SLP,20100406,1.81,1.81,1.76,1.81,20600
SLRC,20100406,22.56,22.94,22.4,22.59,149200
SMBC,20100406,7.25,7.25,7.25,7.25,300
SMCI,20100406,17.4,17.47,17.15,17.38,162100
SMED,20100406,6.65,6.72,6.5,6.59,118800
SMIT,20100406,3.54,3.62,3.47,3.62,4900
SMMF,20100406,4,4,4,4,200
SMSI,20100406,35.8,36.28,35.4,36.08,126600
SMTC,20100406,17.83,18.08,17.69,18.04,725700
SNCR,20100406,20.22,20.39,19.41,20.13,114700
SNFCA,20100406,3,3,3,3,400
SNPS,20100406,22.99,23.01,22.61,22.91,1088400
SOHU,20100406,53.58,54.85,53.54,54.48,472700
SONO,20100406,32.73,32.79,32.24,32.45,84100
SPNS,20100406,2.04,2.14,2,2.13,3600
SPPI,20100406,4.57,4.57,4.49,4.51,860500
SPRO,20100406,3.01,3.05,2.85,2.93,7300
SPTN,20100406,15.01,15.32,14.99,15.24,135500
SQQQ,20100406,70809.6,71104,69081.6,69708.8,92300
SRCE,20100406,17.74,18.09,17.41,17.82,20900
SRCL,20100406,54.75,55.25,54.75,55.14,379000
SRDX,20100406,21.16,21.35,21.01,21.14,29100
SSBI,20100406,6.72,6.72,6.55,6.55,400
SSNC,20100406,15.03,15.29,15.03,15.29,195800
SSTI,20100406,3.05,3.05,3.04,3.04,158300
SSYS,20100406,25.42,26.17,25.31,25.91,134800
STAA,20100406,3.65,3.74,3.65,3.74,9900
STBA,20100406,21.06,21.61,21.05,21.43,115800
STFC,20100406,18.16,18.24,17.9,17.96,25600
STKL,20100406,4.1,4.18,4.08,4.12,73300
STLD,20100406,18.4,18.94,18.36,18.66,4573300
STRA,20100406,243.55,246.69,242.49,245.38,197100
STRC,20100406,3.35,3.4,3.35,3.4,3600
STRL,20100406,15.89,16.35,15.89,16.2,165300
STRM,20100406,2,2.1,1.95,1.95,45600
STRN,20100406,7.25,7.3,7.24,7.3,1700
STRS,20100406,10.02,10.49,10.02,10.25,300
STRT,20100406,20.94,21.18,20.94,21.18,2200
STSA,20100406,40.92,42.9,39.6,42.9,512600
STX,20100406,18.41,19.23,18.3,19.06,15020500
SUMR,20100406,61.11,61.11,60.12,60.21,35300
SURG,20100406,1.58,1.7,1.58,1.67,156500
SVBI,20100406,4,4,3.94,3.95,1600
SWIR,20100406,8.67,9.05,8.67,8.96,319200
SWKS,20100406,15.89,15.99,15.75,15.9,2079000
SYBT,20100406,15.3067,15.58,15.14,15.5467,19800
SYNA,20100406,29.25,29.84,28.7,28.94,935400
SYNL,20100406,8.36,8.36,8.16,8.26,4100
SYPR,20100406,3.45,3.48,3.45,3.47,16400
TACT,20100406,7.33,7.54,7.06,7.2,35600
TAIT,20100406,1.49,1.49,1.41,1.49,11500
TAST,20100406,6.57,6.84,6.57,6.83,45200
TATT,20100406,8.01,8.17,7.99,8.16,4400
TAYD,20100406,6,6,5.85,6,10000
TBBK,20100406,9.07,9.15,8.97,9.08,67800
TBNK,20100406,18.2,19.02,18.2,18.8,28100
TCBI,20100406,19.16,19.59,19.01,19.55,425400
TCBK,20100406,20.42,20.65,20.23,20.6,25500
TCX,20100406,3.16,3.16,3,3.08,180700
TEAM,20100406,6.78,6.78,6.71,6.78,5400
TECH,20100406,63,63.41,63,63.2,83700
TESS,20100406,15.5733,15.5733,15.0667,15.2667,8000
TFSL,20100406,13.27,13.39,13.25,13.35,405700
TGA,20100406,6.31,6.45,6.29,6.36,261400
THFF,20100406,29.62,30.27,29.62,30.26,10900
THRX,20100406,14.22,14.33,13.81,13.84,685700
TIGR,20100406,3.25,3.3,3.25,3.25,6000
TITN,20100406,13.78,14.36,13.67,14.14,66300
TLT,20100406,87.8,87.85,87.35,87.61,3584500
TNDM,20100406,16.58,16.58,16.33,16.37,318500
TOPS,20100406,7770000,7910000,7770000,7840000,31900
TOWN,20100406,14.46,15.39,13.91,15.35,65000
TQQQ,20100406,2.3617,2.4196,2.3467,2.3979,152900
TREE,20100406,8.78,9.1,8.78,9.02,31700
TRIB,20100406,5.55,5.7,5.55,5.68,47700
TRIT,20100406,15.78,15.96,15.22,15.5,70000
TRMB,20100406,14.355,14.5,14.355,14.495,370400
TRMD,20100406,103.6,104.7,103,104.4,12300
TRMK,20100406,24.69,25.22,24.5,25.12,301300
TRNS,20100406,7,7,7,7,0
TROW,20100406,55.83,56.05,55.4,55.93,1665500
TRS,20100406,7.04,7.25,7.01,7.24,41500
TRST,20100406,6.21,6.37,6.21,6.35,156300
TRUE,20100406,3.21,3.25,3.21,3.25,1200
TSBK,20100406,3.93,4.05,3.93,3.99,3700
TSCO,20100406,15.22,15.38,15.1575,15.37,222400
TSEM,20100406,24.75,24.9,24.45,24.45,950300
TSRI,20100406,2.33,2.33,2.33,2.33,400
TTEC,20100406,17.4,17.4,17.09,17.25,277600
TTEK,20100406,23.56,24.03,23.38,23.85,451800
TTGT,20100406,4.96,5,4.93,4.95,90500
TTMI,20100406,8.92,9.14,8.92,9.14,600000
TTWO,20100406,10.3,10.5,10.27,10.42,1074700
TW,20100406,47.66,48.26,47.54,48.16,148500
TWIN,20100406,12.66,12.83,12.57,12.76,25500
TXN,20100406,25.24,25.3,24.93,25.05,10628000
TXRH,20100406,14.17,14.2,14.02,14.14,346700
TZOO,20100406,15.87,16.44,15.82,16.43,59300
UBCP,20100406,8.45,8.45,8.45,8.45,100
UBFO,20100406,4.56,4.88,4.54,4.65,8400
UBOH,20100406,10.55,10.55,10.11,10.11,1800
UBSI,20100406,27.01,28.67,26.92,27.95,482400
UCBI,20100406,4.9,5.24,4.82,5.18,2393100
UCTT,20100406,7.85,8.38,7.85,8.37,237300
UEIC,20100406,22.59,23.52,22.59,23.3,21000
UEPS,20100406,16.73,17.09,16.7,17.04,697700
UFCS,20100406,17.84,18.45,17.84,18.38,50500
UFPI,20100406,39.99,40.68,38.83,38.94,147600
UFPT,20100406,10.21,10.65,10.09,10.55,212100
UG,20100406,13.44,13.44,13,13,4900
UHAL,20100406,54.57,56.5,54.57,56.27,13000
ULBI,20100406,4.08,4.2,4.07,4.13,66700
ULTA,20100406,22.65,23.26,22.58,23.19,261600
UMBF,20100406,40.79,41.66,40.5,41.47,93200
UMPQ,20100406,13.22,13.57,13.17,13.5,890100
UNAM,20100406,9.64,9.64,9.59,9.59,1400
UNB,20100406,17.55,17.55,17.55,17.55,0
UNTY,20100406,5.2,5.22,5.05,5.05,6500
URBN,20100406,38.71,39.21,38.33,39.15,3055500
USAK,20100406,15.77,16.56,15.67,16.56,44800
USAP,20100406,25.01,25.02,24.1,24.37,9100
USEG,20100406,360,375,355.8,372.6,569600
USLM,20100406,37.84,38.75,37.84,38.55,700
UTHR,20100406,56.04,58.42,55.98,58.16,849200
UTMD,20100406,28.06,28.3,27.68,28.3,3200
UTSI,20100406,8.58,8.73,8.43,8.7,944800
UVSP,20100406,19.49,19.73,19.09,19.73,12900
VALU,20100406,23.1,23.1,22.56,22.61,2600
VBFC,20100406,47.04,50.88,44.8,48.96,2500
VCIT,20100406,75.48,75.95,75.48,75.92,34600
VCLT,20100406,74,74.07,74,74.07,2000
VCSH,20100406,76.02,76.04,75.95,76.01,56400
VECO,20100406,46.33,47.9,45.92,47.5,2352700
VGIT,20100406,59.06,59.09,59.06,59.09,2900
VGLT,20100406,56.7,56.7,56.39,56.61,4400
VGSH,20100406,59.89,59.89,59.84,59.87,4400
VIA,20100406,38.17,38.32,37.47,37.84,85400
VICR,20100406,14.07,14.36,14.07,14.21,93400
VIRC,20100406,3.52,3.62,3.5,3.62,3900
VIVO,20100406,19.94,20.1,19.71,19.87,316600
VLGEA,20100406,28.2,28.62,28.14,28.42,7900
VMBS,20100406,49.87,49.92,49.82,49.91,1700
VNDA,20100406,11.64,11.76,11.33,11.35,377200
VOD,20100406,22.71,23.04,22.69,23.04,8329700
VOXX,20100406,7.95,8.14,7.95,8.11,256400
VRSK,20100406,27.72,28.19,27.59,28.16,543600
VRSN,20100406,26.66,27.04,26.61,26.92,1839300
VRTS,20100406,20.97,21,20.64,20.79,8500
VRTX,20100406,40.51,40.66,40.06,40.47,2434500
VSAT,20100406,34.81,34.92,34.49,34.63,207400
VSEC,20100406,20.5,20.735,20.33,20.51,15800
WABC,20100406,56.16,57.35,56.04,57.15,227500
WAFD,20100406,20.24,20.33,20.15,20.27,1345100
WASH,20100406,18.62,19.06,18.38,18.98,12600
WAVE,20100406,0.43,0.46,0.42,0.43,964900
WDC,20100406,40.27,41.23,40.13,41.05,3909500
WDFC,20100406,33.52,33.58,32.92,33.3,45100
WERN,20100406,23.42,23.67,23.3,23.55,582400
WEYS,20100406,23.48,23.75,23.47,23.5,3600
WILC,20100406,6.05,6.05,5.87,5.91,56600
WINA,20100406,23.29,23.29,22.59,22.7,9200
WIRE,20100406,21,21.14,20.88,21.04,55700
WLDN,20100406,2.21,2.21,2.21,2.21,2000
WLFC,20100406,15.02,15.04,14.68,14.76,10800
WOOD,20100406,42.5,42.77,42.41,42.77,5700
WOOF,20100406,27.87,27.92,27.72,27.85,379800
WPRT,20100406,17.19,18.08,17.19,17.95,744700
WRLD,20100406,35.7,35.79,34.63,35.02,533700
WSBC,20100406,16.4,16.8,16.26,16.63,72000
WSBF,20100406,3.83,4.04,3.83,4.02,22700
WSFS,20100406,13.4733,13.72,13.4733,13.6,19100
WSTG,20100406,9.23,9.32,9.23,9.24,2900
WTBA,20100406,6.56,6.59,6.5,6.59,4500
WTFC,20100406,37.74,39.92,37.74,39.8,296000
WVFC,20100406,14,14,14,14,0
WVVI,20100406,3.54,3.54,3.53,3.53,2700
WYNN,20100406,82.08,83.2,81.32,81.74,3300100
XLNX,20100406,26.29,26.68,26.15,26.53,5929800
XOMA,20100406,11.8,12,11.6,11.6,1400100
XRAY,20100406,34.36,34.93,34.33,34.86,845400
XRTX,20100406,223.68,225,220.8,224.76,659400
YORW,20100406,14.1,14.14,13.86,13.96,36000
ZBRA,20100406,30.24,30.77,30,30.62,70900
ZEUS,20100406,34.98,35.96,34.98,35.42,57700
ZION,20100406,23.14,24.65,23.02,24.27,8533700
ZIOP,20100406,5.08,5.4,5.08,5.39,400500
ZIXI,20100406,2.34,2.37,2.3,2.34,308500
ZUMZ,20100406,21.73,22.05,21.45,21.96,231400
