AAME,20100610,1.45,1.48,1.4,1.41,2000
AAON,20100610,7.0103,7.1141,6.9481,7.1052,58600
AAPL,20100610,8.7443,8.9636,8.65,8.9468,27726900
AAWW,20100610,48.77,50.77,48.33,50.07,221900
AAXJ,20100610,51.29,52.57,51.29,52.49,158000
ABCB,20100610,10.29,10.58,10.17,10.5,92500
ABIO,20100610,2865.24,2978.64,2797.2,2971.08,40600
ABMD,20100610,9.56,9.56,9.4,9.45,184000
ACAD,20100610,1.18,1.3,1.18,1.27,430700
ACET,20100610,6.08,6.52,6.08,6.47,133000
ACGL,20100610,8.0256,8.1844,8.0211,8.17,284900
ACIW,20100610,6.2,6.3833,6.1633,6.3767,183100
ACLS,20100610,6.4,6.88,6.32,6.48,497500
ACMR,20100610,2.54,2.6,2.44,2.52,101900
ACOR,20100610,32.04,32.59,31.78,32.35,466300
ACTG,20100610,13.52,13.8,13.41,13.64,239600
ACWI,20100610,38.94,39.65,38.94,39.62,126400
ACWX,20100610,36.34,36.85,36.24,36.82,608500
ADBE,20100610,31.34,31.76,30.83,31.72,5666700
ADES,20100610,2.685,2.685,2.57,2.57,1500
ADI,20100610,28.24,28.77,28.16,28.62,3913900
ADP,20100610,36.251,37.0501,35.8032,36.8921,4842700
ADPT,20100610,3.06,3.09,3.01,3.08,2265000
ADRE,20100610,39.99,40.75,39.99,40.69,63700
ADSK,20100610,26.89,27.45,26.62,27.4,3908400
ADTN,20100610,27.08,27.46,26.76,27.27,507500
ADUS,20100610,5.85,5.99,5.76,5.76,1100
AEHR,20100610,2.32,2.39,2.26,2.35,20200
AEIS,20100610,12.17,12.55,12.03,12.53,479900
AEY,20100610,2.83,2.83,2.8,2.8,2400
AEZS,20100610,750,798,750,780,2383900
AGEN,20100610,0.83,0.87,0.82,0.86,665500
AGNC,20100610,26.8,27.23,26.79,27.2,457700
AGYS,20100610,6.72,6.97,6.65,6.95,165500
AHPI,20100610,3.58,3.66,3.43,3.65,2800
AIMC,20100610,13.17,13.4,12.93,13.21,196200
AINV,20100610,30.24,30.75,29.88,30.57,1617400
AIRT,20100610,10.62,11.2,10.62,10.94,13200
AKAM,20100610,42.98,43.9,41.87,42.83,5551100
ALCO,20100610,23.72,24.1,22.81,23.53,42000
ALGN,20100610,13.49,13.98,13.33,13.7,1452500
ALGT,20100610,48.47,49.94,48.33,49.36,591100
ALIM,20100610,8.39,8.9,8.39,8.8,19400
ALKS,20100610,11.08,11.26,11.02,11.26,531700
ALLT,20100610,4.76,4.85,4.6,4.65,29600
ALNY,20100610,15.47,15.61,15.14,15.57,175600
ALOT,20100610,7.35,7.35,7.17,7.23,4500
ALRN,20100610,0.71,0.71,0.71,0.71,0
ALTR,20100610,23.19,23.67,23,23.66,9804100
ALVR,20100610,20.5,20.9,20.4,20.7,205700
AMAT,20100610,12.36,12.63,12.32,12.53,21926500
AMD,20100610,7.78,8.04,7.74,8.01,27991200
AMED,20100610,45.79,46.08,45.21,45.86,348000
AMGN,20100610,53.61,54.28,53.28,54.01,6195200
AMKR,20100610,6.1,6.26,6.03,6.26,1859900
AMNB,20100610,19.99,19.99,19.41,19.86,10200
AMOT,20100610,4.5,4.52,4.05,4.09,7800
AMPH,20100610,22.7,23.39,22.34,23.34,13600
AMPL,20100610,30.2,30.2,28,30.2,121200
AMRN,20100610,2.3,2.49,2.3,2.41,284500
AMSC,20100610,286.6,293,285.2,292.5,613400
AMSF,20100610,16.63,16.9,16.5,16.89,60600
AMSWA,20100610,5.59,5.61,5.46,5.59,59300
AMWD,20100610,21.15,21.81,20.97,21.73,27100
AMZN,20100610,120,123.5,119.2,123.21,6061700
ANAT,20100610,101.41,102.58,100.89,101.96,34200
ANDE,20100610,20.64,20.7067,20.2,20.4867,137600
ANGN,20100610,4.3,4.45,4.25,4.25,1300
ANGO,20100610,14.13,14.16,13.96,14.11,64800
ANIK,20100610,6.05,6.05,5.95,5.96,6900
ANSS,20100610,42.4,43.08,42.25,43.01,290300
AOSL,20100610,14.31,14.49,14.06,14.24,49200
APAC,20100610,6.21,6.25,6.11,6.25,165800
APEI,20100610,45.58,46.64,45.36,46.16,146600
APOG,20100610,12.87,12.91,12.53,12.78,167800
ARAY,20100610,6.38,6.49,6.26,6.48,320300
ARCC,20100610,13.32,13.52,13.16,13.49,1520500
ARKR,20100610,13.48,13.68,13.44,13.54,3500
ARLP,20100610,22.795,23.25,22.535,23.17,72100
ARNA,20100610,29,29.3,28.2,29.1,2023800
AROW,20100610,24.67,25.21,24.53,25.19,14500
ARRY,20100610,3.17,3.24,3.08,3.16,209300
ARTNA,20100610,16.76,17.13,16.43,16.89,24000
ARTW,20100610,5.9,5.9,5.9,5.9,0
ARWR,20100610,1.72,1.74,1.66,1.66,218500
ASML,20100610,29.29,29.41,28.7,29.18,2647400
ASPS,20100610,26.21,26.8,25.79,26.73,98300
ASRV,20100610,1.76,1.77,1.71,1.77,2400
ASTC,20100610,1.36,1.39,1.31,1.37,86900
ASTE,20100610,28.11,28.55,27.69,28.55,99300
ASUR,20100610,1.4933,1.5533,1.4733,1.52,8500
ASYS,20100610,8.71,8.95,8.7,8.9,18600
ATAI,20100610,3.48,3.55,3.4,3.5,19500
ATAX,20100610,5.5,5.5,5.45,5.49,30000
ATEC,20100610,56.16,56.76,54.36,56.28,197300
ATHX,20100610,2.93,3.05,2.83,2.94,31700
ATLO,20100610,17.98,18.74,17.98,18.55,16100
ATNI,20100610,40.69,42.09,40.69,41.97,23000
ATRC,20100610,5.1,5.24,4.94,5.2,11400
ATRI,20100610,130.18,134.6,130.18,134.6,1600
ATRO,20100610,12.95,13.1833,12.7167,13.0667,18100
ATSG,20100610,4.77,5.09,4.66,5.09,414000
ATVI,20100610,10.48,10.69,10.48,10.69,8137000
AUBN,20100610,18.1,18.1,17,17.31,11500
AUDC,20100610,2.48,2.58,2.46,2.55,80500
AVAV,20100610,24.85,25.13,24.34,24.68,190000
AVEO,20100610,75.2,78.5,74.5,74.5,82200
AVGO,20100610,21.5,21.97,21.49,21.8,1009800
AVID,20100610,12.64,12.79,12.43,12.76,144300
AVNW,20100610,44.76,47.76,43.92,45.96,898500
AWRE,20100610,2.4,2.4,2.31,2.35,7700
AXTI,20100610,4.18,4.3,4.12,4.25,244300
AZPN,20100610,11.49,11.72,11.49,11.69,143600
BANF,20100610,37.82,37.82,36.95,37.74,11600
BANFP,20100610,25.29,25.29,25.29,25.29,0
BANR,20100610,26.18,27.65,25.97,27.09,282200
BBBY,20100610,43.68,44.62,43.07,44.57,2777200
BBGI,20100610,6.07,6.48,6,6.48,7200
BBSI,20100610,13.22,13.4,12.98,13.21,34000
BCBP,20100610,8.5,8.65,8.5,8.65,200
BCPC,20100610,24.31,24.73,24.08,24.71,103400
BCRX,20100610,6.23,6.38,6.11,6.26,325700
BDSI,20100610,2.52,2.52,2.42,2.48,203000
BEAT,20100610,6.41,6.48,6.26,6.32,311500
BECN,20100610,18.8,19.86,18.57,19.73,728500
BELFA,20100610,15.9,16.51,15.9,16.51,1400
BELFB,20100610,17.08,17.25,16.77,17.22,28700
BFIN,20100610,8.8,8.95,8.57,8.91,78800
BGCP,20100610,5.54,5.59,5.37,5.49,466000
BGFV,20100610,13.23,13.66,13.22,13.63,88700
BIB,20100610,5.4263,5.5925,5.4263,5.5625,1900
BICK,20100610,26.96,27.12,26.92,27.11,3600
BIDU,20100610,69.14,72.72,68.42,72.63,15016600
BIIB,20100610,43.9554,44.4528,43.5593,44.3423,2931400
BIOC,20100610,131.1,131.1,131.1,131.1,0
BIS,20100610,309.52,309.52,300.16,300.16,1400
BITS,20100610,6.85,6.96,6.8,6.96,5100
BJRI,20100610,22.74,23.3,22.49,23.3,268900
BKCC,20100610,10.63,10.65,10.23,10.44,292700
BKSC,20100610,10.05,10.05,10.05,10.05,300
BLDP,20100610,1.76,1.81,1.75,1.77,145800
BLIN,20100610,297.5,297.5,280,280,1500
BLKB,20100610,21.88,22,21.63,21.98,154800
BMRC,20100610,15.595,15.825,15.555,15.71,5600
BMRN,20100610,19.11,19.54,18.99,19.53,787200
BMTC,20100610,16.46,16.79,16.1,16.76,35500
BNSO,20100610,1.06,1.06,1.06,1.06,0
BOKF,20100610,49.78,50.45,49.35,50.38,82600
BOLT,20100610,8.49,8.72,8.24,8.71,93700
BOOM,20100610,14.44,14.78,14.27,14.77,85300
BOSC,20100610,4.52,4.76,4.44,4.76,5800
BPOP,20100610,26.4,28.6,26.4,27.7,14427200
BPOPM,20100610,18.58,18.58,18.58,18.58,0
BPOPN,20100610,18.05,18.3,17.96,18.25,3400
BRID,20100610,14.9,14.96,14.5,14.75,6200
BRKL,20100610,9.57,9.58,9.37,9.5,502900
BRKR,20100610,12.46,12.75,12.29,12.75,694000
BRKS,20100610,6.87,7.13,6.83,7.11,337600
BRLI,20100610,22.86,23,22.63,23,76900
BSET,20100610,5.25,5.3,5.12,5.19,2000
BSQR,20100610,2.3,2.41,2.25,2.33,363100
BSRR,20100610,11.79,11.95,11.52,11.81,38000
BUSE,20100610,4.05,4.16,3.94,4.05,143600
BWEN,20100610,23.3,24.1,22.8,23.5,786800
BYFC,20100610,3.4,3.4,3.4,3.4,0
CAAS,20100610,17.37,17.5,16.86,17.44,308600
CAC,20100610,29.06,29.06,28.61,28.8,15800
CACC,20100610,44.51,45.76,43.06,45.47,19300
CAKE,20100610,24.67,25.02,24.08,24.38,1973700
CALM,20100610,16.48,16.845,16.385,16.755,103200
CAMP,20100610,2.28,2.36,2.21,2.27,34000
CAMT,20100610,2.4,2.41,2.31,2.35,23800
CARV,20100610,7.16,7.16,7.15,7.15,400
CASA,20100610,2.4,2.53,2.4,2.53,300
CASH,20100610,10.0667,10.1667,10.0667,10.1667,500
CASS,20100610,32.6,32.6,31.7,32.13,29400
CASY,20100610,35.86,36,35.55,35.71,587700
CATY,20100610,10.36,10.57,10.19,10.57,648600
CBAN,20100610,6.66,7.24,6.66,6.9,3100
CBNK,20100610,11.44,11.49,11.24,11.48,13100
CBRL,20100610,48.79,48.93,47.27,48.34,393900
CBSH,20100610,36.23,36.99,36.21,36.97,365200
CCBG,20100610,13.47,13.75,13.28,13.72,22000
CCMP,20100610,34.79,34.94,34.27,34.84,116400
CCNE,20100610,10.9,11.49,10.81,10.97,23500
CCOI,20100610,8.34,8.38,7.98,8.11,324500
CCRN,20100610,7.79,8,7.52,7.98,70300
CDNS,20100610,5.96,6.18,5.96,6.12,28037200
CDXS,20100610,10.04,10.28,9.55,10.03,69300
CDZI,20100610,12.49,12.71,12.1,12.63,37600
CECE,20100610,4.65,4.81,4.64,4.77,16600
CELH,20100610,1.85,1.99,1.85,1.85,23300
CENT,20100610,9.54,9.69,9.4,9.52,146600
CENTA,20100610,8.96,8.97,8.76,8.9,378500
CENX,20100610,9.13,9.53,9.12,9.52,3573900
CERN,20100610,19.755,20.115,19.58,20.0775,720900
CERS,20100610,3.19,3.21,3.11,3.16,185900
CEVA,20100610,11.3,11.7,11.25,11.63,81200
CFBK,20100610,49.5,49.5,48.125,48.675,1500
CFFI,20100610,19.3,19.3,19.3,19.3,100
CFFN,20100610,33.5,33.78,33.2,33.75,121900
CGEN,20100610,3.99,3.99,3.84,3.92,57500
CGNX,20100610,4.395,4.4375,4.3525,4.415,136200
CHCI,20100610,1.85,1.93,1.79,1.9,46900
CHCO,20100610,31.17,31.46,30.73,31.43,84300
CHDN,20100610,10.7367,10.9433,10.5033,10.94,72100
CHKP,20100610,30.11,30.46,29.85,30.19,1884200
CHNG,20100610,6.57,6.88,6.57,6.77,127300
CHNR,20100610,9.81,9.92,9.26,9.42,16400
CHRS,20100610,4.05,4.16,4.01,4.16,1008000
CHRW,20100610,56.75,57.7,56.49,57.44,2152600
CHSCP,20100610,27.98,28.06,27.85,28,11100
CIDM,20100610,14.5,15.7,14,15.1,36400
CINF,20100610,27.1,27.73,26.94,27.7,1182100
CIZN,20100610,19.93,20.18,19.25,19.85,9300
CJJD,20100610,4.25,4.25,4.24,4.25,4500
CLDX,20100610,73.35,75.45,67.95,74.4,1537400
CLFD,20100610,2.54,2.55,2.35,2.5,29900
CLMT,20100610,17.11,17.25,17,17.23,43100
CLNE,20100610,16.23,16.57,15.99,16.44,1340900
CLRO,20100610,3.02,3.14,3,3.1,39000
CLSN,20100610,3.39,3.63,3.39,3.51,29800
CLWT,20100610,5.5733,5.8667,5.5367,5.5733,9800
CMCO,20100610,14.33,14.68,14.17,14.23,134900
CMCSA,20100610,8.855,9.045,8.79,9.035,21576000
CME,20100610,59.53,60.9,58.8,60.718,696100
CMLS,20100610,30.4,32,29.28,31.92,39600
CMTL,20100610,30.02,30.92,30.02,30.53,236100
CNBKA,20100610,20.44,21.65,20.26,21.39,9300
CNOB,20100610,7.23,7.26,7.1,7.24,46000
CNSL,20100610,16.81,17.07,16.72,16.92,150900
CNTY,20100610,2.19,2.25,2.18,2.25,13500
COCO,20100610,11.85,12.01,11.49,11.64,3721100
COGT,20100610,8.85,8.88,8.64,8.85,369300
COHR,20100610,34.18,34.73,34.02,34.53,105500
COHU,20100610,13.11,13.37,13,13.34,73200
COIN,20100610,0.79,0.82,0.78,0.8,396300
COKE,20100610,48.48,48.65,47.75,48.47,22700
COLB,20100610,19.45,19.9,19.23,19.88,412900
COLM,20100610,24.91,25.4,24.91,25.39,65000
CONN,20100610,6.14,6.69,6.14,6.41,160100
COOL,20100610,33.18,33.6,31.92,32.76,58000
CORT,20100610,3.37,3.48,3.25,3.4,33400
COST,20100610,57.82,58.06,57.3,57.65,3277100
COWN,20100610,4.13,4.26,4.05,4.25,171100
CPHC,20100610,8.4,8.41,8.4,8.41,400
CPIX,20100610,6.77,6.96,6.55,6.74,99500
CPLP,20100610,7.48,7.55,7.4,7.55,63400
CPRT,20100610,9.06,9.2075,8.8875,9.19,171200
CPRX,20100610,1.04,1.09,1.03,1.05,56200
CPSI,20100610,41.08,42.16,40.75,42.15,66800
CPSS,20100610,1.46,1.47,1.4,1.44,16800
CRAI,20100610,21.22,22.67,21.22,22.42,172800
CREG,20100610,316,325,300,300,43700
CRESW,20100610,0.17,0.18,0.17,0.18,1100
CRESY,20100610,11.6,11.77,11.47,11.55,48100
CRIS,20100610,14.25,15.35,14.25,15.25,309500
CRMT,20100610,23.32,23.77,22.78,23.75,68800
CRNT,20100610,6.95,7.29,6.89,7.16,548500
CROX,20100610,10.13,10.58,10.04,10.53,3253500
CRTX,20100610,5.74,5.85,5.57,5.61,39200
CRUS,20100610,13.72,13.9,13.33,13.72,2291300
CRVL,20100610,17.35,17.64,17.17,17.555,14000
CRWS,20100610,4.02,4.02,4,4,1500
CSCO,20100610,23,23.1,22.51,22.77,98936000
CSGP,20100610,39.99,40.41,39.78,40.41,59700
CSGS,20100610,19.04,19.18,18.84,19.15,172700
CSII,20100610,4.53,4.59,4.4,4.59,30700
CSIQ,20100610,9.47,9.84,9.26,9.79,1194600
CSPI,20100610,4.2,4.21,4.2,4.21,6300
CSTR,20100610,51.33,52.97,50.9,52.88,1168300
CSWC,20100610,21.96,22.2075,21.5,21.715,7100
CSX,20100610,16.7333,17.2667,16.7333,17.2567,3440300
CTAS,20100610,24.98,25.36,24.91,25.35,1367900
CTBI,20100610,26,26.34,25.7,26.32,40400
CTHR,20100610,2.64,2.7,2.61,2.67,33100
CTIB,20100610,5.36,5.5,5.3,5.31,8200
CTIC,20100610,17,19.5,17,18,7746800
CTRN,20100610,33.31,33.96,32.19,33.8,127500
CTSH,20100610,25.42,25.755,25.175,25.72,3062700
CTXS,20100610,34.5223,34.8806,34.2197,34.8567,2794800
CUBA,20100610,5.9,6.14,5.9,6.14,15000
CUTR,20100610,8.96,9.28,8.69,8.88,85600
CVBF,20100610,9.33,9.58,9.22,9.56,873100
CVCO,20100610,34.51,35,33.5,34.36,35500
CVCY,20100610,6.95,6.95,6.95,6.95,0
CVGI,20100610,11.45,11.58,11.31,11.55,215400
CVGW,20100610,18.81,18.86,18.38,18.4,125700
CVLT,20100610,21.71,21.87,20.9,21.64,306700
CVLY,20100610,7.5,7.5,7.5,7.5,0
CVV,20100610,3.42,3.42,3.32,3.32,5200
CWBC,20100610,2.55,2.7,2.55,2.7,21300
CWCO,20100610,11.9,12.06,11.46,12.06,66000
CWST,20100610,3.56,3.56,3.36,3.46,128200
CXDC,20100610,6.69,6.69,6.19,6.27,37700
CYAN,20100610,2.26,2.26,2.2,2.23,1400
CYBE,20100610,9.29,9.49,9.29,9.35,3900
CYCC,20100610,2486.4,2839.2,2402.4,2721.6,1413400
CYCCP,20100610,3.72,3.72,3.72,3.72,0
CYTK,20100610,15.96,16.62,15.48,16.62,167400
CZNC,20100610,11.55,12.55,11.53,12.25,38200
CZWI,20100610,4.01,4.01,4.01,4.01,100
DAIO,20100610,4.4,4.55,4.4,4.51,31700
DAKT,20100610,7.61,7.96,7.54,7.95,242600
DCOM,20100610,12.14,12.43,12.07,12.19,143900
DCTH,20100610,2291.2,2403.84,2127.36,2355.2,4509600
DDMX,20100610,13.55,13.89,13.55,13.82,74100
DENN,20100610,2.8,2.88,2.76,2.82,957800
DGICA,20100610,12.64,12.64,12.53,12.62,14800
DGICB,20100610,16.75,16.75,16.75,16.75,0
DGII,20100610,8.03,8.17,7.96,8.1,114400
DGLY,20100610,2.04,2.15,2.04,2.14,24000
DHIL,20100610,62.2,64.24,62.2,63.67,3300
DIOD,20100610,17.93,18.22,17.72,18.02,329000
DISCA,20100610,36.52,38.02,36.07,37.98,2430700
DISCB,20100610,37.3,37.3,37.26,37.26,200
DISCK,20100610,15.065,15.67,15.065,15.64,860600
DISH,20100610,20.47,20.97,20.47,20.97,2757300
DJCO,20100610,71.5,71.5,71,71,300
DLTR,20100610,20.64,20.9234,20.6167,20.8734,1076100
DMLP,20100610,25.7,25.84,25.3,25.5,66800
DMRC,20100610,17.64,18.2,17.64,17.9,33100
DORM,20100610,9.845,10.65,9.845,10.405,69000
DRIV,20100610,25.9,26.31,25.56,26.31,274400
DRRX,20100610,2.69,2.75,2.61,2.75,190700
DSGX,20100610,6.15,6.2,6.1,6.1,7200
DSPG,20100610,5.96,6.14,5.96,6.06,420900
DSWL,20100610,3.75,3.89,3.66,3.89,17800
DVAX,20100610,17.3,18.1,16.8,18.1,478400
DWSN,20100610,21.42,22.19,21.02,22.15,77700
DXCM,20100610,9.92,9.98,9.6,9.81,418500
DXPE,20100610,14.21,14.78,13.93,14.78,64000
DXYN,20100610,4.72,4.73,4.33,4.51,18100
DYNT,20100610,3.45,3.7,3.4,3.7,6200
EBAY,20100610,9.2421,9.4232,9.2421,9.3811,17058700
EBIX,20100610,14.56,14.94,14.45,14.93,298600
EBMT,20100610,9.79,9.85,9.73,9.82,7800
EBSB,20100610,4.6609,4.6977,4.5588,4.616,369600
EBTC,20100610,10.44,10.5,10.3,10.5,16300
ECHO,20100610,12.35,12.35,11.87,11.98,50500
ECOL,20100610,14.09,14.15,13.92,14.13,62100
ECPG,20100610,18.18,18.42,17.89,18.2,145300
EDAP,20100610,2.5,2.5,2.36,2.4,8400
EDUC,20100610,2.85,2.85,2.8,2.8,500
EEFT,20100610,12.87,12.95,12.77,12.95,378800
EFOI,20100610,5.75,6,5.75,5.8,52100
EFSC,20100610,9.29,9.43,8.86,9.42,35000
EGBN,20100610,11.93,12.2,11.89,12.15,34400
EGLE,20100610,43848,45360,43344,45360,2237200
EHTH,20100610,11.89,12.12,11.7,11.91,268200
ELSE,20100610,3.92,3.92,3.91,3.91,200
ELTK,20100610,1.54,1.54,1.45,1.54,1500
EMCF,20100610,15.5,15.5,15.5,15.5,1000
EMIF,20100610,28.25,28.77,28.25,28.77,18600
EMKR,20100610,3.6,3.68,3.52,3.64,385600
ENDP,20100610,21.15,21.58,21.08,21.56,1822100
ENG,20100610,2.43,2.44,2.36,2.39,75000
ENSG,20100610,8.735,8.85,8.625,8.8,91100
ENTG,20100610,4.27,4.35,4.23,4.33,3096700
EPAY,20100610,13.86,14.36,13.81,14.25,272000
EQIX,20100610,84,84.81,83.23,84.6,1456700
ERES,20100610,7.99,8.06,7.82,7.94,165600
ERIC,20100610,10.59,10.76,10.52,10.68,8755700
ERIE,20100610,45.76,46.15,45.43,46,81000
ERII,20100610,3.28,3.29,3.22,3.27,271600
ESBK,20100610,16.41,16.77,15.01,15.25,1100
ESCA,20100610,4.32,4.89,4.18,4.89,24900
ESEA,20100610,28.8,29.84,28.8,29.76,152300
ESGR,20100610,65.5,66.31,64.25,65.7,21800
ESLT,20100610,50.35,50.84,49.96,50.84,7400
ESSA,20100610,12.37,12.54,12.28,12.45,34900
EUFN,20100610,18.36,18.6,18.18,18.6,111100
EVK,20100610,2.74,3,2.74,2.98,6200
EVOL,20100610,6.87,6.9,6.75,6.9,5000
EWBC,20100610,15.23,15.88,15.13,15.86,3730300
EXAS,20100610,4.16,4.35,4.15,4.31,95600
EXEL,20100610,4.67,4.76,4.62,4.74,693900
EXLS,20100610,16.97,17.66,16.96,17.64,75200
EXPD,20100610,36.7,37.51,36.29,37.5,1108800
EXPE,20100610,20.13,20.57,19.94,20.55,4071400
EXPO,20100610,7.4025,7.4025,7.19,7.3875,146900
EXTR,20100610,2.63,2.66,2.53,2.66,623700
EZPW,20100610,18.09,18.29,17.83,18.29,346400
FARM,20100610,16.56,16.75,16.23,16.46,11600
FARO,20100610,20.9,21.75,20.55,21.43,223300
FAST,20100610,12.495,12.8825,12.405,12.875,862000
FBIZ,20100610,10.47,10.47,9.75,9.81,300
FBMS,20100610,7.55,7.55,7.55,7.55,0
FBNC,20100610,15.39,15.46,15.12,15.4,61500
FCAL,20100610,2.79,2.79,2.76,2.79,49700
FCAP,20100610,14.58,14.58,14.58,14.58,0
FCBC,20100610,15.11,15.39,15,15.32,76500
FCCO,20100610,6,6,5.89,5.97,2100
FCCY,20100610,8.16,8.16,8.16,8.16,0
FCEL,20100610,298.08,300.96,262.08,269.28,1798800
FCFS,20100610,21.34,21.42,20.65,21.36,86900
FCNCA,20100610,196.1,202.53,196.1,200.94,15800
FEIM,20100610,5.22,5.32,5.1,5.32,10300
FELE,20100610,14.36,14.655,14.175,14.65,96200
FFBC,20100610,15.45,15.81,15.3,15.75,219200
FFHL,20100610,0.86,0.86,0.86,0.86,400
FFIC,20100610,12.49,12.79,12.34,12.75,98200
FFIN,20100610,8.25,8.3767,8.2384,8.3767,72700
FFIV,20100610,68.27,68.99,66.79,68.1,899100
FFNW,20100610,3.88,4.15,3.85,4.13,95300
FIBK,20100610,15.68,15.68,15.17,15.31,59600
FISI,20100610,17.72,17.93,17.28,17.78,37300
FISV,20100610,11.5975,11.7975,11.51,11.79,1215600
FITB,20100610,13.18,13.39,12.96,13.37,13949800
FITBP,20100610,134,135.72,131.69,135.72,20900
FIZZ,20100610,11.84,12,11.77,12,43000
FLEX,20100610,6.6,6.73,6.5,6.61,5987600
FLIC,20100610,16.1333,16.3333,16.1133,16.26,41200
FLWS,20100610,2.48,2.53,2.42,2.53,91800
FLXS,20100610,11.52,11.88,11.47,11.7,5200
FMBI,20100610,12.57,13.26,12.56,13.25,475100
FNLC,20100610,14.23,14.5,13.91,14.22,17400
FOLD,20100610,2.71,2.78,2.58,2.74,55700
FONR,20100610,1.44,1.54,1.44,1.54,5600
FORD,20100610,4.7,4.7,4.5,4.55,17100
FORM,20100610,11.33,11.53,11.09,11.19,1166200
FORR,20100610,31.15,31.84,31.15,31.78,57600
FORTY,20100610,13.66,14.01,13.59,14.01,5500
FOSL,20100610,37.23,38.59,37.12,38.54,1212800
FRBK,20100610,2.26,2.34,2.2,2.25,48100
FREE,20100610,187500000,192000000,186000000,189000000,48800
FREEW,20100610,0.1,0.1,0.1,0.1,0
FRME,20100610,7.89,8.19,7.81,8.15,131700
FRPT,20100610,4.09,4.23,4,4.23,505200
FSFG,20100610,13.24,13.5,13.23,13.5,1100
FSII,20100610,3.68,3.9,3.52,3.67,888000
FSLR,20100610,106.3,109.62,104.5,109.36,2139200
FSTR,20100610,26.44,26.97,26.04,26.5,44800
FTEK,20100610,5.82,6.06,5.7,6.05,139300
FTNT,20100610,7.62,7.805,7.565,7.725,587500
FULT,20100610,9.7,9.99,9.66,9.99,1263600
FUNC,20100610,4.45,4.45,4.06,4.2,34400
FUND,20100610,6,6.17,6,6.05,45000
FWRD,20100610,27.14,27.93,27.05,27.65,157900
GABC,20100610,10.0933,10.52,9.9067,10.5067,23400
GAIA,20100610,7.32,7.43,7.26,7.3,43300
GAIN,20100610,5.26,5.34,5.15,5.23,45800
GALT,20100610,4.32,4.32,4.08,4.14,319900
GAME,20100610,5.01,5.27,5.01,5.27,633600
GASS,20100610,4.78,4.83,4.71,4.79,28700
GBCI,20100610,15.16,15.26,14.98,15.23,728800
GBDC,20100610,13.98,14.17,13.87,13.96,16500
GCBC,20100610,8.525,8.525,8.455,8.455,300
GENC,20100610,5.2,5.2,5.08,5.12,7100
GENE,20100610,20.6,21.8,20.6,21.8,1100
GERN,20100610,5.07,5.1,4.99,5.09,618300
GFED,20100610,6.12,6.12,6.12,6.12,0
GGAL,20100610,5.85,5.89,5.68,5.89,103700
GIFI,20100610,15.14,15.76,14.71,15.73,44500
GIGM,20100610,11.5,11.55,11,11.25,417900
GIII,20100610,12.79,13.175,12.645,13.155,207200
GILD,20100610,16.575,16.95,16.54,16.86,13218500
GILT,20100610,4.23,4.23,4.11,4.18,90400
GLAD,20100610,10.77,10.82,10.45,10.63,83200
GLBL,20100610,5.19,5.29,5.07,5.29,889900
GLBZ,20100610,9.52,9.52,9.5,9.5,1300
GLDD,20100610,5.83,5.93,5.69,5.84,652000
GLNG,20100610,10.31,10.56,10.13,10.53,147200
GLRE,20100610,24.09,24.4,24.06,24.39,97900
GNTX,20100610,9.58,9.75,9.555,9.675,1114000
GOOD,20100610,15.6,16,15.2,15.99,55300
GOODO,20100610,21.39,21.39,21.39,21.39,0
GOOG,20100610,240.185,244.25,237.92,243.505,2585900
GPRE,20100610,10.91,11.96,10.91,11.96,413600
GPRO,20100610,43.49,44.5,43.49,44.37,301500
GRID,20100610,27.99,28.45,27.99,28.45,10700
GRMN,20100610,32.64,33.29,32.25,33.16,1275500
GROW,20100610,5.92,6.1,5.92,6.09,133000
GRVY,20100610,6.88,7,6.88,7,4900
GSBC,20100610,22.44,22.52,22.27,22.29,28800
GSIT,20100610,5.78,6.01,5.65,5.84,88100
GSM,20100610,10.33,10.55,9.59,10.04,2368300
GT,20100610,11.06,11.31,10.93,11.27,2805300
GTEC,20100610,14.92,15.25,14.73,15.18,12200
GTIM,20100610,0.95,0.95,0.95,0.95,500
GYRO,20100610,39.01,39.01,38.99,38.99,700
HA,20100610,6.86,6.9,6.71,6.8,414300
HAFC,20100610,1.62,1.68,1.6,1.63,857800
HAIN,20100610,11.265,11.4,11.21,11.345,359800
HALL,20100610,9.75,10.21,9.6,10.18,51400
HALO,20100610,6.49,6.73,6.47,6.73,245000
HAS,20100610,39,40.63,39,40.57,3236000
HAYN,20100610,27.71,29.14,27.7,29.12,70000
HBAN,20100610,5.84,5.92,5.76,5.91,18085900
HBANP,20100610,1014.69,1014.69,1013.95,1013.95,100
HBCP,20100610,13.57,13.6,13.5,13.59,19800
HBIO,20100610,3.51,3.63,3.46,3.54,127000
HBNC,20100610,4.2133,4.2845,4.158,4.2765,1500
HCCI,20100610,8,8.23,7.89,8.22,40600
HCII,20100610,6.08,6.09,5.99,6,4600
HCIIW,20100610,0.45,0.45,0.45,0.45,200
HCKT,20100610,3.01,3.07,2.91,3.07,89900
HCSG,20100610,12.9,13.0133,12.7533,12.9867,153800
HDSN,20100610,2.37,2.38,2.25,2.34,4100
HEES,20100610,9.28,9.46,9.15,9.46,120700
HELE,20100610,23.57,24.45,23.57,24.32,357400
HERO,20100610,2.72,2.77,2.68,2.77,3484300
HFWA,20100610,13.92,14.05,13.73,13.97,31100
HIBB,20100610,24.39,24.87,24.39,24.84,150900
HIFS,20100610,37,37,37,37,0
HIHO,20100610,2.39,2.4,2.39,2.4,800
HIMX,20100610,2.97,3.02,2.95,3.02,204300
HLIT,20100610,5.46,5.56,5.4,5.55,544700
HMNF,20100610,5.5,5.5,4.55,5.25,7500
HNRG,20100610,12.25,13.25,11.44,12.85,46800
HOFT,20100610,11.38,11.5,10.87,11.23,90000
HOLI,20100610,9.11,9.35,9,9.27,97800
HOLX,20100610,14.16,14.43,14.12,14.19,5514300
HOMB,20100610,5.665,5.7925,5.66,5.7875,63300
HOOK,20100610,3.89,3.9,3.8,3.9,13000
HOVNP,20100610,8.5,8.75,8.5,8.75,3900
HSIC,20100610,54.31,54.76,54.16,54.51,586800
HSII,20100610,22.57,23.62,22.38,23.59,117600
HSKA,20100610,0.67,0.7,0.62,0.64,76700
HSTM,20100610,4.46,4.8,4.46,4.8,15900
HTBK,20100610,3.83,3.83,3.75,3.8,16300
HTHT,20100610,3.4775,3.5375,3.4775,3.525,38200
HTLD,20100610,14.84,15.09,14.82,15.09,542100
HTLF,20100610,16.73,17.17,16.62,17.14,24200
HUBG,20100610,30.49,31.24,30.2,31.22,204100
HURC,20100610,16.64,16.97,16.36,16.97,31300
HURN,20100610,21.51,21.51,20.83,21.25,199300
HWBK,20100610,12,12,11.76,11.76,3500
HWKN,20100610,24.3,25.28,24.25,25.14,35600
IART,20100610,19.05,19.185,18.665,18.915,163400
IBB,20100610,78.95,80.35,78.7,80.35,509400
IBCP,20100610,0.8,0.83,0.8,0.8,18100
IBKR,20100610,17.02,17.18,16.94,17.18,204600
IBOC,20100610,17.56,18.12,17.37,18.08,277900
ICAD,20100610,1.65,1.79,1.65,1.72,370100
ICCC,20100610,3.3,3.4,3.3,3.4,400
ICFI,20100610,21.49,21.76,21.38,21.73,74100
ICLK,20100610,3.8,3.9,3.7,3.9,34000
ICLN,20100610,14.75,15.07,14.49,14.99,15800
ICLR,20100610,27.23,27.33,26.5,26.84,319400
ICUI,20100610,31,31.26,30.78,31.19,58900
IDCC,20100610,24.98,25.02,24.57,24.92,210300
IDRA,20100610,25.04,26.64,25.04,26.16,96800
IDXX,20100610,31.5,31.935,31.105,31.86,157000
IESC,20100610,4.57,4.83,4.4,4.83,20200
IFGL,20100610,25.86,26.27,25.86,26.27,30200
IGOV,20100610,94.03,94.23,93.81,93.9,24100
III,20100610,2.38,2.46,2.33,2.45,44500
IIIIW,20100610,0.02,0.02,0.02,0.02,500
IIN,20100610,4.47,4.54,4.47,4.47,300
IIVI,20100610,15.235,15.66,15.235,15.645,70600
IKNX,20100610,6.9,7,6.9,6.9,1600
ILMN,20100610,43.18,44.31,43.01,43.94,1307200
IMGN,20100610,7.94,8.28,7.94,8.27,549300
IMKTA,20100610,14.85,14.94,14.68,14.86,50400
IMMR,20100610,4.79,5.03,4.73,5.02,121600
IMOS,20100610,1.55,1.6,1.5,1.53,285200
INCY,20100610,12.1,12.69,12.09,12.69,1832600
INDB,20100610,23.65,23.93,23.41,23.86,84000
INDY,20100610,25.09,25.27,24.94,25.2,72700
INFI,20100610,6.37,6.51,6.21,6.33,36600
INFN,20100610,5.84,6.02,5.81,5.99,745400
INMD,20100610,4,4.07,4,4.07,2300
INOD,20100610,2.73,2.88,2.63,2.77,142500
INSM,20100610,0.71,0.79,0.71,0.78,493500
INTC,20100610,20.35,20.6,20.25,20.55,57168200
INTG,20100610,15.15,15.31,15.15,15.31,700
INTU,20100610,35.45,36.11,35.22,36.09,3520500
INVE,20100610,16.5,16.6,16.5,16.6,3900
IOSP,20100610,11.01,11.41,10.88,11.4,87300
IPAR,20100610,14.9,15.13,14.74,15.01,130100
IPGP,20100610,14.58,15.56,14.58,15.55,204800
IRBT,20100610,19.2,19.2,18.77,19.07,119100
IRDM,20100610,8.73,8.83,8.64,8.81,349700
IRIX,20100610,3.82,3.82,3.65,3.65,2000
IRWD,20100610,10.17,10.25,9.88,10.12,115900
ISBC,20100610,5.0235,5.0667,4.9725,5.0627,194600
ISHG,20100610,93.92,94.37,93.92,94.15,6900
ISIG,20100610,5.42,5.42,5.27,5.4,15800
ISLE,20100610,10.68,10.91,10.61,10.91,198700
ISRG,20100610,109.0533,110.46,107.38,110.3167,392300
ISSC,20100610,4.65,4.93,4.64,4.88,16000
ITIC,20100610,31.88,31.88,31.72,31.73,400
ITRI,20100610,65.07,65.51,64.08,65.29,287300
ITRN,20100610,14.63,14.66,14.35,14.58,15500
IVAC,20100610,10.99,11.17,10.89,11.16,68800
JACK,20100610,21.15,21.3,20.87,21.28,704900
JAKK,20100610,138.8,139.7,137.1,139.5,129100
JAZZ,20100610,7.5,7.66,7.34,7.66,299700
JBHT,20100610,32.7,33.69,32.7,33.66,1833200
JBLU,20100610,6.24,6.37,6.2,6.36,6087200
JBSS,20100610,14.15,14.68,14.15,14.58,16700
JCS,20100610,10.38,10.76,10.16,10.42,18400
JCTCF,20100610,1.765,1.765,1.765,1.765,0
JJSF,20100610,44.15,44.68,43.71,44.39,36900
JKHY,20100610,23.43,23.72,23.15,23.71,335200
JOBS,20100610,10.055,10.055,9.875,9.955,9700
JOUT,20100610,13,13.52,12.95,13.44,2500
JRJC,20100610,72.9,73,71.2,73,29800
JVA,20100610,4.87,4.87,4.85,4.86,2500
KALU,20100610,36.53,38.84,36.37,38.69,215800
KELYA,20100610,13.42,14,13.25,13.98,159300
KELYB,20100610,13.24,13.24,13.24,13.24,0
KEQU,20100610,12.05,12.05,12.03,12.05,1300
KFFB,20100610,9.31,9.8,9.2,9.51,21500
KFRC,20100610,12.32,12.61,12.17,12.59,136500
KINS,20100610,2.69,2.69,2.61,2.61,1200
KIRK,20100610,20.49,20.49,19.7,20.28,261600
KLAC,20100610,28.63,29.19,28.44,29.02,3702300
KLIC,20100610,6.78,7.19,6.68,7.18,2520500
KNDI,20100610,3.34,3.35,3.01,3.18,122400
KOPN,20100610,3.37,3.43,3.31,3.43,496500
KOSS,20100610,5.45,5.5,5.25,5.44,26400
KRNY,20100610,9.05,9.16,9.05,9.07,127100
KTCC,20100610,5.31,5.34,5.23,5.3,11200
KTOS,20100610,11.18,11.34,10.93,11.27,110100
KVHI,20100610,11.2,11.7,11.2,11.64,67900
LAKE,20100610,9.73,9.9,9.18,9.9,5500
LAMR,20100610,27.65,29.16,27.54,28.67,1270200
LANC,20100610,55.02,55.63,54.47,55.25,101900
LARK,20100610,16.86,16.86,16.86,16.86,0
LAWS,20100610,13.56,13.61,13.11,13.5,31900
LBAI,20100610,9.23,9.56,9.14,9.54,70500
LBTYA,20100610,12.56,12.8615,12.56,12.8615,1720900
LBTYB,20100610,24.4,24.4,24.4,24.4,0
LBTYK,20100610,24.6,25.1,24.6,25.1,397800
LCUT,20100610,14.18,14.42,14,14.29,41700
LECO,20100610,26.145,26.625,26,26.5,105900
LFUS,20100610,31.87,31.89,31.14,31.56,238600
LGND,20100610,9.54,9.78,9.3,9.48,364700
LHCG,20100610,29.78,30.33,29.35,30.27,154300
LIFE,20100610,678.72,697.06,672.98,695.94,1708500
LINC,20100610,22.49,22.76,21.77,22.36,262100
LIVE,20100610,0.1867,0.1867,0.1867,0.1867,900
LKFN,20100610,13.3867,13.5933,13.1933,13.5,39700
LLNW,20100610,3.94,4.1,3.9,4,157500
LMAT,20100610,5.7,5.75,5.45,5.72,9200
LMNR,20100610,22.99,22.99,21.34,22,32000
LNDC,20100610,5.87,6.08,5.85,6.06,87300
LOAN,20100610,1.24,1.35,1.24,1.32,1400
LOGC,20100610,1.22,1.22,1.1,1.22,400
LOGI,20100610,14.72,14.78,14.52,14.75,962500
LOOP,20100610,11.75,12.11,11.67,12.09,779700
LOPE,20100610,23.83,23.9,23.49,23.58,199900
LORL,20100610,38.42,39.08,37.97,38.55,47500
LPSN,20100610,7.11,7.38,7.05,7.38,370500
LPTH,20100610,1.73,2,1.69,2,17700
LQDT,20100610,12.84,12.84,12.47,12.77,182300
LRCX,20100610,38.02,39.49,38.01,39.41,3030200
LSBK,20100610,7.9,7.9,7.9,7.9,0
LSCC,20100610,4.29,4.49,4.2,4.49,1954800
LSTR,20100610,40.31,41.03,40.31,40.81,291600
LTBR,20100610,339,339,330,335.4,4000
LTRX,20100610,4.5,4.59,4.5,4.56,9900
LULU,20100610,20.115,21.08,20.025,20.415,3836400
LUNA,20100610,2.03,2.13,2.02,2.1,2100
LWAY,20100610,9.74,10,9.73,9.96,15400
LXRX,20100610,8.61,8.89,8.54,8.89,1120000
LYTS,20100610,5.59,5.74,5.5,5.72,51600
MANH,20100610,7.0175,7.135,6.9375,7.13,123300
MANT,20100610,45.52,46.67,45.52,46.44,167500
MARPS,20100610,15.36,15.51,15.36,15.5,500
MASI,20100610,22.57,23.13,22.43,23.11,988300
MAT,20100610,20.97,21.58,20.9,21.54,5299200
MATW,20100610,30.43,30.59,30.04,30.53,129600
MAYS,20100610,15.6,15.6,15.6,15.6,0
MBWM,20100610,5.51,6,5.37,5.46,28400
MCBC,20100610,1.67,1.71,1.64,1.67,5200
MCHP,20100610,13.745,14.015,13.63,13.865,3526100
MCHX,20100610,4.65,4.89,4.62,4.87,85500
MCRI,20100610,10.68,10.82,10.3,10.73,84500
MDRX,20100610,17.02,17.39,17,17.21,5140000
MELI,20100610,54.65,57.35,54.36,57.3,1217500
MEOH,20100610,20.76,21.79,20.76,21.56,457900
MERC,20100610,4.93,4.93,4.48,4.5,1013600
MGEE,20100610,23.4333,23.6933,23.2533,23.66,88200
MGIC,20100610,2.04,2.14,2.04,2.09,32900
MGLN,20100610,38.78,39.03,38.1,38.42,288800
MGPI,20100610,6.5,7.07,6.49,6.98,69300
MGRC,20100610,21.64,21.99,21.34,21.91,51700
MGYR,20100610,3.68,3.89,3.65,3.89,400
MHLD,20100610,6.65,6.76,6.59,6.75,134000
MIDD,20100610,18.12,18.5467,18.12,18.53,55000
MIND,20100610,6.2,6.4,6.13,6.4,29100
MKSI,20100610,18.24,18.69,17.78,18.68,249900
MKTX,20100610,13.75,13.98,13.5,13.97,84000
MLAB,20100610,23.85,23.85,23.75,23.75,2400
MLHR,20100610,18.64,19.03,18.21,19,391500
MLVF,20100610,8.95,8.95,8.95,8.95,0
MMLP,20100610,27.91,28.09,27.75,28.02,79000
MMSI,20100610,12.096,12.472,12.04,12.4,325300
MNDO,20100610,1.91,2.01,1.91,1.99,46600
MNKD,20100610,28.25,31.3,27.95,31.25,3798700
MNOV,20100610,5.4,5.4,5.24,5.25,6300
MNRO,20100610,25.2467,25.5733,24.8267,25.2467,144100
MNST,20100610,6.475,6.4983,6.4283,6.4633,494000
MNTX,20100610,1.98,2.07,1.9,2.07,20600
MOFG,20100610,16.19,16.2,15.53,16.07,7100
MORN,20100610,45.58,46.42,45.45,46.09,126300
MOSY,20100610,822,844,818,840,58500
MOVE,20100610,8.44,8.8,8.32,8.8,626100
MPAA,20100610,6.19,6.2,6.16,6.16,4800
MPAC,20100610,4.45,4.55,4.45,4.55,800
MPB,20100610,10,10,10,10,0
MPWR,20100610,18.33,18.44,17.95,18.35,376200
MRCY,20100610,10.63,11.01,10.6,10.98,78800
MRLN,20100610,11.87,11.95,11.76,11.89,15000
MRNA,20100610,1.01,1.09,0.99,1,469300
MRTN,20100610,9.0933,9.1955,8.9778,9.1245,141300
MRVL,20100610,17.2,17.54,17.12,17.45,11329800
MSEX,20100610,15.05,15.25,15.03,15.25,224300
MSFT,20100610,25.13,25.15,24.78,25,78950400
MSON,20100610,2.15,2.21,2.12,2.21,19800
MSTR,20100610,73.8,74.99,73.8,74.99,88400
MTEX,20100610,20.6,21.7,20.3,21.5,78800
MTRX,20100610,9.04,9.71,9.04,9.64,238800
MU,20100610,8.72,8.83,8.58,8.77,24133900
MVIS,20100610,22.16,22.32,20.88,21.44,461300
MYGN,20100610,17.99,18.15,17.85,18.05,840500
MYRG,20100610,16.26,17.28,16.17,17.25,106300
NAII,20100610,6.31,6.31,5.85,6.09,15500
NATH,20100610,14.95,14.95,14.55,14.87,8100
NATI,20100610,20.3533,20.5867,20.0133,20.5667,106300
NATR,20100610,10.02,10.15,9.85,10.09,5000
NAVI,20100610,2.53,2.53,2.47,2.49,13600
NBIX,20100610,4.3,4.67,4.25,4.65,894500
NBN,20100610,12.78,12.9,12.75,12.9,1200
NBTB,20100610,20.89,21.06,20.61,21.04,107500
NCMI,20100610,16.9,17.15,16.58,17,136300
NCTY,20100610,119.1,119.4,114.9,116.1,170100
NDAQ,20100610,18.61,19.02,18.5,18.98,2425000
NDSN,20100610,30.545,31.275,30.5,30.875,349700
NECB,20100610,5.33,5.46,5.31,5.46,17700
NEOG,20100610,12.815,12.815,12.6,12.765,81300
NEPT,20100610,1.52,1.52,1.46,1.46,2600
NEWT,20100610,6.75,6.75,6.6,6.75,3600
NFBK,20100610,13.38,13.49,13.21,13.48,44600
NFLX,20100610,16.86,17.1257,16.6243,16.9514,3538800
NICE,20100610,27.64,28.12,27.59,27.96,151300
NICK,20100610,8.2,8.54,7.76,8.05,29900
NKSH,20100610,23.44,23.99,22.9,23.2,25800
NKTR,20100610,12.08,12.5,11.93,12.48,1075300
NLTX,20100610,0.43,0.43,0.41,0.41,15900
NNBR,20100610,5.87,5.89,5.73,5.77,60800
NRIM,20100610,16.92,16.92,16.56,16.83,11400
NSEC,20100610,12.66,12.8,12.35,12.64,2800
NSIT,20100610,13.78,13.9,13.45,13.86,131900
NSSC,20100610,1.88,1.98,1.87,1.98,31700
NSYS,20100610,3.82,3.82,3.82,3.82,0
NTAP,20100610,38.08,38.73,37.77,38.49,6615700
NTCT,20100610,13.11,13.46,13,13.42,157200
NTES,20100610,6,6,5.756,5.982,1387800
NTGR,20100610,20.59,20.59,19.94,20.31,366700
NTIC,20100610,5.4,5.485,5.375,5.375,1500
NTRS,20100610,49.61,49.61,48.97,49.5,1990800
NTWK,20100610,7.7,7.9,7.7,7.9,83200
NUAN,20100610,16.38,16.53,16.15,16.52,2046200
NURO,20100610,220.8,224.64,215.04,222.72,4900
NUVA,20100610,37.26,37.48,36.82,37.45,290400
NVAX,20100610,45,45.8,44,45,707000
NVDA,20100610,2.7825,2.85,2.775,2.8375,15294100
NVEC,20100610,43.88,45.23,43.75,45.12,21900
NVMI,20100610,4.26,4.47,4.23,4.41,95100
NWBI,20100610,11.37,11.53,11.36,11.52,352200
NWFL,20100610,24.5,24.81,23.94,24.18,7600
NWLI,20100610,152.12,157.51,152.12,154.9,4400
NWPX,20100610,19,19.66,19,19.63,45200
NWS,20100610,15.25,15.52,15.22,15.49,2125600
NWSA,20100610,13.11,13.35,13.01,13.32,16429700
NXST,20100610,5.6,5.73,5.11,5.48,45300
NYMT,20100610,7.76,7.76,7.6,7.61,31500
NYMX,20100610,3.84,4.26,3.84,4.19,32600
OBAS,20100610,7,7,7,7,5800
OBCI,20100610,2.07,2.1,2.07,2.1,8000
OCFC,20100610,12.36,12.41,12.05,12.3,79700
ODFL,20100610,15.3422,15.7155,15.2755,15.6845,217600
OFIX,20100610,28.96,29.25,28.74,29.22,69300
OFLX,20100610,12.18,12.31,12.02,12.2,7100
OIIM,20100610,5.9,6.06,5.82,5.95,71700
OMAB,20100610,13.25,13.6,13.08,13.44,27300
OMCL,20100610,12.25,12.89,12.25,12.65,203400
OMER,20100610,5.52,5.54,5.4,5.54,35800
OMEX,20100610,14.52,15.48,14.16,15.12,443000
ONCY,20100610,2.96,2.96,2.83,2.87,47100
ONEQ,20100610,86.35,87.46,86.33,87.33,8200
OPEN,20100610,39.28,39.94,38.76,39.82,138100
OPHC,20100610,28,28,22,22,2100
OPNT,20100610,15.4,15.43,15.2,15.43,92800
OPOF,20100610,11.5,11.8,11.35,11.8,10900
ORLY,20100610,49.38,49.71,48.51,49.48,1557700
ORRF,20100610,22.33,22.84,22.22,22.69,20700
OSBC,20100610,3.66,3.66,3.39,3.53,144500
OSIS,20100610,27.4,27.59,27.06,27.58,134900
OSTK,20100610,20.95,21.32,20.08,21.24,193400
OSUR,20100610,4.27,4.44,4.17,4.3,114800
OTEX,20100610,10.0925,10.2375,9.9525,10.2175,362600
OTTR,20100610,19.41,19.78,19.41,19.72,153800
OVBC,20100610,17.89,17.89,17.25,17.71,9800
OVLY,20100610,6,6,6,6,400
PAAS,20100610,25.33,25.71,25.2,25.28,1029100
PACW,20100610,19.33,19.53,19.01,19.5,176500
PANL,20100610,18.37,18.56,17.94,18.39,368200
PATK,20100610,1.1111,1.1155,1.04,1.0667,5000
PAYX,20100610,28.32,28.71,28.12,28.59,3409300
PBCT,20100610,14.28,14.29,14,14.24,6328100
PBHC,20100610,6.3,6.3,6.3,6.3,800
PBIP,20100610,6.5,7.06,6.5,7.03,3300
PCAR,20100610,40.26,42.16,40.09,42.09,5337600
PCTI,20100610,5.73,5.87,5.73,5.83,75400
PCYO,20100610,2.76,2.76,2.76,2.76,0
PDCO,20100610,29.63,29.96,29.54,29.86,742900
PDEX,20100610,0.68,0.68,0.68,0.68,400
PDFS,20100610,4.76,4.84,4.7,4.8,72300
PEBK,20100610,5.99,6,5.88,6,1400
PEBO,20100610,13.34,13.66,13.22,13.65,41300
PEGA,20100610,14.615,14.845,13.845,14.835,611500
PENN,20100610,26.34,26.55,25.66,26.19,504900
PESI,20100610,7.75,8.1,7.55,7.85,225400
PETS,20100610,18.04,18.5,17.53,17.9,301100
PFBC,20100610,2.1,2.13,2.06,2.11,7200
PFIN,20100610,2.06,2.06,2.06,2.06,0
PFSW,20100610,3.38,3.4,3.27,3.36,62000
PGC,20100610,12.81,13.14,12.69,13.14,11600
PKBK,20100610,8.1545,8.4091,8.1545,8.4091,700
PKOH,20100610,12.86,13.61,12.86,13.6,53300
PLAB,20100610,4.68,4.76,4.59,4.72,331200
PLBC,20100610,2.59,2.6,2.5,2.6,4800
PLCE,20100610,48.83,49.26,48.43,49.01,509600
PLPC,20100610,28.36,29.38,28.3,29.38,5700
PLUG,20100610,0.37,0.39,0.36,0.37,231400
PLUS,20100610,8.865,8.865,8.675,8.77,9000
PLXS,20100610,29.33,31.23,29.1,31.18,649800
PMD,20100610,8.31,8.51,8.31,8.4,1800
PNBK,20100610,15.3,15.3,15.3,15.3,2600
PNFP,20100610,12.04,12.25,11.88,12.23,153000
PNNT,20100610,9.76,9.88,9.51,9.88,358100
PNQI,20100610,26.28,26.71,26.28,26.71,3300
PNRG,20100610,19.73,19.97,18.5,19.45,1400
PODD,20100610,14.17,14.45,14.08,14.44,137000
POOL,20100610,23.22,23.73,23.19,23.72,594300
POWI,20100610,15.705,16.23,15.67,16.14,375800
POWL,20100610,28.39,28.95,27.71,28.14,99400
PPBI,20100610,4.38,4.49,4.37,4.49,700
PRAA,20100610,22.3333,22.5967,22.23,22.54,101300
PRFT,20100610,9.65,9.85,9.46,9.82,243900
PRFZ,20100610,51.51,52.33,51.38,52.33,15300
PRGS,20100610,20.8533,20.9533,20.5667,20.88,336000
PRIM,20100610,6.06,6.09,5.9,6,37000
PROV,20100610,5.6,6.4,5.6,5.71,106600
PRPH,20100610,1.5,1.6,1.5,1.6,2600
PRTS,20100610,7.39,7.5,7.36,7.48,67700
PSEC,20100610,9.91,10.16,9.87,10.15,680400
PSMT,20100610,24.65,24.8,24.34,24.59,41500
PSTI,20100610,10.3,10.7,10,10.3,80000
PTEN,20100610,14.12,14.74,14.12,14.74,4795100
PTIX,20100610,2.4,2.66,2.4,2.52,8800
PTNR,20100610,16.61,16.7,16.41,16.63,166000
PTSI,20100610,14.25,15.21,14.25,15.13,9400
PWOD,20100610,19.06,19.6333,18.9867,19.2333,12100
PXLW,20100610,3.51,3.89,3.46,3.76,107800
PZZA,20100610,11.885,12.01,11.7,12,217700
QABA,20100610,23.5,23.61,23.23,23.61,10100
QCLN,20100610,13.19,13.5,13.19,13.5,5500
QCOM,20100610,35.16,35.17,34.33,35.03,30719400
QCRH,20100610,9.92,9.92,9.55,9.64,800
QDEL,20100610,10.68,10.79,10.55,10.78,235100
QNST,20100610,12.27,12.93,12.03,12.28,430400
QQEW,20100610,19.57,19.72,19.39,19.72,30200
QQQ,20100610,44.39,45.12,44.24,45.07,76892200
QQQX,20100610,12.43,12.73,12.43,12.7,73900
QQXT,20100610,17.73,17.87,17.7,17.87,4500
QTEC,20100610,20.24,20.66,20.24,20.6,97600
QUIK,20100610,39.2,40.6,38.22,38.92,142500
RADA,20100610,4.28,4.28,4.28,4.28,0
RAIL,20100610,24.45,25.19,24.37,25.15,63500
RAM,20100610,1.7,1.72,1.65,1.7,144800
RAND,20100610,28.89,28.89,28.89,28.89,0
RAVN,20100610,17.01,17.17,16.715,17.06,36000
RBCAA,20100610,22.71,22.98,22.17,22.95,83500
RBCN,20100610,262.4,273.2,259,273,457400
RCII,20100610,22.54,22.79,22.14,22.49,554000
RCKY,20100610,8.02,8.23,8.02,8.16,7300
RCMT,20100610,4.9,4.93,4.75,4.88,56600
RCON,20100610,29.1,30.05,29.05,29.45,31000
RDCM,20100610,4.51,4.6,4.49,4.57,2300
RDI,20100610,3.78,3.88,3.7,3.85,78800
RDIB,20100610,6.61,6.61,6.61,6.61,0
RDNT,20100610,2.76,2.76,2.6,2.7,126800
RDWR,20100610,9.815,10.135,9.71,9.955,101400
REED,20100610,2.04,2.04,1.95,2.03,13000
REFR,20100610,3,3.14,2.95,3.14,6800
REGN,20100610,25.43,26.23,25.15,26.14,869000
RELL,20100610,8.57,8.75,8.38,8.67,49500
RENT,20100610,21.58,21.99,21.16,21.99,24200
RFIL,20100610,2.555,2.555,2.555,2.555,200
RGCO,20100610,10.4167,10.4167,10.4167,10.4167,0
RGEN,20100610,3.32,3.42,3.27,3.36,108500
RGLD,20100610,51.49,51.5,50.58,51.34,388900
RICK,20100610,8.35,8.39,7.61,7.88,433600
RIGL,20100610,7,7.37,6.95,7.37,1206100
RMBS,20100610,18.4,18.9,18.02,18.83,5664700
RMCF,20100610,9.4,9.53,9.4,9.45,1500
RMTI,20100610,4.45,4.47,4.21,4.41,68100
RNST,20100610,13.69,14.11,13.54,13.85,60100
RNWK,20100610,3.31,3.32,3.19,3.3,702400
ROCK,20100610,10.92,11.32,10.87,11.3,133600
ROIC,20100610,9.44,9.53,9.4,9.53,131900
ROLL,20100610,28.32,29.33,28.32,29.28,112100
ROST,20100610,14.07,14.395,13.985,14.3675,2675700
RPRX,20100610,0.45,0.5,0.45,0.48,353800
RRGB,20100610,18.35,19.29,18.35,18.9,422900
RUSHA,20100610,9.2467,9.5467,9.2133,9.52,74100
RUSHB,20100610,7.7533,8.1467,7.7533,8.0533,8000
RUTH,20100610,4.1,4.16,3.98,4.16,1020600
RVSB,20100610,2.59,2.84,2.59,2.6,1300
RYAAY,20100610,26.58,27.03,26.58,26.86,782900
SAFM,20100610,50.88,52.33,50.86,52.23,226300
SAFT,20100610,36.66,36.81,36.03,36.8,38100
SAIA,20100610,9.5,9.8133,9.5,9.76,63800
SALM,20100610,3.94,3.99,3.81,3.99,7800
SANM,20100610,13.6,13.91,13.44,13.87,866700
SASR,20100610,14.93,14.93,14.5,14.77,57600
SATS,20100610,16.8594,17.1275,16.705,16.9406,220600
SBAC,20100610,32.73,33.97,32.56,33.97,1522200
SBCF,20100610,7.4,7.6,7.15,7.25,315400
SBGI,20100610,5.62,5.75,5.36,5.61,282200
SBLK,20100610,195,198.75,193.5,196.5,87700
SBNY,20100610,37.45,37.56,36.79,37.44,182900
SBSI,20100610,18.5619,18.8095,18.3333,18.5619,54000
SBUX,20100610,13.375,13.505,13.2,13.49,9438100
SCHL,20100610,25.06,25.8,24.72,25.34,154600
SCHN,20100610,42.91,43.83,42.4,43.62,537300
SCKT,20100610,2.69,2.69,2.69,2.69,0
SCOR,20100610,16.49,16.87,16.29,16.51,81400
SCSC,20100610,23.73,24.56,23.32,24.55,142200
SCVL,20100610,14.5,15.24,14.1933,15.1267,114800
SEAC,20100610,7.68,8,7.53,7.99,164800
SEED,20100610,86.1,90.5,84.5,90.3,1634300
SEIC,20100610,20.57,20.96,20.5,20.93,907700
SENEA,20100610,32.32,32.69,31.5,31.82,29100
SENEB,20100610,32.26,32.29,31.98,32,900
SFNC,20100610,12.995,13.285,12.785,13.18,70300
SFST,20100610,8.09,8.09,8.09,8.09,0
SGC,20100610,9.98,10,9.91,9.91,2300
SGEN,20100610,12.34,12.49,12,12.48,1083500
SGMA,20100610,5.19,5.19,4.89,5.05,5700
SGMO,20100610,3.83,4.06,3.76,4.05,396300
SGMS,20100610,9.93,10.07,9.74,10.06,531700
SGRP,20100610,0.93,0.93,0.93,0.93,0
SHBI,20100610,12.9,12.92,12.5,12.89,20500
SHEN,20100610,7.975,8.12,7.89,8.115,41400
SHIP,20100610,1368,1392,1344,1380,207200
SHIPW,20100610,0.05,0.05,0.05,0.05,0
SHOO,20100610,9.5259,9.837,9.4903,9.8341,323100
SHY,20100610,83.83,83.83,83.74,83.74,656800
SIEB,20100610,2.14,2.14,2.14,2.14,0
SIFY,20100610,1.35,1.38,1.34,1.35,38300
SIGA,20100610,6.35,6.5,6.23,6.46,288300
SIGI,20100610,14.55,14.91,14.31,14.89,309700
SILC,20100610,8.58,8.67,8.53,8.67,3700
SIMO,20100610,4.93,5,4.91,4.95,80800
SINO,20100610,15.3,16.2,15.3,15.3,12400
SIRI,20100610,0.97,1.01,0.97,1.01,45236000
SIVB,20100610,42.18,42.83,42.01,42.73,285700
SKYW,20100610,13.16,13.3,12.98,13.19,635500
SLAB,20100610,43.5,43.96,43.26,43.6,397700
SLGN,20100610,14.35,14.57,14.245,14.28,760400
SLP,20100610,2.03,2.22,2.03,2.14,21400
SLRC,20100610,21.37,21.45,21.16,21.45,274400
SMBC,20100610,7.905,7.905,7.9,7.9,600
SMCI,20100610,12.76,12.77,12.39,12.76,107200
SMED,20100610,4.35,4.35,3.98,3.98,165200
SMIT,20100610,3.57,3.57,3.57,3.57,0
SMMF,20100610,3.15,3.15,3.01,3.1,10200
SMSI,20100610,37.72,39,37.64,38.96,154200
SMTC,20100610,17.32,17.49,17.17,17.48,814300
SNCR,20100610,19.75,20.22,19.68,20.22,84200
SNFCA,20100610,2.48,2.48,2,2.12,900
SNPS,20100610,21.34,21.46,20.58,21.26,2591900
SOHU,20100610,43.43,44,43.22,43.9,370200
SONO,20100610,26.38,27.25,26.11,27.15,149600
SPNS,20100610,2.69,2.72,2.69,2.72,2700
SPPI,20100610,3.9,3.98,3.87,3.98,352800
SPRO,20100610,2.64,2.65,2.64,2.65,1900
SPSC,20100610,11.19,11.26,10.94,11.18,15200
SPTN,20100610,14.38,14.66,14.18,14.63,77800
SQQQ,20100610,84569.6,85376,80089.6,80256,671900
SRCE,20100610,17.07,17.12,16.7,17.07,32500
SRCL,20100610,62.2,64.07,61.93,63.19,2320500
SRDX,20100610,16.52,16.58,16.01,16.36,131300
SSBI,20100610,5.92,5.92,5.92,5.92,0
SSNC,20100610,16.36,16.73,16.2,16.41,78100
SSYS,20100610,23.13,23.96,22.59,23.86,160500
STAA,20100610,5.03,5.16,4.96,5.1,57800
STBA,20100610,19.98,20.21,19.68,20.15,99000
STFC,20100610,16.66,16.8,15.67,16.7,61500
STKL,20100610,4.89,4.99,4.83,4.95,174300
STLD,20100610,14.12,14.2,13.93,14.18,6457600
STRA,20100610,246.76,253.82,246.54,248.02,193100
STRC,20100610,4.14,4.43,4.14,4.38,900
STRL,20100610,14.05,14.55,13.86,14.54,82500
STRM,20100610,1.41,1.56,1.41,1.56,22700
STRN,20100610,6.7,6.7,6.7,6.7,100
STRS,20100610,9.84,10.33,9.84,10.33,1800
STRT,20100610,21.96,21.96,21.15,21.51,1500
STSA,20100610,52.8,54.12,50.82,50.82,520200
STX,20100610,14.88,14.95,14.5,14.88,11341100
SUMR,20100610,61.2,61.47,55.98,58.95,124800
SURG,20100610,2.5,2.63,2.35,2.5,134400
SVBI,20100610,5.21,5.56,5.2,5.2,600
SWIR,20100610,6.88,7.08,6.83,7.07,105800
SWKS,20100610,15.52,15.87,15.35,15.79,3970400
SYBT,20100610,15.4467,15.66,15.3333,15.62,17400
SYNA,20100610,28,28.1,27.31,28.02,345700
SYNL,20100610,9.89,9.93,9.76,9.93,400
SYPR,20100610,3.97,4.48,3.97,4.38,50200
TACT,20100610,7.41,7.7,7.32,7.67,24300
TAIT,20100610,1.3,1.3,1.3,1.3,0
TAST,20100610,5.37,5.49,5.25,5.43,99400
TATT,20100610,7.1,7.1,6.95,6.97,3100
TAYD,20100610,5.28,5.28,5.18,5.18,4000
TBBK,20100610,7.68,7.87,7.47,7.85,66200
TBNK,20100610,19.11,19.36,18.8,19.13,30000
TCBI,20100610,17.25,17.58,17.01,17.53,364400
TCBK,20100610,18.1,18.1,17.83,18.02,55200
TCX,20100610,2.72,2.8,2.72,2.76,40100
TEAM,20100610,6.12,6.23,6.1,6.15,4900
TECH,20100610,57.61,58.71,57.49,58.68,158000
TESS,20100610,16.12,16.52,16.11,16.33,10700
TFSL,20100610,12.73,12.78,12.6,12.74,470800
TGA,20100610,7.65,7.69,7.55,7.68,155400
THFF,20100610,26.43,27,26.41,27,20100
THRX,20100610,15.06,15.25,14.14,15.25,501000
TIGR,20100610,4.12,4.5,4.11,4.5,96300
TITN,20100610,12.6,13.35,12.56,13.1,226400
TLT,20100610,97.2,97.29,96.09,96.19,6075000
TNDM,20100610,11.92,12.13,11.83,12.04,447300
TOPS,20100610,7770000,7910000,7350000,7840000,65200
TOWN,20100610,13.72,13.82,13.55,13.8,37900
TQQQ,20100610,1.7306,1.8146,1.7165,1.8111,407300
TREE,20100610,6.66,6.89,6.54,6.69,21700
TRIB,20100610,6.11,6.37,5.96,6.31,295200
TRIT,20100610,9.14,9.14,8.86,8.95,49400
TRMB,20100610,14.38,14.775,14.38,14.73,745800
TRMD,20100610,71.7,72.8,71.6,72.2,15000
TRMK,20100610,20.84,21.27,20.45,21.24,355300
TRNS,20100610,6.65,7.06,6.65,7.05,2600
TROW,20100610,47.16,48.93,47.16,48.82,2355700
TRS,20100610,9.2,9.5,8.08,9.49,119700
TRST,20100610,5.87,5.95,5.82,5.91,269700
TRUE,20100610,2.31,2.34,2.14,2.34,10600
TSBK,20100610,4.19,4.19,4,4.03,900
TSCO,20100610,16.3175,16.385,15.88,16.3375,626900
TSEM,20100610,20.85,21,20.4,20.7,932800
TSRI,20100610,2.23,2.23,2.23,2.23,400
TTEC,20100610,12.92,13.17,12.86,13.17,225300
TTEK,20100610,20.8,21.12,20.61,21.08,335700
TTGT,20100610,5.48,5.66,5.48,5.65,45700
TTMI,20100610,9.76,9.85,9.53,9.85,496600
TTWO,20100610,9.87,10.19,9.75,10.19,3247800
TW,20100610,42.4,43.01,41.93,42.59,315000
TWIN,20100610,11.79,12.4,11.74,12.31,66000
TXN,20100610,24.2,24.57,24.04,24.53,17308700
TXRH,20100610,14.18,14.18,13.69,13.89,710500
TZOO,20100610,15.6,15.65,15.07,15.3,38900
UBCP,20100610,8.06,8.06,8.06,8.06,0
UBFO,20100610,4.36,4.5,4.35,4.4,700
UBOH,20100610,9.8,9.99,9.8,9.99,900
UBSI,20100610,25.53,26.07,25.09,25.8,149700
UCBI,20100610,4.12,4.19,4.04,4.11,318100
UCTT,20100610,7.7,8.1,7.64,8.09,133400
UEIC,20100610,18.11,19.04,18.07,18.99,66800
UEPS,20100610,13.7,13.95,13.48,13.94,275700
UFCS,20100610,20.34,20.56,19.7,20.53,88800
UFPI,20100610,33.54,33.71,32.45,33.63,212400
UFPT,20100610,9.27,9.27,9.05,9.05,12300
UG,20100610,11.9,12.06,11.75,12.06,1900
UHAL,20100610,46.15,48.01,46.05,47.96,38900
ULBI,20100610,4.69,4.88,4.67,4.72,232700
ULTA,20100610,22.19,22.6,21.92,22.4,849100
UMBF,20100610,37.09,37.56,36.77,37.52,123600
UMPQ,20100610,12.02,12.21,11.9,12.2,718500
UNAM,20100610,9.5,9.5,9.4,9.5,8500
UNB,20100610,18.49,18.49,18.49,18.49,0
UNTY,20100610,5.42,5.42,5.17,5.17,400
URBN,20100610,36.69,37.31,36.54,37.29,2280400
USAK,20100610,14.01,14.51,13.9,14.5,50700
USAP,20100610,18.84,18.9,18.18,18.85,50000
USEG,20100610,286.8,294,282,291,125400
USLM,20100610,36.13,36.49,35.72,36.27,5100
UTHR,20100610,53.47,54.45,53.24,54.36,866600
UTMD,20100610,26.79,27.43,26.12,27.15,7800
UTSI,20100610,5.46,5.52,5.31,5.49,488800
UVSP,20100610,17.78,17.9,17.08,17.67,39600
VALU,20100610,18.97,19.49,17.54,17.76,30400
VBFC,20100610,55.2,61.92,48.16,50.4,4900
VCIT,20100610,76.78,76.88,76.25,76.25,22800
VCLT,20100610,75.07,75.07,74.33,74.33,6900
VCSH,20100610,75.92,76.2,75.92,76.15,333500
VECO,20100610,33.24,34.38,33,34.13,1634500
VGIT,20100610,61.22,61.22,61.03,61.03,3400
VGLT,20100610,61.5,61.51,61.2,61.2,2200
VGSH,20100610,60.42,60.42,60.37,60.37,2900
VIA,20100610,37.61,37.8,36.9,37.38,82100
VICR,20100610,11.5,11.79,11.43,11.75,115600
VIRC,20100610,3.26,3.39,3.15,3.36,2400
VIVO,20100610,16.83,17.09,16.67,16.87,212300
VLGEA,20100610,25.96,26.6,25.69,26.59,10200
VMBS,20100610,50.94,50.94,50.75,50.75,2400
VNDA,20100610,6.92,7.22,6.84,6.93,594500
VOD,20100610,20.34,20.65,20.3,20.62,8909300
VOXX,20100610,7.67,7.87,7.56,7.85,106900
VRSK,20100610,29.21,29.54,28.82,29.47,640800
VRSN,20100610,28.35,28.61,27.97,28.49,4638800
VRTS,20100610,21.83,22.1,21.7,22.07,53300
VRTX,20100610,32.83,34.09,32.67,34.09,1706600
VSAT,20100610,31.49,32.17,31.4,32.15,136500
VSEC,20100610,17.135,17.835,17.135,17.795,18900
WABC,20100610,53.74,54.32,53.54,54.29,216800
WAFD,20100610,16.83,17.14,16.83,17.13,647400
WASH,20100610,17.76,18.18,17.64,18.1,24300
WAVE,20100610,0.28,0.29,0.27,0.29,510000
WDC,20100610,34.11,34.25,33.42,34.1,4951200
WDFC,20100610,31.92,32.09,31.21,31.9,32300
WERN,20100610,22.23,22.8,22.23,22.8,825900
WEYS,20100610,23.3,23.34,23.01,23.18,14900
WILC,20100610,5.86,5.86,5.69,5.78,27500
WINA,20100610,32.24,33.22,32.16,33.2,18800
WIRE,20100610,18.59,19.28,18.48,19.25,139600
WLDN,20100610,2.54,2.54,2.5,2.54,8100
WLFC,20100610,10.54,10.91,10.5,10.76,25300
WOOD,20100610,38.4,39.07,38.4,38.89,34800
WOOF,20100610,26.31,26.9,26.05,26.62,407000
WPRT,20100610,16.69,17.5,16.54,16.98,913400
WRLD,20100610,34.52,35.16,33.5,35.1,218600
WSBC,20100610,16.86,17.23,16.75,17.17,87100
WSBF,20100610,3.44,3.69,3.44,3.55,11300
WSFS,20100610,12.8633,13.21,12.7233,13.1567,18800
WSTG,20100610,9.69,9.83,9.64,9.82,17200
WTBA,20100610,7.83,8.09,7.63,7.92,42900
WTFC,20100610,33.73,34.61,33.7,34.48,164600
WVFC,20100610,13.66,13.66,13.66,13.66,0
WVVI,20100610,3.5,3.5,3.36,3.5,1700
WYNN,20100610,78.84,81.42,78.52,81.34,3025200
XLNX,20100610,24.18,24.73,24.01,24.59,9346100
XOMA,20100610,8.8,9,8.4,8.6,1141300
XRAY,20100610,31.03,31.24,30.65,31.05,1328700
XRTX,20100610,173.4,180.6,173.4,179.88,517600
YORW,20100610,13.36,13.57,13.13,13.41,33800
ZBRA,20100610,26.79,26.96,26.38,26.65,123300
ZEUS,20100610,25,25.75,24.74,25.75,123900
ZION,20100610,23.3,23.57,22.84,23.56,6676600
ZIOP,20100610,4.27,4.47,4.25,4.38,347300
ZIXI,20100610,2.31,2.34,2.26,2.34,268800
ZUMZ,20100610,15.91,16.27,15.69,16.25,105200
