AAL,20160211,36.47,37.22,36.17,36.49,8096000
AAME,20160211,4.49,4.5,4.49,4.5,2600
AAOI,20160211,14.16,14.62,13.83,14.55,262700
AAON,20160211,19.99,20.59,19.99,20.46,68000
AAPL,20160211,23.4475,23.68,23.1475,23.425,50074700
AAWW,20160211,35.03,35.72,34.25,35.47,284600
AAXJ,20160211,46.96,47.36,46.74,47.06,957400
ABCB,20160211,25.51,25.82,24.96,25.09,193300
ABEO,20160211,2.29,2.35,2.25,2.31,38700
ABIO,20160211,63.18,63.18,61.92,61.92,4900
ABMD,20160211,70.84,73.22,69.14,72.77,611500
ABTX,20160211,16.51,16.75,15.8,16.36,59300
ABUS,20160211,2.88,2.99,2.8,2.95,222800
ACAD,20160211,17.85,17.86,16.65,17.55,2158300
ACBI,20160211,12.26,12.28,11.68,11.87,32000
ACET,20160211,19.56,19.98,19.2,19.77,130400
ACGL,20160211,22.5767,22.84,21.6733,22.24,499000
ACHC,20160211,55.28,55.76,52.86,53.17,1439600
ACIW,20160211,16.11,16.49,15.97,16.41,436600
ACLS,20160211,8.64,9,8.6,9,368800
ACNB,20160211,21.33,21.55,21.33,21.55,500
ACOR,20160211,35.5,36.27,32.2,33.48,1101700
ACRS,20160211,19.9,21.29,19.9,19.9,11000
ACRX,20160211,3.25,3.44,3.25,3.32,473000
ACST,20160211,10.4,11.44,10.4,11.44,2800
ACTG,20160211,3.36,3.51,3.2,3.41,479100
ACWI,20160211,49.51,49.75,49.04,49.52,3646900
ACWX,20160211,34.82,35.01,34.54,34.87,1648700
ADAP,20160211,6.94,7.68,6.64,7.5,144200
ADBE,20160211,74.04,75.53,73.58,74.94,4984600
ADI,20160211,48.37,49.34,48.17,48.84,2416600
ADMA,20160211,4.55,4.6,4.34,4.34,56100
ADMP,20160211,4.33,4.5,4.19,4.39,13000
ADMS,20160211,13.22,13.8,13.15,13.52,204000
ADP,20160211,79.38,80.55,79.08,80.21,2842400
ADRE,20160211,25.21,25.35,24.97,25.21,13600
ADSK,20160211,42.8,43.69,41.85,43.26,2507900
ADTN,20160211,17.83,18.22,17.76,18.13,589800
ADUS,20160211,22.02,22.22,20.59,21.24,57300
ADXS,20160211,79.5,85.35,78.15,83.25,680000
AEHR,20160211,1.13,1.13,1.08,1.11,5900
AEIS,20160211,26.97,27.52,26.41,27.37,242200
AEMD,20160211,68.85,90,68.25,81,91100
AERI,20160211,13.74,14.48,13.69,13.92,389900
AEY,20160211,1.6,1.68,1.6,1.67,3500
AEZS,20160211,2.96,2.96,2.71,2.85,163500
AFMD,20160211,2.85,3.01,2.76,2.87,255100
AGEN,20160211,2.71,2.79,2.61,2.72,1160800
AGFS,20160211,4.29,4.64,4.22,4.54,140700
AGIO,20160211,35.49,37.98,34.45,35.76,727000
AGNC,20160211,17.36,17.5,17.18,17.24,3944000
AGNCP,20160211,24.95,25.2,24.85,24.95,17600
AGRX,20160211,5.91,6.08,5.71,6.01,39000
AGTC,20160211,12.05,13.15,11.62,12.93,89900
AGYS,20160211,10,10.13,9.6,9.81,14300
AGZD,20160211,46.91,46.94,46.88,46.91,2400
AHPI,20160211,0.76,0.76,0.67,0.74,5300
AIA,20160211,36.79,37.15,36.72,37.05,65500
AIMC,20160211,21.24,21.97,21.24,21.74,231600
AINV,20160211,13.71,13.89,12.78,12.84,3099900
AIQ,20160211,6.45,6.86,6.32,6.51,9500
AIRR,20160211,13.86,14.16,13.86,14.16,21800
AIRT,20160211,20.54,20.54,20.52,20.52,200
AKAM,20160211,47.13,49.44,46.5,49.14,5810000
AKBA,20160211,7.02,7.43,7.02,7.24,176400
AKTX,20160211,11.01,12,11.01,12,200
ALCO,20160211,24.36,25.34,22.75,22.77,30400
ALDX,20160211,4.18,4.18,3.72,3.9,6100
ALGN,20160211,59.21,59.72,57.75,58.79,724300
ALGT,20160211,148.93,156.26,145.1,152.95,87500
ALIM,20160211,2.02,2.15,1.98,2.05,154600
ALKS,20160211,30.04,31.91,29.29,31.19,2575300
ALLT,20160211,4.55,4.55,4.29,4.32,262900
ALNY,20160211,55.6,58.33,53.26,56.96,1402000
ALOT,20160211,12.42,12.98,11.18,12.97,1600
ALRM,20160211,14.17,14.42,14,14.36,109600
ALTY,20160211,12.51,12.55,12.51,12.54,1500
AMAT,20160211,15.72,15.94,15.44,15.64,11210300
AMBA,20160211,35.46,36.92,34.7,36.3,911300
AMCX,20160211,61.91,62.49,60.3,61.68,1267700
AMD,20160211,1.82,1.94,1.81,1.86,7858200
AMED,20160211,34.78,35.1,34.01,34.9,358700
AMGN,20160211,140.76,143.49,140.04,141.46,4374300
AMKR,20160211,5.19,5.29,5.03,5.19,990500
AMNB,20160211,23.93,24.22,23.58,23.8,7800
AMOT,20160211,16.21,16.6,16.02,16.54,60600
AMPH,20160211,10.92,11.11,10.7,11,274100
AMRK,20160211,18.2,19.25,17.42,19.25,55300
AMRN,20160211,1.3,1.32,1.24,1.27,933900
AMRS,20160211,22.05,22.2,20.7,20.85,49600
AMSC,20160211,6.44,6.44,5.9,5.9,62000
AMSF,20160211,49.93,50.32,48.83,49.86,47900
AMSWA,20160211,8.72,9.13,8.71,8.94,54500
AMTX,20160211,1.72,1.72,1.52,1.57,19200
AMWD,20160211,57.77,59.16,57.49,58.06,106300
AMZN,20160211,491.17,509.3,484,503.82,7397300
ANAT,20160211,92.86,93.77,91.53,92.21,24700
ANDE,20160211,25.55,26.9,23.25,24.01,668100
ANGI,20160211,9,9.55,8.95,9.52,358600
ANGO,20160211,9.93,10.19,9.86,10.09,56300
ANIK,20160211,38.11,38.95,37.04,37.09,183900
ANIP,20160211,28.07,29.03,27,28.47,145900
ANSS,20160211,82.65,84.16,82.64,83.5,416800
ANY,20160211,1.51,1.58,1.18,1.31,927600
AOSL,20160211,11.04,11.43,11.02,11.34,67500
APDN,20160211,100.8,118,100.8,110,218800
APEI,20160211,14.34,14.78,14.19,14.49,50700
APOG,20160211,34.73,34.99,33.67,34.52,286600
APPF,20160211,12.72,12.96,12.55,12.75,40800
APPS,20160211,1.17,1.2,1.11,1.2,154400
APTO,20160211,2.33,2.48,2.24,2.42,7700
APWC,20160211,1.35,1.35,1.35,1.35,0
AQMS,20160211,4.73,4.74,4.68,4.7,10800
ARAY,20160211,4.93,5.14,4.83,5.11,719200
ARCB,20160211,18.72,18.91,18.06,18.56,250900
ARCC,20160211,12.62,12.7,12.31,12.54,2831700
ARDX,20160211,9.12,9.44,9.03,9.38,176400
ARKR,20160211,20.18,20.31,20.18,20.25,6200
ARLP,20160211,11.12,11.57,10.12,10.31,766000
ARNA,20160211,14.5,14.8,13.9,14.7,2063600
AROW,20160211,26.02,26.38,25.85,26.11,10500
ARRY,20160211,2.45,2.57,2.38,2.55,2160100
ARTNA,20160211,30.1,30.37,29.46,29.51,20700
ARTW,20160211,2.85,2.86,2.85,2.85,1500
ARWR,20160211,3.14,3.36,3.07,3.3,885400
ASET,20160211,23.75,23.75,23.75,23.75,0
ASMB,20160211,5.4,5.61,5.4,5.5,31800
ASML,20160211,82.44,82.44,80.88,81.81,1099900
ASND,20160211,18.1,18.1,17.12,18,26900
ASPS,20160211,25.62,26.49,24.68,26.2,298000
ASRV,20160211,3.05,3.08,3,3.03,12700
ASTC,20160211,1.22,1.24,1.13,1.16,13700
ASTE,20160211,36.71,37.68,36.56,37.24,68900
ASUR,20160211,5.37,5.37,5.37,5.37,0
ASYS,20160211,4.66,4.87,4.57,4.82,12600
ATAI,20160211,5.28,5.3,4.78,4.85,8600
ATAX,20160211,4.8,4.82,4.69,4.78,52800
ATEC,20160211,2.4,2.64,2.4,2.52,276200
ATHX,20160211,1.19,1.25,1.16,1.23,315400
ATLC,20160211,3.01,3.01,3.01,3.01,1900
ATLO,20160211,23.23,23.54,23.01,23.24,3500
ATNI,20160211,74.16,77.33,73.57,77.06,63300
ATOS,20160211,39.6,43.2,37.8,39.6,144800
ATRA,20160211,14.37,15.2,13.99,14.01,323200
ATRC,20160211,16.27,16.55,16.01,16.34,139400
ATRI,20160211,377.76,390,369.42,384.4,11700
ATRO,20160211,28.9,28.9,27.19,28.47,169100
ATRS,20160211,0.9,0.91,0.87,0.91,805100
ATSG,20160211,10.74,11.01,10.36,11,497300
ATVI,20160211,29.6,30.72,29.49,30.52,17176400
AUBN,20160211,26.85,27.05,26.5,26.71,600
AUDC,20160211,3.89,4.03,3.89,3.94,63100
AUPH,20160211,2.45,2.56,2.18,2.24,73600
AVAV,20160211,23.8,24.03,23.13,23.82,118200
AVEO,20160211,8.6,9,8.2,8.4,209200
AVGO,20160211,116.5,117.64,114.25,116.31,6667300
AVGR,20160211,5532,6212,5372,6044,173800
AVHI,20160211,8.58,9.13,8.5,8.85,40300
AVID,20160211,6.81,6.81,6.34,6.53,289700
AVNW,20160211,7.08,8.04,6.24,6.6,350700
AVXL,20160211,3.4,3.66,3.3,3.62,676200
AWRE,20160211,3.1,3.21,3.1,3.19,18900
AXDX,20160211,12.07,12.07,11.28,11.49,175200
AXGN,20160211,4.86,5.06,4.8,5,42800
AXSM,20160211,7.6,8.29,6.79,6.85,7100
AXTI,20160211,2.7,2.71,2.62,2.65,5000
AZPN,20160211,29.76,30.37,29.47,30.15,883500
BANF,20160211,54.4,55.5,54.11,55.05,17600
BANFP,20160211,27.05,27.05,27.05,27.05,0
BANR,20160211,36.79,38.04,35.39,36.57,166700
BANX,20160211,15.69,15.8,15.19,15.31,16200
BBBY,20160211,42.96,43.54,42.07,42.19,1768300
BBGI,20160211,3.09,3.09,3.09,3.09,500
BBH,20160211,94.49,96.33,94.42,95.74,147300
BBSI,20160211,30.92,32.8,30.84,32.21,88000
BCBP,20160211,9.94,10.1,9.81,9.85,15700
BCLI,20160211,2.1,2.18,2.06,2.07,41800
BCOR,20160211,7.35,7.73,7.28,7.62,438800
BCOV,20160211,4.75,4.99,4.7,4.91,295000
BCPC,20160211,61.04,62.56,60.71,61.76,110400
BCRX,20160211,1.75,1.75,1.64,1.66,2138800
BDSI,20160211,3.4,3.66,3.33,3.53,829500
BEAT,20160211,9.49,9.72,9.38,9.55,141200
BECN,20160211,33.49,34.2,32.24,32.89,904400
BELFA,20160211,12.85,12.85,12.85,12.85,0
BELFB,20160211,14.16,14.59,13.98,14.13,16100
BFIN,20160211,11.95,12.15,11.9,11.95,38600
BGCP,20160211,8.39,8.48,8.27,8.4,1632200
BGFV,20160211,12.6,12.76,12.15,12.24,258900
BGNE,20160211,26.48,26.74,22.51,24.1,497000
BHACU,20160211,10.13,10.13,10.13,10.13,0
BIB,20160211,36.06,37,35.3,36.39,1453100
BICK,20160211,16.82,16.82,16.82,16.82,0
BIDU,20160211,140.61,143.41,139.94,141.21,3095300
BIIB,20160211,226.8789,230.287,223.8576,225.7735,2171100
BIOC,20160211,41.7,45.9,40.8,44.1,181700
BIOL,20160211,3.85,4,3.75,3.85,113200
BIS,20160211,52.3,53.57,51.32,52.73,686400
BJRI,20160211,40.26,40.98,39.75,40.72,217600
BKCC,20160211,8.46,8.5,8.32,8.43,297500
BKEP,20160211,4.01,4.24,3.86,4.18,58500
BKEPP,20160211,6.17,6.21,5.71,5.9,64700
BKSC,20160211,15.7,15.7,15.6,15.6,1600
BLBD,20160211,8.92,8.96,8.87,8.9,9400
BLCM,20160211,90,94.3,89.1,91.6,327300
BLDP,20160211,1.26,1.29,1.24,1.27,485400
BLFS,20160211,1.68,1.71,1.65,1.7,19200
BLIN,20160211,37.5,38,37.5,38,1200
BLKB,20160211,52.3,54.09,51.84,51.94,381100
BLMN,20160211,15.88,16.11,15.54,16.07,1406500
BLPH,20160211,35.25,37.5,31.35,33.15,52400
BLRX,20160211,13.65,14.55,13.35,13.65,88300
BLUE,20160211,44.79,45.97,42.03,43.32,1375600
BMRC,20160211,24.62,25.065,24.17,24.355,6600
BMRN,20160211,65.43,68.89,65.03,67.26,1641800
BMTC,20160211,24.35,24.62,23.92,24.17,51300
BNDX,20160211,53.91,53.92,53.7,53.84,716300
BNFT,20160211,23.79,25.29,22.85,24.64,219800
BNSO,20160211,1.36,1.36,1.25,1.3,15000
BNTC,20160211,38.5,38.5,34.7,34.7,1500
BOKF,20160211,47.5,47.83,46.28,46.73,384300
BOOM,20160211,5.77,6.15,5.56,5.74,25500
BOSC,20160211,1.73,1.8,1.72,1.75,1300
BOTJ,20160211,12,12,11.7,11.99,1200
BPMC,20160211,13.68,15.31,13.26,14.84,102600
BPOP,20160211,23.91,24.17,23.51,23.94,948100
BPOPM,20160211,18.85,18.85,18.15,18.15,500
BPOPN,20160211,19.4,20.08,19.4,20.08,1800
BPTH,20160211,272,274,268,270,35600
BRID,20160211,9,9,9,9,0
BRKL,20160211,10.14,10.35,10.13,10.23,133200
BRKR,20160211,24.99,24.99,22.72,23.36,4304300
BRKS,20160211,8.57,8.72,8.33,8.48,230000
BSET,20160211,27.4,27.73,27.18,27.46,49800
BSQR,20160211,5,5.2,4.82,4.95,83300
BSRR,20160211,16.65,17.33,16.65,17.2,14100
BUSE,20160211,18.45,18.59,18.22,18.47,86700
BVXV,20160211,3.5,3.51,3.5,3.51,1600
BWEN,20160211,1.84,1.9,1.8,1.81,11700
BWFG,20160211,19.41,19.43,19.06,19.06,31200
BYFC,20160211,1.4,1.49,1.38,1.49,2400
BZUN,20160211,5,5.27,5,5.08,116800
CAAS,20160211,3.56,3.62,3.51,3.52,9600
CAC,20160211,37.46,38.76,37.46,38.31,26500
CACC,20160211,172.12,180.25,171,174.61,93700
CAKE,20160211,46.74,47.64,46.13,47.23,450900
CALA,20160211,4.32,4.84,4.31,4.79,89900
CALM,20160211,47.68,48.15,46.52,47.42,954500
CAMP,20160211,15.92,16.6,15.76,16.41,261100
CAMT,20160211,1.75,1.8,1.66,1.74,57400
CAPR,20160211,26.4,26.5,24.3,25.5,22800
CAR,20160211,25.02,25.82,24.27,24.7,2693000
CARA,20160211,6.94,7.36,6.78,7.21,285900
CARV,20160211,3.05,3.14,3.05,3.05,1500
CARZ,20160211,28.48,29.52,28.48,28.62,7600
CASH,20160211,12.3533,13.25,12.3533,13.0967,43900
CASI,20160211,0.96,0.96,0.85,0.88,13200
CASS,20160211,48.89,49.65,48.51,49.02,20000
CASY,20160211,111.92,113.13,110.53,112.06,298800
CATY,20160211,26.4,27.02,26.1,26.77,574000
CBAN,20160211,8.76,8.87,8.11,8.3,17900
CBAY,20160211,0.98,1,0.88,0.93,86400
CBFV,20160211,19.75,19.88,19.56,19.88,2600
CBIO,20160211,32.85,32.85,30.15,30.15,900
CBNK,20160211,17.66,17.66,17.61,17.61,5000
CBRL,20160211,130,131.85,129.05,131.14,267800
CBSH,20160211,39.55,40.14,39.2,39.53,617200
CCBG,20160211,14.26,14.68,13.94,14.51,10700
CCD,20160211,14.85,15.35,14.77,14.91,212600
CCLP,20160211,4.1,4.28,3.98,4,139700
CCMP,20160211,34.53,35.66,34.53,35.51,188000
CCNE,20160211,17.35,17.55,17.03,17.38,13300
CCOI,20160211,31.95,32.47,31.72,32.23,340400
CCRN,20160211,11.16,11.47,10.6,11.32,343000
CCXI,20160211,3.55,3.68,3.44,3.52,52700
CDC,20160211,34.08,34.09,33.76,34.03,39800
CDK,20160211,41.68,42.37,40.33,42.05,569000
CDL,20160211,33.08,33.08,32.99,33,2100
CDNA,20160211,5.23,5.24,4.8,5.07,14400
CDNS,20160211,20.05,20.56,20.04,20.15,5455100
CDTX,20160211,9.68,10.32,9.62,9.91,27000
CDW,20160211,34.07,34.71,33.48,33.69,2230700
CDXS,20160211,3.87,3.9,3.77,3.9,86700
CDZI,20160211,5.2,5.34,5.2,5.27,24700
CECE,20160211,6.07,6.48,6.07,6.36,153200
CEMI,20160211,4.89,5.05,4.89,4.97,9300
CENT,20160211,13.75,14.03,13.71,13.93,81700
CENTA,20160211,13.33,13.76,13.33,13.58,259400
CENX,20160211,4.27,4.29,3.96,4.17,2180900
CERE,20160211,0.24,0.24,0.22,0.24,124400
CERN,20160211,53.58,54.33,53.39,53.95,1664000
CERS,20160211,5.58,5.6,5.03,5.2,3212600
CETX,20160211,16.4,16.8,13.36,14.16,98200
CEVA,20160211,17.76,18.54,17.61,17.91,87100
CFA,20160211,32.23,32.28,32.02,32.25,6300
CFBK,20160211,7.315,7.425,7.205,7.425,1000
CFFI,20160211,38.22,38.22,38.22,38.22,300
CFFN,20160211,11.93,12.14,11.91,12.06,741000
CFMS,20160211,9.09,9.22,8.3,8.5,335800
CFO,20160211,32.16,32.27,32,32.14,10800
CFRX,20160211,32.1,33.9,30.5,31.5,26700
CG,20160211,11.66,11.77,11.25,11.7,1344800
CGEN,20160211,4.47,4.6,4.32,4.51,208600
CGNT,20160211,1.22,1.22,0.95,0.97,33500
CGNX,20160211,15.035,16.535,15.035,16.4,1330400
CGO,20160211,9.57,9.62,9.3,9.48,59500
CHCI,20160211,1.75,1.89,1.75,1.75,600
CHCO,20160211,42.04,43.17,41.71,42.27,85500
CHDN,20160211,41.58,41.98,40.91,41.6667,32200
CHEF,20160211,12.95,13.17,12.5,12.9,141300
CHEK,20160211,26.88,29.52,26.88,29.52,900
CHI,20160211,8.29,8.35,8.16,8.17,600600
CHKP,20160211,75.93,78.48,75.5,77.91,1265000
CHMG,20160211,27,27,26.55,26.87,9000
CHNR,20160211,0.9,0.9,0.9,0.9,0
CHRS,20160211,12.48,13.52,12.31,13.34,247800
CHRW,20160211,68,69.15,67.7,68.83,1588200
CHSCL,20160211,26.09,26.59,25.36,25.68,101300
CHSCM,20160211,24.85,24.99,24.25,24.69,133500
CHSCN,20160211,25.1,25.25,24.72,25,35600
CHSCO,20160211,27.28,27.74,27.17,27.22,28400
CHSCP,20160211,30.4,30.7,30.08,30.33,30500
CHTR,20160211,159.1,161.6,156.21,159.53,2983600
CHUY,20160211,27.29,28.59,27,28.29,267900
CHW,20160211,6,6.02,5.9,5.97,227100
CHY,20160211,8.8,8.87,8.64,8.73,416900
CIBR,20160211,13.97,14.2,13.95,14.18,70600
CID,20160211,29.13,29.13,29.09,29.09,1200
CIDM,20160211,2.5,2.5,2.4,2.4,43000
CIGI,20160211,32.71,33.07,32.17,32.9,101800
CIL,20160211,29.32,29.57,29.27,29.57,1500
CINF,20160211,60.26,60.86,59.52,60.51,654200
CIVB,20160211,10.75,10.85,10.75,10.8,11000
CIZ,20160211,29.11,29.17,28.97,28.97,6500
CIZN,20160211,22.52,22.99,22.52,22.55,500
CJJD,20160211,1.67,1.68,1.52,1.63,31800
CLBS,20160211,5,5,4.5,4.8,84700
CLDX,20160211,94.8,103.8,93.75,101.1,3147600
CLFD,20160211,13.48,13.82,13.43,13.57,33700
CLIR,20160211,3.1,3.28,3.07,3.1,75300
CLLS,20160211,18.83,19.49,18.61,19.3,66000
CLMT,20160211,13.5,13.72,12.15,12.38,803100
CLNE,20160211,2.21,2.34,2.16,2.31,986000
CLRB,20160211,58,67,50,60,12200
CLRO,20160211,11,11.9,10.38,11.83,11800
CLSN,20160211,1.14,1.14,1.04,1.08,187800
CLVS,20160211,18.46,19.05,17.9,18.6,620300
CLWT,20160211,2.22,2.22,2.22,2.22,500
CMCO,20160211,13.39,13.94,13.36,13.68,108500
CMCSA,20160211,27.43,28.16,27.35,28.02,17494300
CMCT,20160211,16,16.5,16,16.5,1000
CME,20160211,88.36,90.55,88.32,89.32,1952800
CMLS,20160211,2,2.48,1.84,2.32,2040400
CMPR,20160211,77.51,79.45,76.26,77.81,365000
CMRX,20160211,6.78,7.43,6.7,7.11,1896500
CMTL,20160211,18.21,18.8,18.21,18.78,60900
CNBKA,20160211,38.92,38.99,38.26,38.75,3700
CNCE,20160211,12.84,13.34,12.16,13.09,106400
CNCR,20160211,18.23,18.78,18.23,18.65,13500
CNET,20160211,0.73,0.73,0.68,0.73,6500
CNFR,20160211,7.02,7.13,6,6.57,114100
CNOB,20160211,15.27,15.34,14.99,15.27,110500
CNSL,20160211,18.53,20.17,18.53,19.93,218900
CNTY,20160211,6.24,6.42,6.16,6.38,88200
COHR,20160211,76.55,77.58,73.05,74.41,289600
COHU,20160211,11.09,11.34,10.97,11.27,57600
COKE,20160211,158.04,160.73,155.5,160.24,27300
COLB,20160211,27.03,27.36,26.56,27.18,317800
COLL,20160211,17,19.3,17,18.95,490300
COLM,20160211,47.64,49.5,46.08,47.94,866500
COMM,20160211,20.18,20.43,19.37,19.8,1441700
COMT,20160211,25.47,25.84,25.45,25.84,70100
CONE,20160211,33.73,35.64,33.33,35.35,753500
CONN,20160211,12.56,12.94,12.19,12.62,792200
COOL,20160211,4.32,4.74,4.2,4.68,76800
CORT,20160211,3.41,3.8,3.34,3.75,279600
COST,20160211,147.13,148.39,144.76,146.65,2198000
COWN,20160211,2.63,2.71,2.56,2.7,934100
COWNL,20160211,22.2,22.2,22.13,22.2,3700
CPHC,20160211,9.5,9.6,9.5,9.6,1700
CPIX,20160211,4.74,4.8,4.72,4.79,9900
CPLP,20160211,3.09,3.29,3.05,3.2,856300
CPRT,20160211,16.91,17.245,16.59,17.15,701800
CPRX,20160211,1.65,1.78,1.65,1.73,261400
CPSH,20160211,2.15,2.15,2.15,2.15,0
CPSI,20160211,56.47,56.69,55.36,55.57,138700
CPSS,20160211,3.9,4.07,3.9,3.97,35800
CRAI,20160211,16.26,16.64,16.25,16.48,27200
CRBP,20160211,1.09,1.23,1.01,1.2,95900
CREG,20160211,29,31,26,28,101100
CRESY,20160211,9.68,9.88,9.36,9.55,205900
CRIS,20160211,6.3,6.8,6.25,6.6,301300
CRMT,20160211,22.41,24.01,22.41,23.75,63200
CRNT,20160211,1.03,1.15,1.03,1.11,76200
CROX,20160211,9.06,9.35,8.6,8.77,590600
CRTO,20160211,32.9,35.28,31.76,33.28,1298200
CRUS,20160211,31.53,32.26,31.41,31.88,2047800
CRVL,20160211,42.4,43.35,41.96,42.76,31400
CRWS,20160211,7.95,8.5,7.95,8.18,7900
CSA,20160211,28.73,29.05,28.73,29.05,800
CSB,20160211,30.43,30.63,30.43,30.63,400
CSBR,20160211,3.5,3.5,3.5,3.5,0
CSCO,20160211,24.09,24.97,24.09,24.68,92695900
CSF,20160211,31.68,31.68,31.61,31.63,2700
CSGP,20160211,154.77,156.94,152.55,155.41,142600
CSGS,20160211,36.77,37.52,36.17,37.29,202400
CSII,20160211,8.37,8.6,8.15,8.39,251100
CSIQ,20160211,16.71,17.2,15.62,15.8,3637100
CSPI,20160211,5.61,5.65,5.47,5.53,600
CSQ,20160211,8.02,8.15,7.98,8.1,448100
CSTE,20160211,28.79,30.28,27.31,29.23,1511000
CSWC,20160211,13.57,13.57,13.2,13.3,25400
CSWI,20160211,31.94,32.99,30.01,32.19,48000
CSX,20160211,23.65,23.94,23.03,23.41,8209200
CTAS,20160211,82,82.9,80.27,82.12,363700
CTBI,20160211,32.87,33.18,32.6,32.97,22000
CTG,20160211,5.61,5.61,5.42,5.44,37300
CTHR,20160211,0.85,0.85,0.75,0.77,17300
CTIB,20160211,4.96,4.96,4.96,4.96,0
CTIC,20160211,3.4,3.4,3,3.2,4207200
CTMX,20160211,12.71,13,11.95,11.98,62000
CTRE,20160211,9.54,9.93,9.12,9.85,662700
CTRN,20160211,16.74,17.25,16.56,17.21,130300
CTSH,20160211,52.22,52.86,51.33,52.11,5627300
CTSO,20160211,3.41,3.43,3.11,3.21,86100
CTXS,20160211,48.8455,50.1513,48.4952,49.6656,2418500
CUBA,20160211,5,5.07,4.95,4.95,21500
CUTR,20160211,10.43,10.99,10.12,10.9,42600
CVBF,20160211,14.31,14.71,14.02,14.37,686500
CVCO,20160211,72.2,72.89,70.28,71.86,43100
CVCY,20160211,11.02,11.17,10.96,11.17,900
CVGI,20160211,2.39,2.41,2.24,2.25,112400
CVGW,20160211,47.19,48.54,47.03,48.22,87100
CVLT,20160211,34.03,34.53,33.65,34.15,628400
CVLY,20160211,19.97,20,19.65,19.85,7800
CVV,20160211,8.01,8.13,7.87,8.03,12700
CWBC,20160211,6.95,7.05,6.95,7.05,28100
CWCO,20160211,11,11.07,10.71,10.92,63900
CWST,20160211,5.51,5.76,5.41,5.42,804200
CXDC,20160211,2.74,3.03,2.53,2.74,15600
CXSE,20160211,19.92,19.92,19.92,19.92,0
CYAD,20160211,35,35.01,33.03,33.46,3100
CYAN,20160211,4.68,4.7,3.6,3.89,175600
CYBE,20160211,8.46,8.6,8.4,8.6,22000
CYBR,20160211,35.07,36.9,33.89,36.74,1820800
CYCC,20160211,74.4,81.6,74.4,74.4,98300
CYCCP,20160211,4,4,4,4,500
CYRN,20160211,1.31,1.38,1.31,1.35,40900
CYRX,20160211,1.15,1.24,1.13,1.15,28300
CYTK,20160211,6.85,7,6.59,6.85,285600
CZNC,20160211,19.65,19.86,19.6,19.69,16600
CZR,20160211,5.92,6.25,5.83,6.24,1318300
CZWI,20160211,9.13,9.13,9.01,9.01,16600
DAIO,20160211,2.19,2.2,2.1,2.11,9300
DAKT,20160211,7.32,7.6,7.31,7.58,106200
DAX,20160211,21.51,21.52,21.4,21.46,3100
DBVT,20160211,23.45,23.74,23.14,23.37,120900
DCOM,20160211,16.13,16.44,16.13,16.3,75200
DCTH,20160211,4.16,4.16,4,4.16,113300
DENN,20160211,9.07,9.37,9,9.27,318900
DERM,20160211,24.2,24.72,23.24,23.62,136500
DGICA,20160211,14.21,14.44,14.08,14.34,29500
DGICB,20160211,13.64,13.64,13.64,13.64,0
DGII,20160211,8.17,8.18,7.87,7.88,135400
DGLY,20160211,5.46,5.46,4.94,5.22,62700
DGRE,20160211,18.02,18.02,17.86,17.98,1600
DGRS,20160211,23.87,24.02,23.75,24.02,14700
DGRW,20160211,27.55,27.84,27.45,27.69,228900
DHIL,20160211,174,178.99,168.58,175.59,15400
DIOD,20160211,17.51,17.79,17.4,17.66,180900
DISCA,20160211,24.13,24.55,23.74,24.33,3624900
DISCB,20160211,24.69,24.69,24.69,24.69,0
DISCK,20160211,23.8,24.09,23.33,23.81,2515100
DISH,20160211,39.28,42.02,38.85,41.55,4137400
DJCO,20160211,180,180,179.95,180,1500
DLHC,20160211,3.07,3.22,2.74,3.22,2100
DLTH,20160211,14.15,14.48,14,14.39,35600
DLTR,20160211,73.12,74.92,72.52,73.43,3384300
DMLP,20160211,9.85,10.29,9.6,9.78,60600
DMRC,20160211,28.24,29.35,28.01,28.44,102800
DORM,20160211,40.75,41.92,40.17,40.89,323600
DOX,20160211,51.75,53.94,50.06,53.87,1304100
DRNA,20160211,4.86,5.6,4.71,5.22,206000
DRRX,20160211,1,1.04,1,1.01,183100
DSGX,20160211,15.25,15.56,15.01,15.44,46700
DSPG,20160211,7.89,8.32,7.89,8.3,60100
DSWL,20160211,1.21,1.21,1.17,1.2,15700
DTEA,20160211,8.93,9.31,8.9,9.05,73300
DVAX,20160211,17.97,19.15,17.85,18.91,1055900
DWAT,20160211,9.24,9.26,9.24,9.26,1400
DWSN,20160211,2.92,2.98,2.92,2.95,85700
DXCM,20160211,56.53,58.15,55.34,56.25,1060200
DXGE,20160211,22.44,22.57,22.22,22.5,100900
DXJS,20160211,27.95,28.15,27.5,27.8,233300
DXLG,20160211,3.95,4.16,3.95,4.11,57500
DXPE,20160211,13.42,13.95,13.2,13.31,123900
DXYN,20160211,4.25,4.49,4.18,4.27,23700
DYNT,20160211,2.78,2.78,2.78,2.78,700
EA,20160211,57.96,59.11,57.76,58.19,6672800
EAC,20160211,1.75,1.85,1.7,1.8,23400
EBAY,20160211,21.93,22.45,21.64,22.08,17634500
EBIX,20160211,29.78,31.73,29.5,31.44,285600
EBMT,20160211,11.64,11.64,11.53,11.53,2200
EBSB,20160211,13.3,13.45,13.14,13.27,260500
EBTC,20160211,21.1,21.2,21,21.06,3200
ECHO,20160211,23.4,24.43,23.08,24.29,451100
ECOL,20160211,30.56,30.84,29.89,30.46,144600
ECPG,20160211,20.04,20.12,18.32,19.88,276300
EDAP,20160211,3.49,3.51,3.37,3.49,51400
EDIT,20160211,12.97,16.9,12.57,15.77,258800
EDUC,20160211,4.845,4.995,4.55,4.925,21200
EEFT,20160211,56.98,63.07,54.32,62.65,1617400
EEMA,20160211,44.66,44.88,44.47,44.72,24600
EFOI,20160211,38.95,41.25,38.95,40.7,124500
EFSC,20160211,26.02,26.44,25.84,26.17,46800
EGAN,20160211,3.95,3.98,3.61,3.81,26500
EGBN,20160211,44.29,44.9,43.92,44.56,149800
EGLE,20160211,60.2,70,57.4,58.8,39600
EGRX,20160211,52.38,54.35,51.5,53.41,343300
EHTH,20160211,9.29,9.7,9.25,9.55,77600
ELSE,20160211,3.3,3.3,3.3,3.3,100
ELTK,20160211,1.17,1.24,1.05,1.24,9100
EMCB,20160211,64.17,64.75,64.17,64.19,26700
EMCF,20160211,23.65,23.65,23,23,2100
EMIF,20160211,24.49,24.7,24.44,24.56,6200
EMKR,20160211,5.03,5.1,4.96,5.03,284200
EML,20160211,15.62,15.74,15.01,15.15,11300
ENDP,20160211,49.75,50.2,47.5,48.49,6317200
ENG,20160211,0.94,0.94,0.9,0.9,10300
ENPH,20160211,1.84,1.88,1.76,1.83,541700
ENSG,20160211,18.54,19.35,17.6,18.55,546100
ENTA,20160211,23.8,25.97,23.03,25.58,227800
ENTG,20160211,11.28,11.66,11.12,11.53,1067600
ENZL,20160211,34.77,35.13,34.67,35.04,29300
EPAY,20160211,25.94,28,25.76,26.43,198600
EPIX,20160211,55,57.8,46.2,57.8,8600
EPZM,20160211,9.04,9.24,8.67,8.9,562000
EQBK,20160211,21,21.1,20.01,20.88,43300
EQIX,20160211,265.4,279.29,265.4,275.05,978600
ERIC,20160211,8.57,8.6,8.46,8.54,3516000
ERIE,20160211,95.54,95.76,94.53,94.96,35500
ERII,20160211,5.58,5.6,5.34,5.36,203800
ESBK,20160211,18,18.68,18,18.68,1900
ESCA,20160211,11.18,11.18,10.93,11.04,13800
ESEA,20160211,17.52,17.52,17.52,17.52,0
ESGR,20160211,146.89,147.8,145.01,145.65,43400
ESLT,20160211,80.29,80.69,79.71,80.24,23400
ESPR,20160211,13.56,14.92,13.28,14.6,413100
ESSA,20160211,13.21,13.28,13.11,13.23,31500
ESXB,20160211,4.91,4.96,4.45,4.89,13500
ETSY,20160211,6.58,6.89,6.44,6.73,528500
EUFN,20160211,16.06,16.22,15.85,15.99,614900
EVK,20160211,2.02,2.09,1.85,1.96,14600
EVLV,20160211,0.58,0.6,0.52,0.58,300900
EVOK,20160211,2.67,2.83,2.38,2.75,29500
EVOL,20160211,4.99,5.05,4.99,4.99,6300
EWBC,20160211,28.23,28.31,27.25,27.52,2826400
EWZS,20160211,6.46,6.46,6.25,6.36,55600
EXAS,20160211,5.45,5.96,5.37,5.84,1707700
EXEL,20160211,4.13,4.25,3.98,4.2,7003600
EXLS,20160211,43.3,44.03,42.49,43.86,238300
EXPD,20160211,44.43,45.02,44.13,44.69,1599400
EXPE,20160211,100.1,104.95,96.88,103.37,11008800
EXPO,20160211,22.975,23.565,22.59,23.41,97000
EXTR,20160211,2.47,2.48,2.32,2.35,1452600
EYEG,20160211,45.15,45.15,38.4,41.7,110400
EYES,20160211,32.56,33.36,31.76,32.56,143400
EZPW,20160211,2.59,2.59,2.47,2.49,449600
FANG,20160211,65.22,68.57,63.76,67.9,1795200
FARM,20160211,26.1,26.28,25.68,26.04,49700
FARO,20160211,23.44,24.22,23.28,23.92,50100
FAST,20160211,21.055,21.14,20.48,21.005,4304400
FATE,20160211,1.71,1.9,1.66,1.68,155100
FB,20160211,99.6,105.11,98.88,101.91,43670600
FBIO,20160211,2.62,2.74,2.53,2.66,53000
FBIZ,20160211,21.57,21.66,20.24,20.52,21900
FBMS,20160211,16.22,16.22,15.84,16.16,1300
FBNC,20160211,18.22,18.39,18.19,18.22,43400
FBZ,20160211,8.2,8.2,8.2,8.2,500
FCA,20160211,16.22,16.27,16.17,16.25,24700
FCAP,20160211,24.54,25,24.5,24.99,1300
FCBC,20160211,17.35,17.71,17.33,17.4,16100
FCCO,20160211,12.78,12.99,12.66,12.83,10400
FCCY,20160211,11.52,11.59,11.52,11.53,4100
FCEL,20160211,57.72,58.44,55.2,56.4,351900
FCFS,20160211,37.44,37.72,36.38,37.38,184600
FCNCA,20160211,222.88,224.45,217.41,220.04,21500
FCVT,20160211,22.48,22.6,22.24,22.6,6900
FDIV,20160211,45.42,45.42,45.42,45.42,0
FDT,20160211,40.88,40.91,40.46,40.79,23000
FDTS,20160211,28.67,28.67,28.67,28.67,0
FDUS,20160211,12.38,12.72,12.2,12.72,78100
FEIM,20160211,9.59,9.59,9,9.15,5700
FELE,20160211,26.29,27.57,26.09,27.3,200700
FEM,20160211,15.88,16.04,15.81,16.02,24100
FEMB,20160211,39.88,39.96,39.7,39.85,23700
FEMS,20160211,24.94,25.57,24.94,25.29,110300
FEP,20160211,25.83,25.93,25.56,25.76,336900
FEUZ,20160211,28.1,28.1,28.1,28.1,0
FFBC,20160211,15.58,16.1,15.46,16,538400
FFHL,20160211,0.61,0.61,0.61,0.61,0
FFIC,20160211,19.26,19.93,19.22,19.68,148800
FFIN,20160211,12.65,12.96,12.35,12.84,404100
FFIV,20160211,86.79,87.6,86.03,86.96,1229700
FFNW,20160211,12.77,12.9,12.51,12.73,17200
FFWM,20160211,10.85,10.88,10.7,10.725,10700
FGBI,20160211,17.95,17.96,17.95,17.96,200
FGEN,20160211,15.58,17.49,14.96,17.19,1321400
FGM,20160211,31.48,31.62,31.35,31.56,53800
FIBK,20160211,25.64,26.1,25.38,25.7,218800
FISI,20160211,26.27,26.6,26,26.18,41800
FISV,20160211,45.465,46.14,45.3,45.84,1612500
FITB,20160211,14.22,14.41,13.84,13.94,13541300
FITBI,20160211,27.4,27.4,26.06,26.75,88400
FIVE,20160211,32.22,33.47,32.22,33.24,623800
FIVN,20160211,6.32,6.53,6.26,6.3,276000
FIZZ,20160211,34.29,36.05,33.78,35.72,86400
FJP,20160211,40.25,40.39,40.01,40.18,99400
FKU,20160211,33.78,33.88,33.52,33.75,60700
FLDM,20160211,5.58,6.14,5.37,6.02,1323900
FLEX,20160211,9.84,10.15,9.8,9.97,5944000
FLIC,20160211,26.97,27.25,26.54,26.93,10800
FLL,20160211,1.38,1.38,1.36,1.38,3400
FLN,20160211,12.24,12.24,12.24,12.24,100
FLWS,20160211,7.5,7.84,7.45,7.6,479400
FLXN,20160211,11.13,11.75,11.01,11.25,326800
FLXS,20160211,38.73,39.35,37.98,38.51,16300
FMB,20160211,52.95,53.16,52.92,53.04,97000
FMBH,20160211,25.99,26,25.99,26,300
FMBI,20160211,15.83,16.09,15.17,15.9,342100
FMNB,20160211,8.2,8.24,8.1,8.13,9700
FNHC,20160211,22.74,23.3,22.25,23.03,46500
FNLC,20160211,18.29,18.77,17.75,18.37,10300
FNWB,20160211,12.01,12.32,11.99,12.13,31500
FOLD,20160211,5.17,5.41,5.09,5.24,1310400
FONR,20160211,14.48,14.78,13.89,14.02,45600
FORD,20160211,1.25,1.27,1.2,1.26,113500
FORM,20160211,6.28,6.38,6.15,6.35,338500
FORR,20160211,32.8,32.8,31.22,31.76,35700
FORTY,20160211,24.48,24.56,24.48,24.56,200
FOSL,20160211,32.75,33.17,31.87,32.54,1528800
FOX,20160211,24.01,24.89,23.94,24.71,4739700
FOXA,20160211,23.85,24.92,23.85,24.68,19841300
FOXF,20160211,13.97,14.39,13.97,14.15,50400
FPA,20160211,24.84,25.11,24.83,24.97,16500
FPXI,20160211,22.48,22.49,22.09,22.15,58900
FRBA,20160211,6.74,6.74,6.6,6.64,1600
FRBK,20160211,3.85,3.88,3.84,3.86,28400
FREE,20160211,18,18,14,14,3790800
FRGI,20160211,34.4,35.01,33.05,34.79,297400
FRME,20160211,22.02,22.38,21.75,21.96,97200
FRPH,20160211,30.1,31,30.1,30.16,2900
FRPT,20160211,6.08,6.74,5.94,6.37,1084700
FRSH,20160211,8.5,9.1,8.5,8.81,125400
FSBW,20160211,23.5,24.17,23.5,24,6000
FSFG,20160211,34,34,32.5,33.23,7000
FSLR,20160211,63,64.07,60.1,61.36,3051900
FSTR,20160211,11.12,11.59,10.97,11.22,51000
FSV,20160211,34.03,36.18,33.84,35.96,26900
FSZ,20160211,35.16,35.25,34.89,35.16,75500
FTAG,20160211,17.65,18.9,17.45,18.9,91100
FTCS,20160211,35.19,35.52,35,35.39,54800
FTEK,20160211,1.58,1.69,1.57,1.67,17300
FTGC,20160211,19.28,19.35,19.24,19.3,55200
FTHI,20160211,18.51,18.51,18.51,18.51,0
FTLB,20160211,18.62,18.62,18.62,18.62,0
FTNT,20160211,23.49,24.04,23.16,23.83,2855200
FTRI,20160211,8.36,8.8,8.35,8.61,80300
FTSL,20160211,46.63,46.63,46.34,46.35,116700
FTSM,20160211,59.92,59.95,59.86,59.9,29700
FULT,20160211,11.94,12.11,11.78,11.93,1774900
FUNC,20160211,9.01,9.86,9,9.06,13000
FUND,20160211,5.05,5.06,4.96,5.04,51800
FV,20160211,18.79,19.15,18.79,19.03,4073400
FWP,20160211,15.83,16.47,15.81,16.29,22100
FWRD,20160211,37.83,38.45,36,36.45,252100
GABC,20160211,20,20.1067,19.4933,19.9933,15800
GAIA,20160211,4.45,4.77,4.45,4.71,87400
GAIN,20160211,6.52,6.55,6.4,6.46,232000
GAINN,20160211,22.99,22.99,22.99,22.99,0
GALT,20160211,1.14,1.14,1.09,1.13,42700
GASS,20160211,2.55,2.55,2.45,2.49,56300
GBCI,20160211,22.39,22.67,21.9,22.36,444900
GBDC,20160211,15.31,15.55,15.24,15.51,157100
GBLI,20160211,27.82,28.27,27.5,28.12,12000
GBT,20160211,13.39,14.43,12.89,14.36,343700
GCBC,20160211,16.505,16.505,16.505,16.505,0
GDEN,20160211,9.72,10,9.5,9.98,12200
GENC,20160211,8.5067,8.5667,8.1,8.5133,27100
GENE,20160211,8.04,8.52,8,8.12,57500
GEOS,20160211,9.08,9.52,8.63,9.41,139000
GERN,20160211,2.51,2.56,2.44,2.54,3607700
GEVO,20160211,140,144,132,132,214000
GFED,20160211,15.45,15.45,15.05,15.05,3600
GGAL,20160211,27.22,27.35,26.47,26.9,200300
GIFI,20160211,8.32,8.87,8.32,8.71,51900
GIGM,20160211,2.79,2.89,2.7,2.84,45500
GIII,20160211,44.16,45.59,43.34,44.42,188100
GILD,20160211,86.5,88.45,86.01,87.36,13013300
GILT,20160211,3.51,3.6,3.51,3.56,4600
GLAD,20160211,5.84,5.91,5.63,5.73,196600
GLBL,20160211,2.87,3.17,2.84,2.97,1249100
GLBS,20160211,480,800,480,680,53100
GLBZ,20160211,11.73,11.73,11.73,11.73,0
GLDD,20160211,3.2,3.25,3.11,3.2,133400
GLDI,20160211,11.09,11.09,10.78,10.82,43300
GLMD,20160211,4.9,5.72,4.5,4.78,24000
GLNG,20160211,14.02,14.93,13.56,14.77,2222200
GLPG,20160211,37.6,40.02,37.03,39.58,217000
GLPI,20160211,25.85,26.05,25.64,25.85,694600
GLRE,20160211,19.04,19.53,19.04,19.4,260700
GLYC,20160211,4.13,4.13,3.7,3.81,29300
GNCA,20160211,21.6,24.88,21.2,24.08,193000
GNMA,20160211,50.94,51.17,50.71,51.17,16600
GNTX,20160211,13.33,13.84,13.33,13.61,4684800
GOGL,20160211,3,3.1,3,3.05,157600
GOGO,20160211,12.85,13.56,12.85,13.52,675200
GOOD,20160211,13.15,13.61,13.05,13.37,141100
GOODN,20160211,25.36,25.41,25.35,25.36,1500
GOODO,20160211,25.35,25.81,25.35,25.81,1200
GOOG,20160211,675,689.35,668.87,683.11,3024000
GOOGL,20160211,696.34,712.32,691.19,706.36,3250200
GPACU,20160211,9.81,9.81,9.81,9.81,0
GPACW,20160211,0.18,0.18,0.18,0.18,0
GPP,20160211,13.18,13.35,12.41,12.8,79100
GPRE,20160211,14.42,14.82,12.39,12.96,1303200
GPRO,20160211,10.37,10.71,9.95,10.17,4499800
GRBK,20160211,4.89,5.06,4.75,4.99,263700
GRFS,20160211,14.58,14.72,14.37,14.49,719400
GRID,20160211,28.23,28.32,28.23,28.32,600
GRMN,20160211,32.83,34.42,32.83,33.84,1371200
GROW,20160211,1.54,1.66,1.42,1.62,161600
GRPN,20160211,43.2,45,43,44.8,13965900
GRVY,20160211,1.6,1.6,1.5,1.5,3600
GSBC,20160211,36.82,37.56,35.9,36.6,30300
GSIT,20160211,3.43,3.5,3.43,3.49,45400
GSM,20160211,8.21,8.3,7.36,7.54,3009500
GT,20160211,27.98,29.08,27.7,28.61,4447400
GTIM,20160211,3.3,3.39,2.92,3.03,203800
GURE,20160211,7.95,8,7.55,7.6,17300
GWGH,20160211,5.59,5.6,5.58,5.6,2000
GYRO,20160211,26.08,26.33,26,26.2,2800
HA,20160211,33.55,34.14,33.23,33.93,845400
HAFC,20160211,19.75,19.85,18.92,19.06,542500
HAIN,20160211,33.9,34.77,33.39,33.94,1613100
HALL,20160211,10.2,10.71,10.19,10.32,25400
HALO,20160211,7,7.62,6.96,7.43,2101900
HAS,20160211,69.81,70.89,68.92,69.56,1678700
HAYN,20160211,29.01,29.44,28.58,29.14,53900
HBAN,20160211,8.18,8.18,7.95,8.01,18762300
HBANP,20160211,1369,1380,1340,1345,800
HBCP,20160211,24.15,24.4,23.94,24.25,8100
HBIO,20160211,2.79,2.79,2.6,2.64,34300
HBMD,20160211,11.69,11.94,11.69,11.94,400
HBNC,20160211,10.6533,10.8578,10.6533,10.76,13800
HBP,20160211,3.1,3.1,3.04,3.04,4000
HCCI,20160211,7.3,7.81,7.3,7.7,22800
HCKT,20160211,12.99,13.55,12.99,13.45,124100
HCSG,20160211,33.17,33.87,33.02,33.71,204800
HDSN,20160211,2.85,2.93,2.76,2.89,16700
HEAR,20160211,3.88,4,3.64,3.92,74600
HEES,20160211,10.44,10.82,10.12,10.39,242300
HELE,20160211,86,87.36,84.9,86.1,167200
HERO,20160211,0.88,1.23,0.88,0.99,1165900
HFBL,20160211,22.27,22.27,22.27,22.27,600
HFWA,20160211,16.57,16.88,16.42,16.54,166200
HGSH,20160211,2.84,3.02,2.84,3.02,1300
HIBB,20160211,30.41,31.5,29.71,30.21,315400
HIFS,20160211,118.45,118.45,115.85,116,4300
HIHO,20160211,3.5,3.67,3.25,3.4,31600
HIMX,20160211,7.48,7.62,7.41,7.6,1194100
HLG,20160211,10.08,10.1,10.08,10.1,500
HLIT,20160211,3.12,3.36,3.04,3.14,2508300
HMHC,20160211,16.16,16.65,16,16.52,706000
HMNF,20160211,10.85,11.19,10.85,10.9,8000
HMST,20160211,18.71,18.95,18.59,18.64,133200
HMTV,20160211,13.83,13.91,13.6,13.83,27000
HNNA,20160211,17.7533,18.4933,17.6867,17.8533,8600
HNRG,20160211,4.83,4.91,4.51,4.75,97400
HOFT,20160211,27.08,28,26.87,27.22,45000
HOLI,20160211,17.56,17.93,17.02,17.23,471400
HOLX,20160211,32.46,32.92,32.17,32.42,3295800
HOMB,20160211,18.795,19.1,18.235,18.31,591100
HOVNP,20160211,3.32,3.39,3.01,3.02,3400
HQY,20160211,17.32,17.46,16.15,17.29,296500
HRTX,20160211,17.84,18.56,16.96,17.95,635900
HRZN,20160211,9.7,9.74,9.36,9.42,60500
HSIC,20160211,154.44,158.26,154.25,157.91,782200
HSII,20160211,22.31,22.75,22.2,22.46,60900
HSKA,20160211,33.45,33.73,32.26,32.5,75200
HSON,20160211,25.3,27.2,24.6,25,70200
HSTM,20160211,18.67,19.25,18.67,19.16,65900
HTBI,20160211,17.43,17.45,17.19,17.35,40800
HTBK,20160211,9,9.18,8.95,9.07,43900
HTBX,20160211,23.1,23.7,21.3,21.3,20600
HTGM,20160211,2.35,2.64,2.25,2.47,11800
HTHT,20160211,6.4125,6.5,6.3875,6.435,94800
HTLD,20160211,18.56,18.74,18.03,18.38,681200
HTLF,20160211,29.2,29.69,27.74,27.91,235400
HUBG,20160211,36.01,36.53,34.93,35.41,303100
HURC,20160211,24.27,24.47,23.25,23.99,18300
HURN,20160211,49.38,50.75,49.12,50.33,131400
HWBK,20160211,14.9,15.61,14.85,15,25600
HWKN,20160211,33.73,34.07,33.41,33.6,19500
HYLS,20160211,45.7,45.7,45.19,45.4,113900
HYZD,20160211,20.45,20.51,19.87,20.45,8400
HZNP,20160211,15.76,16.45,15.52,16.13,3463400
IAC,20160211,39.64,40.6,39.01,39.96,1180600
IART,20160211,27.43,27.935,27.375,27.765,175400
IBB,20160211,242.95,246.25,240.55,244.04,2791400
IBCP,20160211,14.07,14.17,13.89,14.02,48200
IBKR,20160211,30.1,30.87,29.61,30.43,827500
IBOC,20160211,21.41,21.65,21.05,21.4,144400
IBTX,20160211,27.29,27.31,26.23,26.71,48500
ICAD,20160211,3.82,3.88,3.65,3.78,34400
ICBK,20160211,19.8,19.8,19.8,19.8,0
ICCC,20160211,6,6.3,5.8,6.05,22700
ICFI,20160211,31.86,33,31.86,32.49,106200
ICLN,20160211,7.77,7.87,7.71,7.77,16500
ICLR,20160211,67.01,67.36,64.44,66.04,401600
ICPT,20160211,93.26,96.77,89.76,94.29,807900
ICUI,20160211,86.39,89.1,86.03,87.57,131300
IDCC,20160211,42.01,43.13,41.94,42.68,173600
IDLB,20160211,22.3,22.3,21.92,22.09,10000
IDRA,20160211,12.72,13.76,12.4,13.44,590400
IDXX,20160211,68.66,69.55,67,67.27,680000
IEP,20160211,42.5,44.98,42.5,44.43,169600
IESC,20160211,10.49,10.75,10.31,10.66,27400
IEUS,20160211,39.62,39.73,39.26,39.67,12100
IFGL,20160211,25.68,25.87,25.57,25.72,118400
IFV,20160211,14.82,14.99,14.75,14.88,748800
IGF,20160211,34.44,34.66,34.17,34.44,121600
IGOV,20160211,94.95,95.29,94.66,94.77,43300
III,20160211,3.23,3.23,3.18,3.18,15800
IIN,20160211,6.45,7.5,6.45,7,7000
IIVI,20160211,19.32,19.7,19.02,19.57,459500
IKNX,20160211,11.55,11.85,11.11,11.64,15300
ILMN,20160211,136.65,140.09,135,138.46,1154400
IMGN,20160211,6.83,7.22,6.77,7.09,854700
IMKTA,20160211,33.87,35.19,33.35,34.93,124100
IMMR,20160211,6.73,7.1,6.63,7.08,396000
IMOS,20160211,16.02,16.69,15.72,15.95,166500
INBK,20160211,24.31,25,24.19,24.32,12500
INCR,20160211,37.04,38.66,36.76,38.31,507400
INCY,20160211,58.6,66.28,55,65.51,15389600
INDB,20160211,41.97,42.68,41.23,42.18,86000
INDY,20160211,23.32,23.53,23.24,23.43,239500
INFI,20160211,5.56,5.66,5.34,5.56,573300
INFN,20160211,13.7,14.23,13.53,13.96,3875400
INGN,20160211,29.1,30,29,29.48,132300
INO,20160211,6.11,6.36,5.86,6.19,3562000
INOD,20160211,2.42,2.42,2.32,2.33,41200
INOV,20160211,17.29,17.57,16.81,17.47,455300
INSM,20160211,12.46,12.98,11.99,12.79,533300
INTC,20160211,27.83,28.41,27.68,28.22,28450200
INTG,20160211,25.5,25.5,25.5,25.5,100
INTU,20160211,88.17,92.07,88.17,91.41,1991700
INVA,20160211,9.95,11.18,9.47,11.13,531500
INVE,20160211,1.71,1.78,1.61,1.66,15000
IONS,20160211,32.4,35.25,30.93,34.25,2885700
IOSP,20160211,47.41,48.24,46.87,47.57,111100
IPAR,20160211,24.22,24.92,23.96,24.77,105000
IPDN,20160211,2.4,2.4,1.52,2.32,11900
IPGP,20160211,79.74,82.25,78.72,81.53,717800
IPKW,20160211,23.89,24.03,23.68,23.91,39200
IPWR,20160211,51.5,52.2,49.4,51,29000
IRBT,20160211,30.5,30.87,28.02,28.39,1705100
IRCP,20160211,32,32,32,32,300
IRDM,20160211,6.32,6.62,6.14,6.59,541700
IRIX,20160211,8.75,9.21,8.34,9.03,19200
IRMD,20160211,15.76,16.2,15.76,15.89,84200
IROQ,20160211,17.38,17.38,17.25,17.25,2900
IRWD,20160211,7.75,8.15,7.53,8.08,1398700
ISBC,20160211,10.97,11.08,10.77,10.95,5294300
ISHG,20160211,81.18,81.36,80.93,81.18,8700
ISIG,20160211,2.7,2.71,2.66,2.71,3800
ISLE,20160211,11.41,11.64,11.09,11.22,147700
ISRG,20160211,171.4433,175,171.4433,173.85,339600
ISSC,20160211,2.41,2.56,2.4,2.52,13000
ISTR,20160211,13.63,14.49,13.63,14.25,6800
ITCI,20160211,25.49,27.25,24.58,26.61,480700
ITI,20160211,2.14,2.14,2.07,2.11,32900
ITIC,20160211,88,89.25,88,89.25,1500
ITRI,20160211,33.57,34.26,33.2,34.18,361500
ITRN,20160211,16.85,16.85,16.32,16.7,13300
IVAC,20160211,4.35,4.67,4.32,4.41,19600
IXUS,20160211,43.71,43.82,43.26,43.65,387800
JACK,20160211,71.09,72.09,70.27,71.21,600200
JAGX,20160211,1921.5,1953,1816.5,1932,24200
JAKK,20160211,65.3,67.4,65,66.4,141600
JAZZ,20160211,112.3,116.74,108.5,112.72,938600
JBHT,20160211,72.67,73.46,71.54,72.97,1050900
JBLU,20160211,19.58,20.59,19.52,20.49,6228500
JBSS,20160211,60.63,61.54,60.28,61.23,103700
JCS,20160211,7.25,7.25,6.76,6.96,2900
JCTCF,20160211,5.505,5.505,5.505,5.505,0
JD,20160211,22.53,23.13,22.14,22.9,20207500
JJSF,20160211,104.57,106.4,104.16,105.94,40000
JKHY,20160211,76.06,77.45,75.87,77.01,357800
JOBS,20160211,27.47,30.3,27.47,27.79,98900
JOUT,20160211,20.87,21.2,20.08,20.37,18000
JRJC,20160211,46.4,46.4,43,44.1,107000
JRVR,20160211,31.58,32.13,31.52,31.84,43900
JSM,20160211,13.27,13.43,12.54,13.18,24200
JVA,20160211,3.27,3.37,3.22,3.3,6000
JYNT,20160211,3.85,3.9,3.61,3.69,30900
KALU,20160211,73.2,74.39,70.15,73.71,106700
KBAL,20160211,10.23,10.4,10.15,10.26,64700
KE,20160211,10.29,10.54,10.24,10.3,58200
KELYA,20160211,16.14,16.32,15.94,16.11,101800
KEQU,20160211,16.32,16.49,16.25,16.25,800
KFFB,20160211,9,9,8.84,8.86,600
KFRC,20160211,15.01,15.54,14.86,15.23,256800
KHC,20160211,70.9,71.96,70.17,71.44,3041500
KINS,20160211,7.61,7.8,7.55,7.63,9800
KIRK,20160211,12.63,12.96,11.98,12.67,182500
KLAC,20160211,62.54,63.36,62.33,62.88,2006800
KLIC,20160211,10.85,10.92,10.59,10.7,591700
KMDA,20160211,3.42,3.45,3.28,3.45,11500
KMPH,20160211,12.87,12.92,12.25,12.62,75200
KNDI,20160211,6.21,6.5,6.1,6.24,378200
KOPN,20160211,1.75,1.83,1.75,1.78,92900
KOSS,20160211,2,2.05,1.95,2.04,18800
KPTI,20160211,5.18,5.49,5.04,5.33,255300
KRNT,20160211,10.95,11.27,10.93,11.27,13900
KRNY,20160211,11.64,11.76,11.6,11.67,481800
KTCC,20160211,7.48,7.48,7,7.28,46600
KTOS,20160211,3.15,3.18,3,3.12,309300
KURA,20160211,3.61,3.75,3.41,3.41,20500
KVHI,20160211,8.27,8.47,8.07,8.33,50700
LAKE,20160211,11.73,12.22,11.73,12.15,36800
LAMR,20160211,49.8,51.05,49.8,50.63,522700
LANC,20160211,99.17,101.5,99.17,100.9,121100
LAND,20160211,7.61,7.72,7.5,7.72,17100
LARK,20160211,24.52,24.75,24.25,24.55,14000
LAWS,20160211,17.96,18.45,17.96,18.23,6400
LBAI,20160211,9.91,10,9.72,9.81,106600
LBRDA,20160211,44,44.47,43.44,43.91,90300
LBRDK,20160211,43.54,43.95,43,43.25,280200
LBTYA,20160211,30.97,31.76,30.92,31.43,5311800
LBTYK,20160211,30.12,30.54,29.95,30.32,7953000
LCNB,20160211,15.87,16.24,15.52,15.98,4200
LCUT,20160211,11.87,12.04,11.6,11.72,6800
LE,20160211,21.37,22.16,20.69,21.81,49300
LECO,20160211,54.92,56.3,53.99,54.52,844800
LEDS,20160211,0.31,0.33,0.31,0.33,300
LFUS,20160211,105.93,109.37,105.93,107.99,111600
LFVN,20160211,8.04,8.15,7.91,7.93,39300
LGIH,20160211,19.6,20,19.01,19.49,347600
LGND,20160211,89.77,90.47,82.06,85.79,656600
LHCG,20160211,34.11,34.19,33.36,33.77,49500
LIFE,20160211,52.08,54.46,49.7,53.2,159100
LILA,20160211,32.38,32.69,31.92,32.27,36600
LILAK,20160211,34.23,34.71,33.84,34.22,101300
LINC,20160211,2.24,2.36,2.24,2.34,40700
LIND,20160211,9.6,9.85,9.56,9.63,27200
LITE,20160211,23.89,24.26,22.72,23.03,469800
LIVE,20160211,1.26,1.45,1.26,1.45,167500
LIVN,20160211,53.68,55.53,53.52,55.02,213900
LJPC,20160211,13.35,14.38,13.18,14.02,142500
LKFN,20160211,27.6,27.84,27.2933,27.58,28100
LKQ,20160211,24.19,24.97,23.95,24.41,2057700
LLNW,20160211,1.15,1.23,1.1,1.14,1091400
LMAT,20160211,12.83,13.09,12.49,12.75,92900
LMBS,20160211,50.85,50.92,50.76,50.84,9900
LMFA,20160211,82,82,79.6,80.9,5100
LMNR,20160211,11.57,11.61,11.3,11.5,15800
LMRK,20160211,13.46,14.95,13.11,14.95,100000
LNDC,20160211,11.4,11.54,11.28,11.36,36200
LNTH,20160211,1.8,1.95,1.8,1.87,20600
LOAN,20160211,4.09,4.12,4.08,4.11,4000
LOB,20160211,13.46,13.75,13.46,13.64,39100
LOCO,20160211,10.36,10.62,10.21,10.56,266700
LOGI,20160211,14.11,14.31,14.08,14.29,814300
LOPE,20160211,33.61,34.36,33.51,33.74,215200
LORL,20160211,30.11,30.54,29.78,30.08,51600
LPCN,20160211,8.06,8.38,7.9,8.14,62900
LPLA,20160211,25.93,26.1,24.86,25.26,1420600
LPSN,20160211,3.99,4.13,3.74,4.09,1273800
LPTH,20160211,2.54,2.66,2.5,2.62,170600
LQDT,20160211,4.52,4.58,4.42,4.55,380600
LRCX,20160211,64.42,65.35,63.1,64.21,3975300
LSBK,20160211,13.23,13.23,13.18,13.21,5700
LSCC,20160211,4.3,4.37,4.18,4.32,1973100
LSTR,20160211,59.15,59.42,57.96,58.97,294700
LTBR,20160211,42,42,39,41.4,6800
LTRPA,20160211,19.51,21.2,19.47,19.92,2451600
LTRPB,20160211,24.16,24.16,24.16,24.16,0
LTRX,20160211,0.94,0.95,0.94,0.95,2100
LULU,20160211,56.72,57.74,55.44,57.22,2188500
LUNA,20160211,0.85,0.87,0.81,0.84,10500
LVHD,20160211,24.17,24.23,24.05,24.23,3300
LWAY,20160211,10.44,10.79,10.44,10.67,40200
LXRX,20160211,7.96,8.48,7.65,8.38,599400
LYTS,20160211,10.25,10.92,10.08,10.52,309000
MACK,20160211,5.22,5.62,5.2,5.5,1573800
MANH,20160211,46.41,49.41,46.34,48.74,1156500
MANT,20160211,26.42,26.86,26.11,26.58,132000
MAR,20160211,60.5,62.18,60.1,61.59,4797500
MARA,20160211,8.76,8.76,8.36,8.64,35900
MARK,20160211,3.98,4.01,3.78,4,23200
MARPS,20160211,3.75,3.75,3.66,3.66,600
MASI,20160211,34.77,35.38,34.7,35.17,244800
MAT,20160211,30,30.25,29.48,29.96,6239400
MATW,20160211,46.06,47.38,45.93,46.97,101300
MAYS,20160211,53.88,53.88,53.88,53.88,200
MBCN,20160211,16.75,16.75,16.75,16.75,0
MBII,20160211,0.92,0.94,0.92,0.92,2400
MBUU,20160211,14.27,14.68,14.15,14.55,135000
MBWM,20160211,21.57,22.13,21.42,21.88,46200
MCBC,20160211,5.59,5.75,5.49,5.49,21700
MCFT,20160211,11.26,11.56,11.02,11.51,82000
MCHI,20160211,35.39,35.98,35.27,35.7,774200
MCHP,20160211,19.84,19.995,19.505,19.825,2958100
MCHX,20160211,3.55,3.73,3.55,3.69,27000
MCRB,20160211,22.51,25.12,22.51,24.79,180500
MCRI,20160211,17.93,18.43,17.9,18.21,20800
MDGS,20160211,72,81.2,68,81.2,1900
MDIV,20160211,16.64,16.64,16.25,16.39,173700
MDLZ,20160211,37.15,37.94,36.9,37.68,11390900
MDRX,20160211,12.06,12.5,11.89,12.38,2961800
MDWD,20160211,6.3,6.36,5.66,5.66,35200
MDXG,20160211,7.17,7.49,7.06,7.43,788100
MEIP,20160211,1,1.12,0.87,1.06,472000
MELI,20160211,85.58,89.76,85.58,89.04,475900
MEOH,20160211,25.47,26.27,24,25.08,1862000
MERC,20160211,6.36,6.63,6.13,6.14,130200
MESO,20160211,4.4,4.96,4.26,4.39,19200
MGEE,20160211,50.56,51.13,50.12,50.66,59800
MGI,20160211,5.2,5.52,4.68,4.75,272700
MGIC,20160211,5.33,5.35,5.26,5.32,16800
MGLN,20160211,52.3,53.36,52.3,52.79,156600
MGNX,20160211,15.65,16.06,14.84,15.3,368500
MGPI,20160211,21.29,22.69,20.98,22.63,89000
MGRC,20160211,24.84,25.31,24.45,25.02,200000
MGYR,20160211,9.66,9.66,9.66,9.66,0
MHLD,20160211,12.79,12.95,12.57,12.67,225300
MICT,20160211,1.96,1.96,1.96,1.96,0
MIDD,20160211,80.47,82.38,79.11,80.62,486300
MIME,20160211,9.23,9.46,9.1,9.29,94200
MIND,20160211,2.26,2.55,2.26,2.42,9800
MITK,20160211,4.28,4.38,4.15,4.27,318300
MKSI,20160211,31.96,32.79,30.67,32.08,335000
MKTX,20160211,103.73,107.27,102.71,106.12,210400
MLAB,20160211,80.11,80.99,80,80.39,5600
MLHR,20160211,22.75,23.37,22.6,22.92,514500
MLVF,20160211,16.46,16.57,16.42,16.42,5900
MMLP,20160211,14,14.95,13.89,14.39,173600
MMSI,20160211,16.03,16.62,15.79,16.39,212500
MMYT,20160211,15.27,15.47,14.9,15,347500
MNDO,20160211,2.3,2.3,2.22,2.23,51600
MNKD,20160211,4.65,5.2,4.55,4.6,3622800
MNOV,20160211,4.22,4.22,4.13,4.22,16700
MNRO,20160211,62,62.81,61.31,62.25,312200
MNST,20160211,38.2933,39.9533,37.6933,39.6333,2016800
MNTX,20160211,4.58,4.69,4.41,4.57,26000
MOFG,20160211,26.67,26.95,26.16,26.44,11200
MOMO,20160211,7.8,7.98,6.72,7.79,3297400
MORN,20160211,74.94,75.85,74.78,75.34,88100
MOSY,20160211,162,166,144,146,182900
MPAA,20160211,30.85,31.39,29.47,30.52,263800
MPB,20160211,15.19,15.19,15.19,15.19,0
MPWR,20160211,55.45,56.77,55.21,56.26,182400
MRCC,20160211,11.11,11.23,10.8,10.87,41900
MRCY,20160211,17.21,17.42,17.04,17.12,164500
MRLN,20160211,13.83,14.08,13.65,13.83,14700
MRNS,20160211,16.96,18.36,16,18.12,54400
MRTN,20160211,11.42,11.56,11.22,11.3667,95200
MRTX,20160211,19,19.79,18.22,19.39,160800
MRVL,20160211,8.5,8.57,8.32,8.41,3706300
MSEX,20160211,28.15,28.69,28.15,28.42,45200
MSFT,20160211,48.68,50.11,48.51,49.69,48878500
MSON,20160211,6.32,6.35,6.15,6.23,7300
MSTR,20160211,147.21,151.9,145.55,149.57,226900
MTBC,20160211,0.96,0.96,0.96,0.96,0
MTBCP,20160211,24.37,24.37,24.37,24.37,0
MTCH,20160211,9.21,9.95,9.05,9.7,1255000
MTEX,20160211,17.16,17.16,17,17.09,5100
MTLS,20160211,5.8,6.17,5.75,6.1,33500
MTP,20160211,228.5,230,227.5,228.5,9800
MTRX,20160211,15.1,15.82,15.02,15.72,335600
MTSI,20160211,33.84,34.79,33.33,34.32,452400
MU,20160211,9.72,9.95,9.45,9.69,27105700
MVIS,20160211,2.63,2.66,2.63,2.65,117300
MYGN,20160211,34.08,34.57,33.89,34.12,1060500
MYRG,20160211,18.94,20.26,18.94,20.07,168300
NAII,20160211,9,9.98,8.77,9.82,83800
NAKD,20160211,1395,1395,1265,1265,4400
NATH,20160211,47,48.03,46.96,47.82,38700
NATI,20160211,26.52,27.19,26.5,26.96,763100
NATR,20160211,7.15,7.57,7.15,7.51,9200
NAVI,20160211,8.38,8.54,8.2,8.41,3718200
NBIX,20160211,32.92,36.56,31.55,35.37,2336300
NBN,20160211,9.75,9.78,9.75,9.78,2400
NBRV,20160211,8.47,8.52,8.3,8.52,15200
NBTB,20160211,24.68,25.34,24.68,25.03,124400
NCMI,20160211,14.51,14.94,14.14,14.76,181100
NCTY,20160211,67.2,70.8,67.2,68.4,24700
NDAQ,20160211,59.33,60.47,58.93,59.97,1044700
NDLS,20160211,11.92,12.14,11.71,11.88,109400
NDSN,20160211,58.76,60.19,58.51,59.45,416400
NEO,20160211,5.75,5.97,5.62,5.84,158400
NEOG,20160211,35.6175,36.3525,35.385,35.445,200300
NEON,20160211,20.8,21.4,20.6,21.4,47000
NEPT,20160211,1.04,1.04,0.97,1.02,178700
NERV,20160211,4.54,4.71,4.43,4.6,8000
NETE,20160211,2.1,2.1,1.9,1.9,742200
NEWT,20160211,10.14,10.23,10,10.18,54300
NEWTZ,20160211,24.67,24.67,24.67,24.67,0
NFBK,20160211,15.06,15.14,14.73,14.79,232300
NFLX,20160211,87.42,88.39,82.91,86.35,21820300
NHTC,20160211,22.31,24.68,21.6,23.3,478700
NICE,20160211,56.31,57.95,54.12,56.32,264400
NICK,20160211,10.39,10.92,10.15,10.21,15500
NKSH,20160211,33.09,33.68,33.09,33.36,5100
NKTR,20160211,10.87,11.56,10.76,11.32,1283500
NMIH,20160211,4.79,4.79,4.41,4.5,532700
NNBR,20160211,10.58,11.31,10.34,10.58,148800
NRIM,20160211,22.55,22.9,21.81,21.95,16800
NSEC,20160211,15.8,15.8,15.8,15.8,0
NSIT,20160211,21.26,22.32,18.26,21.88,240900
NSSC,20160211,5.43,5.43,5.37,5.38,14400
NSTG,20160211,11.68,12.59,11.3,11.89,154500
NSYS,20160211,3.81,3.81,3.81,3.81,700
NTAP,20160211,21.96,22.04,21.22,21.73,5544500
NTCT,20160211,19.41,19.53,18.95,19.4,1244400
NTES,20160211,26.808,27.914,26.5,27.37,616600
NTGR,20160211,35.55,36.46,35.45,36.06,240400
NTIC,20160211,5.405,5.52,5.27,5.33,5900
NTRA,20160211,6.72,7.11,6.7,6.98,252500
NTRS,20160211,55.22,55.93,54.38,54.5,3778000
NTWK,20160211,8.03,8.2,6.9,7.23,278200
NUAN,20160211,16.79,17.24,16.73,17.09,4474900
NURO,20160211,12.4,12.8,11.2,11.28,14500
NUVA,20160211,40.8,42.09,40,41.82,599000
NVAX,20160211,90.2,93.2,88.2,90.6,10535600
NVCN,20160211,3310,3400,3310,3390,12300
NVCR,20160211,12.71,13.13,11.76,12.06,198400
NVDA,20160211,6.195,6.39,6.195,6.325,8503600
NVEC,20160211,45.95,47.3,45.75,47.2,12400
NVEE,20160211,16.5,17.05,16.3,17,18300
NVFY,20160211,6.85,6.85,6.45,6.45,17000
NVIV,20160211,2685,2880,2655,2850,141600
NVMI,20160211,9.23,9.27,9.17,9.27,10400
NWBI,20160211,11.93,12,11.77,11.87,479100
NWFL,20160211,26.8,27.2,26.8,27.19,6500
NWLI,20160211,208.7,212.99,200.18,202.29,14100
NWPX,20160211,7.85,8,7.46,7.74,36800
NWS,20160211,11.12,11.12,10.73,10.89,1161900
NWSA,20160211,10.44,10.48,10.21,10.4,4924300
NXPI,20160211,64.62,66.71,64.45,65.07,4432500
NXST,20160211,35.49,37.65,34.65,35.55,572100
NXTD,20160211,37,43,35,42,569200
NYMT,20160211,4.52,4.56,4.4,4.47,611000
NYMTP,20160211,20.14,20.2,19.1,19.1,4200
NYMX,20160211,2.07,2.27,2.06,2.17,147400
OBAS,20160211,7.04,7.04,7.04,7.04,0
OBCI,20160211,2.05,2.05,2.05,2.05,0
OCC,20160211,2.18,2.18,2.18,2.18,0
OCFC,20160211,16.4,16.5,16.26,16.36,46300
OCUL,20160211,5.43,5.87,5.41,5.63,136400
ODFL,20160211,59.25,59.8,58.03,58.92,617300
ODP,20160211,49.6,50.1,48.4,49.1,4355000
OESX,20160211,1.36,1.37,1.2,1.24,276800
OFED,20160211,18.3,18.54,18.21,18.21,1600
OFIX,20160211,36.66,37.77,35.85,37.51,124700
OFLX,20160211,30.97,31.92,29.78,31.87,17800
OFS,20160211,10.56,10.86,10.56,10.84,30400
OIIM,20160211,1.25,1.37,1.21,1.36,140700
OLED,20160211,42.12,43.63,41.82,43.28,580200
OLLI,20160211,19.25,20.52,19.25,19.82,214000
OMAB,20160211,35.34,35.34,34.55,34.93,38000
OMCL,20160211,27.1,27.24,26.53,26.81,273200
OMER,20160211,10.4,10.68,9.98,10.53,247800
OMEX,20160211,2.16,2.4,1.92,2.28,318000
ON,20160211,7.07,7.17,6.97,7.05,6075600
ONB,20160211,10.83,11.05,10.69,10.85,1077300
ONCS,20160211,14.3,16.6,14.3,15.1,28100
ONEQ,20160211,165.63,168.91,165.63,168,18700
ONTX,20160211,67.5,73.5,54,66,58300
OPGN,20160211,810,855,780,835,5700
OPHC,20160211,5.35,5.35,3.8,3.98,2000
OPOF,20160211,18.17,18.19,18.01,18.05,1900
ORLY,20160211,242,253.49,238.48,249.53,2630200
ORMP,20160211,5.75,6,5.75,5.95,36400
ORRF,20160211,17.12,17.48,17.12,17.47,2100
OSBC,20160211,6.45,6.6,6.41,6.54,16400
OSIS,20160211,53.76,55.8,53.08,55.33,200600
OSTK,20160211,12.61,13.34,12.34,12.93,211500
OSUR,20160211,6.2,6.39,6.11,6.26,443800
OTEX,20160211,23,23.69,22.96,23.375,492600
OTIC,20160211,12.86,14.09,12.76,13.96,315200
OTTR,20160211,26.09,26.78,26.09,26.43,163500
OVBC,20160211,23.1,23.1,23.1,23.1,200
OVLY,20160211,9.59,9.85,9.59,9.85,6700
OXBR,20160211,4.81,5.38,4.81,5.38,10300
OXBRW,20160211,0.6,0.6,0.6,0.6,0
OXLC,20160211,8.56,8.57,7.4,7.61,141900
OXLCO,20160211,23.09,23.59,22.76,23.28,153200
PAAS,20160211,8.78,8.84,8.39,8.67,5316600
PACB,20160211,8.67,9.1,8.42,8.94,1268500
PACW,20160211,30.65,30.66,29.05,29.38,1959000
PAHC,20160211,27.43,29.88,27.34,28.8,232100
PANL,20160211,2.36,2.38,2.28,2.3,11700
PATI,20160211,21.5,21.5,21.5,21.5,0
PATK,20160211,19.6667,21.6067,19.66,21.28,254200
PAYX,20160211,46.09,48.14,46.08,47.74,5241800
PBCT,20160211,13.89,14.35,13.7,13.85,3696100
PBHC,20160211,12,12,11.86,11.88,1100
PBIP,20160211,15.03,15.39,15.03,15.39,2500
PBPB,20160211,10.04,10.3,9.95,10.23,107300
PCAR,20160211,47.87,49.1,47.53,48.29,1826900
PCH,20160211,26.49,26.76,25.79,25.92,479800
PCOM,20160211,7.07,7.08,6.82,7.05,14300
PCRX,20160211,56.48,56.76,53.54,56.28,565300
PCTI,20160211,4.85,5.28,4.85,5.2,89400
PCTY,20160211,24.99,25.56,24,25.36,336300
PCYG,20160211,7.66,7.95,7.62,7.95,20900
PCYO,20160211,4.11,4.32,4.11,4.3,9200
PDBC,20160211,14.18,14.31,14.12,14.31,53200
PDCE,20160211,43.88,47.22,42.67,46.43,1188200
PDCO,20160211,41.67,42.27,41.12,41.46,1062500
PDEX,20160211,2.48,2.49,2.37,2.37,8700
PDFS,20160211,8.95,9.32,8.7,9,123200
PEBK,20160211,18.6,18.6,18.5,18.5,1500
PEBO,20160211,17.1,17.63,16.9,17.14,62200
PEGA,20160211,20.61,20.91,20.53,20.73,173000
PENN,20160211,12.7,13.19,12.51,13.07,962100
PERI,20160211,6.3,6.33,5.94,6.24,46000
PESI,20160211,3.76,3.76,3.55,3.71,34200
PETS,20160211,16,16.45,16,16.28,139500
PFBC,20160211,28.6,28.87,27.59,28.17,32200
PFIE,20160211,0.81,0.81,0.76,0.8,38700
PFIN,20160211,8.44,8.52,8.27,8.27,3100
PFIS,20160211,34.07,34.91,34.07,34.85,1700
PFLT,20160211,10.64,10.69,10.39,10.5,134700
PFMT,20160211,1.64,1.71,1.64,1.64,29300
PFSW,20160211,11.19,11.33,10.68,10.88,416800
PGC,20160211,17.37,17.46,16.82,16.87,81000
PINC,20160211,32.4,32.65,31.05,32.16,417400
PIRS,20160211,1.5,1.62,1.5,1.51,83300
PKBK,20160211,11.2818,11.3636,11.1091,11.1818,4400
PKOH,20160211,24,24.88,23.55,24.68,44200
PLAB,20160211,10.3,10.5,9.79,9.87,3245800
PLAY,20160211,30.36,31.56,29.79,31.35,353500
PLBC,20160211,8.65,8.65,8.6,8.6,7400
PLCE,20160211,61.68,63.28,61.68,62.29,202700
PLPC,20160211,31.91,31.91,31.91,31.91,400
PLUG,20160211,1.57,1.62,1.55,1.61,1097400
PLUS,20160211,35,36.035,34.885,35.64,73500
PLXS,20160211,34.33,34.78,34.08,34.62,116000
PMD,20160211,10.7,10.72,10.12,10.43,8700
PME,20160211,1.27,1.56,1.23,1.49,92400
PMTS,20160211,38.35,40.9,37.55,38.95,347300
PNBK,20160211,13,13,13,13,0
PNFP,20160211,44.75,44.9,43.69,44.72,391300
PNNT,20160211,5.06,5.14,4.9,5.07,515700
PNQI,20160211,63.54,64.95,63.45,64.48,93100
PODD,20160211,25.35,25.6,24.21,24.68,537100
POOL,20160211,76.3,78.01,76.3,77.57,309600
POWI,20160211,20.905,21.985,20.745,21.78,205200
POWL,20160211,26.16,26.86,25.57,25.99,63500
PPBI,20160211,20.15,20.33,19.73,19.84,89100
PPC,20160211,19.43,21.7,18.48,21,3959700
PPH,20160211,56.52,56.58,55.69,56.22,204200
PPSI,20160211,3.75,3.75,3.75,3.75,0
PRAA,20160211,25.69,26.24,25.27,25.84,427600
PRFT,20160211,16.89,17.52,16.69,17.45,124900
PRFZ,20160211,80.34,81.06,79.71,80.67,125300
PRGS,20160211,22.29,22.58,22.02,22.32,240900
PRIM,20160211,18.77,19.08,18.19,18.68,136700
PROV,20160211,16.73,16.95,16.73,16.8,13600
PRPH,20160211,1.2,1.23,1.17,1.2,27300
PRQR,20160211,4.07,4.08,3.81,3.91,28100
PRTA,20160211,31.21,31.71,29.34,30.12,579700
PRTK,20160211,12.89,13.17,12.25,12.31,81500
PRTS,20160211,2.82,2.82,2.73,2.75,23800
PSCC,20160211,51.13,51.26,50.25,51.12,18400
PSCD,20160211,41.33,41.33,40.55,40.99,20500
PSCE,20160211,11.15,11.15,10.54,10.95,21100
PSCF,20160211,35.38,35.62,35.04,35.52,16900
PSCH,20160211,57.45,58.44,56.89,58.09,115600
PSCI,20160211,37.55,38.18,37.54,37.97,4500
PSCM,20160211,26.5,26.5,26.19,26.19,2100
PSCT,20160211,46.54,47.11,46.28,46.72,97500
PSCU,20160211,41.74,42.48,41.74,42.37,30000
PSEC,20160211,5.6,5.95,5.5,5.9,7117400
PSMT,20160211,71.44,74.55,71.44,74.26,155900
PSTI,20160211,7.9,8.2,7.7,8,104700
PTC,20160211,27.49,28.33,27.44,28.04,918800
PTCT,20160211,23.14,24.8,22.67,24.23,559300
PTEN,20160211,12.25,12.69,11.81,12.57,5783600
PTNR,20160211,4.31,4.36,4.26,4.28,6800
PTSI,20160211,25.11,25.2,23.67,24.25,17400
PULM,20160211,25,25.5,24.2,24.3,12100
PVBC,20160211,6.45,6.45,6.45,6.45,0
PWOD,20160211,27.2,27.2,26,26.3333,3900
PXLW,20160211,1.22,1.39,1.22,1.28,177500
PXS,20160211,0.89,1,0.88,0.95,4100
PYPL,20160211,32.12,33.64,32.01,33.52,13170000
PZZA,20160211,47.5,48.84,47.09,48.26,729000
QABA,20160211,32.83,33.44,32.4,32.64,133800
QADA,20160211,17.33,17.62,17.11,17.42,39500
QADB,20160211,15.85,15.85,15.85,15.85,0
QAT,20160211,17.8,17.8,17.8,17.8,0
QCLN,20160211,12.67,12.77,12.5,12.62,147200
QCOM,20160211,42.51,43.29,42.24,43,12537600
QCRH,20160211,21.17,21.3,20.89,21,24400
QDEL,20160211,15.19,15.6,15.1,15.28,172300
QIWI,20160211,12.07,12.56,12.01,12.3,70300
QLYS,20160211,19.39,21.28,19.28,20.83,823000
QNST,20160211,2.86,2.95,2.8,2.84,186700
QQEW,20160211,36.27,37.03,36.27,36.79,218200
QQQ,20160211,95.45,97.32,95.19,96.55,76839100
QQQX,20160211,15.95,16.32,15.83,16.03,373300
QQXT,20160211,34.59,35.08,34.52,35.08,102200
QRHC,20160211,5.12,5.12,5.12,5.12,15300
QRVO,20160211,34.54,34.9,33.3,34.53,1564400
QTEC,20160211,35.94,36.58,35.85,36.37,68600
QTNT,20160211,7,7.44,6.78,7.39,79500
QUIK,20160211,17.08,19.74,17.08,19.46,462100
QUMU,20160211,2.86,2.86,2.5,2.81,3900
QURE,20160211,13.65,14.93,13.51,14.25,247400
QYLD,20160211,20.7,20.89,20.54,20.79,20900
RADA,20160211,0.56,0.66,0.56,0.64,10000
RAIL,20160211,18.72,19.13,18.06,18.76,158300
RAND,20160211,33.75,47.25,33.75,42.21,99800
RARE,20160211,51.48,54.44,50.01,53.44,515300
RAVE,20160211,5.2,5.2,4.5,4.77,290100
RAVN,20160211,14.69,14.94,14.56,14.77,136800
RBCAA,20160211,25.16,25.53,24.66,25.23,12400
RBCN,20160211,7.6,7.7,7.5,7.7,33400
RCII,20160211,10.66,11.02,10.5,10.92,1914300
RCKY,20160211,10.63,10.77,10.27,10.64,30800
RCMT,20160211,4.94,4.94,4.6,4.84,18000
RCON,20160211,7.25,7.65,6.55,6.65,30400
RDCM,20160211,14.04,14.2,13.38,13.82,71000
RDHL,20160211,8.83,8.83,8.41,8.6,44800
RDI,20160211,9.85,10.02,9.73,9.84,32800
RDIB,20160211,12.25,12.25,12.25,12.25,0
RDNT,20160211,5.19,5.36,5,5.04,81700
RDUS,20160211,28,28.23,24.75,26.17,1599400
RDVY,20160211,18.12,18.31,17.96,18.17,35500
RDWR,20160211,10.13,10.3,9.98,10.18,928700
REFR,20160211,4.17,4.18,4.07,4.1,25000
REGI,20160211,6.43,6.53,6.22,6.43,247700
REGN,20160211,358.3,375.98,357.01,367.24,941800
RELL,20160211,4.81,4.93,4.71,4.8,40200
RELY,20160211,5.92,6.1,5.9,6,300100
REPH,20160211,6.5,7.17,6.4,6.6,23700
RESN,20160211,2.05,2.15,2.05,2.15,300
RFIL,20160211,4.02,4.04,3.95,3.95,4300
RGCO,20160211,14.6267,14.6267,14.2733,14.2733,800
RGEN,20160211,21.5,22.05,21.07,21.73,344800
RGLD,20160211,42.87,43.3,39.51,40.45,2055200
RGLS,20160211,66.6,71.88,66,70.2,427800
RGNX,20160211,11.99,12.55,11.66,12.07,21100
RIBT,20160211,1.75,1.77,1.74,1.75,2400
RICK,20160211,8.05,8.15,7.77,7.91,41200
RIGL,20160211,2.29,2.48,2.21,2.4,347900
RILY,20160211,9.78,9.78,9.78,9.78,0
RKDA,20160211,46.4,47.8,45.4,46.4,25400
RMBS,20160211,11.57,11.94,11.45,11.87,772000
RMCF,20160211,9.85,9.86,9.75,9.81,9900
RMR,20160211,21.04,21.56,20.76,20.85,32200
RMTI,20160211,6.07,6.39,5.99,6.38,231900
RNST,20160211,29.94,30.49,29.6,30.19,117600
RNWK,20160211,3.14,3.49,3.14,3.44,43500
ROCK,20160211,18.32,18.84,18.23,18.78,297100
ROIC,20160211,17.89,18.17,17.78,18.01,487100
ROLL,20160211,57.75,60.23,57.75,59.59,85500
ROST,20160211,53.22,53.61,52.16,52.56,3467900
RPD,20160211,10.19,10.93,9.05,10.76,816600
RPRX,20160211,0.82,0.85,0.8,0.81,119900
RRGB,20160211,57.44,59.18,56.21,58.77,346800
RUN,20160211,5.6,5.82,4.99,5.08,1419200
RUSHA,20160211,10.02,10.1,9.46,9.84,1367400
RUSHB,20160211,10.0333,10.0333,9.4667,9.9333,47800
RUTH,20160211,15.21,15.47,14.9,15.43,330500
RVNC,20160211,16.56,17.44,16.01,16.77,304100
RVSB,20160211,4.35,4.37,4.26,4.33,14300
RWLK,20160211,203,223.5,201,218.75,85000
RXDX,20160211,6.97,7.28,6.37,6.86,506100
RYAAY,20160211,78.53,79.58,78.38,79.1,587500
SABR,20160211,25.56,26.42,25.43,25.86,5571600
SAFM,20160211,80.76,82.47,79.61,81.17,498900
SAFT,20160211,55.03,56.56,55.03,55.69,43100
SAGE,20160211,28.72,30.95,28.44,30.66,408300
SAIA,20160211,26.5,27.2,25.66,27,301200
SAL,20160211,31.5,31.5,31.5,31.5,100
SALM,20160211,3.76,4.04,3.66,4.02,41800
SAMG,20160211,10.79,10.99,10.7,10.84,3500
SANM,20160211,19.39,19.7,18.98,19.56,794000
SANW,20160211,4.13,4.15,4.05,4.11,103100
SASR,20160211,24.8,25.41,24.57,24.98,76100
SATS,20160211,26.8531,27.2675,26.1056,27.1294,79600
SBAC,20160211,84.51,86.21,82.8,84.96,2354000
SBCF,20160211,14.09,14.21,13.8,13.88,127500
SBFG,20160211,10.02,10.08,9.95,10,2700
SBGI,20160211,27,27.71,26.59,27.31,998300
SBLK,20160211,2.05,2.05,2,2,317300
SBNY,20160211,126.44,128.5,119.6,119.89,1131100
SBRA,20160211,15.04,15.36,14.92,15.16,965200
SBSI,20160211,22.25,22.68,21.97,22.36,111600
SBUX,20160211,53.89,55.39,53.55,54.92,12106000
SCHL,20160211,33.05,33.71,33.05,33.54,139900
SCHN,20160211,13.18,13.44,12.6,12.94,191000
SCOR,20160211,34.64,35.21,33.17,34.76,722500
SCSC,20160211,36,36.8,35.08,35.84,254500
SCVL,20160211,21.54,22.46,21.54,22.2,47700
SCYX,20160211,48.3,48.6,45.7,46,3000
SCZ,20160211,43.78,43.9,43.36,43.69,670000
SEAC,20160211,5.73,5.75,5.6,5.66,114700
SEDG,20160211,22.6,23.85,22.25,23.6,1180200
SEED,20160211,12.2,12.4,11.8,12,38100
SEIC,20160211,34.03,34.49,33.46,33.86,1246300
SELF,20160211,3.83,3.91,3.81,3.91,6300
SENEA,20160211,28.27,29.43,27.99,29.03,18500
SENEB,20160211,44.88,44.88,44.88,44.88,0
SEV,20160211,8.8,9.2,8.8,8.87,700
SFBC,20160211,21.68,21.68,21.68,21.68,0
SFM,20160211,21.5,22.65,21.18,22.09,3819900
SFNC,20160211,19.62,19.925,19.15,19.775,94500
SFST,20160211,22.41,22.5,21.83,22.15,12200
SGC,20160211,16.03,16.28,15.85,16.25,9300
SGEN,20160211,26.14,27.7,26.11,27.04,2144600
SGMA,20160211,6.3,6.52,6.25,6.25,4700
SGMO,20160211,4.77,5.03,4.65,4.91,1501300
SGMS,20160211,4.82,4.96,4.68,4.81,938100
SGOC,20160211,3.18,3.45,2.89,3.24,40400
SGRP,20160211,1.01,1.01,0.98,0.99,11600
SGRY,20160211,15.37,15.37,14.71,15.06,139700
SHBI,20160211,11.06,11.34,10.98,11.14,2400
SHEN,20160211,21.05,22.09,20.9,21.95,124000
SHIP,20160211,597.6,614.4,516,597.6,4100
SHOO,20160211,20.68,21.2267,20.3067,20.64,556100
SHY,20160211,85.15,85.18,85.08,85.1,1814400
SIEB,20160211,1.16,1.16,1.16,1.16,0
SIEN,20160211,8.51,8.61,7.81,7.98,1086000
SIFY,20160211,0.98,1.02,0.98,0.98,49900
SIGI,20160211,32.41,33.25,31.35,32.81,336300
SILC,20160211,26.85,27.13,26.32,26.91,41200
SIMO,20160211,30.92,31.19,30.48,30.68,505300
SINO,20160211,2.5,2.65,2.5,2.65,2000
SIRI,20160211,3.34,3.42,3.32,3.38,35222900
SIVB,20160211,80.31,83.03,77.87,79.97,1216000
SKOR,20160211,50.33,50.35,50.32,50.32,2000
SKYW,20160211,14.47,15.15,14.33,14.94,476100
SKYY,20160211,24.72,25.31,24.72,25.16,261100
SLAB,20160211,37.26,37.74,36.56,36.94,498200
SLGN,20160211,25.315,25.535,25.11,25.18,299600
SLM,20160211,5.59,5.77,5.41,5.73,4495800
SLMBP,20160211,37.6,37.6,36,36,2500
SLP,20160211,10.27,10.27,9.35,9.99,66600
SLQD,20160211,50.05,50.08,49.93,50.05,600700
SLRC,20160211,16.1,16.26,16.01,16.12,224900
SLVO,20160211,9.8,9.95,9.8,9.83,24200
SMBC,20160211,22.69,23.2,22.5,23.1,24300
SMBK,20160211,14.75,15.1,14.75,14.9,1300
SMCI,20160211,29.68,30.39,29.38,29.72,543900
SMCP,20160211,18.72,18.72,18.72,18.72,0
SMED,20160211,5.45,5.75,5.41,5.44,88300
SMIT,20160211,2.25,2.25,2.25,2.25,0
SMLR,20160211,2.16,2.32,2.16,2.32,600
SMMF,20160211,11.96,12.14,11.9,12.13,10500
SMMT,20160211,7.35,7.35,7.35,7.35,100
SMSI,20160211,2.4,2.44,2.2,2.2,58900
SMTC,20160211,15.8,16.57,15.75,15.95,310200
SNCR,20160211,22.58,23.52,22,23.43,529000
SNFCA,20160211,5.41,5.5,5.22,5.39,14000
SNPS,20160211,40.77,41.75,40.77,41.34,1176800
SOCL,20160211,15.68,15.87,15.55,15.8,47200
SOHO,20160211,5.01,5.34,4.84,4.97,22000
SOHU,20160211,42.04,44.71,41.47,41.98,486500
SOXX,20160211,75.17,76.22,74.8,75.79,418600
SP,20160211,22.4,22.8,21.61,22.63,28200
SPCB,20160211,4.77,4.9,4.7,4.73,73500
SPI,20160211,7.15,7.94,6.95,6.95,6400
SPLK,20160211,31.06,31.87,29.85,30.86,4241000
SPNE,20160211,12.32,12.5,11.36,12.18,18700
SPNS,20160211,9.52,9.7,9.44,9.65,140000
SPOK,20160211,16.55,17.27,16.43,17.15,54900
SPPI,20160211,4.32,4.41,4.26,4.35,623200
SPSC,20160211,40.61,42.08,40.23,40.52,258000
SPTN,20160211,18.93,19.45,18.82,19.41,156400
SPWH,20160211,11.36,11.57,11.25,11.4,126700
SPWR,20160211,21.37,21.54,20,20.38,2705400
SQQQ,20160211,2287.2,2304,2158.4,2205.6,15812800
SRCE,20160211,28.81,29.08,28.42,28.44,120400
SRCL,20160211,106.16,107.97,105.38,106.05,881100
SRDX,20160211,18.3,18.8,17.95,18.38,27200
SRET,20160211,11.43,11.51,11.43,11.43,2400
SREV,20160211,3.55,4.02,3.46,3.61,356100
SRNE,20160211,4.25,5.02,4.25,4.89,531000
SRPT,20160211,11.08,11.94,10.96,11.73,1165000
SSB,20160211,60.22,60.69,59.19,59.91,107200
SSBI,20160211,13.48,13.48,13.48,13.48,100
SSKN,20160211,5.1,5.1,4.65,4.9,18000
SSNC,20160211,55.02,56.08,54.28,55.31,1040600
SSYS,20160211,15.9,16.24,15.46,15.51,1507200
STAA,20160211,6.18,6.39,6.01,6.24,698800
STAF,20160211,13.8,13.8,13.8,13.8,100
STBA,20160211,24.67,24.95,24.31,24.65,69700
STFC,20160211,21.23,22,21.23,21.76,24800
STKL,20160211,5.08,5.15,4.82,5.02,419200
STKS,20160211,2.59,2.94,2.56,2.6,4300
STLD,20160211,17.36,17.85,17.14,17.64,2742700
STRA,20160211,42.94,43.95,42.55,43.11,113400
STRL,20160211,4.34,4.48,4.11,4.37,63300
STRM,20160211,1.54,1.55,1.28,1.34,94400
STRS,20160211,23.04,23.04,20.79,21,9800
STRT,20160211,46.42,49.88,46.42,47.7,10500
STX,20160211,29.48,29.8,28.64,29.03,5989300
SUMR,20160211,15.48,15.75,14.49,15.57,4400
SUNS,20160211,13.3,13.41,13.21,13.3,25600
SUPN,20160211,12.17,12.48,11.98,12.36,614900
SVBI,20160211,5.02,5.14,5,5.03,5200
SVVC,20160211,6.71,6.74,6.59,6.74,7300
SWIR,20160211,9.88,10.32,9.69,9.95,655000
SWKS,20160211,56.1,56.97,54.5,55.85,6580100
SYBT,20160211,24.2667,24.6667,24.1333,24.48,30400
SYNA,20160211,73,74.5,71.48,72.62,427500
SYNL,20160211,7.03,7.08,6.95,7.01,3000
SYPR,20160211,0.79,0.79,0.7,0.77,39000
TACO,20160211,8.8,9,8.41,8.65,215100
TACT,20160211,6.99,7.2,6.82,6.91,6800
TAIT,20160211,0.93,0.93,0.93,0.93,300
TANH,20160211,5.26,5.5,5.03,5.09,11600
TAST,20160211,12.33,12.72,12.19,12.59,155400
TATT,20160211,7.14,7.14,7.14,7.14,0
TAYD,20160211,13.05,13.66,13.05,13.66,2700
TBBK,20160211,4.32,4.35,4.03,4.09,102800
TBK,20160211,12.92,13.21,12.63,12.92,126800
TBNK,20160211,25,25.47,24.87,25.2,23500
TBPH,20160211,15.39,16.75,15.39,15.94,313600
TCBI,20160211,30.86,31.5,30.17,30.89,570000
TCBK,20160211,24.03,24.35,23.47,23.8,71900
TCFC,20160211,20,20,20,20,38800
TCON,20160211,60.8,65,58.8,63.7,18400
TCPC,20160211,12.99,13.12,12.71,12.99,113300
TCX,20160211,19.74,19.74,18.96,18.96,42600
TDIV,20160211,22.73,23.06,22.7,22.96,109300
TEAM,20160211,19.41,20.38,19.2,20.35,714600
TECH,20160211,83.58,90.18,82,83.38,223600
TEDU,20160211,8.38,8.55,8.37,8.4,155300
TENX,20160211,45.2,47.6,45,47,18100
TESS,20160211,15.29,15.47,14.96,15.16,7500
TFSL,20160211,15.72,15.9,15.62,15.66,456600
TGA,20160211,1.19,1.22,1.16,1.19,60500
TGLS,20160211,10.55,10.55,10.03,10.18,65300
TGTX,20160211,7.82,8.16,7.69,8,459000
THFF,20160211,31.32,31.91,31.15,31.66,32400
THRM,20160211,36.73,38.13,36.02,37.21,198900
TIL,20160211,3.05,3.05,3.05,3.05,300
TILE,20160211,15.57,16.11,15.3,15.53,319600
TIPT,20160211,5.69,5.98,5.69,5.87,17500
TITN,20160211,8.12,8.49,7.9,8.16,116200
TLT,20160211,134.44,135.25,133.01,133.72,21620200
TMUS,20160211,33.78,34.42,33.6,34.03,3960500
TNDM,20160211,6.98,7.95,6.98,7.25,293400
TNXP,20160211,3750,4030,3690,3800,108900
TOPS,20160211,230000,230000,220000,220000,13100
TOUR,20160211,10.65,10.83,10.43,10.68,175900
TOWN,20160211,16.68,16.9,16.57,16.72,103800
TQQQ,20160211,11.4667,12.1517,11.3633,11.8883,9939100
TREE,20160211,56.19,57.91,55,57.08,322700
TRIB,20160211,9.42,9.71,9.27,9.33,149900
TRIL,20160211,7,7.41,6.79,6.92,89000
TRIP,20160211,60.92,64.75,59.49,61.07,9480400
TRMB,20160211,21.03,21.35,20.79,21.12,2568700
TRMK,20160211,20.81,21.2,20.6,20.94,431300
TRNS,20160211,9.5,9.5,9.26,9.5,1900
TROW,20160211,64.71,66.2,64.65,65.48,2095100
TRS,20160211,16.06,16.51,15.27,15.45,279100
TRST,20160211,5.37,5.45,5.32,5.38,236400
TRUE,20160211,4.97,5.45,4.92,5.38,616600
TRVN,20160211,7.21,7.73,7.09,7.63,348100
TSBK,20160211,12.27,12.42,12.15,12.22,30300
TSC,20160211,10.81,11.35,10.77,11.22,45700
TSCO,20160211,79.89,82.26,79.89,81.69,1030600
TSEM,20160211,11.27,11.44,11.07,11.23,279500
TSLA,20160211,30.4,32.652,29.4,30.094,14252300
TSRI,20160211,3.49,3.66,3.49,3.63,5600
TTEC,20160211,24.27,24.68,24.19,24.49,146500
TTEK,20160211,25.24,25.7,25.05,25.3,212300
TTGT,20160211,6.59,6.77,5.98,5.99,503400
TTMI,20160211,6.05,6.35,6.03,6.33,405400
TTNP,20160211,20.1,21.9,19.92,20.76,118000
TTOO,20160211,7.86,8.14,7.61,7.96,115500
TTWO,20160211,33.84,35.37,33.39,35.07,1189500
TUSA,20160211,21.14,21.21,21.14,21.21,800
TWIN,20160211,8.39,8.63,8.19,8.24,29200
TWOU,20160211,15.13,15.8,14.94,15.46,491400
TXN,20160211,49.85,50.78,49.74,50.38,6121400
TXRH,20160211,35.36,36.14,34.95,35.83,636000
TZOO,20160211,7.19,7.28,6.63,7.18,66800
UAE,20160211,14.71,14.71,14.71,14.71,500
UBCP,20160211,9.03,9.03,9.03,9.03,600
UBFO,20160211,5.02,5.12,5,5.1,3800
UBND,20160211,45.78,45.78,45.78,45.78,0
UBOH,20160211,16.29,16.29,16.27,16.27,200
UBSI,20160211,32.68,33.07,32.22,32.88,285800
UCBI,20160211,16.65,16.76,15.74,16.05,649000
UCTT,20160211,4.5,4.69,4.5,4.61,95000
UEIC,20160211,47.82,48.69,47.18,47.63,43100
UEPS,20160211,9.23,9.56,9.08,9.46,445400
UFCS,20160211,35.76,36.76,35.73,36.33,48900
UFPI,20160211,60.12,61.72,59.66,61.04,123600
UFPT,20160211,21.09,21.18,20.5,20.52,13000
UG,20160211,21.67,22,20.99,22,3000
UHAL,20160211,315.22,315.31,309.12,310.52,61300
UIHC,20160211,14.22,14.48,13.56,14.31,68900
UK,20160211,19.17,19.17,19.17,19.17,0
ULBI,20160211,5.14,5.49,5.12,5.3,15200
ULTA,20160211,152.54,154.66,150.1,153.31,1200700
UMBF,20160211,45.4,45.96,44.83,45.16,310200
UMPQ,20160211,14.28,14.56,14.08,14.39,2482200
UNAM,20160211,9.94,10.03,9.26,10.03,3100
UNB,20160211,27.2,27.79,27.16,27.79,1800
UNTY,20160211,10.25,10.85,10.14,10.2,7900
UPLD,20160211,6.78,7,6.7,6.97,6000
URBN,20160211,23.75,24.28,23.38,23.9,2762100
USAK,20160211,15.29,16.24,14.91,15.58,43000
USAP,20160211,7.02,7.55,7.02,7.4,24900
USEG,20160211,28.2,30.6,20.4,25.8,636900
USLB,20160211,22.68,22.68,22.33,22.33,8500
USLM,20160211,50,50.8,49.15,49.77,11200
UTHR,20160211,117.79,122.85,117.08,121.61,820600
UTMD,20160211,56.47,59.21,55.25,58.58,4800
UTSI,20160211,2.11,2.11,1.99,2.04,31600
UVSP,20160211,18.96,19.23,18.96,19.12,28300
VALU,20160211,15.75,16.2,15.75,16.2,500
VBFC,20160211,19.48,19.48,19.48,19.48,0
VBIV,20160211,1.98,2,1.82,1.9,28200
VBLT,20160211,2.95,3.03,2.78,3.03,54400
VBTX,20160211,13.19,13.5,13.08,13.1,6400
VCEL,20160211,1.86,1.86,1.78,1.78,40100
VCIT,20160211,84.61,84.78,84.41,84.44,458000
VCLT,20160211,84.51,84.51,83.61,84.05,339300
VCSH,20160211,79.02,79.1,78.97,79.04,773300
VCYT,20160211,5.21,5.4,5.17,5.33,61300
VECO,20160211,17.26,17.59,17.08,17.48,232400
VGIT,20160211,66.77,66.89,66.53,66.63,140300
VGLT,20160211,82.63,83.05,81.86,82.32,176000
VGSH,20160211,61.26,61.29,61.22,61.24,106800
VIA,20160211,34.9,36.7,33.88,36.36,150700
VIAV,20160211,5.8,5.93,5.8,5.83,2515700
VICR,20160211,7.49,7.6,7.2,7.44,33400
VIRC,20160211,3.28,3.39,3.21,3.33,8800
VIRT,20160211,19.53,20.39,19.44,20.19,274800
VIVO,20160211,19.08,19.73,18.72,19.53,251100
VKTX,20160211,1.57,1.59,1.5,1.59,16400
VLGEA,20160211,24.19,24.47,24.14,24.29,11900
VMBS,20160211,53.45,53.57,53.4,53.51,204600
VNDA,20160211,7.06,8.02,6.91,7.94,800400
VNET,20160211,16.03,16.13,15.68,15.85,1176200
VNOM,20160211,14.5,14.65,14.2,14.48,7500
VNQI,20160211,46.75,46.88,46.35,46.63,188600
VOD,20160211,29.33,29.5,29.03,29.27,4805000
VONE,20160211,83.08,83.82,82.53,83.43,38300
VONG,20160211,90.08,91.1,89.64,90.57,38100
VONV,20160211,76.47,76.78,75.84,76.58,10600
VOXX,20160211,3.46,3.66,3.4,3.44,59500
VRA,20160211,13.81,14.18,13.71,13.92,466200
VRNS,20160211,13.54,14.43,13.5,13.82,171300
VRNT,20160211,31.33,31.96,29.76,30.43,1107900
VRSK,20160211,65.54,66.72,65.02,66.35,1531100
VRSN,20160211,72.41,74.62,71.78,74.16,1360700
VRTS,20160211,84.68,88.62,84.55,86.41,107200
VRTX,20160211,79.21,81.17,78.51,79.71,3894600
VSAT,20160211,56.91,61.22,56.48,60.92,472400
VSEC,20160211,27.505,27.585,27.03,27.265,9400
VSTM,20160211,1.11,1.14,1.09,1.13,327100
VTHR,20160211,82.7,83.14,82,82.88,5000
VTIP,20160211,48.32,48.39,48.28,48.35,223900
VTNR,20160211,1.65,1.69,1.45,1.53,88100
VTVT,20160211,5.85,5.95,5.69,5.74,24200
VTWG,20160211,81.18,82.51,81,82.09,8500
VTWO,20160211,75.39,76.31,74.99,75.88,48600
VTWV,20160211,69.25,69.72,68.85,69.72,5300
VUZI,20160211,5.24,5.33,5.1,5.18,110800
VWOB,20160211,72.74,73.09,72.74,73.08,136000
VXUS,20160211,39.8,39.93,39.41,39.73,1244500
VYGR,20160211,10.51,10.51,9.92,10.11,30500
WABC,20160211,43.71,44.91,42.98,44.73,278200
WAFD,20160211,19.83,20.91,19.1,19.87,624900
WASH,20160211,36.15,36.96,35.89,36.67,21200
WATT,20160211,5.2,5.33,5.01,5.01,184500
WB,20160211,12.66,12.89,12.21,12.3,437300
WBA,20160211,74.85,76.12,73.88,75.53,5069200
WDAY,20160211,49.24,50.63,47.88,50.33,2942300
WDC,20160211,39.77,40.97,38.64,40.1,4903000
WDFC,20160211,103,103.79,101.02,103.07,65300
WEN,20160211,9.14,9.28,8.89,9.18,7931500
WERN,20160211,26.1,26.49,25.43,25.9,1035600
WETF,20160211,9.99,10.34,9.82,10.14,3239700
WEYS,20160211,24.86,25.38,24.86,25.14,5000
WHF,20160211,9.4,9.56,9.35,9.55,23100
WHLM,20160211,6.15,6.15,6.15,6.15,400
WHLR,20160211,9.6,9.68,9.52,9.6,49000
WHLRP,20160211,16.75,17.25,16.52,16.97,14400
WILC,20160211,3.96,3.96,3.96,3.96,100
WINA,20160211,89.51,91.75,89.51,89.9,4000
WING,20160211,21.28,22.38,20.92,22.04,166900
WIRE,20160211,33.4,34.18,33,33.78,47700
WIX,20160211,17.27,17.82,16.22,17.46,303800
WKHS,20160211,5,5.23,4.89,4.89,3900
WLDN,20160211,7.21,7.34,7.1,7.1,15600
WLFC,20160211,17.73,17.73,17.43,17.56,6200
WLTW,20160211,105.63,109.25,104.11,107.13,1319500
WOOD,20160211,39.21,39.58,38.89,39.18,21900
WOOF,20160211,49.59,50.86,48.49,48.61,2098400
WPRT,20160211,1.6,1.72,1.51,1.71,280100
WRLD,20160211,31.51,32.32,29.39,30.43,109300
WSBC,20160211,27.19,27.57,27.02,27.17,84200
WSBF,20160211,13.3,13.67,13.3,13.55,60300
WSFS,20160211,26.76,27.8,26.4,26.91,88800
WSTG,20160211,17.43,17.61,17.39,17.43,4400
WTBA,20160211,17.59,17.79,17.13,17.64,16000
WTFC,20160211,38.47,38.99,37.96,38.58,465000
WTFCM,20160211,25.81,26,24.86,25.09,16000
WVE,20160211,8.96,10.1,8.96,10.08,1100
WVFC,20160211,11.65,11.68,11.65,11.68,400
WVVI,20160211,6.75,6.94,6.75,6.94,2400
WWD,20160211,43.14,44.4,42.45,42.91,425400
WYNN,20160211,58.46,61.66,56.51,59.69,5410800
XBIT,20160211,7.24,7.85,7.21,7.66,31500
XELB,20160211,4.92,5.07,4.91,5.07,900
XENE,20160211,7.14,7.21,7.1,7.17,5700
XENT,20160211,17.14,17.39,16.78,17.23,322000
XLNX,20160211,46.06,47.6,45.85,47.25,3263000
XLRN,20160211,24.98,25.49,24.02,24.83,281600
XNCR,20160211,10.7,11.07,10.42,11.01,211000
XNET,20160211,5.32,5.5,5.26,5.35,101900
XOMA,20160211,15.6,16.2,15,15.4,1024300
XONE,20160211,7.55,8.65,7.42,8.52,180000
XRAY,20160211,56.88,57.28,56,56.51,1632700
XTLB,20160211,6.3,6.3,6.3,6.3,1000
YNDX,20160211,12.44,12.77,12.39,12.61,2071000
YORW,20160211,27.26,27.91,26.5,27.73,27900
YY,20160211,48.85,49.31,42.35,47.52,1638900
Z,20160211,16.33,18.78,16.28,17.97,5015900
ZBRA,20160211,56.35,58.52,56.03,57.64,881200
ZEUS,20160211,9.42,10.37,9.42,10.04,38900
ZG,20160211,17.38,19.82,17.34,19.18,1756400
ZGNX,20160211,8.84,9.77,8.84,9.52,430400
ZION,20160211,20.1,20.23,19.65,19.9,4638800
ZIOP,20160211,5.19,5.58,5.1,5.5,1751200
ZIXI,20160211,4.03,4.14,4.02,4.06,254700
ZNGA,20160211,1.8,1.88,1.78,1.81,33946200
ZSAN,20160211,46.4,46.4,40.2,40.2,800
ZUMZ,20160211,18.41,18.88,18.08,18.46,329800
ZYNE,20160211,4.75,6.14,4.64,5.93,99100
