AAL,20160526,32.13,32.34,31.37,31.51,7222700
AAME,20160526,3.36,3.57,3.36,3.44,5900
AAOI,20160526,10.11,10.35,10.05,10.2,425100
AAON,20160526,28.05,28.38,27.75,27.8,150100
AAPL,20160526,24.92,25.1825,24.66,25.1025,56331100
AAWW,20160526,45.11,45.5,44.03,44.1,246000
AAXJ,20160526,52.75,52.82,52.56,52.67,958400
ABCB,20160526,32,32.1,31.7,31.81,186100
ABEO,20160526,3.07,3.29,3,3.22,205800
ABIO,20160526,59.76,61.56,58.14,60.12,7300
ABMD,20160526,99.43,99.61,98.51,98.8,289200
ABTX,20160526,23.2,24.49,23.2,23.97,25200
ABUS,20160526,4.25,4.27,4.14,4.26,104400
ACAD,20160526,35.05,35.22,34.35,34.9,1772500
ACBI,20160526,14.22,14.3,13.9,14.22,33600
ACET,20160526,22.39,22.44,21.92,22.22,115500
ACGL,20160526,23.9033,24.0233,23.6667,23.9567,402000
ACHC,20160526,57.78,58.02,56.67,56.91,442200
ACIW,20160526,19.96,20.19,19.85,20.06,192700
ACLS,20160526,10.52,10.76,10.44,10.72,566700
ACNB,20160526,25.6,25.6,24.9,25,14000
ACOR,20160526,27.24,27.44,26.81,26.88,563400
ACRS,20160526,20.38,20.4,19.31,19.7,18500
ACRX,20160526,3.45,3.5,3.33,3.42,133100
ACST,20160526,11.36,11.92,11.28,11.92,700
ACTG,20160526,5.35,5.46,5.13,5.32,423400
ACWI,20160526,57.06,57.17,56.95,57.08,1229300
ACWX,20160526,40.14,40.27,40.09,40.18,1966800
ADAP,20160526,10.48,10.48,9.88,10,164000
ADBE,20160526,99.81,100.32,99.07,99.37,1970800
ADI,20160526,58.21,58.49,57.99,58.29,1034200
ADMA,20160526,6.79,7.22,6.45,7.19,67100
ADMP,20160526,8.46,8.57,8.35,8.51,46600
ADMS,20160526,16.28,16.43,16.14,16.14,99300
ADP,20160526,87.39,87.93,87.09,87.7,1042400
ADRE,20160526,30.33,30.48,30.33,30.39,3200
ADSK,20160526,58.87,59.12,57.9,58.11,1461500
ADTN,20160526,18.99,19.26,18.95,19.16,128400
ADUS,20160526,20.03,20.03,19.47,19.73,26700
ADVM,20160526,4.32,4.39,4.16,4.24,128200
ADXS,20160526,131.1,134.1,127.65,131.1,443100
AEHR,20160526,1.08,1.11,1.08,1.09,31700
AEIS,20160526,37.4,37.4,36.62,37.12,183600
AEMD,20160526,73.5,73.5,71.55,71.7,3600
AERI,20160526,16.54,16.83,16.28,16.54,145400
AEY,20160526,1.73,1.73,1.69,1.73,1900
AEZS,20160526,3.56,3.62,3.45,3.48,63600
AFMD,20160526,3.69,3.69,3.39,3.4,79200
AGEN,20160526,3.86,3.94,3.8,3.9,659400
AGFS,20160526,5.02,5.16,4.86,4.94,174100
AGIO,20160526,52.79,53.98,51.17,52.9,670200
AGLE,20160526,7.27,7.49,7.11,7.45,36200
AGNC,20160526,19,19.04,18.95,19.01,4103600
AGNCP,20160526,26.25,26.25,25.88,25.95,21600
AGRX,20160526,7.76,7.92,7.34,7.9,24600
AGTC,20160526,16.18,16.24,15.93,16.1,21100
AGYS,20160526,11.57,11.8,11.54,11.76,26800
AGZD,20160526,47.87,47.87,47.86,47.87,3300
AHPI,20160526,0.62,0.62,0.6,0.6,1100
AIA,20160526,42.06,42.17,42.03,42.13,13500
AIMC,20160526,27.2,27.33,26.67,26.94,94900
AINV,20160526,15.93,15.96,15.75,15.81,1472000
AIQ,20160526,7.36,7.36,7.01,7.15,24800
AIRR,20160526,18.16,18.16,18.05,18.06,5500
AIRT,20160526,23.18,25,23.04,25,4500
AKAM,20160526,52.76,54.17,52.62,53.98,2335100
AKBA,20160526,8.95,8.97,8.56,8.83,170700
AKTX,20160526,14.3,14.3,14.3,14.3,100
ALCO,20160526,30.29,30.37,29.85,29.95,3200
ALDX,20160526,5.1,5.68,5.01,5.44,440400
ALGN,20160526,79.02,79.1,78.06,78.74,619200
ALGT,20160526,139.44,139.44,135.57,136.49,221000
ALIM,20160526,1.55,1.63,1.5,1.53,208700
ALJJ,20160526,4.1,4.16,4.1,4.15,55000
ALKS,20160526,43.7,44.56,43.62,44.29,1302300
ALLT,20160526,4.9,5.03,4.88,4.98,31500
ALNY,20160526,66.15,72.16,66.11,70.57,3118800
ALOT,20160526,15,15,15,15,0
ALRM,20160526,21.61,21.8,21.37,21.46,120600
ALTY,20160526,14.57,14.57,14.57,14.57,100
AMAT,20160526,23.67,23.87,23.6,23.73,12330400
AMBA,20160526,40.65,41.25,40.44,40.92,481900
AMCX,20160526,62.67,62.99,61.51,62.01,814700
AMD,20160526,4.19,4.38,4.17,4.35,22625700
AMED,20160526,51.39,51.45,50.47,51.19,152300
AMGN,20160526,154.92,156.28,154.55,155.55,1808600
AMKR,20160526,6.18,6.24,6.1,6.2,750800
AMNB,20160526,27.55,27.69,26.77,26.97,11100
AMOT,20160526,22.09,22.55,21.95,22.3,36900
AMPH,20160526,15.49,15.5,15.24,15.44,174200
AMRK,20160526,15.71,16,15.54,15.75,26600
AMRN,20160526,1.85,1.87,1.8,1.83,620300
AMRS,20160526,7.95,8.7,7.95,8.4,701100
AMSC,20160526,10.53,10.83,10.1,10.45,86700
AMSF,20160526,60.34,60.61,58.48,60.24,65800
AMSWA,20160526,9.72,9.79,9.59,9.59,22000
AMTX,20160526,2.65,2.7,2.46,2.46,4900
AMWD,20160526,79.52,80.82,78.84,80.68,137400
AMZN,20160526,708.33,715,707.29,714.91,2446600
ANAT,20160526,120.38,120.38,117.84,118.69,14400
ANDE,20160526,36.38,36.75,36,36.29,140200
ANGI,20160526,8.8,8.89,8.51,8.73,227200
ANGO,20160526,12.13,12.35,11.84,11.9,47200
ANIK,20160526,47,47.17,46.52,46.53,61600
ANIP,20160526,52,52.32,51.03,51.65,123900
ANSS,20160526,87.79,88.95,87.21,88.28,514000
ANY,20160526,1.11,1.13,1.08,1.08,50900
AOSL,20160526,13.62,13.8,13.62,13.74,54500
APDN,20160526,118,121.2,113.2,113.2,51000
APEI,20160526,26.85,27.44,26.57,27.17,127400
APOG,20160526,45.61,45.61,45.12,45.47,178800
APPF,20160526,13.62,13.7,13.44,13.54,22700
APPS,20160526,1.13,1.19,1.04,1.06,364200
APTO,20160526,2.75,2.75,2.69,2.7,3200
APWC,20160526,2.49,2.49,2.49,2.49,100
AQMS,20160526,11.5,11.6,11.15,11.18,106300
ARAY,20160526,5.46,5.52,5.34,5.42,313700
ARCB,20160526,17.22,17.35,16.75,16.96,101800
ARCC,20160526,15.01,15.04,14.77,14.82,4424800
ARDX,20160526,8.78,8.88,8.55,8.7,60800
ARKR,20160526,20,20.25,20,20,2900
ARLP,20160526,14.97,15.02,14.25,14.51,204000
ARNA,20160526,16,16.4,15.9,16.2,1008500
AROW,20160526,29.07,29.07,28.77,28.89,15300
ARRY,20160526,3.36,3.57,3.36,3.48,1890300
ARTNA,20160526,28.5,28.74,28.01,28.25,32000
ARTW,20160526,3.1,3.1,3.02,3.02,300
ARWR,20160526,5.94,5.94,5.76,5.84,388200
ASET,20160526,26.06,26.06,26.06,26.06,0
ASMB,20160526,5.61,5.75,5.37,5.45,22000
ASML,20160526,99.19,99.77,98.41,99.41,748900
ASND,20160526,13.96,14.03,13.79,13.81,33700
ASPS,20160526,28.34,28.74,26.91,27.66,329600
ASRV,20160526,3.08,3.34,3.08,3.27,16600
ASTC,20160526,1.7,1.7,1.63,1.69,11900
ASTE,20160526,53.28,53.74,52.95,53.27,71500
ASUR,20160526,5.04,5.04,5.04,5.04,0
ASYS,20160526,6.64,6.73,6.58,6.7,8600
ATAI,20160526,4.91,5.1,4.91,4.93,10600
ATAX,20160526,5.31,5.35,5.27,5.35,313400
ATEC,20160526,2.52,2.52,2.4,2.4,29700
ATHX,20160526,2.29,2.32,2.27,2.29,117400
ATLC,20160526,2.94,2.94,2.59,2.73,22000
ATLO,20160526,24.71,24.71,24.71,24.71,900
ATNI,20160526,72.64,73.43,71.82,73.18,21100
ATOS,20160526,48.6,50.4,46.8,50.4,223600
ATRA,20160526,18.04,18.04,16.99,17.36,137500
ATRC,20160526,14.9,15.01,14.54,14.64,139700
ATRI,20160526,394.25,394.25,385,392.08,6000
ATRO,20160526,38.24,38.44,37.8,37.99,129900
ATRS,20160526,0.92,0.95,0.89,0.92,253200
ATSG,20160526,12.8,12.89,12.7,12.78,204000
ATVI,20160526,38.91,39.4,38.47,39.1,8255700
AUBN,20160526,29.15,29.5,29.03,29.46,3100
AUDC,20160526,3.89,3.94,3.82,3.87,13900
AUPH,20160526,2.6,2.7,2.49,2.53,16100
AVAV,20160526,28.29,28.68,28.23,28.67,78700
AVEO,20160526,9.2,9.2,8.7,9.2,96300
AVGO,20160526,153.77,154.25,151.82,153.02,1843100
AVGR,20160526,4704,4772,4404,4540,79900
AVHI,20160526,12.32,12.85,12.07,12.21,25800
AVID,20160526,5.82,5.95,5.8,5.9,1226500
AVIR,20160526,1.59,1.6,1.49,1.59,66800
AVNW,20160526,7.2,7.44,7.2,7.2,9500
AVXL,20160526,4.44,4.48,4.36,4.43,221600
AWRE,20160526,4.1,4.19,4.1,4.11,4800
AXDX,20160526,13.16,13.16,12.15,12.3,223600
AXGN,20160526,5.37,5.5,5.35,5.45,27300
AXSM,20160526,8.9,8.9,8.3,8.77,32700
AXTI,20160526,3.65,3.75,3.59,3.69,513300
AZPN,20160526,37.91,38.34,37.91,38.19,705800
BANF,20160526,62.49,63.58,60.95,61.68,16700
BANFP,20160526,27.14,27.14,27.14,27.14,400
BANR,20160526,44.85,44.85,44.2,44.37,101800
BANX,20160526,16.84,17.26,16.5,16.78,10900
BATRA,20160526,15.95,15.95,15.63,15.75,238600
BATRK,20160526,15.33,15.4,15.08,15.13,534600
BBBY,20160526,44.65,44.83,43.9,43.98,1568200
BBGI,20160526,4.71,4.85,4.51,4.85,4800
BBH,20160526,108.05,109.14,108,108.35,135200
BBSI,20160526,29.95,37.94,29.95,36.5,465200
BCBP,20160526,10.49,10.49,10.31,10.48,2000
BCLI,20160526,2.19,2.23,2.19,2.21,28600
BCOR,20160526,8.84,8.9,8.64,8.71,409000
BCOV,20160526,6.45,6.6,6.37,6.54,106900
BCPC,20160526,60.24,60.24,58.95,59.6,79100
BCRX,20160526,3.35,3.38,3.25,3.36,473300
BDSI,20160526,2.1,2.18,2.03,2.09,466400
BEAT,20160526,16.97,17,16.69,16.78,204900
BECN,20160526,43.19,43.37,42.47,42.94,979900
BELFA,20160526,16.1,16.1,16.1,16.1,0
BELFB,20160526,17.83,17.98,17.42,17.44,37300
BFIN,20160526,12.71,12.8,12.69,12.7,26700
BFIT,20160526,14.9,14.9,14.9,14.9,0
BGCP,20160526,9.02,9.09,8.97,9.07,531800
BGFV,20160526,8.6,8.63,8.44,8.55,241000
BGNE,20160526,27.6,28.1,27.54,27.58,11800
BHACU,20160526,10.14,10.14,10.14,10.14,0
BIB,20160526,44.78,44.91,43.77,44.26,257800
BICK,20160526,19.64,19.64,19.64,19.64,0
BIDU,20160526,176.19,177.78,175,177.67,3541300
BIIB,20160526,257.4782,261.8535,257.0729,259.7533,1829300
BIOC,20160526,21.6,21.6,19.8,20.4,292700
BIOL,20160526,5.8,6.05,5.8,6,2200
BIS,20160526,37.56,38.24,37.4,37.8,95000
BJRI,20160526,43.63,44.3,43.23,44.24,161900
BKCC,20160526,7.41,7.68,7.41,7.63,481900
BKEP,20160526,5.26,5.33,5.08,5.29,70200
BKEPP,20160526,6.93,6.97,6.91,6.95,55600
BKSC,20160526,15.95,16,15.52,15.65,1200
BLBD,20160526,10.87,10.87,10.49,10.7,25100
BLCM,20160526,109.4,109.8,104.5,107.7,197500
BLDP,20160526,1.38,1.38,1.34,1.36,326900
BLFS,20160526,1.57,1.62,1.57,1.62,2000
BLIN,20160526,38,38,37.5,37.5,900
BLKB,20160526,61.37,62.07,61.12,61.58,134200
BLMN,20160526,19.17,19.37,19.06,19.09,543800
BLPH,20160526,16.35,18.15,16.35,17.85,57800
BLRX,20160526,14.25,14.55,13.65,13.8,159300
BLUE,20160526,44.1,44.99,43.51,43.66,728900
BMRC,20160526,24.85,24.995,24.85,24.955,3000
BMRN,20160526,88.04,88.39,86.21,87.26,877600
BMTC,20160526,29.37,29.44,29.18,29.24,14900
BNDX,20160526,54.64,54.73,54.62,54.71,489400
BNFT,20160526,35.88,36.16,35.14,35.87,151800
BNSO,20160526,1.34,1.35,1.34,1.35,400
BNTC,20160526,16.5,16.5,16.5,16.5,0
BOKF,20160526,63.4,63.59,62.58,62.84,190500
BOOM,20160526,10.78,10.85,10.23,10.47,49000
BOSC,20160526,2.08,2.18,2.08,2.17,18400
BOTJ,20160526,12.1,12.1,11.99,11.99,1300
BPMC,20160526,18.23,18.36,16.8,18.09,93000
BPOP,20160526,31.27,31.27,30.74,31.11,704600
BPOPM,20160526,21.97,21.99,21.12,21.95,5600
BPOPN,20160526,22.4,22.4,21.94,22.18,8800
BPTH,20160526,542,552,536,542,68700
BRID,20160526,12.68,12.79,12.55,12.79,4700
BRKL,20160526,11.51,11.51,11.41,11.44,169900
BRKR,20160526,26.63,26.79,26.39,26.46,656800
BRKS,20160526,10.72,10.87,10.63,10.86,253200
BSET,20160526,28.21,28.3,27.61,27.95,32600
BSQR,20160526,5.37,5.47,5.25,5.4,20100
BSRR,20160526,17.3,17.58,17.3,17.41,12000
BUSE,20160526,21.72,21.83,21.56,21.72,58000
BVXV,20160526,3.46,3.64,3.46,3.52,7900
BWEN,20160526,3.8,3.8,3.62,3.78,9400
BWFG,20160526,21.95,22,21.82,21.86,6000
BYFC,20160526,1.81,1.91,1.81,1.91,1300
BZUN,20160526,5.78,5.95,5.78,5.94,107700
CAAS,20160526,3.75,3.9,3.69,3.88,20900
CAC,20160526,43.03,43.23,42.82,42.96,35000
CACC,20160526,187.24,190.56,182.63,187.34,186100
CAKE,20160526,49.39,49.74,49.16,49.3,253900
CALA,20160526,5.09,5.12,4.95,5,42200
CALM,20160526,45,45.94,45,45.6,524100
CAMP,20160526,15.08,15.19,14.84,14.86,548300
CAMT,20160526,1.91,1.95,1.91,1.92,8200
CAPR,20160526,31.5,32.2,30.9,32.2,5700
CAR,20160526,28.34,28.38,27.57,28.23,2018400
CARA,20160526,6.27,6.32,6.03,6.25,433900
CARV,20160526,3.53,3.53,3.53,3.53,0
CARZ,20160526,32.68,32.74,32.63,32.72,1600
CASH,20160526,16.6567,16.66,16.5267,16.5733,34400
CASI,20160526,1.24,1.24,1.22,1.24,3000
CASS,20160526,48.5,48.76,47.43,47.48,11100
CASY,20160526,117.29,119.78,116.85,119.63,223000
CATH,20160526,25.13,25.14,25.13,25.14,300
CATY,20160526,30.81,30.82,30.39,30.48,249900
CBAN,20160526,9.66,9.66,9.56,9.66,500
CBAY,20160526,2.34,2.39,2.3,2.33,116900
CBFV,20160526,22,22.17,22,22.17,3200
CBIO,20160526,22.05,25.35,20.55,24,54600
CBNK,20160526,18.35,18.35,18.29,18.29,1400
CBRL,20160526,149.2,151.19,148.68,150.5,247800
CBSH,20160526,48.96,48.96,48.12,48.5,267300
CCBG,20160526,15.48,15.76,15.22,15.43,31400
CCD,20160526,17.51,17.73,17.51,17.66,98500
CCLP,20160526,9.44,9.53,8.99,9.18,86500
CCMP,20160526,42.14,42.18,41.82,41.98,101600
CCNE,20160526,17.77,17.81,17.76,17.76,7700
CCOI,20160526,39.43,39.82,39.39,39.63,509300
CCRN,20160526,13.53,13.53,13.23,13.37,139800
CCXI,20160526,4.52,4.59,4.35,4.42,626800
CDC,20160526,37.68,37.77,37.66,37.74,16500
CDK,20160526,54.88,55.2,54.48,54.75,481300
CDL,20160526,36.94,36.94,36.64,36.74,1900
CDNA,20160526,4.42,4.42,4.26,4.41,1700
CDNS,20160526,24.93,25.05,24.85,24.93,2497200
CDTX,20160526,11.54,11.62,11.14,11.23,33600
CDW,20160526,41.89,41.96,41.47,41.87,1056300
CDXC,20160526,5.03,5.18,4.94,5.12,71600
CDXS,20160526,3.99,4.09,3.95,4.04,39300
CDZI,20160526,6.65,6.65,6.12,6.32,92000
CECE,20160526,8.06,8.32,8.05,8.11,101900
CEMI,20160526,8.58,8.7,8.32,8.36,80000
CENT,20160526,18.8,18.92,18.41,18.61,76900
CENTA,20160526,18.4,18.44,17.96,18.1,112700
CENX,20160526,6.98,7.07,6.47,6.58,1660800
CERE,20160526,0.23,0.23,0.22,0.22,188400
CERN,20160526,55.17,55.26,54.7,54.98,990500
CERS,20160526,5.62,5.66,5.54,5.55,805600
CETX,20160526,15.44,16.8,15.36,16.24,139800
CEVA,20160526,26.76,27.33,26.65,27.14,101900
CFA,20160526,37.39,37.39,37.23,37.31,4600
CFBK,20160526,7.7,7.7,7.59,7.59,2400
CFFI,20160526,43,44,41.81,43.95,17000
CFFN,20160526,13.54,13.55,13.48,13.5,186900
CFMS,20160526,7.38,7.49,6.91,7.24,703300
CFO,20160526,37.31,37.35,37.23,37.35,9900
CFRX,20160526,24.5,27.3,24,26.3,14200
CG,20160526,16.6,16.65,16.23,16.27,345800
CGEN,20160526,6.95,6.95,6.79,6.82,87000
CGNT,20160526,0.78,0.8,0.76,0.79,27300
CGNX,20160526,20.985,21.495,20.945,21.245,313700
CGO,20160526,10.96,11.11,10.9,10.99,43800
CHCI,20160526,1.88,1.88,1.88,1.88,600
CHCO,20160526,49.3,49.3,47.46,48.74,59300
CHDN,20160526,41.6333,42.5533,41.51,42.5033,102300
CHEF,20160526,15.86,15.88,15.56,15.84,115900
CHEK,20160526,25.8,25.8,24,24,7900
CHI,20160526,9.72,9.79,9.63,9.64,370300
CHKP,20160526,85.93,86.12,85.25,85.81,1263000
CHMG,20160526,32.69,32.75,31.18,31.82,31300
CHNR,20160526,1.6,1.6,1.6,1.6,400
CHRS,20160526,18.31,18.59,17.9,18.01,219100
CHRW,20160526,75.1,75.37,74.73,74.97,806600
CHSCL,20160526,28.31,28.73,28.24,28.44,62400
CHSCM,20160526,27.6,27.77,27.41,27.68,26300
CHSCN,20160526,28.4,28.72,28.24,28.44,25200
CHSCO,20160526,28.67,28.75,28.65,28.68,14200
CHSCP,20160526,31.85,32.15,31.85,31.98,5800
CHTR,20160526,222.89,226.19,218.46,219.04,3299700
CHUY,20160526,32.89,33.11,32.72,32.92,65300
CHW,20160526,7.08,7.11,7.03,7.08,177600
CHY,20160526,10.27,10.33,10.24,10.29,158100
CIBR,20160526,17.35,17.41,17.3,17.33,8900
CID,20160526,32.69,32.69,32.39,32.39,500
CIDM,20160526,1.39,1.49,1.39,1.39,40900
CIGI,20160526,39.62,39.9,39.43,39.5,22500
CIL,20160526,34.68,34.68,33.77,33.77,500
CINF,20160526,68.72,68.89,68.39,68.64,423500
CIVB,20160526,11.92,11.92,11.9,11.9,500
CIZ,20160526,30.5,30.65,30.5,30.65,1900
CIZN,20160526,21.91,21.91,21.91,21.91,0
CJJD,20160526,1.65,1.69,1.62,1.66,13800
CLBS,20160526,5.7,5.8,5.5,5.6,85800
CLDX,20160526,63.75,64.5,62.1,62.55,1877300
CLFD,20160526,17.75,17.76,17.2,17.55,43500
CLIR,20160526,3.98,4.05,3.87,3.99,15700
CLLS,20160526,31.75,31.8,31,31.71,87300
CLMT,20160526,3.61,3.95,3.53,3.86,1201800
CLNE,20160526,3.19,3.22,3.08,3.13,1397000
CLRB,20160526,34.5,34.5,30.8,31,1312900
CLRO,20160526,10.94,11.1,10.94,11.09,1800
CLSN,20160526,1.6,1.6,1.48,1.5,67400
CLVS,20160526,16,16.8,15.97,16.44,1300100
CLWT,20160526,1.2667,1.3467,1.2667,1.3333,4200
CMCO,20160526,15.14,15.21,15.04,15.14,26200
CMCSA,20160526,31.275,31.435,31.045,31.145,7293100
CMCT,20160526,18.4,18.4,18.26,18.26,300
CME,20160526,96.44,97.89,96.44,97.47,1156300
CMLS,20160526,2.8,2.88,2.64,2.64,268500
CMPR,20160526,98.56,99.12,97.21,98.99,144200
CMRX,20160526,4.83,4.83,4.68,4.79,486400
CMTL,20160526,23.19,23.45,23.03,23.31,45800
CNBKA,20160526,42.07,42.13,42.07,42.13,500
CNCE,20160526,13.39,13.39,13.11,13.27,115600
CNCR,20160526,23.21,23.21,22.98,23.03,3400
CNET,20160526,0.61,0.61,0.49,0.5,156400
CNFR,20160526,6.51,6.64,6.41,6.64,13100
CNOB,20160526,16.39,16.46,16.17,16.25,34500
CNSL,20160526,24.49,24.76,24.09,24.55,100900
CNTY,20160526,5.77,5.82,5.72,5.73,23600
COHR,20160526,92.04,93.23,89.69,92.63,117100
COHU,20160526,11.94,11.98,11.68,11.8,28300
COKE,20160526,125.89,125.89,122.88,123.19,83900
COLB,20160526,30.38,30.38,29.88,29.94,154200
COLL,20160526,16.9,17.03,16.46,16.65,156300
COLM,20160526,53.43,53.76,52.98,53,243400
COMM,20160526,31.01,31.2,30.77,30.88,566300
COMT,20160526,32.27,32.38,31.75,32.01,15000
CONE,20160526,49.39,49.7,49.05,49.58,507800
CONN,20160526,11.7,11.7,11.09,11.28,345800
COOL,20160526,5.22,5.34,4.92,5.22,11200
CORT,20160526,5.51,5.51,5.26,5.44,161000
COST,20160526,149.01,153.88,147.7,149.71,7679400
COWN,20160526,3.45,3.53,3.35,3.39,379800
COWNL,20160526,25.9,25.93,25.71,25.72,4300
CPHC,20160526,10.77,10.77,10.37,10.37,1100
CPIX,20160526,4.64,4.64,4.51,4.56,5700
CPLP,20160526,2.64,2.69,2.6,2.6,562700
CPRT,20160526,23,24.27,23,24.065,2458800
CPRX,20160526,0.61,0.63,0.6,0.61,260100
CPSH,20160526,1.75,1.82,1.75,1.75,4900
CPSI,20160526,43.42,43.65,41.03,41.6,302300
CPSS,20160526,3.9,4.12,3.87,3.97,47400
CRAI,20160526,23.49,23.83,23.45,23.55,89800
CRBP,20160526,2.7,3.01,2.66,3,602500
CREG,20160526,26,28.4,24,24.7,41900
CRESY,20160526,11.33,11.61,11.22,11.43,209300
CRIS,20160526,8.8,9.05,8.45,8.55,335700
CRMT,20160526,22.65,23.24,22.53,23.13,64500
CRNT,20160526,1.79,1.8,1.7,1.73,417900
CROX,20160526,9.54,9.86,9.51,9.58,646400
CRTO,20160526,44.71,44.88,44,44.36,641000
CRUS,20160526,35.99,36.9,35.83,36.51,1018000
CRVL,20160526,47.13,47.97,46.94,47.73,43800
CRVS,20160526,14.4,14.59,13.5,14.31,12200
CRWS,20160526,9.27,9.27,9.27,9.27,300
CSA,20160526,34.6,34.6,34.19,34.38,1100
CSB,20160526,35.38,35.38,35.01,35.01,700
CSBR,20160526,3.13,3.55,3.13,3.45,10600
CSCO,20160526,28.86,29.04,28.8,28.9,19366200
CSF,20160526,33.35,33.55,33.35,33.54,6500
CSGP,20160526,202,204.25,200.02,204,134700
CSGS,20160526,42.47,42.88,42.23,42.43,60600
CSII,20160526,16.51,16.73,16.35,16.52,192600
CSIQ,20160526,19.65,19.65,18.61,18.82,2100300
CSPI,20160526,7.48,7.75,7.45,7.7,11700
CSQ,20160526,9.85,9.93,9.84,9.93,278200
CSTE,20160526,37.21,37.37,36.68,37.08,319100
CSWC,20160526,13.94,14.22,13.94,14.08,36100
CSWI,20160526,34.06,34.41,33.18,33.74,34800
CSX,20160526,25.59,25.94,25.57,25.78,3835900
CTAS,20160526,93.87,94.53,93.8,93.95,572700
CTBI,20160526,35.94,36,35.74,35.79,42600
CTG,20160526,5.16,5.36,5.16,5.35,34500
CTHR,20160526,1.04,1.05,1.02,1.03,29700
CTIB,20160526,6.79,6.79,6.79,6.79,300
CTIC,20160526,4.6,4.6,4.5,4.5,341600
CTMX,20160526,9.96,10.81,9.7,10.62,162000
CTRE,20160526,13.12,13.24,13.1,13.18,336800
CTRN,20160526,15.49,16.21,15.49,15.61,54300
CTSH,20160526,62.52,62.81,62.05,62.26,3132300
CTSO,20160526,4.08,4.2,4,4.08,87900
CTXS,20160526,66.6959,68.0494,66.5764,67.5637,1676700
CUBA,20160526,6.4,6.54,6.4,6.49,21500
CUTR,20160526,10.17,10.51,10.1,10.37,26700
CVBF,20160526,17.38,17.44,17.17,17.29,391400
CVCO,20160526,94.75,96.01,94.41,95.68,112000
CVCY,20160526,13.97,13.97,13.72,13.81,14100
CVGI,20160526,3.74,3.79,3.51,3.59,243300
CVGW,20160526,56.4,57.39,56.4,57.09,58300
CVLT,20160526,45.72,46.03,44.98,45,276700
CVLY,20160526,21.75,21.76,21.6,21.65,6500
CVV,20160526,7.04,7.07,6.96,7.03,5000
CWBC,20160526,7.35,7.35,7.35,7.35,400
CWCO,20160526,13.23,13.67,13.2,13.62,36600
CWST,20160526,7.03,7.12,6.92,7.08,69700
CXDC,20160526,3.74,3.87,3.69,3.84,26400
CXSE,20160526,22.395,22.48,22.28,22.405,15200
CYAD,20160526,50.4,51.74,50.2,50.91,6600
CYAN,20160526,5.23,5.27,4.95,4.96,3000
CYBE,20160526,16.66,17.25,16.65,17.22,60500
CYBR,20160526,44.44,45.63,44.09,44.95,612100
CYCC,20160526,103.2,103.2,100.8,103.2,56800
CYCCP,20160526,4.6,4.6,4.6,4.6,0
CYRN,20160526,1.94,2,1.93,1.98,58700
CYRX,20160526,1.83,1.9,1.76,1.83,51400
CYTK,20160526,8.2,8.27,7.97,8.08,372100
CZNC,20160526,20.29,20.37,19.98,20.24,13800
CZR,20160526,7.1,7.19,6.95,7.04,311500
CZWI,20160526,9.43,9.91,9.43,9.76,57000
DAIO,20160526,2.56,2.66,2.46,2.65,2000
DAKT,20160526,7.79,7.9,7.77,7.84,175000
DAX,20160526,24.47,24.47,24.47,24.47,200
DBVT,20160526,32.33,32.34,31.81,32.25,32800
DCOM,20160526,18.5,18.54,18.39,18.42,156400
DCTH,20160526,5.12,5.28,4.96,4.96,85300
DENN,20160526,10.66,10.85,10.65,10.67,310400
DERM,20160526,30.94,31.37,30.59,31.29,126100
DGICA,20160526,16.05,16.21,15.95,16.06,38100
DGICB,20160526,14,14,14,14,0
DGII,20160526,11.3,11.45,11.08,11.15,29800
DGLY,20160526,3.63,3.7,3.59,3.64,44800
DGRE,20160526,20.66,20.66,20.53,20.54,4600
DGRS,20160526,28.02,28.02,27.92,27.94,5800
DGRW,20160526,31.36,31.36,31.21,31.26,59800
DHIL,20160526,180,181.6,178.34,180.25,7300
DIOD,20160526,19.29,19.35,19.18,19.24,83900
DISCA,20160526,27.05,27.3,26.81,27.07,2363600
DISCB,20160526,27.42,27.42,27.42,27.42,100
DISCK,20160526,25.94,26.18,25.75,25.97,1698900
DISH,20160526,47.82,48.45,47.52,47.92,2847900
DJCO,20160526,198.55,198.55,198.55,198.55,0
DLHC,20160526,4.14,4.23,4.09,4.23,4400
DLTH,20160526,25.12,25.34,24.39,24.88,109800
DLTR,20160526,85.49,89.16,84.8,88.37,11666200
DMLP,20160526,12.82,13.36,12.64,13.26,39700
DMRC,20160526,27.26,27.8,26.61,26.75,19000
DORM,20160526,54.31,54.45,53.75,53.98,113800
DOX,20160526,57.14,57.68,56.81,57.45,569500
DRIO,20160526,5.05,5.19,4.84,5.09,21300
DRNA,20160526,3.94,3.94,3.69,3.71,103100
DRRX,20160526,1.21,1.27,1.17,1.2,1221900
DSGX,20160526,20.62,21,20.22,20.25,30000
DSPG,20160526,10.15,10.22,10.09,10.11,16500
DSWL,20160526,1.59,1.6,1.57,1.57,9000
DTEA,20160526,11.8,11.98,11.8,11.83,29200
DVAX,20160526,16.03,16.17,15.83,15.85,425100
DWAT,20160526,10.04,10.04,9.97,10.01,500
DWSN,20160526,7.13,7.59,6.69,7.5,277900
DXCM,20160526,65.21,65.21,62.91,63.15,809700
DXGE,20160526,26.45,26.54,26.45,26.51,8200
DXJS,20160526,31.29,31.29,31.08,31.21,11700
DXLG,20160526,4.93,4.95,4.75,4.82,66300
DXPE,20160526,14.98,15.3,13.5,13.57,337200
DXYN,20160526,3.5,3.87,3.29,3.29,808800
DYNT,20160526,2.71,2.74,2.65,2.65,8400
EA,20160526,74.63,75.43,73.92,75.11,1853100
EAC,20160526,0.75,0.77,0.72,0.75,95900
EBAY,20160526,23.98,24.13,23.86,24.12,5548800
EBIX,20160526,45.52,45.85,45.04,45.26,171800
EBMT,20160526,12.54,12.55,12.54,12.55,1300
EBSB,20160526,15.13,15.13,14.93,14.94,67600
EBTC,20160526,23.5,23.9,23.17,23.43,6800
ECHO,20160526,22.67,22.98,22.34,22.36,132700
ECOL,20160526,44.64,44.8,43.72,44.52,81300
ECPG,20160526,28.23,28.23,26.05,26.13,208700
EDAP,20160526,3.35,3.48,3.31,3.45,96700
EDIT,20160526,36,36.58,35.19,35.39,77800
EDUC,20160526,6.255,6.45,5.145,5.5,46500
EEFT,20160526,80.15,80.55,79.01,79.33,242500
EEMA,20160526,49.88,50,49.83,49.99,2000
EFOI,20160526,31.65,32.5,31.5,32,76000
EFSC,20160526,28.28,28.69,27.93,28.46,45300
EGAN,20160526,2.95,3.26,2.95,3.1,27400
EGBN,20160526,51.07,51.07,50.41,50.47,51400
EGLE,20160526,75.6,77,72.8,75.6,409900
EGRX,20160526,48.83,49.49,46.34,46.55,224500
EHTH,20160526,14.14,14.25,13.86,14.18,262600
EIGR,20160526,19.48,20.06,19.48,20.06,3900
ELSE,20160526,3.49,3.49,3.49,3.49,0
ELTK,20160526,0.95,1,0.95,1,28800
EMCB,20160526,68.06,68.18,68,68.12,1100
EMCF,20160526,24.29,24.29,24.29,24.29,0
EMIF,20160526,29.02,29.19,29.02,29.08,2300
EMKR,20160526,5.45,5.56,5.31,5.53,309300
EML,20160526,16.28,16.36,16.12,16.25,18900
ENDP,20160526,15.31,15.38,14.81,15.22,6191800
ENG,20160526,1.16,1.16,1.13,1.13,10400
ENPH,20160526,2.08,2.08,1.97,2.01,225600
ENSG,20160526,19.95,19.95,19.45,19.58,225300
ENTA,20160526,23.62,23.74,23.02,23.19,330900
ENTG,20160526,13.99,14.02,13.95,13.98,287300
ENZL,20160526,41.44,41.55,41.3,41.38,19600
EPAY,20160526,24.62,24.95,24.44,24.85,148900
EPIX,20160526,63.8,63.8,63.8,63.8,200
EPZM,20160526,10.82,10.82,10.48,10.55,128300
EQBK,20160526,23.43,23.73,22.69,23.2,12300
EQIX,20160526,358.38,363.22,356.8,363.09,756700
ERIC,20160526,7.8,7.81,7.73,7.76,2612600
ERIE,20160526,97.25,97.34,96.33,97.18,54800
ERII,20160526,10.64,10.64,10.19,10.39,647600
ESBK,20160526,19.58,19.58,19.29,19.41,9800
ESCA,20160526,11.34,11.49,11.3,11.34,6000
ESEA,20160526,16,17.2,15.2,15.6,10000
ESGR,20160526,156.8,156.8,154.8,155.22,10100
ESLT,20160526,95.99,96.53,95.98,96.32,15300
ESPR,20160526,15.64,15.67,15.35,15.58,169700
ESSA,20160526,13.68,13.7,13.52,13.67,11200
ESXB,20160526,5.23,5.23,5.23,5.23,100
ETSY,20160526,8.73,8.98,8.69,8.86,1655500
EUFN,20160526,19.01,19.06,18.96,19.01,186700
EVK,20160526,1.58,1.64,1.57,1.64,5300
EVLMC,20160526,100.05,100.05,100.05,100.05,3900
EVLV,20160526,1.39,1.44,1.3,1.43,526900
EVOK,20160526,5.37,5.56,5.28,5.36,31100
EVOL,20160526,5.3,5.3,5.19,5.23,21500
EVSTC,20160526,100.01,100.01,100.01,100.01,4200
EWBC,20160526,38.77,38.77,37.97,38.18,704600
EWZS,20160526,8.6,8.7,8.6,8.63,2800
EXAS,20160526,6.13,6.17,5.94,5.95,852100
EXEL,20160526,6.23,6.38,6.16,6.3,5494300
EXLS,20160526,50.97,51.4,50.25,51.2,188400
EXPD,20160526,48.74,49.2,48.71,48.91,1104500
EXPE,20160526,113.15,113.45,111.09,111.82,1219900
EXPO,20160526,26.205,26.38,26.075,26.215,72400
EXTR,20160526,3.7,3.73,3.65,3.72,260200
EYEG,20160526,59.25,59.25,53.25,54.75,111500
EYES,20160526,30.96,31.36,29.76,30.96,104100
EZPW,20160526,6.76,6.76,6.41,6.58,543800
FAAR,20160526,29.87,29.87,29.87,29.87,0
FAB,20160526,43.22,43.28,43.12,43.12,2800
FAD,20160526,50.19,50.22,50.12,50.17,48500
FANG,20160526,90,92.92,89.89,91.91,1792600
FARM,20160526,28.32,28.97,28.22,28.8,16500
FARO,20160526,34.37,34.66,33.39,34.47,147100
FAST,20160526,23.015,23.1,22.97,23.04,1988800
FATE,20160526,1.59,1.69,1.56,1.57,96200
FB,20160526,118.24,119.76,117.92,119.47,18481300
FBIO,20160526,2.83,2.9,2.81,2.87,85000
FBIZ,20160526,24.44,24.74,24.44,24.65,10800
FBMS,20160526,16.37,16.75,16.37,16.6,1600
FBNC,20160526,19.6,19.86,19.6,19.71,8900
FBZ,20160526,10.72,10.72,10.72,10.72,0
FCA,20160526,17.89,17.89,17.89,17.89,0
FCAP,20160526,31.11,31.69,31.11,31.69,300
FCBC,20160526,21.9,21.94,21.56,21.67,17400
FCCO,20160526,14.5,14.5,14.5,14.5,0
FCCY,20160526,12.26,12.69,12.26,12.69,1200
FCEL,20160526,77.88,80.16,76.68,76.92,368000
FCFS,20160526,43.99,44.28,43.49,43.52,136400
FCNCA,20160526,258.48,258.84,255.7,256.7,6900
FCVT,20160526,24.11,24.11,24.11,24.11,0
FDIV,20160526,48.85,48.85,48.85,48.85,200
FDT,20160526,46.53,46.61,46.44,46.5,29300
FDTS,20160526,32.73,32.73,32.73,32.73,100
FDUS,20160526,15.46,15.75,15.46,15.59,44600
FEIM,20160526,9.95,9.95,9.9,9.91,1900
FELE,20160526,33.28,33.52,32.88,32.91,129600
FEM,20160526,18.09,18.22,18.07,18.09,80600
FEMB,20160526,40.88,40.88,40.88,40.88,0
FEMS,20160526,28.42,28.42,28.2,28.22,8700
FEP,20160526,29.86,29.91,29.77,29.86,51800
FEUZ,20160526,31.75,31.75,31.75,31.75,0
FEX,20160526,44.85,44.95,44.76,44.83,100300
FFBC,20160526,19.75,19.86,19.62,19.66,151700
FFHL,20160526,0.94,0.96,0.94,0.96,600
FFIC,20160526,21.01,21.04,20.79,20.85,42300
FFIN,20160526,16.725,16.775,16.525,16.565,90200
FFIV,20160526,109.52,109.89,108.69,109.01,722600
FFNW,20160526,13.76,13.76,13.54,13.7,5600
FFWM,20160526,11.31,11.495,11.235,11.47,34500
FGBI,20160526,16.33,16.33,16.33,16.33,100
FGEN,20160526,18.6,18.64,18.34,18.39,310300
FGM,20160526,37.13,37.13,36.97,36.99,3300
FIBK,20160526,29.12,29.13,28.73,28.83,96700
FISI,20160526,28.45,28.46,27.55,27.91,16400
FISV,20160526,51.27,52.18,51.265,52.13,534500
FITB,20160526,18.83,18.89,18.5,18.6,4193100
FITBI,20160526,30.92,31.05,30.92,31,25800
FIVE,20160526,39.92,40.8,39.92,39.98,918500
FIVN,20160526,9.91,10.34,9.86,10.3,371000
FIZZ,20160526,53.04,53.04,52.19,52.73,58600
FJP,20160526,46.39,46.54,46.3,46.44,5400
FKU,20160526,39.33,39.43,39.25,39.31,6000
FLDM,20160526,9.53,9.56,9.35,9.48,119900
FLEX,20160526,12.3,12.42,12.2,12.38,4053700
FLIC,20160526,31.11,31.11,30.11,30.42,32200
FLL,20160526,1.69,1.69,1.67,1.67,6800
FLN,20160526,14.62,14.62,14.62,14.62,700
FLWS,20160526,7.64,7.89,7.6,7.71,169300
FLXN,20160526,12.66,17.35,12.66,17.23,2336200
FLXS,20160526,41.11,41.75,40.79,40.82,10000
FMB,20160526,53.27,53.4,53.27,53.27,4500
FMBH,20160526,25.78,25.78,25.72,25.72,300
FMBI,20160526,18.66,18.66,18.42,18.47,155400
FMNB,20160526,9.35,9.48,9.16,9.32,32900
FNHC,20160526,21.46,21.63,21.23,21.29,27000
FNK,20160526,28.66,28.66,28.59,28.62,1100
FNLC,20160526,20.26,20.47,20.02,20.02,7400
FNWB,20160526,13.2,13.3,13.05,13.28,35800
FNX,20160526,50.5,50.63,50.43,50.52,21600
FNY,20160526,29.4,29.45,29.34,29.41,4800
FOLD,20160526,7.12,7.2,7,7.03,1763100
FONR,20160526,16.3,16.3,15.77,16.13,12000
FORD,20160526,1.24,1.27,1.21,1.27,4800
FORM,20160526,7.21,7.31,7.2,7.25,106000
FORR,20160526,36.85,37.07,36.75,36.93,15200
FORTY,20160526,33.5,33.5,33.5,33.5,300
FOSL,20160526,28.14,28.3,27.3,27.56,863900
FOX,20160526,29.18,29.42,28.96,28.97,2616500
FOXA,20160526,28.9,29.19,28.75,28.76,8226600
FOXF,20160526,16.28,16.44,16.04,16.43,82700
FPA,20160526,26.72,26.72,26.61,26.61,5000
FPXI,20160526,25.76,25.76,25.65,25.71,4000
FRBA,20160526,6.89,6.89,6.89,6.89,1600
FRBK,20160526,4.52,4.52,4.35,4.45,32000
FRGI,20160526,24.7,25.19,24.17,24.49,467300
FRME,20160526,25.96,25.96,25.66,25.73,52100
FRPH,20160526,31.11,31.11,31.11,31.11,800
FRPT,20160526,9.11,9.45,9.11,9.42,196500
FRSH,20160526,7.94,7.97,7.59,7.61,103500
FSBW,20160526,24.73,24.73,24.73,24.73,0
FSFG,20160526,35.5,35.5,35.25,35.25,2500
FSLR,20160526,50.42,50.51,49.28,49.73,1553400
FSTR,20160526,11.7,11.88,11.31,11.38,92800
FSV,20160526,46.65,46.65,45.74,46.2,20300
FSZ,20160526,40.57,40.61,40.54,40.57,2300
FTA,20160526,40.66,40.66,40.34,40.45,41900
FTAG,20160526,20.91,21.15,20.91,21.15,500
FTC,20160526,48.96,48.96,48.82,48.93,32600
FTCS,20160526,39.68,39.68,39.54,39.63,26000
FTEK,20160526,1.58,1.58,1.48,1.48,101700
FTGC,20160526,20.95,21.17,20.92,21.05,64100
FTHI,20160526,19.87,19.87,19.87,19.87,0
FTLB,20160526,19.55,19.55,19.55,19.55,0
FTNT,20160526,34.27,34.64,34.07,34.56,974900
FTRI,20160526,10.69,10.71,10.69,10.71,300
FTSL,20160526,48.15,48.15,47.96,48.05,205200
FTSM,20160526,59.88,59.9,59.87,59.89,50000
FULT,20160526,14.21,14.21,14,14.02,497900
FUNC,20160526,10.25,10.39,10.25,10.39,2100
FUND,20160526,6.32,6.32,6.24,6.3,49800
FV,20160526,21.76,22.02,21.76,21.94,1634800
FVC,20160526,20.5,20.5,20.4,20.4,1269400
FWP,20160526,20.07,20.94,19.61,20.23,15800
FWRD,20160526,44.86,45.67,44.72,44.93,168200
FYC,20160526,30.7,30.78,30.65,30.75,5400
FYT,20160526,28.58,28.58,28.43,28.52,3100
FYX,20160526,45.82,45.83,45.51,45.57,104000
GABC,20160526,21.4133,21.52,21.12,21.2267,22700
GAIA,20160526,7.57,7.6,7.55,7.55,29300
GAIN,20160526,6.97,7.02,6.94,7,213900
GAINN,20160526,24.5,25.25,24.43,24.9,5700
GALT,20160526,1.45,1.48,1.4,1.41,60800
GASS,20160526,5.06,5.06,4.93,4.99,20700
GBCI,20160526,27.21,27.21,26.82,26.88,146400
GBDC,20160526,17.26,17.26,17.15,17.24,59700
GBLI,20160526,30.68,30.68,30.02,30.18,10100
GBT,20160526,22.06,22.5,21.38,22.34,110500
GCBC,20160526,17.79,17.97,17.71,17.84,2300
GDEN,20160526,12.22,12.35,12.03,12.26,13500
GENC,20160526,9.5867,9.8333,9.5867,9.7,21800
GENE,20160526,9.28,9.96,8.96,9.56,251300
GEOS,20160526,18.21,18.21,17.5,17.53,118200
GERN,20160526,2.94,2.94,2.81,2.81,2184500
GEVO,20160526,144,148,136,136,3840800
GFED,20160526,16.2,16.2,15.9,15.9,2400
GGAL,20160526,26.68,27.8,26.68,27.31,169800
GIFI,20160526,6.87,6.98,6.71,6.8,100600
GIGM,20160526,2.61,2.76,2.59,2.7,6100
GIII,20160526,37.4,38.93,36.92,38.49,720500
GILD,20160526,86.44,86.5,85.05,85.29,8125900
GILT,20160526,4.72,4.8,4.72,4.74,53100
GLAD,20160526,7.24,7.28,7.12,7.16,25600
GLBL,20160526,2.68,2.76,2.63,2.69,590600
GLBS,20160526,1880,2000,1640,1800,191500
GLBZ,20160526,10.72,10.8,10.48,10.69,10800
GLDD,20160526,4.38,4.43,4.31,4.34,28900
GLDI,20160526,10.37,10.41,10.28,10.31,27000
GLMD,20160526,4.35,4.36,4.08,4.13,61600
GLNG,20160526,17.6,18.27,17.25,17.58,1216700
GLPG,20160526,58.18,58.35,57.6,57.6,61300
GLPI,20160526,32.81,33.01,32.6,32.89,2042000
GLRE,20160526,20.71,20.78,20.27,20.32,108100
GLYC,20160526,8.17,8.25,7.75,8.24,30500
GNCA,20160526,32.72,32.8,30.96,30.96,287700
GNMA,20160526,50.72,50.87,50.7,50.78,204100
GNTX,20160526,16.28,16.38,16.23,16.36,1500900
GOGL,20160526,3.4,3.5,3.35,3.4,85200
GOGO,20160526,9.68,11.75,9.59,11.21,9271200
GOOD,20160526,16.77,17.01,16.74,16.87,138200
GOODN,20160526,25.25,25.25,25.16,25.16,5200
GOODO,20160526,25.21,25.35,25.21,25.35,7500
GOOG,20160526,722.87,728.33,720.28,724.12,1576200
GOOGL,20160526,736,741.1,733,736.93,1360100
GPACU,20160526,9.32,9.65,9.32,9.65,800
GPACW,20160526,0.18,0.18,0.18,0.18,0
GPP,20160526,13.94,14.33,13.81,14.23,31500
GPRE,20160526,18.93,19.12,18.42,18.76,521400
GPRO,20160526,10.2,10.24,9.77,9.98,6191500
GRBK,20160526,7.39,7.42,7.28,7.33,107700
GRFS,20160526,15.84,16.03,15.79,15.97,1607000
GRID,20160526,36.7,36.7,36.27,36.32,800
GRMN,20160526,41.38,41.59,41.27,41.45,285500
GROW,20160526,1.69,1.72,1.57,1.6,14100
GRPN,20160526,68.6,71.2,68.4,69.6,6690600
GRVY,20160526,2.255,2.255,2.255,2.255,9000
GSBC,20160526,39.23,39.69,38.94,39.12,14100
GSIT,20160526,3.83,3.9,3.8,3.81,21100
GSM,20160526,8.96,9.21,8.77,8.81,530600
GT,20160526,27.56,27.79,27.37,27.37,2896600
GTIM,20160526,3.38,3.51,3.21,3.26,77500
GURE,20160526,7.4,7.5,7.3,7.35,82700
GWGH,20160526,8.17,8.17,8.17,8.17,200
GWRS,20160526,7.07,7.45,7.07,7.45,19600
GYRO,20160526,28.61,29.99,28.51,29.7,27600
HA,20160526,41.61,41.97,40.67,41.21,506900
HAFC,20160526,23.79,23.8,23.48,23.76,126300
HAIN,20160526,48.9,49.15,48.49,48.67,684800
HALL,20160526,10.5,10.65,10.44,10.47,23500
HALO,20160526,10.05,10.1,9.77,9.89,1082400
HAS,20160526,86.96,87.31,86.26,86.75,516800
HAYN,20160526,29.54,29.96,29.1,29.64,116100
HBAN,20160526,10.5,10.63,10.4,10.46,8511200
HBANP,20160526,1357.01,1377,1357.01,1377,100
HBCP,20160526,28.24,28.49,28.12,28.19,5900
HBIO,20160526,3.59,3.59,3.28,3.4,71900
HBMD,20160526,12.56,12.56,12.56,12.56,0
HBNC,20160526,10.9289,11.0178,10.9155,10.9911,16100
HBP,20160526,4.63,4.81,4.61,4.64,83400
HCCI,20160526,11.55,11.56,10.97,11.26,73100
HCKT,20160526,14.36,14.55,14.36,14.4,200700
HCM,20160526,12.5,12.78,12.5,12.53,6700
HCSG,20160526,38.94,38.94,38.53,38.66,164900
HDSN,20160526,3.41,3.48,3.37,3.42,49200
HEAR,20160526,4.12,4.12,3.88,3.92,52400
HEES,20160526,19.99,20.19,19.35,19.39,198500
HELE,20160526,97.96,98.26,97,98.2,141300
HERO,20160526,2.08,2.09,1.88,1.94,251300
HFBL,20160526,22.37,22.37,21.97,22.21,2100
HFWA,20160526,17.96,18.22,17.56,18.09,35700
HGSH,20160526,3.56,3.56,3.44,3.46,1200
HIBB,20160526,34.95,35.15,34.58,34.61,261600
HIFS,20160526,133.4,133.4,131.12,131.9,600
HIHO,20160526,4.54,4.54,4.54,4.54,0
HIMX,20160526,9.24,9.44,9.18,9.38,2066300
HLG,20160526,8,8,8,8,600
HLIT,20160526,2.92,2.92,2.84,2.87,400900
HMHC,20160526,17.23,17.23,17.02,17.15,528400
HMNF,20160526,12.78,14.44,12.78,13.76,17400
HMST,20160526,20.75,20.9,20.41,20.44,103300
HMTV,20160526,10.55,10.56,10.4,10.51,63400
HNNA,20160526,21.8133,22.5733,21.62,22.2333,5100
HNRG,20160526,4.27,4.33,4.11,4.19,36900
HOFT,20160526,24.4,24.62,24.29,24.56,52700
HOLI,20160526,16.84,17.15,16.73,17.04,169700
HOLX,20160526,33.59,34.05,33.46,33.85,3568000
HOMB,20160526,21.8,21.84,21.405,21.645,169300
HOVNP,20160526,4.58,4.88,4.14,4.28,48000
HQY,20160526,25.2,25.2,24.74,25.15,173000
HRTX,20160526,20.28,20.39,18.85,19.2,550400
HRZN,20160526,12.01,12.08,11.97,12.06,47100
HSIC,20160526,171.35,173.07,170.04,172.72,365700
HSII,20160526,18.21,18.53,17.94,18.28,118300
HSKA,20160526,38,38,36.19,36.38,42300
HSON,20160526,23.7,23.7,22.1,22.7,39400
HSTM,20160526,23.08,23.08,22.4,22.96,50900
HTBI,20160526,18.5,18.64,18.5,18.62,17800
HTBK,20160526,10.59,10.66,10.53,10.61,15500
HTBX,20160526,6.2,6.4,6,6.3,287600
HTGM,20160526,2.86,2.94,2.82,2.83,4600
HTHT,20160526,8.5025,8.5025,8.2225,8.3025,157600
HTLD,20160526,18.26,18.41,18.08,18.25,253600
HTLF,20160526,34.59,35.04,34.54,34.98,70200
HUBG,20160526,39.31,39.7,39.01,39.58,240900
HURC,20160526,32.74,32.74,32.06,32.33,8300
HURN,20160526,58.61,59.22,56.97,58.67,77000
HWBK,20160526,14.55,14.55,14.55,14.55,0
HWKN,20160526,40.39,40.39,39.45,39.61,10800
HYLS,20160526,47.87,47.94,47.69,47.74,136700
HYZD,20160526,22.5,22.59,22.5,22.59,4400
HZNP,20160526,16.21,16.41,15.9,16.32,3010600
IAC,20160526,55.42,55.7,54.78,55.37,503600
IART,20160526,36.655,36.655,36.125,36.555,278600
IBB,20160526,275.03,275.06,271.8,273.69,848600
IBCP,20160526,14.94,15.11,14.92,14.93,23900
IBKR,20160526,39.8,39.83,39.29,39.45,425100
IBOC,20160526,27.94,28,27.66,27.77,56300
IBTX,20160526,38.31,38.45,37.72,37.72,25700
ICAD,20160526,5.88,5.95,5.71,5.88,42000
ICBK,20160526,21.68,21.68,21.68,21.68,200
ICCC,20160526,6.92,6.92,6.88,6.88,900
ICFI,20160526,40.35,40.81,40.17,40.57,96900
ICLN,20160526,8.75,8.75,8.63,8.69,55400
ICLR,20160526,68.63,68.72,66.73,68.47,284200
ICPT,20160526,142.2,142.51,136.4,137.73,392900
ICUI,20160526,104.08,104.08,102.15,102.75,80800
IDCC,20160526,57.26,57.96,56.99,57.62,181500
IDLB,20160526,25.23,25.26,25.12,25.12,18600
IDRA,20160526,12.56,12.56,11.84,11.92,451900
IDXX,20160526,89.99,91.94,89.5,89.74,740000
IEP,20160526,54.17,54.99,53.78,53.97,53900
IESC,20160526,14.18,14.68,13.56,13.77,36000
IEUS,20160526,46.27,46.27,46.27,46.27,0
IFGL,20160526,29.42,29.48,29.4,29.48,38900
IFV,20160526,17.41,17.45,17.36,17.42,61500
IGF,20160526,39.77,39.92,39.65,39.78,187000
IGOV,20160526,97.15,97.21,96.9,97.11,40600
III,20160526,3.83,3.88,3.79,3.81,23200
IIN,20160526,5.43,5.43,5.36,5.4,1800
IIVI,20160526,19.97,20,19.8,19.86,155900
IKNX,20160526,10.8,10.8,10.75,10.75,3400
ILMN,20160526,143.18,144.93,142.05,143.12,563500
IMGN,20160526,5.89,5.9,5.64,5.65,797000
IMKTA,20160526,37.26,37.88,37.19,37.44,69100
IMMR,20160526,6.17,6.22,5.98,5.98,228100
IMOS,20160526,18.27,18.75,18.27,18.65,103500
INBK,20160526,26.77,26.77,25.72,26.13,19200
INCR,20160526,44.92,45.49,44.48,45,1801800
INCY,20160526,82.63,83.02,81.05,81.78,1398200
INDB,20160526,49.08,49.08,48.24,48.67,40100
INDY,20160526,27.56,27.73,27.56,27.7,113000
INFI,20160526,5.2,5.29,5.05,5.16,151100
INFN,20160526,13.15,13.18,13,13.06,1680500
INGN,20160526,46.96,48.89,46.96,47.75,212300
INO,20160526,11.24,11.26,10.66,10.69,1318000
INOD,20160526,2.37,2.38,2.36,2.36,9800
INOV,20160526,18.69,18.82,18.43,18.5,124900
INSM,20160526,11.99,12.01,11.76,11.88,352500
INTC,20160526,31.49,31.63,31.4,31.49,12692300
INTG,20160526,30.02,30.22,30,30.22,2600
INTU,20160526,105,107.74,104.88,106.83,2659000
INVA,20160526,11.68,11.78,11.16,11.35,931700
INVE,20160526,2.15,2.3,2.02,2.17,37200
IONS,20160526,26.8,26.81,21.09,21.36,27202800
IOSP,20160526,48.82,49.06,48.48,48.81,257700
IPAR,20160526,29.63,29.69,29.13,29.5,63200
IPDN,20160526,3.92,4,3.52,4,19000
IPGP,20160526,85.19,86.08,84.42,85.47,377900
IPKW,20160526,27.38,27.38,27.24,27.32,85100
IPWR,20160526,41.5,41.8,39.5,40.6,39600
IRBT,20160526,38.54,39,38.09,38.23,246500
IRCP,20160526,38.23,38.9,38.23,38.89,2800
IRDM,20160526,8.71,8.73,8.59,8.61,519700
IRIX,20160526,13.84,14.23,13.72,14.11,32100
IRMD,20160526,18.69,18.69,18.27,18.44,24500
IROQ,20160526,18.47,18.47,18.47,18.47,0
IRWD,20160526,12.25,12.36,12.15,12.23,1160800
ISBC,20160526,11.9,11.96,11.75,11.92,2418500
ISHG,20160526,81.32,81.32,81.32,81.32,600
ISIG,20160526,2.44,2.44,2.44,2.44,0
ISLE,20160526,15.64,15.65,15.15,15.36,119200
ISRG,20160526,213.4567,214.7233,212,212.4,324900
ISSC,20160526,2.74,2.76,2.73,2.76,6600
ISTR,20160526,15.5,15.5,15.29,15.33,5600
ITCI,20160526,36.88,37.28,35.43,36.93,322000
ITI,20160526,2.49,2.49,2.42,2.42,400
ITIC,20160526,95.35,95.35,95.35,95.35,0
ITRI,20160526,43.5,43.87,43.33,43.75,117700
ITRN,20160526,20.48,20.82,20.07,20.78,38500
IVAC,20160526,4.96,5.09,4.89,4.97,16500
IXUS,20160526,50.38,50.41,50.17,50.3,83600
IZEA,20160526,6.47,6.73,6.31,6.5,38500
JACK,20160526,80.75,84.95,80.7,83.39,2865200
JAGX,20160526,1491,1491,1417.5,1417.5,6000
JAKK,20160526,74.4,75,74.1,74.5,142500
JAZZ,20160526,153.38,154.09,151.03,152.77,524400
JBHT,20160526,81.46,81.86,80.68,81.35,452700
JBLU,20160526,18,18.05,17.61,17.67,5081800
JBSS,20160526,48.65,48.98,48.42,48.65,124900
JCS,20160526,6.53,6.9,6.51,6.87,18000
JCTCF,20160526,5.975,5.975,5.83,5.975,3500
JD,20160526,23.31,23.39,22.86,23.17,12505300
JJSF,20160526,106.39,107.44,105.34,105.75,44800
JKHY,20160526,83.59,83.9,83.03,83.49,319200
JOBS,20160526,29.89,30.23,29.89,29.98,102500
JOUT,20160526,25.8,25.85,25.09,25.25,18000
JRJC,20160526,44.8,46.9,44,46.8,158200
JRVR,20160526,34.52,35.81,34.05,35.49,114500
JSM,20160526,20.05,20.25,19.85,20.24,26100
JSMD,20160526,27.84,27.91,27.84,27.91,1200
JSML,20160526,26.93,27.02,26.9,26.94,5200
JVA,20160526,3.61,3.65,3.59,3.65,8100
JYNT,20160526,3.15,3.15,2.96,3.1,35600
KALU,20160526,86.83,88.68,85.81,86.11,113100
KBAL,20160526,11.73,11.74,11.42,11.55,53100
KE,20160526,11.14,11.33,11.07,11.28,21500
KELYA,20160526,19.26,19.37,18.3,19.32,71200
KELYB,20160526,19.45,19.45,19.45,19.45,0
KEQU,20160526,16.38,16.65,16.38,16.65,1600
KFFB,20160526,8.96,8.96,8.96,8.96,300
KFRC,20160526,18.12,18.26,17.91,18.21,129100
KHC,20160526,84.02,84.82,83.76,83.81,2424000
KINS,20160526,9.2,9.2,9.01,9.11,41500
KIRK,20160526,13.27,13.52,13.11,13.14,82100
KLAC,20160526,71.68,71.99,71.54,71.92,457800
KLIC,20160526,12.25,12.41,12.18,12.23,201100
KMDA,20160526,3.69,3.72,3.68,3.72,1800
KMPH,20160526,6.04,6.14,5.99,6.02,69900
KNDI,20160526,6.95,7.1,6.77,6.95,210800
KOPN,20160526,2.04,2.1,2.02,2.05,286200
KOSS,20160526,1.97,2.09,1.97,2.09,500
KPTI,20160526,9.69,10.05,9.43,9.53,113400
KRNT,20160526,10,10.3,9.87,9.99,32600
KRNY,20160526,13,13.07,12.94,13.04,1169000
KTCC,20160526,7.64,7.69,7.56,7.62,16100
KTOS,20160526,4.26,4.26,4.14,4.21,384500
KURA,20160526,3.06,3.14,2.93,2.93,25900
KVHI,20160526,8.56,8.64,8.48,8.6,26500
LAKE,20160526,8.71,8.84,8.62,8.65,19500
LAMR,20160526,63.67,64.05,63.39,63.73,445600
LANC,20160526,120.79,122.56,120.39,120.66,87700
LAND,20160526,10.01,10.19,10.01,10.11,11200
LARK,20160526,25.6,25.63,25.39,25.63,800
LAWS,20160526,19.72,20.13,19.22,19.44,15800
LBAI,20160526,11.43,11.43,11.33,11.35,33900
LBRDA,20160526,58.09,58.5,57.17,57.2,115900
LBRDK,20160526,58.06,58.32,56.99,57.15,409600
LBTYA,20160526,36.55,36.76,36.07,36.52,4673200
LBTYB,20160526,35.76,35.76,35.76,35.76,0
LBTYK,20160526,35.56,35.93,35.1,35.59,10546300
LCAHU,20160526,10,10.01,9.95,10,4621100
LCNB,20160526,16.98,17.19,16.91,16.97,4800
LCUT,20160526,14.74,14.74,13.92,14.61,32800
LE,20160526,17.65,18.15,17.49,17.97,237200
LECO,20160526,61.22,61.73,60.19,60.36,339000
LEDS,20160526,1.45,1.45,1.44,1.44,600
LFUS,20160526,113,113.85,112.31,113.03,115500
LFVN,20160526,13.53,13.9,13.52,13.62,72900
LGIH,20160526,26.4,27.04,26.21,26.83,236000
LGND,20160526,122.68,123.36,121.02,121.96,228200
LHCG,20160526,41.57,41.57,40.82,41,110600
LIFE,20160526,46.48,46.9,44.24,44.94,116700
LILA,20160526,40.79,40.82,39.54,40.63,106200
LILAK,20160526,42.46,42.71,41.17,42.24,106700
LINC,20160526,1.6,1.72,1.54,1.64,22700
LIND,20160526,9.72,10.17,9.72,10.1,45200
LINK,20160526,9.85,9.85,9.5,9.8,700
LITE,20160526,22.89,24.25,22.89,23.95,721500
LIVE,20160526,1.73,1.74,1.64,1.69,43300
LIVN,20160526,48.61,49.63,48.61,48.8,172200
LJPC,20160526,16.02,16.02,15.08,15.44,170800
LKFN,20160526,32.7933,32.8,32.5133,32.56,38400
LKQ,20160526,31.88,33.24,31.88,32.74,2363100
LLNW,20160526,1.4,1.43,1.36,1.36,57000
LMAT,20160526,14.96,15,13.75,13.93,134000
LMBS,20160526,51.43,51.48,51.34,51.35,4700
LMFA,20160526,95,95,88.8,88.8,2000
LMNR,20160526,16.11,16.52,16.11,16.37,16500
LMRK,20160526,15.91,15.91,15.3,15.31,30600
LMRKP,20160526,25.12,25.19,25,25,5900
LNDC,20160526,11.3,11.59,11.14,11.49,152500
LNTH,20160526,2.27,2.32,2.05,2.1,80800
LOAN,20160526,4.42,4.5,4.39,4.48,19100
LOB,20160526,16.33,16.38,15.64,15.91,50800
LOCO,20160526,11,11.12,10.9,11.07,245500
LOGI,20160526,15.42,15.46,15.29,15.33,517100
LOPE,20160526,41.4,41.74,41.14,41.54,119100
LORL,20160526,36.32,37,35.91,36.91,82200
LPCN,20160526,8.92,9.14,8.84,9.04,94700
LPLA,20160526,27.77,27.8,27.01,27.29,876600
LPSN,20160526,6.77,6.82,6.62,6.73,159200
LPTH,20160526,1.73,1.9,1.72,1.86,282500
LQDT,20160526,6.72,6.79,6.46,6.69,64300
LRCX,20160526,80.44,81.19,80.28,81.02,1929900
LSBK,20160526,13.3,13.3,13.23,13.23,2900
LSCC,20160526,5.56,5.6,5.51,5.55,592800
LSTR,20160526,67.04,67.66,66.71,67.38,340900
LSXMA,20160526,31.83,32.18,31.66,31.72,314600
LSXMB,20160526,33,33,33,33,0
LSXMK,20160526,31.55,31.94,31.37,31.4,434500
LTBR,20160526,28.2,29.4,27.6,28.2,54100
LTRPA,20160526,22.41,22.51,21.97,22.29,300600
LTRPB,20160526,22.84,22.84,22.84,22.84,0
LTRX,20160526,1.08,1.09,1.08,1.08,800
LULU,20160526,63.13,63.62,62.64,63.14,961800
LUNA,20160526,1.08,1.1,1.08,1.09,61700
LVHD,20160526,27.05,27.15,27.05,27.1,77300
LWAY,20160526,9.13,9.22,9.08,9.17,15000
LXRX,20160526,13.38,13.65,13.23,13.46,436100
LYTS,20160526,11.75,11.76,11.41,11.43,86900
MACK,20160526,6.7,6.73,6.43,6.54,3131800
MANH,20160526,64.97,65.8,64.48,65.44,761700
MANT,20160526,35.3,35.74,35.2,35.41,159100
MAR,20160526,66.18,66.19,65.37,65.56,2025400
MARA,20160526,9.36,11,9.36,10.44,492200
MARK,20160526,4.4,4.7,4.35,4.59,21500
MARPS,20160526,5,5.06,5,5,300
MASI,20160526,49.47,49.63,48.94,49.03,234000
MAT,20160526,31.65,31.9,31.42,31.63,1952900
MATW,20160526,53.85,54.24,53.42,54.08,114600
MAYS,20160526,53.9,53.9,53.9,53.9,0
MBCN,20160526,16,16.05,15.715,15.75,8100
MBII,20160526,0.71,0.71,0.66,0.7,18500
MBUU,20160526,13.65,13.95,13.53,13.84,90100
MBWM,20160526,24.89,24.99,24.8,24.87,13600
MCBC,20160526,7.21,7.25,7,7.17,31400
MCFT,20160526,13.29,13.44,13.11,13.14,29700
MCHI,20160526,41.05,41.14,40.92,41.12,796000
MCHP,20160526,25.035,25.37,25.035,25.33,1764800
MCHX,20160526,3.66,3.69,3.52,3.53,57200
MCRB,20160526,28.69,29.61,27.88,29.28,189100
MCRI,20160526,20.55,21.25,20.15,21.15,68700
MDGS,20160526,60,60,56.4,59.6,5800
MDIV,20160526,19.26,19.29,19.14,19.15,137500
MDLZ,20160526,44.14,44.6,44.05,44.35,4381100
MDRX,20160526,13.28,13.35,12.82,13.02,2443600
MDWD,20160526,7.78,7.83,7.71,7.71,5000
MDXG,20160526,7.6,7.89,7.51,7.78,988600
MEIP,20160526,1.42,1.45,1.38,1.43,61300
MELI,20160526,134.05,135.92,133.02,135.01,315700
MEOH,20160526,33.21,33.62,32.13,32.19,613200
MERC,20160526,9.01,9.22,8.87,8.94,248800
MESO,20160526,6.9,6.9,6.78,6.88,16300
MFIN,20160526,8.1,8.13,7.88,8.04,104900
MGEE,20160526,50.4,51.02,49.94,50.88,86800
MGI,20160526,6.38,6.42,6.14,6.33,185000
MGIC,20160526,6.78,6.78,6.73,6.75,1300
MGLN,20160526,66.24,66.79,65.32,65.37,151200
MGNX,20160526,24.31,24.37,23.88,23.95,251700
MGPI,20160526,31.88,33.42,31,33.28,205200
MGRC,20160526,28.17,28.6,28.1,28.2,54800
MGYR,20160526,10.1,10.15,10.1,10.15,600
MHLD,20160526,12.74,12.81,12.59,12.74,158100
MICT,20160526,1.98,1.99,1.98,1.98,1800
MIDD,20160526,124.09,124.29,122.45,123.19,206900
MILN,20160526,14.97,14.98,14.97,14.98,900
MIME,20160526,8.7,8.88,8.65,8.88,38200
MIND,20160526,3.73,3.88,3.73,3.75,37700
MITK,20160526,9.31,9.31,8.77,9.09,1050600
MKSI,20160526,39.42,40.11,38.88,40.03,334300
MKTX,20160526,140.4,140.54,138.53,138.76,361800
MLAB,20160526,101.7,102.21,100.3,100.99,12700
MLHR,20160526,31.22,31.39,31.09,31.22,162200
MLVF,20160526,15.95,15.95,15.83,15.87,2900
MMLP,20160526,22,22.29,21.62,21.81,131300
MMSI,20160526,19.16,19.16,18.8,18.8,111500
MMYT,20160526,15.16,15.47,14.5,14.78,208300
MNDO,20160526,2.08,2.1,2.05,2.06,7400
MNKD,20160526,5.1,5.2,4.95,4.95,4318200
MNOV,20160526,6.75,6.84,6.52,6.76,69100
MNRO,20160526,61.41,62.76,61.41,62.33,188300
MNST,20160526,49.9133,50.2733,49.9133,50.0033,796300
MNTX,20160526,7.1,7.18,6.64,6.75,38400
MOFG,20160526,29.23,29.35,28.81,28.87,40100
MOMO,20160526,12.02,12.48,11.96,12.34,595000
MORN,20160526,83.74,84.58,83.57,83.57,106000
MOSY,20160526,90,90,78,80,98500
MPAA,20160526,29.63,29.94,29.31,29.84,153300
MPB,20160526,16.18,16.2,16,16,3000
MPWR,20160526,66.91,67.98,66.91,67.86,299500
MRCC,20160526,14.61,14.61,14.32,14.45,23800
MRCY,20160526,21.32,21.32,20.74,21.02,150000
MRLN,20160526,15.32,15.32,15.12,15.15,5900
MRNS,20160526,21.44,22.16,20.64,21.16,97600
MRTN,20160526,13.2,13.2867,12.9933,13.0267,322200
MRTX,20160526,17.82,17.84,17.2,17.45,191200
MRUS,20160526,10.34,10.43,8.3,8.35,224600
MRVL,20160526,10.11,10.2,10.05,10.15,8219100
MSBI,20160526,22,22.22,21.9,22.08,142600
MSEX,20160526,36.19,37.13,35.91,36.95,36200
MSFT,20160526,51.93,51.98,51.36,51.89,24335200
MSON,20160526,4.83,4.94,4.73,4.88,1900
MSTR,20160526,187.12,190.1,186.45,188.03,31800
MTBC,20160526,0.93,0.93,0.89,0.9,6500
MTBCP,20160526,25.8,25.8,25.8,25.8,0
MTCH,20160526,14.33,14.33,13.52,13.64,666100
MTEX,20160526,20.6,20.84,20.33,20.83,5200
MTLS,20160526,7.08,7.36,7.05,7.25,24300
MTP,20160526,192,192.5,192,192.5,800
MTRX,20160526,16.5,16.5,15.7,15.91,356300
MTSI,20160526,36,36.01,35.64,35.73,468900
MU,20160526,11.71,12.03,11.69,11.95,23644000
MVIS,20160526,1.94,1.96,1.86,1.9,217900
MYGN,20160526,34.98,35.13,33.34,33.43,1380000
MYRG,20160526,24.01,24.41,23.91,23.93,155300
NAII,20160526,12.5,12.63,12.1,12.25,62000
NAKD,20160526,850,850,835,850,34200
NATH,20160526,43.31,44.87,43.31,44.23,13700
NATI,20160526,28.12,28.49,28.08,28.42,425400
NATR,20160526,9.23,9.23,9.16,9.18,13700
NAVI,20160526,13.4,13.49,13.29,13.35,2268500
NBIX,20160526,46.47,46.47,44.41,45.83,1157600
NBN,20160526,10.76,10.99,10.76,10.85,6200
NBRV,20160526,8.01,8.01,7.5,7.76,14100
NBTB,20160526,29.42,29.49,29.09,29.18,44000
NCBS,20160526,36,37.68,35.37,37.34,18400
NCMI,20160526,14.29,14.41,14.07,14.31,134700
NCTY,20160526,57.3,59.4,57.3,59.4,8500
NDAQ,20160526,65.38,65.45,64.66,65.02,606300
NDLS,20160526,9.53,9.73,9.53,9.62,114500
NDSN,20160526,87.12,88.45,86.53,88.13,388400
NEO,20160526,8.65,8.76,8.62,8.66,363200
NEOG,20160526,36.96,37.2375,36.435,36.48,88700
NEON,20160526,19.2,19.3,18.7,19.1,64400
NEPT,20160526,1.2,1.24,1.17,1.18,161100
NERV,20160526,9.97,13.22,8.26,11.8,33156300
NETE,20160526,2.72,2.72,2.41,2.42,259400
NEWT,20160526,13.09,13.1,12.75,12.89,50300
NEWTL,20160526,25.65,25.65,25.19,25.19,2200
NEWTZ,20160526,25.76,25.76,25.76,25.76,100
NFBK,20160526,15.68,15.68,15.52,15.53,48300
NFLX,20160526,103.21,104,101.38,102.81,17824600
NHTC,20160526,30.01,31.21,28.3,28.39,268500
NICE,20160526,64.84,65.35,64.29,65.19,164500
NICK,20160526,10.76,10.84,10.76,10.81,4000
NKSH,20160526,32.96,33.44,32.75,33,4700
NKTR,20160526,14.79,14.91,14.56,14.9,700300
NMIH,20160526,6.12,6.19,6.06,6.17,402500
NNBR,20160526,15.54,15.54,15.05,15.05,120300
NNDM,20160526,79,80,77.1,79,13400
NOVT,20160526,15.18,15.32,14.86,15.22,45600
NRIM,20160526,27.06,27.55,26.41,26.8,23900
NSEC,20160526,16.7,17,16.7,16.97,1000
NSIT,20160526,26.5,26.87,26.34,26.75,156600
NSSC,20160526,6.05,6.09,5.83,5.92,19100
NSTG,20160526,13.81,14,13.61,13.93,70900
NSYS,20160526,3.8,3.8,3.73,3.75,1700
NTAP,20160526,23.61,25.11,23.5,24.9,8045800
NTCT,20160526,23.65,23.86,23.53,23.71,598100
NTES,20160526,34.602,35.406,34.4,35.366,1149900
NTGR,20160526,44.25,44.38,43.8,44.25,124000
NTIC,20160526,6.375,6.375,6.05,6.2,12900
NTLA,20160526,29.46,29.63,28.23,29,263900
NTRA,20160526,13.09,13.42,12.56,13.18,201300
NTRS,20160526,73.89,74.16,73.33,73.77,1273000
NTWK,20160526,6.16,6.16,6.02,6.02,32900
NUAN,20160526,16.64,16.74,16.5,16.72,1902400
NURO,20160526,13.52,13.68,13.2,13.2,26400
NUVA,20160526,53.81,53.95,53.06,53.32,327700
NVAX,20160526,115.4,115.6,111.4,112.4,3795400
NVCN,20160526,430,430,390,400,1287500
NVCR,20160526,11.48,11.49,11.2,11.3,216200
NVDA,20160526,11.3125,11.495,11.28,11.4125,7749000
NVEC,20160526,57.74,57.74,56.25,56.45,3900
NVEE,20160526,27.87,27.87,26.6,27.36,85700
NVFY,20160526,2.9,3,2.75,2.75,38400
NVIV,20160526,5062.5,5062.5,4755,4800,209500
NVMI,20160526,11.65,11.81,11.65,11.72,11400
NWBI,20160526,14.8,14.88,14.69,14.71,477700
NWFL,20160526,27.96,28,27.85,27.85,1000
NWLI,20160526,205.5,207.3,205.5,205.55,2700
NWPX,20160526,9.04,9.2,8.79,8.82,32200
NWS,20160526,12.4,12.46,12.23,12.24,681500
NWSA,20160526,12,12.06,11.85,11.86,1309000
NXPI,20160526,91.49,92.48,90.94,91.33,2527100
NXST,20160526,52.06,52.64,51.72,52.32,284100
NXTD,20160526,34,36,33,35,303100
NYMT,20160526,5.75,5.78,5.72,5.77,465900
NYMTP,20160526,21.64,21.65,21.5,21.64,9500
NYMX,20160526,2.35,2.39,2.31,2.32,42300
OBAS,20160526,7.4,7.4,7.4,7.4,0
OBCI,20160526,2.28,2.32,2.28,2.31,7200
OCC,20160526,2.6,2.6,2.55,2.6,400
OCFC,20160526,18.11,18.19,18.06,18.12,55800
OCUL,20160526,11.83,12,11.3,11.89,155400
ODFL,20160526,64.44,64.85,63.55,63.94,478500
ODP,20160526,35.6,35.6,34.5,35,9802300
OESX,20160526,1.35,1.47,1.31,1.33,42300
OFED,20160526,19.55,19.95,19.55,19.76,9600
OFIX,20160526,44.37,44.75,43.85,44.13,78800
OFLX,20160526,34.35,35.4,32.51,34.08,1700
OFS,20160526,13.31,13.66,13.31,13.6,43800
OIIM,20160526,1.41,1.45,1.4,1.4,8300
OLED,20160526,66,68.17,65.01,67.91,1021100
OLLI,20160526,23.81,25.73,23.81,25.33,604200
OMAB,20160526,45.29,45.29,44.87,45.07,18700
OMCL,20160526,31.23,31.35,30.8,30.96,53700
OMER,20160526,11.49,11.55,11.12,11.3,138000
OMEX,20160526,2.58,2.7,2.47,2.68,52800
ON,20160526,9.52,9.67,9.4,9.51,2386700
ONB,20160526,13.2,13.23,13.05,13.08,858700
ONCS,20160526,16.4,16.4,16,16.2,74100
ONEQ,20160526,193.61,193.61,192.61,193.08,14400
ONTX,20160526,63,63,60,63,105500
OPGN,20160526,625,655,580,610,1000
OPHC,20160526,3.77,4,3.52,4,2400
OPOF,20160526,19.5,19.5,19.38,19.38,900
ORLY,20160526,264.18,267.75,263.66,264.12,769000
ORMP,20160526,8.84,9.03,8.74,8.97,93200
ORRF,20160526,19.93,19.95,19.42,19.5,37000
OSBC,20160526,7.01,7.11,6.99,7.1,24900
OSIS,20160526,51.2,52.14,50.97,51.81,114900
OSTK,20160526,17.49,17.49,16.91,16.97,103000
OSUR,20160526,7.31,7.38,7.2,7.34,685000
OTEX,20160526,28.925,29.23,28.845,29.145,257000
OTIC,20160526,14.46,14.66,14.05,14.21,160000
OTTR,20160526,29.31,29.56,29.31,29.41,42400
OVBC,20160526,21.78,22.48,21.77,22.48,9200
OVLY,20160526,9.6,9.6,9.55,9.55,1500
OXBR,20160526,5.05,5.05,5.05,5.05,500
OXBRW,20160526,0.36,0.36,0.36,0.36,0
OXLC,20160526,9.15,9.15,8.58,8.86,501200
OXLCO,20160526,25.1,25.29,25,25.2,307800
PAAS,20160526,14.49,14.64,14.17,14.26,2576700
PACB,20160526,9.26,9.35,8.82,8.86,1401200
PACW,20160526,41.69,41.88,41.08,41.19,737600
PAHC,20160526,19.41,19.48,19.13,19.17,173000
PANL,20160526,2.25,2.26,2.24,2.25,10400
PATI,20160526,21,21,21,21,700
PATK,20160526,35.3,35.44,34.94,35.12,62700
PAYX,20160526,53.56,54.05,53.49,53.97,2108300
PBCT,20160526,15.81,15.82,15.61,15.66,2811800
PBHC,20160526,11.51,11.51,11.5,11.5,1200
PBIP,20160526,14.86,15.19,14.86,15.01,2600
PBPB,20160526,12.99,13.15,12.95,13.02,179600
PCAR,20160526,55.43,55.85,55.25,55.47,1730500
PCH,20160526,34.69,34.81,34.2,34.29,123700
PCOM,20160526,9.33,9.54,9.1,9.54,23800
PCRX,20160526,43.38,44.06,42.7,43.7,757300
PCTI,20160526,4.54,4.56,4.45,4.47,32800
PCTY,20160526,35.9,36.4,35.55,36.05,117400
PCYG,20160526,9.52,9.85,9.52,9.69,40800
PCYO,20160526,4.44,4.61,4.44,4.52,9000
PDBC,20160526,17.21,17.21,17.05,17.1,169000
PDCE,20160526,59.09,60.3,58.65,59.57,918100
PDCO,20160526,45.6,48.77,45.4,48.19,3585100
PDEX,20160526,3.87,4.08,3.84,4.02,34300
PDFS,20160526,13.79,14.24,13.78,14,80000
PEBK,20160526,19.25,19.25,19.25,19.25,0
PEBO,20160526,21.76,21.76,21.44,21.55,14900
PEGA,20160526,26.15,26.23,25.81,26.1,255300
PENN,20160526,14.95,15.02,14.63,14.82,442100
PERI,20160526,3.84,3.96,3.78,3.9,39800
PESI,20160526,4.38,4.41,4.25,4.38,24700
PETS,20160526,18.73,18.8,18.56,18.72,150800
PFBC,20160526,32.6,32.73,32.51,32.68,16100
PFIE,20160526,1.02,1.02,1,1.02,22000
PFIN,20160526,8.68,8.68,8.5,8.5,700
PFIS,20160526,37.21,37.23,36.61,36.84,2100
PFLT,20160526,12.1,12.27,11.9,12.15,103100
PFMT,20160526,1.74,1.74,1.7,1.74,4400
PFSW,20160526,13.18,13.25,12.99,13.11,79000
PGC,20160526,18.75,19.01,18.73,18.94,21200
PINC,20160526,31.08,31.22,30.76,30.82,119700
PIRS,20160526,1.82,1.84,1.78,1.81,17400
PKBK,20160526,11.7545,11.8909,11.7273,11.8636,3800
PKOH,20160526,29.61,30.04,29.17,29.73,46700
PLAB,20160526,9.31,9.48,9.31,9.45,252000
PLAY,20160526,38.6,39.33,38.48,39.09,284700
PLBC,20160526,9.37,9.5,9.19,9.5,11200
PLCE,20160526,72.14,72.51,71.39,71.72,521000
PLPC,20160526,43.95,43.95,42.47,42.9,3600
PLSE,20160526,4.11,4.4,4.11,4.3,33200
PLUG,20160526,1.78,1.82,1.78,1.79,810200
PLUS,20160526,44.445,44.68,41.52,42.815,201400
PLXS,20160526,42.95,43.75,42.95,43.52,116200
PMD,20160526,13.54,13.71,13.01,13.66,5100
PME,20160526,1.25,1.26,1.25,1.25,5400
PMTS,20160526,20.75,20.85,20.05,20.15,247400
PNBK,20160526,14.25,14.25,13.96,14,1300
PNFP,20160526,50.02,50.09,49.33,49.36,144200
PNNT,20160526,6.51,6.59,6.42,6.45,372400
PNQI,20160526,77.46,77.61,77.27,77.61,12500
PNRG,20160526,58.64,58.64,58.64,58.64,100
PODD,20160526,30.11,30.41,29.22,29.5,1570300
POOL,20160526,90.99,91.99,89.65,91.4,245700
POWI,20160526,24.56,24.89,24.54,24.63,105100
POWL,20160526,36.21,36.59,35.65,35.81,72600
PPBI,20160526,24.39,24.59,24.26,24.36,73400
PPC,20160526,24.32,25.32,24.32,25.12,1629000
PPH,20160526,58.59,58.72,58.36,58.59,38900
PPSI,20160526,5.17,5.35,5.17,5.33,1300
PRAA,20160526,27.17,27.49,26.51,26.55,452000
PRFT,20160526,20.75,20.78,20.59,20.64,54900
PRFZ,20160526,97.26,97.44,96.64,96.78,23100
PRGS,20160526,26.11,26.25,25.99,26.11,88600
PRIM,20160526,22.17,22.3,21.81,21.83,105600
PROV,20160526,18.1,18.18,18.07,18.08,6300
PRPH,20160526,1.45,1.45,1.37,1.45,5900
PRQR,20160526,4.6,4.69,4.34,4.55,18200
PRTA,20160526,48.03,48.03,43.93,46.06,419800
PRTK,20160526,14.25,15.75,14.25,15.29,178600
PRTS,20160526,3.44,3.44,3.38,3.39,94100
PSCC,20160526,62.96,63.22,62.63,62.91,6400
PSCD,20160526,46.67,46.86,46.61,46.79,8500
PSCE,20160526,15.99,16,15.47,15.51,16200
PSCF,20160526,42.59,42.59,42.36,42.47,8500
PSCH,20160526,69.5,69.5,68.78,68.86,8800
PSCI,20160526,45.69,45.69,45.47,45.67,1300
PSCM,20160526,34.33,34.33,34.33,34.33,300
PSCT,20160526,55.08,55.54,55.08,55.37,16100
PSCU,20160526,44.65,45.14,44.65,45.02,12200
PSEC,20160526,7.57,7.57,7.43,7.55,1466400
PSET,20160526,25.66,25.66,25.66,25.66,100
PSMT,20160526,88.37,89.84,87.71,87.81,159400
PSTI,20160526,15.7,15.8,15.6,15.7,26200
PTC,20160526,35.89,36.21,35.57,35.76,618100
PTCT,20160526,8.33,8.35,7.81,7.87,1327200
PTEN,20160526,18.84,18.95,18.56,18.71,3594500
PTNR,20160526,5.12,5.2,5.08,5.13,5000
PTSI,20160526,20.8,21.33,20.57,20.69,30500
PULM,20160526,23.1,23.7,22.1,22.4,2100
PVBC,20160526,7.17,7.17,7.17,7.17,0
PWOD,20160526,28.64,28.64,27.86,28.0133,4000
PXLW,20160526,1.81,1.82,1.73,1.76,54400
PXS,20160526,2.75,2.75,2.29,2.65,4700
PY,20160526,24.43,24.43,24.43,24.43,0
PYPL,20160526,38.71,38.74,38,38.07,5894700
PZZA,20160526,62.68,63.47,62.65,62.67,250700
QABA,20160526,39.95,39.95,39.37,39.42,18600
QADA,20160526,19.15,19.4,19.01,19.04,21400
QADB,20160526,15.9,15.9,15.9,15.9,500
QAT,20160526,18.3,18.56,18.3,18.48,800
QCLN,20160526,14.69,14.69,14.56,14.62,4800
QCOM,20160526,55.97,56.14,55.51,55.74,7020900
QCRH,20160526,26.93,27.09,26.59,26.83,22100
QDEL,20160526,16.51,16.62,16.25,16.28,66000
QIWI,20160526,12.62,12.78,12.38,12.78,289700
QLYS,20160526,30.35,30.88,30,30.76,296800
QNST,20160526,3.45,3.56,3.43,3.55,83800
QQEW,20160526,42.36,42.47,42.28,42.4,43300
QQQ,20160526,109.35,109.7,109.09,109.56,21885800
QQQX,20160526,18.16,18.26,18.1,18.26,70800
QQXT,20160526,39.37,39.46,39.32,39.4,11900
QRHC,20160526,3.2,3.36,3.04,3.04,18500
QRVO,20160526,50.73,51.04,50.21,50.53,786600
QTEC,20160526,43.23,43.47,43.23,43.41,203900
QTNT,20160526,10.6,11.1,9.63,10.74,35700
QUIK,20160526,13.86,14.14,13.72,14.14,167500
QUMU,20160526,3.76,3.84,3.64,3.64,19400
QURE,20160526,12.45,12.5,12.1,12.27,242500
QYLD,20160526,21.85,21.85,21.71,21.78,3600
RADA,20160526,0.88,0.88,0.76,0.84,148000
RAIL,20160526,14.89,15.23,14.49,14.49,111000
RAND,20160526,37.35,37.35,37.35,37.35,0
RARE,20160526,68.39,70.86,67.27,69.53,483600
RAVE,20160526,4.2,4.2,4.11,4.15,53800
RAVN,20160526,19.56,19.87,19.36,19.64,193700
RBCAA,20160526,27.55,28.02,27.51,27.91,22600
RBCN,20160526,6.9,7,6.7,6.7,29100
RCII,20160526,12.93,12.96,12.63,12.64,515900
RCKY,20160526,11.24,11.38,11.21,11.24,19700
RCMT,20160526,5.37,5.41,5.31,5.4,6200
RCON,20160526,6.25,6.35,4.3,5.8,44700
RDCM,20160526,12.66,12.66,12.11,12.35,126000
RDHL,20160526,10.96,11.11,10.85,10.98,9100
RDI,20160526,13.04,13.04,12.51,12.51,45100
RDNT,20160526,5.29,5.29,5.12,5.15,100300
RDUS,20160526,34.51,34.91,33.16,33.65,648600
RDVY,20160526,20.98,20.98,20.92,20.95,2200
RDWR,20160526,11.51,11.7,11.34,11.66,433400
REFR,20160526,3.97,4.03,3.92,3.99,24000
REGI,20160526,9.4,9.51,8.34,8.62,5307100
REGN,20160526,393.49,394.9,388.08,393.54,733300
RELL,20160526,5.13,5.23,5.13,5.22,3300
RELY,20160526,6.94,6.94,6.73,6.83,115100
REPH,20160526,7.67,8.21,7.56,8.11,23700
RESN,20160526,3.98,3.99,3.82,3.9,18800
RETA,20160526,11.06,14,11.03,13.07,2045900
RFDI,20160526,51.88,51.88,51.86,51.86,28400
RFEU,20160526,52.06,52.06,52.03,52.03,1200
RFIL,20160526,2.36,2.36,2.22,2.29,17900
RGCO,20160526,15.7267,15.7267,15.7267,15.7267,200
RGEN,20160526,24.55,24.55,23.66,23.67,180300
RGLD,20160526,56.32,57.38,55.08,55.85,518300
RGLS,20160526,70.68,70.92,69.12,69.24,391500
RGNX,20160526,12.34,12.48,11.96,12.21,54900
RIBT,20160526,1.57,1.57,1.47,1.49,4400
RICK,20160526,11,11,10.83,10.98,9500
RIGL,20160526,2.56,2.56,2.46,2.49,399000
RILY,20160526,9.96,9.99,9.9,9.9,5300
RKDA,20160526,30.4,32.2,30.4,31.2,26600
RMBS,20160526,11.82,11.89,11.75,11.87,278100
RMCF,20160526,9.99,10.15,9.95,10.08,7900
RMR,20160526,29.58,29.94,29.51,29.57,46900
RMTI,20160526,9.27,9.5,9.05,9.27,165700
RNST,20160526,34.13,34.51,34.06,34.29,81300
RNWK,20160526,4.24,4.27,4.21,4.21,8300
ROCK,20160526,30.48,30.48,29.17,29.28,117900
ROIC,20160526,20.04,20.16,19.97,20.12,254500
ROLL,20160526,72.93,79.75,72.93,74.98,277900
ROST,20160526,53.71,54.44,53.54,53.88,2568300
RPD,20160526,12.21,12.55,12.07,12.52,85800
RPRX,20160526,1.96,2,1.91,1.97,360700
RRGB,20160526,50.75,51.47,50.42,51.19,311500
RRR,20160526,19.93,19.95,19.7,19.84,420100
RUN,20160526,6.3,6.44,6.26,6.36,386200
RUSHA,20160526,14.4,14.6067,14.1667,14.46,144700
RUSHB,20160526,13.86,14.0067,13.7333,13.8933,10300
RUTH,20160526,16.78,17.03,16.72,16.73,224500
RVNC,20160526,19.64,19.65,19.36,19.58,151900
RVSB,20160526,4.82,4.85,4.8,4.81,4500
RWLK,20160526,218.25,218.25,213.25,215.5,45500
RXDX,20160526,6.89,6.91,6.65,6.66,152100
RYAAY,20160526,84.97,85.85,84.69,85.8,532100
SABR,20160526,28.02,28.24,27.69,28.11,1151200
SAFM,20160526,91.47,93.9,87.32,92.55,1127700
SAFT,20160526,59.64,59.92,58.74,59.84,39400
SAGE,20160526,31.68,32.12,30.37,31.41,320000
SAIA,20160526,26.76,26.76,25.64,25.93,145300
SAL,20160526,29.75,31.04,29.75,31.04,1400
SALM,20160526,6.7,6.77,6.41,6.46,23100
SAMG,20160526,12,12.48,11.65,12.36,8900
SANM,20160526,25.93,26.28,25.79,26.09,667700
SANW,20160526,4.39,4.46,4.33,4.36,40900
SASR,20160526,28.99,29.13,28.74,28.78,23900
SATS,20160526,33.0119,33.0931,32.2156,32.695,97100
SBAC,20160526,98.34,99.01,97.9,98.7,694700
SBCF,20160526,16.79,16.94,16.77,16.85,57500
SBFG,20160526,10.83,11.19,10.73,10.99,14700
SBGI,20160526,30.67,31.3,30.43,31.14,786700
SBLK,20160526,4,4.1,3.75,3.75,114500
SBNY,20160526,138.72,138.72,136.19,136.22,434300
SBRA,20160526,20.1,20.3,20.01,20.09,137000
SBSI,20160526,29.98,29.98,29.05,29.12,69400
SBUX,20160526,55.55,55.87,54.95,55.29,9451700
SCHL,20160526,38.58,39.03,38.53,38.93,81200
SCHN,20160526,16.9,17.19,16.41,16.64,371900
SCOR,20160526,29.67,30.48,29.42,30.27,205400
SCSC,20160526,38.72,38.96,38.65,38.74,293800
SCVL,20160526,22.53,23.07,22.5,22.57,113500
SCWX,20160526,13.82,13.93,13.36,13.63,102500
SCYX,20160526,33,34.4,32.6,33,10100
SCZ,20160526,51.43,51.51,51.21,51.31,437600
SEAC,20160526,3.55,3.59,3.38,3.5,113100
SEDG,20160526,21.17,21.5,21.03,21.42,656600
SEED,20160526,16.9,17.2,16.2,16.7,275900
SEIC,20160526,50.93,51.03,50.64,50.85,673000
SELF,20160526,4.81,5,4.81,5,39900
SENEA,20160526,32.05,32.38,31.89,32,29500
SENEB,20160526,33,33,33,33,0
SEV,20160526,9.59,9.59,9.59,9.59,200
SFBC,20160526,23.63,23.63,23.63,23.63,300
SFM,20160526,24.97,25.6,24.89,25.16,1513600
SFNC,20160526,23.755,23.8,23.545,23.585,69100
SFST,20160526,25.75,25.75,25.58,25.58,3000
SGC,20160526,18.03,18.19,17.62,17.92,15400
SGEN,20160526,40.34,40.35,39.39,39.59,600100
SGMA,20160526,5.74,5.74,5.74,5.74,100
SGMO,20160526,6.75,6.75,6.51,6.54,472200
SGMS,20160526,9.17,9.33,8.83,9.08,457700
SGOC,20160526,3.96,4.15,3.96,4.14,8200
SGRP,20160526,0.99,0.99,0.99,0.99,0
SGRY,20160526,14.21,14.21,13.5,13.64,180300
SHBI,20160526,11,11.44,10.23,11.23,18100
SHEN,20160526,31.34,31.54,31.07,31.33,194700
SHIP,20160526,549.6,549.6,549.6,549.6,0
SHOO,20160526,21.86,22.2067,21.8267,22.1267,310200
SHY,20160526,84.85,84.89,84.83,84.87,1253100
SIEB,20160526,1.2,1.2,1.2,1.2,0
SIEN,20160526,6.29,6.38,5.69,5.74,509900
SIFY,20160526,1.15,1.16,1.13,1.15,31800
SIGI,20160526,37.04,37.34,36.09,36.78,90000
SILC,20160526,26.88,27.2,26.64,27.2,17800
SIMO,20160526,42.33,43.76,42.28,43.29,340100
SINO,20160526,3.15,3.45,3.1,3.45,4800
SIRI,20160526,4,4.02,3.96,3.98,24885300
SIVB,20160526,107.79,108.62,105.81,106.94,469200
SKOR,20160526,51.19,51.36,51.19,51.36,900
SKYW,20160526,24.34,24.34,23.31,23.58,570100
SKYY,20160526,30.74,30.86,30.67,30.8,43800
SLAB,20160526,48.75,49.3,48.29,48.69,152000
SLGN,20160526,25.445,25.855,25.205,25.405,302100
SLM,20160526,6.54,6.82,6.52,6.7,6614200
SLMBP,20160526,46.25,49.45,46.25,48.51,7600
SLP,20160526,7.85,7.98,7.8,7.9,28300
SLQD,20160526,50.63,50.68,50.57,50.59,65200
SLRC,20160526,18.3,18.53,18.3,18.47,71700
SLVO,20160526,9.83,9.83,9.66,9.71,102900
SMBC,20160526,24.34,24.71,24.3,24.37,5000
SMBK,20160526,16.2,16.2,16.2,16.2,0
SMCI,20160526,25.85,26,25.6,25.79,294900
SMCP,20160526,21.43,21.47,21.43,21.43,12700
SMED,20160526,4.25,4.28,4.15,4.21,76400
SMIT,20160526,2.29,2.29,2.18,2.18,3500
SMLR,20160526,1.95,1.95,1.85,1.85,3800
SMMF,20160526,18.05,18.09,16.94,17.92,14600
SMMT,20160526,8.22,8.22,8.22,8.22,1000
SMSI,20160526,2.8,2.84,2.6,2.72,17300
SMTC,20160526,22.36,22.63,22.24,22.49,242100
SNCR,20160526,35.64,35.96,34.72,35.57,231000
SNDX,20160526,13.54,14.15,13.16,14.08,112900
SNFCA,20160526,4.65,4.65,4.41,4.55,3700
SNPS,20160526,51.16,51.68,51.04,51.34,727900
SOCL,20160526,19.37,19.38,19.3,19.34,7900
SOHO,20160526,5.03,5.04,5,5.01,35300
SOHU,20160526,40.42,40.49,39.9,40.02,270900
SOXX,20160526,93.66,94.05,93.43,93.83,304000
SP,20160526,22.3,22.54,22.21,22.25,19600
SPCB,20160526,3.47,3.59,3.4,3.59,42000
SPI,20160526,5,5.28,4.85,5.01,85600
SPLK,20160526,54.62,55.21,53.75,54.93,3253800
SPNE,20160526,9.91,10.64,9.83,10.39,70000
SPNS,20160526,11.88,11.98,11.81,11.92,58300
SPOK,20160526,16.86,17.06,16.75,16.89,34000
SPPI,20160526,7.52,7.62,7.41,7.44,825600
SPSC,20160526,53.25,54.51,53.17,53.54,253300
SPTN,20160526,28.38,28.5,25.29,27.14,413000
SPWH,20160526,8.88,8.94,8.73,8.79,557000
SPWR,20160526,17.6,17.6,16.82,17.1,1829300
SQQQ,20160526,1444.8,1455.2,1431.2,1436.8,4643500
SRCE,20160526,33.88,33.98,33.62,33.76,17700
SRCL,20160526,95.88,98.92,95.88,98.34,982100
SRDX,20160526,23.08,23.14,22.48,22.64,42900
SRET,20160526,14.33,14.43,14.25,14.27,9000
SREV,20160526,3.74,3.8,3.7,3.71,188600
SRNE,20160526,6.65,6.68,6.36,6.36,165200
SRPT,20160526,23.16,24.28,21.85,22.2,8478700
SSB,20160526,72.05,72.6,71.75,71.97,52200
SSBI,20160526,13.86,13.99,13.85,13.85,1700
SSKN,20160526,3.55,3.65,3.45,3.65,23300
SSNC,20160526,61.27,61.71,60.75,61.1,297900
SSYS,20160526,22.86,23.3,22.34,22.77,793600
STAA,20160526,5.65,5.7,5.42,5.45,91900
STAF,20160526,9.9,10.15,9.9,9.95,4800
STBA,20160526,25.91,25.91,25.45,25.58,32500
STFC,20160526,20.99,21.18,20.53,20.64,15000
STKL,20160526,3.54,3.88,3.5,3.82,2858300
STKS,20160526,2.4,2.44,2.36,2.36,4300
STLD,20160526,24.99,25.39,24.65,24.74,3642600
STRA,20160526,45.96,46.98,45.63,46.67,113600
STRL,20160526,4.95,4.98,4.83,4.94,92700
STRM,20160526,1.23,1.24,1.2,1.23,41700
STRS,20160526,22.94,22.98,22.65,22.8,2000
STRT,20160526,47.6,47.6,46,46.19,21900
STX,20160526,21.43,21.66,21.16,21.55,5244300
SUMR,20160526,14.4,14.4,13.86,13.86,8800
SUNS,20160526,15.47,15.69,15.45,15.59,14000
SUNW,20160526,14.84,15.75,14.77,15.68,141400
SUPN,20160526,19.05,19.27,18.57,18.78,479200
SVBI,20160526,5.79,5.82,5.79,5.79,2700
SVVC,20160526,7.42,7.5,7.42,7.46,6200
SWIR,20160526,19.97,20.25,19.73,19.92,291300
SWKS,20160526,66,66.8,65.89,66.17,1699600
SYBT,20160526,28.1933,28.5933,28.1933,28.46,9200
SYNA,20160526,65.21,67.47,65.21,66.93,461100
SYNL,20160526,7.65,7.75,7.44,7.47,6700
SYPR,20160526,0.98,0.98,0.95,0.98,2900
TACO,20160526,9.38,9.51,9.14,9.42,205300
TACT,20160526,7.51,7.62,7.48,7.5,4500
TAIT,20160526,1.02,1.02,1.02,1.02,0
TANH,20160526,3.48,3.85,3.26,3.79,31700
TAST,20160526,12.1,12.28,12.06,12.1,201600
TATT,20160526,6.95,7.05,6.95,6.95,700
TAYD,20160526,16.5,16.5,16.41,16.45,4100
TBBK,20160526,6.99,7,6.77,6.81,103000
TBK,20160526,15.73,16.05,15.61,15.89,34700
TBNK,20160526,26.68,26.68,26,26.22,32200
TBPH,20160526,22.04,22.5,21.86,22.3,354500
TCBI,20160526,50.89,51.22,49.49,50.28,432700
TCBK,20160526,27.9,27.9,27.66,27.77,36200
TCFC,20160526,21.93,21.93,21.52,21.69,1400
TCON,20160526,64,67,62.3,65.3,36900
TCPC,20160526,14.55,14.58,14.41,14.46,120200
TCX,20160526,24,24,23.15,23.3,33400
TDIV,20160526,26.39,26.5,26.3,26.46,119300
TEAM,20160526,22.99,23.26,22.66,22.91,292300
TECH,20160526,106.99,108.01,106.33,107.16,155400
TEDU,20160526,10.09,10.5,10.09,10.38,106800
TENX,20160526,51,51,49.2,49.8,30600
TESS,20160526,13.3,13.45,13.02,13.02,10500
TFSL,20160526,18.44,18.44,18.02,18.26,101100
TGA,20160526,1.77,1.78,1.74,1.78,45600
TGLS,20160526,11.65,11.91,10.89,11.03,75100
TGTX,20160526,7.79,7.79,7.15,7.22,920000
THFF,20160526,36.53,36.53,36,36.23,10500
THRM,20160526,36.7,37.06,36.5,36.72,309900
TIL,20160526,3.1,3.28,3.1,3.11,700
TILE,20160526,16.77,17.07,16.49,16.77,463000
TIPT,20160526,5.85,5.91,5.79,5.79,12900
TITN,20160526,10.98,11.18,10.51,10.57,192400
TLT,20160526,129.81,130.45,129.8,130.04,5419300
TMUS,20160526,41.91,42.72,41.74,42.63,3565500
TNDM,20160526,7.06,7.36,6.83,6.89,161300
TNXP,20160526,2340,2400,2220,2350,396100
TOPS,20160526,221000,221000,217000,219000,2800
TOUR,20160526,8.51,8.73,8.5,8.59,276600
TOWN,20160526,21.94,21.98,21.87,21.96,76100
TQQQ,20160526,16.9717,17.1183,16.8367,17.0567,1984800
TREE,20160526,77.99,80.2,76.89,79.52,380400
TRIB,20160526,11.23,11.28,11.01,11.14,52900
TRIL,20160526,11.01,11.22,10.53,10.66,26000
TRIP,20160526,66.84,67.35,65.8,66.6,1001300
TRMB,20160526,24.68,24.98,24.68,24.86,1251000
TRMK,20160526,24.98,24.98,24.66,24.71,298300
TRNS,20160526,10,10.25,9.8,9.8,2600
TROW,20160526,77.21,77.5,76.63,76.66,723800
TRS,20160526,17.43,17.67,17.15,17.2,135100
TRST,20160526,6.59,6.59,6.47,6.54,188200
TRUE,20160526,7.26,7.26,7.09,7.2,222300
TRVN,20160526,7.02,7.22,6.91,7.1,415800
TSBK,20160526,14.87,15,14.87,15,2100
TSC,20160526,12.78,13.15,12.75,12.99,49600
TSCO,20160526,95.57,96.07,94.24,95.74,719300
TSEM,20160526,12.72,12.78,12.56,12.69,160700
TSLA,20160526,44.1,45.052,43.81,45.024,4072400
TSRI,20160526,3.8,3.8,3.8,3.8,100
TTEC,20160526,26.93,27,26.62,26.87,66100
TTEK,20160526,29.04,29.15,28.81,28.88,147400
TTGT,20160526,7.98,7.98,7.85,7.93,44500
TTMI,20160526,7.44,7.49,7.39,7.47,260400
TTNP,20160526,42.6,44.7,41.7,42.42,1697400
TTOO,20160526,8.52,8.6,8.44,8.44,26300
TTWO,20160526,38.34,38.72,37.87,38.65,1304400
TUSA,20160526,24.92,24.92,24.92,24.92,300
TWIN,20160526,9.44,9.6,9.44,9.52,36000
TWOU,20160526,27.32,27.6,27.1,27.46,353500
TXN,20160526,60.35,60.82,60.15,60.77,3367000
TXRH,20160526,44.3,44.8,44.3,44.52,413800
TZOO,20160526,8.11,8.18,8.02,8.11,14700
UAE,20160526,16.46,16.55,16.46,16.55,300
UBCP,20160526,9.7,9.7,9.7,9.7,1400
UBFO,20160526,5.51,5.51,5.5,5.5,2400
UBND,20160526,48.09,48.09,48.09,48.09,0
UBOH,20160526,18.2,18.2,18.2,18.2,1600
UBSI,20160526,39.87,39.87,39.34,39.42,143400
UCBI,20160526,20.27,20.29,20.03,20.08,532500
UCTT,20160526,5.67,5.96,5.67,5.93,101800
UEIC,20160526,64.06,65.21,64.06,64.99,74900
UEPS,20160526,10.88,10.95,10.69,10.74,141200
UFCS,20160526,41.49,41.99,41.19,41.41,62600
UFPI,20160526,84.01,84.98,82.63,83.79,117300
UFPT,20160526,21.26,21.35,20.91,21.11,26900
UG,20160526,17.51,17.64,17.3,17.39,7500
UHAL,20160526,363.41,377,357.92,373.93,130800
UIHC,20160526,17.85,18.22,17.85,17.98,70000
ULBI,20160526,4.23,4.32,4.06,4.23,10100
ULH,20160526,13.35,14.11,13.35,13.85,8600
ULTA,20160526,214,214.44,211.55,213.69,1885800
UMBF,20160526,57.59,57.59,56.91,57.04,193200
UMPQ,20160526,15.95,15.95,15.69,15.73,839900
UNAM,20160526,11.6,11.6,11.6,11.6,0
UNB,20160526,33.29,33.6,32.91,33.51,11600
UNTY,20160526,11.89,11.9,11.78,11.8,8600
UPLD,20160526,7.19,7.44,7.16,7.24,12800
URBN,20160526,28.7,29.3,28.59,28.63,1323800
USAK,20160526,19.81,20.08,19.04,19.47,48300
USAP,20160526,12.27,12.36,11.49,11.6,21700
USEG,20160526,21.6,22.8,21.6,22.8,19900
USLB,20160526,25.73,25.73,25.71,25.73,10400
USLM,20160526,51.93,52.35,51.62,51.62,4800
UTHR,20160526,117.5,118.89,116.87,117.15,441600
UTMD,20160526,65.98,65.99,65,65.48,7200
UTSI,20160526,2.01,2.05,1.91,2.03,70400
UVSP,20160526,19.77,19.99,19.77,19.9,61400
VALU,20160526,16.86,16.86,16.85,16.86,500
VBFC,20160526,23.25,23.25,23.25,23.25,400
VBIV,20160526,3.98,4.15,3.92,3.95,70200
VBLT,20160526,3.56,3.65,3.52,3.65,31900
VBTX,20160526,16.07,16.14,15.56,15.76,14400
VCEL,20160526,2.89,2.92,2.77,2.82,132300
VCIT,20160526,87.11,87.31,87,87.26,716100
VCLT,20160526,90.25,90.47,89.95,90.35,66200
VCSH,20160526,79.96,80.08,79.96,80.07,842000
VCYT,20160526,5.6,5.6,5.35,5.44,25300
VECO,20160526,17.86,17.96,17.07,17.23,277900
VGIT,20160526,65.86,66.01,65.82,65.92,269900
VGLT,20160526,79.92,80.33,79.92,80.22,51400
VGSH,20160526,61.07,61.11,61.06,61.09,357500
VIA,20160526,45.59,46.18,45.24,46.05,46800
VIAV,20160526,6.69,6.86,6.69,6.78,1520000
VICR,20160526,10.07,10.07,9.42,10.06,64600
VIGI,20160526,55,55.15,54.86,55.05,19000
VIRC,20160526,3.79,3.82,3.72,3.81,800
VIRT,20160526,17.49,17.68,17.25,17.55,302000
VIVO,20160526,19.22,19.34,19.13,19.22,146100
VKTX,20160526,1.27,1.34,1.26,1.28,173200
VLGEA,20160526,26.91,27.11,26.45,26.91,12500
VMBS,20160526,53.47,53.49,53.42,53.43,480400
VNDA,20160526,9.74,9.75,9.47,9.49,809400
VNET,20160526,13.07,14.21,13.07,13.77,2065300
VNOM,20160526,19.41,20.25,19.41,19.7,40100
VNQI,20160526,53.94,53.94,53.72,53.87,370600
VOD,20160526,34.35,34.68,34.28,34.49,3395900
VONE,20160526,96.06,96.06,95.81,95.91,22900
VONG,20160526,103,103.07,102.79,102.92,16500
VONV,20160526,89.47,89.61,89.21,89.32,26400
VOXX,20160526,3.23,3.24,3.09,3.16,70500
VRA,20160526,15.86,16.1,15.35,15.42,347500
VRAY,20160526,4.67,4.8,4.64,4.8,28400
VRNS,20160526,23.54,23.97,23.28,23.83,109800
VRNT,20160526,33.34,33.8,33.06,33.24,954800
VRSK,20160526,79,79.28,78.68,78.98,324700
VRSN,20160526,84.69,85.23,84.1,84.76,502500
VRTS,20160526,80.98,81.83,79.47,80.95,74200
VRTX,20160526,89.05,89.93,87.24,89.19,1325300
VSAT,20160526,69.42,70.43,68.71,69.61,645000
VSEC,20160526,33.445,33.445,32.88,32.895,3400
VSTM,20160526,1.53,1.53,1.4,1.42,449800
VTGN,20160526,3.98,3.98,3.85,3.85,2100
VTHR,20160526,95.71,95.71,95.43,95.52,2600
VTIP,20160526,49.06,49.1,49.03,49.06,170400
VTNR,20160526,1.44,1.45,1.35,1.42,10300
VTVT,20160526,5.67,5.8,5.5,5.74,20700
VTWG,20160526,98.41,98.69,98.21,98.46,1800
VTWO,20160526,91.11,91.33,90.74,90.93,39300
VTWV,20160526,83.49,83.55,83.23,83.32,4100
VUZI,20160526,5.86,6.06,5.56,5.77,228700
VWOB,20160526,77.78,77.82,77.52,77.52,168300
VXUS,20160526,45.64,45.76,45.52,45.66,738100
VYGR,20160526,12.79,13.17,12.64,12.78,78400
VYMI,20160526,55.29,55.36,55.2,55.2,12600
WABC,20160526,48.52,48.52,47.71,47.91,71200
WAFD,20160526,25.14,25.14,24.74,24.77,380500
WASH,20160526,38.38,38.38,37.47,38.09,22900
WATT,20160526,10.4,10.47,10.15,10.34,361400
WB,20160526,24.26,24.45,23.57,23.65,772100
WBA,20160526,77.46,77.53,76.74,76.78,3719500
WDAY,20160526,77.87,78.93,77.82,78,1255900
WDC,20160526,44.01,45.09,43.22,44.38,8142100
WDFC,20160526,110.29,111.89,110.02,111.74,100600
WEN,20160526,10.37,10.48,10.3,10.31,2763800
WERN,20160526,24.26,24.57,23.96,24.41,506500
WETF,20160526,11.97,11.98,11.73,11.91,1867000
WEYS,20160526,27.25,27.4,26.97,27.09,4500
WHF,20160526,10.35,10.39,10.21,10.21,17000
WHLM,20160526,6.71,6.71,6.71,6.71,100
WHLR,20160526,12.16,12.16,11.92,12.16,43300
WHLRP,20160526,20.78,20.78,20.78,20.78,100
WILC,20160526,3.67,3.8,3.67,3.8,6800
WINA,20160526,95.44,97.28,95.44,97.28,1700
WING,20160526,26.63,27.89,26.63,27.64,209300
WINT,20160526,2.72,2.75,2.49,2.52,14500
WIRE,20160526,38.83,39.14,38.02,38.1,61200
WIX,20160526,26.06,26.4,26.06,26.24,109300
WKHS,20160526,7.2,7.2,6.82,7.18,20000
WLDN,20160526,10,10.17,9.98,10.03,17700
WLFC,20160526,24.63,24.84,22.52,24.66,16000
WLTW,20160526,126.36,126.98,125.42,126.61,627500
WOOD,20160526,48.33,48.4,48.1,48.32,5400
WOOF,20160526,64.71,65.22,64.26,64.53,549600
WPRT,20160526,2.24,2.25,2.01,2.02,177700
WRLD,20160526,43.19,43.65,41.76,41.88,138200
WSBC,20160526,32.81,32.9,32.36,32.38,116200
WSBF,20160526,14.36,14.47,14.34,14.46,42700
WSFS,20160526,35.49,35.74,35.03,35.3,140500
WSTG,20160526,17.13,17.3,17.13,17.15,7400
WTBA,20160526,19.04,19.13,18.62,18.64,8400
WTFC,20160526,53,53,52.26,52.46,166000
WTFCM,20160526,28.07,28.27,27.97,28.15,6300
WVE,20160526,17.59,17.59,14.78,15.08,302100
WVFC,20160526,11.6,11.6,11.6,11.6,0
WVVI,20160526,7.18,7.22,7.15,7.19,2200
WWD,20160526,57.38,58,56.95,57.14,348200
WYNN,20160526,97.45,97.45,93.81,94.62,1975000
XBIT,20160526,14,14.3,13.6,14.02,203800
XELB,20160526,6.03,6.25,5.85,6.23,4100
XENE,20160526,6.59,6.8,6.21,6.78,40200
XENT,20160526,12.94,12.99,12.06,12.6,289000
XLNX,20160526,47.14,47.31,46.73,47.11,2522900
XLRN,20160526,34.72,34.79,34.16,34.35,370500
XNCR,20160526,13.58,13.67,13.4,13.54,83900
XNET,20160526,6.05,6.1,5.98,6.07,68000
XOMA,20160526,14.2,14.4,13.8,13.8,344200
XONE,20160526,10.73,11.09,10.67,10.88,206200
XRAY,20160526,61.67,61.99,61.45,61.72,1070800
XTLB,20160526,5.05,5.1,5,5.1,2200
YNDX,20160526,19.96,20.37,19.77,19.85,1355900
YORW,20160526,27.3,27.87,27.02,27.65,33700
YY,20160526,43.5,43.55,42.59,42.94,524100
Z,20160526,28.45,28.72,27.77,28.33,835400
ZBRA,20160526,51.78,52.06,51.33,51.85,452100
ZEUS,20160526,24.44,24.61,23.61,23.75,136000
ZG,20160526,29.01,29.3,28.35,28.78,418000
ZGNX,20160526,10.15,10.15,9.74,10,68000
ZION,20160526,28.22,28.26,27.77,27.84,2513000
ZIOP,20160526,7.15,7.2,6.94,7.06,1405900
ZIXI,20160526,3.95,4.02,3.95,4.01,117500
ZNGA,20160526,2.58,2.63,2.58,2.61,6688000
ZSAN,20160526,36,36,36,36,500
ZUMZ,20160526,14.25,14.82,14.15,14.4,368000
ZYNE,20160526,7.96,8.12,7.42,7.59,226300
