AAL,20160531,31.75,31.97,31.33,31.91,9618700
AAME,20160531,3.56,3.69,3.56,3.68,3300
AAOI,20160531,10.35,10.76,10.3,10.55,419900
AAON,20160531,27.94,27.94,27.13,27.44,292100
AAPL,20160531,24.9,25.1,24.705,24.965,42307200
AAWW,20160531,44.14,44.89,43.57,43.84,325000
AAXJ,20160531,53.21,53.45,53.05,53.31,661200
ABCB,20160531,32.24,32.24,31.7,31.83,150500
ABEO,20160531,3.32,3.35,2.91,2.92,210300
ABIO,20160531,59.76,61.74,59.4,60.48,5800
ABMD,20160531,99.22,100.71,98.83,99.31,466600
ABTX,20160531,24.14,24.17,22.56,23.88,20800
ABUS,20160531,4.15,4.2,4.04,4.14,108800
ACAD,20160531,36.21,36.4,35.22,35.43,2884600
ACBI,20160531,14.05,14.36,14.05,14.22,25100
ACET,20160531,22.44,22.67,21.91,22.31,176900
ACGL,20160531,24.0833,24.22,23.9233,24.22,896500
ACHC,20160531,58.36,58.98,58.07,58.87,574400
ACIW,20160531,20.46,20.77,20.46,20.66,397800
ACLS,20160531,10.76,10.8,10.36,10.8,376300
ACNB,20160531,24.53,24.82,23.6,24.09,19200
ACOR,20160531,27.42,28.91,27.31,28.45,723300
ACRS,20160531,19.8,20.74,19.05,19.98,156000
ACRX,20160531,3.49,3.57,3.41,3.46,171300
ACST,20160531,12.24,13.04,12,12,8800
ACTG,20160531,5.27,5.37,5.04,5.16,981400
ACWI,20160531,57.27,57.35,56.85,57,1429900
ACWX,20160531,40.27,40.35,39.9,39.99,464800
ADAP,20160531,9.81,10.36,9.8,10.29,130700
ADBE,20160531,100.14,100.56,99.35,99.47,3480400
ADI,20160531,58.43,58.61,58.04,58.5,1348200
ADMA,20160531,7.53,7.8,7.35,7.75,60000
ADMP,20160531,8.98,8.98,8.6,8.67,187900
ADMS,20160531,16.53,17,16.53,16.82,139700
ADP,20160531,88.37,88.37,87.33,87.84,2035400
ADRE,20160531,30.61,30.61,30.37,30.44,4100
ADSK,20160531,59.6,59.67,57.74,58.27,3000800
ADTN,20160531,19.27,19.48,19.15,19.45,229000
ADUS,20160531,19.77,20.24,19.63,20,92600
ADVM,20160531,4.54,4.69,4.48,4.52,144800
ADXS,20160531,136.2,140.4,135.9,138.9,781200
AEHR,20160531,1.01,1.1,1,1.01,9500
AEIS,20160531,38,38.22,37.69,38.17,318100
AEMD,20160531,76.2,76.35,71.4,76.2,15800
AERI,20160531,17.3,17.95,16.41,17.87,274000
AEY,20160531,1.74,1.74,1.74,1.74,400
AEZS,20160531,3.47,3.59,3.39,3.41,109200
AFMD,20160531,3.4,3.61,3.37,3.56,126000
AGEN,20160531,4.1,4.3,4.05,4.22,1332600
AGFS,20160531,4.93,5.25,4.91,5.02,101600
AGIO,20160531,53.92,56.48,53.92,55.95,734200
AGLE,20160531,7.25,7.6,6.85,7.5,34500
AGNC,20160531,18.89,18.97,18.78,18.89,4142000
AGNCP,20160531,26.06,26.23,26.02,26.13,28600
AGRX,20160531,8.03,8.27,7.88,8,42800
AGTC,20160531,16.62,17.25,16.62,17.2,62600
AGYS,20160531,11.78,11.85,11.31,11.73,38100
AGZD,20160531,47.85,47.85,47.85,47.85,0
AHPI,20160531,0.6,0.64,0.6,0.64,23400
AIA,20160531,42.65,42.82,42.52,42.81,36500
AIMC,20160531,27.35,27.53,26.86,27.04,103400
AINV,20160531,15.81,15.96,15.69,15.69,912900
AIQ,20160531,7.12,7.46,7.12,7.25,37100
AIRR,20160531,18.26,18.26,18.26,18.26,100
AIRT,20160531,24.11,25.7,24.11,24.51,3500
AKAM,20160531,54.42,54.78,54.18,54.58,1261000
AKBA,20160531,8.81,9.1,8.75,8.91,290200
AKTX,20160531,15.37,15.5,14.95,15.1,6500
ALCO,20160531,29.54,30.95,29.54,30.45,44900
ALDX,20160531,6.1,6.19,5.81,5.81,74400
ALGN,20160531,79.18,79.79,78.72,78.83,789800
ALGT,20160531,140.05,140.92,137.18,139.02,185900
ALIM,20160531,1.6,1.62,1.54,1.54,719900
ALJJ,20160531,4.15,4.17,4.11,4.17,19400
ALKS,20160531,46.38,47.9,45.99,46.41,1471800
ALLT,20160531,4.83,5.14,4.79,5,890800
ALNY,20160531,68.28,73.68,68.21,71.72,1344700
ALOT,20160531,14.45,14.6,14.44,14.44,1000
ALRM,20160531,20.95,21.41,20.86,21.2,237600
ALTY,20160531,14.69,14.72,14.67,14.67,400
AMAT,20160531,24.32,24.47,24.1,24.42,18801400
AMBA,20160531,41.26,41.5,40.46,41.34,943700
AMCX,20160531,63.49,64.2,63.17,63.94,634900
AMD,20160531,4.67,4.71,4.5,4.57,25379100
AMED,20160531,50.73,51.08,50.06,50.87,231200
AMGN,20160531,157.42,158.43,156.86,157.95,3204300
AMKR,20160531,6.41,6.42,6.22,6.31,987700
AMNB,20160531,27.33,27.33,26.93,27.11,10300
AMOT,20160531,22.28,22.89,22.01,22.78,63700
AMPH,20160531,15.75,15.93,15.68,15.73,364600
AMRK,20160531,15.91,16.2,15.63,15.98,28000
AMRN,20160531,1.88,2.13,1.87,2.08,5437600
AMRS,20160531,9.3,9.6,8.25,8.55,1756100
AMSC,20160531,10.19,10.22,9.25,9.77,258300
AMSF,20160531,60.98,61.09,60.34,60.73,112200
AMSWA,20160531,9.63,9.68,9.57,9.64,32700
AMTX,20160531,2.54,2.62,2.37,2.62,8300
AMWD,20160531,82,82,80.49,80.76,149700
AMZN,20160531,712.33,724.23,711.32,722.79,3618300
ANAT,20160531,119.84,120.01,118.24,119.51,43400
ANDE,20160531,36.5,36.5,35.16,35.78,160500
ANGI,20160531,8.75,8.82,8.61,8.8,234100
ANGO,20160531,12.13,12.16,11.85,12.01,143700
ANIK,20160531,47.62,47.92,46.79,47.32,131000
ANIP,20160531,53.01,54.66,52.63,54.15,242400
ANSS,20160531,89.26,90.13,88.88,89.1,3363200
ANY,20160531,1.05,1.05,1.01,1.02,130400
AOSL,20160531,13.71,13.84,13.61,13.69,72900
APDN,20160531,112.4,118.4,112,117.2,54900
APEI,20160531,28.42,28.64,27.99,28.26,142200
APOG,20160531,46.23,46.49,45.07,45.22,377500
APPF,20160531,13.81,14,13.8,14,29600
APPS,20160531,1.06,1.1,1.03,1.04,304400
APTO,20160531,2.67,2.74,2.63,2.69,6000
APWC,20160531,2.49,2.5,2.46,2.5,500
AQMS,20160531,11.65,11.68,10.83,11.5,112200
ARAY,20160531,5.39,5.56,5.39,5.45,351200
ARCB,20160531,17.17,17.54,17.07,17.23,226500
ARCC,20160531,14.95,14.96,14.79,14.84,2178800
ARDX,20160531,8.96,9.23,8.86,9.15,128100
ARKR,20160531,20,20.19,20,20.19,1400
ARLP,20160531,14.44,14.87,14.4,14.65,185900
ARNA,20160531,17.5,18.2,17.4,18.1,1371500
AROW,20160531,28.93,29.15,28.93,29.06,14300
ARRY,20160531,3.67,3.96,3.66,3.77,3319300
ARTNA,20160531,28.76,28.76,28.02,28.2,22200
ARTW,20160531,3,3.05,3,3.05,1000
ARWR,20160531,5.93,6.24,5.83,6.13,462300
ASET,20160531,25.91,25.91,25.91,25.91,100
ASMB,20160531,5.42,5.75,5.21,5.71,26700
ASML,20160531,100.05,100.24,99.34,99.98,509600
ASND,20160531,14,14.03,13.58,13.74,212900
ASPS,20160531,28.26,28.35,27.74,27.93,188600
ASRV,20160531,3.15,3.23,3.12,3.21,7100
ASTC,20160531,1.63,1.8,1.63,1.74,27000
ASTE,20160531,53.36,53.99,53.03,53.34,111300
ASUR,20160531,4.98,4.98,4.95,4.95,800
ASYS,20160531,6.83,7.04,6.69,7,24500
ATAI,20160531,4.99,5.05,4.89,4.95,5800
ATAX,20160531,5.38,5.42,5.34,5.35,77500
ATEC,20160531,2.52,2.52,2.28,2.52,59600
ATHX,20160531,2.29,2.39,2.29,2.3,491300
ATLC,20160531,2.94,2.94,2.94,2.94,1000
ATLO,20160531,25.03,25.29,25.03,25.16,3300
ATNI,20160531,73.85,74.85,73.37,74.49,73100
ATOS,20160531,55.8,64.8,55.8,61.2,677900
ATRA,20160531,17.75,18.28,17.56,18.11,190300
ATRC,20160531,14.96,15.05,14.43,14.49,321100
ATRI,20160531,389,392.73,389,392.73,3400
ATRO,20160531,38.18,38.93,37.97,38.5,100800
ATRS,20160531,0.93,0.99,0.9,0.97,522500
ATSG,20160531,12.9,12.98,12.65,12.65,242600
ATVI,20160531,39.54,39.69,39.13,39.26,8466700
AUBN,20160531,29.12,29.95,29,29.79,9500
AUDC,20160531,3.88,3.92,3.8,3.8,74100
AUPH,20160531,2.56,2.97,2.51,2.97,68800
AVAV,20160531,29.39,29.39,28.64,28.81,101400
AVEO,20160531,9.5,9.6,9.3,9.6,180800
AVGO,20160531,154,154.95,153.3,154.36,3205800
AVGR,20160531,4536,4588,4328,4508,63500
AVHI,20160531,12.42,12.7,12.15,12.56,28400
AVID,20160531,5.9,5.97,5.89,5.95,363900
AVIR,20160531,1.41,1.48,1.41,1.47,18500
AVNW,20160531,6.96,7.44,6.84,6.84,64400
AVXL,20160531,4.41,4.49,4.36,4.44,199700
AWRE,20160531,4.12,4.21,4.07,4.14,18400
AXDX,20160531,12.58,12.95,12.36,12.71,155400
AXGN,20160531,5.6,5.69,5.5,5.56,36100
AXSM,20160531,7.99,8.21,7.28,7.85,90600
AXTI,20160531,3.45,3.69,3.44,3.56,444200
AZPN,20160531,37.97,38.36,37.93,38.12,796100
BANF,20160531,63.15,63.2,61.84,62.72,22500
BANFP,20160531,27.89,27.89,27.89,27.89,700
BANR,20160531,44.75,44.81,43.3,44.49,179600
BANX,20160531,16.73,17.18,16.7,16.82,10000
BATRA,20160531,15.84,15.84,15.47,15.56,268100
BATRK,20160531,15.1,15.24,14.88,15,748400
BBBY,20160531,44.69,45.04,44.49,44.75,2066300
BBGI,20160531,4.77,4.78,4.66,4.7,7600
BBH,20160531,109.76,110.93,109.76,110.47,107500
BBSI,20160531,36.72,38.51,36.06,37.36,212300
BCBP,20160531,10.53,10.53,10.36,10.48,10200
BCLI,20160531,2.28,2.28,2.19,2.22,40000
BCOR,20160531,8.99,9.03,8.88,8.98,362900
BCOV,20160531,6.57,6.83,6.5,6.7,356300
BCPC,20160531,60.21,60.25,59.54,59.95,144000
BCRX,20160531,3.4,3.46,3.33,3.39,608800
BDSI,20160531,2.13,2.38,2.12,2.25,1444300
BEAT,20160531,17.13,17.68,17.04,17.42,722600
BECN,20160531,43.38,43.38,42.83,43.15,512200
BELFA,20160531,15.52,15.52,15.29,15.29,300
BELFB,20160531,17.93,18.1,17.68,18.08,58000
BFIN,20160531,12.75,12.76,12.67,12.71,139800
BFIT,20160531,14.9,14.9,14.9,14.9,0
BGCP,20160531,9.19,9.33,9.13,9.29,1953000
BGFV,20160531,8.58,8.6,8.31,8.38,271400
BGNE,20160531,27.47,28.45,27.47,28.25,58800
BHACU,20160531,10.14,10.14,10.14,10.14,0
BIB,20160531,45.54,46.8,45.54,46.32,915800
BICK,20160531,19.77,19.81,19.77,19.81,400
BIDU,20160531,185.15,185.51,176.61,178.54,24063000
BIIB,20160531,262.5167,268.6236,262.2035,266.8735,2146400
BIOC,20160531,19.5,19.8,18.6,18.9,390600
BIOL,20160531,5.85,5.95,5.8,5.8,24000
BIS,20160531,36.5,36.64,35.72,36.05,219700
BJRI,20160531,44.48,45.24,43.51,44.8,376000
BKCC,20160531,7.69,7.95,7.64,7.72,554100
BKEP,20160531,5.13,5.2,5,5.01,104800
BKEPP,20160531,6.87,7.04,6.8,6.83,93200
BKSC,20160531,15.86,16,15.76,15.81,1900
BLBD,20160531,11.14,11.21,10.83,10.95,31700
BLCM,20160531,113.6,119.8,112,116.7,306500
BLDP,20160531,1.37,1.39,1.36,1.38,207300
BLFS,20160531,1.61,1.61,1.57,1.58,4400
BLIN,20160531,37,38,37,37.5,38700
BLKB,20160531,62.09,62.87,61.7,62.67,282300
BLMN,20160531,19.2,19.2,18.94,19.05,795100
BLPH,20160531,18,19.5,17.25,18.9,39800
BLRX,20160531,13.8,14.55,13.8,14.25,129400
BLUE,20160531,44.63,45.96,44.62,45.25,731300
BMRC,20160531,25.19,25.5,24.74,25.415,19900
BMRN,20160531,89.35,91.25,88.94,89.65,1377200
BMTC,20160531,29.48,29.48,29.16,29.24,53600
BNDX,20160531,54.61,54.76,54.6,54.69,700600
BNFT,20160531,37,37.55,36.42,36.71,161700
BNSO,20160531,1.32,1.36,1.3,1.36,10300
BNTC,20160531,14.1,15.8,13.8,14.4,27700
BOKF,20160531,63.55,64.41,60.75,63.74,279000
BOOM,20160531,10.4,10.57,10.08,10.51,50200
BOSC,20160531,2.33,4.85,2.33,4.07,21015500
BOTJ,20160531,12.2,12.5,12,12.5,2400
BPMC,20160531,18.3,19.1,18.17,18.99,151000
BPOP,20160531,31.5,31.53,31.16,31.34,371000
BPOPM,20160531,21.9,21.9,21.9,21.9,700
BPOPN,20160531,22.29,22.3,21.95,22.23,10400
BPTH,20160531,546,562,540,542,113600
BRID,20160531,12.75,12.75,12.75,12.75,300
BRKL,20160531,11.6,11.64,11.52,11.63,286800
BRKR,20160531,26.28,26.67,26.28,26.4,766900
BRKS,20160531,11,11.1,10.85,10.98,409900
BSET,20160531,28.1,28.1,27.8,27.91,86300
BSQR,20160531,5.41,5.41,5.27,5.3,43800
BSRR,20160531,17.51,17.51,17.2,17.27,12600
BUSE,20160531,21.91,22.19,21.74,22.19,375100
BVXV,20160531,3.6,3.6,3.6,3.6,3000
BWEN,20160531,3.84,3.95,3.84,3.92,58900
BWFG,20160531,21.69,21.77,21.37,21.51,10600
BYFC,20160531,1.83,1.87,1.83,1.86,1200
BZUN,20160531,6.04,6.45,6,6.42,438800
CAAS,20160531,3.93,4.1,3.93,3.96,21100
CAC,20160531,43,43.05,42.37,43.02,35000
CACC,20160531,187.36,189.5,185.68,187.34,94700
CAKE,20160531,50.25,50.25,49.53,49.87,314100
CALA,20160531,5,5.4,5,5.24,95800
CALM,20160531,45.59,45.72,44.11,44.5,753900
CAMP,20160531,14.99,15.12,14.88,15.03,517500
CAMT,20160531,1.9,1.94,1.87,1.91,68100
CAPR,20160531,31.1,31.9,29.8,31.9,22800
CAR,20160531,28.97,30.07,28.77,30,2815600
CARA,20160531,6.39,6.68,6.31,6.46,1530300
CARV,20160531,3.9,3.97,3.5,3.52,14900
CARZ,20160531,33.01,33.15,32.9,32.99,2500
CASH,20160531,16.7867,16.7867,16.4467,16.6167,89000
CASI,20160531,1.22,1.25,1.22,1.25,3500
CASS,20160531,48.56,48.56,47.66,48.05,50000
CASY,20160531,120.62,120.62,119.35,120.21,401500
CATH,20160531,25.32,25.32,25.15,25.22,8100
CATY,20160531,30.93,30.97,30.65,30.82,458700
CBAN,20160531,9.66,9.66,9.66,9.66,0
CBAY,20160531,2.52,2.7,2.35,2.44,1056400
CBFV,20160531,22.16,22.16,21.81,22.12,2700
CBIO,20160531,24.9,27.3,22.95,23.1,51000
CBNK,20160531,18.32,18.38,18.27,18.38,3500
CBRL,20160531,153.43,153.97,150.72,151.48,771500
CBSH,20160531,49.23,49.29,48.77,48.93,413100
CCBG,20160531,15.45,15.5,15.27,15.5,13400
CCD,20160531,17.76,17.78,17.59,17.68,117000
CCLP,20160531,9,9.31,8.92,9.19,42500
CCMP,20160531,42.64,43.17,42.5,43.14,234200
CCNE,20160531,17.71,17.89,17.7,17.85,23500
CCOI,20160531,39.9,40.03,39.54,39.82,440600
CCRN,20160531,13.54,13.73,13.32,13.62,247900
CCXI,20160531,5.19,5.69,5.18,5.39,3504800
CDC,20160531,37.99,38.05,37.78,37.97,26600
CDK,20160531,55.2,55.46,54.99,55.3,930300
CDL,20160531,36.96,36.96,36.81,36.83,12800
CDNA,20160531,4.45,4.53,4.32,4.44,5900
CDNS,20160531,25.08,25.25,24.68,24.72,21211500
CDTX,20160531,12,12.39,11.5,11.82,99000
CDW,20160531,42.09,42.6,41.78,42.56,2421900
CDXC,20160531,5.09,5.24,5.02,5.22,121900
CDXS,20160531,4.05,4.05,3.78,3.8,68700
CDZI,20160531,6.27,6.28,6.05,6.09,25600
CECE,20160531,8.02,8.3,7.77,8.15,337900
CEMI,20160531,8.68,8.8,8.33,8.59,36300
CENT,20160531,18.58,18.9,18.5,18.68,124200
CENTA,20160531,18.19,18.38,18.09,18.23,137100
CENX,20160531,6.63,6.87,6.37,6.46,2222300
CERE,20160531,0.24,0.24,0.22,0.22,396200
CERN,20160531,55.5,55.94,55.3,55.61,2196200
CERS,20160531,5.51,5.61,5.49,5.56,1554700
CETX,20160531,16.4,16.72,16.24,16.48,92000
CEVA,20160531,27.5,27.71,26.95,27.04,166000
CFA,20160531,37.61,37.62,37.4,37.55,3100
CFBK,20160531,7.645,7.7,7.645,7.7,15200
CFFI,20160531,43.7,44,43.7,43.9,4400
CFFN,20160531,13.59,13.61,13.52,13.58,453500
CFMS,20160531,7.33,7.66,7.33,7.51,383400
CFO,20160531,37.61,37.61,37.42,37.48,6700
CFRX,20160531,31.9,33,30,30.5,63300
CG,20160531,16.29,16.5,15.94,16.06,343300
CGEN,20160531,6.9,6.99,6.85,6.96,58000
CGNT,20160531,0.85,0.86,0.71,0.71,1259100
CGNX,20160531,21.555,21.78,21.445,21.535,327000
CGO,20160531,11.1,11.12,11.06,11.09,13000
CHCI,20160531,1.89,1.94,1.88,1.88,3200
CHCO,20160531,49.32,49.37,48.07,49.16,71400
CHDN,20160531,42.7867,42.7867,41.61,41.8367,93000
CHEF,20160531,15.79,15.79,15.18,15.18,139300
CHEK,20160531,22.8,23.16,21.84,21.84,1700
CHI,20160531,9.63,9.71,9.63,9.69,181300
CHKP,20160531,83.49,85.03,82.65,84.97,7987900
CHMG,20160531,32.2,32.28,31,31.76,4700
CHNR,20160531,1.51,1.56,1.51,1.56,4400
CHRS,20160531,18.16,19.18,17.83,18.65,717000
CHRW,20160531,75.41,75.78,74.36,74.98,4326700
CHSCL,20160531,28.44,28.44,28.23,28.37,57200
CHSCM,20160531,27.2,27.43,27.18,27.4,22900
CHSCN,20160531,28.62,28.95,28.36,28.95,24400
CHSCO,20160531,28.74,28.79,28.7,28.79,33700
CHSCP,20160531,31.75,32.2,31.75,32.2,23100
CHTR,20160531,220.06,220.98,216.1,218.94,3566100
CHUY,20160531,33.33,33.33,32.78,32.95,99100
CHW,20160531,7.08,7.11,7.02,7.05,192700
CHY,20160531,10.3,10.36,10.3,10.35,129800
CIBR,20160531,17.21,17.42,17.21,17.41,36700
CID,20160531,32.54,32.54,32.12,32.29,1700
CIDM,20160531,1.39,1.47,1.39,1.42,12900
CIGI,20160531,39.44,39.58,39.14,39.23,16600
CIL,20160531,33.74,33.76,33.74,33.76,1200
CINF,20160531,69.51,69.73,68.54,69.1,974400
CIVB,20160531,11.5,11.71,11.5,11.62,3900
CIZ,20160531,30.67,30.67,30.4,30.47,7300
CIZN,20160531,22.06,22.06,22.06,22.06,0
CJJD,20160531,1.62,1.64,1.59,1.62,31300
CLBS,20160531,5.3,5.4,5.1,5.4,226600
CLDX,20160531,66,68.85,65.7,68.7,2868300
CLFD,20160531,17.83,18.24,17.78,18.11,51900
CLIR,20160531,3.95,4.05,3.85,4.04,48900
CLLS,20160531,32.14,32.94,31.99,32.78,125300
CLMT,20160531,4.1,4.5,4.06,4.38,1342700
CLNE,20160531,3.15,3.33,3.15,3.25,2185400
CLRB,20160531,33.2,35.2,31.2,32.5,1331700
CLRO,20160531,10.99,11.15,10.95,11.03,5100
CLSN,20160531,1.43,1.46,1.34,1.35,80300
CLVS,20160531,16.8,17.21,16.32,16.83,689100
CLWT,20160531,1.2867,1.2867,1.2867,1.2867,0
CMCO,20160531,15.12,15.17,14.67,14.98,72500
CMCSA,20160531,31.41,31.695,31.25,31.65,11921300
CMCT,20160531,18.41,18.44,18.25,18.25,2100
CME,20160531,98.62,99,97.54,97.89,2152500
CMLS,20160531,2.56,2.72,2.48,2.56,608700
CMPR,20160531,100.17,100.92,99.88,100.17,235400
CMRX,20160531,4.8,5,4.8,4.9,799300
CMTL,20160531,23.46,23.46,22.89,23.04,66700
CNBKA,20160531,42.34,42.72,42,42.72,1300
CNCE,20160531,13.53,13.65,13.26,13.31,65700
CNCR,20160531,23.37,23.9,23.37,23.7,17700
CNET,20160531,0.51,0.54,0.5,0.51,34600
CNFR,20160531,6.43,6.97,6.43,6.66,20600
CNOB,20160531,16.32,16.32,15.76,15.84,53200
CNSL,20160531,24.54,24.72,24.27,24.58,374900
CNTY,20160531,5.74,5.75,5.55,5.7,81000
COHR,20160531,96.04,96.1,94.1,94.62,147500
COHU,20160531,11.93,12,11.76,11.8,76000
COKE,20160531,128.32,128.32,123.5,123.5,163300
COLB,20160531,30.49,30.8,30.14,30.47,542300
COLL,20160531,16.75,16.82,16.29,16.72,277300
COLM,20160531,53.43,53.43,52.89,53.17,190100
COMM,20160531,31.08,31.27,30.92,31.15,1064300
COMT,20160531,32.1,32.27,31.85,31.9,13400
CONE,20160531,49.76,50.38,49.16,49.31,711000
CONN,20160531,11.31,11.36,11.01,11.11,461800
COOL,20160531,5.4,5.46,5.1,5.1,20700
CORT,20160531,5.61,6,5.5,5.95,1364900
COST,20160531,149.57,149.88,147.63,148.77,3738800
COWN,20160531,3.33,3.39,3.33,3.35,1051800
COWNL,20160531,26.96,27.66,25.71,26.09,8300
CPHC,20160531,10.54,10.58,10.54,10.58,500
CPIX,20160531,4.69,4.69,4.55,4.55,2000
CPLP,20160531,2.78,3.06,2.77,2.94,1728700
CPRT,20160531,24.625,24.95,24.365,24.755,948200
CPRX,20160531,0.62,0.64,0.59,0.62,291700
CPSH,20160531,1.8,1.95,1.8,1.95,11200
CPSI,20160531,42.09,42.53,40.58,41.35,269500
CPSS,20160531,3.93,4.1,3.82,3.91,67400
CRAI,20160531,23.82,24.05,23.42,23.56,180200
CRBP,20160531,2.94,3.3,2.92,3.26,396500
CREG,20160531,21,21.2,19.3,21,31800
CRESY,20160531,11.86,12.42,11.86,12.36,350700
CRIS,20160531,8.4,9,8.35,8.75,390000
CRMT,20160531,24.04,24.29,23.46,23.78,151500
CRNT,20160531,1.7,1.76,1.7,1.74,417300
CROX,20160531,9.84,9.98,9.76,9.84,611000
CRTO,20160531,44.39,44.89,43.69,44.87,596500
CRUS,20160531,36.01,36.06,35.37,36,967100
CRVL,20160531,48.48,48.87,48.01,48.14,44200
CRVS,20160531,14.5,14.5,13.85,14.05,10400
CRWS,20160531,9.46,9.55,9.36,9.42,11900
CSA,20160531,34.38,34.38,34.38,34.38,0
CSB,20160531,35.46,35.46,35.36,35.36,400
CSBR,20160531,3.31,3.31,3.31,3.31,0
CSCO,20160531,28.8,29.08,28.76,29.05,28606200
CSF,20160531,33.93,33.94,33.66,33.79,3100
CSGP,20160531,206.27,207.61,204.83,206.59,230300
CSGS,20160531,42.69,42.99,42.16,42.51,208800
CSII,20160531,17.21,17.45,16.44,16.89,289800
CSIQ,20160531,18.62,18.9,18.45,18.68,1475100
CSPI,20160531,7.8,7.8,7.62,7.72,10600
CSQ,20160531,9.95,9.97,9.93,9.94,235600
CSTE,20160531,38.39,39.61,38.17,39.47,1096600
CSWC,20160531,14.05,14.05,13.87,13.87,13400
CSWI,20160531,34.15,34.5,33.1,33.44,149800
CSX,20160531,26,26.56,25.92,26.43,8628300
CTAS,20160531,94.94,95.49,94.27,94.8,3653800
CTBI,20160531,36.07,36.26,35.92,36.08,36800
CTG,20160531,5.32,5.33,5.21,5.29,11200
CTHR,20160531,1.03,1.05,1.03,1.03,1300
CTIB,20160531,6.68,6.68,6.68,6.68,0
CTIC,20160531,4.6,4.6,4.4,4.5,1947500
CTMX,20160531,10.43,11.06,10.43,10.8,256800
CTRE,20160531,13.28,13.42,13.16,13.39,859500
CTRN,20160531,16.14,16.17,15.41,15.55,74900
CTSH,20160531,62.6,62.63,61.26,61.44,4503700
CTSO,20160531,4.2,4.41,4.11,4.29,128400
CTXS,20160531,68.2484,68.3121,67.2452,67.6115,1341500
CUBA,20160531,6.47,6.5,6.31,6.49,33200
CUTR,20160531,10.54,10.91,10.45,10.48,30400
CVBF,20160531,17.45,17.64,17.44,17.55,462000
CVCO,20160531,100.22,102.53,97.37,99.32,147500
CVCY,20160531,14.1,14.1,13.55,13.74,11900
CVGI,20160531,3.5,3.8,3.4,3.7,522300
CVGW,20160531,57.3,57.37,56.15,56.61,108900
CVLT,20160531,45.46,45.55,44.88,45.28,378100
CVLY,20160531,21.73,21.73,21.19,21.41,18800
CVV,20160531,7.1,7.15,7.01,7.04,8000
CWBC,20160531,7.35,7.5,7.34,7.5,7000
CWCO,20160531,13.6,13.6,13.3,13.41,36700
CWST,20160531,7.17,7.28,7.07,7.18,81400
CXDC,20160531,3.87,3.9,3.7,3.77,14900
CXSE,20160531,22.97,23.2,22.97,23,6500
CYAD,20160531,53.05,54.76,53.05,53.66,2100
CYAN,20160531,5.29,5.29,4.95,4.95,4100
CYBE,20160531,17.02,17.11,16.75,16.89,39300
CYBR,20160531,43.86,45.52,43.84,45.42,1105300
CYCC,20160531,86.2,90.2,81,87,35500
CYCCP,20160531,4.6,4.6,4.6,4.6,0
CYRN,20160531,2,2,1.98,1.99,17100
CYRX,20160531,1.77,1.85,1.6,1.84,34600
CYTK,20160531,8.16,8.27,8.02,8.15,260700
CZNC,20160531,20.29,20.41,20.21,20.28,13900
CZR,20160531,7.39,7.49,7.25,7.33,529800
CZWI,20160531,9.62,9.98,9.61,9.79,16800
DAIO,20160531,2.51,2.55,2.48,2.54,15600
DAKT,20160531,8,8.15,7.89,7.97,242800
DAX,20160531,24.47,24.53,24.31,24.31,1100
DBVT,20160531,33.9,34.04,33.26,33.53,66300
DCOM,20160531,18.64,18.64,18.35,18.36,138700
DCTH,20160531,4.96,5.28,4.8,4.8,90200
DENN,20160531,10.84,10.98,10.56,10.73,672100
DERM,20160531,31.35,31.97,31.18,31.74,272000
DGICA,20160531,16.16,16.24,16,16.19,58700
DGICB,20160531,14,14,14,14,0
DGII,20160531,11.09,11.15,10.85,11.04,111300
DGLY,20160531,3.6,3.75,3.6,3.65,46800
DGRE,20160531,20.67,20.68,20.57,20.64,6100
DGRS,20160531,28.18,28.3,28.05,28.11,5300
DGRW,20160531,31.45,31.45,31.23,31.37,77900
DHIL,20160531,180.44,181.79,180,180.26,7700
DIOD,20160531,19.23,19.38,19.13,19.26,183800
DISCA,20160531,27.69,27.97,27.52,27.85,3184400
DISCB,20160531,27.45,27.45,27.45,27.45,0
DISCK,20160531,26.47,26.84,26.34,26.77,3396000
DISH,20160531,48.84,49.97,48.4,49.9,2618500
DJCO,20160531,195.53,197.3,195.53,197.3,500
DLHC,20160531,4.26,4.26,3.88,4.2,10100
DLTH,20160531,26.79,27,25.63,26.5,230300
DLTR,20160531,89.39,90.86,88.71,90.54,5592200
DMLP,20160531,13.18,13.45,12.73,12.99,67800
DMRC,20160531,27.54,28.14,27.42,27.66,42800
DORM,20160531,55.22,55.67,54.56,55.21,215200
DOX,20160531,57.96,58.16,57.83,57.99,894000
DRIO,20160531,4.92,5.21,4.87,5.02,2800
DRNA,20160531,3.78,3.8,3.54,3.72,166900
DRRX,20160531,1.21,1.23,1.17,1.17,2432700
DSGX,20160531,21.09,21.09,20.76,20.94,26900
DSPG,20160531,10.18,10.62,10.05,10.47,197300
DSWL,20160531,1.56,1.57,1.54,1.54,17300
DTEA,20160531,11.92,11.95,11.77,11.81,9800
DVAX,20160531,15.98,16.64,15.9,16.59,748700
DWAT,20160531,9.97,9.97,9.97,9.97,0
DWSN,20160531,6.33,7.29,6.33,7.22,109300
DXCM,20160531,65.25,65.29,63.59,64.49,859500
DXGE,20160531,26.64,26.65,26.44,26.53,144000
DXJS,20160531,31.7,31.74,31.44,31.49,10200
DXLG,20160531,4.78,4.78,4.64,4.68,200100
DXPE,20160531,13.42,13.94,13.16,13.88,223900
DXYN,20160531,3.36,3.46,3.24,3.39,21900
DYNT,20160531,2.74,2.74,2.7,2.7,2100
EA,20160531,75.98,76.82,75.7,76.75,4700100
EAC,20160531,0.79,0.81,0.74,0.75,80700
EBAY,20160531,24.29,24.62,24.24,24.46,11426400
EBIX,20160531,46.28,46.98,45.21,45.23,286900
EBMT,20160531,12.55,12.58,12.55,12.58,800
EBSB,20160531,14.98,15.02,14.85,15,343500
EBTC,20160531,23.15,23.8,22.68,23.27,5800
ECHO,20160531,22.64,22.99,22.55,22.66,199200
ECOL,20160531,45.73,46.19,44.21,45.31,147000
ECPG,20160531,26.71,27.1,26.45,26.89,211300
EDAP,20160531,3.41,3.55,3.41,3.49,56700
EDIT,20160531,35.22,37.24,35.02,37.09,227500
EDUC,20160531,5.475,5.52,5.15,5.325,35600
EEFT,20160531,80.21,80.48,79.23,79.81,299400
EEMA,20160531,50.57,50.66,50.33,50.63,29200
EFOI,20160531,31.05,32.4,31,31.4,158200
EFSC,20160531,28.88,28.95,28.46,28.6,41400
EGAN,20160531,3.27,3.27,3.08,3.2,2700
EGBN,20160531,50.84,51.49,50.06,51.49,155800
EGLE,20160531,79.8,82.6,75.6,78.4,315900
EGRX,20160531,46.89,47.84,45.92,47.53,229800
EHTH,20160531,13.8,13.91,13.46,13.82,215900
EIGR,20160531,20.77,21.23,20.62,21.11,5900
ELSE,20160531,3.5,3.5,3.5,3.5,0
ELTK,20160531,0.94,0.94,0.93,0.94,52900
EMCB,20160531,68.28,68.28,67.77,68,17600
EMCF,20160531,24.42,24.53,24.42,24.53,700
EMIF,20160531,29.17,29.21,29.05,29.16,1400
EMKR,20160531,5.69,5.79,5.61,5.66,219600
EML,20160531,16.38,16.71,16.38,16.42,8200
ENDP,20160531,15.51,16.05,15.48,15.81,7865600
ENG,20160531,1.11,1.14,1.02,1.08,16400
ENPH,20160531,2.11,2.18,2.08,2.09,240500
ENSG,20160531,19.63,19.94,19.45,19.85,233100
ENTA,20160531,24.39,25,24.21,24.53,268200
ENTG,20160531,14.28,14.34,14.17,14.26,831000
ENZL,20160531,41.83,42.17,41.27,41.97,64000
EPAY,20160531,25.19,25.29,24.93,25.06,230200
EPIX,20160531,62,62,62,62,900
EPZM,20160531,10.99,11.38,10.65,11.06,379000
EQBK,20160531,23.6,23.85,23.02,23.75,15600
EQIX,20160531,368.76,368.89,361.54,362,1151500
ERIC,20160531,7.77,7.78,7.7,7.73,3953500
ERIE,20160531,98.36,98.36,96.86,97.9,62300
ERII,20160531,10.29,10.84,10.2,10.75,986500
ESBK,20160531,19.3,19.75,19.3,19.61,800
ESCA,20160531,11.32,11.44,11.12,11.37,11900
ESEA,20160531,17.36,17.36,15.2,16.48,3500
ESGR,20160531,156.84,156.85,155,155.87,19800
ESLT,20160531,95.5,95.5,94.02,94.02,24100
ESPR,20160531,16.49,17.74,16.47,17.12,359300
ESSA,20160531,13.68,13.73,13.49,13.69,11800
ESXB,20160531,5.16,5.2,5.16,5.2,13700
ETSY,20160531,9.13,9.29,8.86,9.25,1712400
EUFN,20160531,18.99,19.02,18.69,18.73,405300
EVK,20160531,1.75,1.94,1.7,1.86,21900
EVLMC,20160531,100.05,100.05,100.05,100.05,6200
EVLV,20160531,1.48,1.55,1.4,1.53,469800
EVOK,20160531,5.45,5.61,5.28,5.39,36100
EVOL,20160531,5.3,5.32,5.18,5.27,77000
EVSTC,20160531,100.01,100.01,100.01,100.01,5400
EWBC,20160531,39,39.1,38.41,38.6,822500
EWZS,20160531,8.52,8.6,8.3,8.4,10600
EXAS,20160531,6.52,6.67,6.39,6.64,2176000
EXEL,20160531,6.4,6.63,6.37,6.49,5405900
EXLS,20160531,51.86,52.17,51.31,51.8,233500
EXPD,20160531,48.7,49.19,48.31,48.55,5620300
EXPE,20160531,112.36,112.64,109.92,111.24,2063200
EXPO,20160531,26.445,27.19,26.2,26.955,165800
EXTR,20160531,3.7,3.78,3.66,3.69,821500
EYEG,20160531,56.25,57,54.75,56.25,37000
EYES,20160531,30.32,31.84,30.16,31.2,197500
EZPW,20160531,6.84,6.88,6.63,6.78,508300
FAAR,20160531,30,30,30,30,200
FAB,20160531,43.64,43.64,43.51,43.56,2100
FAD,20160531,50.49,50.57,50.38,50.57,7200
FANG,20160531,93,93.77,90.46,90.95,978800
FARM,20160531,28.6,28.6,28.15,28.25,18800
FARO,20160531,35.23,35.6,34.7,35.39,109000
FAST,20160531,23.05,23.18,22.89,23.015,2583000
FATE,20160531,1.59,1.59,1.51,1.53,130900
FB,20160531,119.46,120.1,118.12,118.81,23547500
FBIO,20160531,2.82,2.89,2.74,2.82,78900
FBIZ,20160531,24.73,24.74,24.17,24.73,15600
FBMS,20160531,16.57,16.81,16.57,16.81,700
FBNC,20160531,19.77,19.85,19.49,19.73,51000
FBZ,20160531,10.46,10.64,10.46,10.5,3000
FCA,20160531,18.12,18.31,18.12,18.31,800
FCAP,20160531,31.79,31.79,31.28,31.55,900
FCBC,20160531,22.04,22.15,21.82,21.86,27100
FCCO,20160531,14.46,14.49,14.15,14.49,900
FCCY,20160531,12.28,12.29,12.17,12.17,1600
FCEL,20160531,82.8,93.24,81.96,91.8,1503700
FCFS,20160531,44.17,44.64,43.63,43.69,164900
FCNCA,20160531,257.36,261.4,257.36,259.06,14900
FCVT,20160531,24.56,24.6,24.2,24.2,15000
FDIV,20160531,50.54,50.68,48.81,48.85,3500
FDT,20160531,46.71,46.94,46.5,46.6,12900
FDTS,20160531,32.73,32.73,32.73,32.73,0
FDUS,20160531,15.32,15.32,15.1,15.1,135200
FEIM,20160531,9.75,9.95,9.75,9.89,9100
FELE,20160531,32.97,33.56,32.92,33.38,122300
FEM,20160531,18.21,18.34,18.11,18.18,17900
FEMB,20160531,40.67,40.67,40.53,40.53,200
FEMS,20160531,28.6,28.63,28.3,28.48,10200
FEP,20160531,29.86,29.96,29.55,29.63,111200
FEUZ,20160531,31.94,31.94,31.86,31.94,700
FEX,20160531,45.23,45.25,44.94,45.15,266900
FFBC,20160531,19.83,19.88,19.66,19.77,233500
FFHL,20160531,0.97,0.97,0.97,0.97,200
FFIC,20160531,21.13,21.13,20.75,20.86,46500
FFIN,20160531,16.79,16.8,16.565,16.755,211500
FFIV,20160531,109.09,110.28,108.15,110.2,1099300
FFNW,20160531,13.48,13.51,13.2,13.28,39400
FFWM,20160531,11.265,11.55,11.22,11.475,26600
FGBI,20160531,16.31,16.31,15.99,15.99,3300
FGEN,20160531,18.45,18.85,18.23,18.66,676300
FGM,20160531,36.79,36.85,36.72,36.77,3700
FIBK,20160531,29.3,29.3,28.77,28.97,144400
FISI,20160531,27.59,28.14,27.59,27.96,121500
FISV,20160531,52.735,52.82,52.34,52.665,1391800
FITB,20160531,18.93,19,18.75,18.87,8716100
FITBI,20160531,31.03,31.03,30.76,30.99,24800
FIVE,20160531,41.92,42.09,41.01,41.86,1180000
FIVN,20160531,10.24,10.4,10.04,10.19,615900
FIZZ,20160531,52.76,53.04,51.88,52.08,153200
FJP,20160531,46.74,46.74,46.52,46.68,8900
FKU,20160531,38.83,38.83,38.58,38.69,4300
FLDM,20160531,9.56,9.93,9.52,9.84,191500
FLEX,20160531,12.44,12.5,12.37,12.45,4578300
FLIC,20160531,30.69,30.73,29.94,30.09,260000
FLL,20160531,1.6,1.67,1.54,1.6,32900
FLN,20160531,14.49,14.49,14.49,14.49,100
FLWS,20160531,8.15,8.19,7.94,8.06,374900
FLXN,20160531,15.66,17.87,15.39,17.44,827900
FLXS,20160531,41.82,41.82,40.64,40.9,23100
FMB,20160531,53.35,53.43,53.35,53.43,2600
FMBH,20160531,25.67,25.7,25.01,25.61,3600
FMBI,20160531,18.77,18.8,18.6,18.7,326700
FMNB,20160531,9.5,9.59,9.33,9.46,70000
FNHC,20160531,21.51,21.86,21.4,21.58,46800
FNK,20160531,28.85,28.92,28.85,28.87,3200
FNLC,20160531,20.31,20.31,19.92,20.15,12600
FNWB,20160531,13.3,13.31,13,13.14,30500
FNX,20160531,51.03,51.14,50.72,50.92,39200
FNY,20160531,29.56,29.71,29.5,29.59,19000
FOLD,20160531,7.06,7.2,6.89,7.08,3944600
FONR,20160531,16.1,16.3,15.79,15.92,25400
FORD,20160531,1.24,1.26,1.23,1.24,6800
FORM,20160531,7.43,7.48,7.17,7.17,261100
FORR,20160531,36.88,36.88,35.62,36.81,54300
FORTY,20160531,34,34,31.69,31.69,300
FOSL,20160531,27.8,27.96,27.52,27.87,617400
FOX,20160531,29.23,29.39,29,29.24,2218200
FOXA,20160531,29.09,29.09,28.7,28.88,6662000
FOXF,20160531,16.5,16.65,16.38,16.64,65400
FPA,20160531,26.87,26.89,26.76,26.89,1300
FPXI,20160531,25.92,25.96,25.85,25.9,8500
FRBA,20160531,7.01,7.01,6.99,7,1800
FRBK,20160531,4.42,4.43,4.2,4.27,65700
FRGI,20160531,25.46,25.67,25.03,25.13,308400
FRME,20160531,26.02,26.02,25.7,25.91,116400
FRPH,20160531,30.32,31.05,30.22,30.6,6700
FRPT,20160531,9.89,9.9,9.22,9.26,471000
FRSH,20160531,7.64,7.77,7.32,7.5,290400
FSBW,20160531,24.88,24.88,24.88,24.88,600
FSFG,20160531,35.7,36.29,35.4,36.29,2500
FSLR,20160531,49.92,50.43,49.31,49.65,1644700
FSTR,20160531,11.31,11.75,11.31,11.53,80000
FSV,20160531,47.01,47.28,46.25,47.26,22300
FSZ,20160531,40.36,40.48,40.3,40.35,57400
FTA,20160531,40.77,40.92,40.61,40.86,67200
FTAG,20160531,20.81,20.85,20.81,20.85,400
FTC,20160531,49.28,49.28,48.89,49.13,48900
FTCS,20160531,39.8,39.8,39.45,39.63,21300
FTEK,20160531,1.57,1.6,1.55,1.58,9900
FTGC,20160531,21.1,21.22,20.99,21.04,71200
FTHI,20160531,19.72,19.84,19.72,19.84,700
FTLB,20160531,19.53,19.7,19.53,19.67,800
FTNT,20160531,34.05,34.33,33.85,34.21,2095200
FTRI,20160531,10.48,10.5,10.45,10.5,1000
FTSL,20160531,48.14,48.16,48.07,48.08,52000
FTSM,20160531,59.91,59.92,59.88,59.89,70100
FULT,20160531,14.26,14.28,14.14,14.25,850000
FUNC,20160531,10.5,10.5,10.34,10.34,1300
FUND,20160531,6.27,6.29,6.24,6.24,10900
FV,20160531,22.02,22.17,21.98,22.06,1015900
FVC,20160531,20.55,20.56,20.45,20.51,33900
FWP,20160531,19.73,20.9,19.64,20.37,14300
FWRD,20160531,45.57,45.67,45.25,45.49,443300
FYC,20160531,31.2,31.2,30.98,31.13,14100
FYT,20160531,28.87,28.94,28.71,28.79,6600
FYX,20160531,46.18,46.33,45.95,46.16,33300
GABC,20160531,21.4067,21.4733,21.04,21.46,24500
GAIA,20160531,7.55,7.65,7.55,7.58,113700
GAIN,20160531,7.06,7.09,7,7.02,371400
GAINN,20160531,25.74,25.74,24.75,24.9,2600
GALT,20160531,1.49,1.58,1.45,1.48,93300
GASS,20160531,4.95,4.95,4.66,4.69,33700
GBCI,20160531,27.44,27.47,27.11,27.34,343800
GBDC,20160531,17.47,17.47,17.29,17.35,123100
GBLI,20160531,30,30.38,30,30.12,14900
GBT,20160531,23.41,23.96,23.17,23.92,278200
GCBC,20160531,17.96,18.05,17.6,17.61,15300
GDEN,20160531,12.5,12.99,12.25,12.26,19900
GENC,20160531,9.7933,10.12,9.7667,9.9067,18800
GENE,20160531,9.8,9.8,9.52,9.76,122000
GEOS,20160531,17.57,18.66,17.32,17.33,326900
GERN,20160531,2.86,2.97,2.85,2.96,2371300
GEVO,20160531,148,152,132,140,4812500
GFED,20160531,15.95,15.98,15.95,15.98,900
GGAL,20160531,28.23,28.59,27.68,28.41,262900
GIFI,20160531,6.79,7.16,6.72,6.92,159800
GIGM,20160531,2.7,2.78,2.67,2.7,27800
GIII,20160531,39.05,39.7,38.52,39.12,1042000
GILD,20160531,86.4,87.23,86.05,87.06,12517800
GILT,20160531,4.8,4.85,4.79,4.84,7800
GLAD,20160531,7.19,7.38,7.15,7.25,86600
GLBL,20160531,2.72,2.82,2.7,2.78,1104800
GLBS,20160531,2040,2040,1800,1800,74500
GLBZ,20160531,10.5,10.5,10.5,10.5,300
GLDD,20160531,4.55,4.66,4.36,4.56,92400
GLDI,20160531,10.34,10.34,10.22,10.28,13400
GLMD,20160531,3.9,4.25,3.9,4.19,37500
GLNG,20160531,17.18,18.49,17.14,17.4,1515100
GLPG,20160531,57.55,58.12,57.29,58.07,56600
GLPI,20160531,32.47,32.96,32.15,32.91,2152400
GLRE,20160531,20.52,20.64,20.29,20.34,122300
GLYC,20160531,8.52,8.6,8.05,8.24,66200
GNCA,20160531,32.16,40,31.92,37.6,1554900
GNMA,20160531,50.8,50.89,50.71,50.88,16000
GNTX,20160531,16.08,16.6,16.08,16.58,2051200
GOGL,20160531,4,4.05,3.95,4,250700
GOGO,20160531,11.29,11.47,11.14,11.24,1213700
GOOD,20160531,16.88,16.89,16.54,16.63,135100
GOODN,20160531,25.21,25.22,25.16,25.2,1600
GOODO,20160531,25.33,25.35,25.14,25.16,9200
GOOG,20160531,731.74,739.73,731.26,735.72,2129500
GOOGL,20160531,748.76,753.48,745.57,748.85,2124200
GPACU,20160531,10,10,10,10,500
GPACW,20160531,0.2,0.22,0.2,0.22,7100
GPP,20160531,14.05,14.48,14.05,14.4,112000
GPRE,20160531,18.32,19.12,18.1,18.56,498100
GPRO,20160531,10.27,10.51,10.1,10.27,5931000
GRBK,20160531,7.3,7.33,6.98,7.14,120500
GRFS,20160531,16.11,16.59,16.11,16.53,2073200
GRID,20160531,36.93,36.93,36.28,36.55,5500
GRMN,20160531,41.96,42.59,41.93,42.52,927500
GROW,20160531,1.63,1.69,1.63,1.68,29500
GRPN,20160531,71,73,70.2,70.8,4270100
GRVY,20160531,2.125,2.125,2,2.025,2600
GSBC,20160531,39.56,39.56,38.91,39.23,31300
GSIT,20160531,3.84,4.14,3.84,4,123900
GSM,20160531,9.05,9.21,9.01,9.12,551300
GT,20160531,27.91,28.05,27.79,27.97,3456000
GTIM,20160531,3.2,3.41,3.15,3.38,190500
GURE,20160531,7.5,7.85,7.35,7.6,168900
GWGH,20160531,7.45,8.37,7.45,8.1,7000
GWRS,20160531,7.27,7.35,6.97,7.35,4200
GYRO,20160531,31.39,32.55,30.8,31.92,31000
HA,20160531,41.48,41.5,39.63,40.46,951200
HAFC,20160531,24.19,24.38,24.02,24.34,228800
HAIN,20160531,49.21,49.83,49.03,49.44,876800
HALL,20160531,10.61,10.69,9.56,9.77,116300
HALO,20160531,9.96,10.38,9.89,10.06,2008600
HAS,20160531,87.27,87.64,86.43,87.29,643800
HAYN,20160531,28.71,29.4,28.59,28.82,93400
HBAN,20160531,10.64,10.65,10.43,10.45,10286100
HBANP,20160531,1420.67,1420.67,1363,1363,900
HBCP,20160531,28.11,28.33,27.69,27.73,12500
HBIO,20160531,3.58,3.68,3.54,3.65,355500
HBMD,20160531,13.15,13.15,12.53,13.15,1900
HBNC,20160531,11.1067,11.1067,10.9067,10.9778,17600
HBP,20160531,4.69,4.69,4.51,4.65,44800
HCCI,20160531,11.46,11.98,11.46,11.9,44400
HCKT,20160531,14.74,14.77,14.49,14.62,240900
HCM,20160531,13.27,13.5,12.52,12.52,21100
HCSG,20160531,39.03,39.08,38.66,39,285400
HDSN,20160531,3.44,3.5,3.41,3.46,48400
HEAR,20160531,3.88,4,3.88,3.92,32400
HEES,20160531,19.27,19.88,19.09,19.22,278300
HELE,20160531,99.62,102.83,98.51,102.83,4396000
HERO,20160531,0.99,1.16,0.99,1.14,1800200
HFBL,20160531,21.65,22.55,21.65,22.55,32200
HFWA,20160531,18.29,18.3,17.94,18.26,82400
HGSH,20160531,3.42,3.42,3.3,3.38,3300
HIBB,20160531,35.08,35.39,34.27,34.54,334100
HIFS,20160531,130.75,133.89,130.75,133.89,2100
HIHO,20160531,4.42,4.54,4.42,4.54,1400
HIMX,20160531,9.55,10.04,9.53,9.79,3655600
HLG,20160531,8,8,8,8,500
HLIT,20160531,2.89,2.92,2.82,2.86,340700
HMHC,20160531,17.25,17.28,17.15,17.2,1038300
HMNF,20160531,13.49,14.28,13.49,14.28,1100
HMST,20160531,20.5,20.59,20.39,20.56,246600
HMTV,20160531,10.63,10.96,10.58,10.91,86700
HNNA,20160531,22.4,22.5133,22.0333,22.1733,4700
HNRG,20160531,4.18,4.4,4.18,4.27,39000
HOFT,20160531,24.56,24.86,24.16,24.19,65300
HOLI,20160531,17.35,17.41,16.97,16.99,247600
HOLX,20160531,34.54,34.6,33.97,34.41,3518900
HOMB,20160531,22.02,22.07,21.75,21.975,220200
HOVNP,20160531,4.46,6,4.46,5.99,50900
HQY,20160531,25.73,25.89,25.33,25.81,318100
HRTX,20160531,19.62,21.46,19.26,21.4,781000
HRZN,20160531,12.04,12.07,11.96,12,42600
HSIC,20160531,173.99,174.23,172.29,173.73,1426600
HSII,20160531,18.78,18.8,18.36,18.46,92300
HSKA,20160531,36.57,36.57,35.54,36.27,49300
HSON,20160531,22,22.5,21.5,22,42100
HSTM,20160531,23.49,23.66,23.25,23.49,131700
HTBI,20160531,18.88,19.06,18.66,19.06,152000
HTBK,20160531,10.71,10.79,10.61,10.76,31500
HTBX,20160531,7,7.1,6.7,7,436200
HTGM,20160531,2.7,3.09,2.7,2.89,26700
HTHT,20160531,8.37,8.4875,8.29,8.4775,332200
HTLD,20160531,18.4,18.5,18.34,18.48,406000
HTLF,20160531,35.39,35.39,34.99,35.1,77800
HUBG,20160531,39.8,40.19,38.96,40.02,407100
HURC,20160531,31.75,32.36,31.75,32.23,13100
HURN,20160531,59.26,59.26,57.9,58.54,134800
HWBK,20160531,14.58,14.58,14.58,14.58,500
HWKN,20160531,39.5,39.5,38.26,39.02,25600
HYLS,20160531,47.81,47.85,47.75,47.82,67800
HYZD,20160531,22.59,22.59,22.59,22.59,0
HZNP,20160531,16.69,17.29,16.69,17.23,3220900
IAC,20160531,56.35,56.68,55.67,55.88,480900
IART,20160531,37.005,37.64,36.645,37.355,476000
IBB,20160531,278.4,281.15,277.5,279.77,1807700
IBCP,20160531,15.08,15.08,14.68,14.84,70000
IBKR,20160531,40.03,40.31,39.86,40.18,1022600
IBOC,20160531,28.37,28.44,27.97,28.04,176700
IBTX,20160531,38.26,38.5,37.5,38.02,41800
ICAD,20160531,5.9,6.16,5.82,6.07,25600
ICBK,20160531,21.9,21.9,21.9,21.9,0
ICCC,20160531,6.88,6.93,6.75,6.77,3400
ICFI,20160531,40.96,40.97,40.19,40.78,136700
ICLN,20160531,8.68,8.74,8.62,8.72,39400
ICLR,20160531,67.23,70.6,67.23,70.44,477200
ICPT,20160531,137.8,150.95,137.11,148.36,1840200
ICUI,20160531,104.17,104.86,102.74,103.99,85600
IDCC,20160531,58.1,58.44,57.84,58.3,257100
IDLB,20160531,25.16,25.16,25.12,25.12,1200
IDRA,20160531,12.16,12.88,11.84,12.64,484800
IDXX,20160531,89.96,90.48,87.3,87.57,5798800
IEP,20160531,54.64,55.32,54.32,54.32,39500
IESC,20160531,14.2,14.31,13.81,14.14,60700
IEUS,20160531,46.74,46.74,46.25,46.43,1200
IFGL,20160531,29.48,29.56,29.29,29.38,76000
IFV,20160531,17.46,17.57,17.34,17.38,176100
IGF,20160531,39.76,40.04,39.66,39.82,72200
IGOV,20160531,96.41,96.61,96.31,96.52,98100
III,20160531,3.78,3.83,3.78,3.78,71700
IIN,20160531,5.42,5.73,5.36,5.4,31400
IIVI,20160531,19.95,20.41,19.56,20.38,290900
IKNX,20160531,10.81,10.81,10.81,10.81,300
ILMN,20160531,144.05,145.17,143.52,144.83,951700
IMGN,20160531,5.62,5.78,5.56,5.64,1974100
IMKTA,20160531,38.24,38.41,37.01,37.28,111700
IMMR,20160531,6.04,6.48,6.04,6.4,350600
IMOS,20160531,18.96,19.26,18.5,18.87,98300
INBK,20160531,25.36,26.1,25,25.59,54900
INCR,20160531,45.24,45.89,43.23,43.51,1291700
INCY,20160531,84.99,86.2,83.84,84.41,1253600
INDB,20160531,49.55,49.79,48.62,49.29,98800
INDY,20160531,27.94,28,27.84,27.89,246800
INFI,20160531,5.19,5.38,5.07,5.3,236300
INFN,20160531,13.19,13.22,13.04,13.11,1514100
INGN,20160531,47.4,48.21,47.17,47.74,278700
INO,20160531,10.67,11.35,10.67,11.32,2289300
INOD,20160531,2.33,2.44,2.33,2.43,25300
INOV,20160531,18.84,18.84,18.44,18.59,466400
INSM,20160531,11.64,11.98,11.55,11.8,852600
INTC,20160531,31.51,31.65,31.31,31.59,23040200
INTG,20160531,27.25,27.25,27.25,27.25,200
INTU,20160531,108,108.68,105.91,106.66,2598500
INVA,20160531,11.26,11.44,11.1,11.28,866800
INVE,20160531,2.2,2.2,2.04,2.04,15200
IONS,20160531,22.29,23.18,21.71,22.69,5906800
IOSP,20160531,49.31,49.32,48.35,48.56,120300
IPAR,20160531,29.74,29.74,27.36,29.24,95300
IPDN,20160531,4,4,4,4,400
IPGP,20160531,86.63,87.47,85.84,86.38,359300
IPKW,20160531,27.34,27.34,27.1,27.24,19100
IPWR,20160531,42.9,47.7,42.4,47.7,27100
IRBT,20160531,38.47,38.78,38.25,38.5,566100
IRCP,20160531,37.18,39.9,33.8,38.4,8100
IRDM,20160531,8.74,8.82,8.64,8.73,922500
IRIX,20160531,14,14.05,13.59,13.8,25800
IRMD,20160531,18.97,19.08,18.45,18.54,22900
IROQ,20160531,18.71,18.71,18.71,18.71,100
IRWD,20160531,12.43,12.59,12.36,12.49,1071500
ISBC,20160531,12.01,12.03,11.9,11.97,2741900
ISHG,20160531,81.26,81.26,81.26,81.26,0
ISIG,20160531,2.3,2.35,2.3,2.35,900
ISLE,20160531,15.66,16.34,15.36,15.89,303000
ISRG,20160531,213.0433,213.3,210.62,211.57,620100
ISSC,20160531,2.74,2.89,2.66,2.86,23700
ISTR,20160531,15.49,15.49,15.43,15.43,2500
ITCI,20160531,37.71,39.11,37.37,38.7,361100
ITI,20160531,2.43,2.45,2.4,2.42,15900
ITIC,20160531,93.5,93.5,93.26,93.26,1000
ITRI,20160531,43.78,44.34,43.76,44.05,216800
ITRN,20160531,21.03,21.89,20.78,21.84,56900
IVAC,20160531,4.95,5.04,4.89,4.89,11400
IXUS,20160531,50.45,50.5,49.98,50.12,584400
IZEA,20160531,6.75,6.75,6.75,6.75,200
JACK,20160531,84.83,85.56,84.06,85.2,1006100
JAGX,20160531,1470,1491,1428,1470,17400
JAKK,20160531,74.8,74.8,73.4,74.6,205700
JAZZ,20160531,151.94,154.78,149.28,151.56,1346300
JBHT,20160531,82.08,82.92,82.08,82.72,627900
JBLU,20160531,18.21,18.24,17.86,17.93,6510000
JBSS,20160531,48.23,49.33,47.26,47.32,171600
JCS,20160531,6.83,6.9,6.8,6.82,2700
JCTCF,20160531,5.785,6.03,5.785,6.03,300
JD,20160531,24.57,25,24.17,24.61,95370800
JJSF,20160531,106.11,106.38,105.06,105.5,59400
JKHY,20160531,84.57,84.81,83.84,84.43,382700
JOBS,20160531,30.89,31.15,30.28,31.01,262300
JOUT,20160531,25.61,26.75,25.61,26.36,40100
JRJC,20160531,47.4,48.3,45.3,45.7,301600
JRVR,20160531,35.89,35.89,35.18,35.35,139700
JSM,20160531,20.4,20.54,20.15,20.54,24000
JSMD,20160531,28.18,28.27,28.18,28.27,1000
JSML,20160531,27.25,27.34,27.25,27.34,1200
JVA,20160531,3.66,3.73,3.66,3.71,12200
JYNT,20160531,2.98,3.02,2.98,2.98,11900
KALU,20160531,85.95,86.64,85.48,85.71,125500
KBAL,20160531,11.71,11.77,11.57,11.7,110900
KE,20160531,11.34,11.34,11.07,11.27,45600
KELYA,20160531,19.92,19.98,19.6,19.82,200400
KELYB,20160531,19.47,19.47,19.47,19.47,0
KEQU,20160531,16.62,16.62,16.62,16.62,200
KFFB,20160531,8.82,8.86,8.74,8.8,4800
KFRC,20160531,18.77,18.79,18.27,18.7,324200
KHC,20160531,84.16,84.44,82.67,83.19,3943600
KINS,20160531,8.96,9.11,8.95,9.03,10400
KIRK,20160531,13.96,13.96,13.16,13.29,152800
KLAC,20160531,72.81,73.09,72.54,72.93,1157800
KLIC,20160531,12.52,12.55,12.4,12.49,396400
KMDA,20160531,3.66,3.66,3.66,3.66,300
KMPH,20160531,6.18,7.2,6.17,7.09,364300
KNDI,20160531,6.9,7.14,6.9,6.97,275700
KOPN,20160531,2.07,2.17,2.05,2.15,901900
KOSS,20160531,2,2.01,2,2,2000
KPTI,20160531,9.72,9.96,9.31,9.57,190600
KRNT,20160531,10.13,10.13,9.45,9.84,81200
KRNY,20160531,13.08,13.1,12.97,13.09,1583100
KTCC,20160531,8,8.92,7.95,8.91,73000
KTOS,20160531,4.2,4.23,4.14,4.18,240100
KURA,20160531,2.92,3.09,2.92,2.96,24100
KVHI,20160531,8.38,8.62,8.22,8.47,38100
LAKE,20160531,8.72,8.9,8.72,8.82,17500
LAMR,20160531,64.94,65.25,64.49,65.05,402500
LANC,20160531,122.38,122.94,120.61,121.23,129700
LAND,20160531,10.21,10.34,10.19,10.23,10100
LARK,20160531,25.25,25.53,25.25,25.3,2700
LAWS,20160531,19.22,19.39,19.2,19.29,18800
LBAI,20160531,11.58,11.58,11.5,11.54,51900
LBRDA,20160531,57.67,57.99,56.88,57.8,230900
LBRDK,20160531,57.65,57.97,56.78,57.83,861300
LBTYA,20160531,37.45,37.45,36.73,37.35,4568300
LBTYB,20160531,36.75,36.75,36.75,36.75,0
LBTYK,20160531,36.29,36.38,35.62,36.13,4625000
LCAHU,20160531,10.05,10.05,10,10,23700
LCNB,20160531,16.97,17.19,16.63,16.77,9400
LCUT,20160531,14.45,14.68,14.44,14.58,55000
LE,20160531,17.5,17.6,16.5,16.77,687600
LECO,20160531,60.28,60.98,59.99,60.18,357100
LEDS,20160531,1.43,1.44,1.36,1.39,5100
LFUS,20160531,114.6,115.63,112.95,114.53,132100
LFVN,20160531,13.53,13.64,12.09,12.48,190000
LGIH,20160531,27.01,27.22,26.76,27.02,177200
LGND,20160531,123.59,124.9,118.89,119.59,401500
LHCG,20160531,41.08,42.07,40.9,42,132700
LIFE,20160531,45.78,47.04,45.5,46.34,184600
LILA,20160531,41.32,41.37,40.7,41.08,80700
LILAK,20160531,42.88,42.94,42.38,42.71,124900
LINC,20160531,1.57,1.59,1.46,1.51,159100
LIND,20160531,10.04,10.16,9.83,10,90500
LINK,20160531,10.1,10.1,10.1,10.1,0
LITE,20160531,25.5,26,25.14,25.34,907400
LIVE,20160531,1.71,1.76,1.6,1.75,79400
LIVN,20160531,48.91,49.75,48.61,48.81,253500
LJPC,20160531,15.79,16.38,15.3,16.1,314900
LKFN,20160531,32.8067,32.82,32.62,32.7133,66400
LKQ,20160531,33.3,33.47,32.88,33.07,1500400
LLNW,20160531,1.46,1.5,1.41,1.46,162200
LMAT,20160531,14.67,14.79,13.84,13.97,105100
LMBS,20160531,51.36,51.48,51.36,51.45,16700
LMFA,20160531,89.9,89.9,89.9,89.9,200
LMNR,20160531,16.53,16.81,16.08,16.45,20700
LMRK,20160531,15.3,15.5,15.2,15.2,41300
LMRKP,20160531,25.05,25.18,24.85,25.17,7100
LNDC,20160531,11.48,11.66,11.47,11.58,109900
LNTH,20160531,2.04,2.09,1.95,1.95,256700
LOAN,20160531,4.43,4.49,4.41,4.41,9300
LOB,20160531,16.26,16.31,15.98,16.14,135600
LOCO,20160531,11.18,11.18,10.97,11.13,259000
LOGI,20160531,15.43,15.49,15.3,15.32,371800
LOPE,20160531,41.92,42.27,41.64,41.76,191800
LORL,20160531,38,38.58,37.5,38.37,91500
LPCN,20160531,9.24,9.24,8.66,8.74,266900
LPLA,20160531,28.38,28.76,27.79,27.89,925400
LPSN,20160531,6.78,7.02,6.77,6.98,383200
LPTH,20160531,1.83,1.93,1.83,1.9,86000
LQDT,20160531,6.95,7.16,6.67,6.7,464800
LRCX,20160531,82.63,83.04,82.02,82.81,2574200
LSBK,20160531,13.27,13.27,13.27,13.27,0
LSCC,20160531,5.75,5.9,5.72,5.82,1479500
LSTR,20160531,67.95,68.2,67.5,67.85,303500
LSXMA,20160531,31.96,32.1,31.61,31.89,479400
LSXMB,20160531,33,33,33,33,0
LSXMK,20160531,31.78,31.78,31.3,31.45,1133700
LTBR,20160531,28.2,29.4,27.6,28.8,92100
LTRPA,20160531,23.21,23.28,22.83,22.97,392600
LTRPB,20160531,22.84,22.84,22.84,22.84,0
LTRX,20160531,1.1,1.1,1.09,1.09,1500
LULU,20160531,64.69,65.14,63.76,65.03,2030100
LUNA,20160531,1.04,1.11,1.04,1.09,37600
LVHD,20160531,27.19,27.26,27.1,27.23,28700
LWAY,20160531,9.41,9.65,9.41,9.47,4900
LXRX,20160531,13.61,14.23,13.52,14.21,871000
LYTS,20160531,11.25,11.4,11.08,11.15,153900
MACK,20160531,6.35,6.71,6.29,6.67,3117300
MANH,20160531,65.79,66.27,65.51,65.93,386200
MANT,20160531,35.74,35.94,35.36,35.93,159100
MAR,20160531,66.34,66.69,65.91,66.04,2373500
MARA,20160531,10.44,10.88,10.44,10.72,43800
MARK,20160531,4.62,4.79,4.6,4.73,20200
MARPS,20160531,4.82,4.92,4.82,4.92,500
MASI,20160531,49.7,49.84,49.16,49.74,321300
MAT,20160531,31.69,31.91,31.41,31.88,3203500
MATW,20160531,54.95,54.95,54.25,54.87,112900
MAYS,20160531,53.9,53.9,53.9,53.9,0
MBCN,20160531,16,16.31,15.655,16.31,3800
MBII,20160531,0.69,0.7,0.68,0.69,5700
MBUU,20160531,13.97,14.07,13.5,13.6,151500
MBWM,20160531,24.61,24.61,24.13,24.44,126500
MCBC,20160531,7.2,7.32,7.03,7.16,48600
MCFT,20160531,15.75,15.8,15.15,15.38,285900
MCHI,20160531,41.93,42.42,41.79,42.25,3497300
MCHP,20160531,25.565,25.87,25.17,25.84,2599800
MCHX,20160531,3.47,3.5,3.31,3.33,144900
MCRB,20160531,29.66,30.72,29.36,30.43,267500
MCRI,20160531,21.32,21.63,21.01,21.12,61900
MDGS,20160531,55.6,55.6,55.6,55.6,200
MDIV,20160531,19.26,19.44,19.03,19.2,238400
MDLZ,20160531,44.77,44.95,44.29,44.49,11593300
MDRX,20160531,13.32,13.49,13.24,13.49,2099500
MDWD,20160531,7.86,7.89,7.62,7.7,14600
MDXG,20160531,7.95,8,7.81,7.87,1078400
MEIP,20160531,1.42,1.5,1.38,1.44,384900
MELI,20160531,135.97,138.28,135.23,136.5,333900
MEOH,20160531,32.31,33.56,32.04,32.92,622000
MERC,20160531,9.07,9.19,8.65,9.01,355200
MESO,20160531,7.2,7.2,6.99,7.07,42100
MFIN,20160531,8.1,8.1,7.65,7.7,175900
MGEE,20160531,51.58,51.9,50.67,50.71,179200
MGI,20160531,6.48,6.54,6.31,6.49,240900
MGIC,20160531,6.84,6.98,6.82,6.93,37700
MGLN,20160531,66.23,66.58,64.88,66.25,185400
MGNX,20160531,24.75,25.9,24.61,25.56,282200
MGPI,20160531,32.89,32.96,32.43,32.72,440500
MGRC,20160531,28.36,28.86,28.13,28.53,120000
MGYR,20160531,10.1,10.15,10.1,10.15,200
MHLD,20160531,12.9,13.17,12.8,13.12,452100
MICT,20160531,1.96,1.96,1.96,1.96,0
MIDD,20160531,124.78,125.15,123.41,124.2,473200
MILN,20160531,15.08,15.1,15.02,15.07,3100
MIME,20160531,8.55,8.89,8.37,8.39,55200
MIND,20160531,3.85,3.95,3.84,3.92,95700
MITK,20160531,9.15,9.25,8.96,9.09,555300
MKSI,20160531,40.92,41,40.5,40.98,450600
MKTX,20160531,141.35,141.35,139.64,139.94,257200
MLAB,20160531,101.98,102.5,98.09,98.63,13200
MLHR,20160531,31.77,31.9,31.53,31.66,233200
MLVF,20160531,15.83,16.44,15.83,16.44,6900
MMLP,20160531,21.88,22.47,21.88,22.13,132000
MMSI,20160531,19.12,19.12,18.71,18.77,270100
MMYT,20160531,14.5,14.72,14.42,14.62,259900
MNDO,20160531,2.05,2.06,2.01,2.04,50200
MNKD,20160531,4.9,4.95,4.75,4.75,5534200
MNOV,20160531,6.65,6.65,6.38,6.51,130000
MNRO,20160531,63.72,63.98,62.68,62.95,254200
MNST,20160531,50.1567,50.4267,49.71,50,1434200
MNTX,20160531,6.69,7.01,6.53,7,59000
MOFG,20160531,29.2,29.2,28.68,29.11,6600
MOMO,20160531,12.62,12.79,12.45,12.78,1065800
MORN,20160531,83.91,84.75,83.17,84.43,61400
MOSY,20160531,90,90,76,78,135400
MPAA,20160531,30.08,30.11,29.77,29.96,148100
MPB,20160531,16.13,16.13,16.13,16.13,0
MPWR,20160531,68.6,68.98,67.95,68.33,294500
MRCC,20160531,14.61,14.74,14.53,14.72,54500
MRCY,20160531,21.42,21.5,21.02,21.25,225600
MRLN,20160531,15.06,15.25,14.89,15.16,6100
MRNS,20160531,21.52,22.64,21.32,22.4,51100
MRTN,20160531,13.3333,13.3867,13.1533,13.2133,95100
MRTX,20160531,18.06,18.87,17.11,18.13,218900
MRUS,20160531,7.53,8.76,7.53,8.61,51900
MRVL,20160531,9.55,10.29,9.52,10.23,4917000
MSBI,20160531,22.59,22.87,22.25,22.51,187300
MSEX,20160531,37.5,37.73,36.95,36.95,106400
MSFT,20160531,52.26,53,52.08,53,37653000
MSON,20160531,4.9,5,4.61,4.78,5100
MSTR,20160531,191.1,191.1,185.52,186.54,188600
MTBC,20160531,0.93,0.98,0.93,0.95,12500
MTBCP,20160531,25.5,27.81,25.5,27.81,300
MTCH,20160531,14.12,14.14,13.7,14,1326400
MTEX,20160531,20.7,20.88,20.35,20.85,4600
MTLS,20160531,7.25,7.25,7.11,7.11,15500
MTP,20160531,199.5,199.5,185,188,6200
MTRX,20160531,15.97,16.71,15.87,16.57,438100
MTSI,20160531,35.02,36.24,34.71,36,777000
MU,20160531,12.66,12.91,12.26,12.72,49604300
MVIS,20160531,1.93,1.94,1.89,1.9,107900
MYGN,20160531,34,34.23,33.85,33.89,854100
MYRG,20160531,24,24.42,23.86,24.19,247900
NAII,20160531,12.26,12.48,12.07,12.37,38500
NAKD,20160531,885,885,885,885,0
NATH,20160531,44.86,44.86,42.58,42.58,10700
NATI,20160531,28.52,28.71,28.38,28.57,645400
NATR,20160531,9.36,9.89,9.36,9.84,16700
NAVI,20160531,13.51,13.82,13.49,13.71,5073900
NBIX,20160531,48.56,50.87,48.49,49.65,2236000
NBN,20160531,10.85,11.11,10.85,10.93,1700
NBRV,20160531,7.48,7.74,7.22,7.25,23500
NBTB,20160531,29.47,29.47,28.89,29.16,167400
NCBS,20160531,37.05,38.18,35.79,38,25800
NCMI,20160531,14.55,14.7,14.44,14.6,254600
NCTY,20160531,58.8,60,58.5,59.4,19600
NDAQ,20160531,65.75,66.03,65.36,66.01,1240900
NDLS,20160531,9.57,9.76,9.29,9.38,143100
NDSN,20160531,86.8,88.25,85.8,86.98,488300
NEO,20160531,9.06,9.1,8.71,8.97,1093600
NEOG,20160531,36.9225,37.2375,36.0075,37.0275,125300
NEON,20160531,20,20.3,19.5,19.7,52000
NEPT,20160531,1.28,1.29,1.21,1.21,99000
NERV,20160531,11.8,12.47,10.9,12.3,3517400
NETE,20160531,2.24,2.58,2.11,2.31,386000
NEWT,20160531,12.99,13.12,12.98,13.08,61200
NEWTL,20160531,25.1,25.7,25.1,25.15,2600
NEWTZ,20160531,25.52,25.52,25.52,25.52,300
NFBK,20160531,15.66,15.66,15.48,15.55,132200
NFLX,20160531,102.95,103.45,102.13,102.57,8725600
NHTC,20160531,28.88,30.78,28.77,29.85,251800
NICE,20160531,64.86,65,63.65,63.99,113800
NICK,20160531,10.94,11,10.8,10.8,4200
NKSH,20160531,32.78,33.35,32.57,33.35,6400
NKTR,20160531,15.27,15.56,15.19,15.44,775500
NMIH,20160531,6.28,6.32,6.18,6.24,472100
NNBR,20160531,16.07,16.96,15.96,16.66,395300
NNDM,20160531,76.8,76.8,75,75,3900
NOVT,20160531,15.41,15.41,14.62,15.31,170300
NRIM,20160531,26.8,26.81,26.5,26.55,23100
NSEC,20160531,17.25,17.99,17.1,17.14,8300
NSIT,20160531,27.27,27.46,26.73,27.14,392600
NSSC,20160531,6.13,6.71,5.92,6.59,69500
NSTG,20160531,13.99,13.99,13.38,13.58,107100
NSYS,20160531,3.75,3.79,3.75,3.79,1300
NTAP,20160531,25.28,25.69,25.15,25.53,4655300
NTCT,20160531,24.01,24.62,23.56,24.26,2254000
NTES,20160531,35.386,35.82,35.068,35.568,6938400
NTGR,20160531,44.77,45.01,44.26,45,307400
NTIC,20160531,6.2,6.375,5.58,6.25,9100
NTLA,20160531,29.98,30.4,29.12,29.57,396000
NTRA,20160531,13.35,13.8,13.35,13.79,472800
NTRS,20160531,74.64,74.86,73.78,74.1,1413200
NTWK,20160531,6.06,6.11,5.79,5.95,30100
NUAN,20160531,16.65,16.83,16.51,16.72,4064200
NURO,20160531,13.44,14,13.28,13.6,41600
NUVA,20160531,55.14,55.25,53.99,54.37,556400
NVAX,20160531,119.6,125.8,118.6,121.8,9044000
NVCN,20160531,400,450,390,390,1126500
NVCR,20160531,11.67,11.71,10.9,11.13,858200
NVDA,20160531,11.525,11.7025,11.5175,11.68,10313100
NVEC,20160531,56.73,56.93,55.78,56.47,9500
NVEE,20160531,27.92,27.92,27.18,27.25,160100
NVFY,20160531,3,3,2.75,2.75,64700
NVIV,20160531,5055,5242.5,4890,5085,426500
NVMI,20160531,11.67,11.86,11.67,11.86,95000
NWBI,20160531,14.79,14.84,14.71,14.81,741500
NWFL,20160531,28.23,28.25,27.62,28.25,1400
NWLI,20160531,216.86,217,211.6,213.51,10600
NWPX,20160531,9.03,9.4,9.03,9.3,38000
NWS,20160531,12.3,12.35,12.2,12.34,1223800
NWSA,20160531,11.91,12,11.76,11.96,2956500
NXPI,20160531,92.81,94.49,92.27,94.49,29172200
NXST,20160531,53.17,53.71,52.18,53.22,303400
NXTD,20160531,39,42,38,40,791300
NYMT,20160531,5.83,5.97,5.77,5.95,1124000
NYMTP,20160531,21.36,21.64,21.23,21.62,3000
NYMX,20160531,2.36,2.45,2.35,2.42,33800
OBAS,20160531,7.85,7.85,7.49,7.49,400
OBCI,20160531,2.39,2.39,2.39,2.39,0
OCC,20160531,2.61,2.61,2.61,2.61,100
OCFC,20160531,18.05,18.78,18,18.65,512700
OCUL,20160531,12.03,12.25,11.96,12,191800
ODFL,20160531,64.45,65.15,64.13,64.35,424700
ODP,20160531,35.9,36.5,35.7,35.8,10953000
OESX,20160531,1.38,1.44,1.24,1.31,84200
OFED,20160531,19.7,20.35,19.51,19.54,5400
OFIX,20160531,44.45,44.77,43.85,44.23,136100
OFLX,20160531,34.77,34.82,33.84,34.7,6100
OFS,20160531,13.75,13.75,13.28,13.39,55200
OIIM,20160531,1.4,1.45,1.4,1.44,11100
OLED,20160531,68.12,68.14,66.93,67.15,609200
OLLI,20160531,25.91,26.55,24.75,25.07,1224500
OMAB,20160531,46.21,46.6,45.61,45.77,30800
OMCL,20160531,31.64,32.57,31.48,32.35,259900
OMER,20160531,11.41,11.89,11.41,11.7,234300
OMEX,20160531,2.64,2.74,2.56,2.67,39400
ON,20160531,9.71,9.8,9.69,9.77,3541800
ONB,20160531,13.13,13.24,13.06,13.16,1081800
ONCS,20160531,17.6,18.5,17.1,17.4,427300
ONEQ,20160531,195.13,195.25,194.11,194.89,64100
ONTX,20160531,58.5,63,58.5,63,187100
OPGN,20160531,640,1090,640,890,865100
OPHC,20160531,4,4,4,4,0
OPOF,20160531,19.25,19.5,19.25,19.5,900
ORLY,20160531,267.08,267.09,263.77,264.43,1010700
ORMP,20160531,8.93,9.04,8.72,8.72,104300
ORRF,20160531,19.09,19.5,18.55,18.84,5100
OSBC,20160531,7.23,7.23,7.18,7.23,21000
OSIS,20160531,51.77,53.38,51.66,53.28,315100
OSTK,20160531,17.06,17.23,16.95,17.05,121300
OSUR,20160531,7.51,7.71,7.51,7.68,732700
OTEX,20160531,29.13,29.42,29.1,29.34,212200
OTIC,20160531,14.43,14.97,14.4,14.69,184400
OTTR,20160531,29.53,29.94,29.41,29.58,121700
OVBC,20160531,22.08,22.55,22.08,22.28,600
OVLY,20160531,9.6,9.75,9.56,9.75,4400
OXBR,20160531,4.92,5.07,4.91,5.05,4300
OXBRW,20160531,0.37,0.37,0.36,0.36,200
OXLC,20160531,8.99,9.1,8.92,8.99,235400
OXLCO,20160531,24.96,24.98,24.85,24.9,23400
PAAS,20160531,13.56,14.41,13.4,14.14,3059200
PACB,20160531,9.32,9.95,9.23,9.64,3391700
PACW,20160531,42.08,42.14,41.42,41.68,558000
PAHC,20160531,19.32,19.32,18.88,18.99,140400
PANL,20160531,2.29,2.29,2.29,2.29,100
PATI,20160531,20.7,21.03,20.7,20.7,3100
PATK,20160531,35.4133,35.8467,35.12,35.62,79600
PAYX,20160531,54.52,54.58,53.68,54.22,2442900
PBCT,20160531,15.92,15.92,15.75,15.88,4134500
PBHC,20160531,11.5,11.53,11.5,11.53,2300
PBIP,20160531,15,15,14.86,14.9,700
PBPB,20160531,13.07,13.34,12.95,13.22,298500
PCAR,20160531,55.54,56.16,55.26,55.75,1851000
PCH,20160531,34.23,34.33,34.06,34.18,152800
PCOM,20160531,9.3,9.34,9.19,9.27,14800
PCRX,20160531,45.86,47.6,45.61,46.51,882700
PCTI,20160531,4.5,4.52,4.49,4.51,5800
PCTY,20160531,36.92,37.37,36.6,36.71,144800
PCYG,20160531,9.53,9.58,9.17,9.24,19700
PCYO,20160531,4.59,4.68,4.49,4.49,9100
PDBC,20160531,17.19,17.27,17.06,17.09,286600
PDCE,20160531,58.63,58.79,57.9,58.05,1256100
PDCO,20160531,48.86,49.08,48.54,48.81,1078200
PDEX,20160531,4,4.18,4,4.08,19900
PDFS,20160531,14.45,14.79,14.36,14.71,122600
PEBK,20160531,19.45,19.48,19.2,19.48,1600
PEBO,20160531,21.89,21.89,21.37,21.59,36000
PEGA,20160531,26.43,26.69,26.22,26.37,213400
PENN,20160531,15.15,15.79,15.13,15.67,1537900
PERI,20160531,3.84,4.02,3.75,3.9,163600
PESI,20160531,4.59,4.71,4.57,4.7,28900
PETS,20160531,19.04,19.1,18.72,18.83,314300
PFBC,20160531,33.04,33.17,32.85,32.92,60800
PFIE,20160531,1.08,1.13,1.08,1.09,22400
PFIN,20160531,8.85,8.95,8.85,8.94,2100
PFIS,20160531,36.12,36.92,36.12,36.87,3300
PFLT,20160531,12.09,12.09,12,12.01,45300
PFMT,20160531,1.75,1.79,1.72,1.77,17800
PFSW,20160531,13.09,13.09,12.42,12.48,317600
PGC,20160531,19.06,19.06,18.9,19.01,22400
PINC,20160531,31.35,31.9,31.12,31.8,278100
PIRS,20160531,1.84,1.92,1.84,1.9,52000
PKBK,20160531,11.8,11.9455,11.7455,11.9455,3400
PKOH,20160531,30.49,30.92,29.75,30.55,81800
PLAB,20160531,9.75,9.75,9.49,9.6,409200
PLAY,20160531,39.35,39.49,38.58,39.03,393200
PLBC,20160531,9.48,9.48,9.48,9.48,0
PLCE,20160531,72.77,73.44,70.22,70.48,912900
PLPC,20160531,42.67,43.68,42.5,43.68,3300
PLSE,20160531,4.43,4.44,4.2,4.29,16300
PLUG,20160531,1.81,1.95,1.79,1.92,1793600
PLUS,20160531,42.955,43.885,42.695,43.765,64300
PLXS,20160531,44.03,44.08,43.59,43.92,176500
PMD,20160531,13.63,14.25,13.61,13.91,6500
PME,20160531,1.25,1.26,1.25,1.26,700
PMTS,20160531,20.8,21,20.3,20.8,343100
PNBK,20160531,14.35,14.35,13.95,13.95,2100
PNFP,20160531,49.7,49.7,48.66,49.18,178300
PNNT,20160531,6.5,6.58,6.45,6.49,507400
PNQI,20160531,79.01,79.17,78.57,78.77,7000
PNRG,20160531,59.1,59.18,59.1,59.18,200
PODD,20160531,30.26,30.47,29.5,30.02,299100
POOL,20160531,92.26,92.42,91.11,91.57,225000
POWI,20160531,24.64,25,24.64,24.945,130500
POWL,20160531,35.49,35.88,35.22,35.6,57400
PPBI,20160531,24.94,25.01,24.5,25,139500
PPC,20160531,24.77,25.23,24.57,24.87,1255600
PPH,20160531,58.79,59.02,58.58,58.87,31400
PPSI,20160531,5.1,5.45,5.1,5.4,1400
PRAA,20160531,27.72,27.83,27.22,27.51,300100
PRFT,20160531,20.87,21.01,20.81,20.95,232600
PRFZ,20160531,97.69,98.37,97.55,97.95,18200
PRGS,20160531,26.42,26.55,26.17,26.33,179400
PRIM,20160531,21.32,21.78,21.32,21.52,160400
PROV,20160531,18.1,18.22,18.07,18.22,3600
PRPH,20160531,1.47,1.47,1.47,1.47,0
PRQR,20160531,4.94,4.95,4.8,4.86,19900
PRTA,20160531,47.09,48.71,46.6,48.54,410100
PRTK,20160531,15.38,16.24,15.34,16.17,144500
PRTS,20160531,3.7,4.04,3.64,3.87,341900
PSCC,20160531,62.78,63.08,62.21,62.58,31500
PSCD,20160531,47.52,47.6,47.31,47.4,5900
PSCE,20160531,15.5,15.81,15.5,15.61,10900
PSCF,20160531,42.72,42.89,42.64,42.89,7500
PSCH,20160531,69.44,70.3,69.44,70.08,8800
PSCI,20160531,45.87,46.09,45.87,46,1900
PSCM,20160531,34.3,34.48,34.19,34.19,800
PSCT,20160531,56,56.32,55.82,56.21,16300
PSCU,20160531,45.32,45.47,45.16,45.4,6200
PSEC,20160531,7.58,7.6,7.51,7.51,1518100
PSET,20160531,25.66,25.66,25.66,25.66,0
PSMT,20160531,88.49,89.54,87.02,88.59,122100
PSTI,20160531,15.3,15.5,15.1,15.5,66100
PTC,20160531,35.96,36.13,35.61,35.74,578800
PTCT,20160531,7.93,8.4,7.85,8.16,1176800
PTEN,20160531,18.66,19,18.51,18.61,2678100
PTNR,20160531,5.21,5.31,5.18,5.27,6100
PTSI,20160531,21.44,21.63,20.33,20.59,58300
PULM,20160531,24.2,24.2,24.2,24.2,300
PVBC,20160531,7.075,7.075,7.005,7.005,18200
PWOD,20160531,27.58,28.26,27.54,28.2267,9200
PXLW,20160531,1.74,2.07,1.73,1.98,432700
PXS,20160531,2.52,2.75,2.52,2.71,2200
PY,20160531,25.22,25.22,25.19,25.19,200
PYPL,20160531,37.96,38.03,37.5,37.79,12231300
PZZA,20160531,63.5,63.64,62.61,63.34,295300
QABA,20160531,39.95,40,38.69,39.84,183900
QADA,20160531,19.06,20,18.71,18.79,24300
QADB,20160531,15.8,15.91,15.8,15.87,1300
QAT,20160531,18.48,18.48,18.07,18.27,23400
QCLN,20160531,14.64,14.72,14.64,14.72,12500
QCOM,20160531,55.39,55.43,54.82,54.92,15093300
QCRH,20160531,27.23,27.4,26.73,27.29,25700
QDEL,20160531,16.44,16.76,16.09,16.61,68000
QIWI,20160531,12.54,12.71,12.32,12.33,152500
QLYS,20160531,30.89,31.45,30.89,31.19,495500
QNST,20160531,3.66,3.74,3.57,3.7,103700
QQEW,20160531,42.84,42.95,42.73,42.94,32000
QQQ,20160531,110.28,110.51,109.78,110.34,24366100
QQQX,20160531,18.36,18.39,18.19,18.3,89400
QQXT,20160531,39.91,39.91,39.71,39.89,26100
QRHC,20160531,3.28,3.52,3.2,3.28,4800
QRVO,20160531,50.75,51.43,50.25,50.97,1244600
QTEC,20160531,43.94,43.99,43.71,43.96,21000
QTNT,20160531,11.02,12.96,10.9,11.92,67600
QUIK,20160531,14,14.56,13.86,14.28,82100
QUMU,20160531,3.85,3.87,3.55,3.67,168900
QURE,20160531,12.24,13.82,12.01,13.55,557200
QYLD,20160531,22.02,22.02,21.76,21.77,11400
RADA,20160531,0.82,0.84,0.78,0.82,71700
RAIL,20160531,14.47,14.74,14.36,14.41,239500
RAND,20160531,37.08,37.08,37.08,37.08,0
RARE,20160531,69.72,74.68,69.72,73.1,1335000
RAVE,20160531,4.19,4.19,4.05,4.13,53300
RAVN,20160531,20.22,20.31,20,20.16,121000
RBCAA,20160531,27.93,28.14,27.52,27.73,23200
RBCN,20160531,6.7,6.8,6.5,6.8,40400
RCII,20160531,12.96,13.23,12.77,13.17,1046300
RCKY,20160531,11.36,11.44,11.14,11.4,13300
RCMT,20160531,5.44,5.47,5.37,5.37,3800
RCON,20160531,5.65,5.65,5.1,5.1,4700
RDCM,20160531,12.4,12.61,12.19,12.49,185600
RDHL,20160531,11.05,11.05,10.93,10.95,10800
RDI,20160531,12.66,12.66,12.27,12.52,34000
RDNT,20160531,5.24,5.27,5.15,5.21,119900
RDUS,20160531,35.49,37.98,35.24,36.26,880800
RDVY,20160531,21.07,21.1,20.35,21.07,8700
RDWR,20160531,11.7,12,11.42,11.98,467300
REFR,20160531,3.96,4.1,3.96,4.07,24200
REGI,20160531,9.11,9.44,9.05,9.21,1375900
REGN,20160531,398.36,400.47,395,398.93,1017400
RELL,20160531,5.2,5.22,5.14,5.2,2500
RELY,20160531,6.71,6.93,6.62,6.78,145400
REPH,20160531,8.08,8.6,8.08,8.37,36000
RESN,20160531,3.95,4.15,3.93,4,23100
RETA,20160531,14,14.96,13.5,13.85,352100
RFDI,20160531,51.78,51.84,51.69,51.73,2800
RFEU,20160531,52.26,52.26,51.86,51.88,1200
RFIL,20160531,2.29,2.35,2.28,2.33,19200
RGCO,20160531,15.5667,15.5667,15.4067,15.5667,400
RGEN,20160531,24.43,24.68,23.69,23.96,280700
RGLD,20160531,54.39,56.95,54.35,56.13,861500
RGLS,20160531,70.2,74.64,70.2,73.68,947100
RGNX,20160531,12.68,12.7,12.05,12.36,128000
RIBT,20160531,1.56,1.56,1.56,1.56,500
RICK,20160531,10.95,11.03,10.8,10.86,23500
RIGL,20160531,2.47,2.6,2.46,2.58,308100
RILY,20160531,10.15,10.15,9.81,10.04,4600
RKDA,20160531,31,31,29.6,30.2,19300
RMBS,20160531,12.01,12.12,11.87,12.1,482300
RMCF,20160531,9.99,10.04,9.97,9.97,26400
RMR,20160531,29.41,29.71,29.35,29.64,72600
RMTI,20160531,9.26,9.74,9.26,9.59,514400
RNST,20160531,34.59,34.65,34.14,34.41,108100
RNWK,20160531,4.24,4.33,4.22,4.3,21100
ROCK,20160531,29.69,30.08,29.46,29.88,260100
ROIC,20160531,20.29,20.29,20.02,20.22,844900
ROLL,20160531,75.04,75.49,74.77,74.9,132800
ROST,20160531,54.41,54.44,53.06,53.4,3004300
RPD,20160531,12.55,12.89,12.44,12.85,196600
RPRX,20160531,1.85,1.92,1.83,1.85,427700
RRGB,20160531,51.89,52.15,50.37,50.71,163900
RRR,20160531,20.14,20.65,19.64,20.39,786300
RUN,20160531,6.37,6.6,6.22,6.34,1147600
RUSHA,20160531,14.7933,14.9933,14.4467,14.68,152400
RUSHB,20160531,13.98,14.2467,13.9533,14.0533,5300
RUTH,20160531,16.77,17,16.29,16.61,431800
RVNC,20160531,19.99,20.77,19.68,20.5,278100
RVSB,20160531,4.78,4.86,4.66,4.66,10300
RWLK,20160531,202.75,204.75,193.75,196,141500
RXDX,20160531,6.7,7,6.65,6.78,974500
RYAAY,20160531,85.76,87.58,85.67,87.4,887300
SABR,20160531,28.32,28.46,28.05,28.17,1795200
SAFM,20160531,89.26,90.43,88.69,89.71,645700
SAFT,20160531,59.16,59.58,59.06,59.41,52200
SAGE,20160531,31.79,33.25,31.47,32.91,801600
SAIA,20160531,25.98,26.3,25.85,26.07,154200
SAL,20160531,30.42,30.81,30.19,30.25,3300
SALM,20160531,6.73,6.82,6.5,6.61,94700
SAMG,20160531,12.36,12.46,12.14,12.25,11400
SANM,20160531,26.16,27,26.14,26.79,1533600
SANW,20160531,4.45,4.65,4.42,4.55,41300
SASR,20160531,29.29,29.47,29.24,29.39,65500
SATS,20160531,32.8006,32.8738,32.305,32.5325,119800
SBAC,20160531,99.34,99.51,98.04,99.4,3815000
SBCF,20160531,16.84,16.95,16.75,16.84,126300
SBFG,20160531,11.12,11.26,10.9,10.94,16100
SBGI,20160531,31.32,31.83,31.06,31.63,647200
SBLK,20160531,3.9,4.3,3.8,4.05,329500
SBNY,20160531,135.41,136.08,134.37,135,981900
SBRA,20160531,20.39,21.06,20.2,20.94,1165100
SBSI,20160531,29.44,29.66,29.26,29.49,85400
SBUX,20160531,55.5,55.5,54.7,54.89,12043900
SCHL,20160531,39.25,39.45,38.89,39.05,119700
SCHN,20160531,16.28,16.38,15.95,16.09,327700
SCOR,20160531,32.34,32.83,31.52,32.38,556600
SCSC,20160531,38.7,38.99,38.16,38.38,189200
SCVL,20160531,23.39,23.7,23.07,23.3,111900
SCWX,20160531,13.98,13.98,13.5,13.81,111600
SCYX,20160531,38.4,39.9,36.5,39.5,214700
SCZ,20160531,51.45,51.65,51.13,51.28,693300
SEAC,20160531,3.41,3.51,3.31,3.31,276500
SEDG,20160531,21.56,22.1,21.46,21.85,759700
SEED,20160531,17,17.8,16.9,17,95000
SEIC,20160531,51.09,51.61,50.85,51.44,923100
SELF,20160531,5,5.06,4.91,5.06,16100
SENEA,20160531,31.82,32.16,31.09,31.22,41000
SENEB,20160531,38.28,38.28,38.1,38.1,1300
SEV,20160531,9.74,9.74,9.5,9.5,1200
SFBC,20160531,23.61,23.61,23.61,23.61,500
SFM,20160531,25.09,25.37,24.7,24.76,1230600
SFNC,20160531,23.84,23.9,23.58,23.74,86600
SFST,20160531,25.6,25.95,25.4,25.6,12100
SGC,20160531,17.87,17.96,16.68,17.7,23300
SGEN,20160531,40.25,41.14,40.21,40.43,875400
SGMA,20160531,5.89,5.89,5.6,5.88,4400
SGMO,20160531,6.74,6.98,6.69,6.9,588900
SGMS,20160531,9.5,9.9,9.42,9.79,818500
SGOC,20160531,4.17,4.17,4.02,4.02,3500
SGRP,20160531,0.99,0.99,0.99,0.99,100
SGRY,20160531,14,14.09,13.5,13.76,864500
SHBI,20160531,11.16,11.35,10.98,11.02,8800
SHEN,20160531,31.63,32.38,31.33,31.99,325600
SHIP,20160531,549.6,549.6,544.8,549.6,300
SHOO,20160531,22.7333,22.88,22.48,22.8733,456000
SHY,20160531,84.78,84.89,84.78,84.86,1368200
SIEB,20160531,1.2,1.2,1.2,1.2,600
SIEN,20160531,5.84,5.96,5.75,5.82,152700
SIFY,20160531,1.12,1.15,1.12,1.13,33400
SIGI,20160531,36.9,37.24,36.71,37.15,201400
SILC,20160531,26.99,28.05,26.99,28.01,39900
SIMO,20160531,44.93,44.96,44.25,44.45,456600
SINO,20160531,3.55,4.25,3.5,3.85,25100
SIRI,20160531,3.96,4.02,3.96,4.02,34802500
SIVB,20160531,109.4,110.88,108.83,110.2,836600
SKOR,20160531,51.34,51.4,51.34,51.39,500
SKYW,20160531,23.81,23.88,23.45,23.6,614200
SKYY,20160531,31,31.1,30.9,31.08,114000
SLAB,20160531,49.43,50.18,49.13,49.75,225800
SLGN,20160531,25.69,25.74,25.43,25.57,250200
SLM,20160531,6.74,6.97,6.67,6.87,5023300
SLMBP,20160531,48.6,49.7,48.6,49.2,1500
SLP,20160531,7.71,7.76,7.54,7.64,82500
SLQD,20160531,50.6,50.67,50.51,50.64,5500
SLRC,20160531,18.63,18.64,18.33,18.41,113900
SLVO,20160531,9.65,9.65,9.48,9.52,39900
SMBC,20160531,24.4,24.48,23.88,24.13,8400
SMBK,20160531,15.87,15.87,15.79,15.79,1000
SMCI,20160531,26.07,26.38,26,26.24,387600
SMCP,20160531,21.62,21.71,21.62,21.67,800
SMED,20160531,4.29,4.51,4.22,4.24,47600
SMIT,20160531,2.28,2.28,2.28,2.28,0
SMLR,20160531,1.85,1.95,1.85,1.88,15500
SMMF,20160531,17.99,17.99,17.11,17.29,22800
SMMT,20160531,8.54,8.65,8.46,8.6,3300
SMSI,20160531,2.8,2.84,2.72,2.8,31400
SMTC,20160531,23.11,23.61,23.03,23.54,495300
SNCR,20160531,35.69,35.89,34.71,35.27,357300
SNDX,20160531,13.8,13.82,13.37,13.74,46200
SNFCA,20160531,4.51,4.51,4.37,4.44,41400
SNPS,20160531,51.76,51.99,51.52,51.67,947000
SOCL,20160531,19.78,19.99,19.78,19.94,28000
SOHO,20160531,5.09,5.24,5.03,5.12,52900
SOHU,20160531,41.96,41.96,41.05,41.77,744800
SOXX,20160531,94.6,95.06,94.34,94.97,714700
SP,20160531,22.42,22.46,22.15,22.32,39900
SPCB,20160531,3.93,3.93,3.68,3.81,25600
SPI,20160531,5.01,5.24,4.96,5,109100
SPLK,20160531,56,57.82,55.81,57.45,3411400
SPNE,20160531,9.98,10.09,9.82,9.98,26000
SPNS,20160531,11.99,12.19,11.98,12.15,61000
SPOK,20160531,17.16,17.65,16.82,17.54,184400
SPPI,20160531,7.48,7.52,7.4,7.49,1410300
SPSC,20160531,54.26,54.54,53.9,54.5,113000
SPTN,20160531,28.49,29.79,28.46,29.71,546200
SPWH,20160531,8.79,8.89,8.54,8.64,727800
SPWR,20160531,17.4,17.62,17.23,17.53,1759000
SQQQ,20160531,1408,1427.2,1399.2,1405.6,5260000
SRCE,20160531,34.2,34.2,33.75,33.89,70600
SRCL,20160531,97.41,98.38,96.83,97.99,3244300
SRDX,20160531,22.46,23.07,21.88,22.04,57100
SRET,20160531,14.5,14.59,14.28,14.28,13400
SREV,20160531,3.74,3.8,3.7,3.72,821500
SRNE,20160531,6.78,7.06,6.74,6.96,305800
SRPT,20160531,21.84,22.28,20.22,20.93,6882500
SSB,20160531,73.06,74.62,72.38,72.49,107200
SSBI,20160531,13.9,13.9,13.81,13.86,2200
SSKN,20160531,3.5,3.65,3.5,3.6,14700
SSNC,20160531,61.55,62,61.29,61.59,748300
SSYS,20160531,22.3,23.12,22.27,22.82,736200
STAA,20160531,5.5,5.55,5.36,5.43,123800
STAF,20160531,9.8,10.35,9.8,10.1,600
STBA,20160531,25.95,26.03,25.52,25.87,91800
STFC,20160531,20.76,20.76,20.47,20.5,23400
STKL,20160531,4.7,4.86,4.47,4.52,1924200
STKS,20160531,2.36,2.44,2.36,2.44,11900
STLD,20160531,24.66,25.09,24.55,24.69,1867400
STRA,20160531,48.16,48.89,47.85,48.17,140800
STRL,20160531,5.13,5.13,4.89,5.05,105600
STRM,20160531,1.28,1.28,1.17,1.21,34000
STRS,20160531,22.78,22.81,22.3,22.3,2800
STRT,20160531,46.29,47,46.26,46.26,9700
STX,20160531,21.79,22.6,21.6,22.56,8221700
SUMR,20160531,12.69,13.23,12.69,13.14,56500
SUNS,20160531,15.58,15.7,15.5,15.56,8800
SUNW,20160531,15.4,16.66,15.4,16.31,137400
SUPN,20160531,19.16,19.68,18.98,19.51,486400
SVBI,20160531,5.88,5.99,5.88,5.88,3700
SVVC,20160531,7.49,7.53,7.38,7.4,15500
SWIR,20160531,20.05,20.25,19.63,19.77,300800
SWKS,20160531,66.32,67.1,66.3,66.76,1756800
SYBT,20160531,29.52,29.86,28.79,29.03,70200
SYNA,20160531,69.05,69.24,67.4,67.83,580800
SYNL,20160531,7.48,7.6,7.36,7.6,140400
SYPR,20160531,0.97,1,0.97,1,7600
TACO,20160531,9.51,9.53,9.28,9.34,238200
TACT,20160531,7.51,7.66,7.38,7.44,37000
TAIT,20160531,1.05,1.05,0.98,0.98,3500
TANH,20160531,4.21,4.5,4.02,4.21,23300
TAST,20160531,12.32,12.32,12.07,12.12,354300
TATT,20160531,6.95,6.95,6.95,6.95,1200
TAYD,20160531,16.25,16.7,16.25,16.7,500
TBBK,20160531,6.88,6.88,6.61,6.75,122300
TBK,20160531,16.02,16.1,15.83,16.06,13300
TBNK,20160531,26.05,26.35,25.97,26.31,21800
TBPH,20160531,22.81,23.05,22.46,23,1085700
TCBI,20160531,51.47,51.84,50.85,51.24,450400
TCBK,20160531,28.05,28.29,28,28.16,52100
TCFC,20160531,22.37,22.37,21.55,21.73,3200
TCON,20160531,65.1,67.4,65.1,66.8,13200
TCPC,20160531,14.68,14.78,14.61,14.62,132000
TCX,20160531,23.72,23.75,23.25,23.47,57800
TDIV,20160531,26.58,26.64,26.45,26.58,44600
TEAM,20160531,22.85,22.87,22.3,22.57,387300
TECH,20160531,109.97,110.84,109.12,109.88,210900
TEDU,20160531,10.44,10.75,10.42,10.63,392000
TENX,20160531,50.6,51.8,49.8,50.4,22200
TESS,20160531,12.7,13.24,12.61,13.04,21500
TFSL,20160531,18.44,18.49,18.33,18.45,183600
TGA,20160531,1.71,1.73,1.69,1.69,36300
TGLS,20160531,11.15,11.69,11,11.57,34000
TGTX,20160531,7.79,7.79,7.4,7.52,1117800
THFF,20160531,36.48,36.98,35.78,36.94,87500
THRM,20160531,36.52,37.04,36.31,36.58,244000
TIL,20160531,3.18,3.3,3,3,3700
TILE,20160531,17.02,17.02,16.82,16.96,511000
TIPT,20160531,5.86,5.86,5.64,5.65,24600
TITN,20160531,10.59,10.85,10.56,10.67,121700
TLT,20160531,129.02,130.44,128.98,130.16,8344200
TMUS,20160531,42.45,42.97,42.38,42.76,3858700
TNDM,20160531,7,7.09,6.48,6.55,521600
TNXP,20160531,2340,2480,2290,2440,643100
TOPS,20160531,251000,251000,226000,226000,2700
TOUR,20160531,9.24,9.46,9,9.24,1186900
TOWN,20160531,22.14,22.15,21.77,21.85,170900
TQQQ,20160531,17.4083,17.4983,17.1583,17.4167,2353100
TREE,20160531,81.3,84.35,81.17,83.25,493400
TRIB,20160531,11.4,11.65,11.32,11.56,46700
TRIL,20160531,10.78,11.25,10.5,11.05,45600
TRIP,20160531,67.5,68.08,67.18,67.74,1566600
TRMB,20160531,25.08,25.62,25.01,25.58,1720400
TRMK,20160531,24.93,24.97,24.7,24.78,424900
TRNS,20160531,10.02,10.37,10.02,10.37,12000
TROW,20160531,77.66,77.7,76.55,77.06,1943100
TRS,20160531,17.26,17.28,17.05,17.09,91100
TRST,20160531,6.62,6.63,6.51,6.57,430800
TRUE,20160531,7.45,7.77,7.45,7.59,451900
TRVN,20160531,7.12,7.41,7.1,7.32,1163300
TSBK,20160531,15.05,15.05,14.82,14.98,9700
TSC,20160531,13.18,13.18,12.94,13,38100
TSCO,20160531,96.59,97,95.45,96.1,788900
TSEM,20160531,12.9,13.5,12.88,13.36,671600
TSLA,20160531,44.608,44.95,44.3,44.646,2789000
TSRI,20160531,3.8,3.8,3.8,3.8,0
TTEC,20160531,27.37,27.38,26.96,27.3,78000
TTEK,20160531,30.48,30.66,29.73,30.6,613700
TTGT,20160531,8.04,8.16,7.98,8.03,75000
TTMI,20160531,7.62,7.85,7.5,7.83,678200
TTNP,20160531,42.9,42.96,40.5,42.18,2014600
TTOO,20160531,8.52,8.9,8.52,8.62,49800
TTWO,20160531,38.75,39.3,38.51,38.91,1888400
TUSA,20160531,25.08,25.08,25.02,25.02,1200
TWIN,20160531,9.7,9.85,9.59,9.6,28300
TWOU,20160531,27.87,28.02,27.61,27.84,491500
TXN,20160531,61.02,61.21,60.29,60.6,6196300
TXRH,20160531,45.09,45.13,44.67,44.81,423500
TZOO,20160531,8.14,8.16,8.04,8.1,24600
UAE,20160531,16.15,16.46,16.15,16.46,10900
UBCP,20160531,9.85,9.88,9.84,9.88,2000
UBFO,20160531,5.44,5.49,5.4,5.4,3900
UBND,20160531,47.96,47.96,47.46,47.82,700
UBOH,20160531,18.18,18.18,17.87,18.15,1000
UBSI,20160531,39.91,40.04,39.53,39.81,239700
UCBI,20160531,20.25,20.32,20.06,20.13,594300
UCTT,20160531,5.91,5.91,5.65,5.7,143200
UEIC,20160531,65.32,65.49,64.07,64.93,91500
UEPS,20160531,10.99,11.02,10.65,10.99,252500
UFCS,20160531,41.54,42.05,40.75,41.17,144000
UFPI,20160531,84.65,84.65,83.04,83.94,121900
UFPT,20160531,21.2,21.96,21.19,21.55,40600
UG,20160531,17.26,17.4,16.76,17.2,6000
UHAL,20160531,374.84,376.97,374.03,376.66,94900
UIHC,20160531,17.83,17.86,17.41,17.56,188900
ULBI,20160531,4.3,4.3,4.05,4.12,12800
ULH,20160531,14.01,14.48,14.01,14.44,11700
ULTA,20160531,233.48,234.15,231.36,233.01,2141800
UMBF,20160531,58.22,58.32,56.78,57.55,285600
UMPQ,20160531,15.97,16.05,15.89,15.99,1339200
UNAM,20160531,11.6,11.6,11.6,11.6,0
UNB,20160531,33.55,33.87,33.03,33.63,6700
UNTY,20160531,11.8,11.95,11.8,11.82,10300
UPLD,20160531,7.07,7.24,7.07,7.2,13600
URBN,20160531,28.9,29.16,28.37,28.53,1087500
USAK,20160531,20.32,20.77,19.85,19.96,37100
USAP,20160531,11.45,12.08,11.45,11.93,20100
USEG,20160531,21.6,22.8,21.6,21.6,50400
USLB,20160531,25.9,25.9,25.9,25.9,0
USLM,20160531,52,53.49,52,53.49,19400
UTHR,20160531,118.37,119.31,117.54,119.07,855600
UTMD,20160531,65.29,65.44,64.01,65.44,7600
UTSI,20160531,2.01,2.04,1.97,2.01,84800
UVSP,20160531,20.12,20.39,19.76,20.19,80900
VALU,20160531,16.6,16.92,16.53,16.58,3200
VBFC,20160531,23.25,23.25,23.25,23.25,0
VBIV,20160531,3.96,4.01,3.71,3.71,65900
VBLT,20160531,3.64,3.68,3.58,3.68,25600
VBTX,20160531,15.61,15.69,14.35,15.57,34800
VCEL,20160531,2.8,2.88,2.77,2.8,64700
VCIT,20160531,87.07,87.4,86.98,87.37,518000
VCLT,20160531,90.22,90.7,90.03,90.59,97100
VCSH,20160531,79.84,80,79.84,80,519200
VCYT,20160531,5.38,5.5,5.37,5.49,30300
VECO,20160531,17.91,18.07,17.68,17.79,181700
VGIT,20160531,65.73,65.96,65.7,65.91,62800
VGLT,20160531,79.53,80.35,79.5,80.35,38900
VGSH,20160531,61,61.09,60.99,61.05,72100
VIA,20160531,49.18,49.18,47.63,48.2,85300
VIAV,20160531,6.84,6.87,6.79,6.83,1222300
VICR,20160531,10.21,10.29,9.98,10.16,54600
VIGI,20160531,55.42,55.48,55,55.1,17600
VIRC,20160531,3.8,3.8,3.52,3.53,13100
VIRT,20160531,17.6,17.82,17.39,17.81,400700
VIVO,20160531,19.49,19.55,19.32,19.48,182800
VKTX,20160531,1.33,1.42,1.31,1.38,800500
VLGEA,20160531,27.15,27.25,26.76,27.1,33700
VMBS,20160531,53.43,53.48,53.35,53.45,141900
VNDA,20160531,10.63,10.82,10.21,10.4,959800
VNET,20160531,14.05,14.61,13.88,14.52,1948900
VNOM,20160531,18.87,19.5,18.87,19.38,45400
VNQI,20160531,53.78,53.93,53.55,53.69,224800
VOD,20160531,34.49,34.56,33.86,33.99,3302200
VONE,20160531,96.52,96.55,95.94,96.27,10500
VONG,20160531,103.5,103.56,103.06,103.37,91200
VONV,20160531,89.95,90,89.26,89.59,33700
VOXX,20160531,3.21,3.34,3.16,3.31,101300
VRA,20160531,15.51,15.95,15.23,15.32,906000
VRAY,20160531,4.85,4.9,4.52,4.73,13400
VRNS,20160531,23.73,24.38,23.52,24.32,294300
VRNT,20160531,33.35,33.35,32.81,32.99,660100
VRSK,20160531,79.57,79.62,78.91,79.39,952600
VRSN,20160531,85.06,86.14,84.25,85.46,683200
VRTS,20160531,81.24,82.56,80.07,81.41,96100
VRTX,20160531,90.62,93.6,90.61,93.15,1740900
VSAT,20160531,70.09,70.25,68.73,69.03,458100
VSEC,20160531,33.17,33.605,32.8,33.605,7900
VSTM,20160531,1.5,1.52,1.45,1.49,189400
VTGN,20160531,3.82,3.95,3.8,3.8,22400
VTHR,20160531,96.2,96.2,95.7,95.95,76700
VTIP,20160531,49.01,49.06,48.98,49.01,344500
VTNR,20160531,1.43,1.45,1.37,1.4,44900
VTVT,20160531,5.65,5.99,5.54,5.96,13900
VTWG,20160531,99.77,100.25,99.62,99.62,2100
VTWO,20160531,92.03,92.41,91.79,92.14,20400
VTWV,20160531,84.03,84.4,83.78,83.78,2100
VUZI,20160531,5.83,5.91,5.64,5.9,149000
VWOB,20160531,77.52,77.7,77.38,77.38,77000
VXUS,20160531,45.73,45.83,45.32,45.44,1009300
VYGR,20160531,13.8,14.25,13.76,13.88,94000
VYMI,20160531,55.45,55.45,54.71,54.89,16800
WABC,20160531,48.81,48.81,48.29,48.65,104200
WAFD,20160531,25.05,25.08,24.89,24.99,359100
WASH,20160531,38.77,38.78,38.3,38.32,79100
WATT,20160531,10.65,10.74,10.52,10.6,529200
WB,20160531,26.05,26.63,25.75,26.59,1758100
WBA,20160531,76.94,77.59,76.65,77.4,5007400
WDAY,20160531,75.99,77.14,75.41,75.84,4926600
WDC,20160531,45.53,46.55,44.89,46.54,7898200
WDFC,20160531,111.99,111.99,110.75,111.37,51400
WEN,20160531,10.31,10.34,10.19,10.28,3571100
WERN,20160531,24.56,24.96,24.56,24.89,907400
WETF,20160531,12.47,12.72,12.28,12.4,2589200
WEYS,20160531,27.72,27.94,27.33,27.56,32500
WHF,20160531,10.38,10.53,10.3,10.46,38600
WHLM,20160531,6.73,7.1,6.54,7.1,7100
WHLR,20160531,12.16,12.16,12,12.08,43100
WHLRP,20160531,20.74,20.74,20.74,20.74,500
WILC,20160531,3.71,4.66,3.71,4.44,95300
WINA,20160531,98.3,98.78,98.01,98.25,1900
WING,20160531,28.14,28.14,27.61,27.9,186200
WINT,20160531,2.6,2.73,2.58,2.64,15600
WIRE,20160531,38.99,39.35,38.58,38.99,81600
WIX,20160531,26.85,27.69,26.52,27.66,996100
WKHS,20160531,7.08,7.09,6.84,6.99,24300
WLDN,20160531,10.09,10.1,9.95,9.96,9600
WLFC,20160531,24.62,24.86,24.46,24.46,12400
WLTW,20160531,128.5,128.69,127.19,128.02,1384200
WOOD,20160531,48.52,48.72,48.42,48.61,7500
WOOF,20160531,65.57,65.57,64.62,64.93,426200
WPRT,20160531,2.08,2.18,2.08,2.15,113200
WRLD,20160531,43.23,44.48,42.33,43.68,118900
WSBC,20160531,32.87,32.87,32.52,32.66,110600
WSBF,20160531,14.47,14.53,14.21,14.48,64600
WSFS,20160531,36.38,36.63,35.36,35.47,178300
WSTG,20160531,17.24,17.83,16.94,17.13,5400
WTBA,20160531,18.83,19.1,18.69,18.82,11300
WTFC,20160531,53.13,53.52,52.89,53.27,327100
WTFCM,20160531,28.26,28.3,27.72,28.3,7600
WVE,20160531,15.55,16.01,15.27,15.91,22200
WVFC,20160531,11.6,11.7,11.6,11.7,600
WVVI,20160531,7.39,7.39,7.3,7.38,1700
WWD,20160531,56.76,57.28,56.65,56.94,294300
WYNN,20160531,96.4,97.7,95.7,96.18,2139000
XBIT,20160531,14.5,15.65,14.5,15.4,534100
XELB,20160531,5.93,6,5.85,6,8400
XENE,20160531,6.61,6.93,6.5,6.93,21600
XENT,20160531,13.27,13.27,12.92,13.13,267700
XLNX,20160531,47.45,47.45,46.86,47.39,2316400
XLRN,20160531,34.15,34.41,33.5,34.21,464200
XNCR,20160531,13.96,14.39,13.94,14.13,198000
XNET,20160531,6.2,6.41,6.17,6.38,535700
XOMA,20160531,13.8,14,13.6,13.8,811800
XONE,20160531,10.46,10.88,10.37,10.52,147900
XRAY,20160531,62.69,62.69,61.85,62.16,1670800
XTLB,20160531,5.15,5.15,5.15,5.15,600
YNDX,20160531,20.06,20.83,19.99,20.6,3364100
YORW,20160531,27.61,27.61,26.77,27,168300
YY,20160531,44.49,45.5,42.71,43.45,3963500
Z,20160531,28.68,28.95,28.38,28.68,2060500
ZBRA,20160531,52.94,53.29,52.75,53.11,547400
ZEUS,20160531,23.79,24.58,23.51,23.71,294300
ZG,20160531,28.99,29.46,28.93,29.24,517700
ZGNX,20160531,9.94,10.21,9.88,10.08,216100
ZION,20160531,28.39,28.48,27.92,28.02,2272500
ZIOP,20160531,7.42,7.8,7.29,7.79,2585000
ZIXI,20160531,4.01,4.04,3.98,4.02,494700
ZNGA,20160531,2.58,2.6,2.55,2.57,7696500
ZSAN,20160531,36,36,36,36,0
ZUMZ,20160531,14.54,14.98,14.49,14.88,700800
ZYNE,20160531,7.75,9.29,7.75,8.74,456200
