AAL,20161201,46.2,47.09,45.66,45.75,7435100
AAME,20161201,4,4,3.75,3.76,3900
AAOI,20161201,24.79,25.11,23.21,23.4,374400
AAON,20161201,33.05,33.5,32.35,32.7,134800
AAPL,20161201,27.59,27.735,27.2575,27.3725,37086800
AAWW,20161201,49.4,50.55,49.4,49.75,130500
AAXJ,20161201,57.08,57.13,56.72,56.86,1278600
ABCB,20161201,44.75,44.85,44.4,44.45,211600
ABEO,20161201,6.2,6.4,6.1,6.2,292000
ABIO,20161201,43.2,46.44,42.3,43.2,45200
ABMD,20161201,112.08,112.96,106.59,107.39,783000
ABTX,20161201,30.95,31.2,30.5,30.8,14400
ABUS,20161201,2.7,2.8,2.65,2.7,165900
ACAD,20161201,27.09,27.48,26.46,26.48,1905500
ACBI,20161201,16,16.45,16,16.3,69900
ACET,20161201,20.35,20.63,20.03,20.19,173900
ACGL,20161201,27.6967,27.9067,27.6333,27.7667,497900
ACHC,20161201,38.25,38.95,37.57,38.08,1025400
ACIU,20161201,11.7,11.89,11.48,11.58,69800
ACIW,20161201,18.68,18.82,17.92,18.04,505300
ACLS,20161201,13.7,13.8,12.65,12.8,95000
ACNB,20161201,31.3,31.92,30.95,30.95,6300
ACOR,20161201,20.95,21.35,20.2,20.25,519900
ACRS,20161201,29.78,30.63,28.36,29.01,452100
ACRX,20161201,3.1,3.1,2.85,2.85,257200
ACST,20161201,11.2,11.92,9.76,10.96,91200
ACTG,20161201,6.95,7.15,6.8,6.8,187300
ACWI,20161201,58.59,58.63,58.22,58.29,10380900
ACWX,20161201,39.95,39.95,39.7,39.74,1149300
ADAP,20161201,4.17,4.32,4.1,4.16,81000
ADBE,20161201,102.82,102.92,98.87,99.51,5121200
ADES,20161201,9,9.35,8.8,9.18,45000
ADI,20161201,73.56,74.18,68.67,69.01,5518500
ADMA,20161201,5.7,5.7,5.41,5.41,14600
ADMP,20161201,2.8,2.95,2.8,2.85,99100
ADMS,20161201,15.09,15.24,14.31,14.55,176500
ADP,20161201,95.99,96.19,95.2,95.77,2056900
ADRE,20161201,33.32,33.32,32.45,32.45,8300
ADSK,20161201,72.77,73.24,69,69.22,4349800
ADTN,20161201,20.45,20.8,20.4,20.6,444000
ADUS,20161201,34.9,35.35,33.6,33.8,60000
ADVM,20161201,2.9,2.95,2.8,2.8,230400
ADXS,20161201,124.95,125.85,119.25,120.3,852500
AEHR,20161201,3.03,3.06,3,3.05,4800
AEIS,20161201,55.01,55.78,51.66,52.1,737300
AEMD,20161201,69.15,69.15,68.1,68.7,8800
AERI,20161201,37.15,38.5,35.2,36.8,474600
AEY,20161201,1.74,1.76,1.73,1.76,7000
AEZS,20161201,3.45,3.45,3.3,3.4,151500
AFMD,20161201,2.05,2.1,1.95,1.95,235300
AGEN,20161201,4.16,4.16,3.9,3.95,1975800
AGFS,20161201,2.8,2.97,2.77,2.86,251400
AGIO,20161201,58.63,59.83,56.52,58.06,670200
AGLE,20161201,5.19,5.81,5.19,5.7,46900
AGNC,20161201,18.66,18.7,17.92,18.09,10664000
AGNCP,20161201,25.02,25.24,25.02,25.08,12200
AGRX,20161201,6.86,6.97,6.75,6.75,39800
AGTC,20161201,9.2,9.45,8.7,8.7,91900
AGYS,20161201,10.5,10.78,9.95,10.01,34600
AGZD,20161201,47.9,48.14,47.9,48.13,3300
AHPAU,20161201,10.25,10.25,10.25,10.25,0
AHPI,20161201,1.21,1.32,1.11,1.21,67300
AIA,20161201,48.34,48.36,48.19,48.23,28800
AIMC,20161201,34.95,35.65,34.55,35.38,159500
AINV,20161201,18.6,18.6,17.85,18.12,2806400
AIQ,20161201,7.55,7.6,7.35,7.5,15000
AIRG,20161201,20.11,20.57,18,19.06,273700
AIRR,20161201,23.06,23.25,23.01,23.07,207200
AIRT,20161201,19.5,19.5,18.7,18.7,1300
AKAM,20161201,66.48,66.5,63.5,63.51,2888700
AKBA,20161201,8.65,8.79,8.45,8.48,95600
AKTX,20161201,7.13,7.13,6.91,6.92,3200
ALBO,20161201,24.64,25.46,22.4,25.45,36200
ALCO,20161201,27.45,27.72,26.95,27.3,5800
ALDX,20161201,5.2,5.88,5.05,5.05,42200
ALGN,20161201,93.12,93.68,91.46,92.54,1439500
ALGT,20161201,163.65,166.35,159,160.6,140600
ALIM,20161201,1.11,1.13,1.05,1.06,449400
ALJJ,20161201,4.38,4.5,4.25,4.3,49900
ALKS,20161201,56.62,57.37,54.77,54.89,1141700
ALLT,20161201,4.64,4.67,4.55,4.55,58800
ALNY,20161201,44.13,44.75,41.32,41.58,1990300
ALOT,20161201,13,13.05,12.9,12.98,4000
ALRM,20161201,30,30.03,28.34,28.86,574500
ALTY,20161201,14.64,14.64,14.58,14.58,2700
AMAT,20161201,32.14,32.18,29.85,30.1,25173900
AMBA,20161201,61.46,61.86,59.15,61.39,1730800
AMCX,20161201,55.09,55.33,54.55,55.24,750200
AMD,20161201,8.92,9.03,8.26,8.39,56682300
AMED,20161201,39.58,39.85,39,39.49,208900
AMGN,20161201,144.24,144.24,142.14,142.39,3893900
AMKR,20161201,11.76,11.86,10.56,10.7,2628500
AMNB,20161201,31.4,31.4,30.5,30.95,13900
AMOT,20161201,21.37,22.2,21.29,21.46,13600
AMPH,20161201,20.26,20.39,19.57,19.67,320200
AMRK,20161201,16.73,16.85,16.11,16.39,42700
AMRN,20161201,3.23,3.23,3.06,3.08,2260800
AMRS,20161201,13.35,13.5,12.3,12.3,3094600
AMSC,20161201,7.75,7.9,7.71,7.79,32600
AMSF,20161201,64.05,64.8,64.05,64.5,82100
AMSWA,20161201,11.1,11.27,10.2,10.2,108600
AMTX,20161201,1.71,1.75,1.66,1.66,16300
AMWD,20161201,77,77.72,72.85,73.65,194000
AMZN,20161201,752.41,753.37,738.03,743.65,4665900
ANAT,20161201,121.13,123.39,121.13,122.6,16300
ANDE,20161201,39.4,40.15,39.25,39.8,117700
ANGI,20161201,8.65,8.73,8.09,8.15,291700
ANGO,20161201,16.28,16.56,15.91,16.19,304700
ANIK,20161201,46.53,47.18,46.41,46.94,147900
ANIP,20161201,59.11,59.65,58,58.54,239700
ANSS,20161201,94.38,94.84,93.31,93.61,962500
ANY,20161201,0.8,0.85,0.74,0.78,216100
AOSL,20161201,21.55,21.93,19.9,19.93,228800
APDN,20161201,92,94,88,88,46700
APEI,20161201,23.3,23.77,22.95,23.2,68400
APOG,20161201,47.6,48.51,47.53,48.07,247300
APOP,20161201,58.6,58.8,54.2,57,12400
APPF,20161201,21.8,22,21.08,21.45,18200
APPS,20161201,0.8,0.8,0.7,0.7,221700
APTO,20161201,0.93,0.94,0.9,0.91,63300
APVO,20161201,26.6,26.88,24.5,26.04,233800
APWC,20161201,2.31,2.4,2.2,2.4,3800
AQMS,20161201,12.35,12.6,12,12.1,163200
ARAY,20161201,4.85,5.15,4.8,4.95,925900
ARCB,20161201,30.6,31.25,30.45,31.1,329800
ARCC,20161201,16.13,16.14,16,16.04,1752100
ARDX,20161201,14.8,15.3,13.65,14.1,144000
ARKR,20161201,22,22,21.58,21.65,1200
ARLP,20161201,24.05,24.05,23,23.25,314400
ARNA,20161201,14.8,14.8,14,14,1924000
AROW,20161201,38.05,38.7,38,38.45,20400
ARRY,20161201,8.08,8.16,7.81,7.92,4275900
ARTNA,20161201,31.47,32.2,31.29,31.49,13700
ARTW,20161201,3.15,3.15,3.15,3.15,400
ARWR,20161201,1.5,1.53,1.32,1.32,5629100
ASET,20161201,25.28,25.28,25.28,25.28,0
ASMB,20161201,12.96,12.96,12.55,12.71,21500
ASML,20161201,102.67,102.74,99.68,99.99,837800
ASND,20161201,20.7,21,19.74,20.46,166100
ASPS,20161201,27.13,27.56,25.9,25.99,384800
ASRV,20161201,3.55,3.65,3.55,3.55,15400
ASTC,20161201,1.64,1.65,1.57,1.58,51300
ASTE,20161201,66.36,68.05,66.36,67.03,238500
ASUR,20161201,8.9,9.05,8,8.27,71600
ASYS,20161201,4.34,4.36,4.18,4.26,28400
ATAI,20161201,3.7,3.98,3.69,3.79,20200
ATAX,20161201,5.65,5.7,5.5,5.55,258200
ATEC,20161201,5.19,5.26,5.01,5.09,52300
ATHX,20161201,1.65,1.67,1.56,1.56,452400
ATLC,20161201,2.99,2.99,2.99,2.99,800
ATLO,20161201,29.9,31.65,29.9,31.45,8500
ATNI,20161201,72.39,73.86,72.31,72.58,53400
ATOM,20161201,6.81,6.81,6.52,6.52,3800
ATOS,20161201,23.76,25.32,22.8,23.52,215400
ATRA,20161201,19.7,20.65,19,19.2,372700
ATRC,20161201,17.95,18.35,17.76,18.32,286800
ATRI,20161201,497.55,497.55,488.4,488.4,4800
ATRO,20161201,37.12,37.78,36.64,36.89,61500
ATRS,20161201,2.02,2.03,1.91,1.93,705600
ATSG,20161201,16.36,16.47,16.14,16.28,189800
ATVI,20161201,36.65,36.73,35.46,35.58,12374400
AUBN,20161201,28.76,28.8,28.72,28.8,400
AUDC,20161201,6.19,6.24,6.09,6.14,132500
AUPH,20161201,3.02,3.08,2.94,2.96,496400
AVAV,20161201,28.52,28.84,27.53,27.84,190000
AVEO,20161201,6.2,6.4,6.1,6.1,310300
AVGO,20161201,170.01,170.49,161.21,162.79,4638900
AVGR,20161201,1540,1612,1536,1580,155100
AVHI,20161201,15.8,16.05,15.55,15.95,62500
AVID,20161201,4.22,4.22,4.04,4.17,640100
AVIR,20161201,1.39,1.45,1.36,1.37,33000
AVNW,20161201,12.54,12.75,12.44,12.65,7600
AVXL,20161201,3.97,4,3.7,3.81,791000
AWRE,20161201,5.85,5.9,5.65,5.7,75000
AXDX,20161201,25,25,23.15,23.3,279600
AXGN,20161201,8.4,8.5,8.05,8.2,269300
AXSM,20161201,6.55,7,6.25,6.25,19200
AXTI,20161201,4.75,4.9,4.35,4.35,412100
AZPN,20161201,52.91,53.03,51.73,52.03,533400
BANF,20161201,82.85,82.85,81.7,82.4,50800
BANFP,20161201,28.28,28.28,28.28,28.28,0
BANR,20161201,52.4,53.03,52.22,52.98,633900
BANX,20161201,18.6,18.75,18.35,18.4,3300
BATRA,20161201,20.19,20.29,19.59,19.79,37700
BATRK,20161201,19.93,20,19.45,19.6,109800
BBBY,20161201,44.9,45.74,44.65,45.41,2043900
BBGI,20161201,6.6,6.6,6.2,6.3,3700
BBH,20161201,109.42,109.42,106.83,107.06,61000
BBSI,20161201,58.21,58.92,56.93,57.26,59000
BCBP,20161201,12.23,12.3,12.2,12.25,3500
BCLI,20161201,2.14,2.2,2.09,2.09,50800
BCOR,20161201,14.25,14.3,13.6,13.65,413900
BCOV,20161201,8.35,8.4,7.8,7.9,403800
BCPC,20161201,79.71,81.18,78.95,79.91,123700
BCRX,20161201,5.58,5.63,5.1,5.18,805800
BDSI,20161201,1.65,1.8,1.6,1.75,697700
BEAT,20161201,19.5,19.95,19.3,19.8,334900
BECN,20161201,46.68,47.16,45.92,46.05,621700
BELFA,20161201,23.15,24,23.15,23.85,2400
BELFB,20161201,29.65,30.5,29.45,29.85,39500
BFIN,20161201,14.14,14.6,14.14,14.49,30200
BGCP,20161201,9.85,9.94,9.8,9.93,1079800
BGFV,20161201,19.15,19.5,18.25,18.35,823200
BGNE,20161201,31.6,31.93,30.48,30.8,97500
BIB,20161201,43.12,43.12,41.04,41.26,675500
BICK,20161201,22,22,21.68,21.68,1500
BIDU,20161201,167.52,167.82,161.8,163.08,2275100
BIIB,20161201,272.9436,273.2476,269.9869,272.4462,1684700
BIOC,20161201,9.1,9.1,8.4,8.4,208900
BIOL,20161201,8.75,8.95,8.15,8.25,67200
BIS,20161201,32.78,34.42,32.78,34.26,327100
BJRI,20161201,37.4,37.9,37,37.65,341400
BKCC,20161201,7.43,7.49,7.38,7.38,141600
BKEP,20161201,6.55,6.7,6.4,6.45,52700
BKEPP,20161201,8,8,7.85,7.85,9600
BKSC,20161201,20.75,20.75,20.58,20.75,1500
BL,20161201,26.06,27.95,25.72,26.79,233200
BLBD,20161201,16.55,16.7,16.23,16.4,38400
BLCM,20161201,185.2,187,166.8,169.8,591800
BLDP,20161201,1.91,1.93,1.85,1.86,545800
BLFS,20161201,1.6,1.66,1.57,1.62,41700
BLIN,20161201,32,32,30,31.5,9700
BLKB,20161201,63.04,64.78,60.19,60.54,436300
BLMN,20161201,18.66,18.86,18.54,18.85,988000
BLPH,20161201,7.05,9.15,6.6,9,1182000
BLRX,20161201,15.3,15.3,15,15.15,138300
BLUE,20161201,74.5,76.75,66.4,68.65,6758300
BMRA,20161201,2.07,2.21,2,2.21,15100
BMRC,20161201,31.8,32.485,31.5,32,16500
BMRN,20161201,85.97,86.46,82.51,83.33,1194500
BMTC,20161201,37.1,38.47,37.1,38.2,115400
BNDX,20161201,54.39,54.39,54.09,54.14,1166800
BNFT,20161201,27.45,28.1,26.05,26.3,352600
BNSO,20161201,2.24,2.47,2.12,2.45,203700
BNTC,20161201,14.4,16.1,14.4,16,17000
BOKF,20161201,81.06,82.53,80.85,81.98,226000
BOOM,20161201,16.4,16.5,15.4,15.65,62800
BOSC,20161201,1.98,2.1,1.93,1.96,120300
BOTJ,20161201,14.5,14.5,14.5,14.5,500
BOTZ,20161201,15.11,15.11,14.9,14.9,8300
BPMC,20161201,30.21,30.21,27.21,28,705200
BPOP,20161201,40.96,41.24,40.6,40.81,630700
BPOPM,20161201,21.71,21.99,21.71,21.99,2700
BPOPN,20161201,23.87,23.93,23.8,23.81,4400
BPTH,20161201,250,258,246,246,109500
BRID,20161201,12.25,12.9,11.8,11.9,3800
BRKL,20161201,15,15.15,14.95,14.95,261900
BRKR,20161201,22.65,23.3,22.42,22.51,623200
BRKS,20161201,16.35,16.52,15.39,15.48,524200
BSET,20161201,29.2,29.45,28.7,28.9,14300
BSQR,20161201,5.75,5.8,5.65,5.7,70700
BSRR,20161201,23,23.48,23,23.47,55000
BTEC,20161201,24.51,24.51,24.51,24.51,0
BUSE,20161201,27.63,27.81,27.14,27.8,152400
BVXV,20161201,3.56,3.67,3.54,3.67,1300
BWEN,20161201,4.13,4.25,4.05,4.06,15800
BWFG,20161201,28.95,29.5,28.95,29.2,9200
BYFC,20161201,1.6,1.6,1.57,1.58,5700
BZUN,20161201,15.09,15.35,14.02,14.13,747500
CAAS,20161201,7,7.05,6.54,6.75,121400
CAC,20161201,38.89,39.5,38.89,39.48,45400
CACC,20161201,191.19,193.98,189,191.07,115700
CAKE,20161201,59,61.23,58.8,60.81,857100
CALA,20161201,3.55,3.55,3.25,3.25,148900
CALM,20161201,40.25,41.5,40.2,40.95,391700
CAMP,20161201,14.61,14.98,14.56,14.76,340100
CAMT,20161201,2.96,3,2.94,2.96,73300
CAPR,20161201,31.9,31.9,31.1,31.1,8400
CAR,20161201,38.48,39.45,38.09,38.83,1725300
CARA,20161201,9.02,9.21,8.61,8.96,1171300
CARV,20161201,5.76,5.76,5.76,5.76,900
CARZ,20161201,33.7,33.74,33.66,33.66,1700
CASH,20161201,30.4167,30.92,30.1167,30.15,96900
CASI,20161201,1.37,1.37,1.25,1.25,78400
CASS,20161201,69.77,70.64,69.54,70.07,25000
CASY,20161201,119.91,121.82,119.31,120.83,458100
CATH,20161201,26.84,26.87,26.71,26.78,5800
CATY,20161201,35.42,35.7,35.17,35.68,438500
CBAN,20161201,11.35,11.35,11.15,11.2,5500
CBAY,20161201,1.98,2.04,1.86,1.89,28400
CBFV,20161201,24.5,24.5,24.45,24.5,8900
CBIO,20161201,10.5,10.8,10.35,10.35,26900
CBRL,20161201,163.98,167.45,163.58,167.41,366000
CBSH,20161201,55.31,56.37,55.15,56.33,602300
CCBG,20161201,18.9,18.9,18.49,18.61,14000
CCD,20161201,17.55,17.57,17.38,17.44,103800
CCLP,20161201,10.14,10.49,10.02,10.1,32100
CCMP,20161201,59.83,60.33,57.97,58.55,141200
CCNE,20161201,23.33,23.89,23.21,23.84,39700
CCOI,20161201,37.5,37.85,36.08,36.3,579100
CCRN,20161201,14.31,14.95,14.31,14.65,269500
CCXI,20161201,7.9,8.03,7.71,7.84,331300
CDC,20161201,40.56,40.66,40.47,40.55,96300
CDEV,20161201,18.47,18.56,17.86,17.98,1078100
CDK,20161201,57.85,58.22,56.5,57.15,936200
CDL,20161201,39.79,39.79,39.46,39.46,12600
CDNA,20161201,3.45,3.6,3.4,3.4,11500
CDNS,20161201,26.18,26.19,25.14,25.18,2138600
CDTX,20161201,10.4,11.08,9.8,10.15,26100
CDW,20161201,51.12,52.93,51.12,52.84,1209700
CDXC,20161201,2.45,2.48,2.3,2.31,155200
CDXS,20161201,4.75,5,4.65,4.65,67300
CDZI,20161201,10,10.35,9.9,10.2,640900
CECE,20161201,14.08,14.23,13.52,13.78,376400
CEMI,20161201,6.57,7,6.56,6.85,28800
CENT,20161201,28.74,29.12,28.37,28.38,162900
CENTA,20161201,27.32,27.7,26.92,27.01,155500
CENX,20161201,9.28,9.36,9.05,9.28,1694100
CERN,20161201,49.3,49.87,47.55,47.98,4911900
CERS,20161201,5.25,5.31,4.89,4.93,1481600
CETX,20161201,36,36.72,32.8,32.96,276000
CEVA,20161201,31.55,31.75,29,29.65,309500
CFA,20161201,39.86,39.99,39.7,39.7,21500
CFBK,20161201,8.03,8.14,7.975,7.975,14700
CFFI,20161201,45,45.8,44,44,12400
CFFN,20161201,15.93,16.08,15.91,16.03,584500
CFMS,20161201,9,9.19,8.69,8.8,217900
CFO,20161201,39.9,39.9,39.64,39.69,54500
CFRX,20161201,24.5,24.9,21,21.5,34400
CG,20161201,15.75,15.9,15.51,15.65,538600
CGEN,20161201,6,6.15,5.75,5.85,132400
CGNT,20161201,2.6,2.99,2.6,2.8,589400
CGNX,20161201,30.005,30.49,29.3,29.54,670000
CGO,20161201,10.49,10.51,10.42,10.5,34400
CHCI,20161201,1.85,1.85,1.85,1.85,200
CHCO,20161201,61.68,62.49,61.37,62,53100
CHDN,20161201,51.15,51.2,49.75,50.55,196300
CHEF,20161201,12.9,13.35,12.7,12.9,131900
CHEK,20161201,26.52,28.2,26.16,27.36,98000
CHI,20161201,9.89,9.89,9.79,9.84,294600
CHKP,20161201,82.28,82.51,81.21,81.31,2050500
CHMG,20161201,32.08,32.08,31.4,31.4,1600
CHNR,20161201,2.63,2.7,2.4,2.7,60600
CHRS,20161201,26.9,28.05,26.34,27.55,360700
CHRW,20161201,74.82,75.18,74.32,74.86,1440000
CHSCL,20161201,27.25,27.35,27.05,27.06,61000
CHSCM,20161201,26.44,26.71,25.96,26.53,25400
CHSCN,20161201,26.92,27.07,26.6,26.65,26700
CHSCO,20161201,28.9,29.3,28.8,29.1,19800
CHSCP,20161201,31.12,31.45,30.84,31.17,7500
CHTR,20161201,273.55,276,269.95,272.55,1401200
CHUY,20161201,31.35,32.65,31.35,32.6,260200
CHW,20161201,7.08,7.11,6.97,7,415900
CHY,20161201,10.37,10.4,10.3,10.31,195100
CIBR,20161201,19.97,19.97,19.36,19.44,41700
CID,20161201,30.68,30.71,30.53,30.61,9600
CIDM,20161201,1.5,1.52,1.2,1.35,152500
CIGI,20161201,35.3,36.35,35,36.35,26700
CIL,20161201,32.07,32.07,31.88,31.92,8900
CINF,20161201,76.93,77.34,76.65,77.12,630900
CIVB,20161201,18.78,19.38,18.07,18.5,43700
CIZ,20161201,28.36,28.4,28.16,28.22,22500
CIZN,20161201,24.25,25.96,24.25,24.3,1400
CJJD,20161201,1.65,1.74,1.64,1.65,7800
CLBS,20161201,3.86,3.86,3.66,3.74,4300
CLDX,20161201,57.6,57.75,52.8,53.55,3450500
CLFD,20161201,19.35,19.65,18.9,19.1,29300
CLIR,20161201,3.9,4.15,3.9,4.05,66600
CLLS,20161201,17.09,17.09,16.09,16.4,129600
CLMT,20161201,4.05,4.35,4.05,4.25,354800
CLNE,20161201,3.7,3.7,3.5,3.55,1451800
CLRB,20161201,17.2,17.5,13.5,14.1,1393700
CLRO,20161201,11.05,11.05,10.51,10.95,8300
CLSD,20161201,14.52,15.9,13.9,15.36,163000
CLSN,20161201,0.7,0.72,0.65,0.68,198700
CLVS,20161201,34.32,36.53,34.27,35.56,1739800
CLWT,20161201,2.3267,2.3267,2.3267,2.3267,100
CMCO,20161201,26.95,26.95,26.01,26.35,58400
CMCSA,20161201,34.705,35.025,34.615,34.93,9673400
CMCT,20161201,15.3,15.35,15.2,15.25,1900
CME,20161201,113.59,115.31,113,114.92,1845700
CMLS,20161201,1.21,1.22,1.03,1.06,228400
CMPR,20161201,86.85,87.95,82.57,83.18,187900
CMRX,20161201,4.84,5.01,4.72,4.77,493300
CMTL,20161201,11.55,11.72,11.36,11.68,255800
CNBKA,20161201,54.35,56,54.15,55.8,6200
CNCE,20161201,9.11,9.22,8.63,8.68,101300
CNCR,20161201,22.81,22.81,22.08,22.08,4500
CNET,20161201,1.21,1.22,1.2,1.22,13400
CNFR,20161201,7.25,7.3,7.15,7.15,7500
CNOB,20161201,23.5,23.9,23.4,23.55,112700
CNSL,20161201,28.71,29.09,28.17,28.27,303100
CNTY,20161201,6.94,7,6.86,6.95,31100
CNXN,20161201,27.02,27.44,26.5,26.9,59200
COGT,20161201,3.2,3.3,3.17,3.25,204300
COHR,20161201,130.58,134.97,124.94,126.96,334700
COHU,20161201,12.47,12.78,12.01,12.14,72800
COKE,20161201,161.53,165.9,157.86,159.01,32900
COLB,20161201,40.19,41.26,39.71,41.06,452100
COLL,20161201,16.67,16.98,16.3,16.61,167800
COLM,20161201,56.92,58.31,56.83,58.29,215600
COMM,20161201,35.93,36.08,35.28,35.5,2059000
COMT,20161201,33.56,33.92,33.56,33.7,264100
CONE,20161201,42.61,42.61,40.48,40.9,1782000
CONN,20161201,11.2,11.65,11,11.2,327800
COOL,20161201,3.23,3.23,3.15,3.15,2400
CORT,20161201,8.4,8.47,7.89,7.95,716200
COST,20161201,150.11,152.88,150.11,151.74,2305500
COUP,20161201,31.74,31.74,27.7,27.78,502400
COWN,20161201,3.65,3.7,3.45,3.5,1318200
COWNL,20161201,25.65,25.65,25.65,25.65,500
CPAA,20161201,10.55,10.75,10.55,10.75,1200
CPAAU,20161201,10.85,10.85,10.7,10.7,1800
CPAAW,20161201,2.2,2.2,2.2,2.2,1000
CPHC,20161201,10.15,10.15,10.15,10.15,0
CPIX,20161201,5.55,5.61,5.4,5.44,29300
CPLP,20161201,2.9,2.92,2.83,2.87,1005900
CPRT,20161201,27.465,27.49,27.12,27.345,627600
CPRX,20161201,1.1,1.1,1.07,1.07,385200
CPSH,20161201,1.39,1.39,1.3,1.31,17200
CPSI,20161201,24.05,24.55,23.85,24.15,261400
CPSS,20161201,5.03,5.3,4.95,4.96,174600
CRAI,20161201,33.02,33.43,32.69,33.34,35700
CRBP,20161201,7.8,7.8,7.25,7.3,673700
CREG,20161201,17.2,17.6,16.5,17.3,4900
CRESY,20161201,16.12,16.12,15.24,15.61,86700
CRIS,20161201,14.55,15.1,14.25,14.85,562100
CRMT,20161201,45.35,45.61,43.95,44.55,81100
CRNT,20161201,2.3,2.3,2.26,2.27,161300
CROX,20161201,7.07,7.3,7,7.19,1148300
CRSP,20161201,21.67,21.7,19.98,19.98,115200
CRTO,20161201,41.33,41.53,38.71,39.27,1498200
CRUS,20161201,55.49,55.94,49.05,49.33,3742300
CRVL,20161201,32.3,32.6,31.48,31.7,91000
CRVS,20161201,15.46,15.87,15,15.59,11400
CRWS,20161201,8.15,8.3,7.68,7.7,62200
CSA,20161201,40.27,40.27,40.1,40.1,1200
CSB,20161201,40.66,40.66,40.02,40.02,3400
CSBR,20161201,2.15,2.31,2.11,2.21,279500
CSCO,20161201,29.84,29.85,29.4,29.45,25996100
CSF,20161201,39.61,39.61,39.12,39.12,15500
CSGP,20161201,192.31,195.27,179.31,180.29,484900
CSGS,20161201,44.82,44.97,43.1,44.6,516100
CSII,20161201,24.15,24.29,23.02,23.35,346100
CSIQ,20161201,11.66,11.7,11.18,11.28,1283600
CSPI,20161201,10.75,10.75,10.28,10.54,5000
CSQ,20161201,10.08,10.11,10,10.02,211500
CSTE,20161201,27.45,27.45,26.35,26.7,338600
CSTR,20161201,19.3,20,19.3,20,51200
CSWC,20161201,14.9,14.9,14.65,14.73,5200
CSWI,20161201,36.8,36.9,36.6,36.9,152100
CSX,20161201,36.07,36.86,36.03,36.62,12083200
CTAS,20161201,114.61,116.01,114.21,115.89,631200
CTBI,20161201,42.25,43.05,42.25,42.75,33100
CTG,20161201,4.18,4.41,4.17,4.19,37700
CTHR,20161201,0.88,0.92,0.84,0.84,113600
CTIB,20161201,6.26,6.26,6.1,6.1,1000
CTIC,20161201,4.3,4.4,4.2,4.4,932300
CTMX,20161201,11,11,10.11,10.21,268300
CTRE,20161201,14.17,14.29,13.89,14.1,426900
CTRN,20161201,17.29,17.78,17.29,17.57,82100
CTSH,20161201,55.24,55.57,53.89,54.08,6484500
CTSO,20161201,5.15,5.2,5,5,59100
CTXS,20161201,68.8694,69.5541,67.6592,68.0494,1356000
CUBA,20161201,6.7,6.89,6.65,6.76,176200
CUTR,20161201,16.45,16.7,16.15,16.5,80100
CVBF,20161201,20.94,21.21,20.73,21.19,644000
CVCO,20161201,94.5,95.93,93,93.5,42900
CVCY,20161201,16.57,16.98,16.4,16.74,17800
CVGI,20161201,5.18,5.35,5.12,5.18,124400
CVGW,20161201,53.95,54.2,51.4,53.65,568400
CVLT,20161201,53.5,53.8,51,51.45,713000
CVLY,20161201,24.25,24.44,23.95,24.02,22500
CVV,20161201,7.79,7.81,7.7,7.74,16200
CWBC,20161201,9.75,9.75,9.47,9.55,3800
CWCO,20161201,10.95,11.1,10.5,10.85,84800
CWST,20161201,12.61,12.73,12.34,12.47,256900
CXDC,20161201,4.65,4.75,4.51,4.55,13200
CXSE,20161201,25.255,25.255,25.255,25.255,100
CYAD,20161201,18.99,18.99,18.22,18.22,1800
CYAN,20161201,3.9,3.9,3.85,3.85,11300
CYBE,20161201,29,29,26.1,26.2,186300
CYBR,20161201,51.16,51.65,48,48.39,706800
CYCC,20161201,90,94.2,79,83.4,139400
CYCCP,20161201,6.15,6.15,6.15,6.15,0
CYRN,20161201,2.2,2.2,2.1,2.15,11100
CYRX,20161201,2.25,2.34,2.25,2.29,13600
CYTK,20161201,11.95,11.95,11.2,11.2,442300
CZNC,20161201,23.81,24.5,23.54,24.38,11700
CZR,20161201,7.5,7.6,7.47,7.55,727500
CZWI,20161201,11.4,11.4,11.17,11.3,67300
DAIO,20161201,4.22,4.34,4.14,4.15,41000
DAKT,20161201,10.3,10.5,10.15,10.48,254100
DAX,20161201,23.62,23.65,23.6,23.6,6300
DBVT,20161201,35.63,36.35,35.51,35.85,140300
DCOM,20161201,18.7,19,18.6,18.8,274300
DCTH,20161201,2.07,2.11,1.93,2,77400
DENN,20161201,12.09,12.44,12.09,12.27,390000
DERM,20161201,32,32,29.84,30.28,367400
DFFN,20161201,41.25,52.5,39,45,48200
DGICA,20161201,16.15,16.3,16.01,16.29,81900
DGICB,20161201,20.55,20.55,20.55,20.55,0
DGII,20161201,13.35,13.65,13.35,13.4,134300
DGLY,20161201,4.95,5.02,4.85,5,57100
DGRE,20161201,21.24,21.24,20.98,21.01,20500
DGRS,20161201,33.37,33.42,33.11,33.23,15000
DGRW,20161201,33.05,33.05,32.7,32.79,167200
DHIL,20161201,207,211.96,207,209.6,13400
DIOD,20161201,24.49,24.49,22.91,23.17,188700
DISCA,20161201,27.22,27.51,27.08,27.15,2909700
DISCB,20161201,28.25,28.25,28.25,28.25,0
DISCK,20161201,26.45,26.89,26.38,26.54,1886400
DISH,20161201,57.31,58.14,55.43,56.22,2690600
DJCO,20161201,246.95,248.09,244.9,248.09,2400
DLHC,20161201,6.24,6.96,6.24,6.41,64100
DLTH,20161201,33.45,33.91,32.71,33.53,230100
DLTR,20161201,86.79,88.07,86.09,86.57,4337600
DMLP,20161201,16.8,17.25,16.7,16.85,53500
DMRC,20161201,31,31.2,28.85,29.45,79600
DORM,20161201,72.13,73.51,72,73.24,223500
DOX,20161201,58.94,59.49,58,58.17,792500
DRIO,20161201,3,3.08,2.98,2.98,11700
DRNA,20161201,3.01,3.08,2.9,2.94,110900
DRRX,20161201,1.3,1.35,1.25,1.27,298800
DSGX,20161201,22,22.5,21.55,21.75,67200
DSPG,20161201,11.75,11.85,11.1,11.4,60000
DSWL,20161201,1.81,1.84,1.8,1.82,8700
DTEA,20161201,9.55,9.65,9.35,9.4,47400
DVAX,20161201,4.4,4.5,4.15,4.35,1492800
DWAC,20161201,24.97,24.97,24.97,24.97,100
DWAT,20161201,10.29,10.29,10.29,10.29,0
DWSN,20161201,8.04,8.04,7.56,7.64,62800
DXCM,20161201,65,65.82,62.67,63.34,1271500
DXGE,20161201,26.44,26.44,26.24,26.26,34900
DXJS,20161201,35.41,35.41,35.04,35.05,66700
DXLG,20161201,4.05,4.25,4.05,4.1,73700
DXPE,20161201,34.11,36.29,33.49,34.97,427200
DXYN,20161201,3.3,3.45,3.3,3.3,23900
DYNT,20161201,2.55,2.55,2.5,2.5,2700
DZSI,20161201,5.6,5.6,5.5,5.5,41200
EA,20161201,79.21,79.28,75.17,75.58,4920100
EBAY,20161201,27.92,28.01,27.28,27.39,9775400
EBIX,20161201,59.55,60,56.9,57.7,469000
EBMT,20161201,19.55,19.55,19.06,19.1,9700
EBSB,20161201,17.85,18.2,17.8,18,167000
EBTC,20161201,31.81,32.95,31.23,32.52,12400
ECHO,20161201,25.05,25.65,24.95,25.5,156300
ECOL,20161201,46.65,47.6,46.4,46.75,123000
ECPG,20161201,27.65,28.2,26.95,26.95,345200
EDAP,20161201,3.02,3.1,3.01,3.01,34500
EDIT,20161201,14.41,14.71,13.87,13.99,356500
EDUC,20161201,4.55,4.6,4.525,4.575,14800
EEFT,20161201,71.17,71.88,71.1,71.79,577000
EEMA,20161201,53.93,54,53.7,53.7,10700
EFAS,20161201,14.91,14.91,14.91,14.91,0
EFOI,20161201,24.5,26.2,23.95,25.35,55700
EFSC,20161201,38.4,39,37.4,38.8,122700
EGAN,20161201,2.4,2.4,2.25,2.25,13000
EGBN,20161201,58.85,60.6,57.9,60.3,205300
EGLE,20161201,46.2,46.2,42.98,44.52,235500
EGRX,20161201,79,79.1,73.51,74.35,388700
EHTH,20161201,10.23,10.52,10,10.05,228600
EIGR,20161201,12.15,12.35,11.63,11.85,11400
EKSO,20161201,65.25,67.35,64.5,65.7,90300
ELSE,20161201,3.44,3.44,3.44,3.44,11000
ELTK,20161201,0.83,0.91,0.83,0.87,400
EMCB,20161201,69.32,69.32,68.68,68.78,67100
EMCF,20161201,26.37,26.4,25.65,25.65,1100
EMIF,20161201,28.23,28.23,27.84,27.88,6000
EMKR,20161201,6.45,6.45,6.1,6.25,212400
EML,20161201,21.46,21.46,20.5,20.5,6300
ENDP,20161201,16.16,16.33,15.78,15.82,3345000
ENG,20161201,1.33,1.47,1.33,1.36,130400
ENPH,20161201,1.12,1.12,1.09,1.11,385500
ENSG,20161201,21.66,22.09,21.61,21.91,371300
ENTA,20161201,31.53,32.36,30.72,31.24,362400
ENTG,20161201,18.05,18.2,17.15,17.4,480600
ENZL,20161201,42.31,42.42,42.15,42.33,271700
EPAY,20161201,25.03,25.24,24.11,24.35,297600
EPIX,20161201,46.6,47,43.4,47,3400
EPZM,20161201,11.1,11.45,10.35,10.5,331600
EQBK,20161201,31.5,32.49,31.5,31.9,25400
EQIX,20161201,338.45,338.45,327.86,329.42,686300
ERIC,20161201,5.15,5.16,5.1,5.12,4053200
ERIE,20161201,107.4,108.26,106.32,108.04,27500
ERII,20161201,10.93,11.02,10.29,10.41,667200
ESBK,20161201,20.38,20.48,20.17,20.3,4900
ESCA,20161201,14,14.3,13.2,13.3,17700
ESEA,20161201,20.8,20.8,17.92,18.4,566300
ESGD,20161201,54.09,54.09,54.09,54.09,100
ESGE,20161201,27.305,27.305,27.305,27.305,0
ESGR,20161201,198.5,198.5,195.6,196.75,19300
ESLT,20161201,98.8,99.45,98.42,98.96,44800
ESPR,20161201,10.83,11.15,10.3,10.68,336000
ESSA,20161201,14.95,14.95,14.85,14.89,21100
ESXB,20161201,6.3,6.35,6.3,6.3,25500
ETSY,20161201,12.38,12.41,11.64,11.93,2788500
EUFN,20161201,18.03,18.16,18,18.14,563300
EVBG,20161201,15.86,16.2,15.34,15.53,126500
EVK,20161201,2.15,2.15,2.15,2.15,0
EVLMC,20161201,100.05,100.05,100.05,100.05,4500
EVLV,20161201,1.67,1.74,1.64,1.65,251400
EVOK,20161201,1.66,1.68,1.57,1.58,80300
EVOL,20161201,3.9,3.95,3.8,3.9,42700
EVSTC,20161201,100.01,100.01,100.01,100.01,5300
EWBC,20161201,48.3,49.04,47.88,48.98,1154700
EWZS,20161201,10.84,10.84,10.38,10.43,132300
EXAS,20161201,14.85,14.86,13.64,13.64,2897300
EXEL,20161201,17,17.04,16.37,16.52,4680400
EXLS,20161201,47.52,47.96,47.21,47.44,239200
EXPD,20161201,52.95,53.58,52.76,53.39,1782000
EXPE,20161201,123.95,124.31,121.75,122.01,1931100
EXPO,20161201,30.4,30.6,29.975,30.1,115000
EXTR,20161201,4.24,4.34,4.22,4.29,443700
EYEG,20161201,25.35,26.55,24.3,24.3,173800
EYES,20161201,16.56,16.72,15.04,15.28,437100
EZPW,20161201,11.75,11.9,11.5,11.6,347500
FAAR,20161201,29.05,29.05,29.05,29.05,0
FAB,20161201,49.76,49.76,49.42,49.43,6700
FAD,20161201,52.69,52.69,51.68,51.73,7400
FALN,20161201,26.54,26.54,26.54,26.54,0
FANG,20161201,111.18,113.23,109,110,2788400
FARM,20161201,34.8,35.65,33.65,34.05,28500
FARO,20161201,36.5,37.25,36.05,36.2,124700
FAST,20161201,23.755,24.185,23.635,23.745,3657700
FATE,20161201,3,3.13,2.95,3.02,214100
FB,20161201,118.38,118.45,114,115.1,43276900
FBIO,20161201,2.39,2.45,2.21,2.24,103000
FBIZ,20161201,22.11,22.5,22.02,22.33,11900
FBMS,20161201,24.65,25.15,24.25,25.15,13400
FBNC,20161201,25.17,25.5,25.11,25.37,101100
FBZ,20161201,13.08,13.08,12.57,12.65,23400
FCA,20161201,19.83,19.83,19.83,19.83,1000
FCAP,20161201,31.3,31.75,31.3,31.46,2100
FCBC,20161201,28.16,28.92,27.85,28.59,55200
FCCO,20161201,16.75,17,16.6,16.75,4500
FCCY,20161201,15.95,16.4,15.95,16.2,14300
FCEF,20161201,19.58,19.58,19.5,19.5,1500
FCEL,20161201,24.6,24.6,22.8,24,1718100
FCNCA,20161201,359.64,364,357.21,359.68,33900
FCVT,20161201,25.94,25.94,25.87,25.87,4000
FDIV,20161201,49.58,50.04,49.46,49.46,77400
FDT,20161201,46.83,46.93,46.72,46.76,48700
FDTS,20161201,33.15,33.15,33.15,33.15,0
FDUS,20161201,16.25,16.27,16.01,16.13,109800
FEIM,20161201,10.63,10.63,10.06,10.19,800
FELE,20161201,39.45,40.65,39.45,40.45,232900
FEM,20161201,20.28,20.28,20.01,20.01,37200
FEMB,20161201,39.59,39.67,39.59,39.67,7100
FEMS,20161201,30.05,30.05,29.51,29.57,25600
FEP,20161201,28.12,28.21,28.05,28.14,260600
FEUZ,20161201,30.53,30.53,30.53,30.53,0
FEX,20161201,48.49,48.55,48.11,48.2,146800
FFBC,20161201,27.05,27.35,26.85,27,312900
FFHL,20161201,0.62,0.62,0.55,0.55,6300
FFIC,20161201,26.27,26.58,26.21,26.47,44800
FFIN,20161201,21.625,22.05,21.475,21.9,442800
FFIV,20161201,141.12,141.95,138.48,139.36,901100
FFNW,20161201,16.92,17.33,16.7,17.04,42200
FFWM,20161201,14.01,14.265,13.725,13.87,62100
FGBI,20161201,19.9,19.9,19.17,19.54,3200
FGEN,20161201,22.25,22.45,20.4,20.55,542900
FGM,20161201,34.26,34.31,34.17,34.26,3200
FHB,20161201,30.24,31.86,30.14,31.39,340700
FIBK,20161201,37.85,38.4,37.7,38.4,439100
FINX,20161201,14.85,14.85,14.63,14.63,1600
FISI,20161201,30.65,30.8,30.65,30.75,110000
FISV,20161201,52.275,52.425,51.415,51.66,1207700
FITB,20161201,26.23,26.7,26.07,26.44,7542300
FITBI,20161201,27.21,27.28,26.86,27.04,31400
FIVE,20161201,38.99,40.15,37.95,39.88,2643900
FIVN,20161201,15.85,16.14,14.62,15.01,1490700
FIZZ,20161201,50.93,50.93,47.55,47.85,294500
FJP,20161201,47.42,47.42,47.23,47.23,6700
FKU,20161201,31.96,31.96,31.7,31.83,5400
FLDM,20161201,6.5,6.81,6.2,6.48,481800
FLEX,20161201,14.28,14.44,13.98,14.02,2326200
FLGT,20161201,9.45,10,8.9,10,67800
FLIC,20161201,25.85,26.35,25.08,26.3,42800
FLL,20161201,2,2,1.88,1.93,34900
FLN,20161201,18.27,18.27,17.63,17.7,32000
FLWS,20161201,10.6,10.93,10.5,10.8,166000
FLXN,20161201,16.56,16.8,15.96,16.56,383300
FLXS,20161201,54.97,55.67,54.52,55.4,42300
FMB,20161201,50.89,50.89,50.65,50.7,10600
FMBH,20161201,30.88,30.88,30.24,30.51,10900
FMBI,20161201,24.25,24.57,24.24,24.41,721100
FMNB,20161201,11.95,12.2,11.8,11.95,70200
FNHC,20161201,17.44,17.81,17.44,17.8,110900
FNK,20161201,32.39,32.55,32.35,32.4,13400
FNLC,20161201,28.98,29.63,28.98,29.35,14300
FNWB,20161201,14.74,15.18,14.73,15.03,116700
FNX,20161201,55.69,55.91,55.26,55.33,45200
FNY,20161201,31.31,31.31,30.78,30.78,15700
FOLD,20161201,6.02,6.11,5.74,5.8,6686900
FONR,20161201,20,20.35,19.98,20.2,18500
FORD,20161201,1.44,1.44,1.36,1.36,7500
FORM,20161201,11.3,11.45,10.2,10.35,491300
FORR,20161201,40.85,40.95,39.15,39.55,40600
FORTY,20161201,40.06,40.06,40.06,40.06,200
FOSL,20161201,33.53,34.32,32.8,33.1,1132800
FOX,20161201,28.01,28.27,27.89,28.08,4193900
FOXA,20161201,28.07,28.43,27.97,28.2,8997500
FOXF,20161201,25.2,25.7,25.05,25.65,391500
FPA,20161201,27.67,27.83,27.63,27.71,42700
FPAY,20161201,6.6,6.6,6.6,6.6,0
FPXI,20161201,25.8,25.8,25.69,25.72,11900
FRBA,20161201,10.58,10.65,10.5,10.65,24200
FRBK,20161201,5.45,5.6,5.25,5.4,97900
FRGI,20161201,28.8,29.3,28.3,28.35,354700
FRME,20161201,34.37,35.22,34.37,35.08,161400
FRPH,20161201,38.45,38.45,37.35,37.4,8500
FRPT,20161201,9.25,9.5,8.75,8.95,202200
FRSH,20161201,4.69,4.86,4.69,4.78,110100
FRTA,20161201,19.88,20.38,19.16,20.01,588100
FSBC,20161201,14.36,14.36,14.21,14.21,4800
FSBW,20161201,34.24,35,34.21,34.83,4200
FSFG,20161201,40.2,40.2,40.08,40.1,2600
FSLR,20161201,30.47,30.8,29.65,30.14,2364300
FSTR,20161201,12.25,12.8,12.2,12.55,55500
FSV,20161201,43.71,43.94,43.31,43.85,41400
FSZ,20161201,39.72,39.72,39.62,39.64,2000
FTA,20161201,46.18,46.5,46.16,46.31,153900
FTAG,20161201,22.32,22.32,22.19,22.25,1400
FTC,20161201,49.49,49.49,48.42,48.49,64400
FTCS,20161201,40.56,40.66,40.25,40.31,50900
FTEK,20161201,1.23,1.23,1.17,1.17,39300
FTGC,20161201,20.55,20.57,20.44,20.48,53400
FTHI,20161201,20.9,21.19,20.9,20.93,7700
FTLB,20161201,20.77,20.77,20.77,20.77,100
FTNT,20161201,30.18,30.22,28.9,29.05,2363600
FTRI,20161201,10.99,11.17,10.99,11.12,11300
FTSL,20161201,48.21,48.26,48.16,48.23,649400
FTSM,20161201,59.9,59.94,59.89,59.92,266300
FTXD,20161201,20.86,20.86,20.86,20.86,800
FTXG,20161201,19.06,19.06,19.06,19.06,1100
FTXH,20161201,18.64,18.64,18.64,18.64,0
FTXL,20161201,21.53,21.53,20.52,20.54,1900
FTXN,20161201,23.21,23.21,22.31,22.33,1500
FTXO,20161201,25.52,25.52,24.91,25.14,22000
FTXR,20161201,22.8,22.8,22.78,22.78,400
FULT,20161201,17.9,18.1,17.55,18,1135700
FUNC,20161201,13.42,13.59,13.35,13.55,6200
FUND,20161201,6.96,7.03,6.91,6.91,19000
FUSB,20161201,10.75,10.91,10.75,10.91,2500
FV,20161201,22.96,23.11,22.66,22.7,892600
FVC,20161201,21.58,21.58,21.09,21.15,52700
FVE,20161201,2.3,2.38,2.3,2.3,212100
FWP,20161201,21.2,21.47,17.25,17.94,39200
FWRD,20161201,48.48,48.99,47.5,48.32,181200
FYC,20161201,34.66,34.82,34,34,23400
FYT,20161201,33.85,33.85,33.46,33.46,28700
FYX,20161201,52.96,53.19,52.25,52.44,57900
GABC,20161201,31.7333,32.42,31.0267,32.2333,62500
GAIA,20161201,8.5,8.65,8.45,8.55,17300
GAIN,20161201,8.14,8.22,8.1,8.19,109900
GAINN,20161201,25.72,25.72,25.5,25.67,1300
GALT,20161201,0.82,0.89,0.82,0.86,164500
GASS,20161201,3.63,3.63,3.45,3.53,32100
GBCI,20161201,34.57,35.15,34.18,35.07,403300
GBDC,20161201,18.57,18.7,18.4,18.48,119500
GBLI,20161201,37.4,37.85,37.1,37.34,19600
GBT,20161201,19.25,19.35,18.5,19.2,482900
GCBC,20161201,22,22,21.25,21.65,1700
GDEN,20161201,12.48,12.7,12.15,12.22,51900
GDS,20161201,10.12,10.12,9.86,10.01,142500
GECC,20161201,10.71,10.9,10.7,10.79,31300
GENC,20161201,14.15,14.45,13.93,14.2,36400
GENE,20161201,6.2,6.36,5.44,5.6,2441200
GENY,20161201,24.79,24.79,24.79,24.79,0
GEOS,20161201,21.53,21.53,20.72,20.85,66300
GERN,20161201,2.04,2.08,1.95,1.96,1224300
GEVO,20161201,128,136,124,124,4265900
GFED,20161201,17.75,18.1,17.72,17.75,26600
GGAL,20161201,27.5,27.95,27.31,27.54,238500
GIFI,20161201,11.85,11.93,11.15,11.35,58900
GIGM,20161201,2.58,2.69,2.58,2.68,31100
GIII,20161201,27.6,28.23,26.58,26.88,1761700
GILD,20161201,73.97,74.03,72.72,72.84,8270100
GILT,20161201,4.8,5.11,4.79,5,64400
GLAD,20161201,8.28,8.5,8.24,8.45,220000
GLBL,20161201,3.8,3.85,3.6,3.6,419900
GLBS,20161201,7780,8400,6540,7450,2895300
GLBZ,20161201,10.75,10.89,10.31,10.49,9100
GLDD,20161201,4.2,4.5,4.2,4.3,412900
GLDI,20161201,9.13,9.15,9.06,9.12,45400
GLMD,20161201,3.56,3.56,3.38,3.55,17700
GLNG,20161201,25.27,25.45,23.03,23.47,2769100
GLPG,20161201,59.09,59.19,57.92,58.16,160600
GLPI,20161201,29.92,30.19,29.41,29.59,1545000
GLRE,20161201,22.85,22.85,22.45,22.5,172400
GLYC,20161201,6.35,6.6,6.08,6.16,65500
GNCA,20161201,32.24,32.24,30.08,30.4,178900
GNMA,20161201,49.76,49.76,49.52,49.76,41800
GNTX,20161201,18.5,19,18.46,19,3109800
GNUS,20161201,6.6,6.6,6.31,6.5,13600
GOGL,20161201,4.35,4.37,4.06,4.14,226300
GOGO,20161201,9.38,9.46,8.93,9.01,887700
GOOD,20161201,18.43,18.84,18.02,18.14,303100
GOODO,20161201,25.17,25.17,25.16,25.17,3500
GOOG,20161201,757.44,759.85,737.02,747.92,3017900
GOOGL,20161201,778.55,778.6,753.36,764.33,2867000
GPAC,20161201,9.8,9.8,9.8,9.8,0
GPACW,20161201,0.27,0.27,0.27,0.27,1000
GPP,20161201,18.25,18.27,18,18.05,42000
GPRE,20161201,27.05,27.7,27.05,27.2,1865800
GPRO,20161201,10.08,10.24,9.7,9.82,4786400
GRBK,20161201,9.1,9.3,9.05,9.2,68100
GRFS,20161201,15.63,15.75,15.28,15.41,4327400
GRID,20161201,39.73,40.18,39.55,40.14,13000
GRMN,20161201,52.14,52.55,51.38,51.54,961000
GROW,20161201,1.46,1.49,1.38,1.38,42400
GRPN,20161201,79.4,79.8,74.4,75,20691500
GRVY,20161201,5.45,5.595,5.4,5.4,7400
GSBC,20161201,49.85,50.85,49.45,50.7,34700
GSIT,20161201,5.47,5.5,5.14,5.22,24800
GSM,20161201,11.48,11.61,11.35,11.38,604400
GT,20161201,30.75,31.64,30.5,30.52,3809200
GTIM,20161201,3.15,3.2,3,3,61100
GTYH,20161201,10.15,10.15,10.15,10.15,0
GURE,20161201,11.9,11.95,11.25,11.4,90200
GWGH,20161201,7.84,7.84,7.84,7.84,0
GWRS,20161201,8.55,8.55,8.33,8.44,28500
GYRO,20161201,18.55,18.55,18.4,18.4,1700
HA,20161201,51.3,51.7,50.25,50.4,571800
HAFC,20161201,30.95,31.55,30.85,31.08,220800
HAIN,20161201,39.13,39.4,38.71,38.86,1231700
HALL,20161201,10.75,11.12,10.75,10.99,33100
HALO,20161201,11.95,11.96,11.18,11.23,1618100
HAS,20161201,85.25,85.25,83.56,84.13,1188100
HAYN,20161201,43.74,44.88,42.57,43.27,87600
HBAN,20161201,12.6,13.14,12.55,13.03,24429200
HBANP,20161201,1415,1420,1375.02,1400,1200
HBCP,20161201,33.79,34.1,33.36,33.64,12400
HBIO,20161201,2.45,2.5,2.4,2.4,28000
HBMD,20161201,14.5,14.7,14.5,14.63,1400
HBNC,20161201,15.3,16.1933,15.3,16.18,113800
HBP,20161201,6.16,6.16,6,6.04,56700
HCCI,20161201,16.25,16.25,15.9,16.05,63400
HCKT,20161201,17.77,17.94,17.07,17.22,86000
HCM,20161201,13.84,14.02,13.51,13.62,26200
HCSG,20161201,38.9,39.14,38.51,38.73,369200
HDSN,20161201,7.56,7.8,7.15,7.76,412000
HEAR,20161201,5.72,5.84,5.56,5.56,185600
HEES,20161201,18.65,20.7,18.51,20.59,1239700
HELE,20161201,84.95,86.65,83.25,84.3,224300
HFBL,20161201,25,25.18,25,25.13,3800
HFWA,20161201,22.7,23.3,22.15,23.25,124700
HGSH,20161201,4.16,4.2,3.86,3.88,47200
HIBB,20161201,40.4,41.6,40.25,40.7,431400
HIFS,20161201,169.18,169.74,162.8,168.25,2800
HIHO,20161201,3.5,3.59,3.45,3.5,10000
HIMX,20161201,7.37,7.43,7.03,7.17,3214600
HLG,20161201,7.89,7.89,7.89,7.89,0
HLIT,20161201,4.65,5,4.6,4.95,887700
HMHC,20161201,11.1,11.25,11,11,837400
HMNF,20161201,16.3,16.3,15.65,15.7,3100
HMST,20161201,29.05,29.95,28.65,29.55,261800
HMTV,20161201,11.85,11.9,11.8,11.85,21500
HNNA,20161201,22.6133,23.0533,22.3333,22.4333,4500
HNRG,20161201,9.2,9.27,9.03,9.17,77700
HOFT,20161201,27.4,28.6,27.4,28.55,74300
HOLI,20161201,18.88,19.16,18.84,19.07,715900
HOLX,20161201,38.28,38.58,37.46,37.64,2939300
HOMB,20161201,26.11,26.25,25.71,25.86,816700
HONE,20161201,10.4464,10.6581,10.3406,10.4464,47700
HOPE,20161201,20.04,20.22,19.91,20.09,689700
HOVNP,20161201,5,5.26,4.99,5.25,6400
HQY,20161201,44.56,44.98,42.67,42.93,699100
HRTX,20161201,15.25,15.4,14.7,15.15,1029700
HRZN,20161201,10.99,11.1,10.82,11.02,49900
HSIC,20161201,149.24,150.3,148.96,149.26,985900
HSII,20161201,21.15,21.5,21.05,21.3,81100
HSKA,20161201,66.1,67.43,64.63,65.13,96000
HSON,20161201,14.5,14.8,14.5,14.6,30200
HSTM,20161201,25.11,25.2,23.96,24.24,154700
HTBI,20161201,23.75,24.2,23.75,23.85,90500
HTBK,20161201,12.46,12.6,12.25,12.45,3215600
HTBX,20161201,11.6,13.6,9.2,10.3,12269600
HTGM,20161201,1.96,2.01,1.92,1.93,11000
HTHT,20161201,13.065,13.21,12.985,13.0725,289900
HTLD,20161201,21.55,22.02,21.55,21.93,586800
HTLF,20161201,42.95,43.65,42.95,43.6,77300
HUBG,20161201,42.85,43.65,42.85,43.3,230700
HURC,20161201,32.6,33,32.35,32.75,21400
HURN,20161201,52.65,52.95,51.4,51.45,242400
HWBK,20161201,16.05,16.05,16.05,16.05,0
HWKN,20161201,48.65,49.3,47.95,48.45,29300
HYLS,20161201,47.71,47.79,47.55,47.7,170700
HYZD,20161201,23.49,23.5,23.41,23.5,22600
HZNP,20161201,19.94,19.99,19.12,19.43,2652300
IAC,20161201,67.64,67.64,65.13,65.22,717900
IART,20161201,40.35,40.97,38.305,38.425,831300
IBB,20161201,275.31,275.41,268.66,269.49,2008100
IBCP,20161201,19.05,19.2,18.95,19.1,45700
IBKR,20161201,36.98,37.35,36.72,36.93,434800
IBOC,20161201,39.3,39.65,38.75,39.3,261800
IBTX,20161201,60.3,63,59.42,63,139600
ICAD,20161201,3.67,3.95,3.51,3.54,36500
ICBK,20161201,22.55,23.23,21.9,22.48,10800
ICCC,20161201,5.48,6.49,5.34,6.22,53600
ICFI,20161201,55.3,55.55,54.95,55.5,169600
ICLN,20161201,8.01,8.06,7.97,7.97,75700
ICLR,20161201,75.45,76.17,74.02,74.34,506000
ICPT,20161201,104,104,98.01,100.28,598500
ICUI,20161201,149.9,150.77,144.3,145.1,177000
IDCC,20161201,79.25,79.6,76.8,77.55,329400
IDLB,20161201,24.45,24.48,24.17,24.24,20300
IDRA,20161201,13.44,13.92,12.8,12.88,1190000
IDXX,20161201,118.19,120.94,113.47,114.17,897600
IEP,20161201,57.74,58.7,57.42,57.46,69800
IESC,20161201,19.7,19.7,19,19.45,101600
IEUS,20161201,42.03,42.09,41.96,41.99,4400
IFGL,20161201,27.27,27.27,27.1,27.13,121400
IFV,20161201,16.74,16.84,16.41,16.42,118000
IGF,20161201,38.6,38.61,38.12,38.15,405200
IGOV,20161201,90.83,91.18,90.52,91.18,407200
III,20161201,3.49,3.7,3.42,3.42,59300
IIN,20161201,6.1,6.25,6,6,30100
IIVI,20161201,30.2,30.5,28.65,29.3,731600
IKNX,20161201,10.83,11.08,10.82,10.82,1000
ILMN,20161201,133.3,133.3,126.39,127.72,2280000
IMGN,20161201,1.78,1.81,1.73,1.77,1140200
IMKTA,20161201,45.85,46.55,45.5,45.95,38100
IMMR,20161201,10.32,10.39,9.99,10.36,357500
IMOS,20161201,15.97,16.32,15.94,16.3,169600
INBK,20161201,29.25,29.4,29.1,29.25,21000
INCR,20161201,49.95,50.35,48.15,48.65,526300
INCY,20161201,102.53,103.31,99.56,99.93,1001200
INDB,20161201,65.6,65.75,64.6,64.95,174500
INDY,20161201,27.52,27.52,27.36,27.42,128300
INFI,20161201,1.15,1.24,1.13,1.19,609600
INFN,20161201,8.52,8.61,8.31,8.36,1763900
INGN,20161201,64.24,64.53,60.4,60.53,245400
INO,20161201,7.07,7.3,6.79,6.82,1311100
INOD,20161201,2.4,2.4,2.25,2.25,30000
INOV,20161201,15.4,15.4,14.55,14.9,801400
INSG,20161201,2.32,2.33,2.28,2.31,500600
INSM,20161201,13.73,13.73,12.52,12.58,446100
INTC,20161201,34.86,34.93,33.56,33.76,29618600
INTG,20161201,27,27,27,27,0
INTU,20161201,113.79,114.2,112.4,113.37,2088800
INVA,20161201,10.35,10.4,10.07,10.21,1821800
INVE,20161201,2.7,2.7,2.57,2.57,15600
IONS,20161201,43.32,43.68,40.84,41.33,2118900
IOSP,20161201,66.1,66.6,65.3,65.75,126400
IPAR,20161201,34.25,34.78,33.55,33.6,73100
IPDN,20161201,8.57,8.97,7.99,8.49,71600
IPGP,20161201,96.4,96.4,93.46,94.07,210300
IPKW,20161201,27.84,27.84,27.64,27.69,32700
IPWR,20161201,45.7,46.5,45.2,46.5,9900
IRBT,20161201,57.22,57.93,55.9,56.41,520600
IRCP,20161201,47.89,47.89,47.89,47.89,0
IRDM,20161201,8.85,9.05,8.75,8.95,846500
IRIX,20161201,16.02,16.02,15.48,15.66,22900
IRMD,20161201,11.15,11.85,11.15,11.75,80900
IROQ,20161201,19.3,19.35,19.3,19.31,1000
IRTC,20161201,30.76,31.69,29.22,29.8,75000
IRWD,20161201,15.7,15.85,15.15,15.21,1283100
ISBC,20161201,13.65,13.72,13.51,13.62,2464800
ISHG,20161201,77.54,77.64,77.54,77.64,800
ISIG,20161201,2.3,2.36,2.2,2.2,73400
ISLE,20161201,21.27,23.67,21.27,23.57,458700
ISRG,20161201,214.1533,214.6667,209.37,210.7767,447600
ISSC,20161201,3.49,3.7,3.38,3.45,19800
ISTR,20161201,17.99,18.1,17.9,17.9,3900
ITCI,20161201,13.94,14.23,13.65,13.99,615200
ITI,20161201,3.31,3.31,3.24,3.25,18200
ITIC,20161201,125.48,125.95,125.48,125.65,1300
ITRI,20161201,64.5,64.8,62.9,63.8,180300
ITRN,20161201,25,25.05,24.57,25.05,17100
IVAC,20161201,6.4,6.6,6.15,6.15,43600
IXUS,20161201,50.1,50.1,49.8,49.86,151800
IZEA,20161201,4.89,4.89,4.89,4.89,200
JACK,20161201,103.59,106.79,103.2,105.5,838900
JAGX,20161201,808.5,808.5,714,724.5,33800
JAKK,20161201,71,72.5,70,72,204200
JAZZ,20161201,104.21,104.86,101.27,101.76,598600
JBHT,20161201,95.49,97.17,95.21,97.05,916200
JBLU,20161201,19.98,20.48,19.91,20.4,5096000
JBSS,20161201,63.3,65.07,63.3,63.99,72600
JCS,20161201,5.01,5.4,4.94,4.94,13400
JCTCF,20161201,5.51,5.51,5.51,5.51,100
JD,20161201,26.79,26.95,26.18,26.3,11150600
JJSF,20161201,121.68,122.26,119.75,119.89,70600
JKHY,20161201,86.29,86.42,84.28,84.58,581900
JOBS,20161201,35.42,35.81,35.26,35.4,84700
JOUT,20161201,41.62,44.23,41.62,42.51,25300
JRJC,20161201,41.9,44.5,41.4,43,211100
JRVR,20161201,38.98,39.5,38.83,39.01,204300
JSM,20161201,22.31,22.31,21.42,21.99,23000
JSMD,20161201,30.93,30.93,30.75,30.77,2200
JSML,20161201,30.29,30.29,30,30,4600
JVA,20161201,4.95,5.03,4.87,4.93,17700
JYNT,20161201,2.36,2.4,1.96,2.16,139800
KALU,20161201,82.86,83.74,82.22,82.51,111300
KALV,20161201,8,8.33,7.66,7.98,28700
KBAL,20161201,14.96,15.84,14.95,15.8,444400
KE,20161201,17.6,17.8,17,17.25,67400
KELYA,20161201,20.1,20.49,19.87,20.06,117600
KELYB,20161201,20.49,20.49,20.49,20.49,0
KEQU,20161201,24.35,24.35,24.35,24.35,200
KFFB,20161201,8.5,8.5,8.5,8.5,300
KFRC,20161201,22.2,22.55,21.75,22,106200
KHC,20161201,81.51,81.78,79.93,80.49,4044000
KINS,20161201,12.7,12.9,12.65,12.7,15500
KIRK,20161201,14.67,15.19,14.67,15.07,81100
KLAC,20161201,79.69,79.97,74.76,75.93,3435400
KLIC,20161201,15.46,15.65,15.08,15.13,725600
KMDA,20161201,5.55,5.6,5.55,5.55,8500
KMPH,20161201,3.55,3.65,3.45,3.6,39200
KNDI,20161201,5.05,5.1,4.6,4.8,623000
KNSL,20161201,28.25,28.53,27.08,27.17,1604000
KOPN,20161201,2.55,2.66,2.46,2.58,209500
KOSS,20161201,2.6,2.6,2.45,2.52,1300
KPTI,20161201,9.3,9.57,9,9.03,107600
KRMA,20161201,15.78,15.78,15.75,15.75,600
KRNT,20161201,11.55,11.75,11.25,11.35,44400
KRNY,20161201,15.15,15.4,15.15,15.35,330100
KTCC,20161201,7.77,7.95,7.76,7.77,26800
KTOS,20161201,7.58,7.58,7.32,7.46,1679800
KURA,20161201,4.9,5.65,4.9,5.55,77800
KVHI,20161201,10.9,10.95,10.65,10.85,62500
LAKE,20161201,11.45,11.55,11.3,11.35,21000
LAMR,20161201,65.98,66.49,65.15,65.73,875100
LANC,20161201,135.26,136.66,132.33,133.08,111900
LAND,20161201,10.87,10.9,10.76,10.78,13900
LARK,20161201,26.61,27.49,26.61,27.07,2000
LAWS,20161201,23.75,24.1,23.3,23.85,12300
LBAI,20161201,17.7,18,17.5,17.85,138500
LBRDA,20161201,69.78,70.23,68.07,68.67,168800
LBRDK,20161201,71.8,71.8,69.82,70.53,840600
LBTYA,20161201,31.22,31.63,30.03,30.07,3353600
LBTYK,20161201,30.42,30.78,29.27,29.3,3759400
LCAHU,20161201,10.38,10.38,10.38,10.38,0
LCAHW,20161201,0.6,0.6,0.6,0.6,5700
LCNB,20161201,20.85,21,20.6,20.7,12300
LCUT,20161201,16.8,17.2,16.7,17.15,56300
LE,20161201,16.8,18.15,16.3,16.95,245600
LECO,20161201,79,80.57,77.36,80.02,604200
LEDS,20161201,4.36,4.47,4.1,4.29,20100
LFUS,20161201,146.55,148.47,145.59,146.52,208100
LFVN,20161201,8.05,8.35,7.96,8.03,26300
LGIH,20161201,32.75,33,31.31,31.51,387200
LGND,20161201,105.11,105.11,102.01,103.49,367300
LHCG,20161201,42.06,43.1,42.03,42.7,141700
LIFE,20161201,44.1,44.8,42.7,43.4,69400
LILA,20161201,21.49,21.64,20.87,21.02,564600
LILAK,20161201,21.18,21.51,20.52,20.62,924100
LINC,20161201,1.98,2.08,1.94,2.04,127300
LIND,20161201,9.65,9.93,9.54,9.77,87400
LINK,20161201,7.99,8,7.51,7.51,2000
LITE,20161201,40.1,40.45,37.05,37.8,1217400
LIVE,20161201,2.5,2.62,2.4,2.4,312200
LIVN,20161201,44.6,45.3,44.6,45.02,1002600
LJPC,20161201,18.22,18.22,17.5,17.72,91300
LKFN,20161201,42.55,43.5,42.16,43.36,203700
LKQ,20161201,32.84,33.25,32.47,32.59,2338400
LLNW,20161201,2.14,2.2,2.06,2.12,146500
LMAT,20161201,22.66,22.89,21.82,22.32,206700
LMB,20161201,14.06,14.57,12.65,14.4,23400
LMBS,20161201,52.07,52.34,52.07,52.33,259200
LMFA,20161201,49.8,49.8,46.8,47.7,2200
LMNR,20161201,18.04,18.36,17.79,18.06,53200
LMRK,20161201,14.69,14.69,13.7,14,77500
LMRKO,20161201,24.13,24.24,23.61,23.97,2500
LMRKP,20161201,24.89,24.89,24.58,24.82,3700
LNDC,20161201,14.35,14.4,13.85,14,70300
LNTH,20161201,9.2,9.45,9,9.2,502900
LOAN,20161201,7.05,7.15,6.8,7.1,15800
LOB,20161201,17.3,17.5,16.6,17.25,53300
LOCO,20161201,12.65,13,12.57,12.75,319000
LOGI,20161201,24.19,24.51,24.03,24.49,980200
LOPE,20161201,56.93,57.98,56.54,57.65,306500
LORL,20161201,39.5,39.5,38.95,39.15,27600
LPCN,20161201,3.4,3.52,3.22,3.27,90700
LPLA,20161201,41.54,42.86,41.34,42.45,1067700
LPSN,20161201,8,8.05,7.45,7.55,264400
LPTH,20161201,1.41,1.45,1.41,1.42,35900
LQDT,20161201,9.15,9.5,8.55,8.7,305100
LRCX,20161201,105.65,105.72,97.79,98.58,6760300
LSBK,20161201,14.35,16.59,14.35,15.34,7000
LSCC,20161201,7.05,7.27,6.8,6.87,2676300
LSTR,20161201,81.7,83.75,81.6,83.7,425600
LSXMA,20161201,36.23,36.46,35.94,36.41,686000
LSXMB,20161201,37,37,37,37,0
LSXMK,20161201,35.77,36.08,35.45,35.92,592200
LTBR,20161201,15.6,15.84,15,15.48,79300
LTRPA,20161201,16.15,16.15,15.5,15.6,834900
LTRPB,20161201,17.05,17.05,17,17,1400
LTRX,20161201,1.61,1.65,1.55,1.55,93400
LULU,20161201,56.76,58.08,56.45,56.53,1524900
LUNA,20161201,1.44,1.45,1.4,1.4,33700
LVHD,20161201,27.83,27.9,27.79,27.85,33800
LWAY,20161201,11.62,12.31,10.12,10.85,203400
LXRX,20161201,15.31,15.31,14.57,14.63,604400
LYTS,20161201,9.85,10.11,9.57,10,131500
MACK,20161201,5.5,5.59,5.07,5.1,3422600
MACQU,20161201,10.02,10.02,10.02,10.02,0
MACQW,20161201,0.19,0.19,0.19,0.19,0
MANH,20161201,52.42,53,50.76,51.84,867200
MANT,20161201,43.28,43.28,41.76,41.9,184300
MAR,20161201,78.47,80.29,78.47,79.82,4127000
MARA,20161201,7.32,7.32,6.8,7,169700
MARK,20161201,3.95,4.08,3.95,4.02,10300
MARPS,20161201,3.47,3.91,3.47,3.56,5900
MASI,20161201,61.94,62.24,60.62,61.13,398300
MAT,20161201,31.56,31.66,30.3,30.39,3835200
MATW,20161201,72.8,74.05,72.4,72.95,166600
MAYS,20161201,45,45,44.5,44.5,300
MBCN,20161201,18.4,18.4,18.4,18.4,400
MBII,20161201,2.36,2.4,2.33,2.38,23500
MBOT,20161201,120,122.55,111,111.9,105200
MBRX,20161201,2.78,2.83,2.7,2.77,36700
MBUU,20161201,18.25,18.29,17.99,18.14,106900
MBWM,20161201,32.96,33.56,32.63,32.9,39400
MCBC,20161201,9.51,9.7,9.51,9.59,41200
MCEF,20161201,18,18,18,18,500
MCFT,20161201,13.55,13.62,13.32,13.47,93000
MCHI,20161201,46.66,46.66,46.08,46.22,993700
MCHP,20161201,33.165,33.195,30.385,30.615,8812400
MCHX,20161201,2.65,2.65,2.55,2.61,91300
MCRB,20161201,10.08,10.2,9.72,9.94,216500
MCRI,20161201,24.93,25.55,24.93,25.55,72500
MDGL,20161201,16.15,16.16,15.75,16.1,24800
MDGS,20161201,29.2,30.4,26.8,27.2,448700
MDIV,20161201,18.59,18.7,18.54,18.55,248700
MDLZ,20161201,41.34,41.45,40.69,40.84,14247000
MDRX,20161201,10.98,11.08,10.67,10.73,2152100
MDWD,20161201,5.4,5.5,5.35,5.35,28500
MDXG,20161201,9.47,9.56,9.02,9.06,1081000
MEDP,20161201,35.84,36.41,34.6,35.21,80900
MEIP,20161201,1.61,1.62,1.55,1.58,404000
MELI,20161201,157.48,160.1,148.98,151.3,910800
MEOH,20161201,44.45,45.05,42.88,43.4,1930000
MERC,20161201,9.5,9.65,9.45,9.5,86700
MESO,20161201,4.5,4.65,4.41,4.52,19500
MFIN,20161201,3.26,3.34,3.2,3.27,120500
MGEE,20161201,59.05,59.85,58.2,59.15,64900
MGI,20161201,11.01,11.1,10.45,10.51,266000
MGIC,20161201,7.2,7.3,7.1,7.2,9300
MGLN,20161201,72.9,73.8,71.8,72,277700
MGNX,20161201,26.07,26.24,24.07,24.31,271800
MGPI,20161201,47.3,47.93,46.25,47.23,386100
MGRC,20161201,37.11,37.21,34.69,35.48,325100
MGYR,20161201,10.65,10.65,10.65,10.65,0
MHLD,20161201,15.45,15.95,15.45,15.9,628900
MICT,20161201,1.37,1.37,1.3,1.31,4300
MIDD,20161201,137.55,138.91,135.72,137.18,723300
MILN,20161201,15.62,15.62,15.5,15.5,1400
MIME,20161201,20.09,20.69,18.35,18.49,398500
MIND,20161201,3.9,3.91,3.75,3.82,69500
MINDP,20161201,22.53,22.53,22.53,22.53,0
MITK,20161201,5.55,5.7,5.4,5.6,536700
MKSI,20161201,57.4,57.5,53.95,54.55,474800
MKTX,20161201,165.77,167.1,162.15,162.9,271700
MLAB,20161201,127.85,127.85,122.06,122.21,5700
MLHR,20161201,32.75,33.55,32.75,33.4,297100
MLVF,20161201,20.1,20.5,20.1,20.25,16000
MMLP,20161201,17.05,17.44,16,16,186600
MMSI,20161201,23.6,24.2,23.55,24.2,531000
MMYT,20161201,24.15,24.5,23.95,24.1,411500
MNDO,20161201,2.64,2.65,2.55,2.58,38500
MNKD,20161201,2.35,2.45,2.3,2.4,2615800
MNOV,20161201,7.05,7.1,6.69,7.04,66300
MNRO,20161201,59.5,60.1,58.6,59.4,295700
MNST,20161201,44.5,44.79,43.53,43.64,4142300
MNTX,20161201,5.4,5.77,5.3,5.49,251700
MOFG,20161201,33.55,34.25,33.55,33.9,35800
MOMO,20161201,21.49,21.72,20.38,20.65,2006400
MORN,20161201,72.83,73.94,72.15,72.45,82700
MOSY,20161201,62,68,62,64,124000
MOXC,20161201,14.8,14.8,13,13,31000
MPAA,20161201,24.46,25.43,24.27,25.31,296900
MPB,20161201,22.75,23.27,22.75,23.27,9100
MPWR,20161201,81.7,81.97,75.92,76.5,671300
MRAM,20161201,7.35,7.59,7.3,7.5,22800
MRCC,20161201,15.35,15.36,15.1,15.2,55400
MRCY,20161201,29.61,30.44,29.38,29.63,240200
MRLN,20161201,20.6,20.8,20.4,20.55,23200
MRNS,20161201,4.24,4.28,4.04,4.12,248000
MRTN,20161201,16.1,16.5667,16,16.5333,102500
MRTX,20161201,5.3,5.45,5.15,5.25,60100
MRUS,20161201,15.85,15.85,15.01,15.01,300
MRVL,20161201,14.33,14.46,13.85,13.98,7527800
MSBI,20161201,32.7,33.01,32.58,32.99,45900
MSEX,20161201,41.2,41.87,40.61,41.29,47700
MSFT,20161201,60.11,60.15,58.94,59.2,34542100
MSON,20161201,9.8,9.8,8.75,9,17100
MSTR,20161201,194.08,196.64,190.78,191.6,122100
MTBC,20161201,0.9,0.96,0.85,0.86,4100
MTBCP,20161201,26.22,26.22,26.22,26.22,0
MTCH,20161201,17.9,18.05,16.71,16.95,1942000
MTEX,20161201,16.3,16.3,16,16.25,4800
MTLS,20161201,8.12,8.16,7.75,7.75,19400
MTP,20161201,142,143,142,143,600
MTRX,20161201,21.15,21.4,20.75,20.9,132700
MTSI,20161201,49.94,50.87,45.17,46.05,1369500
MU,20161201,19.7,19.83,18.18,18.48,40713000
MVIS,20161201,1.65,1.7,1.56,1.56,350100
MYGN,20161201,16.6,16.85,16.22,16.64,1051900
MYRG,20161201,37.67,38.33,37.23,38.32,151700
NAII,20161201,12.15,12.85,12.15,12.27,36500
NAKD,20161201,480,535,480,515,10000
NATH,20161201,62.15,63.08,60.65,61.5,5900
NATI,20161201,29.61,29.98,29.44,29.75,793600
NATR,20161201,15.1,15.35,14.5,14.65,21400
NAVI,20161201,17.35,17.54,16.86,16.93,3817100
NBIX,20161201,46.81,47.29,43.2,43.22,1458000
NBN,20161201,11.8,11.8,11.75,11.75,16900
NBRV,20161201,4.1,4.21,4.1,4.17,8600
NBTB,20161201,38.75,39.13,38.73,38.81,108600
NCBS,20161201,44.06,44.33,43,43.62,10900
NCMI,20161201,15.42,15.52,15.06,15.17,196600
NCTY,20161201,43.5,43.5,38.4,40.2,201000
NDAQ,20161201,63.97,64.32,63.42,63.55,1039100
NDLS,20161201,4.15,4.3,4.15,4.2,197100
NDSN,20161201,107.32,108.45,106.66,107.13,314700
NEO,20161201,9,9.19,9,9.13,303000
NEOG,20161201,47.46,48.18,46.8825,47.2875,138300
NEON,20161201,16.6,17,16.3,16.7,169000
NEPT,20161201,1.02,1.04,1,1.04,80000
NERV,20161201,12.95,13.2,12.35,12.55,126900
NETE,20161201,0.92,0.94,0.9,0.9,60900
NEWT,20161201,15.3,15.32,15.02,15.11,76100
NEWTL,20161201,25.45,25.45,25.45,25.45,0
NEWTZ,20161201,26.36,26.59,26.36,26.56,700
NFBK,20161201,18.54,18.73,18.54,18.73,95100
NFLX,20161201,117.52,118.68,113.95,117.22,8636900
NH,20161201,11.55,11.99,11.05,11.32,115500
NHTC,20161201,25.21,26.15,24.25,24.34,59000
NICE,20161201,65.3,65.3,63.72,63.92,101200
NICK,20161201,9.93,10.12,9.93,10.02,65200
NKSH,20161201,36.3,36.8,35.65,36.45,27300
NKTR,20161201,12.34,12.35,11.67,12.1,2181000
NMIH,20161201,8.6,8.85,8.6,8.75,271900
NNBR,20161201,17.2,17.65,17.05,17.15,138200
NNDM,20161201,60.4,63.9,59.1,61,6200
NOVN,20161201,27.03,28.49,26.51,26.98,103500
NOVT,20161201,20.25,20.85,20.2,20.45,92300
NRIM,20161201,28.35,28.5,28.1,28.3,10400
NSEC,20161201,18.35,18.52,17.5,17.5,1500
NSIT,20161201,35.07,35.6,33.75,33.97,174300
NSSC,20161201,8.5,8.55,7.95,7.95,56500
NSTG,20161201,22.02,22.33,21.33,21.58,189000
NSYS,20161201,4.05,4.05,3.62,3.72,52700
NTAP,20161201,36.16,36.86,35.35,35.44,4528200
NTCT,20161201,31.15,31.55,30.55,30.75,517600
NTES,20161201,45.022,45.168,43.002,43.564,1212500
NTGR,20161201,53.7,53.9,53.3,53.85,532500
NTIC,20161201,6.625,6.975,6.6,6.875,5400
NTLA,20161201,15.8,16.29,15.36,15.53,165800
NTNX,20161201,31.75,32,27.47,27.6,2816900
NTRA,20161201,12,12.13,11.65,11.74,103400
NTRS,20161201,82.56,85.97,81.62,85.42,2831500
NTWK,20161201,5.75,5.75,5.55,5.55,27800
NUAN,20161201,16.15,16.3,15.72,15.84,3597100
NURO,20161201,7.76,7.92,7.28,7.6,128500
NUVA,20161201,64.65,65.24,63.01,63.41,558900
NVAX,20161201,24.4,24.8,23.6,23.6,8449900
NVCN,20161201,550,550,510,510,365900
NVCR,20161201,7.75,7.9,7,7.45,723200
NVDA,20161201,23.025,23.0425,21.1925,21.91,25888000
NVEC,20161201,66.77,67.29,66.47,67.29,15700
NVEE,20161201,36.6,37.35,36.2,36.5,82500
NVFY,20161201,12.7,12.7,11.6,11.65,159100
NVIV,20161201,3712.5,3825,3712.5,3712.5,148300
NVMI,20161201,12.64,12.83,12.55,12.83,64500
NWBI,20161201,18.27,18.37,18.15,18.22,653800
NWFL,20161201,33.75,33.75,32.05,32.5,3100
NWLI,20161201,261.51,268.58,259,264,4900
NWPX,20161201,17.69,18.42,17.69,18.14,69900
NWS,20161201,11.95,12.15,11.85,12,539600
NWSA,20161201,11.59,11.8,11.54,11.76,3150600
NXPI,20161201,99.02,99.4,97.75,97.75,5486500
NXST,20161201,59.8,59.9,58.9,59.47,406100
NXTD,20161201,32,33.1,31,32.7,45700
NYMT,20161201,6.68,6.71,6.48,6.53,1268600
NYMTP,20161201,23.11,23.12,22.71,22.79,6700
NYMX,20161201,3.13,3.19,3.02,3.19,245900
OBAS,20161201,8,8,8,8,0
OBCI,20161201,3.61,3.74,3.5,3.7,57100
OCC,20161201,3.11,3.11,3.05,3.06,6200
OCFC,20161201,23.74,25.38,23.74,25.22,716600
OCUL,20161201,9.31,9.74,9.02,9.24,533100
ODFL,20161201,87.69,89.42,86.7,89.36,920700
ODP,20161201,49,49.4,47.9,48.6,6462800
OESX,20161201,1.99,2.04,1.95,1.97,183100
OFED,20161201,22.46,22.46,22.46,22.46,100
OFIX,20161201,37.61,38.09,36.33,36.67,99100
OFLX,20161201,45.03,46.04,43.5,43.61,11700
OFS,20161201,12.79,12.82,12.66,12.71,79700
OIIM,20161201,1.83,1.98,1.81,1.9,98600
OLED,20161201,54.65,55.45,53.05,54,524000
OLLI,20161201,29.95,30.17,28.85,29.45,900500
OMAB,20161201,37.76,37.83,36.09,36.26,62900
OMCL,20161201,35.65,36,35.4,35.7,288800
OMER,20161201,12.29,12.37,11.25,11.31,777000
OMEX,20161201,3.93,3.99,3.71,3.77,26000
ON,20161201,11.8,11.89,10.85,10.97,11304800
ONB,20161201,17.2,17.25,16.9,17.1,1108900
ONCS,20161201,13.8,13.8,12.5,12.8,239400
ONEQ,20161201,211.08,211.08,206.51,206.78,35100
ONTX,20161201,43.95,46.2,40.65,42.75,95300
ONVO,20161201,3.01,3.03,2.86,2.89,1222600
OPGN,20161201,580,595,560,560,38400
OPHC,20161201,3.61,3.96,3.61,3.96,400
OPK,20161201,10.44,10.54,10.18,10.31,3469000
OPOF,20161201,22.35,22.79,21.75,21.75,1800
ORLY,20161201,273.62,276.19,272.42,273.06,751600
ORMP,20161201,6.16,6.2,5.89,6.1,52200
ORRF,20161201,22.4,22.4,21.9,21.95,10200
OSBC,20161201,9.15,9.45,9.05,9.15,108900
OSIS,20161201,75.64,76,73.93,74.17,154800
OSTK,20161201,17,17.1,16.3,16.5,44600
OSUR,20161201,8.64,8.77,8.43,8.55,520400
OTEX,20161201,31.81,32.165,30.945,31.16,334500
OTIC,20161201,17.1,17.5,15.05,15.35,182000
OTTR,20161201,38.25,38.85,37.75,38.1,83800
OVBC,20161201,24.2,24.25,24.11,24.15,3000
OVLY,20161201,11.54,11.6,11.36,11.39,4200
OXBR,20161201,5.38,5.7,5.15,5.7,36500
OXBRW,20161201,0.49,0.49,0.49,0.49,2800
OXLC,20161201,11.51,11.59,11.46,11.51,190500
OXLCO,20161201,25.3,25.55,25.25,25.27,7700
PAAS,20161201,16.74,17.1,16.05,16.58,2971900
PACB,20161201,7.61,7.68,7.09,7.1,1160400
PACW,20161201,51.92,52.58,51.7,52.54,1140100
PAHC,20161201,27.45,28.1,26.8,26.95,99300
PANL,20161201,3.17,3.17,3.01,3.07,8600
PATI,20161201,23.3,23.42,23,23.42,1200
PATK,20161201,47.5,47.8667,46.2333,46.5333,139100
PAVM,20161201,8,8,8,8,1100
PAVMW,20161201,7.5,7.5,7.5,7.5,0
PAYX,20161201,58.95,59.24,58.52,58.68,2409100
PBCT,20161201,18.8,19,18.74,18.93,3752200
PBCTP,20161201,24.85,25,24.75,24.84,152100
PBHC,20161201,12.71,12.74,12.7,12.74,800
PBIP,20161201,16.07,16.2,15.99,16,87400
PBPB,20161201,13.65,13.9,13.6,13.7,198300
PCAR,20161201,58.78,63.3,58.78,63.04,2210900
PCH,20161201,41.15,41.43,40.4,40.55,226200
PCOM,20161201,6.9,6.9,6.54,6.67,45300
PCRX,20161201,31.7,31.85,30,30.55,1037100
PCTI,20161201,4.99,5,4.9,4.93,112700
PCTY,20161201,32.96,33.57,31.51,31.81,969300
PCYG,20161201,14.65,14.8,14,14.15,41200
PCYO,20161201,5,5.05,4.95,4.95,7000
PDBC,20161201,17.9,18.09,17.9,17.96,286600
PDCE,20161201,76.21,76.38,72.44,73.39,1631500
PDCO,20161201,38.71,39.19,38.69,39.04,2179600
PDEX,20161201,4.4,4.46,4.35,4.4,3600
PDFS,20161201,23.42,23.67,21.68,21.95,275100
PEBK,20161201,22.89,22.99,22.87,22.99,1900
PEBO,20161201,29.17,29.87,29.17,29.85,38300
PEGA,20161201,36.1,36.5,34.55,34.85,330500
PENN,20161201,13.05,13.15,12.77,12.84,3080600
PERI,20161201,3.48,3.54,3.3,3.39,107300
PESI,20161201,4,4.25,4,4,6500
PETS,20161201,21.91,22.75,21.7,22.6,492600
PFBC,20161201,45.2,46,43.76,45.54,43300
PFIE,20161201,1.33,1.33,1.19,1.27,157700
PFIN,20161201,8.26,8.39,8.25,8.26,5700
PFIS,20161201,44.2,45.44,44.2,44.82,8400
PFLT,20161201,13.93,14,13.77,13.97,92000
PFMT,20161201,3.6,3.69,3.46,3.5,142000
PFSW,20161201,7.92,8.11,7.6,7.71,85700
PGC,20161201,26.94,27.55,26.94,27.31,42300
PI,20161201,27.42,28.09,26.9,27.71,469400
PINC,20161201,30.02,30.17,29.4,29.67,496200
PIRS,20161201,1.5,1.65,1.48,1.53,165100
PKBK,20161201,15.9091,15.9091,15.7091,15.7091,5200
PKOH,20161201,42.2,42.75,41.45,42.15,17800
PLAB,20161201,9.95,10.2,9.45,9.65,589700
PLAY,20161201,46.93,47.79,46.2,47.5,829800
PLBC,20161201,16.65,16.65,16.3,16.4,3600
PLCE,20161201,103.75,105.3,103.5,103.9,456300
PLPC,20161201,56.97,56.97,55.51,56.36,1600
PLSE,20161201,6.18,6.18,6.11,6.15,14200
PLUG,20161201,1.37,1.45,1.33,1.42,6473500
PLUS,20161201,55.95,57.325,55.475,55.625,59000
PLXS,20161201,51.19,51.63,50.37,50.73,125200
PMD,20161201,25,25,22.78,23.42,60400
PME,20161201,1.37,1.55,1.37,1.47,211800
PMTS,20161201,18.5,19.15,18.5,18.5,154500
PNBK,20161201,13.95,13.95,13.95,13.95,0
PNFP,20161201,64.85,66.4,64.15,66.05,211900
PNNT,20161201,7.49,7.64,7.39,7.52,494700
PNQI,20161201,84.25,84.25,82.11,82.28,31400
PNRG,20161201,51.5,51.5,51.5,51.5,0
PODD,20161201,33.62,33.62,32.12,32.77,944900
POOL,20161201,100.58,101.44,100.22,100.88,282200
POWI,20161201,33.7,33.8,31.575,31.7,265100
POWL,20161201,43.15,44.18,43.15,44.04,42200
PPBI,20161201,32.25,32.95,32.15,32.55,140300
PPC,20161201,17.61,17.84,17.34,17.38,1651900
PPH,20161201,52.06,52.06,51.02,51.08,36300
PPSI,20161201,5.4,5.4,5.3,5.3,6200
PRAA,20161201,35.75,36.75,35.6,35.8,326900
PRFT,20161201,18.01,18.22,17.77,17.81,182000
PRFZ,20161201,113.23,113.42,111.97,112.36,18800
PRGS,20161201,29.74,30.02,29.18,29.33,255400
PRIM,20161201,22.96,23.73,22.94,23.5,351100
PROV,20161201,19.9,20,19.81,19.89,22100
PRPH,20161201,2.03,2.03,1.94,1.94,4700
PRQR,20161201,4.53,4.53,4.2,4.4,29900
PRTA,20161201,59.54,59.93,54.48,54.64,516300
PRTK,20161201,13.45,13.6,13.1,13.25,203300
PRTS,20161201,2.85,2.96,2.81,2.83,58700
PSC,20161201,27.25,27.25,27.25,27.25,700
PSCC,20161201,65.13,65.22,64.63,64.97,10600
PSCD,20161201,51.64,52.22,51.38,51.63,64500
PSCE,20161201,20.83,20.9,20.3,20.47,91300
PSCF,20161201,50.12,50.31,49.93,50.08,11000
PSCH,20161201,71.94,72.04,70.62,70.95,14900
PSCI,20161201,55.27,57.43,54.82,55.03,46200
PSCM,20161201,47.96,47.96,47.03,47.15,102300
PSCT,20161201,67.93,68.19,65.97,66.26,43100
PSCU,20161201,48.25,48.49,47.84,48.12,5100
PSEC,20161201,8.06,8.06,7.92,7.92,1893400
PSMT,20161201,91.15,92.35,89.15,90.15,116200
PSTI,20161201,14.8,14.9,14.4,14.5,155700
PTC,20161201,49.1,49.36,46.06,46.32,1906300
PTCT,20161201,11.01,11.32,10.81,10.98,841600
PTEN,20161201,27.48,28.47,26.97,27.7,6119500
PTGX,20161201,25.07,25.07,23.1,24.26,36000
PTNR,20161201,4.88,4.99,4.82,4.84,9200
PTSI,20161201,24.98,25.54,24.9,24.98,6300
PULM,20161201,6,6,5.3,6,76700
PVBC,20161201,9.175,9.325,9.15,9.275,5000
PWOD,20161201,32.7067,32.7067,31.6133,32,7900
PXLW,20161201,3.08,3.12,2.75,2.83,317300
PXS,20161201,2.52,2.6,2.25,2.45,9800
PY,20161201,27.61,27.61,27.61,27.61,0
PYPL,20161201,39.56,39.68,38.18,38.34,11265500
PZZA,20161201,87.97,89.63,87.01,87.31,4692300
QABA,20161201,50.35,50.35,49.91,50.27,111500
QADA,20161201,29.15,29.38,28.7,29,56700
QADB,20161201,24.89,24.89,24.89,24.89,0
QAT,20161201,17.96,18.12,17.96,18.1,13900
QCLN,20161201,15.19,15.19,14.79,14.79,5900
QCOM,20161201,67.72,67.92,63.78,64.16,16563800
QCRH,20161201,38.15,39.75,38.15,39.65,53900
QDEL,20161201,23,23.24,22.16,22.31,119500
QIWI,20161201,13.34,13.36,12.21,12.57,814100
QLYS,20161201,33.2,33.45,31.55,31.65,417500
QNST,20161201,3.17,3.24,3.11,3.14,147900
QQEW,20161201,46.22,46.22,45.24,45.3,28800
QQQ,20161201,117.46,117.47,115.29,115.47,39796500
QQQX,20161201,18.88,18.92,18.45,18.56,133000
QQXT,20161201,40.61,40.68,40.18,40.23,10100
QRHC,20161201,1.95,1.95,1.92,1.92,6400
QRVO,20161201,53.41,53.49,49.79,50.03,1947200
QTEC,20161201,52.41,52.41,50.13,50.29,460900
QTNT,20161201,4.1,4.51,4.1,4.22,21900
QUIK,20161201,13.3,13.3,12.32,12.32,305000
QUMU,20161201,2.85,2.89,2.62,2.89,2900
QURE,20161201,6.31,6.48,5.99,5.99,218600
QYLD,20161201,22.31,22.34,22.1,22.12,20800
RADA,20161201,1.21,1.21,1.19,1.2,6000
RAIL,20161201,14.8,15.05,14.51,14.83,105800
RAND,20161201,29.07,32.4,28.71,30.24,55400
RARE,20161201,79.29,79.75,74.59,74.69,751100
RAVE,20161201,2.15,2.23,2.09,2.12,32800
RAVN,20161201,25.05,25.2,24.75,24.9,121400
RBCAA,20161201,37.01,38.15,35.96,36.43,16500
RBCN,20161201,4.8,5.3,4.8,5,72500
RCII,20161201,11.48,11.81,11.14,11.56,536200
RCKY,20161201,10.65,11.15,10.65,11.05,15800
RCMT,20161201,6.51,6.54,6.26,6.36,32200
RCON,20161201,6.9,8.5,6.6,7.85,564300
RDCM,20161201,18.7,18.75,17.6,17.9,163200
RDHL,20161201,10.98,12.09,10.5,11.09,118400
RDI,20161201,15.95,15.95,15.6,15.93,83200
RDNT,20161201,6.2,6.35,6,6.05,101100
RDUS,20161201,53.04,53.79,50.43,50.54,832100
RDVY,20161201,24.71,24.71,24.48,24.49,12700
RDWR,20161201,13.32,13.54,13.18,13.43,227400
REFR,20161201,1.77,1.81,1.65,1.69,103400
REGI,20161201,9.75,9.9,9.65,9.9,432800
REGN,20161201,379.48,381.97,374.42,375.56,824100
RELL,20161201,6.05,6.14,5.97,5.98,11800
RELY,20161201,5.9,5.95,5.45,5.5,156000
REPH,20161201,8,8.02,6.33,6.48,515400
RESN,20161201,4.92,4.92,4.65,4.7,10300
RETA,20161201,25.87,27.04,25,25.09,54500
RFDI,20161201,51.16,51.16,50.8,50.94,14200
RFEM,20161201,53.93,53.98,53.65,53.65,3600
RFEU,20161201,50.6,50.87,50.4,50.44,3800
RFIL,20161201,1.65,1.7,1.65,1.7,4500
RGCO,20161201,16.5067,16.5067,16.5067,16.5067,300
RGEN,20161201,32.32,32.5,30.86,30.91,261000
RGLD,20161201,69.23,69.88,67.55,68.53,766400
RGLS,20161201,30,30.6,26.4,28.8,673200
RGNX,20161201,22.4,22.95,21.4,22.35,219100
RIBT,20161201,0.87,0.89,0.87,0.88,700
RICK,20161201,12.18,12.5,12.14,12.38,129500
RIGL,20161201,2.62,2.64,2.46,2.51,604600
RILY,20161201,16.85,16.85,16.07,16.55,8800
RILYL,20161201,25.2,25.75,25.2,25.75,4500
RKDA,20161201,23,24.4,22,22.6,29200
RMBS,20161201,13.24,13.27,12.59,12.67,690100
RMCF,20161201,10.16,10.24,10.01,10.08,16100
RMR,20161201,41.7,41.75,40.25,40.4,28700
RMTI,20161201,6.5,6.79,6.39,6.61,336800
RNDB,20161201,14.77,14.78,14.52,14.73,22800
RNST,20161201,41.59,42.63,41.59,42.44,266900
RNWK,20161201,5.05,5.08,4.74,4.88,91000
ROCK,20161201,45.15,46,44.6,44.65,280700
ROIC,20161201,20.44,20.63,20.19,20.32,1041600
ROLL,20161201,85.14,87.1,83.64,84.3,120300
ROST,20161201,67.46,67.95,67.09,67.38,2925400
RPD,20161201,11.71,12.01,11.3,11.5,420800
RPRX,20161201,1.79,1.82,1.75,1.76,106500
RRGB,20161201,51.35,52.8,51.35,52.15,169300
RRR,20161201,22.99,23.24,22.27,22.53,622600
RUN,20161201,5.13,5.23,4.89,5,1059800
RUSHA,20161201,20.44,21.0733,20.2533,20.9067,234200
RUSHB,20161201,18.6667,18.6667,18.4933,18.5867,61400
RUTH,20161201,16.95,17.5,16.5,17.5,170200
RVNC,20161201,16.85,17.45,16.67,17.1,131500
RVSB,20161201,6.11,6.27,6.11,6.16,23700
RWLK,20161201,67.5,68.75,66.25,67.5,117100
RXDX,20161201,6.3,6.64,6.05,6.15,214500
RYAAY,20161201,80.04,80.69,79.51,80.26,242100
SABR,20161201,25.93,26.2,25.31,25.56,1974100
SAFM,20161201,80.28,81.59,80.28,81.09,687400
SAFT,20161201,70.5,71.15,70.4,70.9,68700
SAGE,20161201,50,51.62,48.86,49.25,688200
SAIA,20161201,41.95,43.2,41.95,43.1,234000
SAL,20161201,32.9,34.6,32.9,34.45,9200
SALM,20161201,5.8,5.9,5.5,5.7,70900
SAMG,20161201,13.4,13.45,13.25,13.3,10600
SANM,20161201,33.05,33.6,32.25,32.55,462700
SANW,20161201,4.7,4.85,4.65,4.7,55800
SASR,20161201,36.48,37.61,36.48,37.54,86500
SATS,20161201,41.665,42.6888,41.2425,42.0956,239400
SBAC,20161201,99.1,100.74,95.76,96.1,2002300
SBCF,20161201,20.65,21.1,20.49,20.59,430500
SBFG,20161201,14.51,14.51,14.11,14.13,2900
SBGI,20161201,32.65,32.97,32.25,32.5,667600
SBLK,20161201,5.2,5.5,4.9,4.98,530000
SBNY,20161201,151.58,154.6,150.47,154.47,563500
SBRA,20161201,22,22.02,21.57,21.83,458300
SBSI,20161201,38.53,38.99,38.05,38.22,114400
SBUX,20161201,57.34,58.52,57.2,58.51,12381600
SCHL,20161201,44,44.18,43.49,43.79,205300
SCHN,20161201,28.05,28.6,27.85,28.45,603800
SCKT,20161201,3.32,3.42,3.31,3.42,26800
SCOR,20161201,29,29.54,28.06,28.7,456100
SCSC,20161201,37.9,38,36.55,36.95,215700
SCVL,20161201,26.05,27.95,26.05,27.6,360400
SCWX,20161201,12.4,12.53,12.25,12.31,37900
SCYX,20161201,38.2,38.8,35.7,36,367200
SCZ,20161201,49.73,49.73,49.35,49.4,1446900
SEAC,20161201,2.5,2.66,2.41,2.58,245900
SEDG,20161201,13.1,13.13,12.45,12.5,1137200
SEED,20161201,26.4,26.6,24.7,24.7,255900
SEIC,20161201,47.49,47.98,47.35,47.97,881200
SELB,20161201,21.53,21.53,20.16,20.41,8900
SELF,20161201,5,5,4.77,4.89,17700
SENEA,20161201,37.65,38.2,36.95,37.75,27900
SENEB,20161201,39.95,39.95,39.95,39.95,100
SEV,20161201,8.72,8.72,8.72,8.72,0
SFBC,20161201,26.5,26.5,26.5,26.5,0
SFM,20161201,19.9,20.38,19.76,20.34,2513300
SFNC,20161201,30.25,30.5,30.25,30.5,165000
SFST,20161201,30.65,31.45,30.05,31.25,5900
SGC,20161201,19.3,19.56,19.02,19.37,33200
SGEN,20161201,65.26,67.97,64.18,66.71,1516500
SGMA,20161201,5.19,5.2,5.19,5.2,3400
SGMO,20161201,3.2,3.25,3,3.05,999800
SGMS,20161201,14.8,14.8,14.1,14.35,806900
SGOC,20161201,3.7,3.7,3.55,3.6,500
SGRP,20161201,1.04,1.08,1,1.01,1100
SGRY,20161201,14.7,14.95,13.6,13.75,480500
SHBI,20161201,13.95,14,13.9,13.99,45200
SHEN,20161201,28,28.65,26.9,27.1,194500
SHIP,20161201,624,636,528,552,884800
SHOO,20161201,24.8667,25.5,24.8667,25.2667,586900
SHY,20161201,84.4,84.45,84.38,84.41,6249000
SIEB,20161201,1.45,1.55,1.43,1.51,24700
SIEN,20161201,8.24,8.27,8.09,8.19,28600
SIFY,20161201,0.93,0.93,0.88,0.91,90900
SIGI,20161201,41.4,42,40.95,41.25,182500
SILC,20161201,39.6,40.72,38.02,38.31,41100
SIMO,20161201,45.9,46.26,44.28,44.59,809900
SINO,20161201,21.1,21.1,18.3,18.8,905500
SIRI,20161201,4.57,4.61,4.51,4.55,30968200
SIVB,20161201,158.18,163.39,158.18,162.45,598100
SKOR,20161201,50.08,50.12,50.08,50.11,10000
SKYW,20161201,36.75,37.8,36.17,36.45,408500
SKYY,20161201,34.89,34.89,33.83,33.92,148600
SLAB,20161201,66.05,66.68,61.8,62.25,445400
SLGN,20161201,24.835,25.41,24.36,24.55,503600
SLM,20161201,10.17,10.51,10.08,10.34,5428600
SLMBP,20161201,54.25,54.75,53.5,54.75,209400
SLP,20161201,9.4,9.5,9.1,9.1,121800
SLQD,20161201,50.08,50.09,50.01,50.06,21700
SLRC,20161201,20.4,20.8,20.37,20.63,108200
SLVO,20161201,8.5,8.6,8.45,8.54,20800
SMBC,20161201,29.41,29.43,28.94,29.13,9100
SMBK,20161201,18.99,19.1,18.98,19.05,10500
SMCI,20161201,27.3,27.45,25.95,26.2,316000
SMCP,20161201,21.38,21.38,20.94,20.94,800
SMED,20161201,4.28,4.37,4.26,4.27,7400
SMIT,20161201,1.71,1.79,1.71,1.79,800
SMMF,20161201,24.48,25,24.48,24.77,8500
SMMT,20161201,10.39,10.98,10.03,10.14,16600
SMSI,20161201,1.36,1.43,1.3,1.43,36400
SMTC,20161201,30.05,31.85,28.85,29.1,2681200
SNCR,20161201,48.5,48.98,47.03,47.11,476700
SND,20161201,13.8,14.63,13.36,13.58,635300
SNDX,20161201,9.64,10.01,9,9.14,58400
SNFCA,20161201,7.4,7.5,6.95,7.15,9700
SNLN,20161201,18.56,18.61,18.55,18.57,245100
SNPS,20161201,58.52,59.45,56.67,56.84,2070800
SNSR,20161201,15.82,15.82,15.3,15.3,21100
SOCL,20161201,22.97,22.97,22.38,22.4,178400
SOHO,20161201,5.46,5.5,5.45,5.48,46800
SOHOB,20161201,24.99,25.17,24.74,25.17,2900
SOHU,20161201,34.63,34.92,33.76,33.92,192500
SOXX,20161201,119.29,119.29,112.87,113.55,1162800
SP,20161201,27.6,28,27.6,27.7,27900
SPCB,20161201,3.25,3.36,3.1,3.36,102300
SPI,20161201,2.23,2.25,2.11,2.12,4900
SPLK,20161201,58,58.39,53.01,53.33,4647500
SPNE,20161201,7.03,7.1,6.84,6.99,126500
SPNS,20161201,14.9,14.9,14.29,14.47,42900
SPOK,20161201,18.3,19,18.15,18.8,81700
SPPI,20161201,3.9,4.14,3.86,4.1,2098500
SPSC,20161201,68.97,69.69,66.09,66.58,164800
SPTN,20161201,36.14,37.12,35.88,36.32,213700
SPWH,20161201,8.97,9.19,8.87,9.08,436100
SPWR,20161201,6.79,6.87,6.46,6.52,2663700
SQQQ,20161201,1086.4,1147.2,1086.4,1140,9077900
SRAX,20161201,6.09,6.25,5.94,6.25,2900
SRCE,20161201,39.55,39.65,39.32,39.57,68200
SRCL,20161201,72.97,73.6,72.96,73.44,1130600
SRDX,20161201,24.25,24.25,23.75,23.95,156100
SRET,20161201,14.23,14.23,13.87,13.97,41500
SREV,20161201,5.92,5.96,5.74,5.9,414000
SRNE,20161201,5.3,5.5,5.2,5.25,208900
SRPT,20161201,34.21,34.43,31.32,32.2,4667500
SRTS,20161201,6,6,5.5,5.5,400
SSB,20161201,85.25,87.1,84.55,85.8,61600
SSBI,20161201,14,14.24,14,14.24,1200
SSKN,20161201,3.05,3.45,2.95,2.95,185000
SSNC,20161201,30.09,30.42,28.71,29.06,4396200
SSYS,20161201,18.05,18.27,17.36,17.53,963300
STAA,20161201,10.85,11.15,10.55,10.8,66800
STAF,20161201,5.25,5.25,5.05,5.15,24700
STBA,20161201,35.42,36.25,35.26,35.99,127900
STFC,20161201,25.82,26.5,25.81,26.08,42400
STKL,20161201,7.3,7.4,7.25,7.25,430900
STKS,20161201,2.85,2.92,2.73,2.75,39500
STLD,20161201,35.78,36.13,35.51,36.01,2848400
STRA,20161201,73.62,75.18,72.18,75,78800
STRL,20161201,8.34,8.58,8.25,8.46,197500
STRM,20161201,1.63,1.68,1.62,1.65,18600
STRS,20161201,30.6,30.6,29.45,29.75,6200
STRT,20161201,38.85,39,37.1,38,8200
STX,20161201,40.73,40.97,38.03,38.11,5532700
SUMR,20161201,20.34,20.52,20.16,20.25,21800
SUNS,20161201,16.55,16.75,16.38,16.7,61100
SUNW,20161201,15.68,15.68,15.12,15.19,200900
SUPN,20161201,21.6,21.6,20.55,21.15,515500
SVBI,20161201,6.6,6.6,6.5,6.5,5000
SVVC,20161201,8.06,8.21,8.04,8.06,14300
SWIR,20161201,15.25,15.45,14.75,14.85,258600
SWKS,20161201,76.92,77.07,71.65,71.78,4086900
SYBT,20161201,41.3,42,41.3,41.9,93000
SYNA,20161201,54.81,54.94,51.1,52.22,662700
SYNL,20161201,10.05,10.4,10.05,10.25,20400
SYPR,20161201,0.97,1,0.96,0.96,32900
SYRS,20161201,13.89,14.95,13.5,14.08,13800
TA,20161201,6.65,6.65,6.3,6.4,366600
TACO,20161201,14.52,14.84,14.4,14.63,487600
TACT,20161201,6.3,6.4,6.2,6.2,12200
TAIT,20161201,1.2,1.27,1.2,1.25,12800
TANH,20161201,2.24,2.3,2.24,2.3,14500
TANNI,20161201,25.4,25.5,25.4,25.43,4100
TANNL,20161201,25.26,25.26,24.82,24.82,6900
TANNZ,20161201,25,25,24.96,24.99,7300
TAST,20161201,13.55,13.9,13.3,13.35,296300
TATT,20161201,7.7,7.7,7.55,7.55,1600
TAYD,20161201,14.85,14.85,14.8,14.82,4000
TBBK,20161201,6.93,7.08,6.9,6.97,294900
TBK,20161201,21.4,21.65,21,21.45,73500
TBNK,20161201,31.44,31.99,31.44,31.87,15700
TBPH,20161201,27.82,27.93,26.41,27.42,908900
TCBI,20161201,73.6,74.72,73,74,735300
TCBK,20161201,31.15,31.75,31.15,31.65,78200
TCFC,20161201,28.53,28.53,28.53,28.53,0
TCMD,20161201,16.3,17.75,15.75,15.98,28600
TCON,20161201,58,59.5,56,56,29700
TCPC,20161201,16.95,17,16.7,16.89,154800
TCX,20161201,34.6,34.9,32.95,33.35,46000
TDIV,20161201,29.31,29.31,28.48,28.51,157100
TEAM,20161201,27.03,27.03,25.86,26.12,1186900
TECH,20161201,106.07,106.26,104.37,105.87,265200
TEDU,20161201,16.92,16.92,16.43,16.54,205400
TENX,20161201,39.8,41,37.8,38.8,335000
TESS,20161201,12.45,12.45,11.4,11.8,18500
TFSL,20161201,18.7,18.79,18.64,18.69,286000
TGA,20161201,1.82,2.03,1.82,1.92,298000
TGLS,20161201,12.32,12.32,11.77,11.91,28400
TGTX,20161201,5.85,5.85,5.2,5.45,572500
THFF,20161201,46.05,47.35,45.5,46.1,35400
THRM,20161201,31.9,32.7,31.6,31.9,233200
TIL,20161201,4,4.1,4,4.01,1300
TILE,20161201,17.4,17.8,17.35,17.4,413300
TIPT,20161201,6.4,6.5,6.4,6.4,24600
TITN,20161201,14.11,14.48,13.98,13.99,211300
TLT,20161201,118.51,118.99,117.64,118.73,21715700
TMUS,20161201,54.11,54.53,53.78,54.26,4414000
TNDM,20161201,2.4,2.41,2.2,2.22,470200
TNXP,20161201,400,400,370,370,655400
TOPS,20161201,335000,335000,291000,312000,252600
TOUR,20161201,9.09,9.09,8.71,8.76,225300
TOWN,20161201,32.05,32.9,32.05,32.7,352900
TPIC,20161201,15.39,15.72,14.59,14.83,136200
TQQQ,20161201,20.5633,20.565,19.4117,19.5333,3882900
TREE,20161201,104.6,105.9,100.4,101.65,237500
TRHC,20161201,13.86,14,12.75,13,63100
TRIB,20161201,6.69,6.85,6.64,6.84,230800
TRIL,20161201,7.6,7.95,7.1,7.2,232700
TRIP,20161201,48.34,48.39,46.88,47.16,2264400
TRMB,20161201,28.23,28.46,27.61,27.67,1757700
TRMK,20161201,33.94,34.25,33.79,34.23,279700
TRNS,20161201,10.75,10.81,10.3,10.3,2800
TROW,20161201,74.52,75.69,74.1,75.57,2669800
TRS,20161201,21.45,22.1,21.05,21.4,376700
TRST,20161201,8.15,8.3,8,8.15,414500
TRUE,20161201,12.44,12.57,11.84,12.04,808100
TRUP,20161201,16.74,17.04,16.06,16.49,99200
TRVN,20161201,5.48,5.55,5.22,5.32,448600
TSBK,20161201,19.23,19.91,18.8,19.47,65100
TSC,20161201,20.5,21.15,19.65,20.75,71000
TSCO,20161201,75.24,77.31,75.06,76.05,1718700
TSEM,20161201,17.78,17.9,17.36,17.58,1415600
TSLA,20161201,37.65,37.706,36.2,36.376,5126400
TSRI,20161201,5.6,5.95,5.45,5.8,6000
TTD,20161201,26.4,27,25.48,26.08,486100
TTEC,20161201,28.85,29.05,28.17,28.25,127300
TTEK,20161201,43.2,43.6,42.83,43.15,596900
TTGT,20161201,8.57,8.57,8.12,8.2,173400
TTMI,20161201,13.6,13.75,12.95,13.28,2877800
TTNP,20161201,26.1,26.4,25.5,25.8,90700
TTOO,20161201,5.8,6,5.35,5.46,98200
TTWO,20161201,49,49.17,46.96,47.23,1658500
TUSA,20161201,27.36,27.36,27.36,27.36,100
TUSK,20161201,16.07,17.3,16.05,16.28,281200
TWIN,20161201,14.59,14.65,14.48,14.48,16400
TWNK,20161201,12.97,13.49,12.3,12.61,1442600
TWNKW,20161201,1.85,1.87,1.54,1.75,336000
TWOU,20161201,33.03,33.29,31.49,31.87,890000
TXN,20161201,73.88,73.91,69.96,70.41,9631100
TXRH,20161201,47,47.77,46.94,47.75,629300
TZOO,20161201,11.15,11.55,11,11.05,50100
UAE,20161201,16.04,16.07,15.94,16.03,11300
UBCP,20161201,12.1,12.35,11.81,12.2,6700
UBFO,20161201,6.59,7.65,6.59,7.25,67300
UBND,20161201,49.07,49.07,49.07,49.07,0
UBOH,20161201,20.65,20.75,20,20,3100
UBSI,20161201,46.3,46.8,46.05,46.5,415500
UCBI,20161201,27.21,27.59,27.14,27.52,476500
UCTT,20161201,10.09,10.09,9.36,9.61,486900
UEIC,20161201,67.35,68.7,65.15,65.4,100700
UEPS,20161201,11.41,11.62,11.27,11.39,109000
UFCS,20161201,45.47,46.19,45.47,45.79,58900
UFPI,20161201,99.23,101.37,98.88,99.5,100600
UFPT,20161201,25.1,25.45,24.85,24.95,29700
UG,20161201,15.8,16.3,15.33,16.2,4800
UHAL,20161201,341.68,348.75,341.68,348.44,49800
UIHC,20161201,13.57,13.98,13.55,13.68,55600
ULBI,20161201,5.05,5.05,4.7,4.75,57700
ULH,20161201,14.1,14.5,14.1,14.1,24700
ULTA,20161201,259.85,261.42,257.12,257.41,1412800
UMBF,20161201,76.26,77.78,75.54,77.43,200900
UMPQ,20161201,17.9,18.23,17.66,18.22,2216500
UNAM,20161201,10.25,10.9,10.25,10.9,300
UNB,20161201,43.9,45.55,41.1,44.35,4500
UNTY,20161201,13.69,13.98,13.65,13.75,2800
UPLD,20161201,9.42,9.6,9.42,9.59,7200
URBN,20161201,31.35,32.52,31.3,31.66,2596200
USAK,20161201,9.06,9.3,8.91,9.04,65600
USAP,20161201,12.35,12.6,11.91,11.96,28400
USEG,20161201,15.5,15.5,14,14.9,9100
USLB,20161201,26.89,26.89,26.73,26.74,19500
USLM,20161201,73.75,73.89,72,72.97,8700
UTHR,20161201,126.47,127.96,125.39,126.96,493700
UTMD,20161201,69.7,69.7,67.1,68.25,2900
UTSI,20161201,1.96,2,1.96,1.98,18200
UVSP,20161201,28.55,29.2,28.55,29.15,114400
VALU,20161201,22.12,23.02,20.88,20.88,12100
VBFC,20161201,25.45,25.45,25.15,25.15,200
VBIV,20161201,2.9,3.05,2.81,3.01,52400
VBLT,20161201,5.45,5.5,5.15,5.2,119700
VBTX,20161201,20.02,20.17,19.85,19.97,13500
VCEL,20161201,2.35,2.42,2.35,2.35,132700
VCIT,20161201,85.16,85.3,84.96,85.24,2743700
VCLT,20161201,87,87.43,86.6,87.07,360600
VCSH,20161201,79.11,79.23,79.1,79.14,1702900
VCYT,20161201,7.72,7.8,7.37,7.71,251400
VECO,20161201,26.6,26.85,25.48,26,360800
VGIT,20161201,63.99,64.11,63.9,64.11,169100
VGLT,20161201,73.37,73.81,72.83,73.59,185100
VGSH,20161201,60.7,60.74,60.69,60.72,128100
VIA,20161201,41.75,42.1,41.35,41.35,24300
VIAV,20161201,7.87,7.94,7.59,7.64,1833000
VICR,20161201,14.55,15,14.35,14.55,40600
VIGI,20161201,52.32,52.32,51.97,51.99,29100
VIRC,20161201,4.25,4.25,4.1,4.15,8500
VIRT,20161201,13.95,14.75,13.65,14.5,602800
VIVE,20161201,645,663,563,568,26800
VIVO,20161201,17.3,17.75,17.2,17.35,277400
VKTX,20161201,1.09,1.09,0.9,1.02,416100
VLGEA,20161201,34.43,35.9,33.86,35.13,76000
VMBS,20161201,52.49,52.5,52.34,52.43,268500
VNDA,20161201,16.6,16.8,15.4,15.5,901200
VNET,20161201,7.84,7.85,7.35,7.42,955000
VNOM,20161201,15.96,16.18,15.5,15.97,271800
VNQI,20161201,51.18,51.18,50.68,50.81,405800
VOD,20161201,24.58,24.6,24.17,24.3,8672700
VONE,20161201,101.27,101.34,100.75,100.91,26400
VONG,20161201,106.72,106.72,105.42,105.63,34300
VONV,20161201,96.55,96.72,96.14,96.28,32600
VOXX,20161201,4.9,5,4.85,4.95,104200
VRA,20161201,14.4,14.83,13.98,14.08,392900
VRAY,20161201,3.45,3.45,2.98,3.2,26800
VRIG,20161201,25,25,25,25,100
VRNS,20161201,29.35,29.35,27.02,27.35,341900
VRNT,20161201,37.85,38.05,36.38,36.5,388900
VRSK,20161201,83.23,83.52,81.95,82.36,976000
VRSN,20161201,78.45,79.18,77.24,77.57,1009800
VRTS,20161201,116.15,118.78,114.07,116.05,88100
VRTX,20161201,81.85,82.53,77.75,77.82,2662500
VSAT,20161201,71.66,71.66,69.85,70.51,431900
VSEC,20161201,38.62,39.44,38.12,38.73,16500
VSTM,20161201,1.13,1.19,1.1,1.11,140500
VTGN,20161201,3.69,3.72,3.69,3.7,7600
VTHR,20161201,101.98,101.98,101.05,101.05,3300
VTIP,20161201,49.34,49.42,49.34,49.4,341800
VTNR,20161201,1.09,1.11,1.04,1.05,455800
VTVT,20161201,5.12,5.47,5.04,5.14,58500
VTWG,20161201,110.88,110.88,108.78,108.92,54100
VTWO,20161201,106.04,106.19,104.45,105.02,61600
VTWV,20161201,100.2,100.2,99.21,99.68,66700
VUZI,20161201,8.05,8.2,8,8.15,205300
VWOB,20161201,76.55,76.57,76.23,76.31,110300
VXUS,20161201,45.44,45.45,45.2,45.26,827500
VYGR,20161201,12.57,13.66,12.42,13.01,98900
VYMI,20161201,55.51,55.54,55.16,55.29,35900
WABC,20161201,62.49,63.18,62.24,63.04,117500
WAFD,20161201,32.55,32.85,32.45,32.75,559100
WASH,20161201,50.9,52,50.9,52,84700
WATT,20161201,15.93,15.96,15.19,15.36,356400
WB,20161201,50.81,50.82,45.75,46.1,4425600
WBA,20161201,84.83,85.05,83.7,84.22,4463400
WDAY,20161201,84.43,84.84,79.88,81.6,4472900
WDC,20161201,63.87,65.99,61.37,61.61,5508300
WDFC,20161201,107.9,109.1,106.76,109.05,103900
WEN,20161201,12.47,12.7,12.4,12.56,5253600
WERN,20161201,27.2,27.9,26.95,27.75,1124500
WETF,20161201,11.1,11.62,11.06,11.41,3701300
WEYS,20161201,28.56,29.47,28.23,28.31,11300
WHF,20161201,11.7,11.83,11.5,11.67,84200
WHLM,20161201,8.75,8.75,8.75,8.75,0
WHLR,20161201,13.12,13.28,12.88,12.96,409300
WHLRD,20161201,23.85,24.02,23.74,23.8,77400
WHLRP,20161201,21.5,21.5,21.3,21.42,2700
WILC,20161201,6.08,6.1,6,6.1,24200
WINA,20161201,114.15,117.82,111.05,112.8,10000
WING,20161201,30.62,31.73,30.48,31.48,4944900
WINT,20161201,1.46,1.48,1.37,1.38,84000
WIRE,20161201,42.55,42.85,42.15,42.4,91100
WIX,20161201,49.1,49.85,46.4,47.5,351400
WKHS,20161201,7.48,7.48,7.09,7.13,39700
WLDN,20161201,24.73,24.73,23.57,24.03,83500
WLFC,20161201,27,27,25.81,26,13600
WLTW,20161201,125.1,125.37,120.89,121.42,898700
WNEB,20161201,8.45,8.55,8.35,8.35,28300
WOOD,20161201,52.04,52.19,51.69,51.69,71500
WOOF,20161201,62.74,63.58,60.6,60.92,1287600
WPRT,20161201,1.27,1.31,1.27,1.27,301000
WRLD,20161201,56.63,57.07,55.67,56.33,85600
WSBC,20161201,39.97,40.76,39.85,40.19,95100
WSBF,20161201,18,18.2,17.95,18.15,142000
WSFS,20161201,42.9,44.3,42.85,44.2,152400
WSTG,20161201,17.25,17.5,17.1,17.5,2600
WTBA,20161201,22.5,22.8,22.5,22.8,19400
WTFC,20161201,66.53,69.45,65.98,69.02,846900
WTFCM,20161201,26.92,26.92,26.38,26.51,5800
WVE,20161201,35.65,36.35,35.6,35.8,41100
WVFC,20161201,14,14.15,13.97,14.15,6200
WVVI,20161201,8.08,8.28,8.08,8.11,3400
WVVIP,20161201,4.45,4.45,4.45,4.45,0
WWD,20161201,68.14,68.53,67.78,68.39,521700
WYNN,20161201,101,101,97.33,99.27,3881800
XBIO,20161201,44.64,44.64,40.8,40.8,19900
XBIT,20161201,13.89,13.89,12.95,13.27,102500
XELB,20161201,4.95,5.05,4.95,5.05,800
XENE,20161201,7.9,8,7.6,7.95,33300
XENT,20161201,10.4,10.45,9.46,9.75,287700
XLNX,20161201,54.11,54.75,52.54,53.39,5908200
XLRN,20161201,34.12,37.29,33.24,35.04,838900
XNCR,20161201,24.75,25.49,24.1,24.7,1591400
XNET,20161201,4.49,4.51,4.25,4.27,106000
XOG,20161201,23.67,25.08,22.94,23.56,1630800
XOMA,20161201,5.54,5.56,5.23,5.29,62700
XONE,20161201,9.9,9.95,9.25,9.31,218000
XRAY,20161201,58.4,59.02,57.24,57.46,2290900
XTLB,20161201,3.95,4.25,3.55,3.9,57900
YNDX,20161201,19.08,19.45,18.5,18.61,2533600
YORW,20161201,36.55,37.15,35.6,36,30100
YY,20161201,43.7,43.85,41.04,42.89,1941100
Z,20161201,35.84,35.92,33.43,33.85,3267800
ZBRA,20161201,79.82,79.82,76.64,76.84,640900
ZEUS,20161201,24.52,25.3,24.01,24.65,189200
ZG,20161201,35.21,35.21,32.85,33.31,1470400
ZGNX,20161201,12.65,13.1,12.35,12.7,166200
ZION,20161201,39.82,40.64,39.78,40.41,3849600
ZIOP,20161201,6.53,6.56,6.18,6.28,1485900
ZIXI,20161201,4.43,4.46,4.37,4.4,195800
ZNGA,20161201,2.86,2.9,2.77,2.87,18944500
ZSAN,20161201,16,16,14.4,15,93200
ZUMZ,20161201,24.6,24.85,24.25,24.55,698100
ZYNE,20161201,12.74,12.82,12.28,12.81,112400
