AAL,20161103,39.78,40.24,39.3,39.38,6006500
AAME,20161103,3.6,4.3,3.6,4.2,1800
AAOI,20161103,20.5,21.01,19.72,20.85,505400
AAON,20161103,28.75,28.75,27.45,27.55,187500
AAPL,20161103,27.745,27.865,27.3875,27.4575,26932600
AAWW,20161103,41.2,42.85,40.25,42.55,298700
AAXJ,20161103,58.31,58.36,57.95,58.12,657200
ABCB,20161103,35.7,36.17,35.55,36.1,119600
ABEO,20161103,6.35,6.4,5.55,5.7,714900
ABIO,20161103,42.3,42.3,39.6,41.4,4100
ABMD,20161103,104.31,104.68,101.79,102.51,574500
ABTX,20161103,25.65,26.3,25.65,26.05,12500
ABUS,20161103,3.05,3.1,2.95,3.05,67000
ACAD,20161103,22.18,22.32,20.68,20.87,2950200
ACBI,20161103,14.5,14.6,14.25,14.3,17500
ACET,20161103,17,17.11,15.7,15.73,630300
ACGL,20161103,25.8833,26.1067,25.74,25.9433,319700
ACHC,20161103,37.6,39.3,36.55,36.64,2447300
ACIU,20161103,12.05,12.57,11.83,12.08,30000
ACIW,20161103,17.09,17.42,15.11,17.21,2408500
ACLS,20161103,12.75,12.75,11.05,11.2,587600
ACNB,20161103,26.74,27.3,26.74,27,2900
ACOR,20161103,17.7,17.7,16.4,16.45,733700
ACRS,20161103,21.5,21.5,20.15,20.74,116800
ACRX,20161103,2.75,2.8,2.55,2.55,250100
ACST,20161103,10.64,10.64,10.16,10.56,4600
ACTG,20161103,5.85,5.9,5.6,5.6,405200
ACWI,20161103,57.35,57.38,56.94,57.03,3168000
ACWX,20161103,40.34,40.38,40.11,40.19,601400
ADAP,20161103,4.16,4.16,3.76,3.77,245600
ADBE,20161103,106.54,108.16,106.48,107.17,3666900
ADES,20161103,7.77,8.18,7.61,7.81,44000
ADI,20161103,63.75,64.03,63.34,63.85,2329500
ADMA,20161103,5.11,5.23,4.97,5.07,27900
ADMP,20161103,2.55,2.6,2.5,2.5,105900
ADMS,20161103,13.61,13.61,12.21,12.24,229100
ADP,20161103,89.97,90,88.91,89.33,2514500
ADRE,20161103,34.47,34.56,34.16,34.17,6700
ADSK,20161103,68.91,69.21,67.52,67.61,1422900
ADTN,20161103,18.85,19,17.9,18.1,901100
ADUS,20161103,24.95,25.4,24.6,24.65,26900
ADVM,20161103,3.1,3.1,2.85,2.85,171400
ADXS,20161103,123.15,123.3,114.75,115.65,671900
AEHR,20161103,3.16,3.38,3.15,3.26,32600
AEIS,20161103,48.92,49,46.39,46.54,535200
AEMD,20161103,72.9,72.9,70.05,70.2,13400
AERI,20161103,33.2,33.55,32.05,32.85,727300
AEY,20161103,1.71,1.75,1.71,1.72,5400
AEZS,20161103,3.75,3.75,3.45,3.5,174300
AFMD,20161103,2.05,2.1,1.91,1.95,91000
AGEN,20161103,3.8,3.86,3.71,3.73,1523000
AGFS,20161103,4.72,4.82,4.57,4.6,41800
AGIO,20161103,49.05,49.1,45.73,47.63,1089500
AGLE,20161103,5.73,5.93,5.33,5.93,18200
AGNC,20161103,19.63,19.86,19.6,19.63,2840200
AGNCP,20161103,25.53,25.61,25.33,25.34,15300
AGRX,20161103,7.45,7.65,6.88,6.94,31400
AGTC,20161103,6.55,6.7,6.35,6.35,136900
AGYS,20161103,9.32,9.47,8.17,9.13,13200
AGZD,20161103,47.89,47.89,47.75,47.75,400
AHPAU,20161103,10.08,10.08,10,10,4800
AHPI,20161103,1.01,1.05,0.95,1.01,22600
AIA,20161103,48.54,48.57,48.25,48.35,23000
AIMC,20161103,29.15,29.42,28.95,29.2,88600
AINV,20161103,17.4,17.46,17.13,17.16,801400
AIQ,20161103,8.25,8.76,8.15,8.7,17900
AIRG,20161103,12.25,12.57,11.35,11.72,74900
AIRR,20161103,19.05,19.12,18.94,18.99,16800
AIRT,20161103,18,18,17.95,17.95,800
AKAM,20161103,67.42,67.54,66.48,66.52,2483600
AKBA,20161103,7.38,7.5,7.16,7.19,125300
AKTX,20161103,8.87,9.38,8.4,9.38,1800
ALCO,20161103,25.7,25.8,25.5,25.5,2800
ALDX,20161103,5.2,5.39,5.11,5.2,11300
ALGN,20161103,85.71,87.01,85.42,86.08,585300
ALGT,20161103,134.9,137.3,132.65,135.15,98200
ALIM,20161103,1.04,1.18,1.03,1.14,551000
ALJJ,20161103,3.81,3.9,3.77,3.83,16700
ALKS,20161103,52.34,53.05,50.95,51.13,1462000
ALLT,20161103,4.99,5.03,4.96,5.01,42700
ALNY,20161103,36.22,36.22,31.38,31.41,3369500
ALOT,20161103,14.5,14.54,14.5,14.5,1600
ALRM,20161103,28.22,28.64,28.02,28.52,95000
ALTY,20161103,14.64,14.64,14.55,14.55,1400
AMAT,20161103,28.52,28.59,28.12,28.27,12013700
AMBA,20161103,56.41,57.94,56.1,56.27,1127000
AMCX,20161103,47.25,52.55,46.17,51.64,2740400
AMD,20161103,6.78,6.79,6.56,6.7,33673500
AMED,20161103,42.66,44.22,42.66,43.78,423900
AMGN,20161103,139.7,139.77,135,135.22,5791200
AMKR,20161103,10.56,10.6,10.2,10.21,1630900
AMNB,20161103,27.05,27.15,26.9,27.15,3500
AMOT,20161103,18.1,18.53,15.54,18.1,30600
AMPH,20161103,18.35,18.35,16.95,16.99,383300
AMRK,20161103,15.53,15.74,15.17,15.18,69400
AMRN,20161103,3.1,3.25,2.75,2.75,6720900
AMRS,20161103,15.75,16.2,11.55,11.55,15473000
AMSC,20161103,6.71,6.9,6.52,6.69,114900
AMSF,20161103,54.6,54.7,53.6,53.6,59500
AMSWA,20161103,10.19,10.36,10.05,10.1,36800
AMTX,20161103,1.71,1.82,1.71,1.72,34000
AMWD,20161103,71.35,72.15,70,71.85,81000
AMZN,20161103,765.05,777,764,767.03,3872400
ANAT,20161103,116.18,116.4,114.12,114.17,29100
ANDE,20161103,39,39.2,37.95,38.1,71000
ANGI,20161103,7.48,7.66,7.25,7.54,628500
ANGO,20161103,15.74,15.9,15.47,15.52,192400
ANIK,20161103,42.23,43.14,41.38,41.44,73600
ANIP,20161103,54.75,60.8,47.25,47.51,846300
ANSS,20161103,86.11,88,83.14,83.49,1475700
ANY,20161103,0.45,0.5,0.42,0.44,63400
AOSL,20161103,19.81,20.66,19.74,20.4,157900
APDN,20161103,102,103.6,86,92,194300
APEI,20161103,19.6,19.92,19.35,19.35,111900
APOG,20161103,40.27,40.47,39.88,39.96,134500
APOP,20161103,82,82,82,82,100
APPF,20161103,19,19,18.85,18.85,19100
APPS,20161103,0.65,0.68,0.56,0.6,141200
APTO,20161103,0.98,1,0.83,0.84,231700
APVO,20161103,26.88,27.3,26.18,26.32,221000
APWC,20161103,2.3,2.3,2.21,2.21,1400
AQMS,20161103,8.6,8.75,8.45,8.62,56100
ARAY,20161103,4.9,4.95,4.7,4.75,562500
ARCB,20161103,19.75,22.27,19.75,21.95,300200
ARCC,20161103,15.19,15.3,15.1,15.22,2587800
ARDX,20161103,12.1,12.75,10.55,12.35,135700
ARKR,20161103,20.75,21.12,20.75,20.77,2600
ARLP,20161103,23.55,24.2,23.3,23.4,292700
ARNA,20161103,14,14.1,13.5,13.5,1804400
AROW,20161103,30.95,31.1,30.56,30.65,15800
ARRY,20161103,5.83,5.85,5.36,5.38,3684500
ARTNA,20161103,27.58,28.5,27.58,28.27,23300
ARTW,20161103,3,3,3,3,0
ARWR,20161103,5.89,5.9,5.56,5.59,756500
ASET,20161103,25.29,25.29,25.29,25.29,0
ASMB,20161103,13.43,13.44,12.58,12.77,71900
ASML,20161103,103.35,103.6,101.78,101.78,707000
ASND,20161103,19.5,19.5,19.01,19.15,55800
ASPS,20161103,24.71,24.85,23.86,24.39,809500
ASRV,20161103,3.28,3.3,3.15,3.2,29600
ASTC,20161103,1.66,1.73,1.63,1.66,30100
ASTE,20161103,54.59,54.97,52.86,54.26,61300
ASUR,20161103,6.67,6.69,6.52,6.61,13800
ASYS,20161103,4.41,4.51,4.4,4.43,43700
ATAI,20161103,3.67,3.72,3.4,3.54,39800
ATAX,20161103,5.7,5.8,5.7,5.7,59300
ATEC,20161103,6,6.15,5.62,6.07,67700
ATHX,20161103,1.47,1.61,1.47,1.57,339100
ATLC,20161103,3.2,3.31,3.2,3.21,4800
ATLO,20161103,27,27.2,26.95,27.1,1900
ATNI,20161103,65.38,66.3,65.11,65.24,56400
ATOS,20161103,22.2,22.44,21,21.36,31600
ATRA,20161103,14.1,14.45,13.7,14.25,339300
ATRC,20161103,17.73,17.89,16.71,16.75,252300
ATRI,20161103,434.25,434.25,430.55,430.55,1600
ATRO,20161103,35.76,36.07,35.3,35.39,70300
ATRS,20161103,1.57,1.7,1.41,1.5,940400
ATSG,20161103,13.22,13.61,12.94,12.97,149800
ATVI,20161103,42.96,43.67,42.63,43.37,12822700
AUBN,20161103,27.74,27.74,27.5,27.5,1000
AUDC,20161103,5.4,5.4,5.33,5.34,102900
AUPH,20161103,3.25,3.31,2.52,2.55,4473600
AVAV,20161103,23.67,23.88,23.4,23.8,128100
AVEO,20161103,6.3,6.5,6.2,6.2,193400
AVGO,20161103,172.45,175.34,172.15,172.99,2066000
AVGR,20161103,1400,1500,1400,1460,99200
AVHI,20161103,16,16,15.85,15.95,17700
AVID,20161103,6.34,6.37,6.02,6.05,597300
AVIR,20161103,1.21,1.24,1.18,1.2,45600
AVNW,20161103,8.42,8.87,8.42,8.62,58100
AVXL,20161103,2.77,2.98,2.77,2.77,371000
AWRE,20161103,5.1,5.25,5.06,5.15,22000
AXDX,20161103,20.45,20.45,20.05,20.15,262500
AXGN,20161103,8.75,9.16,8.05,8.6,426000
AXSM,20161103,6.4,6.5,6.05,6.25,26700
AXTI,20161103,5,5.1,4.75,4.8,224200
AZPN,20161103,48.14,48.46,47.98,48.02,549900
BANF,20161103,69.95,70.7,69.81,70.05,5000
BANFP,20161103,27.65,27.65,27.65,27.65,0
BANR,20161103,44.51,45.05,44.51,44.96,251900
BANX,20161103,18.12,18.15,17.88,18.01,13400
BATRA,20161103,16.7,16.83,16.6,16.7,16200
BATRK,20161103,16.24,16.54,16.24,16.41,51100
BBBY,20161103,39.45,39.7,39.14,39.28,1519900
BBGI,20161103,5,5,4.95,4.95,1500
BBH,20161103,102.08,102.42,99.65,99.8,314400
BBSI,20161103,43.77,44.25,43.43,43.69,34000
BCBP,20161103,11.6,11.65,11.6,11.6,2200
BCLI,20161103,2.2,2.27,2.1,2.14,107600
BCOR,20161103,12.75,12.9,12.65,12.8,223500
BCOV,20161103,9.65,10.01,8.45,8.5,1767200
BCPC,20161103,74.07,74.15,70.9,71.78,198900
BCRX,20161103,4.05,4.09,3.75,3.76,1108000
BDSI,20161103,2.05,2.1,2,2,375500
BEAT,20161103,18.55,18.55,15.25,15.35,1041400
BECN,20161103,41.59,42.01,41.4,41.83,503300
BELFA,20161103,19.7,19.7,19.7,19.7,10300
BELFB,20161103,24.25,24.6,24.1,24.25,31000
BFIN,20161103,12.45,12.8,12.39,12.8,25900
BFIT,20161103,14.95,14.95,14.95,14.95,0
BGCP,20161103,8.46,8.5,8.36,8.37,835700
BGFV,20161103,16.9,17.6,16.6,17.5,975000
BGNE,20161103,33,33.5,31.01,31.28,136600
BIB,20161103,37.42,37.78,35.01,35.1,856100
BICK,20161103,22.7,22.74,22.68,22.74,1500
BIDU,20161103,168,172,168,168.57,2457400
BIIB,20161103,255.7465,256.5939,251.4449,251.9147,1407900
BIOC,20161103,8.2,8.5,7.6,7.7,189100
BIOL,20161103,7.2,7.2,6.85,6.85,27300
BIS,20161103,39.99,42.5,39.57,42.37,543600
BJRI,20161103,35.8,36.25,35.2,35.55,320300
BKCC,20161103,7.3,7.37,6.85,7.01,1083300
BKEP,20161103,5.95,6.35,5.9,6.1,94900
BKEPP,20161103,7.9,8.39,7.9,8.12,10400
BKSC,20161103,19.35,19.35,19.35,19.35,0
BL,20161103,22.15,22.29,21.66,21.98,304800
BLBD,20161103,14.05,14.2,14.05,14.1,9900
BLCM,20161103,164.4,170.8,161.1,163.1,260000
BLDP,20161103,2,2.02,1.92,1.92,546900
BLFS,20161103,1.5,1.52,1.48,1.48,55600
BLIN,20161103,29,33,28.5,29,33200
BLKB,20161103,58.67,59.46,58.25,58.79,442400
BLMN,20161103,17.07,17.26,16.76,16.79,1600600
BLPH,20161103,16.95,18.15,15,16.8,118300
BLRX,20161103,15.3,16.35,15.3,15.3,530100
BLUE,20161103,45.05,46.05,37.05,41.3,7007100
BMRA,20161103,2.5,2.55,2.01,2.01,38600
BMRC,20161103,25,25.225,24.85,25.025,19700
BMRN,20161103,81.43,81.43,78.42,78.62,1471700
BMTC,20161103,30.55,30.9,30.45,30.85,33500
BNDX,20161103,55.27,55.27,55.11,55.16,805900
BNFT,20161103,30.1,30.48,29.4,29.45,398900
BNSO,20161103,1.49,1.51,1.48,1.49,27600
BNTC,20161103,16.1,16.1,16.1,16.1,0
BOKF,20161103,70.24,70.7,70.02,70.27,162000
BOOM,20161103,10.35,11.55,10.3,11.5,47500
BOSC,20161103,2.12,2.12,2.08,2.08,13500
BOTJ,20161103,12.92,12.92,12.5,12.67,1400
BOTZ,20161103,14.99,14.99,14.83,14.87,3200
BPMC,20161103,28.72,28.91,27.73,28.02,250400
BPOP,20161103,35.62,36.17,35.32,36.12,594500
BPOPM,20161103,22.37,22.37,22.37,22.37,200
BPOPN,20161103,24.18,24.29,24.18,24.22,800
BPTH,20161103,200,214,196,206,184900
BRID,20161103,11.24,11.3,11.03,11.3,600
BRKL,20161103,12.6,12.65,12.5,12.55,122300
BRKR,20161103,22.65,23.37,21.23,21.3,1459200
BRKS,20161103,12.95,12.95,12.71,12.89,169200
BSET,20161103,23.05,23.05,22.55,22.75,19900
BSQR,20161103,4.2,4.25,4.2,4.2,19800
BSRR,20161103,17.35,17.5,17.32,17.44,29700
BTEC,20161103,21.88,21.88,21.63,21.63,300
BUSE,20161103,22.85,23.09,22.74,23.01,96300
BVXV,20161103,3.74,3.74,3.74,3.74,2000
BWEN,20161103,4.28,4.39,4.22,4.24,44700
BWFG,20161103,24.58,24.58,24.14,24.17,3100
BYFC,20161103,1.6,1.6,1.6,1.6,0
BZUN,20161103,12.76,13.2,12.7,13,220700
CAAS,20161103,3.76,3.86,3.76,3.8,14300
CAC,20161103,32.88,33.01,32.64,32.93,43500
CACC,20161103,163.94,169.85,163.21,166.44,636900
CAKE,20161103,52.71,52.88,51.71,51.79,859200
CALA,20161103,2.55,2.55,2.5,2.5,111100
CALM,20161103,37.65,38.15,37.08,37.3,317600
CAMP,20161103,12.24,12.56,12.15,12.44,476300
CAMT,20161103,2.89,2.93,2.8,2.84,23500
CAPR,20161103,28.5,30.5,25.6,28.3,16700
CAR,20161103,32.85,37.2,32.85,36.49,5719300
CARA,20161103,6.7,6.75,5.85,5.89,1272600
CARV,20161103,4.04,4.04,4.04,4.04,100
CARZ,20161103,33.37,33.37,33,33.03,1200
CASH,20161103,23.7833,24.15,23.7833,24,56700
CASI,20161103,1.38,1.42,1.38,1.39,34000
CASS,20161103,53.84,53.93,53.6,53.82,8800
CASY,20161103,113.34,113.77,110.63,111.27,771300
CATH,20161103,25.45,25.47,25.45,25.47,1200
CATY,20161103,29.07,29.25,28.89,29.12,284700
CBAN,20161103,9.9,9.9,9.9,9.9,200
CBAY,20161103,1.51,1.54,1.44,1.44,35000
CBFV,20161103,23,23,22.8,22.8,700
CBIO,20161103,10.8,10.95,10.05,10.5,101000
CBRL,20161103,135.75,136.28,133.58,134.03,228200
CBSH,20161103,49.1,49.42,48.9,49.31,245100
CCBG,20161103,14.51,14.7,14.45,14.67,27400
CCD,20161103,17.26,17.26,16.89,16.95,128700
CCLP,20161103,9.63,9.72,9.46,9.55,24900
CCMP,20161103,54.61,54.61,53.9,54.24,94300
CCNE,20161103,20.29,20.43,19.95,20.36,6000
CCOI,20161103,35,37.65,34.45,36.9,610400
CCRN,20161103,12.2,14.36,12.2,13.57,926500
CCXI,20161103,6.06,6.07,5.52,5.59,272700
CDC,20161103,38.76,38.76,38.49,38.53,30800
CDEV,20161103,15.12,15.22,14.64,14.86,804900
CDK,20161103,55.59,56.41,53.87,56.16,926000
CDL,20161103,37.69,37.71,37.46,37.49,57300
CDNA,20161103,3.85,3.85,3.85,3.85,100
CDNS,20161103,24.8,25.07,24.72,24.79,1793400
CDTX,20161103,9.05,9.05,8.7,8.7,63500
CDW,20161103,44.1,44.41,43.96,44.01,646900
CDXC,20161103,2.59,2.59,2.38,2.45,209000
CDXS,20161103,4.5,4.6,4.4,4.4,69800
CDZI,20161103,6.95,7.05,6.95,7,11200
CECE,20161103,9.62,9.92,9.55,9.57,65200
CEMI,20161103,6.8,6.9,6.65,6.85,30900
CENT,20161103,24,24.08,23.69,24.01,118300
CENTA,20161103,23.12,23.12,22.8,23.04,198500
CENX,20161103,6.89,7.01,6.71,6.72,1379400
CERN,20161103,54.26,54.26,52.79,52.81,3879300
CERS,20161103,4.55,4.59,4.22,4.22,1110400
CETX,20161103,34.24,35.2,31.92,32.64,195400
CEVA,20161103,31.3,31.3,30.2,30.45,225600
CFA,20161103,37.45,37.56,37.28,37.28,40000
CFBK,20161103,7.81,8.14,7.81,7.865,2100
CFFI,20161103,41.8,42.15,41.4,41.9,4100
CFFN,20161103,14.37,14.5,14.37,14.41,448600
CFMS,20161103,7,7.19,6.66,6.79,555200
CFO,20161103,37.49,37.51,37.25,37.25,36100
CFRX,20161103,19.5,19.5,15.2,17,125600
CG,20161103,15.05,15.25,14.8,14.95,497100
CGEN,20161103,5.8,6.2,5.72,6,128400
CGNT,20161103,1.59,1.66,1.53,1.57,82400
CGNX,20161103,24.95,25.42,24.895,24.915,525900
CGO,20161103,10.67,10.67,10.57,10.57,14300
CHCI,20161103,1.89,1.89,1.89,1.89,0
CHCO,20161103,51.5,51.91,51.29,51.44,35600
CHDN,20161103,44.85,44.85,44.2667,44.6167,84200
CHEF,20161103,10.8,12,10.8,11.35,250500
CHEK,20161103,25.32,25.8,24,24.72,60500
CHI,20161103,9.65,9.65,9.55,9.56,362400
CHKP,20161103,83.42,83.96,82.74,82.83,963900
CHMG,20161103,28.6,28.89,28.45,28.76,2900
CHNR,20161103,1.7,1.7,1.67,1.67,1800
CHRS,20161103,29.05,29.35,27.2,27.3,387000
CHRW,20161103,68.7,69.2,68.47,68.94,1338900
CHSCL,20161103,29.19,29.34,28.45,28.56,31200
CHSCM,20161103,27.88,27.88,27.12,27.35,29800
CHSCN,20161103,29.31,29.31,28.37,28.37,14200
CHSCO,20161103,30.84,30.84,30.32,30.35,33200
CHSCP,20161103,31.92,32.19,31.75,31.75,12500
CHTR,20161103,267.57,269.19,242.64,247.42,4560500
CHUY,20161103,27.95,28.58,26.45,28.35,201500
CHW,20161103,7.07,7.09,6.98,7.01,203500
CHY,20161103,10.21,10.31,10.08,10.11,175000
CIBR,20161103,19.26,19.27,19.06,19.07,31900
CID,20161103,30.97,31.04,30.92,31.01,2400
CIDM,20161103,1.82,1.9,1.71,1.74,8300
CIGI,20161103,35.7,35.96,35.7,35.9,33100
CIL,20161103,32.6,32.6,32.6,32.6,100
CINF,20161103,69.01,69.67,68.69,69.01,393600
CIVB,20161103,14.72,14.81,14.72,14.79,5200
CIZ,20161103,28.95,28.95,28.71,28.75,17800
CIZN,20161103,23.2,23.2,23.2,23.2,0
CJJD,20161103,1.64,1.68,1.61,1.61,13100
CLBS,20161103,3.46,3.46,3.26,3.32,33800
CLDX,20161103,47.4,47.55,42.75,43.05,3206700
CLFD,20161103,16.25,16.47,16.15,16.25,29700
CLIR,20161103,4.9,5.16,4.6,4.7,70400
CLLS,20161103,17.67,17.83,17.09,17.09,73100
CLMT,20161103,3.5,3.55,2.79,3.15,889800
CLNE,20161103,4.13,4.23,4.04,4.15,1860800
CLRB,20161103,17.3,18,16.3,16.3,22300
CLRO,20161103,11.05,11.05,10.8,10.8,2800
CLSD,20161103,14.54,14.89,13.65,14.8,138900
CLSN,20161103,1,1,0.88,0.89,202700
CLVS,20161103,27.99,28.53,25.81,25.9,2520500
CLWT,20161103,1.6667,1.7667,1.6667,1.7667,5100
CMCO,20161103,19.04,19.52,19.02,19.39,102000
CMCSA,20161103,30.78,30.975,30.42,30.475,9536900
CMCT,20161103,15.2,15.8,15.2,15.25,2800
CME,20161103,104.06,104.13,101.68,103.01,2910400
CMLS,20161103,1.03,1.15,1.03,1.13,94100
CMPR,20161103,83.51,84.23,82.88,84,221400
CMRX,20161103,3.89,3.92,3.66,3.68,569100
CMTL,20161103,9.72,9.77,9.57,9.59,251200
CNBKA,20161103,45.6,45.9,45.35,45.6,1300
CNCE,20161103,7.79,7.81,7.5,7.51,96500
CNCR,20161103,20.7,20.7,19.82,19.82,26400
CNET,20161103,1.39,1.41,1.3,1.3,35000
CNFR,20161103,7.25,7.6,7.25,7.6,12900
CNOB,20161103,18.2,18.45,18,18.15,32700
CNSL,20161103,23.38,24.16,22.26,23.2,433700
CNTY,20161103,6.19,6.27,6.17,6.2,36600
CNXN,20161103,22.75,23.18,22.75,22.98,47500
COGT,20161103,3.7,3.9,3.55,3.85,194100
COHR,20161103,107,117.96,107,114.57,714900
COHU,20161103,10.91,11.1,10.85,10.98,75900
COKE,20161103,142.01,142.2,141,141.38,34300
COLB,20161103,32.1,32.41,31.98,32.09,149500
COLL,20161103,14.2,14.5,13.93,14.01,328800
COLM,20161103,56.8,56.8,55.63,55.72,192200
COMM,20161103,31.25,32.75,31.25,31.91,3973900
COMT,20161103,31.89,32.12,31.74,31.84,33200
CONE,20161103,41.81,42.63,41.31,42.14,1232400
CONN,20161103,8.95,9.04,8.2,8.2,627400
COOL,20161103,3.3,3.36,3.01,3.01,36000
CORT,20161103,7.6,8.19,7.55,7.89,1574200
COST,20161103,146.7,146.7,144.14,144.45,2168200
COUP,20161103,25.12,25.35,24.85,25.06,247300
COWN,20161103,3.2,3.2,3,3.05,367200
COWNL,20161103,25.83,26.05,25.8,25.8,2400
CPAA,20161103,10.25,10.25,10.25,10.25,0
CPAAU,20161103,11.04,11.05,11.03,11.04,4100
CPAAW,20161103,3.5,4.24,3.48,3.49,600
CPHC,20161103,10.6,10.6,10.6,10.6,300
CPIX,20161103,5.01,5.08,5,5.03,28000
CPLP,20161103,2.83,2.88,2.75,2.79,1264400
CPRT,20161103,25.88,26.025,25.805,26.025,542700
CPRX,20161103,0.97,1.02,0.95,0.96,445300
CPSH,20161103,1.4,1.4,1.35,1.37,5000
CPSI,20161103,25.9,26,25.25,25.45,395100
CPSS,20161103,4.3,4.48,4.19,4.2,37700
CRAI,20161103,30.33,30.35,29.82,30.19,59800
CRBP,20161103,5,5.25,4.75,4.8,849400
CREG,20161103,14.7,14.8,14.6,14.6,7300
CRESY,20161103,16.55,16.86,16.15,16.17,76700
CRIS,20161103,12.25,13.3,11.4,12.15,446600
CRMT,20161103,37.35,38.45,37.35,37.5,38500
CRNT,20161103,2.39,2.4,2.21,2.25,478900
CROX,20161103,7.47,7.5,7.35,7.47,716100
CRSP,20161103,15.4,15.92,15.02,15.32,143000
CRTO,20161103,40.16,40.73,39.68,40.61,606200
CRUS,20161103,54.65,55.63,54.16,54.93,1000700
CRVL,20161103,31.95,32.45,31.6,32.1,34300
CRVS,20161103,13.27,13.81,13.27,13.63,21700
CRWS,20161103,9.65,9.65,9.51,9.6,5800
CSA,20161103,35.68,35.68,35.68,35.68,0
CSB,20161103,35.31,35.31,35.31,35.31,100
CSBR,20161103,1.61,1.61,1.57,1.57,60900
CSCO,20161103,30.5,30.56,30.24,30.32,15937100
CSF,20161103,34.29,34.29,34.12,34.13,4700
CSGP,20161103,183.76,185.87,182.57,182.97,229300
CSGS,20161103,39,43.12,38.46,41.74,558500
CSII,20161103,23.07,23.07,22.52,22.56,185200
CSIQ,20161103,14.2,14.39,12.73,12.87,3081400
CSPI,20161103,9.83,9.97,9.58,9.66,5300
CSQ,20161103,9.63,9.65,9.54,9.58,289500
CSTE,20161103,29.25,29.25,27.88,28.35,939800
CSTR,20161103,16.65,16.65,15.93,16.34,54800
CSWC,20161103,14.2,14.3,13.95,14,33400
CSWI,20161103,30,30,29.25,29.25,45200
CSX,20161103,30.86,31.21,30.64,31.13,12008400
CTAS,20161103,102.7,103.13,102.07,102.99,582000
CTBI,20161103,36.1,36.6,35.85,36.5,21200
CTG,20161103,4.29,4.41,4.25,4.25,83000
CTHR,20161103,1.11,1.16,1.11,1.11,25700
CTIB,20161103,6.2,6.2,6.2,6.2,0
CTIC,20161103,3.8,3.8,3.7,3.7,432800
CTMX,20161103,11.3,11.75,10.79,10.95,53300
CTRE,20161103,13.5,13.73,13.13,13.18,291600
CTRN,20161103,19.13,19.52,19.13,19.24,47300
CTSH,20161103,51.52,51.94,51.38,51.65,5407700
CTSO,20161103,5.7,5.7,5.25,5.3,98300
CTXS,20161103,67.0064,67.2054,66.4013,66.4411,809700
CUBA,20161103,6.19,6.2,6.11,6.15,13000
CUTR,20161103,13.15,13.25,12.8,12.8,23500
CVBF,20161103,16.57,16.71,16.51,16.61,351900
CVCO,20161103,89.15,91.5,88.95,89.25,22400
CVCY,20161103,14.29,14.4,13.89,14.01,16700
CVGI,20161103,4.63,4.75,4.55,4.58,119700
CVGW,20161103,59.35,59.35,58.35,58.5,80800
CVLT,20161103,51.5,51.75,51.15,51.35,256700
CVLY,20161103,20.41,20.41,20.15,20.22,4800
CVV,20161103,7.86,8.01,7.43,7.81,129200
CWBC,20161103,8.2,8.3,8.2,8.3,3200
CWCO,20161103,11,11.15,10.9,11.1,28000
CWST,20161103,10.7,10.93,10.65,10.85,273900
CXDC,20161103,4.4,4.45,4.2,4.25,18400
CXSE,20161103,25.985,25.985,25.985,25.985,0
CYAD,20161103,16.92,16.92,16.7,16.7,400
CYAN,20161103,4.05,4.09,4.05,4.09,600
CYBE,20161103,24.4,24.96,24.25,24.55,50300
CYBR,20161103,48.7,49.21,47.06,47.8,1375900
CYCC,20161103,69.2,75.8,67.2,67.2,27200
CYCCP,20161103,6.9,6.9,6.9,6.9,0
CYRN,20161103,2,2.14,1.95,2,14100
CYRX,20161103,2.08,2.39,2.08,2.23,4900
CYTK,20161103,9.1,9.3,8.85,8.95,447700
CZNC,20161103,20.87,21.01,20.87,20.98,15200
CZR,20161103,7.1,7.15,6.75,6.85,526300
CZWI,20161103,10.8,10.84,10.8,10.84,1800
DAIO,20161103,4.23,4.23,4.15,4.16,12100
DAKT,20161103,8.3,8.31,8.16,8.19,89800
DAX,20161103,24.25,24.25,24.17,24.17,3100
DBVT,20161103,34.34,34.44,33.99,34.37,133600
DCOM,20161103,16.4,16.55,16.3,16.5,72200
DCTH,20161103,1.69,1.8,1.59,1.7,86100
DENN,20161103,10.98,11.5,10.98,11.23,526900
DERM,20161103,30.57,30.69,28.06,28.59,378400
DGICA,20161103,14.69,14.84,14.67,14.69,8100
DGICB,20161103,18,18,18,18,0
DGII,20161103,9.35,9.7,9.2,9.65,75500
DGLY,20161103,5.54,5.6,5.3,5.45,66600
DGRE,20161103,22.33,22.33,22.04,22.04,9200
DGRS,20161103,29.24,29.26,29.15,29.15,2900
DGRW,20161103,31.33,31.35,31.06,31.09,94400
DHIL,20161103,175.12,175.51,173.55,175.51,7300
DIOD,20161103,20.45,20.68,20.19,20.42,144900
DISCA,20161103,25.33,26.02,25.33,25.78,5001600
DISCK,20161103,24.45,25.09,24.45,24.81,2349300
DISH,20161103,55.36,55.85,54.71,54.92,2497300
DJCO,20161103,207,207,206.4,206.4,500
DLHC,20161103,5.08,5.09,5.05,5.09,9400
DLTH,20161103,26.87,26.94,26.54,26.81,214600
DLTR,20161103,75.29,75.72,73.84,74.07,1179200
DMLP,20161103,15,15.23,14.9,14.9,47400
DMRC,20161103,30.65,31.25,28.4,29.6,129700
DORM,20161103,62.31,63.65,61.78,62.52,174400
DOX,20161103,59.09,59.41,58.4,58.44,733500
DRIO,20161103,2.8,3.08,2.8,3.08,24000
DRNA,20161103,2.9,3.02,2.74,2.76,144000
DRRX,20161103,1.19,1.19,1.12,1.12,482500
DSGX,20161103,20.25,20.45,20.2,20.25,15400
DSPG,20161103,10.65,11,10.65,10.9,63000
DSWL,20161103,1.76,1.78,1.73,1.75,48100
DTEA,20161103,10.5,10.5,10.05,10.2,33700
DVAX,20161103,9.85,9.85,9,9.2,896800
DWAC,20161103,24.62,24.62,24.62,24.62,2700
DWAT,20161103,9.88,9.88,9.83,9.83,700
DWSN,20161103,6.45,6.62,6.32,6.47,62000
DXCM,20161103,62.86,63.6,59.47,60.08,2771600
DXGE,20161103,25.85,25.94,25.7,25.72,37800
DXJS,20161103,32.32,32.38,32.21,32.21,3500
DXLG,20161103,4,4.05,3.9,3.9,83400
DXPE,20161103,21.04,21.35,20.91,21.17,203500
DXYN,20161103,3.95,4.15,3.85,3.85,41100
DYNT,20161103,2.65,2.65,2.5,2.58,9800
DZSI,20161103,4.8,5,4.65,4.65,12700
EA,20161103,79.12,82.29,79.12,80.52,7210600
EAC,20161103,0.44,0.46,0.42,0.43,148000
EBAY,20161103,28.17,28.45,28.02,28.06,6215600
EBIX,20161103,54.75,56.15,54.35,55.1,165100
EBMT,20161103,15.2,15.7,15.2,15.57,500
EBSB,20161103,15.75,15.9,15.7,15.9,95900
EBTC,20161103,26.42,26.42,25.55,26.4,4400
ECHO,20161103,21.4,21.65,21.05,21.15,242400
ECOL,20161103,39.25,39.6,38.7,39.4,97100
ECPG,20161103,19.6,19.9,19.3,19.4,224500
EDAP,20161103,2.71,2.78,2.71,2.77,38500
EDIT,20161103,13.19,13.55,12.43,12.46,400500
EDUC,20161103,4.5,4.6,4.5,4.575,6900
EEFT,20161103,78.42,79.11,78.08,78.18,209700
EEMA,20161103,55.17,55.21,54.94,54.94,2200
EFOI,20161103,17.55,18.2,14.75,16.2,249100
EFSC,20161103,32.7,32.9,32.35,32.65,82400
EGAN,20161103,2.8,2.85,2.75,2.75,14200
EGBN,20161103,48.05,48.35,47.4,48.25,43700
EGLE,20161103,30.8,40.74,30.52,32.69,741800
EGRX,20161103,70.37,72.12,65.84,71.1,952500
EHTH,20161103,7.63,7.94,7.51,7.55,318400
EIGR,20161103,11.9,11.9,11.15,11.3,21600
EKSO,20161103,64.95,65.85,61.5,63.15,189600
ELSE,20161103,3.55,3.6,3.52,3.55,7400
ELTK,20161103,0.96,0.98,0.96,0.98,5000
EMCB,20161103,70.91,70.91,70.65,70.65,1200
EMCF,20161103,24.95,24.95,24.95,24.95,0
EMIF,20161103,29.36,29.54,29.35,29.38,3600
EMKR,20161103,6.2,6.35,5.97,6,309600
EML,20161103,19.25,19.32,19.25,19.32,900
ENDP,20161103,18.24,18.51,14.39,14.63,20578000
ENG,20161103,1.33,1.42,1.33,1.33,34100
ENPH,20161103,1.21,1.21,1.16,1.2,869000
ENSG,20161103,18.99,18.99,17.6,18.5,566000
ENTA,20161103,23,23.32,22.17,22.32,190900
ENTG,20161103,15.85,16,15.5,15.8,424700
ENZL,20161103,43.1,43.1,42.86,42.92,119100
EPAY,20161103,21.95,22.81,21.61,22.2,375000
EPIX,20161103,40,40,40,40,3200
EPZM,20161103,8.9,9.45,8.5,8.8,496900
EQBK,20161103,26.35,26.35,26,26.07,4100
EQIX,20161103,347.66,347.66,338.1,338.71,1061300
ERIC,20161103,4.96,4.96,4.86,4.87,8357800
ERIE,20161103,101.95,102.69,98.36,101.42,35400
ERII,20161103,9.75,10.57,8.67,9.1,3537100
ESBK,20161103,20.35,20.35,19.83,19.83,700
ESCA,20161103,12.3,12.3,12.05,12.05,19600
ESEA,20161103,10.64,10.64,9.12,9.68,92200
ESGD,20161103,54.76,54.76,54.75,54.75,11000
ESGE,20161103,28.04,28.04,28.04,28.04,100
ESGR,20161103,168,169.75,166.45,167.2,18200
ESLT,20161103,95.61,95.78,94.91,95.37,17100
ESPR,20161103,10.34,10.39,9.4,9.4,393600
ESSA,20161103,13.44,13.54,13.41,13.41,8500
ESXB,20161103,5.6,5.65,5.5,5.5,8300
ETSY,20161103,11.21,11.47,10.84,11.09,2033600
EUFN,20161103,17.57,17.63,17.46,17.51,216500
EVBG,20161103,14.84,14.84,12.92,14.01,262500
EVK,20161103,2.2,2.35,2.2,2.35,1800
EVLMC,20161103,100.05,100.05,100.05,100.05,6300
EVLV,20161103,1.9,1.96,1.87,1.88,129800
EVOK,20161103,1.6,1.64,1.58,1.59,45800
EVOL,20161103,4.14,4.2,4,4,42300
EVSTC,20161103,100.01,100.01,100.01,100.01,4600
EWBC,20161103,38.59,38.85,38.33,38.4,688800
EWZS,20161103,12.24,12.31,12.03,12.04,15400
EXAS,20161103,15.71,15.94,15.45,15.55,1921300
EXEL,20161103,11.04,11.07,10.04,10.2,7861900
EXLS,20161103,44.4,44.71,44.05,44.11,103400
EXPD,20161103,51.08,51.28,50.75,50.86,2096200
EXPE,20161103,123.52,126.24,123.01,125.29,2793300
EXPO,20161103,28.725,28.95,28.45,28.55,165100
EXTR,20161103,4.36,4.4,4.27,4.28,389500
EYEG,20161103,21.15,21.15,16.65,18.9,204200
EYES,20161103,17.2,18,15.44,15.84,811100
EZPW,20161103,9.65,9.7,9.55,9.55,185000
FAAR,20161103,28.83,28.83,28.83,28.83,0
FAB,20161103,44.27,44.41,44,44.02,4300
FAD,20161103,48.98,49,48.85,48.88,2600
FALN,20161103,26.47,26.47,26.39,26.39,2200
FANG,20161103,91.81,92.79,90.05,92.56,921900
FARM,20161103,31.5,31.65,31.23,31.5,29700
FARO,20161103,30.5,30.55,29.8,30.05,160200
FAST,20161103,19.205,19.31,19.085,19.3,2239200
FATE,20161103,2.01,2.03,1.8,1.92,139300
FB,20161103,122,123.28,119.5,120,63766200
FBIO,20161103,2.33,2.38,2.09,2.14,66100
FBIZ,20161103,19.06,19.28,19.05,19.12,13800
FBMS,20161103,21.5,21.85,21.5,21.85,2000
FBNC,20161103,19.77,19.84,19.59,19.73,26800
FBZ,20161103,14.92,14.92,14.49,14.49,7400
FCA,20161103,20.02,20.02,20.02,20.02,0
FCAP,20161103,31.26,31.26,31.26,31.26,0
FCBC,20161103,22.25,22.45,21.15,22.09,52400
FCCO,20161103,15.1,15.1,15.1,15.1,200
FCCY,20161103,13.45,13.45,13.4,13.45,24500
FCEF,20161103,19.01,19.06,19.01,19.02,2100
FCEL,20161103,37.8,38.4,33.6,33.6,655300
FCNCA,20161103,287.98,287.98,284.68,286.23,10300
FCVT,20161103,24.97,25.02,24.87,25.02,6500
FDIV,20161103,50.1,50.1,49.62,49.65,48600
FDT,20161103,47.71,47.71,47.42,47.49,8900
FDTS,20161103,33.53,33.53,33.53,33.53,0
FDUS,20161103,14.73,14.74,14.56,14.68,94400
FEIM,20161103,9.15,9.15,9.09,9.09,1900
FELE,20161103,35.4,35.6,34.9,34.9,85500
FEM,20161103,20.72,20.72,20.45,20.48,64900
FEMB,20161103,42.2,42.2,42.11,42.11,500
FEMS,20161103,31.61,31.89,31.46,31.51,42100
FEP,20161103,28.48,28.51,28.31,28.37,100600
FEUZ,20161103,31.52,31.53,31.35,31.51,7200
FEX,20161103,45.23,45.38,44.97,45.03,102200
FFBC,20161103,21.35,21.45,21.15,21.25,142300
FFHL,20161103,0.43,0.47,0.43,0.46,2600
FFIC,20161103,21.68,21.79,21.3,21.76,46700
FFIN,20161103,17.7,17.875,17.625,17.75,137700
FFIV,20161103,134.6,139.08,134.42,137.81,1610200
FFNW,20161103,14.73,14.99,14.72,14.99,49300
FFWM,20161103,12.04,12.04,11.94,11.97,16000
FGBI,20161103,17.48,17.48,17.3,17.3,200
FGEN,20161103,16.45,16.65,15.6,15.6,692900
FGM,20161103,36.02,36.07,35.93,35.94,3900
FHB,20161103,26.69,26.83,26.53,26.77,132900
FIBK,20161103,31.3,31.7,30.7,31.55,72400
FINX,20161103,14.59,14.59,14.59,14.59,0
FISI,20161103,26.8,26.88,26.2,26.5,21500
FISV,20161103,49.335,49.345,49.025,49.055,1004900
FITB,20161103,21.66,21.75,21.34,21.42,5409600
FITBI,20161103,29.39,29.75,28.23,28.78,25900
FIVE,20161103,35.64,36.22,35.14,35.3,1242800
FIVN,20161103,13.9,13.9,12.95,13.26,628200
FIZZ,20161103,46.31,46.79,45.81,45.95,252200
FJP,20161103,49.66,49.66,49.55,49.58,4000
FKU,20161103,32.61,32.72,32.29,32.3,6900
FLDM,20161103,4.48,4.56,4.38,4.46,569300
FLEX,20161103,13.91,13.98,13.72,13.76,2545700
FLGT,20161103,9,9,8.67,8.93,9900
FLIC,20161103,32,32.25,31.65,31.95,15800
FLL,20161103,1.65,1.7,1.6,1.65,21400
FLN,20161103,19.37,19.37,18.86,18.88,13800
FLWS,20161103,9.55,9.75,9.35,9.65,243100
FLXN,20161103,18.5,18.8,16.79,16.93,272700
FLXS,20161103,40.74,40.89,40.11,40.53,24900
FMB,20161103,53.34,53.42,53.27,53.38,11300
FMBH,20161103,26.8,27.14,26.71,27.05,24300
FMBI,20161103,18.95,19.11,18.86,19.03,303400
FMNB,20161103,10.1,10.6,10,10.5,24500
FNHC,20161103,16,16,14.03,14.37,531800
FNK,20161103,28.65,28.65,28.6,28.63,4400
FNLC,20161103,23.45,23.76,23.43,23.49,6600
FNWB,20161103,13.45,13.69,13.45,13.64,23200
FNX,20161103,50.12,50.25,49.82,49.88,35000
FNY,20161103,28.73,28.73,28.55,28.55,6600
FOLD,20161103,6.49,6.57,5.82,5.86,2764300
FONR,20161103,17,17.15,16.41,16.65,12300
FORD,20161103,1.28,1.3,1.2,1.23,83700
FORM,20161103,8.75,9.15,8.75,8.95,311500
FORR,20161103,36.55,36.9,36.35,36.8,38400
FORTY,20161103,38.3,38.3,38.3,38.3,0
FOSL,20161103,25.81,25.99,24.26,24.71,1826400
FOX,20161103,26.7,27.7,26.66,27.53,10103700
FOXA,20161103,26.76,27.84,26.7,27.71,29028500
FOXF,20161103,21.4,21.4,19.65,20.2,238000
FPA,20161103,28.53,28.53,28.4,28.4,6600
FPXI,20161103,26.68,26.68,26.68,26.68,0
FRBA,20161103,9.1,9.1,8.8,8.9,39400
FRBK,20161103,3.9,3.9,3.8,3.8,10200
FRGI,20161103,26.05,26.15,25.5,25.8,259800
FRME,20161103,27.63,27.78,27.57,27.7,57600
FRPH,20161103,31.45,31.5,31.45,31.5,1300
FRPT,20161103,8.7,8.75,8.15,8.3,301800
FRSH,20161103,4.88,4.9,3.95,4.02,884600
FRTA,20161103,17.06,17.13,16.75,16.84,248300
FSBC,20161103,13.18,13.18,13.18,13.18,100
FSBW,20161103,30.08,30.54,30.07,30.54,6400
FSFG,20161103,36.27,39.45,36.27,39.4,300
FSLR,20161103,38.5,38.6,32.9,34.51,19076500
FSTR,20161103,12.3,12.5,12.05,12.4,35000
FSV,20161103,39.37,41.06,39.37,40.41,80900
FSZ,20161103,39.74,39.76,39.57,39.58,49400
FTA,20161103,42.24,42.42,41.96,42.04,52000
FTAG,20161103,21.85,21.85,21.85,21.85,0
FTC,20161103,47.51,47.58,47.21,47.23,32600
FTCS,20161103,39.1,39.1,38.69,38.77,57800
FTEK,20161103,1.38,1.38,1.27,1.27,19700
FTGC,20161103,20.51,20.52,20.38,20.41,24700
FTHI,20161103,19.65,19.69,19.53,19.53,11000
FTLB,20161103,19.5,19.5,19.5,19.5,0
FTNT,20161103,31.13,31.35,30.77,30.8,1013800
FTRI,20161103,10.48,10.48,10.48,10.48,500
FTSL,20161103,48.34,48.37,48.28,48.32,124400
FTSM,20161103,59.94,59.97,59.94,59.96,41800
FTXD,20161103,19.77,19.77,19.77,19.77,0
FTXG,20161103,20,20,19.8,19.8,98300
FTXH,20161103,18.05,18.05,18.05,18.05,0
FTXL,20161103,19.83,19.87,19.69,19.74,84700
FTXO,20161103,20.85,20.85,20.85,20.85,500
FTXR,20161103,20.38,20.38,20.38,20.38,0
FULT,20161103,14.6,14.7,14.5,14.55,544700
FUNC,20161103,11.75,11.8,11.65,11.65,800
FUND,20161103,6.56,6.56,6.45,6.48,56500
FUSB,20161103,9.88,10.05,9.88,9.94,3200
FV,20161103,21.99,22.07,21.84,21.86,945500
FVC,20161103,20.58,20.58,20.33,20.35,52900
FVE,20161103,2.75,2.8,2.75,2.8,149300
FWP,20161103,19,19,18.6,18.6,700
FWRD,20161103,41.69,42.18,41.06,41.9,119400
FYC,20161103,30.3,30.3,30.02,30.02,23700
FYT,20161103,29.01,29.01,28.69,28.69,5200
FYX,20161103,45.81,45.86,45.34,45.37,30500
GABC,20161103,26.3,26.96,26.3,26.8333,29300
GAIA,20161103,7.7,7.75,7.65,7.7,133700
GAIN,20161103,8.26,8.27,7.16,7.51,752100
GAINN,20161103,25.86,25.86,25.33,25.34,6900
GALT,20161103,0.62,0.65,0.49,0.51,419000
GASS,20161103,2.75,2.89,2.7,2.73,47700
GBCI,20161103,27.66,27.84,27.48,27.5,203500
GBDC,20161103,17.51,17.58,17.34,17.56,169600
GBLI,20161103,29.68,30.12,29,29.67,19800
GBT,20161103,17.85,18.25,15.1,15.15,1559700
GCBC,20161103,17.55,17.55,17.35,17.35,1000
GDEN,20161103,11.4,11.5,10.81,10.87,53200
GDS,20161103,10.49,10.68,10.13,10.4,923800
GENC,20161103,11.5,11.8,11.5,11.5,23200
GENE,20161103,5.6,5.84,5.32,5.6,32200
GENY,20161103,24.26,24.26,24.23,24.23,300
GEOS,20161103,18.32,18.68,17.9,18.47,46300
GERN,20161103,1.86,1.89,1.81,1.81,1347200
GEVO,20161103,144,144,124,140,4795600
GFED,20161103,16.72,16.72,16.72,16.72,0
GGAL,20161103,29.61,30.08,29.24,29.29,185700
GIFI,20161103,10.2,10.25,9.7,9.7,27800
GIGM,20161103,2.63,2.69,2.6,2.69,13000
GIII,20161103,26.81,26.89,25.89,25.93,546300
GILD,20161103,72.33,72.93,71.68,71.76,9286200
GILT,20161103,4.46,4.48,4.39,4.39,5400
GLAD,20161103,7.47,7.48,7.33,7.37,160600
GLBL,20161103,3.5,3.75,3.5,3.7,268200
GLBS,20161103,1780,2150,1630,1910,83900
GLBZ,20161103,10.2,10.2,10.2,10.2,0
GLDD,20161103,3.25,3.25,3.1,3.13,319900
GLDI,20161103,10.07,10.07,9.95,10,98400
GLMD,20161103,3.13,3.13,2.8,2.85,82100
GLNG,20161103,20.64,21.03,20.29,20.77,984000
GLPG,20161103,59.71,59.71,58.07,58.1,104500
GLPI,20161103,31.57,31.61,31.15,31.2,844700
GLRE,20161103,19.9,20.3,19.25,19.75,106900
GLYC,20161103,5.99,6.05,5.79,5.8,55300
GNCA,20161103,26.32,29.2,26.24,26.64,375600
GNMA,20161103,50.79,50.89,50.78,50.79,11600
GNTX,20161103,16.53,16.69,16.41,16.48,1338300
GOGL,20161103,3.62,3.7,3.62,3.62,17500
GOGO,20161103,9.85,10.04,9.41,9.75,2104500
GOOD,20161103,16.53,16.63,16.43,16.5,144300
GOODO,20161103,25.2,25.2,25.2,25.2,0
GOOG,20161103,767.25,769.95,759.03,762.13,1943100
GOOGL,20161103,784.5,790,778.63,782.19,2175200
GPAC,20161103,9.9,9.9,9.9,9.9,0
GPACU,20161103,10.03,10.08,10.03,10.08,300
GPACW,20161103,0.29,0.29,0.29,0.29,1000
GPP,20161103,19.15,19.3,18.9,18.95,53200
GPRE,20161103,26.05,26.7,25.45,25.55,430200
GPRO,20161103,12.55,12.6,11.82,11.94,9147300
GRBK,20161103,7.75,7.75,7.6,7.7,42300
GRFS,20161103,14.62,14.73,14.44,14.46,726200
GRID,20161103,37.3,38.57,37.3,38.57,1900
GRMN,20161103,47.96,48.45,47.09,47.38,1400400
GROW,20161103,1.55,1.55,1.46,1.46,25000
GRPN,20161103,76.6,79,76.6,78.8,14985200
GRVY,20161103,5.59,5.71,5.25,5.465,187300
GSBC,20161103,40.15,40.6,39.81,40.15,14200
GSIT,20161103,4.88,5.02,4.8,5,65400
GSM,20161103,8.85,9.22,8.84,8.99,470700
GT,20161103,27.89,28.29,27.75,27.91,2801500
GTIM,20161103,3.05,3.1,3.05,3.05,1900
GURE,20161103,11.15,11.15,10.9,10.95,56100
GWGH,20161103,8.57,8.59,8.4,8.41,9000
GWRS,20161103,7.65,7.75,7.56,7.59,22800
GYRO,20161103,18.45,18.45,18.44,18.44,1200
HA,20161103,45,45.45,44.45,44.45,452400
HAFC,20161103,24.6,24.6,24.15,24.3,135900
HAIN,20161103,36.48,36.87,35.51,35.58,808900
HALL,20161103,10.03,10.16,9.77,9.96,32300
HALO,20161103,8.51,8.69,8.23,8.46,2775800
HAS,20161103,81.44,81.82,80.36,81.28,1202300
HAYN,20161103,31.05,32.01,31.02,31.93,36800
HBAN,20161103,10.33,10.39,10.19,10.25,17179900
HBANP,20161103,1445,1445,1445,1445,0
HBCP,20161103,28.44,28.56,27.86,28.28,4800
HBIO,20161103,2.35,2.55,2.25,2.3,55400
HBMD,20161103,13.95,13.95,13.5,13.5,6300
HBNC,20161103,12.3422,12.4133,12.2267,12.3822,24800
HBP,20161103,4.95,4.98,4.71,4.75,213000
HCCI,20161103,13,13.45,12.5,12.55,26700
HCKT,20161103,16.15,16.16,15.94,15.95,68100
HCM,20161103,11.96,12.09,11.8,11.92,74100
HCSG,20161103,35.11,35.31,34.99,35.04,297300
HDSN,20161103,6.3,6.6,6.15,6.43,1105200
HEAR,20161103,5.28,5.48,5.08,5.32,86400
HEES,20161103,13.52,13.66,13.18,13.22,263100
HELE,20161103,80.75,80.85,79.75,80.05,154600
HFBL,20161103,24.09,24.09,24.09,24.09,0
HFWA,20161103,18.4,18.45,18.2,18.3,39800
HGSH,20161103,3.42,3.42,3.34,3.38,7900
HIBB,20161103,38.4,38.6,37.95,38,273800
HIFS,20161103,142.46,145.99,142.32,144.46,2800
HIHO,20161103,4,4.05,4,4.05,3000
HIMX,20161103,7.57,7.88,7.57,7.67,1803500
HLG,20161103,7.91,7.91,7.9,7.9,500
HLIT,20161103,4.8,5.05,4.75,4.9,313300
HMHC,20161103,11.15,11.55,9.15,9.35,6970900
HMNF,20161103,14.62,14.8,14.6,14.7,2300
HMST,20161103,27,27.35,26.75,26.85,224000
HMTV,20161103,11.45,11.65,11.4,11.4,6800
HNNA,20161103,17.4333,17.6267,17.4,17.6133,5100
HNRG,20161103,9.03,9.24,8.95,9.02,126700
HOFT,20161103,25.85,26.45,25.7,26.1,33500
HOLI,20161103,19.49,19.66,19.35,19.38,158000
HOLX,20161103,38.26,38.92,37.14,37.19,6784400
HOMB,20161103,21.13,21.29,21.02,21.21,315600
HONE,20161103,9.4046,9.4547,9.3043,9.36,55400
HOPE,20161103,15.7,15.78,15.47,15.58,635800
HOVNP,20161103,4.41,4.71,4.41,4.5,6300
HQY,20161103,31.24,31.57,30.83,30.83,334000
HRTX,20161103,14.35,14.55,13.95,14.05,642100
HRZN,20161103,10.5,10.54,9.81,9.83,288900
HSIC,20161103,156.06,156.95,153.62,153.87,1366200
HSII,20161103,18.2,18.5,17.95,18.15,69200
HSKA,20161103,56.14,57.34,55.8,56.29,80600
HSON,20161103,14.2,14.9,14.2,14.5,32400
HSTM,20161103,23.8,25.15,23.4,24.1,463700
HTBI,20161103,18.7,18.8,18.5,18.75,13800
HTBK,20161103,10.84,10.91,10.67,10.89,36200
HTBX,20161103,12.7,13.6,12.6,12.9,359000
HTGM,20161103,2.11,2.19,1.88,1.99,212600
HTHT,20161103,10.4425,10.7425,10.4225,10.52,88600
HTLD,20161103,18.04,18.38,17.96,17.98,482500
HTLF,20161103,37.8,37.85,36.7,36.75,381000
HUBG,20161103,35.95,36.45,35.6,35.85,332000
HURC,20161103,25.35,25.4,24.8,25,13900
HURN,20161103,47.55,49.9,47.55,48.9,193900
HWBK,20161103,14.2,14.2,14.2,14.2,1400
HWKN,20161103,39.55,41.35,38.85,39.85,24300
HYLS,20161103,48.13,48.16,48,48.08,95900
HYZD,20161103,23.32,23.32,23.19,23.19,600
HZNP,20161103,16.2,16.35,14.9,15.02,6631300
IAC,20161103,64,67.13,60.39,65.39,1759600
IART,20161103,38.965,39.465,38.41,38.52,378100
IBB,20161103,255.02,256.29,246.71,246.87,3135400
IBCP,20161103,16.6,16.7,16.45,16.65,38300
IBKR,20161103,32.21,32.7,32.1,32.18,223800
IBOC,20161103,30.1,30.45,30,30.15,83700
IBTX,20161103,46.6,47.25,46.2,46.3,48700
ICAD,20161103,3.31,3.5,2.99,3.3,54700
ICBK,20161103,19.84,19.91,19.73,19.83,7600
ICCC,20161103,5.25,5.25,5.01,5.04,28500
ICFI,20161103,48.45,49.6,48.25,48.95,113300
ICLN,20161103,8.52,8.56,8.37,8.39,21600
ICLR,20161103,76.64,77.61,76.61,76.68,470600
ICPT,20161103,120,120.1,98.2,98.2,1762400
ICUI,20161103,138.15,140.32,137.75,139.05,82300
IDCC,20161103,69.45,69.7,68.4,69.15,293800
IDLB,20161103,25.29,25.3,25.04,25.07,17300
IDRA,20161103,12.48,12.56,11.44,11.68,1100400
IDXX,20161103,105.4,106.44,104.93,105.07,533900
IEP,20161103,47.16,47.72,45.87,46.9,96200
IESC,20161103,14.53,14.7,14.3,14.6,31400
IEUS,20161103,43.3,43.3,42.99,42.99,2600
IFGL,20161103,28.51,28.54,28.38,28.4,98400
IFV,20161103,17.5,17.67,17.39,17.41,99300
IGF,20161103,39.58,39.58,39.35,39.41,135100
IGOV,20161103,97.3,97.66,97.16,97.32,55900
III,20161103,4.04,4.04,3.95,3.95,11200
IIN,20161103,5.55,5.65,5.5,5.55,15100
IIVI,20161103,27.25,27.4,26.85,26.95,280800
IKNX,20161103,10.8,10.8,10.8,10.8,0
ILMN,20161103,135.86,135.89,133.3,134.39,1233600
IMGN,20161103,1.66,1.67,1.51,1.59,3203100
IMKTA,20161103,40.7,40.75,38.7,38.75,40100
IMMR,20161103,7.75,7.75,7.01,7.09,778800
IMOS,20161103,16.17,16.2,15.35,15.4,188500
INBK,20161103,25,25.15,24.95,25.05,14800
INCR,20161103,45.55,46.15,44.15,44.2,382500
INCY,20161103,87.53,87.89,83.09,83.28,1216100
INDB,20161103,53.5,53.8,53,53.25,37000
INDY,20161103,29.29,29.33,29.15,29.32,308500
INFI,20161103,1.17,1.2,0.94,1.01,819100
INFN,20161103,7.45,7.47,7.34,7.34,1904400
INGN,20161103,50.84,51.8,50.24,50.25,477500
INO,20161103,6.41,6.5,5.98,5.98,2022700
INOD,20161103,2.25,2.25,2.05,2.1,29300
INOV,20161103,14.5,16.2,14.13,14.45,2636900
INSM,20161103,11.63,11.89,10.36,10.36,595500
INTC,20161103,34.45,34.52,33.87,33.93,19400000
INTG,20161103,22.5,22.5,22.5,22.5,0
INTU,20161103,108.4,108.4,105.48,105.6,1110300
INVA,20161103,9.87,10.15,9.35,9.37,578200
INVE,20161103,2.15,2.27,2.04,2.1,47200
IONS,20161103,27,27.51,26.86,27,2997900
IOSP,20161103,59.45,59.45,55.3,55.5,170800
IPAR,20161103,32.15,32.15,31.8,31.85,40500
IPDN,20161103,6.91,6.91,6.46,6.46,2900
IPGP,20161103,93.94,94.61,93.16,93.61,219700
IPKW,20161103,27.83,27.83,27.65,27.75,4000
IPWR,20161103,48.6,49.5,48.4,48.4,16500
IRBT,20161103,49.28,49.43,48.46,48.86,330300
IRCP,20161103,44.85,44.85,44.85,44.85,0
IRDM,20161103,7.7,7.85,7.65,7.8,624800
IRIX,20161103,13.2,13.96,13.19,13.27,16400
IRMD,20161103,9.25,9.3,8.95,9.05,48500
IROQ,20161103,18.55,18.55,18.55,18.55,200
IRTC,20161103,24.84,25.54,22.16,23.36,249900
IRWD,20161103,13.5,13.5,12.65,12.69,1676300
ISBC,20161103,12.11,12.21,12.05,12.17,1328300
ISHG,20161103,81.97,81.97,81.71,81.75,2700
ISIG,20161103,2.15,2.22,2.15,2.16,10200
ISLE,20161103,20.66,20.74,20.24,20.32,156100
ISRG,20161103,223.3367,224.73,222.5833,224.4333,291900
ISSC,20161103,3.11,3.12,2.94,2.94,16100
ISTR,20161103,16.15,16.15,16,16,7900
ITCI,20161103,11.77,11.96,10.81,10.87,915700
ITI,20161103,3.34,3.43,3.33,3.39,26200
ITIC,20161103,103.5,103.5,100.81,103.5,1700
ITRI,20161103,59.15,61.65,56.7,58.2,1425300
ITRN,20161103,26.6,26.9,26.2,26.45,18100
IVAC,20161103,5.8,5.85,5.75,5.75,10700
IXUS,20161103,50.69,50.8,50.44,50.54,156600
IZEA,20161103,5.13,5.13,4.99,5,6400
JACK,20161103,95.05,96.49,93.91,94.05,397100
JAGX,20161103,955.5,1018.5,955.5,966,10800
JAKK,20161103,65.5,67,65,65.5,127200
JAZZ,20161103,107.65,108.37,96.27,96.74,2357700
JBHT,20161103,81.85,82.3,80.36,80.38,1190600
JBLU,20161103,16.96,17.16,16.92,16.93,4343200
JBSS,20161103,60.84,61.01,59.37,59.42,96800
JCS,20161103,4.16,4.19,4.02,4.03,5300
JCTCF,20161103,5.75,5.85,5.6,5.625,17000
JD,20161103,24.54,25.05,24.51,24.67,6738700
JJSF,20161103,117.76,119.21,115.62,116.5,96600
JKHY,20161103,80.43,80.8,80.2,80.27,317500
JOBS,20161103,32.75,33.43,32.71,33.26,65700
JOUT,20161103,35.09,36.43,34.41,34.98,18700
JRJC,20161103,38.3,39,37.2,37.8,34100
JRVR,20161103,37.18,37.18,35.95,36.83,113900
JSM,20161103,22.36,22.68,21.75,21.82,31500
JSMD,20161103,28.32,28.32,28.3,28.3,1600
JSML,20161103,27.38,27.38,27.38,27.38,200
JVA,20161103,4.94,5.14,4.8,4.92,75700
JYNT,20161103,2.49,2.52,2.46,2.49,25100
KALU,20161103,71.73,73.09,71.5,72.69,161900
KBAL,20161103,12.27,12.42,12.2,12.24,112200
KE,20161103,14.2,14.2,13.85,13.95,105900
KELYA,20161103,18.88,18.95,18.73,18.88,86300
KELYB,20161103,18.3,18.3,18.3,18.3,0
KEQU,20161103,21.75,21.75,21.75,21.75,2400
KFFB,20161103,8.15,8.15,8.05,8.1,4200
KFRC,20161103,16.85,17.3,16.25,16.4,312200
KHC,20161103,88.12,88.37,86.13,86.25,5041900
KINS,20161103,10.3,10.44,10.21,10.4,4100
KIRK,20161103,12.41,12.41,11.75,11.75,59800
KLAC,20161103,74.86,75.12,74.54,74.68,2100700
KLIC,20161103,13.25,13.32,13.11,13.11,273500
KMDA,20161103,5.5,5.55,5.45,5.5,6100
KMPH,20161103,3.75,3.82,3.7,3.75,36500
KNDI,20161103,4.6,4.75,4.4,4.45,338700
KNSL,20161103,23.19,23.39,22.7,23,117100
KOPN,20161103,2.18,2.18,2,2,127200
KOSS,20161103,2.64,2.7,2.6,2.67,7500
KPTI,20161103,6.59,6.78,6.37,6.39,327600
KRMA,20161103,14.9,14.92,14.88,14.88,1500
KRNT,20161103,9.95,10.05,9.95,10,1700
KRNY,20161103,13.75,13.8,13.65,13.75,431900
KTCC,20161103,7.23,7.26,7.23,7.23,15500
KTOS,20161103,5.9,6.09,5.8,6,1036400
KURA,20161103,4.15,4.25,4.05,4.05,5800
KVHI,20161103,8,8.25,7.9,7.95,91000
LAKE,20161103,9.7,10,9.7,9.8,15400
LAMR,20161103,62.26,62.38,59.72,60.84,1886500
LANC,20161103,126.75,126.95,125.81,126.1,138300
LAND,20161103,10.24,10.37,10.23,10.27,14400
LARK,20161103,26.85,27.09,26.85,27.05,1100
LAWS,20161103,18.52,18.6,18.4,18.5,6200
LBAI,20161103,14.2,14.35,13.88,14.15,132600
LBRDA,20161103,64.06,66.94,62.3,62.57,392700
LBRDK,20161103,66.16,68.72,64.33,64.81,1134900
LBTYA,20161103,32.14,32.43,31.4,31.43,1925800
LBTYK,20161103,31.37,31.77,30.69,30.7,2436100
LCA,20161103,9.8,9.8,9.8,9.8,700
LCAHU,20161103,10.25,10.25,10.25,10.25,0
LCAHW,20161103,0.66,0.66,0.66,0.66,100
LCNB,20161103,16.55,17.6,16.55,17.45,10800
LCUT,20161103,13.95,14.1,13.95,14,11600
LE,20161103,15.8,16.35,15.55,15.65,220100
LECO,20161103,63.79,64.53,63.64,64,263000
LEDS,20161103,4.01,4.15,3.45,3.65,108500
LFUS,20161103,139.45,140.1,134.61,134.86,203200
LFVN,20161103,8.26,8.37,8.13,8.21,63600
LGIH,20161103,29.62,30,29.52,29.9,243600
LGND,20161103,94.58,94.71,90.21,91.16,519400
LHCG,20161103,36.3,39.49,36.29,38.97,458400
LIFE,20161103,36.4,37.1,35.7,35.7,60900
LILA,20161103,27.05,27.37,26.44,26.52,286100
LILAK,20161103,27.12,27.3,26.44,26.49,906900
LINC,20161103,1.6,1.86,1.6,1.66,58700
LIND,20161103,7.86,8.14,7.84,8.05,49700
LINK,20161103,9.99,9.99,9.99,9.99,0
LITE,20161103,35.6,36.4,35.4,35.45,704100
LIVE,20161103,1.8,1.86,1.8,1.81,40100
LIVN,20161103,47.72,47.97,44.94,45.08,1157200
LJPC,20161103,17.82,17.82,16.34,16.38,135700
LKFN,20161103,35.62,35.91,35.56,35.64,32100
LKQ,20161103,31.81,32.58,31.08,31.19,2132100
LLNW,20161103,1.79,1.8,1.7,1.72,131700
LMAT,20161103,20.5,20.81,20.39,20.56,100600
LMBS,20161103,52.77,52.77,52.7,52.75,153900
LMFA,20161103,71.4,72.4,69,69,4400
LMNR,20161103,19.58,19.58,19.06,19.18,14000
LMRK,20161103,15.65,15.65,13.95,14.8,154100
LMRKO,20161103,25.25,25.25,25.02,25.08,4100
LMRKP,20161103,25.25,25.25,24.25,24.79,19700
LNDC,20161103,12.8,13,12.75,12.8,29400
LNTH,20161103,9.5,9.65,8.6,8.6,441200
LOAN,20161103,5.9,5.95,5.75,5.75,21100
LOB,20161103,15.4,15.9,15.4,15.75,56400
LOCO,20161103,12.05,12.4,11.8,12.2,796100
LOGI,20161103,24.24,24.33,24.19,24.21,383400
LOPE,20161103,46,49.18,45.27,47.06,1253000
LORL,20161103,37.65,38,36.6,36.65,40800
LPCN,20161103,3.15,3.15,3.05,3.06,384900
LPLA,20161103,32.44,32.68,30.77,31.11,961500
LPSN,20161103,8.2,8.35,8.1,8.2,141400
LPTH,20161103,1.69,1.7,1.63,1.63,36700
LQDT,20161103,8.5,8.5,8.3,8.4,73600
LRCX,20161103,95.87,95.94,94.94,95.24,2343700
LSBK,20161103,14,14.01,14,14.01,500
LSCC,20161103,7.63,7.74,7.46,7.55,33890600
LSTR,20161103,71.85,73,71.8,72.2,311100
LSXMA,20161103,32.7,32.89,32.28,32.37,475800
LSXMB,20161103,34.5,34.5,34.5,34.5,100
LSXMK,20161103,32.51,32.69,32.13,32.23,425700
LTBR,20161103,21.36,21.36,19.32,20.4,87000
LTRPA,20161103,21.1,21.5,21,21.2,382200
LTRPB,20161103,21.8,21.8,21.8,21.8,0
LTRX,20161103,1.5,1.5,1.47,1.47,22300
LULU,20161103,57.73,57.87,55.02,55.11,1994000
LUNA,20161103,1.29,1.29,1.24,1.24,83800
LVHD,20161103,26.98,27.06,26.9,26.92,29300
LWAY,20161103,17.21,17.32,17,17.01,15900
LXRX,20161103,14.4,14.48,13.82,13.85,788500
LYTS,20161103,8.12,8.45,8.12,8.43,87300
MACK,20161103,5.38,5.41,4.99,5.01,3726100
MACQU,20161103,10,10.02,10,10,2600
MANH,20161103,49.89,50.69,49.81,50.07,358400
MANT,20161103,38.9,38.9,37,37.3,112800
MAR,20161103,68.58,69.4,68.4,69.24,3204000
MARA,20161103,8.16,8.24,7.6,7.84,43500
MARK,20161103,3.94,3.98,3.92,3.95,10500
MARPS,20161103,3,3,3,3,1300
MASI,20161103,59.25,59.25,56.87,57.6,796000
MAT,20161103,30.88,30.89,29.95,30.05,5132000
MATW,20161103,59.25,59.5,58.9,59,59700
MAYS,20161103,46.5,46.5,46.5,46.5,0
MBCN,20161103,17.275,17.275,17.275,17.275,0
MBII,20161103,1.87,1.98,1.85,1.91,38400
MBRX,20161103,3.25,3.32,3.11,3.12,36500
MBUU,20161103,15.02,15.36,14.93,15.31,120600
MBWM,20161103,27.06,27.21,27,27.09,30800
MCBC,20161103,7.99,8.2,7.88,8.1,18500
MCEF,20161103,19.06,19.06,19.06,19.06,0
MCFT,20161103,11.21,11.36,11.04,11.26,69100
MCHI,20161103,46.37,46.48,46.1,46.24,1546800
MCHP,20161103,29.99,30.09,29.69,29.815,1211700
MCHX,20161103,2.6,2.6,2.5,2.5,77300
MCRB,20161103,10.45,10.68,10.14,10.19,240400
MCRI,20161103,23.08,23.17,22.66,22.7,33600
MDGL,20161103,15.61,16.32,15.54,15.55,6400
MDGS,20161103,46.4,46.8,45.2,45.6,16200
MDIV,20161103,17.93,18.02,17.92,17.92,237900
MDLZ,20161103,44.04,44.05,43.28,43.31,6943600
MDRX,20161103,11.84,11.92,11.55,11.58,2380500
MDWD,20161103,5.95,6.25,5.6,5.6,19400
MDXG,20161103,8.45,8.48,7.66,7.85,1431600
MEDP,20161103,29.97,29.97,28.94,29.07,120500
MEIP,20161103,1.5,1.54,1.44,1.45,266500
MELI,20161103,167.15,168.4,164.67,165.88,703600
MEOH,20161103,35.8,35.88,34.9,34.95,549100
MERC,20161103,7.85,8,7.75,7.9,126600
MESO,20161103,4.17,4.2,4.11,4.2,10000
MFIN,20161103,3.61,3.68,3.33,3.34,153100
MGEE,20161103,56.25,57.2,56.15,56.6,49100
MGI,20161103,7.16,7.55,7.16,7.45,140300
MGIC,20161103,7.35,7.5,7.25,7.4,214300
MGLN,20161103,50.6,51.1,49.85,49.9,95100
MGNX,20161103,21.5,21.91,19.54,19.92,600400
MGPI,20161103,39.66,40.31,38.81,38.97,220200
MGRC,20161103,32.07,32.38,31.45,32.15,76100
MGYR,20161103,10.3,10.3,10.3,10.3,0
MHLD,20161103,13.2,13.6,13.2,13.5,340800
MICT,20161103,1.68,1.68,1.52,1.54,6000
MIDD,20161103,114.2,114.86,113.79,114.31,404400
MILN,20161103,15.3,15.3,15.15,15.15,3600
MIME,20161103,19.96,20.18,18.99,19.11,202800
MIND,20161103,3.05,3.1,3.05,3.06,8300
MINDP,20161103,23.99,23.99,23.99,23.99,100
MITK,20161103,6.15,6.85,6.05,6.1,586300
MKSI,20161103,49.75,49.75,48.7,48.8,235300
MKTX,20161103,147.69,149.74,147.48,147.8,185200
MLAB,20161103,122.11,122.11,118.26,119.77,13000
MLHR,20161103,27.85,27.9,27.35,27.45,437700
MLVF,20161103,17.85,18.4,17.85,18.3,63800
MMLP,20161103,17.05,17.9,17,17.15,182600
MMSI,20161103,21.25,21.4,21.02,21.05,247000
MMYT,20161103,26.8,27.45,26.5,27,416400
MNDO,20161103,2.23,2.28,2.23,2.24,49000
MNKD,20161103,2.15,2.2,2.05,2.1,2096500
MNOV,20161103,6.61,6.8,6.44,6.53,56300
MNRO,20161103,54.3,54.7,53.25,53.3,161600
MNST,20161103,48.27,48.33,46.6333,46.7367,1509500
MNTX,20161103,5.08,5.33,4.98,5.07,27800
MOFG,20161103,29,29.02,28.34,28.74,7300
MOMO,20161103,23.16,24.05,22.84,23.7,2156900
MORN,20161103,68.47,70.2,68.23,70.1,149000
MOSY,20161103,102,108,100,102,21000
MPAA,20161103,25.42,25.52,23.73,23.75,192900
MPB,20161103,18.8,18.85,18.5,18.85,900
MPWR,20161103,76.83,77.24,75.87,76.44,244000
MRAM,20161103,7.2,7.2,6.45,6.59,68400
MRCC,20161103,14.05,14.19,13.6,13.77,231100
MRCY,20161103,26.23,26.44,25.98,26.06,234300
MRLN,20161103,17.2,17.55,17.2,17.3,6300
MRNS,20161103,4.64,5,4.2,4.2,228700
MRTN,20161103,13.4333,13.6,13.3667,13.5,57200
MRTX,20161103,5.05,5.1,4.75,4.75,208200
MRUS,20161103,14.85,17.95,14.85,17.95,900
MRVL,20161103,12.85,12.89,12.41,12.63,4594400
MSBI,20161103,25.11,25.2,24.8,24.98,171000
MSEX,20161103,34.4,34.75,33.65,33.89,50600
MSFT,20161103,59.53,59.64,59.11,59.21,21600400
MSON,20161103,7.1,7.95,7.05,7.75,37900
MSTR,20161103,193.08,193.21,188.44,188.96,104600
MTBC,20161103,0.83,0.92,0.83,0.85,4900
MTBCP,20161103,26.6,26.7,26.04,26.65,1100
MTCH,20161103,15.65,15.97,15.24,15.26,2748100
MTEX,20161103,17.3,17.3,17.3,17.3,0
MTLS,20161103,6.53,7.66,6.47,6.53,34200
MTP,20161103,138,138,136,136,8200
MTRX,20161103,17.05,17.5,16.95,17.2,162200
MTSI,20161103,35.89,36.63,35.33,36.58,393500
MU,20161103,16.66,16.81,16.56,16.62,17255000
MVIS,20161103,1.04,1.13,1.02,1.05,229400
MYGN,20161103,16.98,17,15.92,16.26,2870300
MYRG,20161103,30.14,31.41,29.13,31.01,283100
NAII,20161103,12.15,12.25,11.65,11.7,82300
NAKD,20161103,550,550,510,510,8300
NATH,20161103,51.9,52.5,51.55,51.55,5400
NATI,20161103,27.3,27.46,27.22,27.25,322600
NATR,20161103,12.15,13,12.05,12.05,16300
NAVI,20161103,13.28,13.56,13.15,13.23,3617200
NBIX,20161103,44.67,45.5,39.91,40.16,2274900
NBN,20161103,11.05,11.4,11.05,11.3,6900
NBRV,20161103,5.3,5.3,4.85,4.98,87500
NBTB,20161103,32.75,33.06,32.44,32.78,51000
NCBS,20161103,38.01,38.46,38.01,38.09,7200
NCMI,20161103,13.79,13.92,13.63,13.63,154300
NCTY,20161103,43.5,43.5,40.5,42,12300
NDAQ,20161103,63.8,64.55,63.8,64.16,861700
NDLS,20161103,4.6,4.8,4.45,4.5,123100
NDSN,20161103,97.26,99.35,96.59,96.96,101500
NEO,20161103,7.83,7.89,7.64,7.73,483900
NEOG,20161103,39.1575,39.5025,38.355,38.445,103200
NEON,20161103,11.9,12,11,11,209900
NEPT,20161103,1.12,1.22,1.1,1.15,1452300
NERV,20161103,9.95,11.2,8.8,9.45,453300
NETE,20161103,1.1,1.13,1.08,1.11,102500
NEWT,20161103,15.1,15.14,14.13,14.16,260100
NEWTL,20161103,25.3,25.63,25.29,25.63,1800
NEWTZ,20161103,26.1,26.19,26.08,26.08,900
NFBK,20161103,16.15,16.38,16.05,16.29,69700
NFLX,20161103,122.31,123.72,121.84,122.14,5041300
NH,20161103,12.58,12.58,10.99,11.05,135200
NHTC,20161103,22.1,22.63,21.65,21.66,96700
NICE,20161103,64.54,65.25,64.47,64.49,98500
NICK,20161103,9,9,8.88,8.92,23300
NKSH,20161103,34.4,34.4,34,34.1,5900
NKTR,20161103,12.54,12.54,11.81,11.85,1710200
NMIH,20161103,8.3,8.45,8.1,8.15,773800
NNBR,20161103,15,16,14.05,14.35,393900
NNDM,20161103,65.2,67.1,63.1,64.1,8500
NOVN,20161103,20.56,20.92,20.11,20.13,33900
NOVT,20161103,16.8,17.2,16.55,16.95,144100
NRIM,20161103,24.7,24.81,24.7,24.8,5500
NSEC,20161103,18.49,18.49,18.49,18.49,0
NSIT,20161103,28.63,28.9,28.26,28.33,173800
NSSC,20161103,7,7.15,7,7.05,8100
NSTG,20161103,18.49,20.33,18.49,20.27,278800
NSYS,20161103,3.65,3.89,3.65,3.75,20100
NTAP,20161103,32.5,32.63,32.34,32.45,4040300
NTCT,20161103,27.35,27.95,27.25,27.7,917000
NTES,20161103,48.624,49.23,47.532,48.684,908600
NTGR,20161103,49.9,50.6,49.85,50,259000
NTIC,20161103,6.8,6.8,6.625,6.675,2500
NTLA,20161103,12.89,13.28,12.64,13.05,260500
NTNX,20161103,24.58,24.6,23.27,23.9,1208000
NTRA,20161103,7.98,8.35,7.88,8.13,207900
NTRS,20161103,72.35,73.16,72.11,72.38,1060300
NTWK,20161103,6.2,6.25,6.2,6.2,6600
NUAN,20161103,13.7,13.84,13.6,13.62,1023200
NURO,20161103,10.32,10.32,10,10.24,42800
NUVA,20161103,57.62,58.99,57.47,58.08,800300
NVAX,20161103,27,27.2,24.4,24.4,11301300
NVCN,20161103,610,640,530,540,2465800
NVCR,20161103,7.7,7.7,6.75,6.75,507500
NVDA,20161103,17.27,17.285,16.66,16.99,7741500
NVEC,20161103,56.77,57.35,56.77,57.26,10000
NVEE,20161103,28.3,28.5,27.6,28,28000
NVFY,20161103,18.85,19,16.8,16.8,160000
NVIV,20161103,3150,3262.5,3037.5,3037.5,160400
NVMI,20161103,12.22,12.25,12.14,12.17,34000
NWBI,20161103,15.46,15.54,15.4,15.51,413000
NWFL,20161103,29.35,29.51,28.78,29.5,3600
NWLI,20161103,211.45,213.04,209.68,209.68,2500
NWPX,20161103,14.2,14.96,14.2,14.58,65500
NWS,20161103,12.1,12.4,12.05,12.15,1115500
NWSA,20161103,11.92,11.97,11.78,11.83,1997200
NXPI,20161103,99.25,99.6,98.69,98.74,4918500
NXST,20161103,47.85,48.45,47,47.2,518800
NXTD,20161103,26.1,26.5,25,26.3,76500
NYMT,20161103,5.93,6.04,5.91,5.94,871000
NYMTP,20161103,23.2,23.57,22.8,23.23,6400
NYMX,20161103,3.18,3.2,3.15,3.17,142400
OBAS,20161103,8.25,8.25,8.25,8.25,0
OBCI,20161103,2.65,2.72,2.65,2.67,10400
OCC,20161103,2.85,2.95,2.85,2.95,500
OCFC,20161103,20.6,20.79,20.46,20.74,199300
OCUL,20161103,5.41,5.46,4.82,4.91,970100
ODFL,20161103,73.82,74.06,73.41,73.52,556700
ODP,20161103,35.5,36.4,35.3,35.8,9763400
OESX,20161103,1.39,1.41,1.25,1.36,296700
OFED,20161103,23.22,23.22,23,23.21,1200
OFIX,20161103,36.92,37.17,36.62,36.63,90400
OFLX,20161103,37.92,37.92,36.49,36.49,2900
OFS,20161103,13.29,13.49,13.06,13.09,20100
OIIM,20161103,2.06,2.08,1.91,1.94,132800
OLED,20161103,51.3,52.5,50.8,51.95,945200
OLLI,20161103,26.7,26.7,25.75,25.8,497300
OMAB,20161103,44.16,44.43,43.47,43.52,61800
OMCL,20161103,32.5,32.6,31.58,31.7,86500
OMER,20161103,8.95,9.34,8.81,9.06,930000
OMEX,20161103,4.22,4.41,4.11,4.41,46900
ON,20161103,11.49,11.6,11.48,11.51,2489000
ONB,20161103,14.35,14.5,14.25,14.3,688000
ONCS,20161103,18.7,19.4,17.6,18,176300
ONEQ,20161103,200.49,201.05,198.7,198.75,18800
ONTX,20161103,37.2,37.2,34.65,36.3,25700
ONVO,20161103,2.6,2.62,2.52,2.54,954700
OPGN,20161103,505,520,455,490,195400
OPHC,20161103,3.9,3.9,3.9,3.9,0
OPK,20161103,9.49,9.6,9.39,9.55,4687800
OPOF,20161103,20.5,20.5,20.5,20.5,0
ORLY,20161103,262.71,264.49,261.22,261.84,719000
ORMP,20161103,6.3,6.35,5.7,5.71,94200
ORRF,20161103,19.9,19.95,19.75,19.75,4900
OSBC,20161103,7.8,7.95,7.65,7.9,34600
OSIS,20161103,67.87,67.87,66.68,66.7,105200
OSTK,20161103,14.05,14.05,13.05,13.1,68400
OSUR,20161103,8,8,7.21,7.31,703500
OTEX,20161103,30.1,30.68,30.1,30.355,147300
OTIC,20161103,15.15,15.15,13.25,13.6,240600
OTTR,20161103,33.7,34.9,33.5,34.6,80800
OVBC,20161103,24,24,24,24,300
OVLY,20161103,10.45,10.47,10.4,10.4,7800
OXBR,20161103,4.85,4.85,4.85,4.85,100
OXBRW,20161103,0.34,0.34,0.34,0.34,100
OXLC,20161103,10.25,10.49,10.25,10.43,76500
OXLCO,20161103,25.42,25.42,25.42,25.42,600
PAAS,20161103,16.18,16.67,16.13,16.49,1667600
PACB,20161103,7.4,7.4,6.61,6.65,6499000
PACW,20161103,41.68,42.07,41.5,41.71,740800
PAHC,20161103,26.9,27.15,26.05,26.05,268500
PANL,20161103,2.56,2.68,2.4,2.53,17000
PATI,20161103,21.1,21.11,21.1,21.11,3400
PATK,20161103,36.9333,36.98,36.3667,36.5667,103600
PAVM,20161103,11.02,11.02,11.02,11.02,0
PAVMW,20161103,6.29,7.13,6.25,6.25,600
PAYX,20161103,54.34,54.48,53.47,53.83,2489800
PBCT,20161103,16.24,16.31,16.13,16.23,2539500
PBHC,20161103,12.13,12.13,12.09,12.09,900
PBIP,20161103,14.7,14.74,14.67,14.74,5100
PBPB,20161103,12.6,12.7,11.9,11.9,258900
PCAR,20161103,54.62,54.95,54,54.14,2022800
PCH,20161103,37.15,38.15,36.35,37.7,316900
PCOM,20161103,7.85,7.88,6.65,6.92,149500
PCRX,20161103,33.55,34,30.25,30.65,1255400
PCTI,20161103,5.2,5.24,5.03,5.05,24700
PCTY,20161103,40.7,41.94,40.25,40.68,537200
PCYG,20161103,12.9,12.9,12.55,12.55,34300
PCYO,20161103,4.85,4.9,4.6,4.6,18100
PDBC,20161103,17.26,17.31,17.18,17.23,78000
PDCE,20161103,63.95,63.95,60.07,63.09,1941900
PDCO,20161103,45.52,46.17,45.28,45.38,1839300
PDEX,20161103,4.35,4.4,4.16,4.25,9600
PDFS,20161103,18.91,19.05,18.67,18.88,112400
PEBK,20161103,20.5,20.5,20.5,20.5,2700
PEBO,20161103,24.2,24.49,24.16,24.32,24200
PEGA,20161103,31.2,34.13,30.05,33.25,856100
PENN,20161103,12.22,12.33,11.93,11.98,1083200
PERI,20161103,2.91,2.97,2.82,2.82,98500
PESI,20161103,4.2,4.2,4.05,4.05,31200
PETS,20161103,19.44,19.52,19.28,19.48,169900
PFBC,20161103,36.73,36.95,36.18,36.24,53600
PFIE,20161103,1.18,1.22,1.08,1.08,32900
PFIN,20161103,7.7,7.7,6.73,7.32,64100
PFIS,20161103,39.6,40.26,39.15,39.97,7200
PFLT,20161103,12.79,12.79,12.21,12.48,207800
PFMT,20161103,3.62,3.65,3.55,3.57,56000
PFSW,20161103,7,7.12,6.86,7.06,73600
PGC,20161103,21.19,21.8,21.14,21.79,28200
PI,20161103,25.19,26.1,24.54,25.3,572700
PINC,20161103,31.67,31.89,30.1,30.24,2059400
PIRS,20161103,1.5,1.59,1.39,1.43,192800
PKBK,20161103,14.7273,14.7273,14.2455,14.3545,7600
PKOH,20161103,30.35,31.45,30.35,30.95,39000
PLAB,20161103,9.8,10.1,9.76,10.05,247700
PLAY,20161103,40.38,40.8,39.44,39.51,406500
PLBC,20161103,12,12.35,11.95,12.35,3100
PLCE,20161103,74.05,74.25,72.4,72.55,353400
PLPC,20161103,43.01,43.64,43.01,43.02,12000
PLSE,20161103,5.86,5.93,5.77,5.92,24900
PLUG,20161103,1.49,1.51,1.46,1.48,1056100
PLUS,20161103,45.6,45.825,45,45.3,34500
PLXS,20161103,45.67,46,45.3,45.68,120700
PMD,20161103,22.24,23.96,21.22,21.9,41200
PME,20161103,0.92,0.93,0.87,0.87,10900
PMTS,20161103,26,26.5,24.4,24.75,71400
PNBK,20161103,13,13,13,13,0
PNFP,20161103,49.8,50.3,49.7,50.05,123100
PNNT,20161103,7.21,7.29,7.17,7.22,295700
PNQI,20161103,83.75,84.4,83.46,83.54,13000
PNRG,20161103,52.19,52.19,52.19,52.19,0
PODD,20161103,32.06,32.59,30.69,30.73,1220300
POOL,20161103,91.14,91.68,91.13,91.43,254000
POWI,20161103,31.25,31.55,30.9,31.475,174000
POWL,20161103,35.36,35.89,35.19,35.38,25500
PPBI,20161103,25.35,25.7,25.2,25.45,87900
PPC,20161103,21.03,21.09,20.87,21.02,1346300
PPH,20161103,52.56,52.56,50.64,50.73,578500
PPSI,20161103,5.05,5.2,5,5.2,4300
PRAA,20161103,31.1,31.3,30.6,30.8,203000
PRFT,20161103,15.4,16.43,15.4,15.86,488900
PRFZ,20161103,99.34,99.68,98.9,98.99,51500
PRGS,20161103,26.32,26.52,26.23,26.3,194600
PRIM,20161103,18.97,19.18,18.78,19.1,194900
PROV,20161103,19,19.04,18.85,19.04,10900
PRPH,20161103,2.05,2.05,1.93,1.99,10900
PRQR,20161103,4.4,4.4,4.05,4.15,32100
PRTA,20161103,45.51,46.04,40.58,40.72,530700
PRTK,20161103,10.65,10.85,10.35,10.55,178400
PRTS,20161103,2.81,2.91,2.8,2.8,61800
PSC,20161103,23.66,23.66,23.66,23.66,0
PSCC,20161103,62.24,62.29,61.54,61.59,3500
PSCD,20161103,45.36,45.39,45.05,45.05,5500
PSCE,20161103,16.27,16.5,16.27,16.45,26300
PSCF,20161103,42.56,42.66,42.2,42.23,14400
PSCH,20161103,65.25,65.5,63.5,63.5,30700
PSCI,20161103,46.6,46.64,46.43,46.43,1600
PSCM,20161103,37.85,38.45,37.85,38.18,10200
PSCT,20161103,60.67,61.31,60.67,60.85,47100
PSCU,20161103,44.28,44.91,44.28,44.8,6400
PSEC,20161103,7.45,7.56,7.34,7.49,2196800
PSET,20161103,24.91,24.91,24.91,24.91,200
PSMT,20161103,86.15,86.95,85.65,86.1,152700
PSTI,20161103,15.3,15.7,15,15.2,94200
PTC,20161103,43.94,44.16,43.12,43.25,1616400
PTCT,20161103,6.25,6.35,4.03,4.19,6092100
PTEN,20161103,21.41,21.78,21.25,21.45,2835600
PTGX,20161103,18.06,18.42,17.45,17.93,33600
PTNR,20161103,4.45,4.5,4.41,4.5,3100
PTSI,20161103,19.44,20.14,18.75,18.85,30300
PULM,20161103,11,11.3,10.1,10.3,15000
PVBC,20161103,8.125,8.15,8.05,8.05,3700
PWOD,20161103,27.4133,27.6,27.2867,27.52,2800
PXLW,20161103,2.76,2.85,2.66,2.72,105400
PXS,20161103,2.2,2.2,2.15,2.15,1000
PY,20161103,24.72,24.72,24.72,24.72,200
PYPL,20161103,41.32,41.5,40.92,41.19,6239900
PZZA,20161103,78.08,79.14,77.13,78.13,510300
QABA,20161103,40.68,41.02,40.68,40.79,24700
QADA,20161103,23.15,23.4,23.13,23.15,23700
QADB,20161103,20.5,20.5,20.5,20.5,0
QAT,20161103,18.64,18.64,18.64,18.64,0
QCLN,20161103,14.22,14.35,14.22,14.25,8800
QCOM,20161103,67.69,68.57,65.93,66.95,15642500
QCRH,20161103,32.45,33.25,32.42,33,29400
QDEL,20161103,18.96,19.1,18.49,18.53,67000
QIWI,20161103,12.52,12.61,12.48,12.55,349300
QLYS,20161103,36.1,36.65,35.05,36.05,319400
QNST,20161103,2.99,3.08,2.99,3.01,39200
QQEW,20161103,44.28,44.37,43.94,44.01,8900
QQQ,20161103,115.02,115.37,113.92,114.05,36205100
QQQX,20161103,18.02,18.1,17.85,17.85,162200
QQXT,20161103,39.01,39.18,38.69,38.72,19100
QRHC,20161103,1.71,1.78,1.67,1.67,8800
QRVO,20161103,56.03,57.68,55.72,56.74,3605800
QTEC,20161103,49.87,49.87,49.48,49.54,73800
QTNT,20161103,4.67,4.67,3.9,4.36,686500
QUIK,20161103,10.64,11.62,10.64,10.92,296600
QUMU,20161103,2.9,3.18,2.75,2.75,16700
QURE,20161103,6.91,7.16,6.65,6.68,465900
QYLD,20161103,22.05,22.05,21.75,21.83,25600
RADA,20161103,1.26,1.26,1.13,1.19,89600
RAIL,20161103,10.97,11.29,10.91,11.06,266200
RAND,20161103,30.6,30.6,30.33,30.42,1400
RARE,20161103,58.09,58.09,52.6,52.7,868700
RAVE,20161103,2.77,2.8,2.72,2.74,37400
RAVN,20161103,20.85,21.35,20.85,21.3,185400
RBCAA,20161103,31.81,31.88,31.17,31.68,10100
RBCN,20161103,5.9,6.4,5.9,6,25500
RCII,20161103,10.46,10.57,10.27,10.35,1092200
RCKY,20161103,10.65,10.65,10.5,10.5,17300
RCMT,20161103,7.03,7.1,6.82,7.03,17300
RCON,20161103,5,5.35,4.9,5.25,18300
RDCM,20161103,17.9,18.15,17.65,17.65,172000
RDHL,20161103,12.18,12.54,11.51,11.56,59200
RDI,20161103,12.72,12.74,12.62,12.63,19800
RDNT,20161103,6.85,6.95,6.68,6.75,84400
RDUS,20161103,39.53,39.77,35.92,36.8,2021400
RDVY,20161103,22.21,22.26,22.03,22.03,4200
RDWR,20161103,12,12.11,11.78,11.96,253800
REFR,20161103,2,2.06,1.89,1.91,51100
REGI,20161103,9.15,9.55,8.3,8.35,790400
REGN,20161103,343.51,346.43,331.95,336.01,1203200
RELL,20161103,5.95,6.19,5.83,6.09,11400
RELY,20161103,5.4,5.4,5.3,5.3,97700
REPH,20161103,6.99,7.02,6.9,6.96,28900
RESN,20161103,4.29,4.37,4.26,4.32,3500
RETA,20161103,22.01,22.8,21.2,21.37,10800
RFDI,20161103,52.28,52.28,51.03,51.03,75000
RFEM,20161103,55.6,55.63,55.35,55.43,20900
RFEU,20161103,51.25,51.32,50.84,50.84,3400
RFIL,20161103,1.6,1.65,1.6,1.6,9700
RGCO,20161103,16.3267,16.4333,16.3267,16.4333,700
RGEN,20161103,29.85,29.94,26.16,26.64,615700
RGLD,20161103,70,75.71,68.26,74.4,1188300
RGLS,20161103,31.2,31.2,29.4,29.4,736700
RGNX,20161103,16.6,16.65,15.85,15.95,170700
RIBT,20161103,1.16,1.21,1.15,1.15,1700
RICK,20161103,11.36,11.73,11.32,11.67,41400
RIGL,20161103,2.54,2.6,2.46,2.5,1206000
RILY,20161103,12.8,12.8,12.1,12.35,2100
RKDA,20161103,31.8,31.8,28,28.2,60000
RMBS,20161103,11.91,11.98,11.81,11.9,400400
RMCF,20161103,10.06,10.24,10.01,10.09,7800
RMR,20161103,34.9,35.15,34.55,34.9,21500
RMTI,20161103,5.69,5.75,5.45,5.5,344100
RNDB,20161103,13.84,13.84,13.84,13.84,500
RNST,20161103,32.91,33.19,32.8,32.9,117100
RNWK,20161103,4.39,4.39,4.23,4.23,14600
ROCK,20161103,39.25,39.65,38.55,38.6,286200
ROIC,20161103,19.19,19.29,19.05,19.1,881100
ROLL,20161103,74.75,74.75,69.65,70.15,173800
ROST,20161103,62.32,62.39,61.2,61.28,2118700
RPD,20161103,13.65,13.94,13.65,13.77,84900
RPRX,20161103,1.56,1.6,1.5,1.51,53200
RRGB,20161103,47.75,48.8,46.65,47.75,457500
RRR,20161103,21.86,21.92,21.14,21.33,469000
RUN,20161103,4.84,4.84,4.57,4.65,1738400
RUSHA,20161103,16.8667,17.02,16.4933,16.5333,127700
RUSHB,20161103,16.6267,16.7733,16.4467,16.64,14600
RUTH,20161103,15.5,15.75,15.45,15.55,195400
RVNC,20161103,13.45,13.83,12.55,12.55,428000
RVSB,20161103,5.49,5.5,5.32,5.32,7600
RWLK,20161103,75,75,66.25,68.75,191500
RXDX,20161103,4.7,4.7,4.25,4.25,349800
RYAAY,20161103,76.42,77.07,76,76.11,394000
SABR,20161103,24,24.12,23.31,23.45,6748600
SAFM,20161103,91.32,92.39,90.45,92.1,417500
SAFT,20161103,66.05,66.5,65.35,65.6,91400
SAGE,20161103,43.75,44,38.3,38.71,902600
SAIA,20161103,35,35.95,34.75,35.3,246200
SAL,20161103,31.2,31.2,31.2,31.2,0
SALM,20161103,5.15,5.35,5.15,5.25,27900
SAMG,20161103,11.15,11.25,11.07,11.1,6300
SANM,20161103,28.15,28.75,28.08,28.3,583200
SANW,20161103,4.85,4.85,4.8,4.8,21300
SASR,20161103,31.6,31.6,30.91,31.18,40400
SATS,20161103,36.725,37.0663,36.6763,36.7819,84300
SBAC,20161103,107.14,109.16,106.99,107.94,1819800
SBCF,20161103,17.07,17.25,17.04,17.24,82000
SBFG,20161103,12.5,12.5,12.5,12.5,0
SBGI,20161103,25.15,25.7,25.05,25.5,2095500
SBLK,20161103,4.2,4.25,4.04,4.1,160600
SBNY,20161103,119.44,121.27,119.4,120.24,549000
SBRA,20161103,21.08,21.8,19.86,20.46,1480800
SBSI,20161103,31.73,32.02,31.61,31.72,44500
SBUX,20161103,52.99,53,51.34,51.77,21847200
SCHL,20161103,38.05,38.3,37.98,38.05,113600
SCHN,20161103,23.2,23.8,23.2,23.55,271900
SCKT,20161103,3.09,3.25,3.02,3.16,58500
SCOR,20161103,28.21,29.35,27.68,27.71,475000
SCSC,20161103,34.45,34.6,34.05,34.15,54400
SCVL,20161103,25.3,25.49,24.68,24.69,56900
SCWX,20161103,11.73,11.94,11.56,11.81,94700
SCYX,20161103,31.5,31.5,28.4,28.7,504200
SCZ,20161103,50.93,50.96,50.67,50.72,431100
SEAC,20161103,2.55,2.56,2.47,2.48,71700
SEDG,20161103,14.1,14.5,13.85,13.9,973200
SEED,20161103,25,25.6,23.9,24.9,137300
SEIC,20161103,43.98,44.48,43.98,44.2,460900
SELB,20161103,18.94,19.6,18.17,18.56,10900
SELF,20161103,5.03,5.08,5,5.01,21800
SENEA,20161103,29.15,29.33,27.9,28,33300
SENEB,20161103,33,33,33,33,0
SEV,20161103,9.07,9.07,9.07,9.07,0
SFBC,20161103,24.71,24.71,24.71,24.71,0
SFM,20161103,21.7,22.13,19.8,20.02,13855200
SFNC,20161103,24.325,24.625,24.25,24.475,62800
SFST,20161103,26.06,26.4,26.06,26.25,3200
SGC,20161103,16.63,16.68,16.04,16.08,21000
SGEN,20161103,56.3,57.28,55.86,57,1678900
SGMA,20161103,5.21,5.21,5.02,5.04,12400
SGMO,20161103,3.45,3.45,3.2,3.2,897600
SGMS,20161103,11,12.35,10.9,11.55,1807300
SGOC,20161103,3.35,3.4,3.3,3.3,1900
SGRP,20161103,1,1,0.99,0.99,1300
SGRY,20161103,16.4,16.6,15.9,16,68700
SHBI,20161103,12.45,12.63,12.25,12.52,11800
SHEN,20161103,24.2,24.5,23.8,24.35,172400
SHIP,20161103,504,540,492,516,35800
SHOO,20161103,23.7,23.8,23.3,23.6133,700600
SHY,20161103,84.92,84.96,84.92,84.96,2616600
SIEB,20161103,1.22,1.22,1.21,1.22,4200
SIEN,20161103,7.31,7.73,7.01,7.07,78800
SIFY,20161103,1,1.01,1,1.01,35900
SIGI,20161103,35.55,35.75,35.22,35.35,284900
SILC,20161103,36.06,36.33,35.43,35.47,32600
SIMO,20161103,42.33,43.1,42.16,42.38,670100
SINO,20161103,5.2,5.2,4.4,4.85,63600
SIRI,20161103,4.14,4.16,4.12,4.13,47261000
SIVB,20161103,118.02,119.58,117.29,117.9,445500
SKOR,20161103,51.48,51.48,51.46,51.46,2600
SKYW,20161103,29.55,29.8,28.8,28.9,268900
SKYY,20161103,33.78,33.83,33.58,33.64,60900
SLAB,20161103,58.5,59.35,58.35,58.85,168600
SLGN,20161103,25.205,25.655,25.205,25.41,304700
SLM,20161103,7.05,7.09,6.97,7.01,3015200
SLMBP,20161103,49.1,49.1,47.76,47.89,6800
SLP,20161103,8.5,8.75,8.4,8.65,91100
SLQD,20161103,50.65,50.7,50.61,50.69,90400
SLRC,20161103,20,20,19.26,19.72,109700
SLVO,20161103,9.44,9.44,9.34,9.44,30300
SMBC,20161103,24.97,24.97,24.35,24.7,3900
SMBK,20161103,17.6,17.6,17.6,17.6,0
SMCI,20161103,22.55,22.77,22.3,22.35,362800
SMCP,20161103,20.02,20.02,20.02,20.02,0
SMED,20161103,3.87,3.87,3.42,3.44,21100
SMIT,20161103,1.53,1.6,1.48,1.58,37600
SMMF,20161103,19.58,19.77,19.49,19.57,5100
SMMT,20161103,12.32,12.32,11.13,11.13,29500
SMSI,20161103,1.41,1.46,1.4,1.4,19100
SMTC,20161103,24.05,24.7,22.81,24.45,458100
SNCR,20161103,37.1,37.25,36.74,37.02,351700
SNDX,20161103,11.88,12,10.32,10.37,64400
SNFCA,20161103,6.25,6.3,6.1,6.15,10300
SNLN,20161103,18.47,18.49,18.45,18.48,90400
SNPS,20161103,57.9,58.39,57.59,57.74,706200
SNSR,20161103,14.85,14.85,14.6,14.66,4700
SOCL,20161103,22.89,23,22.62,22.7,109800
SOHO,20161103,4.87,4.92,4.75,4.8,35500
SOHOB,20161103,25.52,25.52,25.5,25.5,600
SOHU,20161103,36.79,37.18,36.39,36.81,298400
SOXX,20161103,109.69,110.41,109.05,109.45,504200
SP,20161103,24.7,26.6,24.7,25.3,22700
SPCB,20161103,2.62,2.66,2.5,2.62,46800
SPI,20161103,2.38,2.4,2.12,2.21,39800
SPLK,20161103,58.88,59.16,57.84,57.94,1002200
SPNE,20161103,9.18,9.4,9.1,9.11,4200
SPNS,20161103,13.3,13.3,13.01,13.05,23600
SPOK,20161103,16.65,16.65,16.25,16.4,63800
SPPI,20161103,3.51,3.52,3.21,3.22,1124600
SPSC,20161103,62.32,62.41,61.48,61.96,87200
SPTN,20161103,27.87,27.98,27.4,27.46,112900
SPWH,20161103,9.19,9.21,9.03,9.08,134700
SPWR,20161103,7.01,7.08,6.27,6.4,4571600
SQQQ,20161103,1171.2,1203.2,1159.2,1198.4,8243600
SRAX,20161103,6.75,6.9,6.75,6.78,2100
SRCE,20161103,33.72,34.25,33.27,33.93,24200
SRCL,20161103,74.33,75.35,72.89,73.05,2319200
SRDX,20161103,24.95,24.95,24.5,24.55,18800
SRET,20161103,14.16,14.18,14.06,14.07,20900
SREV,20161103,4.68,4.69,4.5,4.51,117600
SRNE,20161103,5.05,5.1,4.68,4.7,280900
SRPT,20161103,37.5,37.7,35.33,37.16,3062300
SRTS,20161103,6.03,6.03,6.03,6.03,0
SSB,20161103,71.4,71.75,70.75,71.3,61900
SSBI,20161103,13.4,13.4,13.39,13.39,1500
SSKN,20161103,2.35,2.4,2.35,2.35,5000
SSNC,20161103,31.8,31.97,31.31,31.75,623900
SSYS,20161103,18.81,19.42,18.52,18.74,1104800
STAA,20161103,8.35,8.75,8.1,8.4,153200
STAF,20161103,5,5,4,4.35,147800
STBA,20161103,30.3,30.52,30.02,30.1,50000
STFC,20161103,21.02,22.67,19.54,22.5,27500
STKL,20161103,6.6,6.65,6.35,6.45,239100
STKS,20161103,2.29,2.42,2.29,2.42,2900
STLD,20161103,26.67,27.5,26.67,27.35,3850300
STRA,20161103,57.1,58.11,57.02,57.16,152900
STRL,20161103,6.54,6.68,6.4,6.61,164500
STRM,20161103,1.79,1.83,1.72,1.72,9100
STRS,20161103,24.45,24.45,23.9,24.1,4000
STRT,20161103,34.3,35.3,34.3,34.65,4600
STX,20161103,32.64,33.28,32.45,33.08,3855800
SUMR,20161103,18.27,18.27,14.85,16.02,101400
SUNS,20161103,15.32,15.5,15.27,15.41,49900
SUNW,20161103,19.95,20.72,18.62,20.58,215200
SUPN,20161103,19.8,20.05,18,18.1,839800
SVBI,20161103,6.57,6.57,6.28,6.35,10300
SVVC,20161103,7.76,7.78,7.75,7.78,6400
SWIR,20161103,12.75,12.75,12.3,12.55,426500
SWKS,20161103,74.65,76.82,74.39,74.67,3566700
SYBT,20161103,33.45,33.6,33.2,33.5,25300
SYNA,20161103,53.52,53.93,53.01,53.27,441800
SYNL,20161103,9.6,10.07,9.6,9.95,4400
SYPR,20161103,0.99,0.99,0.98,0.98,7600
SYRS,20161103,12.21,12.5,11.56,11.62,10300
TA,20161103,6,6.1,5.95,6,253100
TACO,20161103,13.12,13.28,13.1,13.19,415000
TACT,20161103,7.25,7.35,6.35,6.5,57600
TAIT,20161103,1.1,1.18,1.1,1.16,6400
TANH,20161103,2.04,2.1,2,2.03,67500
TANNI,20161103,25.25,25.36,25.25,25.25,4600
TANNL,20161103,25.74,25.75,25.41,25.42,16500
TANNZ,20161103,25.58,25.58,25.21,25.36,5200
TAST,20161103,12.7,12.7,12.45,12.45,124000
TATT,20161103,6.72,6.8,6.72,6.73,900
TAYD,20161103,14.28,14.37,14.26,14.26,2800
TBBK,20161103,6.45,6.69,6.45,6.65,373900
TBK,20161103,18.65,18.65,18.4,18.4,14600
TBNK,20161103,28.39,28.62,28.03,28.09,10100
TBPH,20161103,25.87,26.05,24.54,24.57,390100
TCBI,20161103,58,58.4,56.85,57.25,582100
TCBK,20161103,25.63,25.83,25.63,25.81,31000
TCFC,20161103,23.5,23.5,23.5,23.5,300
TCMD,20161103,17.71,17.79,16.74,16.86,24400
TCON,20161103,52.5,59.1,51,51.5,12500
TCPC,20161103,15.6,15.74,15.38,15.51,155900
TCX,20161103,28.65,29,28.05,28.4,38400
TDIV,20161103,28.2,28.2,27.96,27.98,72600
TEAM,20161103,27.04,27.23,26.84,26.94,656900
TECH,20161103,103.28,103.28,99.08,99.28,125700
TEDU,20161103,15.1,15.3,14.86,14.93,205500
TENX,20161103,31,31,28,28.2,170800
TESS,20161103,11,11.2,10.85,11.1,20900
TFSL,20161103,17.41,17.51,17.35,17.4,134600
TGA,20161103,1.83,1.84,1.77,1.82,19300
TGLS,20161103,11.55,11.85,11.27,11.51,23500
TGTX,20161103,5.25,5.45,4.9,5,514700
THFF,20161103,39.3,39.9,39.3,39.8,15200
THRM,20161103,28.05,28.25,27.35,27.4,303600
TIL,20161103,3.87,3.87,3.87,3.87,2900
TILE,20161103,15.6,15.6,15.2,15.35,490400
TIPT,20161103,5.95,6,5.85,5.9,16700
TITN,20161103,9.11,9.11,8.68,8.69,111900
TLT,20161103,130.75,131.05,130.44,130.57,6085400
TMUS,20161103,49.27,49.9,49.21,49.52,4088500
TNDM,20161103,2.2,2.3,1.9,1.95,1136500
TNXP,20161103,440,450,400,430,657400
TOPS,20161103,217000,250000,203000,230000,113000
TOUR,20161103,8.63,8.91,8.63,8.72,159900
TOWN,20161103,24.35,24.65,24.35,24.6,135800
TPIC,20161103,14.54,14.63,13.86,13.9,109700
TQQQ,20161103,19.4217,19.605,18.8683,18.94,1812700
TREE,20161103,80,82.35,79.75,79.85,164100
TRHC,20161103,11.19,11.37,10.48,10.74,76500
TRIB,20161103,6.71,6.78,6.52,6.58,251200
TRIL,20161103,14.3,14.3,6.75,6.85,2557800
TRIP,20161103,61.66,63.25,61.39,62.74,1098600
TRMB,20161103,25.6,25.99,25.31,25.34,2006400
TRMK,20161103,26.99,27.11,26.86,26.92,204500
TRNS,20161103,10.25,10.26,10.2,10.2,3800
TROW,20161103,63.35,64.05,63.35,63.69,1649900
TRS,20161103,17.8,17.8,17.48,17.55,82000
TRST,20161103,6.85,6.93,6.75,6.85,157100
TRUE,20161103,9.53,9.55,9.16,9.26,745200
TRUP,20161103,15.06,15.19,14.77,14.97,186100
TRVN,20161103,4.45,4.63,3.8,3.81,817900
TSBK,20161103,16.3,16.61,16.1,16.61,221500
TSC,20161103,17.25,17.3,16.8,17,59500
TSCO,20161103,66.05,66.78,65.51,65.61,2489100
TSEM,20161103,15.42,15.49,15.27,15.44,368600
TSLA,20161103,37.8,38.294,37.408,37.484,2653000
TSRI,20161103,5.62,5.62,5.35,5.5,5800
TTD,20161103,24.26,24.51,22.01,22.9,402200
TTEC,20161103,27.6,27.6,26.88,27,82000
TTEK,20161103,37.85,38.1,37.55,37.8,293000
TTGT,20161103,8.05,8.09,8.01,8.02,20800
TTMI,20161103,13.19,13.39,12.96,12.99,1316500
TTNP,20161103,27.6,28.2,24.9,26.1,129100
TTOO,20161103,5.75,5.88,5.26,5.28,92600
TTWO,20161103,49.22,49.99,47.17,48.29,6071100
TUSA,20161103,25.23,25.23,25.23,25.23,0
TUSK,20161103,12.5,13.06,11.91,12.7,117900
TWIN,20161103,10.08,11.09,10.08,10.49,16000
TWOU,20161103,32.66,32.66,31.57,31.7,435000
TXN,20161103,68.7,68.72,67.53,67.9,6723500
TXRH,20161103,39.45,39.9,39,39.03,613000
TZOO,20161103,9.5,9.85,9.1,9.15,59400
UAE,20161103,15.97,15.97,15.97,15.97,100
UBCP,20161103,10.7,10.7,10.7,10.7,0
UBFO,20161103,6.2,6.2,6.15,6.15,300
UBND,20161103,49.84,49.84,49.84,49.84,0
UBOH,20161103,19.39,19.39,19.39,19.39,200
UBSI,20161103,36.75,37.17,36.7,37,227800
UCBI,20161103,21.31,21.44,21.11,21.18,285500
UCTT,20161103,8.74,8.78,8.39,8.52,525200
UEIC,20161103,69.4,71,68.25,68.9,89400
UEPS,20161103,10.31,10.4,9.92,10.01,234300
UFCS,20161103,38.49,38.65,37.54,38.03,46600
UFPI,20161103,84.76,85.03,83.24,83.41,149500
UFPT,20161103,26,26,25.4,25.55,26000
UG,20161103,15.37,15.45,15.2,15.2,1300
UHAL,20161103,315.5,318.33,312.56,314.22,67400
UIHC,20161103,11.49,11.81,10.71,10.76,374500
ULBI,20161103,4.15,4.15,4.05,4.05,21100
ULH,20161103,12.35,12.45,12.25,12.35,5400
ULTA,20161103,238.82,239.55,229.76,231.61,966400
UMBF,20161103,60.34,61.06,59.81,60.35,286600
UMPQ,20161103,14.9,14.95,14.81,14.88,1092800
UNAM,20161103,11.2,11.2,11.2,11.2,0
UNB,20161103,34.1,34.1,33.11,33.4,3400
UNTY,20161103,12.15,12.3,12.05,12.05,9500
UPLD,20161103,8.23,8.25,8.05,8.11,5600
URBN,20161103,33.02,33.1,32.49,32.59,2682500
USAK,20161103,7.79,8.86,7.79,8.7,54800
USAP,20161103,9.85,10.16,9.44,9.65,55700
USEG,20161103,14,14.3,14,14,4100
USLB,20161103,25.58,25.61,25.34,25.39,27500
USLM,20161103,65.65,66.85,65.34,66.33,3600
UTHR,20161103,119.21,119.81,113.25,113.42,679500
UTMD,20161103,61.6,61.6,59,59.2,3600
UTSI,20161103,1.93,1.98,1.87,1.98,50600
UVSP,20161103,23.25,23.45,22.91,23.3,42300
VALU,20161103,18.37,18.37,18.37,18.37,300
VBFC,20161103,23.3,23.35,23.3,23.3,600
VBIV,20161103,2.86,3.05,2.75,2.87,43900
VBLT,20161103,5,5,4.85,4.85,132500
VBTX,20161103,17.52,17.96,17.52,17.84,52700
VCEL,20161103,2.2,2.25,2.1,2.1,225500
VCIT,20161103,88.3,88.44,88.23,88.28,671000
VCLT,20161103,92.3,92.46,92.03,92.12,63400
VCSH,20161103,80.28,80.31,80.22,80.26,1266500
VCYT,20161103,6.37,6.63,5.93,6.12,230000
VECO,20161103,22.7,23.38,22.55,23.3,277400
VGIT,20161103,66.14,66.22,66.05,66.18,255700
VGLT,20161103,80.42,80.74,80.27,80.41,79600
VGSH,20161103,61.08,61.13,61.08,61.12,27400
VIA,20161103,40.3,41.35,40.3,41.1,36800
VIAV,20161103,7.19,7.3,7.17,7.24,1305000
VICR,20161103,12.25,12.65,12.25,12.35,29600
VIGI,20161103,54.26,54.28,53.9,54,28000
VIRC,20161103,4.28,4.35,4.25,4.25,1300
VIRT,20161103,12.65,12.8,12.35,12.55,289400
VIVE,20161103,452,531,452,490,28300
VIVO,20161103,16.15,16.25,15.75,15.9,267300
VKTX,20161103,1.05,1.07,0.94,0.95,203300
VLGEA,20161103,30.97,30.97,30.58,30.69,82600
VMBS,20161103,53.7,53.74,53.64,53.68,587800
VNDA,20161103,14.8,15.5,13.55,13.65,1038900
VNET,20161103,7.19,7.2,7,7.01,455100
VNOM,20161103,14.2,14.6,14.02,14.07,63600
VNQI,20161103,53.58,53.62,53.23,53.33,380400
VOD,20161103,27.56,27.66,27.32,27.35,4794700
VONE,20161103,96.17,96.33,95.55,95.69,20800
VONG,20161103,102.9,103.02,102.12,102.22,32700
VONV,20161103,89.85,90.01,89.4,89.52,25500
VOXX,20161103,4.15,4.2,4.1,4.15,87600
VRA,20161103,13.12,13.24,13.08,13.11,232000
VRAY,20161103,2.7,2.8,2.7,2.78,18900
VRIG,20161103,25.01,25.04,25.01,25.02,5500
VRNS,20161103,28.3,29.02,24.45,28.85,167700
VRNT,20161103,36.6,36.7,36.1,36.15,257000
VRSK,20161103,82.57,82.99,82.08,82.41,1092200
VRSN,20161103,80.84,81.48,80.27,80.39,612200
VRTS,20161103,100.85,101.75,99.5,100.05,88200
VRTX,20161103,78.43,78.51,77.55,77.69,2370900
VSAT,20161103,68.78,69.09,68.45,68.64,165200
VSEC,20161103,29.01,29.53,28.83,28.86,13800
VSTM,20161103,1.22,1.23,1.1,1.13,316700
VTGN,20161103,3.83,4.05,3.81,3.81,69900
VTHR,20161103,95.9,95.96,95.26,95.39,2700
VTIP,20161103,49.66,49.67,49.59,49.62,210400
VTNR,20161103,1.05,1.13,1.04,1.07,276000
VTVT,20161103,5.17,5.2,4.86,4.95,43300
VTWG,20161103,99.08,99.3,98.25,98.25,4100
VTWO,20161103,92.89,93.12,92.12,92.19,37600
VTWV,20161103,86.18,86.18,85.67,85.92,2300
VUZI,20161103,7,7,6.45,6.55,427800
VWOB,20161103,79.76,80.02,79.72,79.77,55400
VXUS,20161103,45.92,45.95,45.6,45.7,513400
VYGR,20161103,11.68,11.96,11,11.01,37100
VYMI,20161103,55.38,55.38,55.01,55.01,16600
WABC,20161103,48.47,48.89,48.36,48.6,76200
WAFD,20161103,26.95,27.35,26.8,27.35,432000
WASH,20161103,44.45,44.8,44.4,44.75,24000
WATT,20161103,12.75,13.52,12.75,13.39,437000
WB,20161103,44.35,45.65,44.01,44.88,1240700
WBA,20161103,82.35,82.46,80.68,80.78,4587200
WDAY,20161103,83.1,83.82,82.63,83,633200
WDC,20161103,55.43,55.98,54.87,55.14,3192600
WDFC,20161103,103.4,104.35,102.8,103.4,70900
WEN,20161103,10.76,10.9,10.74,10.8,4062500
WERN,20161103,24.2,24.4,23.7,23.9,772500
WETF,20161103,8.31,8.41,8.22,8.29,1367700
WEYS,20161103,25.87,26.03,25.28,25.69,4800
WHF,20161103,10.63,10.88,10.63,10.68,22700
WHLM,20161103,10.99,10.99,9.89,9.89,800
WHLR,20161103,12.64,12.88,12.56,12.64,87000
WHLRD,20161103,25.02,25.02,25.02,25.02,0
WHLRP,20161103,20.83,20.85,20.65,20.67,5400
WILC,20161103,5.54,5.54,5.54,5.54,200
WINA,20161103,105,107.4,104,105.9,6900
WING,20161103,26.86,27.86,26.15,26.35,2272700
WINT,20161103,1.68,1.69,1.44,1.44,92900
WIRE,20161103,34.15,34.55,33.75,34.4,116000
WIX,20161103,38.65,39.3,38.65,39,274900
WKHS,20161103,6.6,6.6,6.36,6.43,58600
WLDN,20161103,16.06,16.39,15.95,16.27,28500
WLFC,20161103,26.15,26.46,25.36,25.92,23800
WLTW,20161103,123.12,125.04,121.81,123.67,736600
WNEB,20161103,7.75,7.85,7.68,7.85,75500
WOOD,20161103,49.87,50.21,49.81,49.81,2500
WOOF,20161103,61.45,61.52,59.56,59.61,905800
WPRT,20161103,1.49,1.49,1.4,1.41,727600
WRLD,20161103,47.95,49,45.95,46.08,224200
WSBC,20161103,32.53,32.76,32.49,32.68,57900
WSBF,20161103,16.6,16.75,16.6,16.75,49400
WSFS,20161103,34.55,34.9,34.55,34.8,81600
WSTG,20161103,17.35,17.35,16.85,16.95,7900
WTBA,20161103,18.9,19.05,18.85,19,15400
WTFC,20161103,52.27,52.57,51.85,51.95,303900
WTFCM,20161103,27.42,27.5,26.46,26.79,5000
WVE,20161103,32.5,32.89,32,32.35,52900
WVFC,20161103,12.25,12.6,12.25,12.6,400
WVVI,20161103,8.09,8.13,8.01,8.02,4200
WWD,20161103,57.73,57.9,57.11,57.31,372700
WYNN,20161103,92.21,92.93,86.73,87.53,9050300
XBIT,20161103,12.98,12.98,11.69,11.91,192100
XELB,20161103,4.95,5.02,4.75,5,8300
XENE,20161103,7.8,7.95,7.7,7.7,26100
XENT,20161103,10.15,10.19,8.75,9.25,2255300
XLNX,20161103,50.12,50.99,50.12,50.69,2322000
XLRN,20161103,27.33,27.39,24.76,24.86,355100
XNCR,20161103,20.54,21.16,18.45,18.61,726300
XNET,20161103,4.66,4.8,4.66,4.79,47100
XOG,20161103,20.63,21,19.55,20.42,1421900
XOMA,20161103,5.35,5.35,5.18,5.22,75200
XONE,20161103,10.91,11.23,10.74,10.81,175100
XRAY,20161103,59.98,60.47,59.22,59.55,2487500
XTLB,20161103,4,4,4,4,0
YNDX,20161103,18.83,18.87,18.45,18.5,1911000
YORW,20161103,29.8,30.7,29.5,29.65,18600
YY,20161103,47.29,48.31,45.57,45.9,1312500
Z,20161103,35,36.75,34.85,35.47,2260300
ZBRA,20161103,65.46,66.06,63.87,64.08,453300
ZEUS,20161103,20,20.75,17.79,18.54,194400
ZG,20161103,34.92,36.1,34.51,34.77,909600
ZGNX,20161103,7.9,7.9,7.5,7.7,220900
ZION,20161103,31.17,31.57,31.11,31.17,2878700
ZIOP,20161103,5.69,5.72,5.14,5.21,2246300
ZIXI,20161103,4.12,4.16,4.08,4.11,101200
ZNGA,20161103,2.71,2.86,2.7,2.76,22734200
ZSAN,20161103,11,11.2,9,9.6,60000
ZUMZ,20161103,23.95,24.51,23.1,23.2,1048200
ZYNE,20161103,11.38,11.6,10.83,11.3,105400
