AAL,20160309,40.74,41.72,40.52,41.65,8546300
AAME,20160309,4.2,4.2,4.16,4.16,1500
AAOI,20160309,17.14,17.22,16.77,17.02,161900
AAON,20160309,25.48,25.63,25.25,25.35,164900
AAPL,20160309,25.3275,25.395,25.0675,25.28,27201600
AAWW,20160309,38.82,39.74,38.08,38.65,187600
AAXJ,20160309,51.87,52.14,51.77,51.84,838700
ABCB,20160309,28.06,28.13,27.56,27.67,71600
ABEO,20160309,2.68,2.71,2.61,2.68,18900
ABIO,20160309,67.86,68.94,67.86,68.58,6500
ABMD,20160309,84.55,87.9,84.17,87.4,640700
ABTX,20160309,17.93,18.28,17.46,18.2,17900
ABUS,20160309,3.97,3.98,3.73,3.88,214200
ACAD,20160309,19.79,19.87,18.65,19.35,2007800
ACBI,20160309,13.18,13.27,13.18,13.23,29800
ACET,20160309,22.6,23.07,22.32,22.65,109400
ACGL,20160309,23.0267,23.1167,22.84,22.9333,195700
ACHC,20160309,56.22,56.36,54.97,55.07,800400
ACIW,20160309,19.96,19.96,19.53,19.62,671800
ACLS,20160309,11.08,11.32,11.04,11.16,408100
ACNB,20160309,21.81,22.47,21.56,21.76,4800
ACOR,20160309,35.39,36.4,34.63,36.03,565500
ACRS,20160309,17.9,18.1,15.94,16.93,39900
ACRX,20160309,3.54,3.79,3.53,3.6,318600
ACST,20160309,12.96,13.28,12.8,13.28,800
ACTG,20160309,3.58,3.68,3.53,3.6,663800
ACWI,20160309,54.22,54.4,54.09,54.3,921300
ACWX,20160309,38.36,38.51,38.29,38.39,626600
ADAP,20160309,8.94,8.94,8.1,8.34,313900
ADBE,20160309,84.88,85.29,83.25,85.27,2491500
ADI,20160309,55.71,55.91,54.84,54.93,2212600
ADMA,20160309,4.81,5.09,4.81,5.01,9900
ADMP,20160309,5.61,5.61,5.14,5.29,68200
ADMS,20160309,14,14.09,13.51,13.81,315300
ADP,20160309,85.33,85.77,85.03,85.72,1636600
ADRE,20160309,29.4,29.45,29.28,29.32,3400
ADSK,20160309,57.13,57.42,55.85,56.69,2179700
ADTN,20160309,18.73,18.93,18.55,18.71,244600
ADUS,20160309,19.63,19.75,18.38,18.4,84300
ADXS,20160309,132.15,137.4,127.5,129.45,978400
AEHR,20160309,1.17,1.18,1.15,1.18,4500
AEIS,20160309,30.7,31.71,30.69,31.46,395600
AEMD,20160309,84.6,87,82.65,84.75,10600
AERI,20160309,13.97,14.24,12.83,13,660400
AEY,20160309,1.75,1.77,1.74,1.75,1100
AEZS,20160309,3.72,3.75,3.6,3.61,166000
AFMD,20160309,4.07,4.07,3.82,3.95,211100
AGEN,20160309,4.06,4.25,3.78,3.85,1748600
AGFS,20160309,5.05,5.29,4.97,5.24,69300
AGIO,20160309,42.26,42.82,39.03,39.55,625700
AGNC,20160309,18.25,18.37,18.08,18.24,3175200
AGNCP,20160309,25.87,26.01,25.85,25.88,3700
AGRX,20160309,6,6.48,5.82,6.03,12300
AGTC,20160309,14.11,14.39,13.41,14.28,128000
AGYS,20160309,11.04,11.11,10.8,11.1,11100
AGZD,20160309,47.48,47.48,47.48,47.48,0
AHPI,20160309,0.64,0.69,0.64,0.66,8400
AIA,20160309,40.79,41.06,40.79,40.81,17200
AIMC,20160309,25.15,25.58,24.93,25.38,92700
AINV,20160309,16.23,16.38,16.02,16.11,1045700
AIQ,20160309,8.13,8.13,7.96,8.07,9600
AIRR,20160309,16.66,16.77,16.66,16.73,3200
AIRT,20160309,25.14,25.16,24.37,24.37,2200
AKAM,20160309,54.99,55.49,54.29,55.19,1595500
AKBA,20160309,7.94,8.41,7.52,8.3,712800
AKTX,20160309,8.28,8.6,7.63,8.25,4400
ALCO,20160309,25.69,26,24.57,24.95,17500
ALDX,20160309,4.6,4.6,4.27,4.27,5900
ALGN,20160309,70.66,71.14,70.13,70.69,718300
ALGT,20160309,166.9,168.54,165.35,167.35,157900
ALIM,20160309,1.82,1.85,1.65,1.72,125500
ALKS,20160309,32.53,32.55,31.06,31.78,1703200
ALLT,20160309,5.01,5.09,4.96,5.07,68400
ALNY,20160309,58.36,60.89,56.14,60.12,1276600
ALOT,20160309,14.9,14.9,14.34,14.65,4000
ALRM,20160309,21.83,22.63,21.16,22.12,215500
ALTY,20160309,13.69,13.69,13.69,13.69,100
AMAT,20160309,19.01,19.28,18.94,19.17,10108200
AMBA,20160309,38.55,40.25,38.11,39.39,1565900
AMCX,20160309,67.39,67.61,65.13,65.97,996700
AMD,20160309,2.32,2.35,2.2,2.26,13082400
AMED,20160309,39.59,43.01,37.45,42.72,944400
AMGN,20160309,144,144.08,139.91,140.9,6075400
AMKR,20160309,5.14,5.18,4.88,5.12,1104000
AMNB,20160309,25.35,25.39,24.91,25,33800
AMOT,20160309,20.25,20.69,19.25,20.44,78400
AMPH,20160309,11.23,11.34,10.95,11.24,132400
AMRK,20160309,19.73,19.9,19.43,19.68,37800
AMRN,20160309,1.7,1.7,1.62,1.62,1637500
AMRS,20160309,18,20.1,18,18.75,185400
AMSC,20160309,8.57,8.88,8.38,8.41,80700
AMSF,20160309,50.81,51.09,50.17,51.08,136000
AMSWA,20160309,9.05,9.18,8.78,8.87,95900
AMTX,20160309,1.79,1.79,1.62,1.62,38100
AMWD,20160309,67.95,68.94,66.2,68.46,120300
AMZN,20160309,559.56,560.35,550.13,559.47,4377200
ANAT,20160309,112.56,114.34,111.93,113.1,133000
ANDE,20160309,30.15,31.08,29.99,30.25,98800
ANGI,20160309,8.37,8.44,8.26,8.31,230700
ANGO,20160309,11.24,11.43,11.19,11.37,48600
ANIK,20160309,44.8,44.89,44.22,44.42,147900
ANIP,20160309,35.12,35.34,33.87,34.71,231900
ANSS,20160309,86.33,86.88,85.31,86.84,473400
ANY,20160309,1.32,1.48,1.32,1.41,393100
AOSL,20160309,11.9,12,11.82,11.95,133800
APDN,20160309,120,122.8,118.4,122.8,58100
APEI,20160309,21.23,21.69,20.9,21.44,137200
APOG,20160309,40.35,40.53,39.96,40.22,202200
APPF,20160309,11.8,11.88,11.45,11.69,27500
APPS,20160309,1.4,1.43,1.32,1.35,315600
APTO,20160309,2.71,2.8,2.68,2.7,5700
APWC,20160309,1.61,1.61,1.61,1.61,0
AQMS,20160309,6.39,6.65,6.39,6.42,23900
ARAY,20160309,5.42,5.51,5.3,5.46,360800
ARCB,20160309,21.43,21.71,20.85,21.39,239300
ARCC,20160309,14.23,14.3,14.07,14.14,1543300
ARDX,20160309,8.83,9.27,8.13,8.58,172900
ARKR,20160309,21.45,21.59,21.4,21.59,1500
ARLP,20160309,12.9,13.16,12.43,12.6,168500
ARNA,20160309,15.2,15.6,14.6,15.4,1267500
AROW,20160309,26.15,26.46,26.02,26.07,14000
ARRY,20160309,2.97,3,2.84,2.86,1010500
ARTNA,20160309,27.26,27.48,26.98,27.4,33300
ARTW,20160309,3.01,3.14,2.91,3.14,3100
ARWR,20160309,4.66,4.74,4.39,4.48,570700
ASET,20160309,24.61,24.61,24.61,24.61,0
ASMB,20160309,5.51,5.75,5.27,5.6,19000
ASML,20160309,94.09,94.46,93.86,94.11,168900
ASND,20160309,17.93,17.95,17.44,17.88,13000
ASPS,20160309,21.57,22.83,20.88,22.33,876400
ASRV,20160309,3.13,3.13,3.09,3.12,1900
ASTC,20160309,1.6,3.15,1.6,2.38,10828600
ASTE,20160309,44.22,45.17,44.22,44.85,222600
ASUR,20160309,5.41,5.41,5.41,5.41,0
ASYS,20160309,5.79,6.03,5.79,6.02,7500
ATAI,20160309,4.74,4.85,4.61,4.77,1300
ATAX,20160309,5.19,5.25,5.13,5.21,76700
ATEC,20160309,3.24,3.48,3.12,3.36,91800
ATHX,20160309,1.88,1.96,1.81,1.87,734400
ATLC,20160309,3.01,3.09,3.01,3.09,600
ATLO,20160309,24.17,24.25,24.11,24.23,3700
ATNI,20160309,73.79,74.46,72.45,73.11,76200
ATOS,20160309,72,77.4,59.4,66.6,477100
ATRA,20160309,16.68,17.01,15.84,16.39,179300
ATRC,20160309,16.87,17.48,16.87,17.4,264200
ATRI,20160309,378.01,384.6,375,381.42,2800
ATRO,20160309,36.42,36.74,34.92,35.51,269400
ATRS,20160309,0.94,0.96,0.86,0.9,1294000
ATSG,20160309,14.65,14.9,13.34,13.73,4303200
ATVI,20160309,30.82,31.05,30.37,30.86,6527100
AUBN,20160309,26.82,26.82,26.82,26.82,0
AUDC,20160309,4.65,4.76,4.65,4.68,46200
AUPH,20160309,2.4,2.58,2.37,2.46,30200
AVAV,20160309,27.25,28.47,25.85,28.2,671300
AVEO,20160309,10,10.3,9.9,10,144200
AVGO,20160309,140.75,142.53,140.47,141.96,3115200
AVGR,20160309,5072,5104,4760,4832,123600
AVHI,20160309,11.28,11.63,11.28,11.62,24000
AVID,20160309,7.09,7.27,6.95,7.05,449700
AVNW,20160309,8.04,8.4,8.04,8.04,24700
AVXL,20160309,4.84,5.24,4.78,5.16,866400
AWRE,20160309,4,4,3.9,3.97,6400
AXDX,20160309,13.45,13.53,12.91,13.02,345000
AXGN,20160309,5.15,5.2,5.01,5.19,18400
AXSM,20160309,7.05,7.47,6.95,7.02,11400
AXTI,20160309,2.71,2.87,2.7,2.8,130400
AZPN,20160309,34.68,34.96,34.4,34.95,576300
BANF,20160309,58.62,58.79,57.17,57.43,32900
BANFP,20160309,27.2,27.22,27.1,27.17,1100
BANR,20160309,41.79,41.91,40.94,41.03,76700
BANX,20160309,16.62,17.14,16.62,17.14,19900
BBBY,20160309,51.47,51.95,50.62,51.13,1677000
BBGI,20160309,3.67,3.76,3.67,3.69,4700
BBH,20160309,102.82,102.82,100.39,101.25,95500
BBSI,20160309,36,36.86,35.7,36.52,57100
BCBP,20160309,9.95,9.98,9.89,9.93,12900
BCLI,20160309,2.45,2.5,2.4,2.43,17300
BCOR,20160309,5.76,5.91,5.58,5.78,490800
BCOV,20160309,6.21,6.29,6.06,6.18,112800
BCPC,20160309,58.93,60.16,58.66,59.9,157300
BCRX,20160309,2.91,2.99,2.68,2.76,1599700
BDSI,20160309,3.94,4.13,3.67,3.7,1085700
BEAT,20160309,12.39,12.66,12.25,12.45,205500
BECN,20160309,38.76,39.37,38.22,39.21,546100
BELFA,20160309,13.5,13.5,13.5,13.5,1300
BELFB,20160309,15.02,15.15,14.73,14.87,25300
BFIN,20160309,11.99,12.15,11.97,12.11,22900
BGCP,20160309,8.94,9.05,8.93,8.97,924800
BGFV,20160309,12,12.47,11.85,11.89,163000
BGNE,20160309,28.43,29.48,27.76,28.77,96600
BHACU,20160309,10.19,10.19,10.19,10.19,0
BIB,20160309,41.51,41.51,38.92,40.04,842400
BICK,20160309,18.91,18.91,18.91,18.91,0
BIDU,20160309,173.56,176.53,169.28,176.5,2820100
BIIB,20160309,240.6495,242.5101,232.47,235.4913,1892500
BIOC,20160309,56.4,56.4,48.6,50.1,714900
BIOL,20160309,4.5,4.95,4.5,4.75,63000
BIS,20160309,44.25,46.87,44.06,45.63,593500
BJRI,20160309,45.57,45.79,44.28,44.44,290400
BKCC,20160309,8.76,8.94,8.69,8.81,437000
BKEP,20160309,4.5,4.82,4.12,4.77,52100
BKEPP,20160309,6.55,6.64,6.23,6.31,24600
BKSC,20160309,16.16,16.16,16.16,16.16,0
BLBD,20160309,10.06,10.06,9.88,10.01,42700
BLCM,20160309,100.2,100.8,90.8,95.8,252700
BLDP,20160309,1.46,1.49,1.45,1.47,230700
BLFS,20160309,1.84,1.94,1.81,1.89,12000
BLIN,20160309,44,45.5,41.5,43.5,3800
BLKB,20160309,57.88,58.74,57.61,58.47,180100
BLMN,20160309,17.57,17.74,17.47,17.58,701900
BLPH,20160309,37.05,41.25,36.3,41.25,24700
BLRX,20160309,16.95,17.4,16.65,17.25,36100
BLUE,20160309,49.6,50.01,44.88,45.41,1683700
BMRC,20160309,24.3,24.495,24.25,24.46,12200
BMRN,20160309,85.86,86.21,82.51,85.22,1500600
BMTC,20160309,25.47,25.52,25.11,25.2,38300
BNDX,20160309,54.15,54.15,54.01,54.03,664900
BNFT,20160309,30.27,32.96,29.05,31.09,250800
BNSO,20160309,1.36,1.36,1.33,1.35,7500
BNTC,20160309,20.5,20.5,15.7,16.9,71600
BOKF,20160309,55.29,55.96,53.61,53.9,427100
BOOM,20160309,6.86,6.96,6.47,6.5,30200
BOSC,20160309,1.7,1.74,1.7,1.72,1600
BOTJ,20160309,12,12,12,12,200
BPMC,20160309,16.55,17.67,15.12,17.58,201000
BPOP,20160309,27.27,27.92,27,27.1,384700
BPOPM,20160309,19.53,19.96,19.5,19.96,600
BPOPN,20160309,20.6,21.3,20.6,20.99,2400
BPTH,20160309,352,370,344,370,51700
BRID,20160309,10.15,11.06,10.15,10.9,2100
BRKL,20160309,10.94,11.01,10.76,10.86,118000
BRKR,20160309,28.1,28.1,27.6,27.8,1401900
BRKS,20160309,9.87,9.98,9.68,9.82,217300
BSET,20160309,31.9,32.7,31.51,32.32,52400
BSQR,20160309,5.93,6.05,5.79,6,102800
BSRR,20160309,19.5,19.55,19.2,19.38,13000
BUSE,20160309,20.1,20.12,19.72,19.87,63900
BVXV,20160309,3.56,3.64,3.56,3.62,1500
BWEN,20160309,2.14,2.2,2.05,2.13,33000
BWFG,20160309,19.57,19.75,19.55,19.56,2600
BYFC,20160309,1.5,1.7,1.5,1.7,10300
BZUN,20160309,5.8,5.97,5.79,5.95,115400
CAAS,20160309,4.16,4.18,4.1,4.13,6300
CAC,20160309,40.73,41.48,40.44,40.68,21200
CACC,20160309,216.25,221.31,211.23,217.63,209100
CAKE,20160309,52.1,52.84,51.59,52.8,1274100
CALA,20160309,6.13,6.87,5.93,6.45,209800
CALM,20160309,51.58,52.85,51.44,52.32,982200
CAMP,20160309,18.16,18.36,17.9,18.14,170200
CAMT,20160309,2.08,2.09,1.96,2.08,13400
CAPR,20160309,22.5,22.5,20.4,21.2,25300
CAR,20160309,26.78,27.23,25.96,26.6,2553900
CARA,20160309,5.2,5.47,5,5.3,278600
CARV,20160309,3.48,3.48,3.48,3.48,100
CARZ,20160309,32,32,32,32,0
CASH,20160309,14.1333,14.2533,14.0533,14.19,16700
CASI,20160309,0.99,1.02,0.9,0.97,35300
CASS,20160309,50.78,51,50.19,50.32,19400
CASY,20160309,107.15,107.28,102.12,105.75,803900
CATY,20160309,28.31,28.33,27.69,27.83,274100
CBAN,20160309,9.3,9.3,9.22,9.22,300
CBAY,20160309,1.25,1.35,1.16,1.32,92800
CBFV,20160309,19.76,20,19.51,19.98,1000
CBIO,20160309,29.25,29.85,29.1,29.55,12100
CBNK,20160309,18,18,18,18,0
CBRL,20160309,149.56,151.72,148.45,150,304400
CBSH,20160309,44.54,44.72,43.51,43.64,674800
CCBG,20160309,15.41,15.41,14.9,15.04,21000
CCD,20160309,17.05,17.12,16.94,16.97,53200
CCLP,20160309,5.43,5.6,5.27,5.39,144500
CCMP,20160309,39.45,39.84,39.36,39.53,60700
CCNE,20160309,17.99,18.25,17.7,18.01,26800
CCOI,20160309,36.03,36.96,35.93,36.94,393600
CCRN,20160309,13.7,14.08,13.21,14.03,528500
CCXI,20160309,3.37,3.4,3.14,3.21,145100
CDC,20160309,36.46,36.68,36.46,36.54,5400
CDK,20160309,45.54,46.16,44.81,45.57,440100
CDL,20160309,35.64,35.7,35.53,35.59,1300
CDNA,20160309,5.45,5.5,5.25,5.5,10700
CDNS,20160309,22.02,22.16,21.88,22.01,2495600
CDTX,20160309,9.84,10.12,9.59,9.87,34000
CDW,20160309,40.56,40.77,40.32,40.54,629600
CDXS,20160309,3.72,3.92,3.72,3.91,111700
CDZI,20160309,5.01,5.1,4.99,5.03,16400
CECE,20160309,6.87,6.99,6.61,6.89,128200
CEMI,20160309,5.62,5.7,5.41,5.67,48100
CENT,20160309,14.35,14.91,14.27,14.91,131300
CENTA,20160309,14.34,14.9,14.2,14.9,258500
CENX,20160309,7.97,7.97,7.13,7.51,2563200
CERE,20160309,0.27,0.28,0.25,0.26,285100
CERN,20160309,53.03,53.71,52.98,53.54,3756800
CERS,20160309,5.25,5.96,5.25,5.66,3033100
CETX,20160309,19.12,19.12,17.68,18.32,43200
CEVA,20160309,20.01,20.26,19.87,20.03,74200
CFA,20160309,35.27,35.27,35.27,35.27,300
CFBK,20160309,6.435,6.93,6.325,6.325,9800
CFFI,20160309,39.95,39.95,38.68,38.68,300
CFFN,20160309,12.94,12.97,12.77,12.86,418700
CFMS,20160309,9.99,10.28,9.58,9.84,500200
CFO,20160309,35.31,35.35,35.24,35.3,4300
CFRX,20160309,33,35.4,32.9,35.4,27300
CG,20160309,16.1,16.4,15.76,16.05,461800
CGEN,20160309,5.56,5.59,5.36,5.45,88400
CGNT,20160309,1.19,1.23,1.16,1.16,8100
CGNX,20160309,19.815,19.985,19.5,19.83,237700
CGO,20160309,10.59,10.59,10.5,10.57,7700
CHCI,20160309,1.73,1.75,1.73,1.75,2600
CHCO,20160309,46.19,46.76,45.45,45.76,42400
CHDN,20160309,46.26,47.1,45.9,46.99,82400
CHEF,20160309,19.87,20,19.01,19.64,94400
CHEK,20160309,36.96,39.6,30.84,30.84,7400
CHI,20160309,9.04,9.06,8.96,9.03,227100
CHKP,20160309,83.72,84.26,83.21,83.78,826700
CHMG,20160309,27,27.42,26.52,26.65,12100
CHNR,20160309,1.24,1.24,1.05,1.05,2500
CHRS,20160309,19.29,19.75,17.94,19.61,244000
CHRW,20160309,71.26,72.23,70.55,71.42,899900
CHSCL,20160309,27.13,27.43,27.13,27.32,12800
CHSCM,20160309,25.9,26,25.9,25.98,22900
CHSCN,20160309,27.12,27.32,26.94,27.09,24400
CHSCO,20160309,28.23,28.25,28.16,28.2,5200
CHSCP,20160309,31.49,31.49,31.42,31.47,10000
CHTR,20160309,184.04,186.75,183.25,186.55,1577300
CHUY,20160309,33.21,33.71,32.91,32.98,158500
CHW,20160309,6.61,6.64,6.58,6.62,224700
CHY,20160309,9.8,9.89,9.75,9.89,258500
CIBR,20160309,16.39,16.46,16.37,16.43,9300
CID,20160309,31.57,31.71,31.57,31.71,300
CIDM,20160309,2.9,3.2,2.9,3,140200
CIGI,20160309,36.1,36.2,35.02,35.56,32800
CIL,20160309,31.98,31.98,31.98,31.98,0
CINF,20160309,64.27,64.34,63.57,63.99,587500
CIVB,20160309,10.92,10.92,10.59,10.59,4900
CIZ,20160309,29.86,29.86,29.7,29.7,1300
CIZN,20160309,23.85,23.85,23.85,23.85,800
CJJD,20160309,1.58,1.64,1.52,1.6,14500
CLBS,20160309,5.8,6.3,5.8,6.1,59300
CLDX,20160309,55.5,56.85,51.75,54.3,4571100
CLFD,20160309,14.48,14.48,14.22,14.28,38500
CLIR,20160309,3.36,3.42,3.33,3.4,14900
CLLS,20160309,25.75,25.79,24.39,24.53,166200
CLMT,20160309,11.53,12.2,11.5,11.86,451800
CLNE,20160309,3.1,3.55,3.06,3.42,3100200
CLRB,20160309,47.5,53,47.5,49.3,21200
CLRO,20160309,11.81,11.81,11.69,11.69,1800
CLSN,20160309,1.6,1.6,1.41,1.47,64200
CLVS,20160309,20.8,21.03,19.51,19.77,710500
CLWT,20160309,1.9733,1.9733,1.9733,1.9733,0
CMCO,20160309,14.62,15.11,14.62,14.96,43400
CMCSA,20160309,29.35,29.55,29.15,29.39,7870900
CMCT,20160309,17.25,17.37,17.25,17.37,300
CME,20160309,93.45,94.5,93.03,93.9,1326100
CMLS,20160309,2.64,2.96,2.56,2.96,1304700
CMPR,20160309,87.42,89.17,86.78,88.04,211300
CMRX,20160309,5.37,5.42,5,5.13,1867800
CMTL,20160309,21.54,21.95,21.35,21.5,58900
CNBKA,20160309,39.64,39.67,39.53,39.6,1500
CNCE,20160309,12.86,13.08,12.27,12.75,134500
CNCR,20160309,21.52,21.52,21.15,21.35,8600
CNET,20160309,0.7,0.7,0.66,0.68,11400
CNFR,20160309,6.03,6.8,6.03,6.36,14900
CNOB,20160309,15.8,15.94,15.53,15.58,37300
CNSL,20160309,24.33,24.41,23.36,23.74,260500
CNTY,20160309,6.91,7.48,6.83,7.24,82600
COHR,20160309,86.7,86.7,85.63,86.09,146200
COHU,20160309,11.55,11.83,11.41,11.69,41300
COKE,20160309,178.4,179.86,176.6,178.1,30700
COLB,20160309,29.61,29.78,29.11,29.27,267500
COLL,20160309,17.69,18,17,17.74,105600
COLM,20160309,58.76,59.78,58.22,59.41,311100
COMM,20160309,26.08,26.66,25.73,26.2,1098900
COMT,20160309,28.87,29.13,28.69,29.07,16000
CONE,20160309,39.48,40,39.07,39.93,584500
CONN,20160309,18.2,18.43,17.38,18.2,581500
COOL,20160309,4.8,4.8,4.74,4.74,3100
CORT,20160309,4,4.03,3.9,4.02,94600
COST,20160309,151.35,153.5,151.31,153.05,2395200
COWN,20160309,3.61,3.67,3.56,3.63,527600
COWNL,20160309,25.45,25.58,25.45,25.57,6000
CPHC,20160309,10.05,10.15,10.01,10.01,2200
CPIX,20160309,4.84,4.93,4.7,4.7,6700
CPLP,20160309,3.17,3.22,3.1,3.17,1269500
CPRT,20160309,19.945,20.1,19.755,20.07,673900
CPRX,20160309,1.28,1.3,1.18,1.21,436500
CPSH,20160309,2.09,2.09,1.95,1.95,2900
CPSI,20160309,54.2,54.47,52.78,53.77,180700
CPSS,20160309,4.38,4.38,4.27,4.28,65900
CRAI,20160309,19.56,19.7,19.5,19.67,36000
CRBP,20160309,1.73,1.73,1.64,1.72,32700
CREG,20160309,30,32,30,32,43700
CRESY,20160309,11.64,11.67,11.39,11.6,51700
CRIS,20160309,8.4,8.55,8.25,8.4,182400
CRMT,20160309,25.25,25.4,24,24.51,120500
CRNT,20160309,1.15,1.2,1.09,1.15,86900
CROX,20160309,9.45,9.51,9.1,9.23,530500
CRTO,20160309,37.63,38.63,36.59,36.86,501900
CRUS,20160309,34.45,35.09,33.91,33.99,991300
CRVL,20160309,39.9,40.56,39.44,39.59,76900
CRWS,20160309,8.8,8.82,8.75,8.81,5300
CSA,20160309,32.34,32.34,32.34,32.34,100
CSB,20160309,33.56,33.57,33.5,33.57,800
CSBR,20160309,3.7,3.95,3.7,3.95,900
CSCO,20160309,27.24,27.8,27.12,27.61,38890200
CSF,20160309,32.74,32.74,32.53,32.54,8400
CSGP,20160309,179.05,180.66,175.6,179.31,139400
CSGS,20160309,38.39,41.13,37.58,40.9,1803200
CSII,20160309,9.96,10.19,9.6,9.78,231300
CSIQ,20160309,21.94,22,20.88,21.76,2701900
CSPI,20160309,5.5,5.63,5.49,5.6,2900
CSQ,20160309,9.08,9.12,9.04,9.06,323200
CSTE,20160309,37.47,37.51,36.1,36.79,265400
CSWC,20160309,13.96,14.26,13.84,14.06,64600
CSWI,20160309,30.27,30.93,30.15,30.27,32200
CSX,20160309,24.74,25.18,24.69,25.08,8301400
CTAS,20160309,87.93,88.19,86.65,87.24,594000
CTBI,20160309,34.68,34.85,34.28,34.51,26100
CTG,20160309,5.17,5.33,5.06,5.2,40900
CTHR,20160309,1.1,1.1,0.98,1.01,28200
CTIB,20160309,4.7,4.7,4.65,4.65,300
CTIC,20160309,5.7,5.8,5.4,5.5,1246600
CTMX,20160309,13.09,13.18,12.51,12.67,28000
CTRE,20160309,11.82,11.95,11.82,11.87,147400
CTRN,20160309,19.26,19.39,18.59,18.68,80500
CTSH,20160309,56.2,56.24,55.66,56.05,3283200
CTSO,20160309,5.18,5.23,4.96,5.07,82300
CTXS,20160309,59.2596,60.1115,59.0366,59.7611,1057100
CUBA,20160309,7.15,7.2,6.87,7.09,21600
CUTR,20160309,12.06,12.71,12.04,12.63,70100
CVBF,20160309,16.54,16.64,16.28,16.32,523200
CVCO,20160309,86.81,88.21,85.7,88.12,72000
CVCY,20160309,11.75,11.75,11.54,11.54,6500
CVGI,20160309,3.01,3.14,3.01,3.06,112800
CVGW,20160309,54.53,55.93,54.18,54.66,160900
CVLT,20160309,38.56,38.68,37.87,38.15,378000
CVLY,20160309,19.95,20.5,19.95,20.22,9600
CVV,20160309,8.7,8.85,8.6,8.85,4700
CWBC,20160309,6.97,7.05,6.9,6.95,12000
CWCO,20160309,11.15,11.4,11.15,11.25,45100
CWST,20160309,6.83,6.89,6.67,6.8,113000
CXDC,20160309,3.5,3.56,3.47,3.51,14900
CXSE,20160309,21.53,21.53,21.53,21.53,0
CYAD,20160309,43.75,44.03,42.93,42.93,2700
CYAN,20160309,4.86,4.87,4.86,4.87,1100
CYBE,20160309,9.75,9.75,9.66,9.67,700
CYBR,20160309,38.4,38.75,37.83,38.04,680200
CYCC,20160309,115.2,122.4,103.2,112.8,50400
CYCCP,20160309,5.99,6,5.99,6,300
CYRN,20160309,1.66,1.66,1.59,1.59,44400
CYRX,20160309,1.79,1.79,1.76,1.76,200
CYTK,20160309,6.4,6.61,6.05,6.32,304900
CZNC,20160309,20.45,20.45,19.98,20.17,28600
CZR,20160309,7.57,7.97,7.38,7.85,662700
CZWI,20160309,8.96,9.08,8.96,9.08,10500
DAIO,20160309,2.27,2.35,2.27,2.29,6300
DAKT,20160309,7.37,7.45,7.18,7.38,146700
DAX,20160309,23,23.04,22.99,22.99,2100
DBVT,20160309,29.37,30.13,28.98,30.03,278400
DCOM,20160309,17.41,17.52,17.22,17.28,68700
DCTH,20160309,4.64,4.8,4.64,4.64,148100
DENN,20160309,10.25,10.38,10.24,10.25,226400
DERM,20160309,21.64,21.87,21,21.31,110500
DGICA,20160309,14.92,14.92,14.59,14.8,16200
DGICB,20160309,13.98,13.98,13.98,13.98,0
DGII,20160309,8.85,8.96,8.69,8.75,155500
DGLY,20160309,5.28,5.7,5.06,5.5,311500
DGRE,20160309,20.39,20.49,19.99,20.22,28800
DGRS,20160309,27,27.01,26.93,26.93,8800
DGRW,20160309,30.12,30.22,30.08,30.13,98500
DHIL,20160309,181.12,181.12,177.96,178.7,10900
DIOD,20160309,18.9,19.05,18.54,18.96,99200
DISCA,20160309,27.49,27.86,27.26,27.67,2973300
DISCB,20160309,25,25,25,25,0
DISCK,20160309,26.44,26.82,26.3,26.62,2766200
DISH,20160309,49.23,49.43,48.56,48.95,1961700
DJCO,20160309,192.6,192.6,192.6,192.6,0
DLHC,20160309,3.19,3.34,3.13,3.18,15000
DLTH,20160309,17.41,18,17.27,17.67,74900
DLTR,20160309,76.21,77.37,75.97,76.73,2040900
DMLP,20160309,10.97,11.2,10.71,11.2,21900
DMRC,20160309,27.72,29.08,27.13,28.35,82000
DORM,20160309,52.65,53.13,52.15,52.35,233200
DOX,20160309,56.55,56.84,56.1,56.71,476300
DRIO,20160309,3.5,3.75,3.5,3.68,122200
DRNA,20160309,5.83,6,5.51,5.85,88300
DRRX,20160309,1.32,1.41,1.26,1.3,100000
DSGX,20160309,16.76,16.94,16.68,16.73,12600
DSPG,20160309,9.09,9.12,8.83,8.92,28900
DSWL,20160309,1.51,1.51,1.49,1.49,1200
DTEA,20160309,11.3,11.47,11.01,11.32,57400
DVAX,20160309,16.54,17.19,15.8,16.94,1322900
DWAT,20160309,9.78,9.78,9.78,9.78,4100
DWSN,20160309,3.98,4.32,3.88,3.91,34000
DXCM,20160309,66.19,66.29,62.38,64.53,1256200
DXGE,20160309,24.8,24.8,24.58,24.65,69800
DXJS,20160309,30.11,30.18,30.04,30.12,14300
DXLG,20160309,4.9,4.99,4.47,4.88,53500
DXPE,20160309,17.1,17.82,16.56,16.61,101300
DXYN,20160309,4.3,4.5,4.13,4.18,22700
DYNT,20160309,3.04,3.04,3.04,3.04,0
EA,20160309,63.19,64.04,62.74,63.92,3124200
EAC,20160309,1.86,1.94,1.84,1.84,7400
EBAY,20160309,24.34,24.49,23.7,23.95,12347600
EBIX,20160309,39.83,40.14,38.93,39.62,195500
EBMT,20160309,12.4,12.4,12.4,12.4,0
EBSB,20160309,13.91,14.05,13.81,13.85,107000
EBTC,20160309,22.62,22.96,22.55,22.93,3300
ECHO,20160309,25.78,26.1,25.54,25.85,278200
ECOL,20160309,39.33,41.7,38.92,39.85,113400
ECPG,20160309,26.73,27.61,26.44,26.57,345700
EDAP,20160309,4.36,4.48,4.35,4.38,38400
EDIT,20160309,42.7,43.41,30,31.1,1444600
EDUC,20160309,5.99,6.21,5.89,6.14,15900
EEFT,20160309,70.11,70.97,69.44,69.96,284100
EEMA,20160309,49.01,49.29,49.01,49.13,8800
EFOI,20160309,66.5,68.2,65.15,66,316700
EFSC,20160309,28.16,28.38,28.02,28.13,28700
EGAN,20160309,3.65,3.71,3.47,3.48,16900
EGBN,20160309,49.22,49.66,48.47,48.5,171300
EGLE,20160309,294,301,215.6,225.4,452800
EGRX,20160309,63.52,63.52,60.07,61.8,483100
EHTH,20160309,10.03,10.14,9.7,9.98,57500
ELSE,20160309,3.4,3.4,3.26,3.26,1500
ELTK,20160309,1.3,1.3,1.29,1.29,5500
EMCB,20160309,66.11,66.18,65.96,66.06,8000
EMCF,20160309,23.81,23.81,23.81,23.81,0
EMIF,20160309,27.85,27.94,27.72,27.89,1800
EMKR,20160309,5.46,5.49,5.34,5.36,119200
EML,20160309,16.29,16.7,15.92,16.2,10200
ENDP,20160309,42.87,43.56,41.67,41.79,6191800
ENG,20160309,1.14,1.16,1.04,1.16,10700
ENPH,20160309,2.95,3.17,2.93,3.11,446700
ENSG,20160309,21.32,21.92,21,21.68,253000
ENTA,20160309,28.6,28.74,27.76,28.56,153000
ENTG,20160309,12.71,12.87,12.71,12.81,347300
ENZL,20160309,38.24,38.63,37.77,38.04,75900
EPAY,20160309,29.27,29.39,28.94,29.18,131000
EPIX,20160309,69.8,73.8,67.2,70,7600
EPZM,20160309,9.54,9.76,8.5,9.51,674200
EQBK,20160309,21,21.49,21,21.18,15600
EQIX,20160309,299.92,303.7,299.29,301.26,675100
ERIC,20160309,9.28,9.3,9.21,9.25,2208000
ERIE,20160309,91.19,91.96,89.78,90.79,122100
ERII,20160309,8.61,9.49,8.55,9.47,1000500
ESBK,20160309,18.25,18.25,18.19,18.19,600
ESCA,20160309,13.55,13.55,12.7,12.89,18300
ESEA,20160309,15.92,19.92,15.92,16.16,14600
ESGR,20160309,161.29,162,160.15,161.11,20200
ESLT,20160309,85.75,86.89,85.75,85.99,14200
ESPR,20160309,15.83,16.23,15.31,15.72,441000
ESSA,20160309,13.54,13.55,13.5,13.55,21400
ESXB,20160309,4.99,5,4.95,4.96,5600
ETSY,20160309,8.75,8.9,8.42,8.74,1087100
EUFN,20160309,17.9,17.97,17.78,17.85,116900
EVK,20160309,1.63,1.63,1.63,1.63,0
EVLV,20160309,0.91,0.99,0.85,0.89,334800
EVOK,20160309,3.91,4.37,3.91,4.2,45200
EVOL,20160309,5.35,5.58,5.26,5.28,8800
EVSTC,20160309,100.01,100.01,100.01,100.01,400
EWBC,20160309,31.6,31.66,30.88,31.17,1100100
EWZS,20160309,7.95,8.01,7.9,7.94,15900
EXAS,20160309,6.4,6.54,6.11,6.19,1834900
EXEL,20160309,3.92,4.04,3.85,3.89,3400200
EXLS,20160309,48.66,48.92,48.22,48.76,161000
EXPD,20160309,47.26,47.82,47.07,47.39,1928400
EXPE,20160309,105.13,106.23,103.49,105.69,1891800
EXPO,20160309,23.85,24.05,23.71,23.94,67000
EXTR,20160309,2.84,3.06,2.84,2.97,630400
EYEG,20160309,60.45,61.35,58.5,61.35,44400
EYES,20160309,42.24,43.68,40.8,41.2,333500
EZPW,20160309,3,3.07,2.94,3.02,524400
FANG,20160309,75.72,75.92,73.5,74.7,1216000
FARM,20160309,26.55,26.86,26.27,26.32,26900
FARO,20160309,33.76,34.34,32.92,33.03,126000
FAST,20160309,23.4,23.545,23.23,23.495,2345600
FATE,20160309,1.99,2.01,1.86,1.92,97900
FB,20160309,106.7,107.51,105.49,107.51,20493300
FBIO,20160309,3.05,3.16,3.05,3.12,227700
FBIZ,20160309,22.94,23.47,22.27,22.53,20400
FBMS,20160309,17.9,17.9,17.68,17.68,500
FBNC,20160309,18.91,18.91,18.55,18.67,32300
FBZ,20160309,10.55,10.55,10.42,10.42,2900
FCA,20160309,18.63,18.63,18.63,18.63,0
FCAP,20160309,26,28.74,26,28.35,10100
FCBC,20160309,18.81,19,18.64,18.74,22100
FCCO,20160309,13.25,13.44,13.25,13.4,800
FCCY,20160309,12.6,12.95,12.45,12.7,9500
FCEL,20160309,82.2,85.2,78,84.84,1408600
FCFS,20160309,43.32,44.28,42.67,44.22,198900
FCNCA,20160309,252.66,252.66,246.23,247.83,14700
FCVT,20160309,24.88,27,23.75,23.75,2900
FDIV,20160309,47.52,47.52,47.52,47.52,200
FDT,20160309,44.46,44.51,44.27,44.34,6900
FDTS,20160309,30.78,30.78,30.78,30.78,0
FDUS,20160309,14.76,14.78,13.88,14.28,78800
FEIM,20160309,9.6,9.93,9.51,9.53,3000
FELE,20160309,31.33,31.44,30.67,30.73,192600
FEM,20160309,18.25,18.3,18.19,18.3,30400
FEMB,20160309,40.25,40.25,40.25,40.25,0
FEMS,20160309,28.18,28.66,28.18,28.52,11700
FEP,20160309,27.65,27.75,27.57,27.64,98800
FEUZ,20160309,29.93,29.93,29.93,29.93,0
FFBC,20160309,18.09,18.13,17.8,17.87,201200
FFHL,20160309,0.61,0.61,0.61,0.61,800
FFIC,20160309,21.56,21.57,20.93,21.06,38400
FFIN,20160309,14.33,14.37,14.03,14.07,95800
FFIV,20160309,100.25,100.95,99.37,99.79,478500
FFNW,20160309,13.05,13.2,12.79,13.13,19600
FFWM,20160309,10.5,10.82,10.415,10.735,17800
FGBI,20160309,15.84,16.6,15.75,15.75,9400
FGEN,20160309,18.57,19.04,17.01,18.5,543900
FGM,20160309,34.33,34.33,34.12,34.18,14400
FIBK,20160309,27.93,28.06,27.63,27.73,74800
FISI,20160309,27.48,27.78,27.34,27.58,25200
FISV,20160309,48.175,48.35,47.995,48.23,937400
FITB,20160309,16.74,16.84,16.52,16.6,4911600
FITBI,20160309,28.27,28.27,28.05,28.2,26600
FIVE,20160309,38.42,38.67,37.46,38.11,539600
FIVN,20160309,8.17,8.26,8.01,8.13,195400
FIZZ,20160309,39.39,39.89,38.11,39.3,62100
FJP,20160309,44.05,44.05,43.68,43.86,10000
FKU,20160309,35.91,36.02,35.89,35.89,15100
FLDM,20160309,7.38,7.45,7.04,7.44,299000
FLEX,20160309,11.17,11.31,11.09,11.24,2968400
FLIC,20160309,27.78,27.87,27.29,27.45,7500
FLL,20160309,1.5,1.5,1.48,1.49,8000
FLN,20160309,14.73,14.73,14.66,14.66,600
FLWS,20160309,7.99,8.06,7.73,8.03,274900
FLXN,20160309,10.15,10.3,9.66,10.08,194900
FLXS,20160309,44.22,44.3,42.84,42.93,22800
FMB,20160309,52.57,52.72,52.55,52.55,12600
FMBH,20160309,25.13,25.9,25.13,25.5,6100
FMBI,20160309,17.81,18.01,17.51,17.58,277900
FMNB,20160309,8.6,8.74,8.58,8.73,50000
FNHC,20160309,19.77,20.55,19.02,19.21,137200
FNLC,20160309,18.99,19.02,18.61,18.87,10100
FNWB,20160309,12.63,12.75,12.57,12.69,20500
FOLD,20160309,7.78,7.97,7.17,7.5,2617300
FONR,20160309,16.6,16.6,16.25,16.55,10500
FORD,20160309,1.41,1.41,1.34,1.39,11200
FORM,20160309,7.57,7.63,7.38,7.58,202600
FORR,20160309,31.93,32.15,31.65,31.94,16700
FORTY,20160309,32.28,32.29,30.79,30.79,1600
FOSL,20160309,49.73,49.73,48.05,49.09,1132700
FOX,20160309,27.93,28.18,27.85,28.08,2397100
FOXA,20160309,27.62,27.79,27.41,27.7,7779200
FOXF,20160309,17.48,17.89,16.39,17.67,99400
FPA,20160309,27.35,27.35,27.35,27.35,100
FPXI,20160309,24.58,24.62,24.4,24.58,20200
FRBA,20160309,6.46,6.84,6.44,6.84,700
FRBK,20160309,4.13,4.14,4.03,4.08,18600
FREE,20160309,6,6,4,6,34732300
FRGI,20160309,37.07,37.51,36.74,37.5,214500
FRME,20160309,22.93,23.06,22.75,22.92,65200
FRPH,20160309,34.15,34.5,33.8,34.48,8200
FRPT,20160309,7.15,7.51,6.9,7.04,566400
FRSH,20160309,10.75,11.35,10.23,10.89,355700
FSBW,20160309,25.36,25.64,25.36,25.39,4600
FSFG,20160309,32.9,32.9,32.9,32.9,200
FSLR,20160309,67.29,68.75,66.71,68.49,1566100
FSTR,20160309,16.02,16.57,15.69,16.18,72500
FSV,20160309,39.96,40.74,39.95,40.64,11200
FSZ,20160309,38.33,38.45,38.28,38.38,20100
FTAG,20160309,20.15,20.25,20.15,20.25,1000
FTCS,20160309,38.09,38.15,37.95,38,42200
FTEK,20160309,1.75,1.89,1.71,1.84,59600
FTGC,20160309,20.24,20.38,20.18,20.37,856900
FTHI,20160309,19.58,19.58,19.58,19.58,0
FTLB,20160309,19.33,19.33,19.33,19.33,0
FTNT,20160309,27.34,28.03,27.11,27.67,1852100
FTRI,20160309,9.82,10.06,9.8,10.05,88300
FTSL,20160309,47.19,47.22,47.08,47.2,36800
FTSM,20160309,59.88,59.89,59.85,59.86,230100
FULT,20160309,13.2,13.23,13,13.04,1026700
FUNC,20160309,11.17,11.27,11.15,11.27,5200
FUND,20160309,6.01,6.01,5.93,5.97,66100
FV,20160309,20.95,21.05,20.89,21.01,1074500
FWP,20160309,13.92,15.3,13.22,13.28,23000
FWRD,20160309,41.42,42.02,41.08,41.6,104700
GABC,20160309,21.3267,21.4267,20.8467,21.1667,27700
GAIA,20160309,5.36,5.59,5.3,5.37,87300
GAIN,20160309,7.02,7.11,6.99,7.06,108700
GAINN,20160309,23.8,23.8,23.8,23.8,0
GALT,20160309,1.5,1.54,1.36,1.42,85900
GASS,20160309,3.36,3.42,3.24,3.4,56900
GBCI,20160309,25.67,25.76,25.34,25.46,691100
GBDC,20160309,16.82,16.96,16.7,16.77,179300
GBLI,20160309,29.02,29.84,28.46,29.63,22400
GBT,20160309,16.19,16.46,15.36,15.58,165000
GCBC,20160309,17.5,17.5,17.5,17.5,1400
GDEN,20160309,10.31,10.48,10.25,10.3,46800
GENC,20160309,9.5133,9.5133,9.3333,9.34,24000
GENE,20160309,8.96,9,8.4,8.6,51400
GEOS,20160309,12.23,12.65,11.75,12.15,170000
GERN,20160309,2.9,2.95,2.8,2.8,2525900
GEVO,20160309,172,172,140,152,552900
GFED,20160309,15,15,15,15,0
GGAL,20160309,28.72,28.94,28.48,28.67,285200
GIFI,20160309,9.08,9.95,8.75,8.94,45900
GIGM,20160309,2.99,3.11,2.99,3.05,14900
GIII,20160309,52.31,52.51,51.51,52.04,364300
GILD,20160309,88.94,89.25,87.43,87.83,10428000
GILT,20160309,4.06,4.36,4.06,4.33,95900
GLAD,20160309,7.04,7.38,7.03,7.32,145600
GLBL,20160309,3.58,3.6,3.31,3.38,1481900
GLBS,20160309,920,960,800,800,144900
GLBZ,20160309,10.5,10.5,10.5,10.5,0
GLDD,20160309,3.67,3.82,3.6,3.63,61400
GLDI,20160309,10.93,10.95,10.86,10.9,12300
GLMD,20160309,4.72,4.75,4.68,4.71,2300
GLNG,20160309,18.23,19.2,17.59,18.85,1548600
GLPG,20160309,43.99,44.29,43.72,44.17,34700
GLPI,20160309,28.5,28.77,28.06,28.64,438900
GLRE,20160309,21.66,22.13,21.53,21.86,76600
GLYC,20160309,6.29,6.29,5.72,5.95,18600
GNCA,20160309,34.8,39.6,34.8,38.64,129000
GNMA,20160309,50.61,50.63,50.53,50.59,4700
GNTX,20160309,15.46,15.69,15.44,15.56,1682600
GOGL,20160309,3.5,3.6,3.35,3.45,1176900
GOGO,20160309,11.42,11.66,11.16,11.56,683700
GOOD,20160309,15.35,15.85,15.35,15.68,108700
GOODN,20160309,25.46,25.46,25.46,25.46,600
GOODO,20160309,25.08,25.39,25.08,25.39,7100
GOOG,20160309,698.47,705.68,694,705.24,1421500
GOOGL,20160309,715.16,726.24,712.66,725.41,1977100
GPAC,20160309,9.82,9.82,9.82,9.82,5000
GPACU,20160309,9.8,9.8,9.8,9.8,0
GPACW,20160309,0.18,0.18,0.18,0.18,0
GPP,20160309,13.24,13.7,13.05,13.15,26400
GPRE,20160309,14.71,14.73,14.09,14.28,699700
GPRO,20160309,12.7,12.7,12.1,12.28,4907000
GRBK,20160309,6.32,6.45,6.16,6.36,102200
GRFS,20160309,15.39,15.4,15.18,15.22,519900
GRID,20160309,32.56,33.26,32.56,32.8,27300
GRMN,20160309,39.72,39.79,39.14,39.27,1189300
GROW,20160309,1.59,1.75,1.55,1.63,20400
GRPN,20160309,86.4,86.8,81,82.2,15365300
GRVY,20160309,1.545,1.58,1.54,1.55,8300
GSBC,20160309,38.58,39.49,37.92,38.23,17400
GSIT,20160309,3.81,4.05,3.81,3.89,15800
GSM,20160309,9.37,9.65,9.1,9.58,935600
GT,20160309,32.45,32.79,32.31,32.47,2832200
GTIM,20160309,4.35,4.5,4.28,4.33,5200
GURE,20160309,8.95,9.1,8.8,8.85,20100
GWGH,20160309,6.46,6.46,6.46,6.46,0
GYRO,20160309,28.64,28.65,28.63,28.65,800
HA,20160309,44.03,45.4,44.01,45.02,1495000
HAFC,20160309,22.29,22.45,21.81,22.03,137400
HAIN,20160309,39.16,39.71,39,39.64,1490000
HALL,20160309,10.38,10.72,10.28,10.36,15700
HALO,20160309,8.87,9.04,8.26,8.96,2806400
HAS,20160309,78.89,79.09,77.92,78,772300
HAYN,20160309,34.09,34.82,33.41,34.2,58000
HBAN,20160309,9.44,9.47,9.3,9.34,12722500
HBANP,20160309,1350,1350,1350,1350,2400
HBCP,20160309,25.37,26,25.37,26,10600
HBIO,20160309,2.86,3.2,2.76,2.84,50200
HBMD,20160309,12.09,12.09,12.09,12.09,0
HBNC,20160309,10.5555,10.7778,10.5155,10.76,53900
HBP,20160309,3.73,3.73,3.7,3.7,7800
HCCI,20160309,8.95,9.2,8.7,8.96,35100
HCKT,20160309,13.9,14.09,13.54,13.88,76700
HCSG,20160309,35.83,36.01,35.5,35.71,157900
HDSN,20160309,3.39,3.41,3.35,3.41,19400
HEAR,20160309,4.76,5,4.68,4.88,94700
HEES,20160309,15.61,15.9,15.15,15.84,269200
HELE,20160309,102.18,102.53,100.83,101.21,151000
HERO,20160309,2.78,2.89,2.31,2.34,509400
HFBL,20160309,22.75,22.75,22.75,22.75,0
HFWA,20160309,17.85,17.98,17.69,17.78,92400
HGSH,20160309,2.68,2.72,2.64,2.64,2200
HIBB,20160309,37.58,37.9,36.27,36.93,516700
HIFS,20160309,116.52,116.52,116.52,116.52,400
HIHO,20160309,4.22,4.22,4.14,4.21,600
HIMX,20160309,9.79,10.3,9.73,10.1,2706000
HLG,20160309,9.5,9.5,9.5,9.5,0
HLIT,20160309,3.14,3.3,3.14,3.28,916700
HMHC,20160309,19.46,19.58,19.31,19.37,657400
HMNF,20160309,11.14,11.25,11.14,11.16,1800
HMST,20160309,19.47,19.7,19.4,19.61,85100
HMTV,20160309,13.71,13.93,13.55,13.78,18800
HNNA,20160309,17.3133,18.3133,17.3133,17.8133,9200
HNRG,20160309,5.49,5.49,5.22,5.31,122100
HOFT,20160309,32.19,32.79,32.01,32.64,42800
HOLI,20160309,19,19.57,18.93,19.46,180200
HOLX,20160309,34.79,34.99,34.5,34.59,2322200
HOMB,20160309,20.85,20.855,20.405,20.475,143400
HOVNP,20160309,3.09,3.09,2.8,2.98,1700
HQY,20160309,22.08,22.45,21.83,22.2,291300
HRTX,20160309,17.56,18.26,17.07,17.95,601400
HRZN,20160309,11.33,11.71,11.33,11.58,98500
HSIC,20160309,168.01,168.32,167.02,167.34,234600
HSII,20160309,23.82,24.17,21.86,23.73,128900
HSKA,20160309,32.3,32.61,31.38,32.52,57400
HSON,20160309,28,29,27.4,28.3,27300
HSTM,20160309,21.06,21.2,20.87,20.98,59900
HTBI,20160309,18.35,18.5,17.98,18.05,28300
HTBK,20160309,9.85,10.04,9.77,9.97,35300
HTBX,20160309,9.1,9.2,8.1,8.4,96300
HTGM,20160309,3.37,3.38,2.5,2.63,49800
HTHT,20160309,7.095,7.275,7.09,7.2275,67800
HTLD,20160309,18.26,18.69,18.22,18.46,516500
HTLF,20160309,31.8,32.04,31.28,31.66,79600
HUBG,20160309,36.97,37.55,36.72,37.4,249000
HURC,20160309,30.8,31.48,29.96,30.52,11000
HURN,20160309,57.15,57.62,56.61,57.33,216900
HWBK,20160309,14.18,14.18,14,14.06,600
HWKN,20160309,33.93,34.5,33.62,34,23900
HYLS,20160309,47.14,47.17,47.01,47.15,166500
HYZD,20160309,21.75,21.85,21.72,21.79,1200
HZNP,20160309,16.55,16.76,15.83,16.53,2302200
IAC,20160309,46.99,47.07,45.96,46.06,553000
IART,20160309,31.575,31.845,31.325,31.765,290700
IBB,20160309,261.3,261.8,253.66,257.13,2931100
IBCP,20160309,14.75,14.78,14.6,14.67,43300
IBKR,20160309,38.51,38.53,37.68,37.83,864000
IBOC,20160309,24.43,24.46,24.01,24.15,97200
IBTX,20160309,29.22,30.05,28.31,28.89,73000
ICAD,20160309,4.88,5,4.65,4.73,53200
ICBK,20160309,19.01,19.29,19,19.1,3700
ICCC,20160309,6.08,6.2,6.06,6.11,1400
ICFI,20160309,31.51,31.99,31.44,31.81,127800
ICLN,20160309,8.89,8.97,8.86,8.93,93200
ICLR,20160309,70.54,71.1,69.52,70.45,262800
ICPT,20160309,123.18,126.56,119.9,122.08,341900
ICUI,20160309,91.96,92.58,91.25,91.85,175600
IDCC,20160309,53.19,53.82,52.75,52.97,749100
IDLB,20160309,23.72,23.78,23.72,23.78,400
IDRA,20160309,15.92,16.32,14.56,14.96,955000
IDXX,20160309,77.18,78.04,75.08,77.91,598000
IEP,20160309,63.15,64.76,63.05,63.38,78500
IESC,20160309,13.69,14.63,13.66,14.1,190200
IEUS,20160309,42.77,42.77,42.52,42.52,6600
IFGL,20160309,27.94,28.05,27.93,27.97,45200
IFV,20160309,16.31,16.38,16.26,16.3,173100
IGF,20160309,37.21,37.51,37.21,37.31,389700
IGOV,20160309,93.88,94.34,93.79,93.91,85500
III,20160309,3.3,3.33,3.25,3.31,29500
IIN,20160309,6.8,6.8,6.8,6.8,100
IIVI,20160309,21.37,21.49,21,21.03,209200
IKNX,20160309,11.4,11.4,11.4,11.4,2000
ILMN,20160309,150.32,153.77,147.59,153,1564800
IMGN,20160309,8.55,8.65,8.02,8.24,960600
IMKTA,20160309,33.16,34.03,33.02,33.91,100900
IMMR,20160309,8.4,8.54,8.34,8.46,319200
IMOS,20160309,17.79,18,17.62,17.82,57200
INBK,20160309,24.09,24.34,23.56,23.73,11800
INCR,20160309,41,42.18,40.67,40.92,666800
INCY,20160309,71.28,71.96,67.83,68.85,1578100
INDB,20160309,46.15,46.15,45.28,45.47,49200
INDY,20160309,25.63,25.77,25.62,25.69,200000
INFI,20160309,6.39,6.43,5.93,6.18,759300
INFN,20160309,15.09,15.74,15.09,15.16,1918100
INGN,20160309,33.14,33.67,32.99,33.32,140400
INO,20160309,7.07,7.12,6.76,7.02,1578200
INOD,20160309,2.23,2.28,2.21,2.22,31000
INOV,20160309,17.64,17.69,16.89,17.06,813200
INSM,20160309,12.53,12.8,11.61,12.32,374000
INTC,20160309,30.83,31.04,30.67,30.86,14707800
INTG,20160309,25.74,25.74,25.74,25.74,0
INTU,20160309,99.39,100.01,98.9,99.47,1549000
INVA,20160309,12.04,12.38,11.82,12.2,660900
INVE,20160309,2.3,2.44,2.18,2.27,32400
IONS,20160309,40.09,40.09,37.32,38,1615000
IOSP,20160309,44.3,44.47,43.74,44.09,120500
IPAR,20160309,27.69,28.13,27.68,28.07,61300
IPDN,20160309,6,6,4.16,4.88,14100
IPGP,20160309,88.74,89.75,88.07,89.5,259300
IPKW,20160309,26.12,26.19,26.05,26.16,3800
IPWR,20160309,44.6,44.6,43.1,43.6,11400
IRBT,20160309,31.99,32.65,31.41,32.31,196700
IRCP,20160309,33.5,33.5,33.5,33.5,1100
IRDM,20160309,7.21,7.36,7.16,7.32,660700
IRIX,20160309,10.6,10.74,10.53,10.55,23000
IRMD,20160309,18.21,18.52,18.19,18.34,53300
IROQ,20160309,18.99,18.99,18.99,18.99,0
IRWD,20160309,11.06,11.35,9.98,10.76,1354800
ISBC,20160309,11.71,11.74,11.37,11.38,4529300
ISHG,20160309,79.65,79.99,79.65,79.82,4300
ISIG,20160309,2.65,2.69,2.45,2.53,3500
ISLE,20160309,11.59,11.69,11.54,11.64,302000
ISRG,20160309,190.01,191.19,188.35,190.9667,306800
ISSC,20160309,2.73,2.75,2.56,2.74,6100
ISTR,20160309,14.61,14.61,14.42,14.42,600
ITCI,20160309,29.65,29.88,27.26,27.82,636600
ITI,20160309,2.65,2.65,2.61,2.63,42200
ITIC,20160309,87.45,87.51,87.45,87.51,500
ITRI,20160309,41.57,42.27,41.42,41.73,215700
ITRN,20160309,17.31,17.48,17.3,17.45,15800
IVAC,20160309,4.35,4.42,4.31,4.37,7600
IXUS,20160309,47.95,48.05,47.76,47.95,154800
IZEA,20160309,7.51,7.85,7.51,7.85,2500
JACK,20160309,68.43,69.33,66.41,67.53,1893900
JAGX,20160309,1491,1522.5,1470,1491,20900
JAKK,20160309,75,75.7,73.5,73.8,97000
JAZZ,20160309,126.28,127.96,125.15,126.56,422300
JBHT,20160309,78.62,79.81,78.15,79.76,751600
JBLU,20160309,20.02,20.3,19.6,20.09,13062500
JBSS,20160309,70.24,71.74,70.24,71.37,90900
JCS,20160309,7.01,7.06,6.69,6.98,11500
JCTCF,20160309,5.48,5.48,5.27,5.48,1400
JD,20160309,26.16,26.48,25.77,26.34,6110300
JJSF,20160309,107.19,108.28,105.7,106.68,55800
JKHY,20160309,81.31,81.59,80.83,81.02,545900
JOBS,20160309,30.72,30.98,30.26,30.48,59900
JOUT,20160309,22.9,23,22.52,22.99,11900
JRJC,20160309,50.3,51.5,49.2,51.4,86200
JRVR,20160309,31.7,31.81,31.06,31.39,48100
JSM,20160309,18.14,18.35,17.85,18.33,20500
JSMD,20160309,26.09,26.15,26.09,26.15,1800
JSML,20160309,25.74,25.8,25.69,25.8,5400
JVA,20160309,3.55,3.75,3.42,3.6,43500
JYNT,20160309,4.05,4.09,4,4.03,8800
KALU,20160309,79.8,81.31,79,80.63,175000
KBAL,20160309,11.13,11.3,11.13,11.25,35800
KE,20160309,11.54,11.7,11.35,11.69,45700
KELYA,20160309,17.68,17.75,17.45,17.65,90800
KELYB,20160309,17.7,17.7,17.7,17.7,0
KEQU,20160309,16.9,17.32,16.9,17.23,2200
KFFB,20160309,8.57,8.57,8.57,8.57,0
KFRC,20160309,18.08,18.36,17.96,18.11,164000
KHC,20160309,76.67,77,75.8,76.63,2631300
KINS,20160309,7.75,7.93,7.75,7.85,14200
KIRK,20160309,14.69,14.9,14.51,14.6,71200
KLAC,20160309,67.94,68.36,67.79,68.06,1296600
KLIC,20160309,11.16,11.27,10.91,11,319400
KMDA,20160309,3.96,4,3.96,3.99,1400
KMPH,20160309,14.13,14.23,12.87,13.95,91600
KNDI,20160309,7.12,7.26,7,7.22,205900
KOPN,20160309,1.68,1.74,1.65,1.71,155800
KOSS,20160309,2.24,2.24,2.15,2.15,2100
KPTI,20160309,7.84,7.9,7.28,7.62,194000
KRNT,20160309,10.51,10.86,10.21,10.4,29100
KRNY,20160309,11.96,12,11.84,11.86,293800
KTCC,20160309,7.26,7.35,7.14,7.16,33400
KTOS,20160309,3.75,3.84,3.69,3.79,238000
KURA,20160309,4.47,4.59,4.17,4.37,5300
KVHI,20160309,9.15,9.22,9.02,9.2,20800
LAKE,20160309,12.26,12.47,12.08,12.16,52400
LAMR,20160309,58.66,59.11,57.62,58.68,709800
LANC,20160309,106.58,107.9,106.58,107.55,153500
LAND,20160309,8.79,8.9,8.66,8.81,61000
LARK,20160309,24.76,24.76,24.4,24.76,4300
LAWS,20160309,18.45,18.5,17.74,18,10000
LBAI,20160309,10.2,10.25,10.06,10.12,68600
LBRDA,20160309,52.84,53.11,52.52,53.05,116400
LBRDK,20160309,52.72,53.07,52.43,53.02,187100
LBTYA,20160309,36.25,36.35,35.69,35.91,2058300
LBTYK,20160309,35.16,35.51,34.93,35.14,2992700
LCNB,20160309,16.35,16.5,15.8,16.4,10500
LCUT,20160309,12.59,12.65,12.37,12.5,16900
LE,20160309,26.08,26.08,24.56,24.75,141700
LECO,20160309,57.78,57.78,57.11,57.48,327400
LEDS,20160309,0.28,0.3,0.26,0.3,65300
LFUS,20160309,116.19,117.05,115.27,116.29,93900
LFVN,20160309,9.7,9.9,9.53,9.72,63800
LGIH,20160309,23.2,24.8,21.85,24.06,1036200
LGND,20160309,99.51,100.34,95.5,99.4,389600
LHCG,20160309,35.68,37.26,34.9,36.93,119400
LIFE,20160309,77,77,70.98,74.2,54700
LILA,20160309,33.64,34.15,33.33,33.87,42300
LILAK,20160309,36.67,36.79,36.26,36.54,24400
LINC,20160309,2.67,2.87,2.67,2.8,38000
LIND,20160309,9.8,10.01,9.6,9.74,57500
LITE,20160309,24.72,25.4,24.14,24.43,524700
LIVE,20160309,1.51,1.54,1.45,1.5,32400
LIVN,20160309,57.36,57.52,56.88,57.12,318100
LJPC,20160309,19.56,20.24,18.59,19.22,227600
LKFN,20160309,29.5,29.6667,29.2733,29.3733,38700
LKQ,20160309,30.7,30.76,30.26,30.42,1403500
LLNW,20160309,1.86,1.88,1.78,1.87,346400
LMAT,20160309,14.56,14.79,14.55,14.73,85000
LMBS,20160309,51.13,51.13,50.84,50.91,9400
LMFA,20160309,88.4,88.5,83.5,88,2000
LMNR,20160309,14.64,14.94,14.64,14.83,18300
LMRK,20160309,14.97,15.2,14.76,14.95,24700
LNDC,20160309,10.36,10.61,10.34,10.57,47400
LNTH,20160309,2.17,2.26,2.04,2.15,65400
LOAN,20160309,4.13,4.19,4.12,4.15,13300
LOB,20160309,12.72,13.09,12.72,13.01,26800
LOCO,20160309,15.05,15.29,14.56,14.9,736100
LOGI,20160309,15.91,16.04,15.81,16,321200
LOPE,20160309,41.31,42.01,41.27,41.98,366600
LORL,20160309,36.08,36.55,34.47,34.79,66900
LPCN,20160309,9.79,9.97,9.5,9.58,72000
LPLA,20160309,20.99,21.36,20.5,20.72,1204800
LPSN,20160309,5.14,5.2,5.08,5.19,880100
LPTH,20160309,2.05,2.11,2,2.03,77000
LQDT,20160309,5.03,5.13,4.95,5.08,181700
LRCX,20160309,73.55,74.39,73.06,73.81,1643100
LSBK,20160309,13.52,13.52,13.52,13.52,0
LSCC,20160309,5.87,5.92,5.66,5.8,1678500
LSTR,20160309,60.73,62.1,60.2,61.76,370500
LTBR,20160309,36.6,36.6,33,34.2,83600
LTRPA,20160309,20.5,20.65,19.4,19.91,1213000
LTRPB,20160309,23.58,23.58,23.58,23.58,0
LTRX,20160309,1.06,1.08,1.05,1.05,2000
LULU,20160309,62.27,62.49,61.21,62.13,1129000
LUNA,20160309,0.95,0.95,0.87,0.91,63700
LVHD,20160309,26.24,26.27,26.11,26.15,25100
LWAY,20160309,11.64,11.64,11.48,11.53,3900
LXRX,20160309,11.05,11.43,10.45,11.21,651300
LYTS,20160309,11.29,11.45,10.8,11.02,149700
MACK,20160309,7.15,7.25,6.71,7.2,1273900
MANH,20160309,56.85,57.68,55.78,56.13,697900
MANT,20160309,30.6,31.2,30.42,31.1,282600
MAR,20160309,68.74,68.77,68.09,68.59,2283800
MARA,20160309,7.84,8.48,7.68,7.84,31900
MARK,20160309,4.39,4.57,4.3,4.5,20900
MARPS,20160309,4.28,4.3,4.28,4.3,2800
MASI,20160309,38.31,38.31,37.61,37.88,131800
MAT,20160309,33.1,33.62,33,33.28,4265800
MATW,20160309,48.68,49.15,48.45,49.03,85400
MAYS,20160309,52,52,52,52,0
MBCN,20160309,16.05,16.05,16.05,16.05,0
MBII,20160309,1.18,1.28,1.18,1.22,27400
MBUU,20160309,15.08,15.33,14.8,15.2,58000
MBWM,20160309,22.85,23.18,22.67,23.09,20000
MCBC,20160309,6.27,6.3,6.21,6.22,10500
MCFT,20160309,13.39,13.65,12.92,13.49,23400
MCHI,20160309,40.32,40.46,40.11,40.23,857000
MCHP,20160309,23.515,23.755,23.37,23.755,2413300
MCHX,20160309,4.32,4.42,4.06,4.37,77800
MCRB,20160309,25.19,26.41,24.6,25.17,270900
MCRI,20160309,19.79,19.9,19.69,19.84,30100
MDGS,20160309,72,82,71.2,82,4000
MDIV,20160309,18.06,18.15,18.04,18.12,117100
MDLZ,20160309,41.55,42.21,41.3,41.95,7012700
MDRX,20160309,12.61,12.98,12.61,12.88,2030000
MDWD,20160309,7.53,7.81,7.41,7.81,12800
MDXG,20160309,8.68,8.74,8.31,8.57,918300
MEIP,20160309,1.24,1.28,1.21,1.23,111200
MELI,20160309,110.2,111.8,108,111.2,589200
MEOH,20160309,33.9,34.47,33.15,34.26,1173900
MERC,20160309,8.85,8.97,8.59,8.73,95900
MESO,20160309,8.5,8.95,7.72,8.55,113300
MGEE,20160309,50.21,51.03,50.12,50.28,146800
MGI,20160309,5.78,6.12,5.76,6.08,176000
MGIC,20160309,6.9,7.05,6.86,7.05,26500
MGLN,20160309,64.44,65.24,63.86,64.49,202600
MGNX,20160309,17.99,17.99,16.71,17.33,247100
MGPI,20160309,25.18,26.52,25.04,26.45,97100
MGRC,20160309,25.34,25.73,25.22,25.48,71700
MGYR,20160309,9.6,9.6,9.6,9.6,0
MHLD,20160309,12.75,12.77,12.59,12.75,371300
MICT,20160309,2.12,2.16,2.06,2.06,2200
MIDD,20160309,101.08,102.51,100,101.28,439700
MIME,20160309,9.88,10.1,9.01,9.34,57400
MIND,20160309,3.31,3.64,3.26,3.59,4500
MITK,20160309,5.86,6.26,5.85,6.11,1016300
MKSI,20160309,33.56,34.04,33.46,33.96,132100
MKTX,20160309,124.39,125.23,121.07,122.6,432100
MLAB,20160309,86.07,88.62,85.55,87.3,3500
MLHR,20160309,27.72,27.97,27.44,27.96,210000
MLVF,20160309,16.25,16.25,16.16,16.21,9800
MMLP,20160309,16.78,17.19,16.3,17.07,176200
MMSI,20160309,19,19.14,18.58,18.61,152700
MMYT,20160309,17.66,17.84,17.43,17.58,99700
MNDO,20160309,2.14,2.19,2.14,2.15,26500
MNKD,20160309,6.05,6.35,5.85,5.95,4935700
MNOV,20160309,6.05,6.17,5.9,5.99,79500
MNRO,20160309,67.91,69.21,67.62,68.4,128600
MNST,20160309,42.9867,43.5533,42.9133,43.3567,658000
MNTX,20160309,5.87,5.96,5.5,5.62,33600
MOFG,20160309,26.79,26.79,26.66,26.75,4400
MOMO,20160309,13.59,13.93,13.1,13.52,909600
MORN,20160309,81.43,81.79,80.44,80.7,99800
MOSY,20160309,154,164,146,158,83700
MPAA,20160309,36.38,37.08,36.18,36.91,94300
MPB,20160309,15.05,15.05,15.05,15.05,100
MPWR,20160309,59.15,59.81,58.01,59.77,178400
MRCC,20160309,13.69,13.95,13.4,13.66,144800
MRCY,20160309,16.79,17.18,16.62,17.09,50500
MRLN,20160309,13.92,14.21,13.85,13.95,20500
MRNS,20160309,23.2,23.36,21.52,21.64,40200
MRTN,20160309,11.1933,11.64,11.14,11.58,111700
MRTX,20160309,21.7,21.77,20.57,21.23,122900
MRVL,20160309,9.9,9.9,9.72,9.87,3312500
MSEX,20160309,30.31,30.89,30.31,30.82,82400
MSFT,20160309,51.89,52.85,51.85,52.84,28251500
MSON,20160309,6.2,6.21,6.2,6.21,400
MSTR,20160309,168.19,168.94,166.59,168.24,119100
MTBC,20160309,0.7,0.88,0.7,0.79,39500
MTBCP,20160309,25,25,25,25,0
MTCH,20160309,11.58,11.72,10.81,11.45,819600
MTEX,20160309,19.48,19.48,19.01,19.09,1000
MTLS,20160309,7.73,7.77,7.51,7.65,18100
MTP,20160309,226.5,226.5,226,226,1000
MTRX,20160309,18.78,18.88,18.35,18.59,110200
MTSI,20160309,41.11,41.93,40.75,41.88,534000
MU,20160309,10.76,10.91,10.53,10.81,15133800
MVIS,20160309,2.75,2.75,2.51,2.51,283000
MYGN,20160309,37.5,37.67,37.07,37.63,738500
MYRG,20160309,25,25.41,24.74,24.88,195400
NAII,20160309,11.7,11.8,11.65,11.77,29900
NAKD,20160309,1200,1200,1190,1190,1900
NATH,20160309,46.3,46.65,44.81,45.87,19700
NATI,20160309,29.86,29.96,29.43,29.73,172700
NATR,20160309,8.95,9.33,8.9,9.04,21800
NAVI,20160309,11.19,11.39,11.05,11.2,2781000
NBIX,20160309,34.34,34.78,32.18,33.67,1123500
NBN,20160309,10.37,10.75,10.24,10.56,13600
NBRV,20160309,8.9,9.19,8.76,8.86,5600
NBTB,20160309,26.79,26.95,26.48,26.54,66900
NCBS,20160309,31.9,31.9,31.9,31.9,0
NCMI,20160309,14.71,15,14.71,14.88,261700
NCTY,20160309,66,69.9,66,68.1,27800
NDAQ,20160309,65.41,65.95,64.87,65.37,749200
NDLS,20160309,12.31,12.4,12.14,12.24,61800
NDSN,20160309,73.78,73.9,72.84,73.41,201400
NEO,20160309,7.01,7.29,6.66,6.73,636800
NEOG,20160309,38.1825,38.8275,37.7475,38.6175,95000
NEON,20160309,21.8,23.4,21.7,22.9,110700
NEPT,20160309,1.11,1.14,1.09,1.14,29000
NERV,20160309,5.5,5.64,5.35,5.41,22600
NETE,20160309,2.1,2.5,2.1,2.3,6143700
NEWT,20160309,12.47,12.94,12.22,12.36,208900
NEWTZ,20160309,25.08,25.08,24.99,24.99,1400
NFBK,20160309,16.33,16.38,15.98,16.08,85200
NFLX,20160309,96.82,98.37,95,98,12298600
NHTC,20160309,30.81,31.19,29.8,31.05,86500
NICE,20160309,60.14,60.66,59.44,60.31,75000
NICK,20160309,10.35,10.35,10.25,10.27,160100
NKSH,20160309,33.09,33.34,32.55,33.32,8700
NKTR,20160309,11.92,12.04,11.59,11.65,952500
NMIH,20160309,5,5.05,4.82,4.9,270800
NNBR,20160309,13.5,13.79,13.27,13.7,259600
NNDM,20160309,69,69,69,69,0
NRIM,20160309,23.89,24.43,23.89,24.13,18000
NSEC,20160309,15.3,15.59,15.3,15.3,300
NSIT,20160309,27.79,28.03,27.51,27.85,152300
NSSC,20160309,6.33,6.33,6.21,6.27,6300
NSTG,20160309,16.08,16.3,15.18,16.07,277900
NSYS,20160309,3.98,3.98,3.98,3.98,0
NTAP,20160309,26.15,26.57,26.09,26.17,4162800
NTCT,20160309,19.81,19.81,19.37,19.6,873600
NTES,20160309,27.872,28.12,27.258,28.094,978900
NTGR,20160309,39.48,40.28,39.04,40.26,204300
NTIC,20160309,6.255,6.355,6.25,6.355,900
NTRA,20160309,9.5,9.5,7.58,8.42,681900
NTRS,20160309,64.18,64.75,63.34,63.64,1081900
NTWK,20160309,7.05,7.1,6.91,7.04,33600
NUAN,20160309,20.12,20.21,19.89,20.21,1325700
NURO,20160309,14.16,14.72,14,14.32,106300
NUVA,20160309,43.92,45.09,43.26,43.72,781600
NVAX,20160309,98.2,99.6,94.6,98.2,3711500
NVCN,20160309,3990,3990,3960,3960,6900
NVCR,20160309,16.02,16.36,14,14.34,297300
NVDA,20160309,8.0075,8.02,7.83,7.9325,5569700
NVEC,20160309,54,54.96,53.96,54.94,9900
NVEE,20160309,22.9,22.97,22.5,22.55,13300
NVFY,20160309,6.2,6.2,5.85,5.85,33200
NVIV,20160309,7222.5,7455,6187.5,6915,874300
NVMI,20160309,10.44,10.59,10.44,10.54,11500
NWBI,20160309,13.21,13.24,13.04,13.1,284300
NWFL,20160309,26.28,26.52,26.25,26.25,4300
NWLI,20160309,222,226.78,219,220.02,6400
NWPX,20160309,9.03,9.26,8.85,8.92,54800
NWS,20160309,11.66,12.02,11.63,11.84,1154400
NWSA,20160309,11,11.35,10.88,11.09,6571900
NXPI,20160309,75.56,76.98,74.4,76.73,2803900
NXST,20160309,46.51,47.74,46.5,47.72,569700
NXTD,20160309,49,51,48,48,156000
NYMT,20160309,4.53,4.57,4.44,4.48,522600
NYMTP,20160309,19.59,19.99,19.38,19.51,5200
NYMX,20160309,2.38,2.46,2.31,2.37,103300
OBAS,20160309,6.95,6.95,6.95,6.95,500
OBCI,20160309,2.39,2.52,2.38,2.39,9500
OCC,20160309,2.35,2.35,2.35,2.35,0
OCFC,20160309,17.65,17.65,17.31,17.39,24800
OCUL,20160309,8.92,9.1,8.13,8.23,196600
ODFL,20160309,67.8,68.04,67.04,67.29,669800
ODP,20160309,52.5,52.8,51.4,51.8,9553200
OESX,20160309,1.38,1.39,1.34,1.38,37100
OFED,20160309,20.05,20.05,20.05,20.05,0
OFIX,20160309,41.44,41.87,41.34,41.54,84300
OFLX,20160309,35.36,35.36,33.04,35.1,3300
OFS,20160309,11.65,11.67,11.53,11.63,7300
OIIM,20160309,1.49,1.53,1.48,1.5,14200
OLED,20160309,51.88,52.83,51.14,52,614100
OLLI,20160309,20.37,20.72,20.16,20.68,319100
OMAB,20160309,39.97,42.29,39.97,42.19,53400
OMCL,20160309,26.99,27.12,26.74,27.09,189500
OMER,20160309,15,16.48,14.78,16.2,1045200
OMEX,20160309,4.9,5.31,4.9,4.96,19100
ON,20160309,8.61,8.87,8.61,8.86,3928400
ONB,20160309,11.88,11.94,11.74,11.8,765500
ONCS,20160309,19.9,20.4,19.5,20.1,39200
ONEQ,20160309,183.62,183.96,183.12,183.74,6800
ONTX,20160309,66,67.5,61.5,64.5,110200
OPGN,20160309,840,845,765,835,7800
OPHC,20160309,4.7,4.7,4.7,4.7,0
OPOF,20160309,19.14,19.14,19.14,19.14,0
ORLY,20160309,265.27,266.97,262.71,264.77,743700
ORMP,20160309,6.55,6.75,6.54,6.61,11900
ORRF,20160309,17.18,17.57,17,17.24,12900
OSBC,20160309,7.08,7.13,7,7.04,26000
OSIS,20160309,61.57,62.41,61.11,62.24,132600
OSTK,20160309,14.63,14.88,14.32,14.87,90100
OSUR,20160309,6.86,6.93,6.71,6.83,246800
OTEX,20160309,24.595,24.89,24.455,24.495,114800
OTIC,20160309,15.81,16.08,14.65,15.64,243700
OTTR,20160309,28,28.14,27.54,28.12,112800
OVBC,20160309,22.4,22.4,22.4,22.4,0
OVLY,20160309,9.35,9.39,9.35,9.35,900
OXBR,20160309,5.05,5.05,4.99,5,2400
OXBRW,20160309,0.85,0.85,0.85,0.85,0
OXLC,20160309,8.8,9.01,8.8,8.84,245500
OXLCO,20160309,24.7,24.7,24.61,24.61,1000
PAAS,20160309,9.72,10.26,9.63,10.12,2582400
PACB,20160309,8.53,8.66,8.17,8.43,1152100
PACW,20160309,35.49,35.54,34.71,35.04,878500
PAHC,20160309,26.26,27.56,25.89,26.11,174200
PANL,20160309,2.31,2.35,2.24,2.31,2800
PATI,20160309,21.1,21.1,21.09,21.09,1300
PATK,20160309,28.7667,29.36,28.7667,29.32,324000
PAYX,20160309,52.31,52.38,51.95,52.12,1434300
PBCT,20160309,14.84,15.58,14.84,15.41,2987900
PBHC,20160309,11.65,11.85,11.65,11.85,1300
PBIP,20160309,14.83,15.43,14.81,14.81,8400
PBPB,20160309,13.73,13.98,13.73,13.78,189100
PCAR,20160309,52.63,53,52.03,52.22,2294400
PCH,20160309,28.38,29.41,28.34,29.39,407500
PCOM,20160309,7.44,7.63,7.34,7.35,14700
PCRX,20160309,50.17,50.96,48.01,50.68,927500
PCTI,20160309,5.64,5.64,5.3,5.59,403900
PCTY,20160309,31.55,31.69,30.77,31.66,154800
PCYG,20160309,8.86,8.96,8.51,8.86,15200
PCYO,20160309,4.79,4.8,4.75,4.75,1800
PDBC,20160309,15.5,15.69,15.46,15.58,60300
PDCE,20160309,52.34,54.99,51.27,53.67,1852000
PDCO,20160309,44.22,44.38,43.67,43.87,754600
PDEX,20160309,3.17,3.3,3.12,3.28,20600
PDFS,20160309,12,12.62,11.93,12.04,94500
PEBK,20160309,18.57,18.57,18.57,18.57,600
PEBO,20160309,19.03,19.04,18.37,18.44,62800
PEGA,20160309,25.45,25.64,24.96,25.2,153600
PENN,20160309,14.99,15.22,14.56,15.1,950400
PERI,20160309,7.32,7.44,7.02,7.2,178300
PESI,20160309,3.74,3.88,3.71,3.87,3300
PETS,20160309,17.16,17.24,17.02,17.2,87400
PFBC,20160309,30.22,30.22,29.75,30.06,17400
PFIE,20160309,1.07,1.07,0.97,0.99,375100
PFIN,20160309,10.61,10.95,10.61,10.71,3700
PFIS,20160309,37.1,37.5,37.01,37.01,3000
PFLT,20160309,11.42,11.52,11.41,11.48,68000
PFMT,20160309,1.75,1.81,1.72,1.75,78800
PFSW,20160309,13.34,13.34,13.07,13.26,102800
PGC,20160309,17.08,17.21,16.58,16.99,66500
PINC,20160309,32.16,32.6,31.83,32.48,276600
PIRS,20160309,1.88,1.94,1.82,1.89,70000
PKBK,20160309,11.3636,11.4455,11.2818,11.4455,1700
PKOH,20160309,34.88,35.52,34.7,35.03,28000
PLAB,20160309,10.02,10.15,9.89,9.94,989800
PLAY,20160309,36.77,37.17,35.6,36.6,399000
PLBC,20160309,8.86,8.86,8.86,8.86,0
PLCE,20160309,68.42,70.04,68.42,68.93,410800
PLPC,20160309,36.87,37.31,35.56,37.31,900
PLUG,20160309,1.98,1.99,1.9,1.9,2131000
PLUS,20160309,37.62,38.055,37.305,37.835,70500
PLXS,20160309,37.43,37.65,37.24,37.43,72700
PMD,20160309,13.5,13.75,13.45,13.54,4800
PME,20160309,1.36,1.36,1.36,1.36,0
PMTS,20160309,40.15,40.9,39.4,39.5,79000
PNBK,20160309,13.9,13.9,13.9,13.9,0
PNFP,20160309,47.78,47.85,47.04,47.14,162700
PNNT,20160309,6.2,6.28,6.02,6.08,373300
PNQI,20160309,72.62,72.62,71.74,72.55,9700
PODD,20160309,31.45,31.46,30.4,30.76,364200
POOL,20160309,81.41,83.27,80.68,82.43,386200
POWI,20160309,24.115,24.19,23.645,23.76,73900
POWL,20160309,28.51,29.12,28.21,28.49,53700
PPBI,20160309,21.42,21.7,21.36,21.54,85100
PPC,20160309,24.79,25.07,24.35,24.63,1141500
PPH,20160309,58.68,58.82,58.4,58.82,96600
PPSI,20160309,3.7,3.7,3.49,3.49,700
PRAA,20160309,29.59,30.02,28.95,29.65,698300
PRFT,20160309,19.45,19.66,19.28,19.6,91200
PRFZ,20160309,91.56,91.89,91.4,91.7,25700
PRGS,20160309,25.15,25.19,24.97,25.07,112200
PRIM,20160309,23.05,23.8,22.81,23.55,276900
PROV,20160309,17.24,17.41,17.15,17.23,17400
PRPH,20160309,1.27,1.27,1.27,1.27,0
PRQR,20160309,4.99,4.99,4.23,4.36,8800
PRTA,20160309,34.81,36.16,33.4,36.04,587400
PRTK,20160309,15.81,16.32,15.3,15.76,62700
PRTS,20160309,2.96,3.18,2.87,3.16,111300
PSCC,20160309,57.58,57.95,57.57,57.95,2200
PSCD,20160309,47.7,47.73,47.42,47.57,3300
PSCE,20160309,14.5,14.66,13.99,14.35,19400
PSCF,20160309,39.64,39.64,39.42,39.48,9300
PSCH,20160309,63.92,64.09,63.44,63.94,12400
PSCI,20160309,42.63,42.76,42.38,42.65,3800
PSCM,20160309,30.54,30.54,30.54,30.54,0
PSCT,20160309,52.04,52.67,52.02,52.53,136700
PSCU,20160309,43.97,43.97,43.6,43.78,11000
PSEC,20160309,7.15,7.2,6.95,7.07,2003900
PSMT,20160309,81.14,81.56,80.35,81.22,219600
PSTI,20160309,15.4,15.9,15.2,15.5,400900
PTC,20160309,31.62,31.77,31.07,31.55,373500
PTCT,20160309,6.21,6.26,5.83,5.9,1575300
PTEN,20160309,17.74,18.33,17.25,17.62,4940100
PTNR,20160309,4.42,4.43,4.16,4.29,25700
PTSI,20160309,30.93,32.23,30.32,31.53,19900
PULM,20160309,29.3,35,29.3,29.7,13500
PVBC,20160309,6.525,6.525,6.525,6.525,100
PWOD,20160309,26.32,26.3267,25.6733,25.7667,8600
PXLW,20160309,2.09,2.15,2,2.07,65400
PXS,20160309,1.4,1.4,1.3,1.32,8500
PYPL,20160309,38.48,38.62,37.82,38.57,4990500
PZZA,20160309,56.65,57.23,55.9,56.14,446200
QABA,20160309,36.51,36.51,35.95,36.07,29900
QADA,20160309,19.78,19.9,19.68,19.84,38400
QADB,20160309,16.5,16.5,16.5,16.5,0
QAT,20160309,19.68,19.68,19.5,19.5,3000
QCLN,20160309,14.57,14.66,14.47,14.62,3700
QCOM,20160309,52.41,52.52,51.74,51.95,13964400
QCRH,20160309,23.39,23.42,22.81,22.91,10600
QDEL,20160309,16.41,16.62,16.25,16.45,96000
QIWI,20160309,11.37,11.87,11.37,11.77,645900
QLYS,20160309,25.63,25.98,25.02,25.54,755900
QNST,20160309,3.09,3.13,3.03,3.07,50400
QQEW,20160309,40.78,40.87,40.59,40.84,43300
QQQ,20160309,104.57,104.84,103.96,104.82,31047300
QQQX,20160309,18.09,18.17,17.95,18.12,102400
QQXT,20160309,38.44,38.44,38.1,38.27,106900
QRHC,20160309,5.52,5.52,5.36,5.52,107400
QRVO,20160309,47.54,48.68,46.23,48.18,1432200
QTEC,20160309,41,41.28,40.89,41.19,27900
QTNT,20160309,8.77,8.77,8.54,8.65,46200
QUIK,20160309,19.32,19.74,19.32,19.46,114500
QUMU,20160309,4.73,4.74,4.16,4.55,8600
QURE,20160309,14.02,14.14,12.72,12.82,782100
QYLD,20160309,22,22.15,22,22.15,27100
RADA,20160309,0.86,0.92,0.8,0.84,24200
RAIL,20160309,15.95,16.1,15.39,15.72,516100
RAND,20160309,39.78,39.78,37.71,37.71,1100
RARE,20160309,62.35,62.93,57.99,58.61,931200
RAVE,20160309,5.22,5.29,5.03,5.2,38100
RAVN,20160309,16.31,16.78,16.15,16.57,201700
RBCAA,20160309,25.39,25.45,24.89,25.39,24700
RBCN,20160309,9.9,10.3,9.5,9.6,62600
RCII,20160309,13.68,14.23,13.47,13.77,608100
RCKY,20160309,12.7,12.84,12.34,12.43,18400
RCMT,20160309,5.39,5.64,5.39,5.39,9700
RCON,20160309,6.75,7.65,6.75,7.1,125400
RDCM,20160309,14.45,14.46,13.9,14.29,66000
RDHL,20160309,12.14,12.14,11.69,11.86,13900
RDI,20160309,11.07,12.11,11.03,11.98,76500
RDIB,20160309,12.38,12.38,12.38,12.38,0
RDNT,20160309,6,6.15,5.92,6.12,57000
RDUS,20160309,32.97,37.79,31.09,37.07,2465500
RDVY,20160309,20.38,20.38,20.38,20.38,400
RDWR,20160309,11.41,11.82,11.37,11.48,197700
REFR,20160309,4.53,4.7,4.53,4.67,25000
REGI,20160309,8.5,8.5,7.97,8.34,635700
REGN,20160309,388.53,389.61,373.8,374.75,1593500
RELL,20160309,5.24,5.25,5.12,5.21,15300
RELY,20160309,7.16,7.31,7.06,7.22,60800
REPH,20160309,6.4,6.4,6.21,6.26,13600
RESN,20160309,1.86,2,1.74,1.93,24400
RFIL,20160309,4.03,4.04,4.01,4.03,5800
RGCO,20160309,14.2,14.2,14.1067,14.12,1200
RGEN,20160309,26.25,26.78,25.08,26.62,316700
RGLD,20160309,46.79,48.5,45,48.07,1124400
RGLS,20160309,87.12,88.32,83.04,83.88,469700
RGNX,20160309,12.34,12.34,11.5,11.78,38800
RIBT,20160309,1.29,1.34,1.27,1.28,1800
RICK,20160309,9.07,9.23,9,9.02,5600
RIGL,20160309,2.31,2.45,2.25,2.36,833200
RILY,20160309,9.6,9.6,9.6,9.6,100
RKDA,20160309,60,60.4,53.2,59.8,29100
RMBS,20160309,13.04,13.34,12.99,13.07,506400
RMCF,20160309,10.55,10.69,10.1,10.11,8500
RMR,20160309,23.22,23.3,23.12,23.27,22900
RMTI,20160309,6.31,6.5,6.08,6.29,755000
RNST,20160309,32.54,32.91,32.24,32.59,147800
RNWK,20160309,4.27,4.33,4.23,4.28,27500
ROCK,20160309,25.59,25.71,25.24,25.28,225800
ROIC,20160309,18.96,19.22,18.67,19.07,331500
ROLL,20160309,67.61,67.86,66.73,67.38,143600
ROST,20160309,56.44,57.47,56.25,56.58,3208300
RPD,20160309,15.26,15.54,14.24,14.37,148500
RPRX,20160309,0.97,1.01,0.93,0.99,48500
RRGB,20160309,66.97,67.35,65.97,67.29,218300
RUN,20160309,6.74,6.87,6.25,6.65,977900
RUSHA,20160309,12.0133,12.2067,11.7867,12.14,138800
RUSHB,20160309,11.7667,12.14,11.6933,12.14,20400
RUTH,20160309,17.85,17.85,17.36,17.44,324900
RVNC,20160309,18.87,19.11,17.41,18.08,291000
RVSB,20160309,4.33,4.35,4.28,4.34,5600
RWLK,20160309,190,236.5,185.25,222.25,319100
RXDX,20160309,6.97,7.18,6.64,7.15,142400
RYAAY,20160309,80.54,80.84,79.12,80.36,547500
SABR,20160309,27.9,28.22,27.51,27.99,2176400
SAFM,20160309,91.86,93.45,91.5,92.84,675800
SAFT,20160309,55.52,55.86,54.67,55.07,126800
SAGE,20160309,34.27,35.42,32.14,32.84,467200
SAIA,20160309,26.16,26.51,25.97,26.14,256500
SAL,20160309,33.01,33.01,33.01,33.01,0
SALM,20160309,4.87,5.04,4.82,4.95,57200
SAMG,20160309,10.9,10.98,10.54,10.78,5900
SANM,20160309,21.2,21.31,21,21.3,341600
SANW,20160309,4.77,4.77,4.66,4.74,34500
SASR,20160309,27.27,27.46,26.97,27.09,107200
SATS,20160309,36.8794,37.1394,36.4731,36.6275,118400
SBAC,20160309,93.85,94.94,91.06,91.76,2141300
SBCF,20160309,15.21,15.25,14.98,15.1,33400
SBFG,20160309,10.05,10.14,10,10.08,2500
SBGI,20160309,32.61,33.23,32.37,32.99,939300
SBLK,20160309,4.4,4.7,4.05,4.25,431300
SBNY,20160309,141.73,141.73,137.08,137.5,558600
SBRA,20160309,20.91,21.56,20.26,21.51,334700
SBSI,20160309,25.19,25.82,25.19,25.5,122400
SBUX,20160309,57.78,57.97,56.79,57.07,9734500
SCHL,20160309,35.11,35.36,35.06,35.14,118000
SCHN,20160309,16.04,16.32,15.15,16.21,384000
SCOR,20160309,27.54,27.75,26.86,27.34,1309600
SCSC,20160309,38.65,38.92,38.22,38.61,125700
SCVL,20160309,24.21,24.56,23.62,23.9,58300
SCYX,20160309,44,44.1,42.8,42.8,17300
SCZ,20160309,47.64,47.74,47.45,47.64,844900
SEAC,20160309,5.56,5.98,5.52,5.59,46300
SEDG,20160309,27.1,27.44,26.21,26.74,852700
SEED,20160309,12.2,13.7,12,13.5,152800
SEIC,20160309,40.33,40.39,39.12,39.42,811200
SELF,20160309,4.68,4.68,4.44,4.59,74200
SENEA,20160309,33.33,35.12,33.33,34.69,54500
SENEB,20160309,33.5,33.5,33.5,33.5,0
SEV,20160309,10.18,10.59,10.06,10.59,3400
SFBC,20160309,22.56,22.56,22.56,22.56,600
SFM,20160309,27.81,27.91,27.51,27.7,1671200
SFNC,20160309,22.33,22.45,21.75,21.89,73900
SFST,20160309,23.04,24.24,23.04,24.23,9200
SGC,20160309,17.25,17.56,17.03,17.45,8000
SGEN,20160309,32.56,32.78,30.84,32.53,1130800
SGMA,20160309,6.61,7.27,6.61,7.15,12900
SGMO,20160309,6.15,6.25,5.63,5.83,975000
SGMS,20160309,9.65,9.97,9.42,9.92,956400
SGOC,20160309,3.32,3.6,3.21,3.58,35600
SGRP,20160309,1.01,1.01,1.01,1.01,0
SGRY,20160309,14.77,14.77,13.45,13.66,69600
SHBI,20160309,11.33,11.4,11.3,11.39,39300
SHEN,20160309,24.25,24.95,24.2,24.92,188000
SHIP,20160309,864,897.6,664.8,664.8,11000
SHOO,20160309,23.68,23.92,23.52,23.6733,347700
SHY,20160309,84.75,84.76,84.73,84.73,1284400
SIEB,20160309,1.27,1.27,1.27,1.27,0
SIEN,20160309,8.01,8.3,7.75,8.07,519500
SIFY,20160309,1.02,1.03,1.02,1.02,3100
SIGI,20160309,34.55,34.73,34.35,34.43,93300
SILC,20160309,31.31,31.64,30.46,30.6,27100
SIMO,20160309,33.06,33.17,32.67,32.74,163300
SINO,20160309,3.2,3.6,3.2,3.45,9700
SIRI,20160309,3.9,3.97,3.89,3.95,29305400
SIVB,20160309,99.81,99.81,95.29,95.67,793500
SKOR,20160309,50.42,50.48,50.37,50.39,5000
SKYW,20160309,18.84,19.29,18.77,19.18,418400
SKYY,20160309,27.9,28.26,27.9,28.23,48300
SLAB,20160309,44.71,45.13,44.37,44.84,199600
SLGN,20160309,25.745,25.76,25.21,25.5,300800
SLM,20160309,6.27,6.27,5.98,6.06,2364200
SLMBP,20160309,40.05,42.43,39.13,41.17,31400
SLP,20160309,9,9.27,8.84,8.99,39900
SLQD,20160309,50.1,50.22,50.07,50.15,11200
SLRC,20160309,17.39,17.43,17.15,17.21,109700
SLVO,20160309,9.7,9.75,9.62,9.7,8700
SMBC,20160309,23.55,23.77,23.18,23.34,11300
SMBK,20160309,15.6,15.6,15.6,15.6,200
SMCI,20160309,31.5,32.08,31.37,31.59,365900
SMCP,20160309,21.8,21.8,21.8,21.8,0
SMED,20160309,5.27,5.39,5.22,5.27,36200
SMIT,20160309,2.27,2.27,2.27,2.27,0
SMLR,20160309,1.94,1.94,1.72,1.72,2700
SMMF,20160309,14.25,14.5,14.2,14.21,17800
SMMT,20160309,6.75,6.75,6.75,6.75,0
SMSI,20160309,2.28,2.72,2.28,2.6,74900
SMTC,20160309,20.2,20.67,20.17,20.53,342700
SNCR,20160309,28.88,29.28,28.73,28.93,217000
SNDX,20160309,13.5,16.3,13.1,14.83,356700
SNFCA,20160309,5.5,5.54,5.43,5.5,3300
SNPS,20160309,45.85,46.02,45.49,45.78,989200
SOCL,20160309,17.56,17.64,17.5,17.56,14400
SOHO,20160309,5.25,5.33,5.15,5.31,14100
SOHU,20160309,46.77,48.96,46.28,46.8,180500
SOXX,20160309,86.92,87.51,86.64,87.29,192800
SP,20160309,24.03,24.09,23.71,23.96,29700
SPCB,20160309,5.05,5.13,4.79,4.85,33200
SPI,20160309,7.7,7.86,7.31,7.81,5900
SPLK,20160309,45.72,47.03,45.44,46.83,1477000
SPNE,20160309,14.25,14.44,13.5,13.7,138600
SPNS,20160309,11.23,11.25,11.1,11.25,47400
SPOK,20160309,17.5,17.7,17.35,17.7,48200
SPPI,20160309,5.06,5.08,4.85,5.01,819900
SPSC,20160309,41.88,42.29,40.92,41.98,165700
SPTN,20160309,28.9,29.36,28.8,29.18,227100
SPWH,20160309,13.26,13.48,12.92,13.15,150000
SPWR,20160309,22.86,23.18,22.27,22.98,907100
SQQQ,20160309,1708,1736,1692,1694.4,7180800
SRCE,20160309,31.77,31.87,31.51,31.7,28300
SRCL,20160309,113.96,114.68,113.82,114.09,759000
SRDX,20160309,19.06,19.54,18.83,19.04,33500
SRET,20160309,12.98,13.01,12.98,13.01,200
SREV,20160309,4.22,4.32,4.22,4.25,173300
SRNE,20160309,6.02,6.02,5.62,5.97,480600
SRPT,20160309,14.56,14.63,13.55,13.87,1611500
SSB,20160309,64.2,64.5,63.35,63.93,121100
SSBI,20160309,13.18,13.18,13.18,13.18,1600
SSKN,20160309,5.35,5.5,5.35,5.35,31400
SSNC,20160309,60.93,61.16,59.09,60.15,873400
SSYS,20160309,25.24,26,24.69,25.44,895400
STAA,20160309,7.19,7.34,7.08,7.32,79000
STAF,20160309,12.5,13.25,11.75,12.5,10300
STBA,20160309,25.88,26.27,25.65,25.74,59600
STFC,20160309,21.53,21.69,21.45,21.61,36200
STKL,20160309,4.9,4.95,4.8,4.9,318300
STKS,20160309,2.56,2.56,2.56,2.56,100
STLD,20160309,20.48,20.65,20.02,20.37,3120300
STRA,20160309,49.37,49.98,48.95,49.25,156300
STRL,20160309,5.35,5.4,5.07,5.2,47700
STRM,20160309,1.48,1.49,1.39,1.47,16500
STRS,20160309,22.24,23.1,21.77,22.84,23200
STRT,20160309,53.76,54.35,53.51,53.98,5800
STX,20160309,34.36,35.12,33.9,34.21,4586100
SUMR,20160309,14.85,15.3,14.58,14.58,4600
SUNS,20160309,13.86,14.09,13.78,14,9300
SUNW,20160309,21,21.28,20.65,21.14,46300
SUPN,20160309,14.65,15.77,14.25,15.21,1382300
SVBI,20160309,5.14,5.26,5.12,5.26,1700
SVVC,20160309,7.22,7.32,7.22,7.32,8700
SWIR,20160309,13.69,13.93,13.47,13.75,258700
SWKS,20160309,70.32,71.91,69.96,71.02,3002400
SYBT,20160309,25.5133,25.7333,25.34,25.48,31300
SYNA,20160309,85.11,85.68,82.59,83.69,433300
SYNL,20160309,8.65,8.66,8.5,8.61,14000
SYPR,20160309,0.96,0.99,0.95,0.99,1000
TACO,20160309,10.53,10.81,10.45,10.74,307100
TACT,20160309,7.39,7.87,7.39,7.57,70600
TAIT,20160309,0.96,0.96,0.95,0.95,600
TANH,20160309,4.79,4.87,4.56,4.68,13400
TAST,20160309,14.15,14.34,13.97,14.11,206700
TATT,20160309,6.99,6.99,6.99,6.99,0
TAYD,20160309,13.65,14,13.64,13.8,4400
TBBK,20160309,5.29,5.31,5.11,5.18,59900
TBK,20160309,15.12,15.35,15.12,15.34,40500
TBNK,20160309,26,26.07,25.88,26,19100
TBPH,20160309,17.5,17.87,16.52,17.59,147500
TCBI,20160309,37.24,37.45,36.11,36.65,386400
TCBK,20160309,25.64,25.96,25.28,25.46,75500
TCFC,20160309,20.7,20.7,20.7,20.7,2300
TCON,20160309,63.5,65.5,61.2,61.2,16500
TCPC,20160309,13.99,14.28,13.88,14.12,185400
TCX,20160309,21.93,22.14,21.7,22,24700
TDIV,20160309,25.77,25.9,25.73,25.84,83800
TEAM,20160309,22.55,23.77,21.58,21.77,544600
TECH,20160309,92.59,92.6,90.74,92.32,207300
TEDU,20160309,10.98,11.11,10.66,10.84,215100
TENX,20160309,41.2,41.8,40.8,41.4,94100
TESS,20160309,17.25,18.64,17.1,17.51,9000
TFSL,20160309,16.93,17.08,16.67,16.68,275900
TGA,20160309,1.65,1.72,1.58,1.65,294100
TGLS,20160309,12.03,12.25,11.98,12.25,20500
TGTX,20160309,8.69,9.2,8.21,8.4,443100
THFF,20160309,34.09,34.15,33.5,33.7,27000
THRM,20160309,41.41,41.94,40.48,41.62,354500
TIL,20160309,3.39,3.39,3.39,3.39,0
TILE,20160309,16.43,16.83,16.34,16.81,360500
TIPT,20160309,5.96,6.18,5.85,6.01,22700
TITN,20160309,12.68,13.1,12.56,12.81,128000
TLT,20160309,129.08,129.69,128.81,129.19,7194600
TMUS,20160309,39,39.03,38.16,38.2,6058600
TNDM,20160309,10,10.24,9.75,9.83,171600
TNXP,20160309,2320,2380,2200,2300,110100
TOPS,20160309,288000,323000,285000,301000,39200
TOUR,20160309,9,9.14,8.81,9.04,522100
TOWN,20160309,18.08,18.19,17.8,18.18,52000
TQQQ,20160309,14.9267,15.0367,14.6667,15.01,4340400
TREE,20160309,86.47,87.47,83.6,85.6,765100
TRIB,20160309,11.2,11.48,11.12,11.38,97900
TRIL,20160309,7.68,7.86,7.43,7.74,60100
TRIP,20160309,62.65,63.61,60.02,60.98,2732500
TRMB,20160309,24.84,25.05,24.45,24.96,1036900
TRMK,20160309,23.12,23.21,22.69,22.78,381400
TRNS,20160309,9.62,9.75,9.62,9.75,600
TROW,20160309,72.2,72.36,70.9,71.52,1354500
TRS,20160309,17.49,17.82,17.06,17.67,273700
TRST,20160309,5.95,5.99,5.87,5.9,112100
TRUE,20160309,5.97,6,5.65,5.69,515400
TRVN,20160309,8.55,8.65,7.3,7.71,733800
TSBK,20160309,12.6,12.6,12.58,12.6,3700
TSC,20160309,13.48,13.5,12.43,13.05,36100
TSCO,20160309,86.51,88.37,86.26,86.83,851800
TSEM,20160309,13.08,13.38,12.99,13.22,298000
TSLA,20160309,40.904,41.874,40.558,41.744,3208500
TSRI,20160309,3.78,3.78,3.78,3.78,100
TTEC,20160309,28.63,28.85,28.39,28.45,104000
TTEK,20160309,28.1,28.26,27.19,28.25,209600
TTGT,20160309,7.2,7.35,7.2,7.26,12700
TTMI,20160309,6.7,6.8,6.6,6.68,1251800
TTNP,20160309,21.9,21.96,21.24,21.48,111100
TTOO,20160309,8.95,9.13,8.71,8.92,37500
TTWO,20160309,34.74,35.32,34.62,34.85,894200
TUSA,20160309,23.85,23.85,23.85,23.85,0
TWIN,20160309,9.44,9.44,9.25,9.28,23700
TWOU,20160309,22.62,22.78,22.12,22.52,290100
TXN,20160309,54.7,55.14,54.54,54.75,3641600
TXRH,20160309,42.39,42.89,41.86,42.16,335900
TZOO,20160309,8.37,8.64,8.31,8.46,40100
UAE,20160309,16.63,17.12,16.54,17.12,9900
UBCP,20160309,9.05,9.16,9.05,9.16,400
UBFO,20160309,4.95,4.98,4.92,4.94,4000
UBND,20160309,46.46,46.46,46.46,46.46,0
UBOH,20160309,18.81,18.81,18.81,18.81,0
UBSI,20160309,36.43,36.77,35.93,36.18,221900
UCBI,20160309,18.55,18.67,18.21,18.27,508800
UCTT,20160309,5.09,5.19,5.05,5.18,90300
UEIC,20160309,56.04,58,56,57.83,154600
UEPS,20160309,9.59,9.62,9.11,9.11,322800
UFCS,20160309,41,41.86,40.53,41.02,85600
UFPI,20160309,78.34,79.49,77.76,79.48,165700
UFPT,20160309,22.75,23.16,22.75,23.13,6800
UG,20160309,22.68,22.69,22.1,22.34,2000
UHAL,20160309,347.69,350.98,343.6,348.49,29900
UIHC,20160309,18,18.02,17.06,17.63,110700
ULBI,20160309,5.14,5.39,5.13,5.13,13400
ULTA,20160309,164.7,165.97,158.21,159.01,2445400
UMBF,20160309,51.01,51.16,49.81,50.12,320500
UMPQ,20160309,15.74,15.88,15.6,15.86,2216600
UNAM,20160309,10.06,10.06,10.06,10.06,100
UNB,20160309,28.74,28.74,28.74,28.74,100
UNTY,20160309,10.64,10.69,10.55,10.61,2600
UPLD,20160309,6.22,6.28,6.12,6.17,4700
URBN,20160309,32.84,33.02,32.13,32.79,2912500
USAK,20160309,16.17,17.3,16.17,17.24,20600
USAP,20160309,9.59,9.9,9.41,9.42,18800
USEG,20160309,22.2,26.4,22.2,24.6,62500
USLB,20160309,24.72,24.72,24.72,24.72,200
USLM,20160309,52.89,53.5,52.89,53.31,13600
UTHR,20160309,125.19,125.19,121.37,123.97,601200
UTMD,20160309,60.5,61.89,59.83,60.86,23300
UTSI,20160309,2.21,2.24,2.21,2.22,14400
UVSP,20160309,19.37,19.49,19.29,19.45,21800
VALU,20160309,14.51,14.51,14.51,14.51,600
VBFC,20160309,19.85,20.3,19.85,20.3,900
VBIV,20160309,2.37,2.44,2.32,2.38,55300
VBLT,20160309,3.65,3.76,3.55,3.62,9800
VBTX,20160309,13.97,14.27,13.72,14.06,7100
VCEL,20160309,2.14,2.24,2.09,2.12,91700
VCIT,20160309,85.08,85.2,85.02,85.02,844700
VCLT,20160309,85.78,85.94,85.65,85.85,69700
VCSH,20160309,79.02,79.07,79.01,79.07,654600
VCYT,20160309,6.56,6.73,6.38,6.46,22200
VECO,20160309,18.86,19.09,18.52,18.63,188800
VGIT,20160309,65.67,65.7,65.59,65.67,78800
VGLT,20160309,79.52,79.82,79.31,79.57,66600
VGSH,20160309,60.96,61.01,60.96,60.97,31000
VIA,20160309,44.51,44.51,43.16,43.57,55100
VIAV,20160309,6.39,6.62,6.24,6.54,1660600
VICR,20160309,9.98,10.12,9.74,10.02,53600
VIGI,20160309,52.22,52.27,51.86,52.1,7400
VIRC,20160309,2.99,3.07,2.99,3.05,6900
VIRT,20160309,21.99,22.95,20.91,22.81,379700
VIVO,20160309,20.67,20.93,20.62,20.89,198600
VKTX,20160309,2.2,2.2,1.77,1.92,13900
VLGEA,20160309,24.52,24.94,24.52,24.68,27800
VMBS,20160309,53.29,53.33,53.25,53.26,171700
VNDA,20160309,7.68,7.91,7.35,7.78,564200
VNET,20160309,20.01,20.2,19.82,20,422500
VNOM,20160309,16.19,16.52,16.09,16.52,12800
VNQI,20160309,51.15,51.24,50.92,51.09,266600
VOD,20160309,30.9,31.01,30.68,30.75,2410400
VONE,20160309,91.36,91.36,91,91.24,10900
VONG,20160309,98.52,98.55,98.1,98.52,24400
VONV,20160309,84.27,84.58,84.19,84.26,11200
VOXX,20160309,4.8,4.8,4.32,4.37,180200
VRA,20160309,18.41,19.35,18.26,19,2612100
VRNS,20160309,18.95,19,18.18,18.6,180800
VRNT,20160309,37.45,37.45,35.8,36.23,375000
VRSK,20160309,75.92,76.82,75.57,76.48,652600
VRSN,20160309,87.21,88.34,86.56,86.96,1439700
VRTS,20160309,84.57,87.55,77,78.17,314100
VRTX,20160309,87.45,87.45,84.35,84.63,2201800
VSAT,20160309,73.24,74.35,73.12,73.93,160000
VSEC,20160309,31.905,31.905,31.395,31.87,18400
VSTM,20160309,1.43,1.53,1.42,1.46,333700
VTHR,20160309,90.6,90.89,90.55,90.8,90200
VTIP,20160309,48.62,48.65,48.6,48.65,162200
VTNR,20160309,1.75,1.87,1.75,1.81,31200
VTVT,20160309,6.07,6.19,5.84,6,39300
VTWG,20160309,92.57,92.75,92.03,92.4,2100
VTWO,20160309,85.38,85.63,85.11,85.49,24400
VTWV,20160309,77.92,78.13,77.62,77.95,3600
VUZI,20160309,6.23,6.84,6.05,6.3,391000
VWOB,20160309,75.02,75.42,75.02,75.36,32300
VXUS,20160309,43.71,43.87,43.6,43.75,434600
VYGR,20160309,9.1,9.36,8.76,9.04,41100
VYMI,20160309,52.83,53.21,52.83,52.95,7400
WABC,20160309,48.95,49.37,48.53,48.82,159600
WAFD,20160309,22.1,22.17,21.81,21.87,405400
WASH,20160309,38.71,38.8,37.93,38.09,35200
WATT,20160309,7.06,7.24,6.89,6.97,208500
WB,20160309,16.15,16.8,16.15,16.78,859300
WBA,20160309,80.94,83.1,80.63,81.6,5018300
WDAY,20160309,71.71,72.98,71.16,72.88,1638200
WDC,20160309,46.77,48.28,46.41,47.44,4792600
WDFC,20160309,104.74,105.72,103,104.13,81700
WEN,20160309,9.55,9.59,9.39,9.43,4162000
WERN,20160309,26.83,27.51,26.22,27.44,654500
WETF,20160309,12.95,13.12,12.52,12.87,2198200
WEYS,20160309,25.77,26.05,24.56,25.27,7600
WHF,20160309,9.95,10.17,9.95,10.06,19200
WHLM,20160309,6.88,6.9,6.59,6.77,17400
WHLR,20160309,11.12,11.44,10.72,10.8,151100
WHLRP,20160309,19.75,19.75,19.15,19.75,4200
WINA,20160309,100,100,95.36,97.47,1500
WING,20160309,24.92,25.2,24.35,24.53,4168100
WIRE,20160309,37.56,38.06,37.09,37.76,114700
WIX,20160309,19.49,20.32,19.4,19.98,103500
WKHS,20160309,7.02,7.02,5.79,6.45,41200
WLDN,20160309,9.15,9.21,8.86,9.14,14900
WLFC,20160309,20.69,21.24,20.57,20.87,4900
WLTW,20160309,117.05,117.31,115.5,116.49,796500
WOOD,20160309,43.51,43.59,43.37,43.45,6400
WOOF,20160309,53.86,54.11,53.07,53.64,506100
WPRT,20160309,2.63,2.8,2.63,2.75,219600
WRLD,20160309,36.01,36.92,33.97,36.74,190300
WSBC,20160309,29.61,29.91,29.01,29.13,110400
WSBF,20160309,13.96,14.02,13.86,13.93,19400
WSFS,20160309,32.11,32.23,31.56,31.8,68800
WSTG,20160309,16.01,16.41,16.01,16.41,1900
WTBA,20160309,18.55,18.55,18.03,18.22,20300
WTFC,20160309,44.78,44.78,43.77,44.05,245000
WTFCM,20160309,26.62,26.96,26.6,26.85,8100
WVE,20160309,14.36,14.71,13.56,14.15,7700
WVFC,20160309,11.32,11.32,11.32,11.32,100
WVVI,20160309,6.88,6.98,6.87,6.98,2400
WWD,20160309,48.93,49.52,48.5,49.35,316400
WYNN,20160309,81.42,82.44,79.77,81.56,2373500
XBIT,20160309,8.35,8.78,8.08,8.37,32700
XELB,20160309,5.25,5.25,5.25,5.25,700
XENE,20160309,7.6,7.6,7.25,7.36,6400
XENT,20160309,18.11,18.31,17.77,18.23,160100
XLNX,20160309,46.09,46.72,46,46.43,2589500
XLRN,20160309,27.82,28.22,26.1,27.36,543100
XNCR,20160309,12.9,13.19,12.27,12.94,413100
XNET,20160309,5.81,5.9,5.75,5.86,70100
XOMA,20160309,18,18.4,17.6,17.8,2447000
XONE,20160309,11.32,11.39,10.81,11.06,167300
XRAY,20160309,61.79,62.42,61.03,62.11,2531200
XTLB,20160309,6.8,6.8,6.8,6.8,19500
YNDX,20160309,13.97,14.04,13.79,13.88,1547000
YORW,20160309,28.97,29.88,28.79,29.77,46300
YY,20160309,54.97,55.19,54.14,55.12,358000
Z,20160309,24.1,24.13,22.29,22.44,2080900
ZBRA,20160309,63.78,65.24,62.77,65.09,419200
ZEUS,20160309,14.91,14.97,13.5,14.24,58300
ZG,20160309,25.38,25.46,23.75,23.85,934100
ZGNX,20160309,10.03,10.26,9.61,9.95,172100
ZION,20160309,23.95,24.04,23.42,23.58,2667300
ZIOP,20160309,9.01,9.16,8.57,8.76,2388000
ZIXI,20160309,4.1,4.23,4.1,4.19,309500
ZNGA,20160309,2.22,2.22,2.13,2.15,10391100
ZSAN,20160309,53.6,53.6,49.4,53.6,900
ZUMZ,20160309,21.38,21.78,21.21,21.43,576800
ZYNE,20160309,8.1,8.35,7.9,8.08,53600
