AAL,20140124,31.05,31.18,29.91,30.4,13699900
AAME,20140124,3.99,4.02,3.99,4,2700
AAOI,20140124,13.46,13.59,13,13.39,117400
AAON,20140124,22.0333,22.2067,21.3333,21.5333,155100
AAPL,20140124,19.7857,19.8436,19.4554,19.5025,15483400
AAWW,20140124,38.33,38.45,37.19,37.24,708200
AAXJ,20140124,56.71,56.83,55.97,56,463100
ABCB,20140124,20.52,20.69,20.1,20.38,373100
ABIO,20140124,275.94,277.2,253.26,257.04,1165600
ABMD,20140124,27.04,27.53,26.02,26.42,348600
ACAD,20140124,23.98,24.02,22.81,23.11,1122900
ACET,20140124,22.54,22.64,20.97,21.48,481300
ACGL,20140124,18.05,18.05,17.8667,17.87,457700
ACHC,20140124,52.61,52.78,52.1,52.26,313600
ACIW,20140124,21,21.0167,20.2467,20.2933,347400
ACLS,20140124,10,10.08,9.44,9.6,828700
ACNB,20140124,18.5,18.9,18.5,18.9,500
ACOR,20140124,31.14,31.21,30.31,30.75,457600
ACRX,20140124,11.02,11.22,10.42,10.84,723400
ACST,20140124,12.8,12.9,12,12.6,698500
ACTG,20140124,14.36,14.47,13.96,14.1,799500
ACWI,20140124,56.31,56.36,55.48,55.5,1650900
ACWX,20140124,45.03,45.21,44.53,44.53,500900
ADBE,20140124,60.3,60.44,59.09,59.09,2920000
ADES,20140124,25.615,25.875,25.49,25.53,66900
ADI,20140124,49.39,49.39,48.21,48.25,2691100
ADMP,20140124,7.02,7.25,6.45,6.68,314500
ADP,20140124,69.0429,69.201,67.568,67.5769,2143000
ADRE,20140124,34.56,34.61,34.1,34.1,87000
ADSK,20140124,51.65,51.65,50.25,50.44,4254000
ADTN,20140124,25.79,26.02,25.36,25.66,714800
ADUS,20140124,24.72,25.49,24.49,24.8,123400
ADXS,20140124,76.05,78,73.5,75.3,157100
AEHR,20140124,2.76,2.95,2.75,2.75,25400
AEIS,20140124,25.96,26.07,25.06,25.16,532300
AERI,20140124,20.26,20.26,18.59,18.71,54200
AEY,20140124,3.26,3.26,3.16,3.17,39900
AEZS,20140124,136,137,127,129,3364500
AGEN,20140124,3.45,3.45,3.2,3.27,667200
AGIO,20140124,29.53,30.56,27.6,28.34,527300
AGNC,20140124,20.9,21.12,20.8,20.81,6610500
AGNCP,20140124,25.45,25.59,25.41,25.46,8500
AGYS,20140124,14.34,14.49,14.05,14.11,73400
AGZD,20140124,49.9,49.9,49.9,49.9,200
AHPI,20140124,3.56,3.9,2.75,2.75,25200
AIMC,20140124,33.25,33.43,31.28,32.07,198700
AINV,20140124,27,27,26.43,26.52,1915200
AIQ,20140124,27.68,27.98,27.5,27.91,28800
AIRT,20140124,11.47,11.98,11.25,11.51,10500
AKAM,20140124,49.33,49.39,48.12,48.34,1987400
ALCO,20140124,40.69,40.69,39.28,39.66,12500
ALGN,20140124,62.85,63.1,58.13,58.88,2789200
ALGT,20140124,105.06,106.43,103.74,104.57,92300
ALIM,20140124,6.98,7.02,6.08,6.42,620700
ALKS,20140124,50.67,50.88,48.67,49,1339100
ALLT,20140124,16.55,16.55,15.92,15.98,469000
ALNY,20140124,88.53,88.94,83.4,83.6,829100
ALOT,20140124,13.85,13.85,13.6,13.71,5600
ALTR,20140124,33.5,33.5,32.04,32.12,8715000
AMAT,20140124,17.24,17.42,17.07,17.17,19772800
AMBA,20140124,30.98,31.05,29.55,29.79,1061400
AMCX,20140124,66.57,67.8,65.18,65.66,657600
AMD,20140124,3.6,3.61,3.41,3.47,48345200
AMED,20140124,15.29,15.63,15.07,15.24,241200
AMGN,20140124,122.61,122.61,118.99,119.29,5060100
AMKR,20140124,5.61,5.61,5.31,5.36,1262300
AMNB,20140124,24.29,24.84,23.75,24.35,18200
AMOT,20140124,11.75,11.89,11,11.51,30600
AMRN,20140124,1.62,1.76,1.6,1.71,7394000
AMRS,20140124,72.75,72.75,66.9,67.65,571300
AMSC,20140124,16.6,16.8,15.6,15.6,939600
AMSF,20140124,42.09,42.63,41.36,42.04,103600
AMSWA,20140124,9.84,10.05,9.66,9.95,310600
AMWD,20140124,35.56,35.9,34.62,35.23,114700
AMZN,20140124,398.16,400.2,387.27,387.6,4513000
ANAT,20140124,110.5,110.77,106.55,107.5,10100
ANDE,20140124,55.3133,55.9533,54.68,54.7667,205800
ANGI,20140124,16.9,17.49,16.22,16.8,3013600
ANGO,20140124,17.13,17.13,16.65,16.91,273700
ANIK,20140124,35.52,36.09,33.68,34.46,430100
ANIP,20140124,22.06,23.2,22.03,22.6,144100
ANSS,20140124,82.53,82.88,79.68,79.74,549600
AOSL,20140124,7.61,7.63,7.36,7.37,31900
APEI,20140124,45.8,45.8,43.72,44.12,196900
APOG,20140124,36.65,37.11,35.9,36.04,192500
APWC,20140124,3.24,3.24,3.24,3.24,0
ARAY,20140124,8.92,9.32,8.74,9.02,1284300
ARCC,20140124,17.91,17.96,17.71,17.74,2555100
ARKR,20140124,21.5,21.66,21.26,21.6,10000
ARLP,20140124,38.515,38.525,38.005,38.525,68200
ARNA,20140124,74.5,75.1,72.2,73.2,5202400
AROW,20140124,25.6,25.68,25.35,25.45,33600
ARRY,20140124,5.27,5.29,4.97,5.03,1282000
ARTNA,20140124,22.12,22.48,22.05,22.16,27700
ARTW,20140124,5.94,6,5.85,6,2900
ARWR,20140124,11.7,12.09,10.8,11.72,846900
ASML,20140124,90,90.09,87.48,87.59,2386300
ASPS,20140124,140,140.96,137,137.43,191000
ASRV,20140124,3.35,3.35,3.2,3.34,100000
ASTC,20140124,3.71,3.77,3.2,3.27,624100
ASTE,20140124,38.59,38.61,36.71,37.54,101900
ASUR,20140124,5.51,5.56,5.5,5.5,1100
ASYS,20140124,9.45,9.45,8.98,9.17,22600
ATAI,20140124,3.92,4,3.9,4,5200
ATAX,20140124,6.39,6.47,6.3,6.32,78500
ATEC,20140124,27.24,27.84,26.88,27.24,308700
ATHX,20140124,4.21,4.22,4,4.06,1485000
ATLC,20140124,3.15,3.2,3.15,3.2,5700
ATLO,20140124,22.35,22.86,22.35,22.64,8900
ATNI,20140124,60.96,61,60.01,60.58,85900
ATOS,20140124,439.2,486,432,459,4501200
ATRC,20140124,21.73,21.73,20.37,21.04,225100
ATRI,20140124,279.01,284.48,278.07,281.41,6500
ATRO,20140124,61.19,61.29,57.67,59.37,199400
ATRS,20140124,4.71,4.73,4.54,4.57,2137700
ATSG,20140124,6.93,6.95,6.47,6.47,326900
ATVI,20140124,16.6,16.84,16.55,16.67,7993100
AUBN,20140124,25.05,25.47,25.05,25.47,300
AUDC,20140124,7.34,7.49,7.04,7.34,480500
AVAV,20140124,30.32,30.65,29.19,29.23,256100
AVEO,20140124,19.5,20,19.4,19.9,448400
AVGO,20140124,55.81,55.99,54.15,54.49,1771500
AVID,20140124,7.48,7.51,7.23,7.25,142300
AVNW,20140124,23.88,23.88,23.28,23.52,344300
AWRE,20140124,6.23,6.23,6.12,6.16,79800
AXDX,20140124,13.5,13.62,12.9,13.19,62700
AXGN,20140124,4.22,4.27,4.01,4.12,84200
AXTI,20140124,2.41,2.41,2.31,2.33,50000
AZPN,20140124,42.33,42.46,41.27,41.42,491400
BANF,20140124,55.51,55.67,54.5,54.77,11000
BANFP,20140124,26.95,26.95,26.95,26.95,0
BANR,20140124,40.74,40.96,39.01,39.6,314700
BANX,20140124,24.8,25.09,24.8,24.9,16100
BBBY,20140124,65.25,65.83,64.58,64.59,3089100
BBGI,20140124,9.2,9.25,9.12,9.23,8700
BBSI,20140124,83.58,84.44,80.17,81.17,158100
BCBP,20140124,13.5,13.5,12.91,12.99,3100
BCOR,20140124,26.64,27,25.95,26.11,352300
BCOV,20140124,11.67,12.06,11.54,11.8,368300
BCPC,20140124,56.19,56.28,54.51,54.87,104200
BCRX,20140124,12,12.1,11.32,11.6,1675200
BDSI,20140124,8.95,9.49,8.18,9.41,14989700
BEAT,20140124,7.56,7.74,7.33,7.44,276400
BECN,20140124,40.59,40.6,39.1,39.35,217700
BELFA,20140124,18.4,18.61,18.35,18.35,700
BELFB,20140124,20.45,20.45,20.16,20.19,19200
BFIN,20140124,9.35,9.41,9.29,9.36,25100
BGCP,20140124,6.51,6.58,6.33,6.38,1484600
BGFV,20140124,18.3,18.36,17.84,17.89,173000
BIB,20140124,45.445,46.165,43.385,43.495,312500
BICK,20140124,22.8,23.07,22.66,22.66,3900
BIDU,20140124,160.6,165.33,159,161.37,5976500
BIIB,20140124,289.9474,290.2697,279.2256,279.6493,1943800
BIOL,20140124,14.15,14.25,13.45,13.5,342600
BIS,20140124,16.9,17.66,16.88,17.66,194900
BJRI,20140124,28.83,29.29,28.73,29.24,276600
BKCC,20140124,9.55,9.55,9.36,9.39,410900
BKEP,20140124,9.14,9.16,8.82,9.16,23800
BKEPP,20140124,9.54,9.54,9.54,9.54,0
BKSC,20140124,15,15.25,15,15.07,1900
BLDP,20140124,1.91,2,1.85,1.93,3503500
BLIN,20140124,320,335,302.5,305,153500
BLKB,20140124,36.35,36.98,36.05,36.51,177300
BLMN,20140124,23.24,23.5,23,23.36,1160000
BLRX,20140124,46.8,46.8,44.25,44.85,90000
BLUE,20140124,23.58,23.58,21.6,21.65,193800
BMRC,20140124,21.75,21.975,21.75,21.945,14300
BMRN,20140124,72.16,73.14,70.85,70.85,829200
BMTC,20140124,29.89,29.97,28.82,29.16,24900
BNDX,20140124,50.23,50.25,50.11,50.21,194000
BNFT,20140124,73.38,75,67.33,68,107600
BNSO,20140124,2.31,2.31,1.96,2.06,190700
BOKF,20140124,65.67,65.87,65.24,65.41,85800
BOLT,20140124,22.03,22.72,21.5,21.57,76100
BOOM,20140124,21.65,22.13,21.65,22.04,44100
BOSC,20140124,7.03,7.49,6.85,6.86,62800
BOTJ,20140124,8.99,8.99,8.88,8.88,500
BPOP,20140124,28.49,29.09,28.26,28.96,1279200
BPOPM,20140124,18.25,18.25,18.25,18.25,900
BPOPN,20140124,19.9,19.96,19.85,19.95,9400
BRID,20140124,9.46,9.52,9.46,9.52,400
BRKL,20140124,9.63,9.63,9.39,9.46,247000
BRKR,20140124,20.48,20.55,19.66,19.95,793800
BRKS,20140124,10.64,10.64,10.25,10.34,275500
BRLI,20140124,25.85,26.2,25.52,25.65,425600
BSET,20140124,14.49,14.84,14,14.08,22300
BSQR,20140124,3.47,3.54,3.45,3.46,12500
BSRR,20140124,16.18,16.19,15.85,15.97,16400
BUSE,20140124,5.75,5.82,5.62,5.63,120700
BWEN,20140124,9.98,9.98,8.88,9,288000
BYFC,20140124,1.12,1.13,1.05,1.06,5700
CAAS,20140124,8.12,8.15,7.68,7.73,185700
CAC,20140124,39.15,39.15,37.79,38.23,9300
CACC,20140124,133.61,134.09,130.23,131.69,19400
CACG,20140124,9.75,9.75,9.75,9.75,0
CAKE,20140124,45.09,45.43,44.64,44.71,1007200
CALM,20140124,26,26.18,25.7,25.735,89500
CAMP,20140124,31.43,31.52,30.1,30.5,1264800
CAMT,20140124,5.07,5.07,4.8,4.98,1023900
CAR,20140124,39.8,39.87,38.09,38.6,2306300
CARV,20140124,8,8,8,8,200
CARZ,20140124,39,39.36,38.5,38.67,171000
CASH,20140124,13.73,13.7867,12.95,13.0967,16900
CASS,20140124,61.95,62.31,60.61,60.98,15300
CASY,20140124,67.78,68.24,66.66,66.87,413200
CATY,20140124,24.91,25.26,24,24.46,821100
CBAN,20140124,6.24,6.45,6.2,6.3,6600
CBNK,20140124,17.2,17.38,17.2,17.38,5000
CBRL,20140124,102.65,102.86,101.04,101.37,236800
CBSH,20140124,45.72,45.76,44.93,44.95,332400
CCBG,20140124,12.56,12.67,12.31,12.44,29400
CCMP,20140124,42.34,42.35,40.35,41.02,327000
CCNE,20140124,17.26,17.39,16.81,16.89,18100
CCOI,20140124,41.67,41.67,40.6,41.2,319100
CCRN,20140124,11.3,11.3,10.99,11.06,380500
CCXI,20140124,7.57,7.65,6.88,7.02,754100
CDNS,20140124,14.23,14.38,14.08,14.16,6084000
CDW,20140124,24.15,24.23,23.55,23.62,173200
CDXS,20140124,1.72,1.81,1.72,1.74,147300
CDZI,20140124,7.95,8.09,7.7,8.06,139900
CECE,20140124,15.76,16.07,15.29,15.81,204500
CEMI,20140124,3.63,3.69,3.5,3.68,15900
CENT,20140124,6.42,6.51,6.34,6.47,46800
CENTA,20140124,6.17,6.3,6.15,6.27,86200
CENX,20140124,12.18,12.18,11.42,11.5,1371700
CERE,20140124,12,12.24,11.84,11.84,91400
CERN,20140124,56.01,56.18,54.7,54.71,1661900
CERS,20140124,6.45,6.45,6.1,6.24,754400
CEVA,20140124,16.17,16.41,16.05,16.16,120400
CFBK,20140124,7.865,7.92,7.26,7.755,35800
CFFI,20140124,41.52,42.52,38.27,38.81,31600
CFFN,20140124,12.11,12.17,12.03,12.11,703300
CG,20140124,36.1,36.82,35.6,36.04,420200
CGEN,20140124,10.51,10.87,10.18,10.35,132500
CGNX,20140124,19.04,19.19,18.73,18.785,635300
CGO,20140124,14.41,14.43,14.2,14.31,28300
CHCI,20140124,1.9,1.91,1.79,1.84,62400
CHCO,20140124,46.08,46.44,45.19,45.81,39200
CHDN,20140124,30.67,31.2333,30.42,30.7567,63900
CHEF,20140124,27.69,27.83,27.11,27.33,92400
CHI,20140124,13.74,13.75,13.31,13.46,369000
CHKP,20140124,65.06,65.26,64.3,64.69,1812700
CHMG,20140124,34.8,35.3,34.66,34.84,4000
CHNR,20140124,8.46,8.59,7.8,7.87,50900
CHRW,20140124,58.87,58.92,57.18,57.21,2049500
CHSCO,20140124,28.75,28.8,28.61,28.61,6600
CHSCP,20140124,29.11,29.29,29,29.11,10500
CHTR,20140124,132.97,133.56,130.58,131.42,1316700
CHUY,20140124,38.5,38.72,37.54,38.63,205900
CHW,20140124,9.02,9.06,8.88,8.92,182200
CHY,20140124,13.37,13.39,13.03,13.09,152800
CIDM,20140124,25.9,25.9,24.2,24.3,227200
CINF,20140124,49.7,49.84,48.8,48.81,903400
CIZN,20140124,18.63,18.96,18.63,18.75,1100
CJJD,20140124,1.46,1.5,1.45,1.49,109800
CLDX,20140124,425.4,433.05,405,407.1,2358000
CLFD,20140124,20.41,20.5,19.53,20.07,167100
CLIR,20140124,10.94,11.2,10.14,10.62,139900
CLMT,20140124,30.42,30.6,29.63,29.71,349200
CLNE,20140124,12.05,12.07,11.75,11.79,1875500
CLRO,20140124,9.75,9.75,9.67,9.7,28700
CLSN,20140124,3.9,3.9,3.75,3.83,467700
CLVS,20140124,69.32,70.11,66.11,68.34,590800
CLWT,20140124,2.92,3.0267,2.92,3.0067,1300
CMCO,20140124,25.99,25.99,25,25.16,143500
CMCSA,20140124,26.355,26.44,26.09,26.2,14410900
CME,20140124,75.01,75.31,74.2,74.42,2516000
CMLS,20140124,55.2,56,53.92,54.64,1301400
CMRX,20140124,19.01,19.43,18.64,19.03,272500
CMTL,20140124,31.6,31.73,30.7,31.1,192200
CNBKA,20140124,34.43,34.49,33.9,34.01,8700
CNET,20140124,0.8,0.8,0.77,0.8,36200
CNOB,20140124,18.75,18.84,18.28,18.38,60900
CNSL,20140124,19.57,19.68,19.2,19.25,149800
CNTY,20140124,5.82,6.02,5.81,5.9,411500
COCO,20140124,1.62,1.66,1.57,1.57,804300
COHR,20140124,74.93,75.44,72.22,73.45,107000
COHU,20140124,10.8,10.94,10.71,10.91,61000
COKE,20140124,71.57,71.68,70.12,70.31,24700
COLB,20140124,27.74,28.23,27.62,28.01,471900
COLM,20140124,37.34,37.665,37.185,37.27,118800
COMM,20140124,17.5,18.01,17.5,17.81,374500
CONE,20140124,22.08,22.25,21.94,21.97,163500
CONN,20140124,69.77,70.59,69.05,69.49,1111000
COOL,20140124,24.36,24.36,23.52,23.94,611300
CORT,20140124,3.1,3.13,2.98,3.04,290900
COST,20140124,112.61,112.87,111.92,112.13,3203700
COWN,20140124,4.21,4.24,4.12,4.15,750700
CPHC,20140124,11.12,11.12,11.08,11.12,200
CPIX,20140124,4.93,4.98,4.79,4.79,11200
CPLP,20140124,10.1,10.19,9.94,10,258500
CPRT,20140124,17.69,17.83,17.355,17.355,585300
CPRX,20140124,2.04,2.08,1.99,2.04,748200
CPSI,20140124,59.22,59.27,57.79,58.95,132400
CPSS,20140124,9.16,9.2,8.47,8.47,224000
CRAI,20140124,20.86,21.25,19.71,19.79,66000
CREG,20140124,290,290,268,268,77500
CRESW,20140124,0.06,0.06,0.04,0.06,20500
CRESY,20140124,9.68,9.8,8.9,9.11,117600
CRIS,20140124,14.8,14.85,14,14.45,491600
CRMT,20140124,43.12,43.12,42.31,42.51,78800
CRNT,20140124,3.4,3.42,3.23,3.27,240600
CROX,20140124,14.98,15.04,14.72,14.85,998300
CRTO,20140124,37.8,37.84,36,36.14,139100
CRTX,20140124,9.62,9.62,9.49,9.5,99800
CRUS,20140124,20.05,20.14,19.55,19.67,2329600
CRVL,20140124,48.04,48.05,46.08,47.08,31200
CRWS,20140124,7.61,7.88,7.61,7.75,12500
CSCO,20140124,22.4,22.54,22.17,22.2,41252800
CSGP,20140124,177.46,178.7,174.8,176.19,114400
CSGS,20140124,31.87,31.9,30.35,30.62,489600
CSII,20140124,29.06,29.11,28.66,28.85,247900
CSIQ,20140124,39.44,39.44,37.1,37.25,4773900
CSOD,20140124,56.87,57.2,55.56,56.38,371800
CSPI,20140124,7.91,8.01,7.77,7.77,18600
CSQ,20140124,11.03,11.04,10.87,10.88,364400
CSTE,20140124,47.5,47.57,43.95,44.9,434500
CSWC,20140124,34.72,34.75,33.91,34.28,32500
CSX,20140124,26.77,26.84,26.19,26.2,9396300
CTAS,20140124,57.95,58.13,57.1,57.16,535800
CTBI,20140124,42.45,42.81,41.72,41.92,31100
CTG,20140124,17.66,17.75,16.84,17.37,51100
CTHR,20140124,4.22,4.3,4.06,4.08,101100
CTIB,20140124,5.95,5.95,5.95,5.95,300
CTIC,20140124,40.4,40.9,39.1,40,7353900
CTRN,20140124,16.56,16.56,16.28,16.43,59900
CTSH,20140124,48.94,48.995,48.365,48.64,1927600
CTXS,20140124,47.1815,47.4602,46.6481,46.8949,2589700
CUBA,20140124,8.01,8.1,7.89,7.89,15000
CUTR,20140124,9.34,9.43,9.28,9.38,47100
CVBF,20140124,16.03,16.15,15.73,15.81,680900
CVCO,20140124,76,76.1,72.53,73.43,23100
CVCY,20140124,11.25,11.31,11.25,11.31,5200
CVGI,20140124,7.7,7.7,7.41,7.5,112800
CVGW,20140124,31.36,31.7,29.44,29.99,67300
CVLT,20140124,75.61,76.07,73.92,73.93,929600
CVLY,20140124,21.78,21.78,21.35,21.35,800
CVV,20140124,13.6,13.63,12.9,13,75000
CWBC,20140124,7.73,7.73,7.5,7.5,700
CWCO,20140124,14.15,14.29,13.62,13.64,111900
CWST,20140124,5.34,5.4,5.27,5.38,95000
CXDC,20140124,5.01,5.01,4.7,4.76,174300
CYAN,20140124,5.26,5.29,5.1,5.29,2400
CYBE,20140124,7.31,7.33,7.08,7.14,15800
CYCC,20140124,960,960,902.4,921.6,434700
CYCCP,20140124,8.21,8.24,8.2,8.24,500
CYTK,20140124,8.81,8.9,8.23,8.25,431200
CZNC,20140124,19.85,20.13,19.65,19.75,39800
CZR,20140124,22.17,22.29,21.41,21.44,1256700
CZWI,20140124,8,8.01,8,8,1800
DAIO,20140124,2.98,3.48,2.89,3.05,533600
DAKT,20140124,14.64,14.64,14.06,14.18,191400
DCOM,20140124,16.8,17.14,16.8,16.92,118000
DCTH,20140124,92.16,94.72,87.04,87.04,2512800
DENN,20140124,7.09,7.22,6.86,6.9,373100
DGICA,20140124,14.96,15.02,14.66,14.82,24700
DGICB,20140124,24.83,24.83,24.83,24.83,0
DGII,20140124,10.65,10.88,10.23,10.24,499400
DGLY,20140124,8.32,8.5,8.15,8.5,14000
DGRE,20140124,23.53,23.53,23.08,23.22,22900
DGRS,20140124,27.72,27.72,27.49,27.49,3200
DGRW,20140124,27.2,27.2,26.75,26.75,114500
DHIL,20140124,124.94,125.79,118.02,119.8,9100
DIOD,20140124,23.81,24.23,23.34,23.42,114300
DISCA,20140124,79.56,79.97,78.99,78.99,2404300
DISCB,20140124,81.53,81.53,81.53,81.53,0
DISCK,20140124,36.96,37.15,36.685,36.795,697000
DISH,20140124,55.1,55.22,54.37,54.6,2336900
DJCO,20140124,163,163.4,160.11,160.96,3100
DLHC,20140124,3.12,3.2,2.91,2.96,44800
DLTR,20140124,52.13,52.66,51.65,51.67,3257400
DMLP,20140124,25.6,25.76,25.28,25.51,35400
DMRC,20140124,32.35,32.98,30.76,31,49800
DORM,20140124,50.42,50.83,49.79,50.3,234200
DOX,20140124,42.77,43.24,42.4,42.4,939000
DRIV,20140124,18.21,18.33,17.99,18.04,183800
DRRX,20140124,2.17,2.17,2.01,2.11,1103000
DSGX,20140124,13.63,13.66,13.15,13.15,21200
DSPG,20140124,10.19,10.24,10.01,10.05,201400
DSWL,20140124,2.42,2.44,2.42,2.43,24900
DVAX,20140124,19.2,19.4,18.4,18.6,5780900
DWSN,20140124,33.5,33.74,32.9,33.68,148000
DXCM,20140124,37.02,37.25,35.86,36.68,507200
DXGE,20140124,26.62,26.62,26.27,26.27,8300
DXJS,20140124,29.19,29.4,29.08,29.15,136800
DXLG,20140124,5.54,5.58,5.43,5.52,240800
DXPE,20140124,102.64,103.46,98.72,100.1,104600
DXYN,20140124,13.76,14.08,13.53,13.62,33100
DYNT,20140124,4.09,4.1,3.96,4.04,3200
EA,20140124,23.64,23.96,23.39,23.84,5563400
EAC,20140124,19.59,19.79,18.99,19.25,16500
EBAY,20140124,22.9347,23.1368,22.6779,22.8926,24586300
EBIX,20140124,13.88,14.27,13.34,13.45,287000
EBMT,20140124,10.94,11.05,10.9,11,94000
EBSB,20140124,9.7059,9.7222,9.616,9.6609,23800
EBTC,20140124,20.78,20.94,20.5,20.5,6200
ECHO,20140124,21.97,21.97,20.67,20.75,105500
ECOL,20140124,37.28,37.45,36.82,37.02,173700
ECPG,20140124,47.9,48.66,47.16,47.36,309500
EDAP,20140124,3.25,3.26,3.01,3.05,215500
EDUC,20140124,1.925,1.925,1.795,1.82,5500
EEFT,20140124,42.25,42.8,41.87,42.13,464400
EEMA,20140124,54.05,54.05,52.87,52.96,5400
EFSC,20140124,19,19.43,18.41,18.71,85500
EGAN,20140124,9.95,10.02,9.79,9.79,167700
EGBN,20140124,32.49,33.67,32.34,33.3,142400
EGLE,20140124,10105.2,10105.2,9450,9702,754500
EHTH,20140124,59.53,60.16,57.9,58.53,330800
ELSE,20140124,4.2,4.23,4.14,4.14,17900
ELTK,20140124,2.35,2.36,2.23,2.29,85200
EMCB,20140124,74.6,74.6,74.07,74.11,13800
EMCF,20140124,25.57,25.57,24.26,24.26,800
EMIF,20140124,32.4,32.6,32.14,32.16,15800
EMKR,20140124,4.8,4.92,4.71,4.89,398700
EML,20140124,16.36,16.86,16.16,16.43,3500
ENDP,20140124,65.31,67.13,64.93,65.75,2411700
ENG,20140124,1.57,1.57,1.47,1.47,39100
ENPH,20140124,7.59,7.9,7.38,7.61,551700
ENSG,20140124,21.9,21.985,21.25,21.47,62500
ENTA,20140124,30.76,30.98,29.76,30.03,114900
ENTG,20140124,11.25,11.26,10.92,11.01,588900
ENVI,20140124,3.92,4.05,3.8,3.89,139300
EPAY,20140124,34.49,34.63,33.32,33.45,253400
EPZM,20140124,37.74,37.74,34.45,34.94,403600
EQIX,20140124,181.14,187.67,180.15,183.88,2155900
ERIC,20140124,11.69,11.74,11.52,11.54,4006600
ERIE,20140124,70.8,71.08,69.86,70.1,20000
ERII,20140124,4.04,4.1,3.91,4.05,645400
ESBK,20140124,25,25,24.5,24.78,2200
ESCA,20140124,11.63,11.78,11.05,11.49,46900
ESEA,20140124,10.64,11.04,10,10.08,221500
ESGR,20140124,130.71,132.43,130.38,130.89,22600
ESLT,20140124,59.71,59.71,58.73,58.75,22700
ESPR,20140124,15.63,16.24,15.38,15.78,40500
ESSA,20140124,11.56,11.67,11.5,11.55,25400
ESXB,20140124,3.9,3.92,3.86,3.92,14800
EUFN,20140124,25.05,25.13,24.56,24.6,243000
EVK,20140124,5.35,5.48,5.07,5.1,29400
EVOK,20140124,11.9,12.02,11,11.07,178100
EVOL,20140124,10.65,10.71,9.74,10.1,44300
EWBC,20140124,36.4,36.54,35.58,35.73,1064500
EXAS,20140124,14.52,14.66,14,14.27,556500
EXEL,20140124,7.94,8.09,7.62,7.64,8228100
EXLS,20140124,26.51,26.51,26.19,26.27,272700
EXPD,20140124,43.24,43.31,42,42,1201800
EXPE,20140124,65.83,66.49,65.26,66.3,2173000
EXPO,20140124,19.2675,19.2675,18.425,18.7375,48400
EXTR,20140124,7.8,7.93,7.24,7.35,1779400
EZPW,20140124,10.1,10.34,10.06,10.1,517800
FANG,20140124,50.4,50.4,48.01,48.87,837800
FARM,20140124,23.52,23.85,23.5,23.82,43900
FARO,20140124,54.98,55.2,53.5,53.67,112600
FAST,20140124,23.49,23.66,22.505,22.545,5155800
FATE,20140124,6.8,6.95,6.78,6.92,10800
FB,20140124,56.15,56.42,54.4,54.45,55545300
FBIZ,20140124,41.02,41.49,39.36,39.83,18900
FBMS,20140124,14.2,14.6,14,14.04,54100
FBNC,20140124,17.16,17.37,16.95,17.23,54500
FCAP,20140124,20.5,20.5,20.5,20.5,1200
FCBC,20140124,16.42,16.45,16,16.18,34600
FCCO,20140124,10.54,10.54,10.54,10.54,100
FCCY,20140124,10.4,10.41,10.4,10.4,700
FCEL,20140124,210.24,211.68,201.6,201.6,4753200
FCFS,20140124,58.35,58.82,56.78,57.16,264300
FCNCA,20140124,221,223.4,219.21,220.04,15100
FDUS,20140124,22.05,22.05,21.18,21.2,39700
FEIM,20140124,12.35,12.5,12.25,12.29,6300
FELE,20140124,43,43,41.03,41.29,214000
FFBC,20140124,17.58,17.58,17.13,17.33,200200
FFHL,20140124,1.28,1.28,1.22,1.22,31700
FFIC,20140124,20.3,20.3,19.79,20.03,79100
FFIN,20140124,16.375,16.4375,16.04,16.2525,158700
FFIV,20140124,102,106.12,101,104.91,4519100
FFNW,20140124,10.6,10.61,10.51,10.51,27400
FIBK,20140124,26.82,27.1,26.02,26.31,118500
FISI,20140124,22.31,22.4,21.54,21.92,27800
FISV,20140124,28.705,28.715,28.17,28.2,1738900
FITB,20140124,21.35,21.54,21.28,21.32,9540800
FITBI,20140124,25.22,25.31,25.12,25.31,359500
FIVE,20140124,37.42,37.47,35.93,36.93,1410900
FIZZ,20140124,21.03,21.34,20.71,21.16,33300
FLDM,20140124,41.23,41.87,40.51,41.12,377300
FLEX,20140124,7.65,7.7,7.48,7.5,11985600
FLIC,20140124,27.7333,27.7333,26.84,27.0867,9900
FLL,20140124,2.6,2.6,2.54,2.55,22200
FLWS,20140124,5,5.02,4.85,4.92,549200
FLXS,20140124,28.55,28.92,28.04,28.11,16900
FMBI,20140124,16.76,16.76,16.28,16.46,510800
FMNB,20140124,6.89,6.91,6.85,6.85,3100
FNHC,20140124,13.14,13.27,12.8,13.05,52600
FNLC,20140124,17.01,17.13,16.87,17.01,13600
FOLD,20140124,3,3.04,2.88,2.9,453300
FONR,20140124,20.65,20.8,19.4,19.64,309900
FORD,20140124,1.87,1.89,1.76,1.89,34600
FORM,20140124,6.7,6.75,6.6,6.62,240500
FORR,20140124,38.6,38.78,37.95,38.14,25200
FORTY,20140124,26.4,26.4,26.4,26.4,300
FOSL,20140124,113.07,114.2,112.2,113.28,1179900
FOX,20140124,30.72,30.92,30.54,30.69,4141000
FOXA,20140124,31.51,31.59,31.18,31.27,14968900
FOXF,20140124,16.77,16.85,16.54,16.57,156900
FRBA,20140124,6.29,6.3,6.2,6.21,5800
FRBK,20140124,3.24,3.24,3.09,3.16,9000
FREE,20140124,1104000,1116000,1062000,1074000,2129400
FRGI,20140124,43.58,43.82,42.62,43.71,288300
FRME,20140124,21.34,21.36,20.85,20.97,115100
FSBW,20140124,17.2,17.21,16.91,17,7400
FSFG,20140124,23.15,23.15,23.15,23.15,100
FSLR,20140124,49.75,49.99,48.11,48.67,3886500
FSTR,20140124,45.29,45.65,44.02,44.41,34100
FTCS,20140124,32.93,33.05,32.7,32.73,6200
FTEK,20140124,7.4,7.54,6.66,6.94,542700
FTGC,20140124,30.7,30.7,30.7,30.7,600
FTHI,20140124,19.71,19.71,19.71,19.71,500
FTLB,20140124,20.05,20.05,20.05,20.05,0
FTNT,20140124,22.21,22.26,21.6,21.68,8055800
FTSL,20140124,49.84,49.84,49.71,49.78,81000
FULT,20140124,12.55,12.67,12.41,12.52,1342300
FUNC,20140124,8.88,8.88,8.27,8.3,500
FUND,20140124,7.54,7.61,7.48,7.5,14500
FWRD,20140124,44.74,45.62,44.35,44.98,282200
GABC,20140124,19.6533,19.9533,18.6867,19.0333,17100
GAIA,20140124,6.4,6.61,6.39,6.57,12600
GAIN,20140124,8.43,8.43,8.15,8.19,263200
GALT,20140124,12.03,12.38,11.36,11.59,551800
GAME,20140124,5.4,5.97,5.2,5.65,5868600
GASS,20140124,10.03,10.06,9.44,9.76,224800
GBCI,20140124,29.59,29.8,28.74,28.86,592100
GBDC,20140124,18.92,19.02,18.63,18.82,149800
GBLI,20140124,24.57,24.99,24.5,24.72,17100
GCBC,20140124,12.625,12.65,12.625,12.65,300
GENC,20140124,6.3067,6.3067,6.0867,6.16,21800
GENE,20140124,33.8,33.8,32,33,114600
GEOS,20140124,82.22,84.29,80.69,81.92,194800
GERN,20140124,5.62,5.92,5.57,5.62,7124700
GEVO,20140124,7740,7800,7500,7680,916800
GFED,20140124,10.84,10.92,10.8,10.9,22300
GGAL,20140124,8.35,8.64,8.02,8.15,694900
GIFI,20140124,22.54,22.54,21.19,21.34,34100
GIGM,20140124,5.05,6.15,5,5.55,3477700
GIII,20140124,35.305,35.88,34.145,34.535,480900
GILD,20140124,81.76,82.68,79.75,80.62,13365700
GILT,20140124,4.88,4.91,4.8,4.84,20100
GLAD,20140124,10.35,10.37,10.12,10.15,125600
GLBS,20140124,13400,13400,12280,12400,25600
GLBZ,20140124,11.98,11.98,11.98,11.98,0
GLDD,20140124,8.58,8.62,8.38,8.52,307700
GLDI,20140124,14.38,14.4,14.34,14.38,14600
GLNG,20140124,35.13,35.3,34.26,34.46,732900
GLPI,20140124,35,35.39,34.67,34.72,676600
GLRE,20140124,33,33.04,32.13,32.25,83700
GLYC,20140124,9.58,9.71,9.11,9.46,276700
GNMA,20140124,49.2,49.3,48.77,49.05,7200
GNTX,20140124,16.77,16.815,16.375,16.75,1766700
GOGO,20140124,23.58,24.25,23.11,23.22,3095200
GOOD,20140124,18.52,18.63,18.31,18.42,55400
GOODN,20140124,25.77,25.87,25.65,25.65,1200
GOODO,20140124,24.98,25.02,24.7,24.7,7100
GOOG,20140124,575.505,576.775,561.5,561.915,3926300
GPRE,20140124,22,22.18,21.02,21.97,1020200
GRFS,20140124,19.79,19.79,19.32,19.325,271600
GRID,20140124,37.16,37.48,37.16,37.48,800
GRMN,20140124,45.83,46.05,45.12,45.21,970800
GROW,20140124,3,3.4,2.83,3.22,101200
GRPN,20140124,210,213,204.4,205.6,12766300
GRVY,20140124,4.12,5.16,4.12,4.32,819900
GSBC,20140124,29.97,30.76,29.69,29.87,48100
GSIT,20140124,6.69,6.77,6.58,6.62,23900
GSM,20140124,18,18.25,17.33,17.47,437900
GT,20140124,23.7,23.72,22.97,23.04,5982000
GTIM,20140124,3,3,2.98,2.99,17800
GURE,20140124,11.8,12.05,10.85,10.9,421800
GYRO,20140124,7.26,7.31,7.05,7.14,56100
HA,20140124,10.72,10.8,10.48,10.57,1132000
HAFC,20140124,21.57,21.57,21.09,21.15,211000
HAIN,20140124,47.435,47.59,46.72,47.005,642800
HALL,20140124,9.09,9.25,8.86,8.95,38500
HALO,20140124,17.16,18.18,16.26,16.55,2599800
HAS,20140124,51.12,51.52,50.97,51.27,1522900
HAYN,20140124,52.32,52.66,51.63,52.05,46500
HBAN,20140124,9.67,9.69,9.42,9.42,9839900
HBANP,20140124,1270.01,1278,1270.01,1278,100
HBCP,20140124,23.34,23.34,21.05,21.5,4400
HBIO,20140124,4.52,4.52,4.4,4.45,75400
HBMD,20140124,9.25,9.25,9.25,9.25,1000
HBNC,20140124,10.0178,10.1022,9.7778,10.0445,44900
HBP,20140124,4.36,4.36,4.07,4.07,17800
HCCI,20140124,17.23,17.55,17.22,17.26,34900
HCKT,20140124,5.95,5.96,5.79,5.87,57200
HCSG,20140124,28.02,28.32,27.46,27.81,238700
HDSN,20140124,3.6,3.65,3.57,3.6,100700
HEES,20140124,32.5,32.5,31.2,31.54,162900
HELE,20140124,56.49,57.14,55.82,56.45,226400
HERO,20140124,4.82,5.15,4.62,5.11,10547300
HFBL,20140124,17.5,17.5,17.5,17.5,0
HFWA,20140124,17.5,17.77,16.77,17.15,51900
HGSH,20140124,10.22,10.26,9.9,9.9,31100
HIBB,20140124,59.85,60.33,59.31,59.94,236200
HIFS,20140124,78.26,78.5,78.26,78.34,1700
HIHO,20140124,2.78,2.97,2.74,2.76,54500
HIMX,20140124,14.04,14.16,13.52,13.55,7519800
HLIT,20140124,6.7,6.75,6.53,6.6,683200
HMHC,20140124,18.69,19.06,18.65,19,129000
HMNF,20140124,10.45,10.54,10.3,10.3,2100
HMST,20140124,19.52,19.55,19.22,19.38,72700
HMTV,20140124,11.14,12.01,11.14,11.49,42400
HNRG,20140124,8.08,8.08,7.92,7.94,28400
HOFT,20140124,16.41,16.41,15.89,16.01,21700
HOLI,20140124,16.35,16.8,15.47,15.53,567400
HOLX,20140124,21.8,21.81,21.21,21.24,2478100
HOMB,20140124,16.975,17.365,16.645,16.73,222000
HOVNP,20140124,15.55,15.55,15.4,15.46,2000
HRTX,20140124,12.5,12.75,12.4,12.5,123000
HRZN,20140124,14.53,14.54,14.26,14.31,43700
HSIC,20140124,116.32,117.11,114.67,114.96,547000
HSII,20140124,20,20,18.73,19.08,42200
HSKA,20140124,8.83,9.2,8.64,9.18,44400
HSON,20140124,40.7,41,39.5,39.9,47000
HSTM,20140124,30.92,31.1,29.82,30.22,114400
HTBI,20140124,16.05,16.05,15.72,16,52200
HTBK,20140124,8.02,8.21,7.87,8.01,25700
HTBX,20140124,85.6,87.4,82,82.7,12400
HTHT,20140124,6.735,6.8375,6.65,6.665,501600
HTLD,20140124,21.32,21.32,20.42,20.55,419400
HTLF,20140124,25.81,25.88,25.35,25.84,51300
HUBG,20140124,42.45,42.91,41.01,41.16,283100
HURC,20140124,25.27,26.1,25.27,26,20400
HURN,20140124,68.13,68.14,65.48,66.08,471300
HWBK,20140124,12.25,12.25,12.25,12.25,100
HWKN,20140124,35.7,35.98,35,35.65,44800
HYLS,20140124,52.06,52.09,51.6,51.6,9800
HYZD,20140124,25.16,25.16,25.16,25.16,0
HZNP,20140124,8.45,8.55,8.32,8.33,697500
IART,20140124,23.92,23.92,23.03,23.425,254900
IBB,20140124,249.96,250.2,243.96,244.02,1757600
IBCP,20140124,13.39,13.43,13.04,13.17,76100
IBKR,20140124,22.21,22.21,21.88,22.02,800200
IBOC,20140124,25.02,25.41,24.86,25.02,178900
IBTX,20140124,53.56,54.06,51.78,53.62,37100
ICAD,20140124,12.06,12.07,11.71,11.81,53300
ICCC,20140124,4.25,4.25,4.25,4.25,0
ICFI,20140124,35.39,35.39,34.16,34.49,87000
ICLN,20140124,10.33,10.51,10.27,10.27,43500
ICLR,20140124,42.49,42.49,41.42,41.85,324300
ICPT,20140124,322.53,327,294.02,295.25,680000
ICUI,20140124,65.66,66.4,64.37,65.67,117200
IDCC,20140124,28.11,28.2,27.64,27.77,417700
IDRA,20140124,32.56,33.76,31.92,32.16,1280900
IDXX,20140124,57.18,57.18,55.85,56.64,304800
IEP,20140124,114.9,114.94,108.4,110.38,375700
IESC,20140124,6.18,6.24,5.98,6.15,2300
IFGL,20140124,29.9,30.06,29.55,29.55,117900
IGOV,20140124,100.94,101.05,100.64,101.05,33800
III,20140124,5.38,5.39,5.3,5.31,161200
IIN,20140124,4.6,4.6,4.22,4.24,300
IIVI,20140124,16.55,16.8,16.06,16.37,250900
IKNX,20140124,15.17,15.17,14.14,15.17,200
ILMN,20140124,143.5,143.5,136.51,138.62,2219500
IMGN,20140124,16.46,16.46,15.2,15.28,896100
IMKTA,20140124,26.27,26.7,26.15,26.4,86200
IMMR,20140124,11.95,12.06,11.56,11.66,153700
IMOS,20140124,18.9,19.09,18.67,18.86,130000
INBK,20140124,21.43,21.43,20.28,20.28,21700
INCY,20140124,65,65.6,63.55,63.94,2085500
INDB,20140124,37.83,38.02,37.3,37.76,80000
INDY,20140124,22.88,22.88,22.34,22.35,304700
INFI,20140124,14.31,14.33,13.34,13.37,583900
INFN,20140124,7.41,7.41,7.24,7.33,2193500
INOD,20140124,2.72,2.82,2.69,2.73,44400
INSM,20140124,20.5,20.77,19.43,20.17,449000
INTC,20140124,24.88,25.19,24.79,24.81,35200600
INTG,20140124,19.09,19.09,19.09,19.09,300
INTU,20140124,75.32,75.43,73.17,73.24,1778800
INVE,20140124,9.7,10,8.8,9.3,595100
IOSP,20140124,42.6,42.9,42.32,42.58,221600
IPAR,20140124,34.11,34.54,33.67,33.78,140600
IPDN,20140124,24.88,25.6,24.8,25.6,15200
IPGP,20140124,72.39,72.45,68.66,68.78,797300
IPWR,20140124,70.1,72.4,70.1,71,14400
IRBT,20140124,37.17,37.28,35.96,36.32,467800
IRDM,20140124,6.55,6.56,6.46,6.49,1103500
IRIX,20140124,10.46,10.46,8.95,9.07,187100
IROQ,20140124,16.8,16.8,16.8,16.8,200
IRWD,20140124,14.46,14.59,14.2,14.36,1460200
ISBC,20140124,9.902,9.9647,9.8706,9.9451,385300
ISHG,20140124,94.72,94.92,94.72,94.91,19800
ISIG,20140124,2.84,2.84,2.69,2.72,49400
ISLE,20140124,7.66,7.69,7.42,7.47,47300
ISRG,20140124,412.35,426.52,406.25,410.76,1497100
ISSC,20140124,7.58,7.58,7.04,7.1,32600
ITIC,20140124,79.26,79.26,78.28,78.42,1400
ITRI,20140124,42.91,42.91,41.68,41.8,276700
ITRN,20140124,22.47,22.66,21.41,21.74,24000
IVAC,20140124,8.4,8.49,8.2,8.31,66700
JACK,20140124,50.78,51.23,50.66,50.83,339000
JAKK,20140124,62,62.2,60.5,62.1,190300
JAZZ,20140124,157.09,157.85,148.17,149.19,1719800
JBHT,20140124,78.39,78.39,76.3,76.3,893200
JBLU,20140124,9.16,9.17,8.79,8.86,4960900
JBSS,20140124,23.26,23.57,23.25,23.29,18100
JCS,20140124,11.75,11.85,11.5,11.52,10400
JCTCF,20140124,4.85,4.965,4.78,4.895,46100
JJSF,20140124,85.9,85.9,84.3,85.44,52500
JKHY,20140124,58.99,58.99,57.48,57.49,349600
JOBS,20140124,38.72,39.895,37.5,37.5,120200
JOUT,20140124,28,28.14,26.68,28,15600
JRJC,20140124,77.5,78.6,72.9,73.4,444500
JSM,20140124,19.5,19.58,19.26,19.4,67800
JVA,20140124,5.25,5.27,4.93,5.05,119000
KALU,20140124,69.78,70.95,68.32,69,219200
KELYA,20140124,25,25.07,23.84,23.97,229600
KELYB,20140124,24.84,24.84,24.84,24.84,0
KEQU,20140124,16.48,16.48,16,16.04,5900
KFFB,20140124,8.49,8.57,8.49,8.5,900
KFRC,20140124,19.78,19.78,18.79,19.07,126400
KINS,20140124,7.5,7.5,7.34,7.4,7500
KIRK,20140124,19.85,19.85,19.1,19.54,115600
KLAC,20140124,63.24,63.47,61.55,62.07,2513800
KLIC,20140124,11.17,11.17,10.76,10.83,1073300
KMDA,20140124,16.2,16.29,16.1,16.28,15300
KNDI,20140124,12.85,13.06,12.23,12.37,2364300
KOPN,20140124,4.26,4.3,4.02,4.04,141500
KOSS,20140124,5.85,5.85,5.74,5.85,1400
KPTI,20140124,31.01,31.25,30.3,30.54,140400
KRNY,20140124,11.71,11.83,11.65,11.71,14100
KTCC,20140124,11.25,11.26,11.11,11.2,11500
KTOS,20140124,7.5,7.51,7.15,7.22,569700
KVHI,20140124,13.97,14.02,13.75,13.76,24300
LAKE,20140124,6.65,6.8,6.6,6.62,6300
LAMR,20140124,49.76,50.2,49.35,49.71,1648300
LANC,20140124,85.41,85.62,83.92,84.32,65300
LAND,20140124,14.25,14.39,14.05,14.25,14200
LARK,20140124,19.85,19.85,19.62,19.62,1800
LAWS,20140124,15.81,15.94,15.34,15.45,50200
LBAI,20140124,11.84,11.94,11.45,11.71,89300
LBTYA,20140124,43.5309,43.5309,42.4476,42.5498,2371200
LBTYB,20140124,87.2,87.2,87.2,87.2,0
LBTYK,20140124,80.47,80.47,78.61,78.8,908400
LCNB,20140124,17.5,17.6,17.44,17.52,14900
LCUT,20140124,16.43,16.78,16.18,16.28,24000
LECO,20140124,71.11,71.39,67.88,67.93,749100
LEDS,20140124,1.27,1.28,1.13,1.16,401800
LFUS,20140124,92.7,93.04,89.41,92.19,108500
LFVN,20140124,10.71,10.71,10.5,10.57,179800
LGIH,20140124,18.42,18.42,17.25,17.45,78900
LGND,20140124,65.12,65.12,59.23,60.26,460900
LHCG,20140124,23.68,23.68,23.07,23.22,33700
LIFE,20140124,1063.58,1063.72,1063.3,1063.44,3241300
LINC,20140124,5.02,5.02,4.8,4.87,93500
LIVE,20140124,5.55,8.3667,5.35,7.06,2657900
LKFN,20140124,24.4667,24.6667,23.9133,24.1333,68700
LKQ,20140124,26.4,26.52,26.15,26.16,4287800
LLNW,20140124,2.01,2.03,2,2,226400
LMAT,20140124,8.06,8.2,7.96,8.03,22100
LMNR,20140124,22.65,22.94,22.26,22.42,45300
LNDC,20140124,11.11,11.35,11,11.35,240800
LOAN,20140124,1.68,1.69,1.65,1.66,5100
LOGI,20140124,15.44,15.84,15.31,15.46,2615200
LOPE,20140124,48.37,48.94,45.95,45.97,646200
LORL,20140124,76.98,77.21,74.37,74.56,94600
LPLA,20140124,53.51,54.29,52.92,53.31,4502600
LPSN,20140124,14.46,14.46,14.05,14.21,336600
LPTH,20140124,1.65,1.67,1.64,1.66,21800
LQDT,20140124,23.2,23.25,22.91,23.13,269700
LRCX,20140124,53.26,53.45,51.26,51.27,4543100
LSBK,20140124,12.28,12.28,12.28,12.28,0
LSCC,20140124,6.03,6.03,5.86,5.95,1003500
LSTR,20140124,58.2,58.51,57.15,57.2,287200
LTBR,20140124,142.2,143.4,131.4,134.4,135100
LTRX,20140124,2.68,2.68,2.28,2.31,173500
LULU,20140124,47.15,48.17,46.75,47.62,7201300
LUNA,20140124,1.84,1.85,1.61,1.62,1034800
LWAY,20140124,14.11,14.27,14,14.04,13600
LXRX,20140124,13.51,13.79,13.09,13.09,726200
LYTS,20140124,8.92,9.03,8.71,8.79,138200
MACK,20140124,6.16,6.3,6.01,6.08,2339900
MANH,20140124,33.4,33.82,32.67,32.7,643800
MANT,20140124,30.8,30.84,30.33,30.38,344800
MAR,20140124,50.38,50.49,49.75,49.76,3347500
MARK,20140124,5.25,5.46,5.25,5.46,10300
MARPS,20140124,15.61,15.98,15.55,15.96,3300
MASI,20140124,31.28,32.2,30.68,31.08,322100
MAT,20140124,42.64,43.37,42.56,43,4052600
MATW,20140124,42.54,43.79,41.32,42.77,284900
MAYS,20140124,36.06,36.06,36.06,36.06,0
MBII,20140124,18.7,18.95,18.02,18.5,105600
MBWM,20140124,20.94,21.1,20.9,21.01,23100
MCBC,20140124,5.43,5.44,5.33,5.38,110100
MCHP,20140124,44.61,44.9,44.04,44.08,2058000
MCHX,20140124,9.57,9.85,9.55,9.74,164000
MCRI,20140124,18.71,18.94,18.28,18.36,63400
MDIV,20140124,20.95,20.95,20.8,20.85,109400
MDLZ,20140124,34.47,34.48,33.62,33.65,22654900
MDRX,20140124,17.38,17.47,16.82,16.85,2309000
MDXG,20140124,8.22,8.25,7.75,8.02,1061600
MEIP,20140124,8.45,8.53,8.17,8.43,93100
MELI,20140124,97.51,98,94.57,95.05,1573100
MEOH,20140124,58.19,58.47,56.02,56.16,1076000
MERC,20140124,9.73,9.76,9.21,9.27,43500
MGEE,20140124,38.2467,38.3467,37.5933,38.04,76800
MGI,20140124,18.78,18.98,18.4,18.48,150500
MGIC,20140124,8.67,8.9,8.54,8.69,125000
MGLN,20140124,59.97,60.07,59.18,59.47,191100
MGNX,20140124,38.9,39.96,38.62,39.51,72300
MGPI,20140124,5.65,5.67,5.25,5.55,52500
MGRC,20140124,38.52,38.52,37.57,37.85,43900
MGYR,20140124,7.36,7.36,7.36,7.36,0
MHLD,20140124,11.61,11.62,11.28,11.4,678000
MICT,20140124,5.31,5.31,5.21,5.21,1900
MIDD,20140124,84.0167,84.5833,80.91,81.2033,147600
MIND,20140124,16.01,16.04,15.51,15.72,36200
MITK,20140124,6.69,6.8,6.06,6.56,829900
MKSI,20140124,29.61,29.63,29.09,29.26,259900
MKTX,20140124,60.55,62.94,60.55,61.19,183500
MLAB,20140124,77.7,78.33,77.02,77.06,4700
MLHR,20140124,28.96,28.96,27.56,27.85,292400
MLVF,20140124,11.01,11.01,10.82,10.82,4300
MMLP,20140124,43.2,43.67,43.09,43.45,245600
MMSI,20140124,15.27,15.27,14.73,15,145600
MMYT,20140124,21.96,22.25,20.48,21.14,79400
MNDO,20140124,2.19,2.19,2.08,2.1,107000
MNKD,20140124,28.4,28.65,27.4,27.75,7413300
MNOV,20140124,2.35,2.57,2.35,2.5,397700
MNRO,20140124,55.24,55.38,54.12,54.24,274400
MNST,20140124,22.8467,22.9067,22.3267,22.5167,1133200
MNTX,20140124,13.86,14,13.36,13.38,161700
MOFG,20140124,24.9,25.16,24.64,24.8,8000
MORN,20140124,79.5,79.5,77.8,78.3,104500
MOSY,20140124,1080,1080,980,1010,499900
MOVE,20140124,13.99,14.31,13.53,13.54,388400
MPAA,20140124,19.7,19.99,18.56,19.13,235400
MPB,20140124,14.97,14.97,14.45,14.5,2100
MPWR,20140124,34.55,34.55,33.35,33.63,210200
MRCC,20140124,12.77,12.99,12.77,12.88,36800
MRCY,20140124,11.43,11.46,11.21,11.27,140600
MRLN,20140124,28.11,28.25,27.74,27.76,42100
MRTN,20140124,13.5867,13.68,13.1733,13.3733,69200
MRTX,20140124,21.01,21.83,21.01,21.81,61900
MRVL,20140124,15.07,15.1,14.76,14.76,5275500
MSEX,20140124,20.33,20.35,20.1,20.2,40700
MSFT,20140124,37.45,37.55,36.53,36.81,77051800
MSON,20140124,5.2,5.25,4.99,5.03,10400
MSTR,20140124,121.5,122,116.88,119.12,67700
MTEX,20140124,16.49,16.49,15.7,15.75,5300
MTRX,20140124,27.45,27.45,26.38,26.79,126700
MTSI,20140124,16.95,17.04,16.75,16.92,79000
MU,20140124,23.5,23.65,22.91,22.92,30309900
MVIS,20140124,1.31,1.33,1.21,1.26,360500
MYGN,20140124,24.85,26,24.75,25.72,1276200
MYRG,20140124,25.77,25.77,24.67,25.02,74400
NAII,20140124,5.52,5.53,5.08,5.18,34000
NATH,20140124,51.8,51.8,50.5,50.55,5000
NATI,20140124,32.89,32.89,31.86,31.87,406700
NATR,20140124,16.47,16.62,16,16.21,31400
NBIX,20140124,19.15,19.15,17.8,18.1,934000
NBN,20140124,9.4,9.49,9.35,9.42,3700
NBTB,20140124,25.68,25.68,25.14,25.29,148100
NCMI,20140124,19.5,19.5,19.22,19.45,205100
NCTY,20140124,76.5,81.6,74.4,75.9,218100
NDAQ,20140124,38.32,38.6,37.58,37.6,1302300
NDLS,20140124,36.02,36.22,35.1,35.6,192300
NDSN,20140124,71.46,71.86,70.43,70.48,373600
NECB,20140124,7.28,7.39,7.25,7.3,17600
NEO,20140124,4.21,4.24,3.82,3.87,477100
NEOG,20140124,31.6575,32.265,31.1775,31.8675,280400
NEON,20140124,58.5,58.9,57.5,58.1,495200
NEPT,20140124,3.61,3.61,3.41,3.49,419000
NETE,20140124,49,51,49,49.1,4200
NEWT,20140124,15.15,15.15,13.9,14.05,195900
NFBK,20140124,12.81,13.02,12.77,12.99,128100
NFLX,20140124,54.9214,55.8143,54.7686,55.1543,5101800
NICE,20140124,40.93,40.93,40.38,40.58,143900
NICK,20140124,15.74,15.75,15.72,15.73,134100
NKSH,20140124,37.05,37.17,36.03,37.15,12600
NKTR,20140124,13.99,13.99,12.9,12.92,2280000
NMIH,20140124,12.17,12.3,12.07,12.25,14300
NNBR,20140124,17.63,17.89,17.23,17.5,137700
NRIM,20140124,24.76,24.76,24.16,24.3,6700
NSEC,20140124,9.7,10,9.7,10,1200
NSIT,20140124,22.52,22.89,22.04,22.09,147600
NSSC,20140124,7.08,7.1,6.53,6.69,75100
NSTG,20140124,18.3,18.45,17.34,17.78,1268000
NSYS,20140124,5.51,5.62,5.2,5.44,27000
NTAP,20140124,45.66,45.72,43.92,43.96,5440500
NTCT,20140124,36.39,37.38,34.92,35.68,824100
NTES,20140124,15.442,15.574,14.5,14.892,1441300
NTGR,20140124,33.02,33.1,32.35,32.58,376800
NTIC,20140124,9.45,9.45,9.005,9.335,3600
NTRS,20140124,61.26,62.18,61.09,61.13,1977000
NTWK,20140124,6,6.05,5.63,5.73,259700
NUAN,20140124,15.78,15.79,15.35,15.51,4124400
NURO,20140124,81.92,83.2,72,75.2,290700
NUVA,20140124,37.93,37.96,36.82,37.28,529200
NVAX,20140124,125,128.6,123.2,125,4908000
NVDA,20140124,3.96,3.975,3.89,3.89,6206100
NVEC,20140124,58.89,59.21,58,58.86,16700
NVEE,20140124,7.99,7.99,7.86,7.88,1500
NVFY,20140124,32.3,32.3,30.3,31.3,102800
NVMI,20140124,11.02,11.04,10.68,10.73,91400
NWBI,20140124,14.66,14.94,14.55,14.66,737600
NWFL,20140124,28.72,28.94,28.37,28.86,2100
NWLI,20140124,228,229.51,227,228.01,7500
NWPX,20140124,36.23,36.35,34.75,35.82,59100
NWS,20140124,16.71,16.73,16.06,16.15,838700
NWSA,20140124,16.25,16.33,16.01,16.17,7001600
NXPI,20140124,47.76,47.85,45.38,45.58,3633700
NXST,20140124,45.86,46.74,44.61,45.11,1100100
NYMT,20140124,7.05,7.07,7.01,7.04,801700
NYMTP,20140124,20.85,20.9,20.78,20.87,11500
NYMX,20140124,6.4,6.5,6.3,6.42,49800
OBAS,20140124,5.63,5.66,5.54,5.54,800
OBCI,20140124,2.75,2.78,2.7,2.7,8200
OCC,20140124,3.96,3.97,3.8,3.92,8900
OCFC,20140124,18,18.33,18,18.14,24800
ODFL,20140124,55.51,56.6,54.86,55.16,434400
OFED,20140124,17,17,17,17,0
OFIX,20140124,22.73,22.83,21.89,21.93,248100
OFLX,20140124,20.3,20.49,20.13,20.13,2100
OFS,20140124,13.25,13.37,13.2,13.25,15600
OIIM,20140124,3.12,3.15,3.11,3.13,73000
OLED,20140124,32.81,32.93,31.33,31.49,492700
OMAB,20140124,25.9,25.96,24.93,25.2,105400
OMCL,20140124,25.47,25.93,25.39,25.56,224400
OMER,20140124,11.79,12.15,10.99,11.27,525600
OMEX,20140124,25.2,25.68,23.76,24.48,774200
ONB,20140124,14.58,14.78,14.4,14.47,690900
ONCY,20140124,1.89,1.92,1.75,1.81,1413200
ONEQ,20140124,164.64,164.8,162.18,162.52,36600
ONTX,20140124,1942.5,1948.5,1786.5,1803,278500
OPEN,20140124,80.03,80.84,77.54,79.37,434600
OPHC,20140124,16.3,16.3,16.2,16.3,300
OPOF,20140124,13.69,14.23,13.69,14.23,400
ORLY,20140124,133.28,134.42,132.48,132.56,731500
ORMP,20140124,20.32,20.55,19.36,20,405800
ORRF,20140124,16.63,16.75,16.08,16.45,14600
OSBC,20140124,4.6,4.67,4.47,4.67,35000
OSIS,20140124,58.54,58.54,56.78,57.33,304900
OSTK,20140124,28.71,29.41,28.05,28.12,180500
OSUR,20140124,6.66,6.66,6.32,6.36,347000
OTEX,20140124,24.6975,26.0525,24.6975,25.04,2367900
OTTR,20140124,28.42,28.67,28.09,28.34,106500
OVBC,20140124,22.68,22.68,22.68,22.68,0
OVLY,20140124,8.8,9.64,8.8,9.45,16300
OXLC,20140124,17.79,18,17.62,17.73,82200
OXLCO,20140124,23.05,23.24,23.05,23.23,3600
OXLCP,20140124,26.15,26.15,26.15,26.15,200
PAAS,20140124,13.25,13.39,12.58,12.87,2374300
PACB,20140124,7.18,7.42,6.65,6.99,1144200
PACW,20140124,43,43.33,42.55,43,809200
PATK,20140124,15.5555,15.7289,14.9155,15.2889,79900
PAYX,20140124,43.08,43.16,42.07,42.08,3128400
PBCT,20140124,14.61,14.73,14.54,14.58,4824900
PBHC,20140124,14.43,14.43,14.43,14.43,0
PBIP,20140124,10.62,10.62,10.52,10.53,17000
PBPB,20140124,22.68,22.75,21.73,22.3,413400
PCAR,20140124,57.94,57.94,56.21,56.24,2461400
PCH,20140124,40.64,40.96,40.23,40.72,239100
PCOM,20140124,26.9,26.9,25.27,25.76,45900
PCRX,20140124,63.72,64.03,62.45,63.26,368700
PCTI,20140124,8.42,8.43,8.07,8.35,64400
PCYG,20140124,9.67,9.67,9.26,9.37,103100
PCYO,20140124,6.36,6.42,6.03,6.11,71600
PDCE,20140124,48.9,49.37,46.65,46.97,1223400
PDCO,20140124,40.46,40.74,39.79,39.99,1106000
PDEX,20140124,3.4,3.6,3.29,3.57,437500
PDFS,20140124,25.2,25.78,24.66,24.83,131200
PEBK,20140124,15.02,15.16,15.01,15.16,5800
PEBO,20140124,23,23.13,22.61,22.73,29500
PEGA,20140124,23.8,23.8,22.8,23.06,102300
PENN,20140124,12.18,12.21,11.6,11.67,2656800
PERI,20140124,36.87,36.87,35.64,35.82,186000
PESI,20140124,3.61,3.67,3.52,3.53,37500
PETS,20140124,13.28,13.35,13.02,13.05,335400
PFBC,20140124,21.26,21.27,21.03,21.27,28100
PFIN,20140124,7.24,7.3,7.1,7.25,20500
PFLT,20140124,13.68,13.77,13.6,13.73,95500
PFMT,20140124,8.74,8.93,8.72,8.92,679800
PFSW,20140124,9.28,9.3,8.78,8.8,106500
PGC,20140124,18.63,18.78,18.61,18.75,10800
PINC,20140124,36.13,36.57,35.11,35.48,145700
PKBK,20140124,8.8545,9.0364,8.7818,9.0091,15700
PKOH,20140124,50.65,50.85,49.35,50.33,61800
PLAB,20140124,8.33,8.39,8.19,8.25,414700
PLBC,20140124,6.14,6.14,6.05,6.07,5300
PLCE,20140124,55.71,55.71,54.71,55,241700
PLPC,20140124,69.76,69.76,68.32,68.87,11200
PLUG,20140124,2.96,2.99,2.75,2.81,15667400
PLUS,20140124,28.55,28.635,27.835,28.06,12800
PLXS,20140124,41.99,41.99,40.07,40.49,230600
PMBC,20140124,6.35,6.5,6.13,6.41,38600
PMD,20140124,15.77,15.9,15.55,15.8,25500
PME,20140124,3,3.17,2.88,3.17,56400
PNBK,20140124,10.4,10.9,10,10,34000
PNFP,20140124,34.39,34.84,34.15,34.56,258000
PNNT,20140124,11.44,11.44,11.18,11.24,375900
PNQI,20140124,68.17,68.17,66.82,66.83,108800
PNRG,20140124,54.39,54.39,53.45,54.3,400
PODD,20140124,42.59,43.61,42.27,43.28,698300
POOL,20140124,56.95,56.95,55.18,55.32,256300
POWI,20140124,31.06,31.06,29.695,30.035,270300
POWL,20140124,61.31,62,60.98,61.61,87900
PPBI,20140124,16.06,16.49,16.02,16.03,61500
PPC,20140124,16.25,16.43,15.95,15.99,520000
PPSI,20140124,9.9,10.12,9.9,10,8400
PRAA,20140124,52.05,52.96,50.51,50.98,463200
PRFT,20140124,22.05,22.09,20.07,20.56,541300
PRFZ,20140124,96.72,96.72,94.43,94.6,61700
PRGS,20140124,24.86,24.89,24,24.14,178400
PRIM,20140124,32.03,32.23,31.04,31.34,239800
PROV,20140124,14.69,14.74,14.52,14.59,108700
PRPH,20140124,1.75,1.8,1.75,1.76,38000
PRTA,20140124,26.75,26.75,25.03,25.95,173400
PRTS,20140124,2.45,2.46,2.42,2.46,18300
PSCC,20140124,47.67,47.74,47.2,47.25,12600
PSCD,20140124,46.13,46.18,45.5,45.51,14100
PSCE,20140124,44.94,44.97,44.44,44.71,5100
PSCF,20140124,39.06,39.32,38.68,38.9,10500
PSCH,20140124,56.29,56.37,55.2,55.5,57400
PSCI,20140124,46.27,46.27,44.44,44.6,30900
PSCM,20140124,42,42.33,41,41.17,9100
PSCT,20140124,44.46,44.56,43.51,43.74,152100
PSCU,20140124,34.92,34.92,34.69,34.69,3300
PSEC,20140124,11.32,11.33,11.19,11.19,4043100
PSMT,20140124,93.74,95.5,93.17,95.07,260300
PSTI,20140124,43,43.6,41.4,42.2,471800
PTC,20140124,35.94,36.17,35.68,35.73,1050500
PTCT,20140124,21.75,27.67,21.75,26.9,1082400
PTEN,20140124,25.51,25.63,24.8,25.22,2552000
PTIX,20140124,3.72,3.73,3.72,3.72,19500
PTNR,20140124,9.31,9.33,9.16,9.19,75500
PTSI,20140124,19.96,20.2,19.75,19.86,24600
PWOD,20140124,32.3667,32.6333,31.8067,31.8467,8500
PXLW,20140124,6.04,6.08,5.65,5.72,470000
PZZA,20140124,48.74,48.74,47.18,47.31,521200
QABA,20140124,36.07,36.2,35.48,35.67,11900
QADA,20140124,17.48,17.65,17.25,17.3,18600
QADB,20140124,15.9,15.9,15.9,15.9,0
QCLN,20140124,18.95,18.95,18.35,18.41,136600
QCOM,20140124,75.29,75.44,74.06,74.08,12014600
QCRH,20140124,17.08,17.08,17,17,10500
QDEL,20140124,30.98,31.5,30.98,31.32,296400
QIWI,20140124,38.13,39.49,36.64,37.31,675800
QLYS,20140124,28.9,29.03,28.3,28.48,139300
QNST,20140124,8.61,8.65,8.18,8.26,129200
QQEW,20140124,36.29,36.38,35.81,35.83,65800
QQQ,20140124,88.06,88.18,86.71,86.74,64334900
QQQX,20140124,18.3,18.45,18,18,98000
QQXT,20140124,34.56,34.56,34.02,34.02,59700
QTEC,20140124,35.78,35.87,35.28,35.29,49300
QUIK,20140124,62.58,63.98,61.32,61.46,453300
QUMU,20140124,13,13.66,12.96,13.47,15200
QYLD,20140124,25.3,25.3,25.3,25.3,300
RADA,20140124,2.68,2.68,2.68,2.68,100
RAIL,20140124,24.8,25.06,23.59,24.25,147700
RAND,20140124,28.35,28.8,28.35,28.35,3600
RAVN,20140124,38.36,38.65,36.75,37.1,178500
RBCAA,20140124,23.96,24,23.25,23.28,25400
RBCN,20140124,113,113.1,108.9,111.3,319500
RCII,20140124,31.01,31.4,30.95,31.03,979700
RCKY,20140124,14.62,14.75,14.61,14.67,31500
RCMT,20140124,7.16,7.22,6.94,6.97,24800
RCON,20140124,19.35,19.4,17.75,18.3,122900
RDCM,20140124,5.15,5.17,5.05,5.15,7800
RDHL,20140124,12.9,13.1,12.9,13.05,2700
RDI,20140124,7.56,7.58,7.47,7.55,27900
RDNT,20140124,1.81,1.81,1.68,1.74,313100
RDVY,20140124,19.5,19.5,19.3,19.32,3900
RDWR,20140124,18.29,18.3,17.83,17.98,457300
REFR,20140124,6.64,6.64,6.16,6.24,103000
REGI,20140124,10.52,10.64,10.24,10.3,828900
REGN,20140124,288.01,288.53,279.01,279.61,758000
RELL,20140124,12.01,12.02,12,12,15500
RENT,20140124,55.6,56.2,53.65,55,78600
RFIL,20140124,6.8,6.84,6.45,6.51,179300
RGCO,20140124,12.7733,12.84,12.6,12.7933,2200
RGEN,20140124,14.31,14.52,13.24,14.28,780600
RGLD,20140124,56.93,57.52,54.92,55.99,995400
RGLS,20140124,100.2,100.2,92.76,96.12,173400
RIBT,20140124,5.9,6.19,5.42,5.55,109400
RICK,20140124,11.27,11.36,10.97,11.02,73500
RIGL,20140124,3.33,3.35,3.27,3.3,590200
RMBS,20140124,9.09,9.17,8.95,8.99,1265000
RMCF,20140124,12.06,12.11,11.55,11.6,30700
RMTI,20140124,11.06,11.2,10.59,10.59,670100
RNA,20140124,6.11,6.18,5.95,6.05,401500
RNST,20140124,30.19,30.19,29.8,30.14,243300
RNWK,20140124,7.6,7.7,7.47,7.51,43200
ROCK,20140124,17.97,18.09,17.7,17.82,120300
ROIC,20140124,14.72,14.72,14.35,14.46,310500
ROLL,20140124,67.68,67.74,66.13,66.87,52600
ROST,20140124,33.88,34.315,33.855,33.915,2560700
RPRX,20140124,21.55,21.67,20.31,20.4,322300
RRGB,20140124,65,65.2,64.64,64.92,216400
RUSHA,20140124,19.5333,19.5333,18.5933,18.7933,84700
RUSHB,20140124,16.4333,16.4333,15.6,15.76,5700
RUTH,20140124,12.94,12.94,12.35,12.56,324600
RVSB,20140124,3.1,3.12,3.06,3.06,28400
RYAAY,20140124,49.9,50.22,48.68,49.02,370700
SAFM,20140124,75.7,76.28,74.27,74.63,255000
SAFT,20140124,56,56.28,55.01,55.2,33800
SAIA,20140124,33.35,33.35,32,32.91,214300
SAL,20140124,27.25,27.25,26.35,26.98,6800
SALM,20140124,8.9,8.9,8.49,8.6,34100
SAMG,20140124,16.01,16.47,15.98,16.02,15200
SANM,20140124,16,16.06,15.21,15.24,997700
SANW,20140124,6.86,6.9,6.59,6.71,69000
SASR,20140124,26.64,26.87,25.61,25.9,77500
SATS,20140124,39.1138,39.1138,37.3263,38.22,317400
SBAC,20140124,92.3,92.72,89.9,89.95,1813000
SBCF,20140124,12.36,12.51,12.08,12.32,64600
SBFG,20140124,8.26,8.39,8.2,8.26,8600
SBGI,20140124,30.52,31.11,29.8,30.11,1377000
SBLK,20140124,63.75,64,60.15,60.5,311200
SBNY,20140124,125.01,126.08,123.11,123.98,422100
SBRA,20140124,27.86,28.74,27.86,28.47,432500
SBSI,20140124,27.38,27.74,27.31,27.51,36200
SBUX,20140124,37.345,38.08,37.055,37.49,16609200
SCHL,20140124,34.33,34.33,33.11,33.16,237800
SCHN,20140124,29.37,29.37,27.9,28.11,448800
SCOR,20140124,28.04,28.04,27.51,27.89,157600
SCSC,20140124,40.72,41.57,40.55,40.84,144500
SCVL,20140124,23.99,24.13,23.59,24.03,77500
SEAC,20140124,12.2,12.27,12,12.15,266100
SEED,20140124,23.1,23.3,21.3,21.7,391200
SEIC,20140124,34.52,34.65,33.68,33.76,805200
SENEA,20140124,29.56,29.92,29.4,29.51,11500
SENEB,20140124,30,30,29.89,30,800
SFBC,20140124,16.8,16.85,16.8,16.82,8300
SFM,20140124,37.04,37.4,35.33,35.56,1144100
SFNC,20140124,18.465,18.645,18.22,18.335,51700
SFST,20140124,13.3,13.3,13.3,13.3,100
SGC,20140124,16.25,16.41,15.86,15.95,8400
SGEN,20140124,46.92,46.98,45.31,45.45,1189500
SGMA,20140124,9.41,9.43,9.3,9.3,11800
SGMO,20140124,19.19,19.48,18.8,18.92,856900
SGMS,20140124,15.02,15.43,14.37,14.38,1208700
SGOC,20140124,13.64,13.64,13.28,13.32,87300
SGRP,20140124,1.91,1.98,1.86,1.86,7600
SHBI,20140124,9.22,9.25,9.15,9.25,6400
SHEN,20140124,12.21,12.21,11.77,12.08,46300
SHIP,20140124,2136,2136,1740,1848,38200
SHOO,20140124,21.8,22.0933,21.8,21.9,620500
SHY,20140124,84.43,84.5,84.43,84.47,781200
SIEB,20140124,1.67,1.67,1.67,1.67,600
SIFY,20140124,1.95,2.04,1.93,1.98,206300
SIGA,20140124,3.65,3.72,3.48,3.49,221600
SIGI,20140124,24.87,24.99,24.35,24.49,132800
SILC,20140124,59.1,62.63,59.1,61,259400
SIMO,20140124,15.14,15.14,14.65,14.92,511800
SINO,20140124,13.3,13.45,12.45,12.5,17100
SIRI,20140124,3.7,3.7,3.62,3.64,61041000
SIVB,20140124,115,121.92,112.95,113.97,1094800
SKYW,20140124,14.81,14.83,14.04,14.12,535100
SKYY,20140124,27.21,27.34,26.92,26.92,95300
SLAB,20140124,44.42,44.42,43.24,43.33,452500
SLGN,20140124,23.8,23.8,22.705,22.8,238800
SLM,20140124,8.2714,8.3429,8.2071,8.2179,8095700
SLMBP,20140124,68.5,69.4,67.88,68.19,2300
SLP,20140124,5.39,5.44,5.31,5.38,18900
SLRC,20140124,23,23.05,22.62,22.78,160100
SLVO,20140124,15.88,15.92,15.61,15.72,5700
SMBC,20140124,16.415,16.415,16.415,16.415,1100
SMCI,20140124,20.73,21.47,20.4,20.98,1185100
SMED,20140124,4.66,4.7,4.5,4.65,17600
SMIT,20140124,2.55,2.55,2.55,2.55,1000
SMMF,20140124,9.64,9.9,9.02,9.75,14700
SMPL,20140124,16.43,16.43,16.17,16.38,5500
SMSI,20140124,7.04,7.04,6.72,6.76,144100
SMTC,20140124,23.7,23.93,23.1,23.22,688800
SNCR,20140124,30.23,30.23,29.25,29.55,371600
SNFCA,20140124,4.51,4.6,4.27,4.37,27300
SNPS,20140124,40.9,40.9,40.09,40.11,519100
SOCL,20140124,21,21.03,20.51,20.53,262500
SOHO,20140124,5.75,5.77,5.6,5.76,34900
SOHU,20140124,74,75.42,71.57,72.31,829500
SOXX,20140124,73.1,73.22,71.78,71.83,375300
SP,20140124,25.46,25.73,25.36,25.59,47300
SPBC,20140124,20.26,20.26,20.26,20.26,200
SPCB,20140124,6.56,6.64,6,6.15,257000
SPLK,20140124,81.72,82.71,76.91,76.99,2185800
SPNS,20140124,7.23,7.24,6.92,7.06,88300
SPPI,20140124,10.14,10.16,9.55,9.56,1118700
SPRO,20140124,2.47,2.47,2.44,2.44,1500
SPSC,20140124,67.78,67.78,66.16,66.89,75900
SPTN,20140124,23.3,23.37,22.72,22.77,116600
SPWR,20140124,32.21,32.38,30.59,31.14,3569500
SQQQ,20140124,4540,4752,4528,4752,2524200
SRCE,20140124,31.47,31.72,30.7,31.03,38600
SRCL,20140124,117.08,117.71,115.88,116.36,491600
SRDX,20140124,25.17,25.26,24.53,24.6,54700
SREV,20140124,8.5,8.53,8.22,8.32,1445600
SRNE,20140124,10.2,10.59,9.64,10.03,141900
SRPT,20140124,27.23,27.49,24.8,25.44,2158000
SSBI,20140124,10.65,10.65,10.65,10.65,200
SSNC,20140124,42.75,43.27,42.51,42.69,335100
SSYS,20140124,124.64,124.64,118.25,121.41,1520800
STAA,20140124,16.25,16.41,16,16.24,215400
STBA,20140124,24.48,24.68,24.36,24.57,57900
STFC,20140124,21.47,21.5,20.95,21.25,29200
STKL,20140124,10.09,10.15,9.6,9.67,454800
STLD,20140124,17.5,17.5,16.95,16.96,2819500
STRA,20140124,39.27,39.27,37.4,37.5,335700
STRL,20140124,11.44,11.44,10.99,11.11,27300
STRM,20140124,6.45,6.62,6.45,6.5,16100
STRN,20140124,4.99,4.99,4.99,4.99,900
STRS,20140124,16.96,17.33,16.96,17.3,2100
STRT,20140124,51.61,55,44.26,47.05,58600
STSA,20140124,34.1,34.11,33.34,33.45,100600
STX,20140124,60.32,60.44,58.46,58.57,3513200
SUMR,20140124,18.45,18.45,17.64,17.73,71200
SUNS,20140124,18.32,18.32,18.15,18.26,53200
SUPN,20140124,9.51,9.65,9.09,9.14,533600
SURG,20140124,3.69,3.71,3.5,3.54,697900
SVBI,20140124,4.9,4.9,4.69,4.69,44500
SVVC,20140124,23.55,23.56,23.31,23.48,67700
SWIR,20140124,22.75,22.85,21.71,21.91,745700
SWKS,20140124,31.29,31.35,30.66,30.77,3002800
SYBT,20140124,20.1667,20.2533,19.86,19.8867,24500
SYNA,20140124,58.91,63.76,58.26,60.26,4514600
SYNL,20140124,15.22,15.5,15.12,15.21,6100
SYPR,20140124,3.14,3.14,2.93,3.06,14700
TACT,20140124,11.91,12,11.85,11.85,41800
TAIT,20140124,1.18,1.23,1.11,1.14,11000
TAST,20140124,6.42,6.47,6.17,6.27,62100
TATT,20140124,8.26,8.28,8.21,8.24,4100
TAYD,20140124,8.12,8.2,8.1,8.11,5900
TBBK,20140124,18.21,19.24,17.94,18.9,570100
TBNK,20140124,22.65,22.7,22.34,22.55,53700
TCBI,20140124,60.63,60.79,59.9,60.25,1921700
TCBK,20140124,27.15,27.25,26.66,26.79,101300
TCFC,20140124,19.98,20.5,19.38,19.98,5600
TCPC,20140124,17.38,17.6,17.14,17.23,336700
TCX,20140124,12.97,13.19,12.8,13,48700
TDIV,20140124,24.35,24.35,24.01,24.07,84800
TECH,20140124,91.58,92.78,90.26,90.45,232300
TESS,20140124,36.7,37.32,33.15,33.61,142700
TFSL,20140124,11.58,11.69,11.42,11.57,252100
TGA,20140124,8.42,8.46,8.26,8.39,87500
TGLS,20140124,10.03,10.03,9.64,10,7600
TGTX,20140124,5.45,5.67,5.28,5.54,394300
THFF,20140124,33.28,33.95,32.74,33.47,14600
THRM,20140124,27.26,27.43,26.21,26.45,353200
THRX,20140124,38.17,38.24,37.13,37.6,1494000
TIGR,20140124,1.74,1.78,1.72,1.73,2200
TILE,20140124,22.21,22.21,21.33,21.45,482600
TIPT,20140124,8.18,8.18,7.65,7.73,2300
TITN,20140124,17.5,17.57,17.13,17.2,231000
TLT,20140124,107.18,107.49,106.99,107.48,11514500
TNDM,20140124,25.97,26,25,25.41,80200
TNXP,20140124,16500,16750,15310,15680,1598400
TOPS,20140124,12810000,13230000,12810000,13230000,2100
TOWN,20140124,15.42,15.55,15.07,15.17,39600
TQQQ,20140124,10.3383,10.3767,9.855,9.8567,3103800
TREE,20140124,32.05,32.62,31.33,32.25,64800
TRIB,20140124,26.34,26.48,25.38,25.68,105900
TRIP,20140124,80.44,81.42,80.25,80.36,2305200
TRMB,20140124,33.69,33.91,32.45,32.52,1761900
TRMK,20140124,26.05,26.24,25.75,25.87,311100
TRNS,20140124,8.73,8.87,8.5,8.85,13800
TROW,20140124,79.2,79.41,77.21,77.38,3172700
TRS,20140124,37.97,38.04,36.74,37.02,233200
TRST,20140124,6.92,6.96,6.76,6.81,300400
TSBK,20140124,10.6,10.83,10.45,10.59,2400
TSC,20140124,13.39,13.65,13.3,13.6,160200
TSCO,20140124,71.21,71.58,70.11,70.18,2583700
TSEM,20140124,6.15,6.16,6.01,6.02,130500
TSLA,20140124,35.6,36.096,34.706,34.92,7711200
TSRI,20140124,3.13,3.14,3.06,3.06,2400
TTEC,20140124,23,23.11,22.26,22.28,162300
TTEK,20140124,29.58,29.8,29.25,29.35,470600
TTGT,20140124,6.91,7.06,6.87,7.05,59000
TTMI,20140124,8.52,8.52,8.08,8.24,1069800
TTWO,20140124,18.35,18.59,18.04,18.46,2727700
TW,20140124,123.99,123.99,121.07,122,707100
TWIN,20140124,26.75,27.73,25.52,25.69,14200
TXN,20140124,43.79,44.03,42.88,42.95,10931600
TXRH,20140124,25.15,25.35,24.58,24.84,1415800
TZOO,20140124,24.37,24.37,23.35,23.61,123000
UBCP,20140124,8.95,9,8.86,8.86,600
UBFO,20140124,5.08,5.08,4.98,5.01,2500
UBOH,20140124,15.44,15.44,15.27,15.28,1400
UBSI,20140124,29.77,30.01,29.42,29.64,293300
UCBI,20140124,17.91,18,17.38,17.65,408200
UCTT,20140124,11.97,11.97,11.41,11.58,246700
UEIC,20140124,36.76,36.85,35.58,36.13,54500
UEPS,20140124,8.42,8.44,8.27,8.32,60100
UFCS,20140124,26.66,26.92,26,26.53,55200
UFPI,20140124,53.35,53.59,51.46,51.91,98100
UFPT,20140124,26.12,26.2,25.14,25.23,14800
UG,20140124,28.62,28.62,28,28.01,1900
UHAL,20140124,241.09,241.09,225,225.25,101300
UIHC,20140124,12.55,12.89,12.45,12.84,73100
ULBI,20140124,3.56,3.64,3.49,3.49,3700
ULTA,20140124,83.86,86.98,83.32,83.97,1659900
UMBF,20140124,66.49,67.04,65.83,66.24,123600
UMPQ,20140124,19.12,19.13,18.68,18.74,1108800
UNAM,20140124,13,13.22,13,13.08,14100
UNB,20140124,22.77,24.34,22.77,23.8,500
UNTY,20140124,7.65,7.69,7.65,7.69,4400
URBN,20140124,36.32,36.4,35.9,36,1351200
USAK,20140124,13.63,13.84,13.44,13.77,21300
USAP,20140124,34.18,34.99,33.72,34.2,37100
USEG,20140124,210,211.2,199.8,202.8,149000
USLM,20140124,57.95,57.95,55.71,55.79,9100
UTHR,20140124,111.6,111.76,107.06,107.54,587700
UTMD,20140124,54.65,56.45,53.45,54.64,4900
UTSI,20140124,2.69,2.69,2.58,2.58,127200
UVSP,20140124,18.65,18.7,18.18,18.38,263300
VALU,20140124,14.94,14.94,13.49,14.17,25600
VBFC,20140124,24.32,24.96,24.32,24.8,4300
VCIT,20140124,84.14,84.2,83.83,83.91,303600
VCLT,20140124,85.38,85.61,85.12,85.32,42300
VCSH,20140124,79.98,80,79.85,79.88,907000
VCYT,20140124,15.69,16.03,15.01,15.92,35100
VECO,20140124,37.55,37.55,36.66,36.79,433900
VGIT,20140124,63.49,63.49,63.39,63.43,22100
VGLT,20140124,67.32,67.5,67.29,67.49,30000
VGSH,20140124,60.89,60.91,60.86,60.87,62300
VIA,20140124,82.4,83.33,81.57,81.75,22900
VICR,20140124,11.81,11.87,11.23,11.55,65300
VIEW,20140124,2.35,2.37,2.33,2.34,25500
VIRC,20140124,2.66,2.73,2.5,2.52,21300
VIVO,20140124,25.35,25.36,24.68,24.75,310400
VLGEA,20140124,29.52,29.67,28.53,28.82,15200
VMBS,20140124,51.65,51.77,51.64,51.74,57600
VNDA,20140124,13.1,13.16,12.65,12.9,1012900
VNET,20140124,21.72,21.95,21.15,21.41,823500
VNQI,20140124,53.24,53.31,52.41,52.42,396100
VOD,20140124,38.49,38.6,38.02,38.04,11397200
VONE,20140124,84,84.01,82.7,82.7,24300
VONG,20140124,87.15,87.38,85.98,85.98,17100
VONV,20140124,80.73,80.91,79.93,80.03,7500
VOXX,20140124,14.37,14.37,13.82,14.01,129300
VRA,20140124,24.23,24.5,23.88,24.23,417100
VRNT,20140124,47.09,47.29,46.36,46.48,334300
VRSK,20140124,63.31,64.03,63.25,63.57,902300
VRSN,20140124,61.9,61.95,60.37,60.37,1110300
VRTS,20140124,198.71,198.71,189.13,190.98,152100
VRTX,20140124,82.67,83.12,79.75,79.77,1868000
VSAT,20140124,62.38,62.38,61.2,61.79,199800
VSEC,20140124,24.1,24.5,23.525,23.54,7700
VSTM,20140124,13.6,13.68,12.86,13.63,207900
VTHR,20140124,83.95,84.26,83.5,83.51,7800
VTIP,20140124,49.35,49.36,49.29,49.32,107500
VTNR,20140124,3.31,3.4,3.3,3.37,54100
VTWG,20140124,99.62,99.62,97.46,97.46,14000
VTWO,20140124,92.2,92.3,90.34,90.6,30300
VTWV,20140124,85.18,85.18,83.66,83.83,10800
VWOB,20140124,76.49,76.49,76.25,76.25,22500
VXUS,20140124,51,51.11,50.28,50.29,355300
WABC,20140124,52.53,52.91,51.79,52.3,218300
WAFD,20140124,22.56,22.79,22.5,22.53,418500
WASH,20140124,35.73,35.73,34.5,34.67,24400
WDAY,20140124,90.59,90.89,88.88,88.99,869000
WDC,20140124,86.08,87.38,84.99,85,2574300
WDFC,20140124,70.25,71.02,70,70.3,67400
WEN,20140124,9.13,9.15,9.01,9.05,7607700
WERN,20140124,26.32,26.55,25.84,25.92,436400
WETF,20140124,17.3,17.35,16.17,16.44,7226100
WEYS,20140124,28.39,28.69,27.63,27.79,5900
WHF,20140124,14.68,14.75,14.5,14.57,30500
WHLR,20140124,36,36.8,35.84,36.8,14700
WILC,20140124,8.33,8.39,8.27,8.32,22100
WINA,20140124,84.22,84.22,81.17,82.58,4400
WIRE,20140124,56.25,56.46,52.75,53.6,121000
WIX,20140124,29.46,30.1,27.4,28.33,180700
WLDN,20140124,4.85,4.86,4.8,4.82,24600
WLFC,20140124,17,17.45,17,17,16500
WOOD,20140124,51.75,51.75,51.1,51.22,22600
WOOF,20140124,32.82,33.18,32.06,32.06,444700
WPRT,20140124,17.91,18,17.5,17.67,922500
WRLD,20140124,87.3,88.51,85.85,87.06,133900
WSBC,20140124,29.9,29.9,28.9,29.16,54500
WSBF,20140124,10.6,10.63,10.52,10.56,1251600
WSFS,20140124,24.5167,24.66,24.0333,24.31,60600
WSTG,20140124,14.81,14.99,14.5,14.78,22100
WTBA,20140124,14.69,15.42,14.69,14.69,16900
WTFC,20140124,46.95,46.95,45.78,46.32,309500
WVFC,20140124,11.82,11.82,11.82,11.82,200
WVVI,20140124,6.07,6.26,6.07,6.26,10300
WWD,20140124,44.41,44.41,43.64,44.06,785100
WYNN,20140124,203.59,204.34,192.96,193.14,3093800
XLNX,20140124,47.7,47.85,46.85,46.86,3550400
XLRN,20140124,50.18,51.67,48.69,49.03,291500
XNCR,20140124,8.47,8.75,8.15,8.49,145000
XOMA,20140124,162,162.6,145.8,150.2,2736300
XONE,20140124,53.8,53.95,50.5,50.59,883300
XRAY,20140124,46.71,46.91,45.83,45.84,1526000
XRTX,20140124,13.25,13.27,13.21,13.26,1066400
XTLB,20140124,18.7,18.95,18.1,18.1,8900
YNDX,20140124,39.53,40.15,37.56,38.02,6492400
YORW,20140124,20.86,21,20.56,20.69,17800
YY,20140124,61.24,63.48,58.15,59.79,2951700
Z,20140124,82.41,83.12,79.63,80.78,1336900
ZBRA,20140124,53.2,53.57,52.67,53.08,248500
ZEUS,20140124,28.52,29.3,28.34,28.5,34600
ZGNX,20140124,34.72,34.96,34.08,34.72,1787400
ZION,20140124,31.04,31.07,30.22,30.23,2516100
ZIOP,20140124,4.72,4.77,4.55,4.58,900100
ZIXI,20140124,4.71,4.71,4.57,4.61,265700
ZNGA,20140124,3.51,3.53,3.31,3.5,27882300
ZUMZ,20140124,22.51,22.55,22.07,22.19,217800
