AAL,20141120,43.7,44.72,43.2,44.16,9431400
AAME,20141120,3.82,3.86,3.72,3.86,3600
AAOI,20141120,12.25,12.65,12.03,12.61,390400
AAON,20141120,19.93,20.5,19.74,20.45,144500
AAPL,20141120,28.7275,29.215,28.7125,29.0775,43395500
AAWW,20141120,42,43.48,41.45,43.21,214500
AAXJ,20141120,61.64,61.8,61.58,61.69,232600
ABCB,20141120,25.32,25.5,25.14,25.34,109300
ABIO,20141120,112.14,114.66,97.02,100.8,485500
ABMD,20141120,34.34,35.13,34.09,35.05,630400
ACAD,20141120,27.26,28.25,27.24,27.74,854000
ACET,20141120,20.96,21.3,20.87,21.19,134200
ACGL,20141120,18.9833,19.1333,18.9833,19.0533,320800
ACHC,20141120,61.7,62.42,61.11,62.17,158300
ACIW,20141120,19.44,19.52,19.35,19.5,550300
ACLS,20141120,8.52,8.64,8.4,8.6,284000
ACNB,20141120,19.91,19.99,19.9,19.95,1900
ACOR,20141120,34.95,36.22,34.82,36.09,483800
ACRX,20141120,6.5,6.71,6.47,6.62,272000
ACST,20141120,4.3,4.4,4.3,4.4,104500
ACTG,20141120,17.85,18.38,17.84,18.32,218600
ACWI,20141120,59.66,59.96,59.5,59.92,578200
ACWX,20141120,44.74,45.02,44.74,44.94,377300
ADBE,20141120,70.34,70.55,70.02,70.44,2250400
ADES,20141120,19.79,20.8,19.79,20.69,95600
ADI,20141120,50.35,51.2,50.35,51.17,1762600
ADMA,20141120,11.76,12.1,11.57,12.08,3700
ADMP,20141120,3.84,3.99,3.82,3.93,14800
ADMS,20141120,14.54,14.99,14.45,14.73,33700
ADP,20141120,84.28,84.42,83.6,84.11,2507400
ADRE,20141120,38.62,38.67,38.34,38.56,12800
ADSK,20141120,58.66,59.13,58.29,58.41,3485000
ADTN,20141120,18.83,19.58,18.7,19.55,753600
ADUS,20141120,21.66,21.98,21.53,21.86,27300
ADXS,20141120,43.8,44.85,43.2,44.85,51700
AEHR,20141120,2.43,2.47,2.35,2.41,13600
AEIS,20141120,19.04,20,19.04,20,369500
AERI,20141120,24.75,25.49,24.75,24.98,154300
AEY,20141120,2.62,2.65,2.62,2.64,11700
AEZS,20141120,53,56,52,53,1150300
AFMD,20141120,5.74,6.22,5.29,5.65,21900
AGEN,20141120,2.91,2.98,2.88,2.97,196500
AGIO,20141120,94.15,95.97,91.52,93.01,1084400
AGNC,20141120,23.13,23.23,23.02,23.19,2348700
AGNCP,20141120,26,26.15,25.97,25.97,5300
AGRX,20141120,5.82,5.9,5.82,5.87,20400
AGTC,20141120,19.92,20.36,19.28,19.41,245800
AGYS,20141120,11.74,11.85,11.65,11.83,30000
AGZD,20141120,49.5,49.5,49.46,49.46,6900
AHPI,20141120,1.53,1.6,1.48,1.52,49800
AIMC,20141120,30,30.51,29.89,30.49,164000
AINV,20141120,24.78,24.96,24.69,24.84,1487400
AIQ,20141120,22.7,22.88,22.54,22.7,9900
AIRR,20141120,18.42,18.7,18.2,18.7,20700
AIRT,20141120,16.31,16.6,16.31,16.51,9400
AKAM,20141120,61,63.15,60.67,63.12,1700900
AKBA,20141120,15.46,15.46,14.35,14.81,197700
ALCO,20141120,36.74,36.84,36.35,36.57,7600
ALDX,20141120,7.55,7.67,7.03,7.25,6900
ALGN,20141120,54.08,55.13,53.66,55.13,423000
ALGT,20141120,132.72,133.17,131.04,132.57,69500
ALIM,20141120,5.42,5.49,5.24,5.43,100800
ALKS,20141120,54.33,55.4,53.69,55.24,674600
ALLT,20141120,9.99,10.17,9.97,10.11,155800
ALNY,20141120,88.78,90.39,87.88,89.74,359400
ALOT,20141120,13.95,14.22,13.95,13.95,9300
ALTR,20141120,35.49,35.99,35.49,35.84,2098400
AMAT,20141120,22.49,22.7,22.37,22.63,9402400
AMBA,20141120,48.5,50.84,47.5,50.6,1348100
AMCX,20141120,62,62.63,61.58,62.52,219700
AMD,20141120,2.6,2.72,2.59,2.69,15043800
AMED,20141120,24.83,25.63,24.75,25.61,157200
AMGN,20141120,162.21,164.83,161.75,162.68,3208800
AMKR,20141120,6.87,7.02,6.63,6.77,2037000
AMNB,20141120,23.32,23.71,23.25,23.71,14200
AMOT,20141120,19.85,20.08,19.6,19.99,59700
AMPH,20141120,10.17,10.48,10.13,10.48,52100
AMRK,20141120,9.74,10,9.72,10,38300
AMRN,20141120,1.23,1.31,1.18,1.24,1863400
AMRS,20141120,42,44.1,41.25,43.95,50700
AMSC,20141120,10.3,10.6,10.2,10.4,281300
AMSF,20141120,40.5,41,40.5,40.93,105700
AMSWA,20141120,9.07,9.23,9.05,9.13,13500
AMTX,20141120,5.98,6,5.83,5.91,164300
AMWD,20141120,39.6,41.01,39.6,40.57,66100
AMZN,20141120,324,332.67,323.33,330.54,3436700
ANAT,20141120,115.1,115.1,113.58,113.58,5500
ANDE,20141120,55.68,57.17,55.33,57.01,248500
ANGI,20141120,5.63,5.82,5.55,5.78,1068200
ANGO,20141120,17,17.35,16.79,17.3,228000
ANIK,20141120,39.83,40.3,39.5,40.11,133500
ANIP,20141120,55.23,56.69,54.81,55.74,176200
ANSS,20141120,79.13,79.87,78.91,79.79,324700
ANY,20141120,8.13,8.68,7.4,7.98,92700
AOSL,20141120,8.34,8.73,8.34,8.63,48300
APDN,20141120,108.8,108.8,106,107.6,165700
APEI,20141120,35.13,35.35,34.73,35.21,123500
APOG,20141120,45.08,45.96,44.85,45.91,129300
APTO,20141120,6.81,6.81,6.37,6.51,17500
APWC,20141120,2.5,2.5,2.5,2.5,700
ARAY,20141120,7.15,7.29,7.12,7.22,821400
ARCB,20141120,41.6,42.89,41.17,42.78,178800
ARCC,20141120,16.36,16.42,16.27,16.41,1430700
ARDX,20141120,20.86,22.18,20.68,22.17,16700
ARKR,20141120,21.71,21.71,21.69,21.71,300
ARLP,20141120,46.33,46.73,45.62,46.64,161400
ARNA,20141120,40.5,41.8,40.1,41.8,2586800
AROW,20141120,25.68,25.95,25.46,25.93,73200
ARRY,20141120,3.53,3.72,3.51,3.71,1294800
ARTNA,20141120,21.91,21.91,21.47,21.67,37600
ARTW,20141120,5.41,5.54,5.32,5.54,9100
ARWR,20141120,5.6,5.82,5.55,5.74,2138200
ASMB,20141120,8.45,8.66,8.43,8.56,13100
ASML,20141120,104.53,106.08,104.33,105.91,584200
ASPS,20141120,52.54,56.55,52.48,55.97,595400
ASRV,20141120,3.09,3.09,3.05,3.06,7700
ASTC,20141120,2.74,2.92,2.59,2.7,218500
ASTE,20141120,37.77,39.42,37.77,39.25,78100
ASUR,20141120,5.12,5.23,4.94,5.1,2800
ASYS,20141120,9.98,10.4,9.84,10.25,46000
ATAI,20141120,3.88,3.88,3.85,3.85,400
ATAX,20141120,5.69,5.7,5.65,5.69,85600
ATEC,20141120,16.44,16.56,16.44,16.44,103700
ATHX,20141120,1.42,1.44,1.39,1.42,182800
ATLC,20141120,2.54,2.55,2.4,2.4,12500
ATLO,20141120,23.55,24.06,23.55,23.89,2800
ATNI,20141120,69.2,69.64,68.77,69.17,40100
ATOS,20141120,163.8,169.2,144,153,209900
ATRA,20141120,27.49,27.49,25.55,26.08,38300
ATRC,20141120,17.1,17.35,16.8,17.33,78500
ATRI,20141120,325,325,325,325,1600
ATRO,20141120,47.39,47.67,46.73,47.62,222200
ATRS,20141120,2.18,2.31,2.18,2.29,1141600
ATSG,20141120,7.82,8.13,7.79,8.06,95600
ATVI,20141120,20.15,21.13,20.1,21.11,24143100
AUBN,20141120,23.84,23.84,23.78,23.78,500
AUDC,20141120,4.61,4.7,4.58,4.68,54000
AUPH,20141120,3.4,3.45,3.3,3.35,10600
AVAV,20141120,30,30,28.83,29.67,122000
AVEO,20141120,9.1,9.5,9.1,9.2,183900
AVGO,20141120,88.53,90.92,88.02,89.93,1512100
AVNW,20141120,16.08,17.52,15.48,17.16,301700
AWRE,20141120,4.28,4.37,4.25,4.36,26800
AXDX,20141120,20.21,20.27,19.89,20.11,82500
AXGN,20141120,2.67,2.74,2.65,2.71,160500
AXTI,20141120,2.51,2.57,2.47,2.56,55600
AZPN,20141120,37.1,37.82,36.82,37.53,340300
BANF,20141120,66.17,66.41,65.71,66.01,9600
BANFP,20141120,27.75,27.75,27.75,27.75,0
BANR,20141120,40.97,41.46,40.83,41.32,84800
BANX,20141120,22.7,23,22.7,22.9,18100
BBBY,20141120,71.27,73.5,71.01,72.75,3700800
BBGI,20141120,5.75,5.86,5.32,5.48,13700
BBSI,20141120,22.29,22.97,22.17,22.94,153000
BCBP,20141120,12.2,12.33,12.15,12.2,5000
BCLI,20141120,3.23,3.23,3.11,3.15,51400
BCOR,20141120,13.59,14.04,13.4,13.96,599700
BCOV,20141120,6.4,6.48,6.3,6.44,235400
BCPC,20141120,63.44,64.57,62.8,64.33,106700
BCRX,20141120,10.03,10.37,9.86,10.35,683900
BDSI,20141120,14.65,14.76,14.33,14.46,593400
BEAT,20141120,8.12,8.24,8.11,8.2,89300
BECN,20141120,27.89,28.74,27.79,28.65,449600
BELFA,20141120,23.7,23.7,23.7,23.7,100
BELFB,20141120,26.24,26.59,26.06,26.54,14500
BFIN,20141120,11.45,11.66,11.45,11.62,18000
BGCP,20141120,8.79,8.88,8.69,8.87,993500
BGFV,20141120,13.15,13.41,13.15,13.4,108000
BIB,20141120,58.95,60.13,58.425,59.46,79000
BICK,20141120,24.49,24.6,24.49,24.6,900
BIDU,20141120,238.86,241.51,236.1,238.39,2140600
BIIB,20141120,276.4254,279.9994,274.3345,275.5043,1772300
BIOC,20141120,104.7,104.7,97.2,102,4500
BIOL,20141120,12.5,13,11.75,13,285100
BIS,20141120,50.98,51.36,49.95,50.54,67400
BJRI,20141120,45.6,46.7,45.6,46.61,226900
BKCC,20141120,8.85,8.95,8.85,8.9,326800
BKEP,20141120,6.91,7.27,6.8,7.05,99800
BKEPP,20141120,8.65,9.51,8.6,8.86,4800
BKSC,20141120,14.55,14.97,14.51,14.97,6200
BLDP,20141120,2.35,2.43,2.33,2.43,592900
BLFS,20141120,2.23,2.24,2.19,2.21,32100
BLIN,20141120,165,165,165,165,400
BLKB,20141120,41.38,41.6,41.29,41.45,180500
BLMN,20141120,21.71,22.46,21.56,21.8,2572400
BLRX,20141120,18.6,19.5,18.45,19.2,42000
BLUE,20141120,41.55,43.23,41.01,42.46,307800
BMRC,20141120,25.935,26.41,25.63,25.775,19200
BMRN,20141120,84.53,85,83.52,84.43,690600
BMTC,20141120,29.23,29.48,28.97,29.46,36300
BNDX,20141120,52.47,52.5,52.39,52.5,377200
BNFT,20141120,22.3,23.11,21.8,22.82,413000
BNSO,20141120,1.57,1.64,1.57,1.64,1800
BOKF,20141120,66.69,67.12,66.09,67.06,418600
BOOM,20141120,16.65,17,16.5,16.78,85000
BOSC,20141120,3.76,3.8,3.52,3.71,3400
BOTJ,20141120,10,10,9.8,10,1500
BPOP,20141120,31.7,32.14,31.62,32.13,335700
BPOPM,20141120,21.05,21.05,21.05,21.05,500
BPOPN,20141120,23,23.01,22.88,22.95,1100
BPTH,20141120,562,564,518,532,67000
BRID,20141120,7.75,7.75,7.75,7.75,0
BRKL,20141120,9.4,9.62,9.34,9.61,130700
BRKR,20141120,18,18.5,17.95,18.35,673800
BRKS,20141120,11.5,11.68,11.35,11.66,278800
BRLI,20141120,27.65,28.91,27.6,28.49,276200
BSET,20141120,18.96,19.13,18.94,19,33600
BSQR,20141120,4.26,4.28,4.1,4.18,100500
BSRR,20141120,16.21,16.41,16.09,16.35,8300
BUSE,20141120,6.48,6.57,6.46,6.53,62300
BWEN,20141120,6.97,7.36,6.88,7.27,63500
BWFG,20141120,19.03,19.03,19.03,19.03,300
BYFC,20141120,1.49,1.52,1.49,1.52,1300
CAAS,20141120,7.9,8.12,7.66,8.11,243300
CAC,20141120,37.45,37.69,37.37,37.4,13100
CACC,20141120,153.47,153.86,146.86,149.29,112700
CACG,20141120,9.71,9.71,9.71,9.71,0
CAKE,20141120,46.47,47.36,46.4,47.06,839200
CALA,20141120,9.89,10.31,9.66,9.74,27900
CALM,20141120,42.29,42.88,42.23,42.39,268500
CAMP,20141120,17.7,18.2,17.4,18.02,359600
CAMT,20141120,2.93,2.99,2.9,2.93,60400
CAR,20141120,59.33,60.42,59,59.4,1198300
CARA,20141120,8.9,9.19,8.8,9.02,74500
CARV,20141120,7.22,7.22,7.22,7.22,0
CARZ,20141120,37.58,37.75,37.58,37.61,211100
CASH,20141120,11.9533,12.06,11.82,12.06,13200
CASI,20141120,1.54,1.59,1.5,1.54,6300
CASS,20141120,45.79,46.69,45.71,46.17,9600
CASY,20141120,83.21,85.9,82.78,85.55,250500
CATY,20141120,25.24,25.63,25.03,25.62,347900
CBAN,20141120,7.08,7.08,7.08,7.08,800
CBAY,20141120,7.71,7.75,7.13,7.28,36800
CBFV,20141120,19.51,19.51,19.4,19.4,2200
CBNK,20141120,16.24,16.24,15.75,15.9,2100
CBRL,20141120,117.34,118.99,117.34,118.85,243800
CBSH,20141120,45.13,45.55,45.11,45.52,266600
CCBG,20141120,14.63,14.86,14.56,14.8,12700
CCMP,20141120,46.9,47.91,46.59,47.65,81700
CCNE,20141120,18.05,18.05,17.53,17.76,9200
CCOI,20141120,34.59,35.17,34.55,34.94,174800
CCRN,20141120,9.69,10.1,9.53,10.07,107900
CCXI,20141120,4.6,4.86,4.55,4.86,48200
CDC,20141120,36.17,36.27,36.17,36.24,10200
CDK,20141120,37.89,38.45,37.82,38.14,1729900
CDNA,20141120,7.01,7.2,7.01,7.05,2200
CDNS,20141120,18.07,18.5,18.03,18.32,5982600
CDW,20141120,32.74,33.05,32.58,32.91,735200
CDXS,20141120,2.37,2.42,2.31,2.4,159100
CDZI,20141120,10.97,11.09,10.7,11.09,85100
CECE,20141120,13.54,13.74,13.54,13.7,73000
CEMI,20141120,4.25,4.29,4.21,4.27,52700
CENT,20141120,7.49,7.53,7.41,7.5,50300
CENTA,20141120,8.07,8.25,8.07,8.23,102100
CENX,20141120,26.49,27.38,26.28,27.27,819900
CERE,20141120,2.08,2.32,2,2.24,507600
CERN,20141120,63.58,63.82,63.01,63.35,1009900
CERS,20141120,4.25,4.32,4.22,4.29,439200
CEVA,20141120,16.06,16.46,15.56,16.42,70700
CFA,20141120,36.14,36.15,36.14,36.15,300
CFBK,20141120,7.92,7.92,7.425,7.425,10500
CFFI,20141120,37.4,38.2,37.4,37.9,23400
CFFN,20141120,12.37,12.62,12.36,12.62,545100
CFO,20141120,36.03,36.19,36.03,36.17,12100
CFRX,20141120,27,28.9,26.2,26.7,8800
CG,20141120,29.45,29.65,29.15,29.2,436000
CGEN,20141120,6.7,7.16,6.65,7.1,279000
CGNX,20141120,19.97,20.335,19.885,20.24,409800
CGO,20141120,13.9,13.93,13.83,13.88,19900
CHCI,20141120,1.06,1.1,1.05,1.06,25900
CHCO,20141120,43.63,44.19,43.48,44.17,35300
CHDN,20141120,32.3133,32.75,32.07,32.6867,56600
CHEF,20141120,15.5,16.41,15.48,16.33,142300
CHI,20141120,13.54,13.6,13.49,13.59,159600
CHKP,20141120,76.21,76.73,75.85,76.03,1019000
CHMG,20141120,28.2,28.45,28.2,28.2,500
CHNR,20141120,3.44,3.49,3.27,3.32,5600
CHRS,20141120,13.14,13.56,12.7,13,67300
CHRW,20141120,71.4,72.49,71.25,72.29,1792500
CHSCM,20141120,25.65,25.65,25.45,25.5,164600
CHSCN,20141120,27.5,27.56,27.4,27.56,11300
CHSCO,20141120,28.41,28.58,28.27,28.56,47800
CHSCP,20141120,30.42,31.11,30.24,31.09,19600
CHTR,20141120,158.07,160.84,157.53,158.66,716800
CHUY,20141120,21.13,21.95,21.13,21.77,150700
CHW,20141120,8.85,8.93,8.83,8.92,181700
CHY,20141120,14.32,14.47,14.32,14.45,140300
CIDM,20141120,16.6,17.3,15.7,17.1,130400
CINF,20141120,50.67,51.04,50.67,50.9,548500
CIZ,20141120,34.91,35.02,34.91,35.01,1800
CIZN,20141120,19.45,19.45,19.45,19.45,400
CJJD,20141120,2.08,2.29,2.08,2.2,383700
CLDX,20141120,280.8,320.85,279.9,306.9,10996600
CLFD,20141120,13.02,13.35,12.97,13.25,53200
CLIR,20141120,6.95,6.99,6.78,6.84,34200
CLMT,20141120,27.75,28.65,27.71,28.23,226700
CLNE,20141120,6.25,6.48,6.2,6.42,1163600
CLRB,20141120,258,266,235,245,40000
CLRO,20141120,9.46,9.78,9.46,9.66,2600
CLSN,20141120,2.42,2.52,2.41,2.45,54200
CLVS,20141120,48.33,50.8,48.29,50.79,1083300
CLWT,20141120,2.3333,2.44,2.3333,2.3467,1300
CMCO,20141120,27.54,28.34,27.5,28.28,64000
CMCSA,20141120,27.185,27.235,27.025,27.19,9240500
CMCT,20141120,17.74,18.45,17.74,18.45,5600
CME,20141120,83.19,84,82.51,83.58,1300900
CMLS,20141120,29.04,30.8,28.64,29.52,2970400
CMPR,20141120,64.82,66,64.26,64.6,163500
CMRX,20141120,33.86,34,32.84,33.82,265500
CMTL,20141120,38.3,38.93,37.93,38.69,70700
CNBKA,20141120,38.98,38.98,38.98,38.98,1200
CNCE,20141120,12.73,12.94,12.37,12.87,329500
CNET,20141120,1.79,1.89,1.76,1.81,398600
CNOB,20141120,18.07,18.32,18,18.32,46000
CNSL,20141120,26.68,26.75,26.22,26.38,172100
CNTY,20141120,4.88,4.93,4.88,4.9,32900
COCO,20141120,0.13,0.14,0.1,0.11,3701800
COHR,20141120,55.59,56.37,55.22,55.78,284100
COHU,20141120,11.35,11.61,11.3,11.5,73300
COKE,20141120,91.91,92.84,90.23,92.46,25000
COLB,20141120,27.81,27.89,27.44,27.83,253700
COLM,20141120,43.5,43.87,42.94,43.31,657700
COMM,20141120,21.4,21.8,21.32,21.67,462800
COMT,20141120,49.59,49.59,49.59,49.59,400
CONE,20141120,26.8,27.48,26.65,27.39,189400
CONN,20141120,32.58,34.58,32.57,34.22,958300
COOL,20141120,3.54,3.78,3.42,3.78,202400
CORT,20141120,2.96,3.12,2.87,3.03,171100
COST,20141120,139.06,140.01,139.02,139.25,1518200
COWN,20141120,4.02,4.09,4.01,4.07,429900
COWNL,20141120,25.89,25.9,25.8,25.8,3100
CPHC,20141120,9.62,9.62,9.62,9.62,100
CPIX,20141120,5.15,5.17,5.06,5.13,48500
CPLP,20141120,8.04,8.16,7.9,8.11,530500
CPRT,20141120,17.025,17.175,16.945,17.125,287400
CPRX,20141120,2.59,2.68,2.55,2.66,275200
CPSI,20141120,58.81,60.56,58,58.52,96700
CPSS,20141120,7,7.28,6.94,7.24,132500
CRAI,20141120,30.67,31.06,30.58,30.97,44400
CREG,20141120,118,123,118,121,229900
CRESW,20141120,0.01,0.02,0.01,0.02,67900
CRESY,20141120,11.25,11.48,11.11,11.17,106100
CRIS,20141120,6.5,6.5,6.2,6.3,234900
CRMT,20141120,45.86,51.89,45.86,50.25,253900
CRNT,20141120,1.05,1.09,1.04,1.05,827400
CROX,20141120,12.35,12.84,12.35,12.79,729200
CRTO,20141120,38.22,40.5,38.21,38.87,782200
CRUS,20141120,17.66,18.14,17.66,18.12,1055800
CRVL,20141120,33.46,33.77,33.03,33.7,24300
CRWS,20141120,7.16,7.41,7.16,7.33,8800
CSCO,20141120,26.49,26.84,26.35,26.81,23440000
CSF,20141120,37.09,37.13,37.09,37.13,1400
CSGP,20141120,162.04,166.6,161.66,165.98,281500
CSGS,20141120,25.01,25.37,25.01,25.26,91700
CSII,20141120,28.43,29.04,28.43,29,126600
CSIQ,20141120,26.38,27.42,26.06,27.38,2518100
CSOD,20141120,29.63,31.42,29.33,31.27,1096700
CSPI,20141120,8.03,8.04,7.95,7.95,2800
CSQ,20141120,11.76,11.88,11.75,11.88,329300
CSTE,20141120,59.74,63.45,59.74,62.39,391900
CSWC,20141120,36.51,37.61,36.51,37.27,131500
CSX,20141120,36.79,37.3,36.69,37.29,4386900
CTAS,20141120,71.51,72.23,71.26,71.93,423000
CTBI,20141120,35.5,35.94,35.35,35.86,26800
CTG,20141120,9.18,9.25,9.11,9.22,146300
CTHR,20141120,1.69,1.72,1.56,1.58,42500
CTIB,20141120,3.81,3.83,3.81,3.81,2400
CTIC,20141120,22.1,22.1,21.5,21.7,1175900
CTRE,20141120,15.45,15.74,15.45,15.54,77300
CTRN,20141120,22.32,23.47,22.24,23.29,76700
CTSH,20141120,52.25,52.57,51.55,51.76,4566100
CTXS,20141120,51.1783,51.9506,50.9395,51.664,1056300
CUBA,20141120,7.41,7.5,7.4,7.42,9900
CUTR,20141120,10.04,10.14,9.95,10.06,7600
CVBF,20141120,14.99,15.34,14.99,15.34,328000
CVCO,20141120,74.44,75.65,73.29,75.28,28500
CVCY,20141120,10.95,10.95,10.85,10.95,62800
CVGI,20141120,6.52,7.13,6.42,7.07,246700
CVGW,20141120,41.7,44.21,41.01,44.1,92200
CVLT,20141120,47.51,48.38,47.28,47.76,361100
CVLY,20141120,20.27,21.29,19.95,19.95,1300
CVV,20141120,13.84,14.68,13.84,14.37,42700
CWBC,20141120,6.51,6.58,6.46,6.55,22500
CWCO,20141120,12.13,12.4,12.13,12.16,51200
CWST,20141120,4.13,4.2,4.1,4.14,120600
CXDC,20141120,5.4,5.58,5.36,5.43,88100
CYAN,20141120,6.8,6.8,6.16,6.25,59100
CYBE,20141120,9.14,9.4,9.14,9.24,31600
CYBR,20141120,42.16,44.35,41.98,42.64,1068900
CYCC,20141120,696,724.8,696,708,98500
CYCCP,20141120,7.51,7.51,7.51,7.51,0
CYRN,20141120,1.46,1.52,1.43,1.49,212100
CYTK,20141120,4.15,4.24,4.11,4.14,279700
CZNC,20141120,19.43,19.45,19.28,19.39,13400
CZR,20141120,15.86,16.4,14.9,15.14,2710100
CZWI,20141120,9.06,9.06,9.06,9.06,0
DAIO,20141120,3.53,3.53,3.29,3.43,20000
DAKT,20141120,13.43,13.57,13.25,13.54,89900
DAX,20141120,26.2,26.2,26.2,26.2,0
DBVT,20141120,25.1,25.6,24.88,25.58,21600
DCOM,20141120,15.13,15.39,15.06,15.38,83200
DCTH,20141120,22.4,23.36,22.24,22.56,29800
DENN,20141120,8.89,9.17,8.87,8.92,411300
DERM,20141120,16.08,16.31,16,16.2,83700
DGICA,20141120,15.24,15.5,15.21,15.36,10600
DGII,20141120,7.22,7.43,7.22,7.4,45600
DGLY,20141120,11.36,12.25,11.2,12.11,217600
DGRE,20141120,25.52,25.52,25.28,25.4,11000
DGRS,20141120,28.56,28.56,28.54,28.56,1300
DGRW,20141120,30.77,30.89,30.75,30.89,79400
DHIL,20141120,134.09,136.88,134.09,136.25,5600
DIOD,20141120,25.58,26.36,25.47,26.11,124600
DISCA,20141120,32.76,33.95,32.65,33.92,4060800
DISCB,20141120,36.19,36.19,36.19,36.19,200
DISCK,20141120,32.27,33.5,32.13,33.47,3053800
DISH,20141120,73.87,74.18,72,72.22,5039400
DJCO,20141120,221.99,221.99,221.99,221.99,0
DLHC,20141120,2.65,2.66,2.56,2.56,4100
DLTR,20141120,64.5,67.08,64.27,65.87,7792600
DMLP,20141120,26.99,27.2,26.68,27.08,19900
DMRC,20141120,25.01,25.41,24.62,25.02,20000
DORM,20141120,46.24,47.48,46.24,47.44,186600
DOX,20141120,47.47,47.66,47.36,47.6,867300
DRIV,20141120,25.17,25.31,24.94,25.3,181800
DRNA,20141120,9.87,10.88,9.75,10.73,177900
DRRX,20141120,0.93,0.99,0.88,0.96,248200
DSGX,20141120,14.91,15.12,14.91,15.11,20800
DSPG,20141120,10.63,10.93,10.62,10.87,119700
DSWL,20141120,2.2,2.22,2.14,2.21,2500
DVAX,20141120,14.31,14.58,14.1,14.51,289800
DWAT,20141120,10.3,10.33,10.3,10.33,7500
DWSN,20141120,15.35,15.73,15.35,15.57,27500
DXCM,20141120,50.33,51.1,50.1,50.85,378500
DXGE,20141120,26.39,26.61,26.34,26.6,5900
DXJS,20141120,31.81,32.06,31.81,31.94,29400
DXLG,20141120,4.93,5.12,4.93,5.1,103500
DXPE,20141120,62.98,65.14,62.98,64.74,111200
DXYN,20141120,6.05,6.85,6.04,6.83,144600
DYNT,20141120,3.84,4.09,3.75,3.9,5100
EA,20141120,43.26,43.48,43.07,43.15,5915300
EAC,20141120,10.7,11.13,10.7,11.09,12300
EBAY,20141120,22.9516,23.04,22.8716,22.9642,5554100
EBIX,20141120,15.75,16.23,15.69,16.21,151200
EBMT,20141120,10.82,10.83,10.75,10.8,2900
EBSB,20141120,11.14,11.3,11.07,11.24,112100
EBTC,20141120,22.74,23.16,22.61,22.95,10100
ECHO,20141120,26.26,26.78,26.13,26.65,121000
ECOL,20141120,39.01,39.66,39.01,39.63,172000
ECPG,20141120,43.09,43.34,42.31,42.4,211500
EDAP,20141120,1.74,2.08,1.7,1.98,1394100
EDUC,20141120,2.105,2.195,2.05,2.09,68500
EEFT,20141120,55.24,56.2,54.92,56.1,176900
EEMA,20141120,58.33,58.34,58.04,58.32,15400
EFOI,20141120,25,27.9,24.85,27.15,174000
EFSC,20141120,18.87,18.99,18.56,18.99,36600
EGAN,20141120,5.03,5.13,4.98,5,119800
EGBN,20141120,34.15,34.85,34.01,34.78,78500
EGLE,20141120,2058,2100,1965.6,1997.8,97500
EGRX,20141120,12.49,12.7,12.2,12.67,58700
EHTH,20141120,23.39,25.02,22.96,24.87,266500
ELSE,20141120,3.9,3.92,3.81,3.92,6400
ELTK,20141120,1.53,1.55,1.47,1.49,13700
EMCB,20141120,74.81,75.08,74.4,74.92,4300
EMCF,20141120,26.5,26.5,26.5,26.5,0
EMIF,20141120,34,34.26,34,34.11,4600
EMKR,20141120,5.18,5.2,5.17,5.18,85800
EML,20141120,16.46,16.48,16.32,16.38,1800
ENDP,20141120,68.75,69.83,68.63,69.75,1309300
ENG,20141120,2.01,2.54,2.01,2.4,356100
ENPH,20141120,10.66,11.22,10.57,11.08,509800
ENSG,20141120,19.17,19.725,19.15,19.63,74900
ENTA,20141120,43.66,44.54,43.52,44,148100
ENTG,20141120,13.24,13.48,13.19,13.4,374500
ENVI,20141120,1.6,1.69,1.52,1.6,63000
EPAY,20141120,24.85,25.14,24.62,24.86,98900
EPZM,20141120,25,26.68,23.31,23.56,707200
EQIX,20141120,223.82,224.81,221.23,222.57,529300
ERIC,20141120,12.4,12.45,12.34,12.41,5616600
ERIE,20141120,84.29,85.16,84.14,85.16,44800
ERII,20141120,4.83,5.1,4.8,5,592600
ESBK,20141120,21.75,21.75,21.75,21.75,100
ESCA,20141120,12.47,12.84,12.21,12.74,30400
ESEA,20141120,7.52,7.84,7.36,7.36,46900
ESGR,20141120,145.61,146.18,144.42,144.42,5600
ESLT,20141120,58.71,58.71,58.4,58.4,5200
ESPR,20141120,30.5,30.5,28.06,29.25,270600
ESSA,20141120,11.48,11.55,11.48,11.49,6400
ESXB,20141120,4.45,4.45,4.4,4.41,23500
EUFN,20141120,22.68,22.8,22.6,22.71,82400
EVK,20141120,6.48,6.94,6.48,6.77,8300
EVLV,20141120,6.09,6.44,5.9,6.26,267500
EVOK,20141120,6.13,6.25,5.97,5.97,9800
EVOL,20141120,10.3,10.45,10.02,10.07,17600
EWBC,20141120,36.67,37.03,36.52,36.86,610100
EXAS,20141120,22.52,22.97,22.41,22.49,748800
EXEL,20141120,1.69,1.77,1.65,1.74,1310500
EXLS,20141120,27.13,27.55,27.13,27.46,71000
EXPD,20141120,43.6,44.15,43.55,43.98,706100
EXPE,20141120,86.45,86.8,85.52,86.08,1740000
EXPO,20141120,19.3025,19.55,19.3025,19.41,20600
EXTR,20141120,3.72,3.86,3.65,3.82,2037200
EYES,20141120,181.36,192.16,170,188.8,2884000
EZPW,20141120,10.64,10.91,10.64,10.89,268400
FANG,20141120,65.14,67.33,65.09,67.21,812900
FARM,20141120,29.66,29.97,29.28,29.65,25400
FARO,20141120,53.68,55.84,53.68,55.71,159300
FAST,20141120,22.175,22.575,22.17,22.525,1720300
FATE,20141120,4,4,3.85,3.85,6400
FB,20141120,72.8,73.99,72.51,73.6,19154800
FBIZ,20141120,43.79,43.79,43.22,43.38,5000
FBMS,20141120,15.25,15.25,15,15.25,700
FBNC,20141120,17.05,17.18,17.02,17.18,15200
FCAP,20141120,23.9,23.94,23.65,23.94,500
FCBC,20141120,15.38,15.52,15.16,15.49,28600
FCCO,20141120,10.74,10.74,10.67,10.67,4100
FCCY,20141120,10.66,10.66,10.66,10.66,0
FCEL,20141120,243.36,257.76,237.6,256.32,2728700
FCFS,20141120,57.24,58.27,57.24,58.09,85300
FCNCA,20141120,245.8,245.8,242.3,244.66,13300
FDIV,20141120,50.9,50.98,50.9,50.93,3300
FDUS,20141120,16.5,16.64,16.35,16.55,72000
FEIM,20141120,10.21,11.2,10.21,10.88,1500
FELE,20141120,36.38,37.26,36.27,37.2,140100
FEMB,20141120,50.23,50.23,50.23,50.23,0
FEUZ,20141120,32.11,32.11,32.11,32.11,0
FFBC,20141120,17.82,18.08,17.8,18.08,112500
FFHL,20141120,0.92,0.97,0.92,0.96,10900
FFIC,20141120,19.33,19.59,19.28,19.56,62000
FFIN,20141120,15.25,15.505,15.25,15.47,75500
FFIV,20141120,126.41,127.99,124.6,127.97,904600
FFNW,20141120,11.3,11.58,11.3,11.54,14600
FFWM,20141120,9.215,9.24,9.215,9.22,1100
FGEN,20141120,23.08,23.9,23,23.14,149900
FIBK,20141120,27.61,27.99,27.5,27.94,93900
FISI,20141120,23.86,24,23.56,23.96,22700
FISV,20141120,35.105,35.255,34.91,35.215,1034100
FITB,20141120,19.86,20.17,19.85,20.17,3652000
FITBI,20141120,27.49,27.49,27.39,27.39,12800
FIVE,20141120,42.6,44.87,42.57,44.82,1826700
FIVN,20141120,4.4,4.47,4.28,4.29,347200
FIZZ,20141120,25.98,26.25,25.29,25.84,71900
FLDM,20141120,30.14,30.91,29.48,30.72,234100
FLEX,20141120,10.93,11.13,10.92,11.03,4136700
FLIC,20141120,25.74,26.19,25.44,26.15,17200
FLL,20141120,1.25,1.33,1.22,1.31,32900
FLWS,20141120,8.43,8.56,8.13,8.51,206300
FLXN,20141120,17.08,17.71,16.73,17.18,56800
FLXS,20141120,30.76,30.98,30.1,30.75,20300
FMB,20141120,51,51.26,50.99,50.99,700
FMBH,20141120,21,21,21,21,0
FMBI,20141120,16.61,17.01,16.61,17,273200
FMNB,20141120,8.45,8.48,8.32,8.32,3400
FNHC,20141120,26.01,26.59,25.45,25.77,223800
FNLC,20141120,17.39,17.49,17.24,17.31,6600
FOLD,20141120,6.5,7.05,6.5,6.97,3984600
FONR,20141120,11.55,11.85,11.55,11.65,23000
FORD,20141120,1.14,1.14,1.04,1.07,34100
FORM,20141120,8.24,8.62,8.12,8.35,220800
FORR,20141120,38.17,38.84,38,38.5,39100
FORTY,20141120,24.97,24.97,24.97,24.97,100
FOSL,20141120,107.19,109.85,106.73,109.37,808800
FOX,20141120,33.4,33.8,33.2,33.8,2931200
FOXA,20141120,34.78,35.11,34.53,35.06,8227900
FOXF,20141120,13.57,13.95,13.54,13.88,68600
FPXI,20141120,30.04,30.04,30.01,30.01,600
FRBA,20141120,6.04,6.04,6.02,6.04,1300
FRBK,20141120,3.79,3.88,3.79,3.84,21700
FREE,20141120,72000,78000,66000,72000,6376000
FRGI,20141120,55.05,55.8,54.44,54.98,259800
FRME,20141120,21.45,21.87,21.38,21.83,35800
FRPT,20141120,18.59,18.65,17.3,17.59,632400
FRSH,20141120,9.21,9.52,9.12,9.5,61500
FSBW,20141120,17.29,17.38,17.29,17.32,500
FSFG,20141120,24.8,25.02,24.8,24.95,1200
FSLR,20141120,48.51,49.91,47.88,49.43,1720300
FSTR,20141120,48.92,49.59,48.52,49.26,40900
FTCS,20141120,37.61,37.64,37.5,37.62,5900
FTEK,20141120,4.08,4.15,4.08,4.13,17500
FTGC,20141120,29.09,29.19,28.98,29.09,205200
FTHI,20141120,20.6,20.6,20.6,20.6,1000
FTLB,20141120,20.39,20.39,20.34,20.34,600
FTNT,20141120,26.7,27.12,26.51,27.05,1650400
FTSL,20141120,49.2,49.27,49.1,49.1,15600
FTSM,20141120,60.02,60.07,60.02,60.04,131000
FULT,20141120,12.03,12.22,12,12.22,739400
FUNC,20141120,8.47,8.55,8.47,8.55,7800
FUND,20141120,7.6,7.69,7.6,7.67,37800
FV,20141120,21.51,21.59,21.39,21.53,957500
FWP,20141120,20.68,22.02,20.36,20.55,65000
FWRD,20141120,47.5,47.83,47.2,47.76,151500
GABC,20141120,18.9467,19.4133,18.92,19.28,22200
GAIA,20141120,7.05,7.27,7.05,7.26,8200
GAIN,20141120,7.33,7.35,7.28,7.33,88500
GALT,20141120,4.28,4.39,4.01,4.35,230000
GAME,20141120,6.54,6.59,6.54,6.55,369800
GASS,20141120,7.43,7.67,7.41,7.58,75300
GBCI,20141120,27.56,27.85,27.45,27.78,205100
GBDC,20141120,17.29,17.63,17.21,17.5,213300
GBLI,20141120,27.55,27.71,27.33,27.71,4800
GCBC,20141120,13.13,13.13,13.13,13.13,0
GENC,20141120,6.4933,6.5267,6.4133,6.4667,4800
GENE,20141120,6.6,7,6.2,6.8,464300
GEOS,20141120,31.04,32.7,30.99,32.49,257200
GERN,20141120,3.08,3.28,3.04,3.25,5541200
GEVO,20141120,2280,2640,2220,2580,1577500
GFED,20141120,12.98,12.98,12.98,12.98,100
GGAL,20141120,15.43,15.92,15.31,15.67,213700
GIFI,20141120,21.53,22.17,21.53,22.1,57400
GIGM,20141120,4.9,5.1,4.85,4.85,127200
GIII,20141120,42.485,43.2,42.355,42.87,177500
GILD,20141120,101.96,103.38,100.3,100.59,20027500
GILT,20141120,4.95,4.97,4.92,4.95,21900
GLAD,20141120,9.12,9.24,9.12,9.18,46500
GLBS,20141120,13000,13000,12640,12720,900
GLBZ,20141120,12.33,12.53,12.28,12.44,2700
GLDD,20141120,7.09,7.46,7.09,7.43,265300
GLDI,20141120,12.34,12.39,12.25,12.29,59700
GLMD,20141120,5.33,5.57,5.33,5.49,53700
GLNG,20141120,50.68,55.1,50.68,53.67,2573300
GLPI,20141120,32.06,32.37,32.06,32.24,517000
GLRE,20141120,31.56,31.9,31.37,31.8,119200
GLYC,20141120,7.82,9,7.82,8.88,62200
GNCA,20141120,71.84,72.8,71.12,72.4,12200
GNMA,20141120,50.47,50.56,50.28,50.4,8800
GNTX,20141120,17.62,17.745,17.535,17.71,575000
GOGO,20141120,16.03,16.69,16.01,16.18,897700
GOOD,20141120,17.37,17.54,17.37,17.51,60300
GOODN,20141120,26.28,26.28,26.28,26.28,0
GOODO,20141120,25.22,25.22,25.21,25.22,1000
GOOG,20141120,531.25,535.11,531.08,534.83,1559100
GOOGL,20141120,542.09,545.38,541.5,543.76,1750700
GPRE,20141120,34.07,35.17,33.82,35.06,744200
GPRO,20141120,72.88,75.1,71.58,71.74,24117400
GRBK,20141120,7.11,7.94,7.07,7.88,493800
GRFS,20141120,18.1,18.4,18.015,18.28,170000
GRID,20141120,35.49,35.49,35.49,35.49,0
GRMN,20141120,58.99,60.19,58.6,58.74,2847800
GROW,20141120,3.03,3.07,2.75,3.07,26900
GRPN,20141120,146.6,153.4,146.6,148.6,27627100
GRVY,20141120,2.36,2.48,2.2,2.48,28600
GSBC,20141120,37.97,38.76,37.6,38.69,15900
GSIT,20141120,5.2,5.3,5.2,5.25,21900
GSM,20141120,16.98,17.38,16.94,17.26,634400
GT,20141120,25.66,26.24,25.65,26.2,2529300
GTIM,20141120,6,6.2,5.81,5.82,149400
GURE,20141120,5.95,5.95,5.8,5.8,74200
GWGH,20141120,9.06,9.14,9.05,9.14,3500
GYRO,20141120,4.46,4.46,4.3,4.3,2100
HA,20141120,18.39,18.71,18.25,18.36,801600
HAFC,20141120,20.47,20.78,20.19,20.66,138100
HAIN,20141120,53.505,53.75,52.905,53.07,393400
HALL,20141120,11.43,12,11.17,11.51,19200
HALO,20141120,8.46,8.56,8.33,8.42,854300
HAS,20141120,56,56.67,55.95,56.51,1119500
HAYN,20141120,44,46.09,43.92,45.96,29300
HBAN,20141120,10.04,10.15,10.03,10.15,5925600
HBANP,20141120,1343,1343,1330,1330,100
HBCP,20141120,22.16,22.55,22.16,22.5,6000
HBIO,20141120,4.71,4.84,4.69,4.74,30600
HBMD,20141120,10.49,10.66,10.49,10.65,400
HBNC,20141120,10.9822,11.08,10.8889,10.9733,10300
HBP,20141120,3.25,3.31,3.23,3.23,900
HCCI,20141120,17.57,17.58,17.32,17.5,6600
HCKT,20141120,8.01,8.22,7.9,8.22,85400
HCSG,20141120,29.79,30.05,29.67,29.79,315900
HDSN,20141120,3.63,3.63,3.51,3.57,165000
HEAR,20141120,16.52,16.84,16.52,16.72,37800
HEES,20141120,35.29,37.02,35.06,36.87,427600
HELE,20141120,63,63.9,62.87,63.76,107800
HERO,20141120,1.5,1.5,1.42,1.45,3648600
HFBL,20141120,19.5,19.5,19.5,19.5,200
HFWA,20141120,17.22,17.79,17.22,17.74,114800
HGSH,20141120,8.3,8.3,7.62,7.92,41800
HIBB,20141120,45.18,46.03,44.42,45.93,615300
HIFS,20141120,88.99,88.99,88.25,88.43,300
HIHO,20141120,3.29,3.33,3.21,3.32,10200
HIMX,20141120,6.47,6.73,6.47,6.7,2972300
HLIT,20141120,6.62,6.78,6.59,6.78,249400
HMHC,20141120,19.86,20.16,19.86,20.01,429000
HMNF,20141120,12.52,12.83,12.5,12.56,6500
HMST,20141120,16.14,16.59,16.14,16.57,38700
HMTV,20141120,12.74,12.88,12.7,12.83,3100
HNNA,20141120,12.0133,12.1333,12.0133,12.1333,500
HNRG,20141120,11.91,12.06,11.9,11.94,22700
HOFT,20141120,15.04,15.25,15,15,20300
HOLI,20141120,24.26,24.26,23.81,23.98,328700
HOLX,20141120,26.08,26.43,26.05,26.39,972300
HOMB,20141120,15.605,16.015,15.53,15.87,171800
HOVNP,20141120,15.12,15.25,14.98,15.25,9800
HQY,20141120,21.97,22.49,21.63,22.08,55400
HRTX,20141120,7.58,7.97,7.48,7.89,73000
HRZN,20141120,14.12,14.23,13.97,13.97,33300
HSIC,20141120,131.8,134.28,130.97,131.6,308700
HSII,20141120,19.96,20.22,19.93,20.1,121300
HSKA,20141120,15.19,15.45,15,15.39,26200
HSON,20141120,29.8,30.2,29,29.8,17900
HSTM,20141120,29.7,30.05,29.6,29.74,110600
HTBI,20141120,15.38,15.48,15.34,15.47,38300
HTBK,20141120,8.26,8.38,8.2,8.38,14300
HTBX,20141120,43.1,46.8,43.1,45.3,8200
HTHT,20141120,6.0575,6.0875,6.0275,6.045,219900
HTLD,20141120,25.22,26.16,25.22,26.13,277000
HTLF,20141120,25.5,25.58,25.24,25.5,19900
HUBG,20141120,36.42,37.52,36.14,37.24,224600
HURC,20141120,35.35,36.15,35.08,35.69,23500
HURN,20141120,67.62,68.99,67.62,68.78,165900
HWBK,20141120,14.14,14.14,14.11,14.11,400
HWKN,20141120,39.91,40.78,39.91,40.25,21000
HYLS,20141120,50.77,51.08,50.77,51.06,23700
HYZD,20141120,24.39,24.41,24.25,24.31,4400
HZNP,20141120,12.52,12.65,12.2,12.43,1247000
IART,20141120,23.505,23.815,23.335,23.745,87000
IBB,20141120,292.69,295.75,291.69,294.02,710200
IBCP,20141120,11.95,12.19,11.95,12.16,105700
IBKR,20141120,26.91,27.04,26.49,27,324800
IBOC,20141120,26.07,26.66,25.94,26.5,122900
IBTX,20141120,42.52,43.4,42.36,43.13,34700
ICAD,20141120,10.48,10.56,10.34,10.45,5800
ICCC,20141120,5.02,5.02,4.85,4.95,2500
ICFI,20141120,37.21,37.45,36.87,37.15,43500
ICLN,20141120,10.21,10.24,10.18,10.21,28600
ICLR,20141120,53.66,54.63,53.25,54.17,481100
ICPT,20141120,155,157.49,150.5,156,409000
ICUI,20141120,81.59,81.93,80.83,81.35,281500
IDCC,20141120,49.03,50.46,48.81,50.43,269700
IDRA,20141120,20.4,20.8,20,20,370300
IDXX,20141120,73.795,74.525,73.35,73.93,390400
IEP,20141120,104.41,105.8,104,105.13,136700
IESC,20141120,7.46,7.57,7.41,7.41,24200
IEUS,20141120,42.19,42.19,42.19,42.19,600
IFGL,20141120,30.48,30.64,30.45,30.6,160400
IFV,20141120,18.6,18.65,18.55,18.62,199800
IGOV,20141120,97.58,97.66,97.28,97.37,38700
III,20141120,3.96,4.01,3.94,3.97,25200
IIN,20141120,5.98,6,5.79,6,26000
IIVI,20141120,12.96,13.34,12.93,13.29,168600
IKNX,20141120,15.42,16.08,15.35,15.8,1800
ILMN,20141120,189.36,189.36,185.23,186.26,900700
IMGN,20141120,9.27,9.77,9.21,9.68,831900
IMKTA,20141120,27.06,27.39,26.81,27.31,39500
IMMR,20141120,8.56,8.76,8.52,8.76,196300
IMOS,20141120,20.75,21.4,20.66,21.23,111000
INBK,20141120,18.2,18.43,18.2,18.43,2500
INCR,20141120,22.56,22.69,21.76,22.6,183400
INCY,20141120,70.46,72.28,69.74,71.61,900400
INDB,20141120,39.04,39.7,38.52,39.57,67900
INDY,20141120,31.15,31.35,31.15,31.26,1271600
INFI,20141120,13.58,14.4,13.54,14.21,471000
INFN,20141120,13.37,13.81,13.28,13.72,1649700
INGN,20141120,24.01,24.79,23.4,24.52,105300
INO,20141120,9.56,10.02,9.4,9.95,1065800
INOD,20141120,2.49,2.62,2.46,2.56,158100
INSM,20141120,12.8,13.3,12.72,13.24,283200
INTC,20141120,34.13,35.97,34,35.95,61994700
INTG,20141120,18.23,18.23,18.18,18.18,300
INTU,20141120,91.06,91.07,90.41,90.73,1677400
INVE,20141120,9.02,10.82,8.8,10.67,471800
IOSP,20141120,42.52,43.58,42.45,43.54,76500
IPAR,20141120,25.35,26.39,25.3,26.31,94700
IPDN,20141120,39.84,39.84,36.64,37.68,10200
IPGP,20141120,71.11,72.76,70.33,72.62,230200
IPKW,20141120,25.16,25.27,25.16,25.26,3100
IPWR,20141120,69,70,67.3,70,15600
IRBT,20141120,34.59,34.95,34.25,34.79,643700
IRDM,20141120,9.27,9.54,9.17,9.44,490300
IRIX,20141120,8.41,8.53,8.19,8.2,22100
IRMD,20141120,8.28,8.47,8.27,8.3,6400
IROQ,20141120,16.85,16.85,16.85,16.85,100
IRWD,20141120,13.19,13.87,13.17,13.67,676400
ISBC,20141120,10.69,10.76,10.63,10.75,1048200
ISHG,20141120,87.05,87.18,86.73,87.01,3500
ISIG,20141120,2.89,2.99,2.81,2.95,20100
ISLE,20141120,6.74,7.23,6.74,6.97,88200
ISRG,20141120,511.83,515.31,511.36,513.52,113900
ISSC,20141120,2.97,3.03,2.92,2.98,66400
ISTR,20141120,13.6,13.9,13.6,13.6,4100
ITCI,20141120,14.45,14.88,14.45,14.8,12400
ITIC,20141120,72.52,72.52,72.52,72.52,0
ITRI,20141120,39.8,40.19,39.54,40.19,141800
ITRN,20141120,21.06,21.3,20.98,21.3,14000
IVAC,20141120,7,7.25,6.94,7.22,48500
JACK,20141120,75.12,75.93,74.34,74.61,666700
JAKK,20141120,68.2,68.8,65.7,66.6,565800
JAZZ,20141120,170.85,172.73,169.07,169.84,496000
JBHT,20141120,79.88,81.03,79.57,81.01,473000
JBLU,20141120,13.46,13.55,12.91,13.44,12143900
JBSS,20141120,39.38,39.71,38.89,39.03,34700
JCS,20141120,11.13,11.34,11.03,11.34,9800
JCTCF,20141120,5.25,5.305,5.25,5.3,500
JD,20141120,24.37,24.39,23.58,23.75,7410600
JJSF,20141120,102.75,104.29,102.64,104.16,41400
JKHY,20141120,60.42,61.07,60.22,60.9,221400
JOBS,20141120,35.1,35.68,35.1,35.3,91400
JOUT,20141120,30.93,31.4,30.57,31.39,9200
JRJC,20141120,67.4,70.4,67.4,69.7,459700
JSM,20141120,21.75,21.9,21.75,21.9,9000
JVA,20141120,5.53,5.55,5.46,5.5,13500
JYNT,20141120,6.54,6.83,6.5,6.61,74300
KALU,20141120,71.3,73.43,70.32,73.01,251700
KBAL,20141120,9.75,9.93,9.67,9.78,94400
KE,20141120,10.72,10.95,10.58,10.7,76700
KELYA,20141120,15.37,15.81,15.32,15.73,148300
KELYB,20141120,15.17,15.17,15.17,15.17,0
KEQU,20141120,17.7,17.7,17.7,17.7,0
KFFB,20141120,8.41,8.41,8.41,8.41,100
KFRC,20141120,22.69,23.14,22.52,22.89,144900
KINS,20141120,8.38,8.63,8.38,8.62,7800
KIRK,20141120,19.2,22.54,19.07,22.53,568800
KLAC,20141120,80.88,81.36,80.25,80.69,2562100
KLIC,20141120,13.73,14.01,13.69,13.98,382800
KMDA,20141120,3.4,3.41,3.26,3.28,103200
KNDI,20141120,14.1,14.41,13.86,14.2,1109200
KOPN,20141120,3.4,3.53,3.4,3.52,127300
KOSS,20141120,1.61,1.67,1.55,1.6,12300
KPTI,20141120,39.56,41.89,39.52,41.8,100900
KRNY,20141120,14.4,14.4,13.95,14.17,7700
KTCC,20141120,8.07,8.39,8.07,8.16,12200
KTOS,20141120,4.85,5,4.81,4.96,540900
KVHI,20141120,11.95,12.13,11.85,12.09,52600
LAKE,20141120,11.25,11.25,10.29,10.66,1083300
LAMR,20141120,52.91,53.44,52.91,53.21,447600
LANC,20141120,91.9,92.27,91.61,92.12,114500
LAND,20141120,10.65,10.67,10.6,10.62,16500
LARK,20141120,20.93,22.19,20.75,22.19,8900
LAWS,20141120,22.55,22.9,22.12,22.12,9400
LBAI,20141120,10.87,11.02,10.86,11,48500
LBRDA,20141120,50.7,51.91,50.26,51.18,450100
LBRDK,20141120,50.37,51.71,49.7,51.14,477300
LBTYA,20141120,46.26,46.32,45.73,46.08,3114400
LBTYB,20141120,47,47,47,47,0
LBTYK,20141120,45.34,45.34,44.65,44.94,4812000
LCNB,20141120,14.52,14.89,14.47,14.57,5600
LCUT,20141120,15.58,16.17,15.31,15.84,37000
LE,20141120,45.77,48.38,45.15,48.13,311400
LECO,20141120,73.16,74.3,73.05,73.86,206800
LEDS,20141120,0.42,0.46,0.41,0.46,82200
LFUS,20141120,94.12,95.64,94.05,95.5,80700
LFVN,20141120,9.1,9.52,9.1,9.31,240200
LGIH,20141120,15.92,16.19,15.84,16.01,225900
LGND,20141120,53.79,54.31,52.34,53.51,356700
LHCG,20141120,23.6,23.96,22.37,23.77,22900
LINC,20141120,3.19,3.28,3.18,3.28,36400
LIVE,20141120,3.08,3.2,3.07,3.12,98100
LJPC,20141120,11.06,11.45,11.06,11.22,99900
LKFN,20141120,26.6467,27.1,26.6467,26.9867,30500
LKQ,20141120,28.53,29.04,28.53,28.82,968100
LLNW,20141120,2.57,2.77,2.54,2.75,334600
LMAT,20141120,7.05,7.12,7.01,7.12,4100
LMBS,20141120,50.28,50.28,50.28,50.28,0
LMNR,20141120,25.35,25.78,25.35,25.62,11400
LMRK,20141120,18.76,19.04,18.51,19.04,58600
LNDC,20141120,13.35,13.5,13.3,13.43,62600
LOAN,20141120,3.01,3.01,2.89,2.93,28700
LOCO,20141120,27.43,29.45,27.35,28.56,10630300
LOGI,20141120,14.42,14.56,14.37,14.54,292000
LOPE,20141120,46.04,46.74,45.76,46.72,405700
LORL,20141120,73.02,74.54,73.02,74.38,23500
LPCN,20141120,5.15,5.3,5.03,5.09,53700
LPLA,20141120,41.89,42.26,41.7,42.17,331800
LPSN,20141120,12.84,13.15,12.82,13.06,189500
LPTH,20141120,1.23,1.24,1.23,1.23,1700
LQDT,20141120,10.44,10.93,10.28,10.71,1373300
LRCX,20141120,78,78.91,77.92,78.64,1411800
LSBK,20141120,13,13,13,13,0
LSCC,20141120,6.6,6.6,6.42,6.51,399100
LSTR,20141120,75.09,76.55,75.07,76.53,292500
LTBR,20141120,124.2,132.6,121.2,127.2,88000
LTRPA,20141120,25.35,25.81,25.25,25.36,546900
LTRX,20141120,2,2,1.9,1.91,11700
LULU,20141120,45.63,47.18,45.3,45.88,2910600
LUNA,20141120,1.37,1.43,1.37,1.42,4300
LWAY,20141120,17.25,17.39,17.08,17.28,18500
LXRX,20141120,7,7.56,6.72,7,9243700
LYTS,20141120,6.51,6.84,6.51,6.81,31600
MACK,20141120,8.74,9.11,8.7,9.1,2008800
MANH,20141120,37.27,38.34,36.75,38.14,288600
MANT,20141120,29.16,29.75,29.16,29.46,75800
MAR,20141120,76.37,76.41,75.34,75.89,2324700
MARA,20141120,27.8,28.26,26.72,27.9,22200
MARK,20141120,4.88,5.1,4.8,4.97,6700
MARPS,20141120,14.79,14.79,13.86,14.42,2300
MASI,20141120,25.85,26.12,25.51,26.04,245600
MAT,20141120,31.09,31.89,31.09,31.54,2750600
MATW,20141120,46.56,46.97,46.56,46.91,62600
MAYS,20141120,48,48.25,47.5,48,500
MBII,20141120,2.57,2.65,2.53,2.64,104400
MBUU,20141120,17.69,18.26,17.52,18.18,63200
MBWM,20141120,19.01,19.35,18.86,19.19,17400
MCBC,20141120,5.03,5.1,5.02,5.08,25600
MCHP,20141120,43.03,43.57,42.8,43.24,1304500
MCHX,20141120,3.68,3.85,3.63,3.64,710000
MCRI,20141120,16.93,17.2,16.93,17.15,73100
MDIV,20141120,21.8,21.92,21.75,21.92,204800
MDLZ,20141120,38.8,39.02,38.65,38.93,6215500
MDRX,20141120,11.65,12.11,11.65,12.07,2531100
MDWD,20141120,5.69,5.74,5.63,5.69,8400
MDXG,20141120,10.5,10.64,10.35,10.55,480700
MEIP,20141120,6.81,6.96,6.75,6.9,24800
MELI,20141120,134.79,137.6,134.6,135.98,300600
MEOH,20141120,56.63,59.07,56.37,59.03,930800
MERC,20141120,13.75,14.02,13.34,13.79,262000
MGEE,20141120,43.83,44.17,43.82,44.11,61300
MGI,20141120,8.49,8.76,8.46,8.7,223800
MGIC,20141120,7,7.11,7,7.11,38400
MGLN,20141120,60.02,61.21,58.98,60.42,278100
MGNX,20141120,23.53,26.3,23.29,26.1,352800
MGPI,20141120,12.15,12.9,12.15,12.9,109600
MGRC,20141120,34.93,35.49,34.74,35.47,53800
MGYR,20141120,8.64,8.64,8.64,8.64,0
MHLD,20141120,12.72,12.85,12.64,12.78,120100
MICT,20141120,3.81,3.81,3.68,3.68,2000
MIDD,20141120,92.24,93.22,91.59,92.83,143700
MIND,20141120,9.01,9.33,8.94,8.99,80200
MITK,20141120,3.77,3.94,3.64,3.9,367800
MKSI,20141120,35.57,36.38,35.33,35.88,245100
MKTX,20141120,62.76,63.98,62.63,63.94,147300
MLAB,20141120,74.9,75.3,73.16,74.78,22600
MLHR,20141120,30.59,31.12,30.59,31.1,170300
MLVF,20141120,11.32,11.38,11.32,11.38,5400
MMLP,20141120,36.9,37,36.25,36.67,290000
MMSI,20141120,14.55,14.87,14.45,14.81,116700
MMYT,20141120,28.35,29.15,27.94,28.41,172800
MNDO,20141120,3.74,3.8,3.48,3.57,1315200
MNKD,20141120,31.3,32.35,30.6,30.75,4285800
MNOV,20141120,2.98,3.1,2.95,3.1,76000
MNRO,20141120,51.08,52.26,51.08,52.15,204400
MNST,20141120,36.6267,36.8967,36.46,36.73,653800
MNTX,20141120,11.21,11.71,11.15,11.64,82700
MOFG,20141120,25.66,25.98,25.32,25.55,11800
MORN,20141120,66.86,67.27,66.22,66.88,46800
MOSY,20141120,362,362,344,354,92800
MPAA,20141120,33.43,34.22,33.39,33.98,83500
MPB,20141120,15.4,15.41,15.4,15.4,700
MPWR,20141120,45.49,46.23,45.12,46.19,250300
MRCC,20141120,14.11,14.26,13.95,14.26,89200
MRCY,20141120,12.71,13.2,12.71,13.2,82300
MRLN,20141120,18.65,18.8,18.28,18.65,11200
MRNS,20141120,26.8,26.8,25.24,26.28,6100
MRTN,20141120,14.4333,14.5267,14.2533,14.4467,288000
MRTX,20141120,15.82,16.09,15.75,15.91,18200
MRVL,20141120,13.31,13.54,13.14,13.3,5507600
MSEX,20141120,21.5,21.79,21.5,21.62,19500
MSFT,20141120,48,48.7,47.87,48.7,21510500
MSON,20141120,11.1,11.43,10.57,10.63,56700
MSTR,20141120,166.71,169.27,165.56,167,111100
MTBC,20141120,3.25,3.25,3.21,3.21,12700
MTEX,20141120,21.48,22.57,21.01,21.78,13600
MTLS,20141120,10.4,10.48,9.88,9.91,98800
MTRX,20141120,22.25,23.03,22.25,22.82,167000
MTSI,20141120,23.93,24.24,23.53,23.97,442600
MU,20141120,32.73,33.48,32.49,33.21,13613300
MVIS,20141120,1.72,1.88,1.72,1.74,445500
MYGN,20141120,31.86,32.75,31.83,32.01,725500
MYRG,20141120,26.16,26.83,26.16,26.76,55100
NAII,20141120,5.51,5.67,5.29,5.67,18900
NATH,20141120,72.05,72.05,70.95,71.2,5500
NATI,20141120,30.96,31.71,30.96,31.57,304800
NATR,20141120,14.98,15.18,14.95,15.11,15400
NAVI,20141120,20.71,20.87,20.62,20.7,2741800
NBIX,20141120,18.96,19.02,18.37,18.59,473400
NBN,20141120,8.95,9.03,8.95,9.03,5500
NBTB,20141120,24.5,24.88,24.45,24.86,142500
NCMI,20141120,14.07,14.24,14.01,14.09,253600
NCTY,20141120,60.3,61.8,60.3,60.9,18800
NDAQ,20141120,43.69,44.18,43.58,44.16,695000
NDLS,20141120,22.04,22.99,21.88,22.59,695100
NDSN,20141120,77.11,78.32,76.69,77.09,322500
NECB,20141120,6.85,6.85,6.85,6.85,300
NEO,20141120,4.55,4.59,4.46,4.49,281000
NEOG,20141120,30.9825,31.785,30.75,31.74,119200
NEON,20141120,22.3,23.6,22.1,22.9,367000
NEPT,20141120,1.83,1.94,1.8,1.91,68900
NERV,20141120,4.2,4.53,4.18,4.4,19100
NETE,20141120,13.3,18.7,13,18.2,7589100
NEWT,20141120,13.57,14.52,13.54,14.4,104100
NFBK,20141120,13.85,14,13.82,14,99200
NFLX,20141120,51.8314,53.3229,51.5714,52.5914,2203600
NICE,20141120,46.19,46.72,46.1,46.63,167400
NICK,20141120,12.45,12.53,12.43,12.51,25000
NKSH,20141120,30,30.43,29.99,30.07,7400
NKTR,20141120,13.73,14.33,13.61,14.32,741900
NMIH,20141120,8.93,9.03,8.8,8.99,161000
NNBR,20141120,19.65,20.25,19.65,19.9,171100
NRIM,20141120,27.01,27.4,26.66,27.4,6500
NSEC,20141120,14.75,14.75,13.08,13.89,5300
NSIT,20141120,23.68,24.25,23.68,24.14,111400
NSSC,20141120,4.5,4.67,4.4,4.51,21300
NSTG,20141120,12.39,13.33,12.36,13.19,59900
NSYS,20141120,6.44,6.44,6.35,6.44,3400
NTAP,20141120,41.67,42.23,41.61,42.2,2592900
NTCT,20141120,37.27,37.87,37,37.87,194200
NTES,20141120,20.174,20.67,20.042,20.54,602100
NTGR,20141120,33.72,34.52,33.71,34.47,130700
NTIC,20141120,10.725,10.74,10.25,10.275,4900
NTRS,20141120,67.55,68.43,67.39,68.31,789200
NTWK,20141120,4.07,4.1,4.04,4.09,24400
NUAN,20141120,15.08,15.49,15.03,15.32,1791900
NURO,20141120,54.4,54.72,54.4,54.4,19700
NUVA,20141120,42.7,43.53,42.44,43.49,178200
NVAX,20141120,100.6,101.6,98.6,100.8,3693100
NVCN,20141120,6370,6370,6160,6230,6100
NVDA,20141120,4.9675,5.09,4.9525,5.085,5524200
NVEC,20141120,69.72,70,69.58,69.99,6500
NVEE,20141120,11.82,12.1,11.63,12.1,79300
NVFY,20141120,20.25,20.8,19.75,19.95,93300
NVMI,20141120,10.47,10.56,10.39,10.44,29200
NWBI,20141120,12.67,12.81,12.61,12.8,280500
NWFL,20141120,29.16,29.2,28.99,29,1400
NWLI,20141120,265,265,261.25,263.39,2800
NWPX,20141120,33.1,33.15,32.86,33,38600
NWS,20141120,14.36,14.86,14.34,14.76,5445600
NWSA,20141120,14.69,15.21,14.68,15.14,7643500
NXPI,20141120,72.75,74.92,71.8,74.14,2362200
NXST,20141120,46.47,46.93,45.98,46.92,219700
NXTD,20141120,21.5,22.4,20.3,21,238300
NYMT,20141120,8.15,8.2,8.13,8.18,738200
NYMTP,20141120,23.86,23.86,23.7,23.82,7100
NYMX,20141120,0.53,0.69,0.5,0.65,1223900
OBAS,20141120,7.2,7.2,7.2,7.2,0
OBCI,20141120,3.52,3.57,3.5,3.52,3200
OCC,20141120,4.5,4.56,4.5,4.56,3900
OCFC,20141120,16.2,16.41,16.2,16.34,6300
OCUL,20141120,15.81,16.37,15.16,15.42,58200
ODFL,20141120,76.42,77.64,76,77.62,494500
ODP,20141120,66.9,68.8,66.8,68.7,5444400
OFED,20141120,18.96,18.96,18.9,18.9,800
OFIX,20141120,28.11,28.38,27.86,28.33,132600
OFLX,20141120,29.75,31.5,29.75,30.08,2400
OFS,20141120,11.91,11.99,11.8,11.99,24200
OIIM,20141120,1.99,2.03,1.97,1.97,152000
OLED,20141120,27.43,28.45,27.1,28.24,491800
OMAB,20141120,38.18,39.03,37.91,38.36,18000
OMCL,20141120,31.75,32.01,31.5,31.67,119900
OMER,20141120,20.77,21.59,20.1,20.64,442600
OMEX,20141120,13.56,14.04,13.56,13.92,63900
ONB,20141120,14.5,14.67,14.4,14.66,428500
ONCY,20141120,0.68,0.69,0.66,0.66,197700
ONEQ,20141120,182.8,185.07,182.6,184.85,15800
ONTX,20141120,739.5,739.5,702,726,20800
OPHC,20141120,11.2,11.3,10.2,10.5,20300
OPOF,20141120,15.02,15.02,15.02,15.02,0
ORLY,20141120,177.5,179.28,177.31,178.71,407400
ORMP,20141120,6.64,6.9,6.64,6.67,37900
ORRF,20141120,16.86,16.98,16.72,16.88,5600
OSBC,20141120,4.73,4.79,4.7,4.74,7000
OSIS,20141120,68.24,69.66,67.64,69.29,271100
OSTK,20141120,22.95,24.89,22.62,24.77,331400
OSUR,20141120,8.64,8.8,8.56,8.71,334600
OTEX,20141120,28.91,29.21,28.81,28.9,152700
OTIC,20141120,22.35,22.64,22.07,22.36,74700
OTTR,20141120,29.01,29.13,28.68,29.12,79300
OVBC,20141120,23.82,23.82,23.82,23.82,0
OVLY,20141120,10.2,10.45,10.1,10.21,8200
OXBR,20141120,7.01,7.04,6.75,6.79,16100
OXBRW,20141120,2.3,2.3,1.9,2.25,26800
OXLC,20141120,16.4,16.48,16.26,16.44,36900
OXLCO,20141120,24.37,24.37,23.85,24.12,39600
OXLCP,20141120,25.45,25.52,25.26,25.31,62700
PAAS,20141120,10.49,10.8,10.33,10.67,2863200
PACB,20141120,6.51,6.88,6.5,6.82,506600
PACW,20141120,45.06,45.62,44.73,45.59,461500
PAHC,20141120,30.25,31.5,30.01,30.76,142900
PANL,20141120,4.75,4.89,4.74,4.87,2800
PATK,20141120,19.6045,19.84,19.4889,19.7111,23200
PAYX,20141120,47.36,47.48,47.06,47.33,1293100
PBCT,20141120,14.63,14.83,14.6,14.82,1512500
PBHC,20141120,9.65,9.67,9.64,9.65,13500
PBIP,20141120,12.15,12.19,12.15,12.18,9500
PBPB,20141120,12.58,13.36,12.58,13.01,420400
PCAR,20141120,65.75,66.51,65.47,66.49,1308300
PCH,20141120,41.34,41.7,41.29,41.5,196400
PCOM,20141120,14.06,14.06,13.56,13.71,24900
PCRX,20141120,88.9,92.3,88.51,91.71,461000
PCTI,20141120,8.05,8.27,8.05,8.27,2300
PCTY,20141120,27.02,28.71,27,28.27,132300
PCYG,20141120,8.97,9.11,8.92,8.96,35200
PCYO,20141120,5.28,5.36,5.25,5.36,3500
PDBC,20141120,24.55,24.55,24.55,24.55,0
PDCE,20141120,37.95,41.53,37.83,41.34,1040900
PDCO,20141120,47,47.38,46.28,46.77,1513400
PDEX,20141120,2.28,2.38,2.28,2.3,10600
PDFS,20141120,13.28,13.52,13.19,13.48,113400
PEBK,20141120,18.45,18.45,18.35,18.35,600
PEBO,20141120,24.26,24.73,24.16,24.45,19900
PEGA,20141120,20.91,21.14,20.58,21.02,148700
PENN,20141120,13.58,14.03,13.48,13.84,1161100
PERI,20141120,16.56,17.52,16.5,17.19,209400
PESI,20141120,4.32,4.56,4.31,4.41,29000
PETS,20141120,13.23,13.64,13.2,13.59,116400
PFBC,20141120,25.8,25.8,25.41,25.56,8300
PFIE,20141120,3.31,3.41,3.25,3.4,190100
PFIN,20141120,8.23,8.23,8.1,8.1,2400
PFIS,20141120,47.57,49.17,46.5,47.3,3100
PFLT,20141120,14.21,14.26,14.09,14.19,39300
PFMT,20141120,6.92,7.06,6.92,7,198600
PFSW,20141120,10.95,11.15,10.81,10.99,20200
PGC,20141120,17.4,17.83,17.4,17.68,9600
PINC,20141120,33.47,34.01,33.47,33.63,155800
PKBK,20141120,10.1818,10.3,10.0636,10.0818,7700
PKOH,20141120,56.96,57.31,56.35,57.03,9700
PLAB,20141120,8.68,8.89,8.67,8.86,154400
PLAY,20141120,21.24,21.74,21.1,21.51,93300
PLBC,20141120,8.25,8.25,8.05,8.05,2200
PLCE,20141120,53.78,53.78,51.18,53.37,2048900
PLPC,20141120,47.36,49.62,47,48.32,15300
PLUG,20141120,3.9,3.94,3.83,3.94,3130100
PLUS,20141120,34.165,34.55,34.015,34.45,31900
PLXS,20141120,39.1,39.52,38.79,39.38,274200
PMBC,20141120,6.67,7,6.67,6.96,24700
PMD,20141120,14.92,15,14.66,14.96,6200
PME,20141120,1.31,1.31,1,1.02,376200
PNBK,20141120,17.4,17.4,17.4,17.4,200
PNFP,20141120,37.63,38.2,37.63,38.15,98900
PNNT,20141120,10.79,10.89,10.75,10.85,319400
PNQI,20141120,67.55,68.25,67.5,68.06,30700
PNRG,20141120,66,66,66,66,0
PODD,20141120,44.02,45.77,43.73,45.46,393600
POOL,20141120,58.17,58.93,58.15,58.73,137100
POWI,20141120,24.84,25.29,24.78,25.16,106300
POWL,20141120,43.32,43.85,43.1,43.75,75100
PPBI,20141120,16.11,16.3,16,16.22,19200
PPC,20141120,31,32.25,31,31.7,2498700
PPSI,20141120,9.08,9.19,8.95,9.19,3700
PRAA,20141120,57.5,57.72,56.6,57.09,527200
PRFT,20141120,16.41,16.74,15.83,16.73,96200
PRFZ,20141120,97.99,99.35,97.98,99.27,39200
PRGS,20141120,25.64,26,25.64,25.86,484400
PRIM,20141120,26.37,27.11,26.37,26.96,121200
PROV,20141120,15.2,15.3,15.03,15.03,9200
PRPH,20141120,1.45,1.45,1.38,1.4,6000
PRQR,20141120,12.34,14,12.22,13.9,95300
PRTA,20141120,22.17,22.82,21.81,22.26,146300
PRTK,20141120,19.46,19.93,19.46,19.64,11700
PRTS,20141120,2.76,2.84,2.73,2.8,14000
PSCC,20141120,52.72,53.16,52.72,53.1,6900
PSCD,20141120,48.48,48.94,48.48,48.85,3700
PSCE,20141120,36.24,36.82,36.24,36.82,8300
PSCF,20141120,40.27,40.56,40.17,40.49,5900
PSCH,20141120,57.51,58.49,57.48,58.4,6300
PSCI,20141120,44.61,45.02,44.44,45.02,2000
PSCM,20141120,42.55,43.37,42.55,43.37,10700
PSCT,20141120,46.99,47.88,46.99,47.88,23700
PSCU,20141120,37.56,37.69,37.48,37.61,3500
PSEC,20141120,9.68,9.7,9.6,9.66,3112300
PSMT,20141120,93.4,94.32,92.93,94.25,67400
PSTI,20141120,26.2,26.4,26,26,111900
PTC,20141120,37.55,37.81,37.34,37.74,816800
PTCT,20141120,38.87,40.17,38.78,39.44,101800
PTEN,20141120,20.38,21.34,20.34,21.28,7586600
PTNR,20141120,5.86,5.93,5.82,5.87,34800
PTSI,20141120,42.85,44.92,41.38,44.39,27400
PWOD,20141120,30.14,30.7467,29.7667,29.94,17500
PXLW,20141120,4.84,4.98,4.74,4.87,309200
PZZA,20141120,48.92,51.41,48.89,51.2,349500
QABA,20141120,35.79,36.19,35.79,36.19,122500
QADA,20141120,19.69,19.74,19.39,19.65,3800
QADB,20141120,17,17,17,17,0
QAT,20141120,26.47,26.57,26.46,26.56,33000
QCLN,20141120,17.56,17.85,17.56,17.85,33800
QCOM,20141120,70.11,70.84,69.6,70.71,12030300
QCRH,20141120,17.81,17.81,17.76,17.76,1800
QDEL,20141120,27.38,27.86,26.92,27.48,125800
QIWI,20141120,28.21,29.22,28.21,28.65,162300
QLYS,20141120,32.88,33.86,32.83,33.52,242200
QNST,20141120,4.32,4.44,4.22,4.42,152700
QQEW,20141120,41.84,42.28,41.84,42.22,84900
QQQ,20141120,102.77,103.76,102.69,103.67,22874000
QQQX,20141120,20.37,20.47,20.28,20.37,132400
QQXT,20141120,39.02,39.25,38.86,39.08,21900
QRHC,20141120,11.76,12.16,11.6,11.92,40100
QTEC,20141120,42.68,43.2,42.66,43.16,41500
QTNT,20141120,13.15,13.32,13,13.28,5100
QUIK,20141120,44.1,45.78,43.96,44.94,306800
QUMU,20141120,14.98,14.98,14.42,14.67,12900
QURE,20141120,11.8,12.24,11.74,12,29600
QYLD,20141120,24.1,24.19,24.1,24.1,70800
RADA,20141120,5,5.48,4.94,5.08,573100
RAIL,20141120,31.12,32.17,30.61,31.96,177000
RAND,20141120,30.6,31.5,29.88,31.5,53800
RARE,20141120,44.07,44.93,43.32,44.67,113300
RAVN,20141120,23.75,23.98,22.8,22.89,232900
RBCAA,20141120,23.01,23.2,22.89,23.17,25900
RBCN,20141120,46,49.7,45.7,49.5,437700
RCII,20141120,31.59,32.37,31.59,32.18,746600
RCKY,20141120,14.6,14.75,14.6,14.68,16900
RCMT,20141120,8.08,8.29,8,8.09,11000
RCON,20141120,18.45,18.7,17.5,17.65,21500
RDCM,20141120,10.21,10.8,10.2,10.65,211800
RDHL,20141120,8.23,8.23,8.23,8.23,900
RDI,20141120,11.47,12.08,11.47,12.02,119800
RDIB,20141120,12.36,12.36,12.36,12.36,100
RDNT,20141120,7.98,8.31,7.86,8.17,395300
RDUS,20141120,23.18,23.27,22.82,23.16,63300
RDVY,20141120,22,22.04,22,22.03,5800
RDWR,20141120,20.86,20.98,20.42,20.7,267600
REFR,20141120,4.84,4.95,4.83,4.89,11900
REGI,20141120,10.21,10.76,10.21,10.75,521800
REGN,20141120,413.21,417.86,405.96,406,645900
RELL,20141120,10.1,10.16,10.05,10.14,15600
RENT,20141120,78.73,81.89,78.1,81.61,231000
REPH,20141120,2.72,2.72,2.67,2.72,27900
RESN,20141120,8.61,8.61,7.87,8.5,104000
RFIL,20141120,4.4,4.46,4.39,4.39,14800
RGCO,20141120,14.0333,14.0333,14.0333,14.0333,500
RGEN,20141120,23.06,23.31,22.73,22.87,143100
RGLD,20141120,69.34,70.96,68.82,70.57,760600
RGLS,20141120,194.76,194.76,183.12,188.28,1063900
RIBT,20141120,4.02,4.34,4.02,4.22,99300
RICK,20141120,10.26,10.3,10.04,10.1,67200
RIGL,20141120,1.95,2.05,1.91,2.04,298500
RMBS,20141120,11.22,11.56,11.22,11.55,361800
RMCF,20141120,12.5,12.65,12.41,12.54,14900
RMTI,20141120,9.09,9.2,8.81,8.91,4039700
RNA,20141120,11.14,11.67,11.04,11.51,78900
RNST,20141120,28.53,29.08,28.38,28.97,44500
RNWK,20141120,6.66,6.79,6.64,6.73,43900
ROCK,20141120,14.24,14.76,14.22,14.69,75300
ROIC,20141120,16.08,16.28,16.08,16.21,157100
ROLL,20141120,62.11,62.97,62,62.82,44800
ROST,20141120,41.18,41.77,41.025,41.605,2362800
RPRX,20141120,8.86,9.06,8.66,8.98,412400
RRGB,20141120,66.33,67.91,65.85,66.99,152700
RUSHA,20141120,23.1933,23.64,23.1933,23.6067,96700
RUSHB,20141120,20.22,20.4067,19.9267,20.4067,10500
RUTH,20141120,12.67,13,12.67,12.92,214500
RVNC,20141120,15.94,16.32,15.9,16.1,148100
RVSB,20141120,4.16,4.2,4.06,4.06,24900
RWLK,20141120,666.25,681.25,657,667.75,156500
RXDX,20141120,6.33,6.55,6.25,6.28,12100
RYAAY,20141120,61.61,62.57,61.57,62.32,295300
SABR,20141120,18.17,18.65,18.04,18.56,428000
SAFM,20141120,88.47,89.47,87.33,87.94,760300
SAFT,20141120,59.95,61.17,59.95,60.82,33700
SAGE,20141120,37.13,37.59,36.3,37.09,62000
SAIA,20141120,52.94,53.65,52.64,53.51,185300
SAL,20141120,27.05,27.05,27.05,27.05,0
SALM,20141120,7.87,8.06,7.81,8.01,36400
SAMG,20141120,14.38,14.95,14.19,14.75,24700
SANM,20141120,24.23,24.7,24.1,24.58,486400
SANW,20141120,3.52,3.78,3.47,3.68,81900
SASR,20141120,24.14,24.5,23.91,24.22,44400
SATS,20141120,40.5681,42.6075,40.5438,42.38,301200
SBAC,20141120,114.4,116.21,113.7,116.14,947400
SBCF,20141120,13.05,13.13,12.96,13.03,820000
SBFG,20141120,9.2,9.38,9.2,9.29,7700
SBGI,20141120,27.09,27.68,26.98,27.64,937400
SBLK,20141120,42.7,43.15,40.9,41.45,653800
SBNY,20141120,120.89,122.58,120.84,122.46,264700
SBRA,20141120,27.57,27.87,27.35,27.83,291400
SBSI,20141120,32.41,32.8,32.41,32.73,20100
SBUX,20141120,38.83,39.32,38.825,39.1,3143500
SCHL,20141120,34.53,35.26,34.29,35.21,59500
SCHN,20141120,22.8,23.47,22.71,23.35,133000
SCOR,20141120,42.93,43.51,42.64,43.14,157200
SCSC,20141120,38.1,38.4,37.84,38.12,97200
SCVL,20141120,18.49,19.33,18.49,19.24,51600
SCYX,20141120,93.5,99.5,93.5,96.4,7300
SEAC,20141120,6.69,6.81,6.68,6.72,66400
SEED,20141120,16.7,16.7,16.2,16.4,9000
SEIC,20141120,38.54,38.97,38.5,38.82,576900
SENEA,20141120,26.42,26.79,26.42,26.66,9400
SENEB,20141120,30.5,30.5,30.5,30.5,0
SFBC,20141120,18.75,18.75,18.75,18.75,200
SFM,20141120,31.37,31.72,31.32,31.4,571000
SFNC,20141120,19.885,20.365,19.825,20.22,30300
SFST,20141120,16.09,16.31,15.63,16.31,8700
SGC,20141120,23.99,23.99,23.99,23.99,400
SGEN,20141120,36.14,37.05,35.78,36.6,669100
SGMA,20141120,7.36,7.42,7.33,7.33,14200
SGMO,20141120,11.4,11.64,11.2,11.53,344100
SGMS,20141120,12.43,13.33,12.35,13.28,1404200
SGOC,20141120,5.8,6.08,5.8,6,37400
SGRP,20141120,1.61,1.68,1.52,1.54,13200
SHBI,20141120,9.35,9.4,9.35,9.39,2500
SHEN,20141120,14.635,15.245,14.635,15.22,53200
SHIP,20141120,1560,1680,1560,1572,600
SHOO,20141120,21.82,22.2733,21.82,22.2467,312800
SHY,20141120,84.7,84.71,84.66,84.68,723600
SIEB,20141120,2.44,2.44,2.17,2.27,12700
SIEN,20141120,17.4,17.4,17.03,17.34,61700
SIFY,20141120,1.63,1.64,1.6,1.61,81000
SIGA,20141120,1.66,1.7,1.64,1.64,95700
SIGI,20141120,26.07,26.55,26.07,26.52,114100
SILC,20141120,33.14,34.99,33.14,34.6,31200
SIMO,20141120,22.17,23.47,22.15,23.45,512500
SINO,20141120,9,9.4,9,9.35,41600
SIRI,20141120,3.52,3.55,3.49,3.55,22046700
SIVB,20141120,108.08,109.2,107.63,109.13,241000
SKOR,20141120,50.17,50.17,50.17,50.17,600
SKYW,20141120,11.47,11.97,11.35,11.86,489900
SKYY,20141120,28,28.18,27.95,28.15,85500
SLAB,20141120,44.32,45.06,43.68,44.98,223100
SLCT,20141120,6.9,6.93,6.8,6.93,12900
SLGN,20141120,24.555,24.79,24.555,24.76,106800
SLM,20141120,9.78,9.8,9.57,9.6,4329700
SLMBP,20141120,70.5,70.5,69.55,69.55,1100
SLP,20141120,6.53,6.53,6.11,6.41,28200
SLRC,20141120,18.55,18.58,18.41,18.51,195500
SLVO,20141120,11.66,11.7,11.64,11.7,18700
SMBC,20141120,19,19,19,19,0
SMCI,20141120,33.08,33.45,32.3,33.35,473400
SMED,20141120,4.3,4.33,4.26,4.28,45800
SMIT,20141120,2.94,2.99,2.94,2.99,1400
SMLR,20141120,2.45,2.45,2.45,2.45,1000
SMMF,20141120,11.75,11.97,11.67,11.8,17800
SMPL,20141120,16.15,16.75,16.1,16.23,30700
SMSI,20141120,3.52,3.72,3.52,3.56,93400
SMTC,20141120,23.2,24.77,22.84,24.45,753200
SNCR,20141120,42.17,43.85,41.89,43.12,1286100
SNFCA,20141120,5.18,5.18,5.1,5.15,1000
SNPS,20141120,41.69,42.15,41.67,42.13,347900
SOCL,20141120,18.74,19.02,18.7,18.93,148900
SOHO,20141120,7.5,7.71,7.5,7.62,38000
SOHU,20141120,47.51,48.8,47.31,48.26,259800
SOXX,20141120,87.94,89.48,87.79,89.38,217100
SP,20141120,21.51,21.55,21.23,21.37,41500
SPCB,20141120,11.14,11.39,10.6,11.34,154500
SPLK,20141120,62.8,65.11,62.06,64.94,2583100
SPNS,20141120,7.44,7.56,7.36,7.53,37000
SPOK,20141120,15.61,16.17,15.35,16.15,41300
SPPI,20141120,7.17,7.32,7.15,7.31,511800
SPRO,20141120,1.54,1.65,1.54,1.58,3900
SPSC,20141120,57.67,59,57.67,58.58,34000
SPTN,20141120,22.87,23.21,22.81,23.18,70000
SPWH,20141120,6.84,7.17,6.84,7.09,49600
SPWR,20141120,27.5,29.23,27.36,29.09,2242000
SQQQ,20141120,2484.8,2491.2,2415.2,2420.8,3769900
SRCE,20141120,30.86,31.39,30.43,31.21,17100
SRCL,20141120,127.29,127.32,126.4,126.76,316300
SRDX,20141120,21.13,21.77,20.81,21.25,52600
SREV,20141120,3.97,4.12,3.96,4.05,360500
SRNE,20141120,3.81,4.03,3.8,3.81,62400
SRPT,20141120,15.53,16.22,15.36,15.78,885500
SSB,20141120,60.55,62,60.55,61.81,27300
SSBI,20141120,14.01,14.01,13.85,13.95,9600
SSNC,20141120,49.23,50.17,48.99,49.98,114100
SSYS,20141120,102.84,103.55,101.17,101.95,1254800
STAA,20141120,8.59,8.9,8.58,8.85,390800
STBA,20141120,27.15,27.61,27.05,27.55,27600
STFC,20141120,20.06,20.76,20.01,20.27,31300
STKL,20141120,12.06,12.4,12.03,12.32,136400
STLD,20141120,21.96,22.62,21.8,22.62,2178500
STRA,20141120,75.37,76.6,75.15,76.06,93700
STRL,20141120,6.6,6.78,6.59,6.66,56300
STRM,20141120,3.95,4.19,3.79,4.1,214400
STRN,20141120,5,5.04,5,5.02,2200
STRS,20141120,13.38,13.7,13.35,13.7,5100
STRT,20141120,104.5,106,103.52,105.76,14100
STX,20141120,64.3,65.55,64.11,65.54,2288700
SUMR,20141120,25.02,25.47,24.39,25.2,25800
SUNS,20141120,15.05,15.37,15.05,15.29,37000
SUPN,20141120,8.76,9.14,8.7,8.98,594900
SURG,20141120,3.54,3.65,3.54,3.59,66000
SVBI,20141120,4.59,4.61,4.53,4.56,4200
SVVC,20141120,22.35,22.51,22.35,22.36,20800
SWIR,20141120,36.8,38.35,36.31,38.12,927900
SWKS,20141120,63.2,64.91,62.81,64.66,3036800
SYBT,20141120,20.88,21.24,20.8667,21.0867,10900
SYNA,20141120,61.55,62.28,60.94,61.16,1131100
SYNL,20141120,15.66,16.05,15.6,15.97,7300
SYPR,20141120,2.71,2.71,2.61,2.67,7400
TACT,20141120,5.61,5.64,5.48,5.48,15100
TAIT,20141120,1.03,1.03,1,1.02,1200
TAST,20141120,7.62,7.88,7.62,7.71,63700
TATT,20141120,6.65,6.72,6.6,6.7,1400
TAYD,20141120,9.56,9.56,9.32,9.45,2500
TBBK,20141120,9.15,9.44,9.1,9.43,182400
TBK,20141120,12.75,13.01,12.7,12.99,23800
TBNK,20141120,20.65,20.77,20.55,20.76,16600
TBPH,20141120,16.22,16.22,15.57,15.95,141400
TCBI,20141120,57.47,58.37,57.07,58.3,619800
TCBK,20141120,25,25.54,24.89,25.53,37400
TCFC,20141120,20.28,20.7,20.28,20.67,2400
TCPC,20141120,17.19,17.54,17.1,17.47,350600
TCX,20141120,17.21,17.44,17.16,17.42,44700
TDIV,20141120,27.66,27.91,27.61,27.91,146500
TECH,20141120,88.62,89.78,88.62,89.76,139300
TEDU,20141120,13.23,13.39,12.56,12.63,367800
TENX,20141120,76.6,77.8,74.8,77.4,325600
TESS,20141120,28.08,29.4,28.08,29.2,19500
TFSL,20141120,15.04,15.22,15,15.15,182400
TGA,20141120,3.73,3.87,3.71,3.85,280500
TGLS,20141120,10.1,10.25,10.1,10.1,2600
TGTX,20141120,14.34,14.59,14.18,14.41,222500
THFF,20141120,33.55,33.76,33.4,33.68,7600
THRM,20141120,39.5,40.72,39.5,40.52,279400
THRX,20141120,13.44,14.1,13.36,14.01,739700
TIGR,20141120,0.75,0.82,0.73,0.82,32200
TILE,20141120,14.97,15.66,14.95,15.6,393300
TIPT,20141120,7.36,7.48,7.28,7.35,6800
TITN,20141120,13.93,14.44,13.93,14.27,106300
TLT,20141120,119.9,119.95,119.06,119.38,5683500
TNDM,20141120,15.11,15.11,14.3,14.47,23500
TNXP,20141120,7150,7240,7020,7060,25600
TOPS,20141120,1630000,1670000,1580000,1610000,51400
TOUR,20141120,15.03,15.05,14.15,14.54,518400
TOWN,20141120,14.5,14.58,14.32,14.53,35600
TQQQ,20141120,15.9817,16.445,15.9417,16.4117,2074000
TREE,20141120,45,45.5,43.64,44.48,183300
TRIB,20141120,17.07,17.36,16.68,17.04,85100
TRIP,20141120,71.43,72.28,70.76,71.45,2404800
TRMB,20141120,28.03,28.41,28.03,28.24,1361500
TRMK,20141120,23.9,24.26,23.81,24.26,184300
TRNS,20141120,9.98,10.16,9.76,9.8,10700
TROW,20141120,81.51,82.32,81.34,82.03,714300
TRS,20141120,31.24,31.76,31.24,31.73,149500
TRST,20141120,6.95,7.04,6.92,7.02,344900
TRUE,20141120,18,18.25,17.52,18.05,1854800
TRVN,20141120,5.35,5.75,5.2,5.23,44400
TSBK,20141120,10.68,10.68,10.68,10.68,400
TSC,20141120,9.74,10.05,9.7,10.02,204300
TSCO,20141120,75.24,76.2,74.87,75.31,855600
TSEM,20141120,11.1,11.89,11.02,11.78,926700
TSLA,20141120,49.6,50.186,49.2,49.742,3587200
TSRI,20141120,3.42,3.42,3.42,3.42,0
TTEC,20141120,23.41,23.95,23.12,23.93,124400
TTEK,20141120,27.18,27.45,27.18,27.4,274200
TTGT,20141120,10.3,10.38,10.22,10.3,90600
TTMI,20141120,6.67,6.84,6.67,6.83,340500
TTOO,20141120,16.02,16.03,15.11,15.31,29700
TTWO,20141120,26.7,27.1,26.56,26.94,918700
TW,20141120,112.68,113,112.23,112.82,301800
TWIN,20141120,22.72,23.06,22.69,22.97,35900
TWOU,20141120,17.24,17.77,17.12,17.68,178100
TXN,20141120,51.75,52.26,51.5,52.23,4759800
TXRH,20141120,31.11,31.6,31,31.3,825600
TZOO,20141120,12.47,12.68,12.37,12.5,44300
UAE,20141120,22.86,22.9,22.82,22.82,1000
UBCP,20141120,8,8.15,8,8.15,3600
UBFO,20141120,5.58,5.58,5.41,5.49,2400
UBOH,20141120,14.75,14.75,14.6,14.6,600
UBSI,20141120,34.76,35.3,34.67,35.29,103500
UCBI,20141120,17.71,18.12,17.56,18.1,133600
UCTT,20141120,8,8.32,7.97,8.22,137400
UEIC,20141120,59.82,61.2,59.68,60.63,93600
UEPS,20141120,12.3,12.51,12.09,12.48,142500
UFCS,20141120,27.81,28.56,27.81,28.44,50100
UFPI,20141120,48.36,49.98,48.36,49.91,33100
UFPT,20141120,21.17,21.65,21.17,21.53,3900
UG,20141120,19.97,20.75,19.97,20.15,3800
UHAL,20141120,283.1,283.1,277.36,277.38,37900
UIHC,20141120,18.73,19.08,18.7,18.78,90900
ULBI,20141120,3,3.18,2.94,2.98,6100
ULTA,20141120,127.19,128.32,126.82,127.04,477800
UMBF,20141120,56.94,57.53,56.77,57.5,155300
UMPQ,20141120,17,17.19,16.97,17.19,2367000
UNAM,20141120,11.35,11.85,11.35,11.79,3200
UNB,20141120,24.5,24.5,24.41,24.41,200
UNTY,20141120,9.06,9.06,9.06,9.06,0
UPLD,20141120,10.8,10.99,10.54,10.9,38100
URBN,20141120,29.5,31.84,29.46,31.61,7320500
USAK,20141120,18.24,18.28,18.01,18.26,11500
USAP,20141120,25.42,26.37,25.42,26.17,14200
USEG,20141120,111,115.8,111,114,121000
USLM,20141120,71.46,72.73,71.37,72.27,3600
UTHR,20141120,127.48,129.85,126.11,129.22,443400
UTMD,20141120,57.8,58.99,55.68,57.74,4300
UTSI,20141120,2.5,2.63,2.49,2.62,33000
UVSP,20141120,19.71,20.16,19.62,19.99,21300
VALU,20141120,15.4,15.4,15.05,15.32,2300
VBFC,20141120,21,21,21,21,0
VBIV,20141120,2.46,2.46,2.3,2.3,2000
VBLT,20141120,6.4,6.42,6.15,6.2,16700
VBTX,20141120,15.69,16.65,14.66,15.93,5400
VCIT,20141120,86.01,86.13,85.82,86,284700
VCLT,20141120,90,90,89.5,89.82,33800
VCSH,20141120,80.01,80.01,79.92,79.94,512800
VCYT,20141120,6.51,6.67,6.35,6.61,79300
VECO,20141120,35.27,36.14,34.88,36.12,188900
VGIT,20141120,64.4,64.4,64.21,64.33,92300
VGLT,20141120,74.39,74.44,73.94,74.04,126600
VGSH,20141120,61.03,61.06,61.01,61.03,31000
VIA,20141120,73.25,74.45,73.1,74.07,25800
VICR,20141120,11.62,11.98,11.6,11.72,117900
VIEW,20141120,1.57,1.57,1.57,1.57,500
VIRC,20141120,2.46,2.46,2.46,2.46,100
VIVO,20141120,16.1,16.26,16.06,16.09,289900
VLGEA,20141120,25.4,25.5,24.94,25.13,8900
VMBS,20141120,53.08,53.08,52.98,53.07,50900
VNDA,20141120,11.61,12.17,11.56,11.99,363400
VNET,20141120,19.84,20.51,19.3,20.36,1372400
VNOM,20141120,18.9,19.51,18.75,19.51,256400
VNQI,20141120,55.46,55.65,55.4,55.6,87400
VOD,20141120,35.28,35.68,35.25,35.4,4393600
VONE,20141120,94.17,94.68,94.1,94.62,12600
VONG,20141120,97.5,98.34,97.5,98.22,13100
VONV,20141120,90.96,91.15,90.96,91.02,6300
VOXX,20141120,8.28,8.48,8.23,8.27,215400
VRA,20141120,21.32,22.05,21.32,22.02,146700
VRNS,20141120,22.27,23.13,22.27,23.03,69600
VRNT,20141120,57.92,59.07,57.89,58.99,443800
VRSK,20141120,62.12,62.4,61.78,62.18,401900
VRSN,20141120,59.24,59.98,59.06,59.73,933900
VRTS,20141120,154.17,159.68,153.88,157.43,93000
VRTX,20141120,112.88,113,109.34,112.89,2557300
VSAT,20141120,65.28,66.05,64.86,66,312800
VSEC,20141120,28.15,28.15,27.605,27.93,4600
VSTM,20141120,8.8,8.9,8.61,8.81,244800
VTHR,20141120,94.03,94.63,94.03,94.49,8200
VTIP,20141120,49.37,49.38,49.32,49.36,107500
VTNR,20141120,4.11,4.2,3.95,4.06,721400
VTWG,20141120,99.44,100.06,99.42,99.96,10300
VTWO,20141120,92.28,93.73,92.23,93.71,70900
VTWV,20141120,85.94,87.22,85.94,87.22,7300
VWOB,20141120,78.64,78.74,78.63,78.66,20300
VXUS,20141120,50.18,50.39,50.11,50.34,196900
WABC,20141120,48.89,49.5,48.66,49.46,77100
WAFD,20141120,21.59,21.98,21.31,21.97,234900
WASH,20141120,36.41,37.1,36.26,37.06,11400
WATT,20141120,9.05,9.7,9.05,9.64,45900
WB,20141120,17.86,18.5,17.72,18.12,696800
WDAY,20141120,90.84,92.72,90.1,91.65,1007300
WDC,20141120,99.94,101.81,99.08,101.77,1199600
WDFC,20141120,74.92,75.74,74.73,75.65,17200
WEN,20141120,8.46,8.61,8.46,8.57,1950100
WERN,20141120,28.27,28.76,28.23,28.74,281600
WETF,20141120,15.3,15.37,15.02,15.31,1812100
WEYS,20141120,27.88,28.49,27.61,27.74,9500
WHF,20141120,12.4,12.57,12.28,12.57,28800
WHLM,20141120,5.66,5.66,5.65,5.66,3600
WHLR,20141120,34,34.96,33.76,34.48,22000
WHLRP,20141120,22.84,23.39,22.51,23.03,3700
WILC,20141120,6.53,6.7,6.53,6.7,8100
WINA,20141120,80.14,80.99,79.63,80.84,8300
WIRE,20141120,37.22,37.83,37.14,37.75,79100
WIX,20141120,19.94,20.48,19.63,20.46,157200
WLDN,20141120,16.85,17.63,16.85,17.28,132800
WLFC,20141120,22.21,22.21,21.85,21.98,5700
WOOD,20141120,51.13,51.42,51.13,51.26,4900
WOOF,20141120,46,46.18,45.78,46,376300
WPRT,20141120,5.71,5.88,5.7,5.72,774900
WRLD,20141120,77.96,78.35,76.36,76.79,125400
WSBC,20141120,33.27,33.99,33.12,33.93,50600
WSBF,20141120,12.2,12.35,12.16,12.32,56000
WSFS,20141120,25.3267,25.8433,25.3267,25.7467,19500
WSTG,20141120,17.52,17.68,17.19,17.25,6000
WTBA,20141120,15.6,15.93,15.36,15.83,14300
WTFC,20141120,44.87,45.36,44.63,45.3,140400
WVFC,20141120,10.86,10.95,10.85,10.95,4500
WVVI,20141120,5.55,5.82,5.54,5.82,1500
WWD,20141120,50.69,51.59,50.57,51.53,299600
WYNN,20141120,179.71,181.69,174.9,177.85,2655700
XENE,20141120,13.61,13.65,12.84,13.17,65900
XENT,20141120,17.46,17.62,17.26,17.6,26900
XLNX,20141120,43.78,44.37,43.77,44.25,1736000
XLRN,20141120,31.71,35.12,31.46,34.28,226300
XNCR,20141120,11.01,11.01,10.3,10.47,93500
XNET,20141120,10.68,10.9,9.81,9.93,227100
XOMA,20141120,84,92,83.2,90.8,3690800
XONE,20141120,21.4,21.58,20.85,21.14,263300
XRAY,20141120,52.91,53.68,52.91,53.51,808400
XTLB,20141120,11.7,11.7,10.65,10.8,5300
YNDX,20141120,25.68,26.21,25.68,26.15,1719800
YORW,20141120,20.5,20.72,20.49,20.66,13300
YY,20141120,73.06,75,72.1,74.61,1344900
Z,20141120,120.4,122.03,115.75,116.36,1533400
ZBRA,20141120,69.91,70.35,69.46,69.84,349400
ZEUS,20141120,17.03,17.63,17,17.56,51000
ZGNX,20141120,9.68,10,9.44,9.68,2836600
ZION,20141120,28.45,29,28.38,28.99,1849300
ZIOP,20141120,3.59,3.8,3.51,3.71,877000
ZIXI,20141120,3.23,3.33,3.21,3.31,153700
ZNGA,20141120,2.65,2.74,2.64,2.69,8988400
ZUMZ,20141120,33.97,35.77,33.93,35.52,218100
