AAL,20140716,44,44,43.3,43.48,6371400
AAME,20140716,3.92,3.92,3.78,3.82,17500
AAOI,20140716,23.3,23.3,22.48,22.51,159200
AAON,20140716,21.4933,21.7867,21.04,21.2667,92300
AAPL,20140716,24.24,24.275,23.685,23.695,53502400
AAWW,20140716,36.04,37.05,35.8,36.73,247600
AAXJ,20140716,64.12,64.12,63.87,63.87,283000
ABCB,20140716,21.41,21.58,21.05,21.1,43200
ABIO,20140716,185.22,186.48,176.4,181.44,242900
ABMD,20140716,25.02,25.09,24.55,24.56,122900
ACAD,20140716,20.91,20.91,19.9,20.25,1537200
ACET,20140716,17.59,17.69,17.23,17.4,132500
ACGL,20140716,19.1667,19.2767,18.9933,19.0167,161200
ACHC,20140716,45.98,46.72,45.65,45.88,178800
ACIW,20140716,18.14,18.37,17.58,17.62,1001300
ACLS,20140716,7.2,7.28,7.16,7.24,347700
ACNB,20140716,19.9,19.9,19.32,19.53,5100
ACOR,20140716,30.45,30.75,29.9,30.17,339800
ACRX,20140716,10.24,10.24,9.62,9.66,629100
ACST,20140716,10.4,10.4,9.4,9.7,764100
ACTG,20140716,15.08,15.47,14.73,15.42,518700
ACWI,20140716,60.83,60.84,60.65,60.78,563800
ACWX,20140716,48.23,48.29,48.17,48.26,76900
ADBE,20140716,72.55,72.87,72.19,72.38,1512600
ADES,20140716,22.6,22.6,22.01,22.12,218500
ADI,20140716,53.83,54.06,53.51,53.67,1787400
ADMP,20140716,4,4,3.58,3.7,343700
ADMS,20140716,16.38,17.27,16.38,16.87,84000
ADP,20140716,70.7286,70.834,70.5179,70.6759,984800
ADRE,20140716,40.54,40.58,40.31,40.37,18800
ADSK,20140716,55.72,55.79,55.24,55.42,1064500
ADTN,20140716,23,23.06,20.94,22.71,2195500
ADUS,20140716,21.67,22.06,21.67,21.93,60500
ADXS,20140716,42.6,42.75,41.55,42,88400
AEHR,20140716,2.92,2.95,2.78,2.78,6500
AEIS,20140716,18.07,18.16,17.66,17.97,209800
AERI,20140716,24.13,24.2,22.51,23.21,206900
AEY,20140716,2.55,2.6,2.55,2.56,52100
AEZS,20140716,123,123,117,117,906200
AGEN,20140716,3.11,3.11,3,3.08,599200
AGIO,20140716,37.53,37.88,34.55,34.72,432200
AGNC,20140716,23.05,23.12,23.01,23.08,2706400
AGNCP,20140716,26.29,26.45,26.06,26.18,6100
AGRX,20140716,7.01,7.09,6.99,7,27300
AGTC,20140716,18.14,18.14,16.55,17.92,116600
AGYS,20140716,13.64,13.64,13.45,13.46,34800
AGZD,20140716,49.9,50.02,49.8,50.01,11400
AHPI,20140716,2.25,2.29,2.25,2.28,19100
AIMC,20140716,36.39,36.59,35.86,36.24,105800
AINV,20140716,26.37,26.4,26.01,26.19,3058500
AIQ,20140716,29,29.26,28.54,28.76,22000
AIRR,20140716,19.02,19.02,18.72,18.72,81200
AIRT,20140716,12.72,12.72,12.35,12.37,4700
AKAM,20140716,59.72,59.86,58.8,59.11,1977200
AKBA,20140716,24.24,24.68,23.5,23.95,116600
ALCO,20140716,37.92,38.35,37.92,38.29,4500
ALDX,20140716,5.58,5.75,4.75,5.35,35300
ALGN,20140716,54.35,54.45,53.5,53.92,590700
ALGT,20140716,123.29,123.71,120.43,120.95,54000
ALIM,20140716,5.81,5.87,5.61,5.76,81800
ALKS,20140716,46.85,47.23,45.11,45.25,894200
ALLT,20140716,13.19,13.21,13.05,13.1,98400
ALNY,20140716,53.56,54.22,52.76,53.77,613600
ALOT,20140716,13.77,13.79,13.32,13.45,8100
ALTR,20140716,34.82,35.2,34.81,34.93,1841300
AMAT,20140716,22.99,23.16,22.77,22.85,18058600
AMBA,20140716,30.86,30.98,30.05,30.23,365200
AMCX,20140716,61.94,64.32,61.89,63.61,2957500
AMD,20140716,4.6,4.77,4.57,4.66,61927400
AMED,20140716,15.73,15.91,15.5,15.85,201600
AMGN,20140716,117.85,117.85,116.27,117.71,4087000
AMKR,20140716,11.12,11.15,10.88,10.97,2360500
AMNB,20140716,22.06,22.06,21.61,21.71,9900
AMOT,20140716,12.91,13.19,12.81,12.84,11700
AMPH,20140716,9.52,9.95,9.5,9.65,216100
AMRK,20140716,12.02,12.04,11.95,11.95,18300
AMRN,20140716,1.57,1.58,1.48,1.51,1978300
AMRS,20140716,58.05,59.25,54.15,54.45,266000
AMSC,20140716,17.9,21,17.5,20.6,11485300
AMSF,20140716,40.68,40.68,39.14,39.41,94100
AMSWA,20140716,9.37,9.67,9.1,9.53,79900
AMTX,20140716,10.55,12.79,10.54,12.16,799100
AMWD,20140716,31.56,31.92,31.31,31.51,61400
AMZN,20140716,355.62,359.32,353,355.9,3505000
ANAT,20140716,115.5,115.8,114.04,114.37,8400
ANDE,20140716,53.84,53.87,53.15,53.35,199400
ANGI,20140716,10.67,10.74,10.38,10.5,590200
ANGO,20140716,14.96,14.96,14.56,14.66,82100
ANIK,20140716,48.98,49.47,47.95,48.01,176900
ANIP,20140716,33.96,34.05,31.75,31.97,205300
ANSS,20140716,76.38,76.38,75.22,75.54,455800
ANY,20140716,8.46,8.81,8.35,8.8,30100
AOSL,20140716,9.4,9.4,9.25,9.3,80000
APEI,20140716,33.6,34.01,33.46,33.66,45500
APOG,20140716,33.29,33.29,32.88,33.05,105400
APWC,20140716,2.7,2.7,2.65,2.7,38200
ARAY,20140716,8.47,8.5,8.31,8.33,345600
ARCB,20140716,42.22,42.78,41.66,41.92,142600
ARCC,20140716,16.99,17.05,16.93,17.02,18390400
ARDX,20140716,16.47,16.61,16.09,16.39,26200
ARKR,20140716,22.4,22.54,21.13,22.16,18300
ARLP,20140716,45.28,46.57,45.2,46.51,114500
ARNA,20140716,50.5,50.5,47.3,47.7,6291500
AROW,20140716,25.69,25.69,25.41,25.46,17100
ARRY,20140716,4.1,4.1,3.94,4,1243000
ARTNA,20140716,21.48,21.7,21.37,21.39,22000
ARTW,20140716,5.82,5.82,5.76,5.76,1200
ARWR,20140716,12.68,12.68,11.69,11.87,1561900
ASMB,20140716,8.92,8.92,7.77,8.2,178600
ASML,20140716,87.58,88.48,87,88.39,2130700
ASPS,20140716,110.02,111.58,108.02,111.53,179800
ASRV,20140716,3.48,3.48,3.37,3.42,5800
ASTC,20140716,3.01,3.06,3,3.01,22900
ASTE,20140716,41.18,41.72,40.88,41.26,60800
ASUR,20140716,5.52,5.75,5.5,5.61,7700
ASYS,20140716,10.24,10.24,9.62,9.8,42900
ATAI,20140716,4.4,4.4,4.31,4.35,1200
ATAX,20140716,5.97,5.98,5.9,5.98,75700
ATEC,20140716,16.92,17.04,16.2,16.2,138100
ATHX,20140716,1.62,1.68,1.56,1.59,523400
ATLC,20140716,2.7,2.96,2.66,2.96,17200
ATLO,20140716,22.86,23.55,22.65,22.75,13200
ATNI,20140716,55.97,55.97,55.05,55.22,39000
ATOS,20140716,297,309.6,284.4,297,273800
ATRC,20140716,16.38,16.38,15.68,15.78,185100
ATRI,20140716,313.43,324.96,306,307.35,4400
ATRO,20140716,55.72,55.74,53.78,54.02,77300
ATRS,20140716,2.44,2.45,2.04,2.26,3781500
ATSG,20140716,8.23,8.41,8.18,8.25,96800
ATVI,20140716,22.85,23.22,22.7,23.02,7605500
AUBN,20140716,24.91,24.98,24.21,24.57,1400
AUDC,20140716,7.12,7.16,6.89,7.12,141100
AVAV,20140716,35,35.22,34.16,34.39,294100
AVEO,20140716,12.7,13.2,12.1,12.3,845400
AVGO,20140716,73.11,74.38,72.75,73.65,1518000
AVNW,20140716,15,15.36,14.64,14.88,788300
AWRE,20140716,6.62,6.7,6.62,6.66,137000
AXDX,20140716,20.52,20.72,19.26,19.59,356300
AXGN,20140716,2.44,2.47,2.43,2.44,39600
AXTI,20140716,2.05,2.13,2.05,2.11,93000
AZPN,20140716,45.7,46.11,45,45.29,265900
BANF,20140716,61.42,61.42,60.36,60.63,20100
BANFP,20140716,26.61,26.61,26.5,26.6,600
BANR,20140716,38.94,38.94,38.18,38.31,53700
BANX,20140716,25.4,26.09,25.35,25.39,5900
BBBY,20140716,61.37,61.46,60.51,60.86,4683400
BBGI,20140716,6.94,7.05,6.91,6.94,6500
BBSI,20140716,55.17,55.74,54.08,54.81,73500
BCBP,20140716,13.1,13.42,13.1,13.19,9900
BCOR,20140716,17.34,17.44,17.05,17.14,290000
BCOV,20140716,9.35,9.45,9.27,9.36,142600
BCPC,20140716,49.71,50.74,49.38,49.99,114100
BCRX,20140716,11.62,11.68,11.1,11.1,860800
BDSI,20140716,13.48,13.77,12.91,13,810100
BEAT,20140716,6.95,7.04,6.76,6.79,165500
BECN,20140716,29,29.52,28.67,28.72,561700
BELFA,20140716,21.98,21.98,21.98,21.98,0
BELFB,20140716,22.59,22.89,22.49,22.71,35500
BFIN,20140716,10.73,10.75,10.55,10.56,20600
BGCP,20140716,7.47,7.48,7.33,7.41,1032600
BGFV,20140716,12,12,11.78,11.79,205100
BIB,20140716,45.005,45.18,43.225,43.49,248800
BICK,20140716,26.6,26.6,26.55,26.55,800
BIDU,20140716,190.82,193.4,189.31,189.42,2049600
BIIB,20140716,289.0723,289.0723,278.6822,279.7783,1805400
BIOC,20140716,165,169.5,156,157.2,25700
BIOL,20140716,10.1,10.1,9.75,9.8,149500
BIS,20140716,14.65,15.09,14.44,15.03,750100
BJRI,20140716,33.75,34.31,32.61,32.66,645300
BKCC,20140716,9.08,9.1,9.02,9.06,486500
BKEP,20140716,8.8,8.94,8.79,8.86,5400
BKEPP,20140716,9.91,10,9.91,10,2100
BKSC,20140716,15.02,15.06,14.92,14.99,6800
BLDP,20140716,4.1,4.15,3.88,3.88,2079200
BLFS,20140716,2.38,2.42,2.38,2.38,17900
BLIN,20140716,225,225,217.5,217.5,2600
BLKB,20140716,35.2,35.2,34.5,34.52,79500
BLMN,20140716,21.02,21.12,20.69,20.91,1492600
BLRX,20140716,31.95,31.95,30,30.9,186900
BLUE,20140716,32.83,33.44,30.33,30.47,717300
BMRC,20140716,22.465,22.465,22.3,22.355,7600
BMRN,20140716,58.84,58.84,56.2,56.34,1072800
BMTC,20140716,30.16,30.5,29.63,29.85,40300
BNDX,20140716,51.47,51.5,51.42,51.49,148400
BNFT,20140716,39.53,40.24,38.32,39.77,166100
BNSO,20140716,1.93,1.94,1.85,1.89,8500
BOKF,20140716,66.66,66.66,65.21,65.37,74000
BOLT,20140716,17.11,17.11,16.82,17,8100
BOOM,20140716,22.02,22.11,21.6,21.91,21800
BOSC,20140716,3.9,3.96,3.8,3.82,11000
BOTJ,20140716,8.99,9.01,8.99,9,1300
BPOP,20140716,34.9,34.95,34.5,34.57,909900
BPOPM,20140716,21.35,21.35,20.61,20.63,10500
BPOPN,20140716,22.6,22.6,22,22.1,11700
BPTH,20140716,562,578,540,570,126000
BRID,20140716,7.78,7.78,7.78,7.78,100
BRKL,20140716,9.19,9.19,9.01,9.02,146900
BRKR,20140716,23.19,23.4,23.01,23.07,318500
BRKS,20140716,10.36,10.46,10.19,10.27,220300
BRLI,20140716,30.51,30.75,30.38,30.51,125800
BSET,20140716,15.52,15.54,15.26,15.43,59900
BSQR,20140716,3.2,3.26,3.07,3.1,23500
BSRR,20140716,15.41,15.59,15.15,15.27,26800
BUSE,20140716,5.7,5.71,5.6,5.61,107500
BWEN,20140716,8.32,8.44,8.17,8.33,103000
BWFG,20140716,17.31,17.31,17.06,17.06,300
BYFC,20140716,1.49,1.54,1.46,1.54,3200
CAAS,20140716,8.57,8.88,8.57,8.73,50300
CAC,20140716,36.66,36.66,35.68,35.87,12800
CACC,20140716,120.23,120.96,119.63,120.33,43600
CACG,20140716,10.07,10.07,10.07,10.07,100
CAKE,20140716,45.19,45.19,44.25,44.85,1233400
CALM,20140716,38.42,38.915,37.88,38.51,111000
CAMP,20140716,17,17.1,16.73,16.83,687300
CAMT,20140716,4.04,4.04,3.7,3.73,549200
CAR,20140716,60.41,60.5,59.82,60.12,3406600
CARA,20140716,13.32,13.35,12.9,13.16,83200
CARV,20140716,9.35,9.35,9.35,9.35,0
CARZ,20140716,41.29,41.44,41.29,41.35,1500
CASH,20140716,13.0833,13.2333,12.8167,12.8267,9200
CASI,20140716,1.83,1.83,1.74,1.76,19600
CASS,20140716,48.5,48.56,47.3,47.49,20800
CASY,20140716,67.73,68.23,66.84,66.91,247000
CATY,20140716,25.83,25.98,25.4,25.76,1117300
CBAN,20140716,6.31,6.36,6.25,6.26,6600
CBAY,20140716,7,7,5.99,6.03,34300
CBNK,20140716,16.6,16.62,16.52,16.52,2400
CBRL,20140716,99,99.04,97.53,98.59,162700
CBSH,20140716,46.87,47.06,45.52,45.75,796500
CCBG,20140716,13.85,13.85,13.36,13.47,18500
CCMP,20140716,44.6,45.03,43.72,44.51,113500
CCNE,20140716,17.01,17.01,16.52,16.53,11900
CCOI,20140716,34.47,34.64,33.92,34.04,241400
CCRN,20140716,6.45,6.54,6.32,6.34,275700
CCXI,20140716,5.59,5.79,5.5,5.74,112400
CDC,20140716,34.83,34.93,34.81,34.91,72700
CDNS,20140716,17.23,17.66,17.23,17.48,3769000
CDW,20140716,31.18,31.56,31.04,31.35,731300
CDXS,20140716,1.94,1.98,1.82,1.88,759700
CDZI,20140716,8.17,8.22,8.16,8.2,27600
CECE,20140716,14.92,14.96,14.65,14.82,69300
CEMI,20140716,3.47,3.48,3.42,3.42,4300
CENT,20140716,8.78,8.98,8.71,8.81,30700
CENTA,20140716,9.06,9.25,8.96,9.09,119200
CENX,20140716,17.77,18.01,17.61,17.92,1006800
CERE,20140716,5.6,5.68,5.36,5.44,183800
CERN,20140716,52.69,54.13,52.69,53.61,3016700
CERS,20140716,3.91,3.91,3.76,3.78,568700
CEVA,20140716,15.16,15.28,15.01,15.19,44200
CFA,20140716,34.73,34.74,34.73,34.74,94700
CFBK,20140716,8.195,8.36,7.975,8.25,16800
CFFI,20140716,35.5,36.73,35.36,35.75,16500
CFFN,20140716,12.02,12.02,11.85,11.85,485100
CFO,20140716,34.74,34.85,34.73,34.8,63400
CG,20140716,33.99,34.84,33.7,34.64,357200
CGEN,20140716,9.15,9.15,8.66,8.89,182500
CGNX,20140716,19.4,19.5,19.12,19.25,319800
CGO,20140716,14.78,14.86,14.72,14.74,30200
CHCI,20140716,1.12,1.21,1.11,1.14,92800
CHCO,20140716,44.53,44.53,43.47,43.59,37500
CHDN,20140716,29.8667,29.8667,29.58,29.6233,36500
CHEF,20140716,18.5,18.61,18.04,18.11,57500
CHI,20140716,13.75,13.8,13.71,13.75,167000
CHKP,20140716,64.78,64.97,64.05,64.18,797100
CHMG,20140716,29.4,29.89,29.4,29.89,500
CHNR,20140716,4.29,4.36,4.12,4.3,7200
CHRW,20140716,64.49,65.21,64.25,65.2,1434900
CHSCN,20140716,27.59,27.59,27.32,27.39,17300
CHSCO,20140716,29.54,29.6,29.5,29.55,7500
CHSCP,20140716,31.7,31.7,31.53,31.54,4000
CHTR,20140716,164.05,165.49,163,163.98,1075300
CHUY,20140716,27.78,28.2,27.36,27.43,276900
CHW,20140716,9.8,9.85,9.78,9.84,174200
CHY,20140716,14.65,14.75,14.55,14.57,154500
CIDM,20140716,24.5,26.1,23.7,25.3,735000
CINF,20140716,48.28,48.4,48.01,48.19,500800
CIZN,20140716,18.55,18.96,18.54,18.62,1600
CJJD,20140716,1.47,1.5,1.45,1.48,5600
CLDX,20140716,205.2,206.25,191.7,197.55,2155000
CLFD,20140716,15.42,15.8,15.21,15.46,212800
CLIR,20140716,8.58,8.72,8.2,8.45,21000
CLMT,20140716,32.46,33.22,32.46,33.15,510000
CLNE,20140716,10.48,10.61,10.43,10.59,850300
CLRO,20140716,9.93,9.99,9.89,9.99,1600
CLSN,20140716,3.12,3.13,3.03,3.03,131900
CLVS,20140716,38.9,39.11,36.77,37.3,1077400
CLWT,20140716,2.7533,2.76,2.7333,2.7533,7200
CMCO,20140716,27.04,27.19,26.7,26.79,47400
CMCSA,20140716,27.555,27.765,27.44,27.525,18578900
CMCT,20140716,21.73,21.78,21.73,21.78,2300
CME,20140716,71.34,71.58,70.68,71.02,843300
CMLS,20140716,49.2,49.68,48.4,49.04,963500
CMRX,20140716,20.2,20.4,19.75,20.3,177500
CMTL,20140716,35.05,35.45,34.79,35.24,89400
CNBKA,20140716,36.81,37.14,36.8,37.14,1800
CNCE,20140716,8.83,8.83,8.37,8.51,171300
CNET,20140716,0.77,0.77,0.77,0.77,400
CNOB,20140716,19.6,19.6,19.38,19.43,73800
CNSL,20140716,21.96,22.07,21.9,21.95,243600
CNTY,20140716,5.3,5.4,5.17,5.36,157800
COCO,20140716,0.21,0.22,0.2,0.21,1819700
COHR,20140716,63.33,63.33,61.62,61.74,149700
COHU,20140716,10.21,10.42,10.21,10.23,81300
COKE,20140716,72.69,72.69,72.12,72.43,11000
COLB,20140716,26.11,26.11,25.52,25.56,114000
COLM,20140716,40.505,40.505,40.01,40.145,190200
COMM,20140716,23,23.38,22.74,23.34,756900
CONE,20140716,25.43,25.66,25.18,25.54,477100
CONN,20140716,43.55,44.22,42.53,42.99,689300
COOL,20140716,12.54,12.6,11.64,11.82,56500
CORT,20140716,2.41,2.44,2.3,2.38,277400
COST,20140716,118.09,118.44,117.66,117.85,1531200
COWN,20140716,4.46,4.46,4.33,4.37,403300
CPHC,20140716,9.73,10.24,9.73,9.91,83700
CPIX,20140716,4.5,4.56,4.5,4.52,7800
CPLP,20140716,11.05,11.28,10.93,11.21,239300
CPRT,20140716,17.785,17.805,17.275,17.515,964200
CPRX,20140716,2.27,2.37,2.22,2.25,290200
CPSI,20140716,63.96,64.33,63,64.05,47400
CPSS,20140716,8.01,8.01,7.77,7.8,123900
CRAI,20140716,24.65,24.75,23.74,23.82,21000
CREG,20140716,165,168,160,166,364400
CRESW,20140716,0.04,0.04,0.03,0.03,9000
CRESY,20140716,13.57,13.63,13.2,13.4,53200
CRIS,20140716,9,9.15,8.55,8.75,587400
CRMT,20140716,39.62,39.85,38.72,39.17,20400
CRNT,20140716,2.56,2.56,2.5,2.51,38700
CROX,20140716,14.6,14.85,14.53,14.74,825800
CRTO,20140716,31.5,32.4,31,31.79,476000
CRUS,20140716,23.97,24.04,23.7,23.96,1181700
CRVL,20140716,44.63,44.63,43.55,43.71,29400
CRWS,20140716,7.52,7.62,7.43,7.49,10000
CSCO,20140716,25.73,26.05,25.73,25.98,40476700
CSGP,20140716,146.32,146.84,143.74,144.04,107700
CSGS,20140716,26.97,26.97,26.74,26.78,126400
CSII,20140716,30.09,30.09,28.6,28.75,144200
CSIQ,20140716,29.45,29.94,28.74,28.86,1653500
CSOD,20140716,40.7,40.92,39.6,40.46,615900
CSPI,20140716,7.13,7.34,7.06,7.29,10600
CSQ,20140716,11.99,12.03,11.92,11.98,417300
CSTE,20140716,47.85,48,47.1,47.19,100200
CSWC,20140716,36.36,36.68,35.72,36.19,64400
CSX,20140716,30.85,31.3,30.6,31.19,11628300
CTAS,20140716,63.35,64.91,63,64.51,1145100
CTBI,20140716,33.91,34.24,33.6,34.04,55900
CTG,20140716,15.02,15.21,14.64,15.1,58600
CTHR,20140716,2.2,2.21,2.2,2.2,7400
CTIB,20140716,4.6,4.6,4.6,4.6,0
CTIC,20140716,27.3,27.3,26.2,26.6,1126800
CTRE,20140716,17.72,18.45,17.19,17.68,102900
CTRN,20140716,21.4,21.4,20.75,20.81,99500
CTSH,20140716,49.76,50.05,49.21,49.41,4752100
CTXS,20140716,50.828,51.2739,50.3901,50.4936,2768300
CUBA,20140716,8.14,8.16,8.13,8.15,5800
CUTR,20140716,9.94,9.95,9.72,9.85,40200
CVBF,20140716,15.98,15.98,15.59,15.61,450400
CVCO,20140716,81.38,82.84,80.39,81.88,26000
CVCY,20140716,13,13,12.8,12.95,17200
CVGI,20140716,10.71,10.76,10.45,10.69,263200
CVGW,20140716,34.98,34.98,34.27,34.4,25600
CVLT,20140716,48.73,48.99,48.2,48.59,670700
CVLY,20140716,21.74,21.74,21.4,21.5,3300
CVV,20140716,12.43,12.75,12.43,12.65,9800
CWBC,20140716,6.46,6.46,6.3,6.3,1300
CWCO,20140716,10.5,10.69,10.47,10.53,206900
CWST,20140716,5.01,5.06,4.93,5.01,103200
CXDC,20140716,6.19,6.4,6.05,6.27,405900
CYAN,20140716,4.6,5.11,4.6,4.78,45400
CYBE,20140716,8.26,8.37,8.17,8.36,9200
CYCC,20140716,760.8,775.2,748.8,760.8,90900
CYCCP,20140716,7.75,7.75,7.75,7.75,0
CYRN,20140716,2.77,2.78,2.66,2.68,63500
CYTK,20140716,4.43,4.48,4.3,4.38,399800
CZNC,20140716,19.19,19.19,18.95,19.01,18900
CZR,20140716,16.56,16.69,15.98,16.31,1193600
CZWI,20140716,8.73,8.73,8.66,8.66,1100
DAIO,20140716,2.8,2.98,2.75,2.89,8900
DAKT,20140716,11.58,11.64,11.41,11.47,243200
DCOM,20140716,15.75,15.75,15.41,15.6,152800
DCTH,20140716,37.12,37.12,34.72,35.04,209400
DENN,20140716,6.35,6.39,6.29,6.29,468700
DGICA,20140716,15.57,15.57,15.36,15.45,16300
DGICB,20140716,24.27,24.27,24.27,24.27,300
DGII,20140716,8.63,8.64,8.45,8.55,51500
DGLY,20140716,5.35,5.48,4.9,4.99,535200
DGRE,20140716,27.34,27.35,27.15,27.35,26200
DGRS,20140716,28.18,28.21,28.09,28.21,1300
DGRW,20140716,29.36,29.49,29.36,29.47,25400
DHIL,20140716,129.5,130.85,128.01,129.59,9700
DIOD,20140716,29.11,29.12,28.72,28.79,161200
DISCA,20140716,80.26,85.15,80.26,83.5,5820300
DISCB,20140716,73.94,73.94,73.94,73.94,0
DISCK,20140716,39.87,41.85,39.635,41.04,929200
DISH,20140716,65.59,66.75,65.31,65.51,1052100
DJCO,20140716,181.1,185.29,181.1,184.08,1200
DLHC,20140716,1.8,1.91,1.8,1.83,34500
DLTR,20140716,55.17,55.2,54.29,54.57,1445700
DMLP,20140716,31.13,32.46,31.13,32.46,71500
DMRC,20140716,29.15,29.4,28.42,28.52,22700
DORM,20140716,49.27,49.44,48.58,48.76,252200
DOX,20140716,48.26,48.3,47.42,47.46,508900
DRIV,20140716,14.62,14.71,14.22,14.46,150600
DRNA,20140716,16.83,16.83,15.7,15.79,159900
DRRX,20140716,1.57,1.57,1.51,1.53,243500
DSGX,20140716,14.1,14.1,13.88,13.91,95600
DSPG,20140716,8.64,8.64,8.45,8.53,50200
DSWL,20140716,2.13,2.17,2.13,2.17,68000
DVAX,20140716,14.8,14.9,14.2,14.3,2178900
DWSN,20140716,27.72,27.81,27.36,27.62,16400
DXCM,20140716,36.65,36.82,36.01,36.53,498300
DXGE,20140716,27.74,27.74,27.74,27.74,600
DXJS,20140716,30.58,30.58,30.48,30.53,19300
DXLG,20140716,5.33,5.33,5.06,5.12,180800
DXPE,20140716,71.01,71.23,69.83,70.39,94100
DXYN,20140716,9.06,9.3,9.03,9.22,144200
DYNT,20140716,4.04,4.04,4.04,4.04,500
EA,20140716,36.45,37.29,36.35,37.12,3493300
EAC,20140716,16.06,16.06,15.71,15.82,18500
EBAY,20140716,21.4863,21.5495,21.2589,21.3474,13817400
EBIX,20140716,12.6,12.87,12.33,12.83,576800
EBMT,20140716,10.7,10.7,10.56,10.65,1700
EBSB,20140716,10.4739,10.4739,10.3881,10.4534,35600
EBTC,20140716,19.89,19.94,19.58,19.9,10100
ECHO,20140716,19.92,20.34,19.68,19.99,250800
ECOL,20140716,49.4,49.78,48.42,48.79,118000
ECPG,20140716,43.16,43.33,42.83,43.02,170500
EDAP,20140716,5.61,5.61,5.41,5.51,186400
EDUC,20140716,1.975,2.27,1.97,2.12,57100
EEFT,20140716,48.31,48.85,47.47,47.9,273600
EEMA,20140716,60.5,60.7,60.47,60.62,10000
EFSC,20140716,17.99,17.99,17.7,17.75,38900
EGAN,20140716,6.85,6.85,6.54,6.6,116900
EGBN,20140716,32.85,32.85,32.41,32.59,60900
EGLE,20140716,4586.4,5115.6,4359.6,4863.6,1201300
EGRX,20140716,13.53,13.65,13.39,13.48,36000
EHTH,20140716,33.91,34.17,32.51,32.65,266700
ELSE,20140716,3.92,4.03,3.92,3.99,2900
ELTK,20140716,1.65,1.7,1.65,1.7,11500
EMCB,20140716,78.87,78.87,78.26,78.26,15000
EMCF,20140716,26.25,26.3,26.25,26.3,300
EMIF,20140716,36.58,36.73,36.37,36.39,9700
EMKR,20140716,4.1,4.17,3.99,4,66400
EML,20140716,16.04,16.04,15.84,15.94,18400
ENDP,20140716,67.39,67.76,66.55,66.77,1353100
ENG,20140716,3.18,3.18,3.01,3.11,71500
ENPH,20140716,9.61,9.74,9.38,9.41,232100
ENSG,20140716,15.475,15.67,15.215,15.49,134800
ENTA,20140716,39.41,39.75,38.36,38.44,153300
ENTG,20140716,13.63,13.64,13.47,13.52,561900
ENVI,20140716,2.12,2.2,2.01,2.16,98800
EPAY,20140716,29.2,29.3,28.24,28.31,396400
EPZM,20140716,29.9,30.64,28.66,28.83,242100
EQIX,20140716,212.08,212.08,208.99,210.01,407700
ERIC,20140716,11.63,11.67,11.56,11.61,2837100
ERIE,20140716,72.8,73.19,72.64,72.99,34800
ERII,20140716,4.63,4.7,4.52,4.63,246900
ESBK,20140716,23.26,23.26,23.23,23.23,700
ESCA,20140716,16.88,16.88,16.13,16.34,36000
ESEA,20140716,9.04,9.12,8.96,9.12,18800
ESGR,20140716,145.88,145.88,143.71,143.72,16500
ESLT,20140716,62.63,62.78,62.25,62.34,9300
ESPR,20140716,14.76,15.06,14,14.03,14600
ESSA,20140716,11.05,11.14,11,11.01,20700
ESXB,20140716,4.34,4.37,4.27,4.28,17400
EUFN,20140716,24.59,24.84,24.56,24.67,215100
EVK,20140716,5.29,5.42,5.2,5.41,20400
EVOK,20140716,7.06,7.27,6.8,6.92,8300
EVOL,20140716,9.1,9.89,9.1,9.56,26000
EWBC,20140716,35.88,35.88,35.06,35.14,988800
EXAS,20140716,17.33,17.48,16.78,16.95,1033300
EXEL,20140716,3.7,3.8,3.61,3.65,4791900
EXLS,20140716,29.57,29.57,29.09,29.29,100000
EXPD,20140716,44.57,45.06,44.53,45.06,1096200
EXPE,20140716,81.13,81.14,79.27,79.38,1212700
EXPO,20140716,18.615,18.615,18.4,18.5,50800
EXTR,20140716,4.52,4.58,4.35,4.38,1652200
EZPW,20140716,11.17,11.17,10.99,11.09,386000
FANG,20140716,83.93,85.99,83.53,85.49,856600
FARM,20140716,22.24,22.24,22.05,22.05,22900
FARO,20140716,46.09,46.6,45.25,45.6,64900
FAST,20140716,22.56,22.785,22.42,22.76,3807900
FATE,20140716,6.52,6.84,6.42,6.65,33100
FB,20140716,67.54,67.94,67.07,67.66,29593500
FBIZ,20140716,44.34,44.54,43.93,44.11,6400
FBMS,20140716,14.31,14.31,14.22,14.22,500
FBNC,20140716,17.16,17.21,16.85,16.9,19300
FCAP,20140716,20.9,20.9,20.9,20.9,100
FCBC,20140716,14.22,14.22,13.92,13.92,18800
FCCO,20140716,10.86,10.86,10.7,10.8,5500
FCCY,20140716,10.23,10.35,10.22,10.32,25700
FCEL,20140716,322.56,325.44,305.28,306.72,4830800
FCFS,20140716,56.84,57.23,55.87,56,141700
FCNCA,20140716,236.77,238.03,231.18,231.69,24000
FDUS,20140716,19.55,19.69,19.26,19.34,58800
FEIM,20140716,10.57,10.75,10.57,10.6,3700
FELE,20140716,38.42,38.75,37.97,38.31,135300
FFBC,20140716,16.86,16.93,16.64,16.65,147300
FFHL,20140716,1.24,1.24,1.18,1.19,8500
FFIC,20140716,19.5,19.58,19.13,19.31,139700
FFIN,20140716,15.565,15.565,15.24,15.265,143200
FFIV,20140716,111.57,111.98,109.43,109.69,979300
FFNW,20140716,10.95,11,10.85,10.99,64200
FIBK,20140716,27.36,27.36,26.76,26.86,80300
FISI,20140716,22.97,23.02,22.42,22.43,24500
FISV,20140716,31,31.095,30.93,31.02,829000
FITB,20140716,21.78,21.79,21.44,21.55,11517900
FITBI,20140716,27.4,27.4,27.21,27.24,47500
FIVE,20140716,36.69,36.69,34.62,35.27,1389000
FIVN,20140716,7,7.06,6.95,6.97,56000
FIZZ,20140716,18.57,18.57,18.04,18.24,16700
FLDM,20140716,31.54,31.7,29.66,29.67,282800
FLEX,20140716,10.87,10.9,10.74,10.75,3343500
FLIC,20140716,25.18,25.3133,24.62,24.8,8400
FLL,20140716,1.39,1.45,1.39,1.44,16100
FLWS,20140716,5.55,5.55,5.48,5.5,54500
FLXN,20140716,13.64,13.96,13.06,13.22,16100
FLXS,20140716,32.63,32.8,32.31,32.43,11700
FMB,20140716,49.67,49.67,49.67,49.67,0
FMBH,20140716,19.16,19.5,19.05,19.5,1000
FMBI,20140716,17.34,17.34,16.91,16.96,233800
FMNB,20140716,7.68,7.75,7.62,7.7,18700
FNHC,20140716,23.48,23.48,22.64,22.68,223500
FNLC,20140716,16.72,17.13,16.51,16.66,28700
FOLD,20140716,3.71,3.74,3.5,3.6,1238700
FONR,20140716,12.02,12.15,11.65,11.72,69400
FORD,20140716,1.38,1.45,1.38,1.45,3200
FORM,20140716,7.76,7.79,7.58,7.68,132500
FORR,20140716,38.07,38.71,37.7,38.21,42200
FORTY,20140716,28.97,28.97,28.97,28.97,100
FOSL,20140716,100.94,102.92,99.54,101.02,823700
FOX,20140716,34.24,34.34,32.17,32.57,37899600
FOXA,20140716,35.25,35.29,32.69,33,89285100
FOXF,20140716,16.07,16.3,15.78,15.95,275000
FRBA,20140716,6.08,6.09,6.08,6.09,2900
FRBK,20140716,5.02,5.05,4.91,4.91,40700
FREE,20140716,378000,408000,372000,378000,876400
FRGI,20140716,45.08,45.21,44,44.33,175800
FRME,20140716,21.2,21.24,20.72,20.78,78000
FRSH,20140716,9.17,9.25,8.73,8.83,163000
FSBW,20140716,17.03,17.18,17.03,17.18,200
FSFG,20140716,24.09,24.3,23.85,23.98,25700
FSLR,20140716,63.42,63.79,63.04,63.46,1866000
FSTR,20140716,52.06,52.34,51.19,51.94,23300
FTCS,20140716,35.69,35.69,35.5,35.55,2800
FTEK,20140716,5.1,5.18,4.95,4.97,212400
FTGC,20140716,32.52,32.53,32.37,32.42,50800
FTHI,20140716,20.56,20.72,20.56,20.56,7500
FTLB,20140716,20.5,20.52,20.39,20.46,32700
FTNT,20140716,24.17,24.49,24.03,24.23,3158000
FTSL,20140716,49.74,49.77,49.72,49.75,10100
FULT,20140716,12.38,12.39,12.1,12.13,1049700
FUNC,20140716,8.84,8.95,8.75,8.95,4500
FUND,20140716,8.55,8.62,8.5,8.53,13100
FV,20140716,19.82,19.82,19.56,19.59,254000
FWRD,20140716,47.88,48.46,47.4,47.84,110900
GABC,20140716,17.78,17.78,17.1267,17.3267,13400
GAIA,20140716,6.77,6.85,6.69,6.7,30200
GAIN,20140716,7.4,7.44,7.37,7.41,177400
GALT,20140716,13.13,13.48,12.72,12.88,141100
GAME,20140716,6.68,6.7,6.63,6.66,140600
GASS,20140716,11.15,11.18,11.02,11.1,64100
GBCI,20140716,28.02,28.02,27.49,27.52,238000
GBDC,20140716,17.39,17.5,17.28,17.33,160200
GBLI,20140716,25.75,25.75,25.35,25.48,41500
GCBC,20140716,13.13,13.13,13.115,13.115,700
GENC,20140716,7.5867,7.6067,7.5333,7.58,8200
GENE,20140716,21.6,21.6,20.2,20.6,227200
GEOS,20140716,44.08,44.24,43.22,43.93,157300
GERN,20140716,2.89,2.92,2.75,2.77,2778200
GEVO,20140716,4800,4800,4560,4620,218700
GFED,20140716,12.56,12.7,12.54,12.55,2100
GGAL,20140716,16.1,16.53,15.45,16.48,705800
GIFI,20140716,20,20.12,19.71,19.83,19400
GIGM,20140716,5.2,5.35,5.2,5.2,42500
GIII,20140716,39.345,40,38.73,39.73,303400
GILD,20140716,89.4,89.44,85.82,87,14268300
GILT,20140716,4.8,4.88,4.8,4.87,7700
GLAD,20140716,10.1,10.13,10.02,10.05,103700
GLBS,20140716,13640,13640,13640,13640,700
GLBZ,20140716,12.7,12.7,12.7,12.7,0
GLDD,20140716,7.76,7.83,7.63,7.77,212300
GLDI,20140716,13.64,13.71,13.63,13.66,27500
GLMD,20140716,8.58,8.68,8.3,8.34,43900
GLNG,20140716,58.38,60.18,58.38,60.14,630500
GLPI,20140716,34.89,35.11,34.58,34.98,853900
GLRE,20140716,34.93,34.93,34.47,34.84,98300
GLYC,20140716,8.94,8.95,8.06,8.23,121000
GNCA,20140716,116.4,126.8,111.76,120.08,100800
GNMA,20140716,49.61,49.7,49.61,49.7,800
GNTX,20140716,14.95,14.95,14.585,14.63,728400
GOGO,20140716,16.37,16.52,15.89,16.13,1510900
GOOD,20140716,17.8,17.84,17.66,17.77,76300
GOODN,20140716,25.95,25.95,25.95,25.95,0
GOODO,20140716,25.43,25.43,25.43,25.43,300
GOOG,20140716,588,588.4,582.2,582.66,1394500
GOOGL,20140716,596.89,597,590.25,590.62,1442200
GPRE,20140716,37.46,37.63,36.9,37.13,1093400
GPRO,20140716,43.75,44.44,40.8,40.9,11344900
GRFS,20140716,21.375,21.475,20.515,20.585,524900
GRID,20140716,37.01,37.18,36.79,37.18,400
GRMN,20140716,57.89,57.89,56.38,56.69,1599500
GROW,20140716,3.69,3.71,3.63,3.7,17500
GRPN,20140716,128.4,128.8,125,126,12427400
GRVY,20140716,3.2,3.32,3.2,3.28,6700
GSBC,20140716,31.47,31.89,31.07,31.56,17500
GSIT,20140716,6.52,6.55,6.48,6.5,65900
GSM,20140716,20.8,20.82,20.46,20.64,185000
GT,20140716,27.9,28.14,27.66,27.99,3045400
GTIM,20140716,3.33,3.45,3.21,3.22,74500
GURE,20140716,10.65,10.65,10.4,10.55,78200
GYRO,20140716,5,5.05,5,5.03,3400
HA,20140716,13.75,13.79,13.33,13.39,793200
HAFC,20140716,22.5,22.5,21.95,22.01,92300
HAIN,20140716,44.17,44.205,42.975,43.21,538000
HALL,20140716,9.85,9.91,9.66,9.67,18600
HALO,20140716,9.27,9.47,9.11,9.19,913800
HAS,20140716,53.54,53.69,52.48,52.55,1911400
HAYN,20140716,53.26,54.08,53.17,53.57,55000
HBAN,20140716,9.77,9.8,9.61,9.63,7633800
HBANP,20140716,1325.12,1340,1325,1340,100
HBCP,20140716,22.3,22.3,22.15,22.15,3700
HBIO,20140716,4.78,4.79,4.7,4.75,85600
HBMD,20140716,9.7,9.83,9.68,9.75,500
HBNC,20140716,9.4089,9.4089,9.2222,9.2978,19300
HBP,20140716,4.17,4.29,4.17,4.29,5700
HCCI,20140716,17.12,17.33,16.87,17.08,31500
HCKT,20140716,6.1,6.1,5.95,5.96,20500
HCSG,20140716,27.99,28.42,27.89,28.1,512200
HDSN,20140716,3.11,3.24,3.02,3.08,58900
HEAR,20140716,37,37.28,35.48,35.64,71000
HEES,20140716,36.65,37.28,36.35,36.85,178500
HELE,20140716,55.73,56.01,54.99,55.39,177800
HERO,20140716,4.1,4.15,4.06,4.13,4542200
HFBL,20140716,19.1,19.1,19.1,19.1,100
HFWA,20140716,15.82,15.82,15.59,15.65,51800
HGSH,20140716,5.16,5.38,5.14,5.16,1600
HIBB,20140716,53.15,53.15,51.54,52.21,342300
HIFS,20140716,79.77,83.51,79.77,81,6000
HIHO,20140716,3.2,3.2,3.02,3.07,43500
HIMX,20140716,6.16,6.26,6.01,6.04,2664200
HLIT,20140716,6.04,6.07,5.92,6.01,864600
HMHC,20140716,18.32,18.32,17.93,17.98,308800
HMNF,20140716,11.94,11.94,11.1,11.71,3000
HMST,20140716,17.85,18.52,17.67,18.22,33600
HMTV,20140716,11.91,11.91,11.67,11.79,5300
HNNA,20140716,9.7733,9.8267,9.5333,9.8267,6000
HNRG,20140716,11.94,11.98,11.87,11.94,63500
HOFT,20140716,16,16.17,15.47,15.81,37900
HOLI,20140716,22.14,22.44,21.87,22.3,233800
HOLX,20140716,25.54,25.7,25.18,25.3,1208900
HOMB,20140716,15.96,15.97,15.525,15.54,194000
HOVNP,20140716,14,14,13.73,13.99,2400
HRTX,20140716,9.85,9.85,9.31,9.34,167400
HRZN,20140716,14.53,14.54,14.43,14.52,49700
HSIC,20140716,118.87,119.65,117.95,119.53,682600
HSII,20140716,18.35,18.35,17.87,18.04,61500
HSKA,20140716,11.2,11.25,11,11,20700
HSON,20140716,38.4,39.1,38.4,39,10300
HSTM,20140716,22.38,22.66,22.04,22.15,72700
HTBI,20140716,15.75,15.75,15.48,15.52,206700
HTBK,20140716,8.09,8.22,8.03,8.11,21100
HTBX,20140716,47.5,47.8,46.6,46.7,5500
HTHT,20140716,6.15,6.155,6.075,6.1425,115000
HTLD,20140716,21.79,22.05,21.55,22,351000
HTLF,20140716,24.31,24.55,24.11,24.16,21000
HUBG,20140716,50,50.87,49.68,50.77,284900
HURC,20140716,29.44,31.04,29.29,30.67,107900
HURN,20140716,66.5,66.58,65.12,65.7,99400
HWBK,20140716,12.45,12.45,12.45,12.45,0
HWKN,20140716,36.69,36.69,35.93,36.27,13000
HYLS,20140716,52.63,52.63,52.51,52.54,13100
HYZD,20140716,25.14,25.21,25.14,25.21,3800
HZNP,20140716,14.89,15.08,13.74,13.87,3376000
IART,20140716,23.64,23.78,23.375,23.53,143500
IBB,20140716,253,253.42,248.2,248.52,2433400
IBCP,20140716,12.6,12.67,12.41,12.48,162000
IBKR,20140716,22.72,23.25,22.38,22.5,688000
IBOC,20140716,27.05,27.06,26.25,26.29,254800
IBTX,20140716,51.72,52.27,51.15,51.95,43900
ICAD,20140716,7.77,9.2,7.77,8.7,783700
ICCC,20140716,4.43,4.65,4.43,4.55,11300
ICFI,20140716,35.72,35.72,35,35.13,52500
ICLN,20140716,11.37,11.42,11.36,11.38,9300
ICLR,20140716,47.23,47.23,46,46.56,291500
ICPT,20140716,222.97,222.97,217.05,218.08,327300
ICUI,20140716,60.84,60.84,58.13,60.39,73600
IDCC,20140716,47.35,47.58,46.55,46.6,436200
IDRA,20140716,21.36,21.92,20.64,21.12,1063700
IDXX,20140716,66.5,67,65.19,65.715,437200
IEP,20140716,100.69,100.83,100.13,100.74,63700
IESC,20140716,6.8,6.95,6.7,6.78,9100
IFGL,20140716,32.32,32.44,32.32,32.42,99800
IGOV,20140716,104.53,104.73,104.48,104.65,50600
III,20140716,4.66,4.67,4.55,4.64,113000
IIN,20140716,8.49,8.71,8.07,8.35,19600
IIVI,20140716,14.14,14.17,13.98,14.03,122900
IKNX,20140716,25.75,26.25,25.75,26.25,300
ILMN,20140716,172.9,174.37,170.65,171.09,967000
IMGN,20140716,10.85,11.76,10.8,11.27,1418600
IMKTA,20140716,26.06,26.46,25.75,26.34,40100
IMMR,20140716,13.94,13.98,13.37,13.63,223600
IMOS,20140716,25,25,24.66,24.74,163200
INBK,20140716,20.25,20.25,18.28,19.39,29300
INCY,20140716,48.87,48.88,46.93,47.05,1416100
INDB,20140716,38.15,38.15,37.22,37.35,42000
INDY,20140716,29.2,29.35,29.17,29.27,62800
INFI,20140716,10.69,10.86,9.92,10.09,698200
INFN,20140716,8.87,8.93,8.64,8.87,1293300
INGN,20140716,19.45,19.67,19.23,19.39,27900
INOD,20140716,3.05,3.1,3,3.08,6200
INSM,20140716,18.37,18.59,17.68,17.79,567600
INTC,20140716,33.31,34.74,33.21,34.65,135893200
INTG,20140716,19.15,19.26,19.09,19.25,2600
INTU,20140716,81.24,81.9,81.21,81.53,968900
INVE,20140716,11.19,11.79,11.13,11.78,80300
IOSP,20140716,42.01,42.09,41.28,41.72,60800
IPAR,20140716,28.52,28.52,27.55,27.63,65400
IPDN,20140716,42,42,38.48,39.44,21900
IPGP,20140716,65.11,66.37,63.95,64.13,309600
IPKW,20140716,26.7,26.73,26.66,26.72,4900
IPWR,20140716,80.7,81,75.6,77.9,89900
IRBT,20140716,36.66,37.41,36.2,36.82,586300
IRDM,20140716,8.33,8.33,8.09,8.1,920000
IRIX,20140716,7.81,7.81,7.72,7.72,15400
IRMD,20140716,10,11.27,7.94,9.9,902700
IROQ,20140716,16.92,16.92,16.89,16.91,1100
IRWD,20140716,14,14.28,13.65,14,851700
ISBC,20140716,10.86,10.86,10.69,10.7,2575900
ISHG,20140716,95.41,95.43,95.23,95.26,8100
ISIG,20140716,3.1,3.14,3.06,3.06,16100
ISLE,20140716,8.42,8.83,8.37,8.71,564600
ISRG,20140716,383.46,387.15,380,380.26,453300
ISSC,20140716,6.75,6.76,6.62,6.66,24700
ISTR,20140716,14.1,14.82,14,14.45,10800
ITCI,20140716,15.15,15.2,14.04,14.31,198800
ITIC,20140716,69.47,69.56,69.01,69.01,1000
ITRI,20140716,40.67,41.28,40.38,40.89,290500
ITRN,20140716,24.17,24.36,24.02,24.36,6200
IVAC,20140716,7.28,7.3,7.22,7.24,47100
JACK,20140716,58.19,58.53,56.4,56.44,405100
JAKK,20140716,82.4,83.2,80.3,80.8,277100
JAZZ,20140716,149.96,150.5,144.53,145.37,503000
JBHT,20140716,78.54,79.79,77.57,78.41,2723600
JBLU,20140716,10.89,10.95,10.78,10.87,5676200
JBSS,20140716,26.99,27.24,26.7,27.07,24000
JCS,20140716,12.61,12.65,12.38,12.44,5500
JCTCF,20140716,4.64,4.825,4.635,4.645,26800
JD,20140716,28.5,29.3,28.3,29.11,3799500
JJSF,20140716,93.51,93.51,91.92,92.51,36800
JKHY,20140716,59.65,59.89,58.97,59.42,413600
JOBS,20140716,35.025,35.095,34.19,34.445,52300
JOUT,20140716,24.54,24.6,23.91,24.1,4800
JRJC,20140716,40.1,41,39.6,40,69300
JSM,20140716,22.27,22.48,22.23,22.28,28100
JVA,20140716,6.76,6.81,6.61,6.65,44000
KALU,20140716,72.91,73.57,72,72.4,101900
KELYA,20140716,16.62,16.79,16.43,16.49,123900
KELYB,20140716,17.04,17.04,17.04,17.04,0
KEQU,20140716,17.55,17.6,17.51,17.6,1100
KFFB,20140716,8.46,8.46,8.45,8.45,600
KFRC,20140716,21.88,22.02,21.53,21.77,73900
KINS,20140716,7,7,6.91,6.92,12900
KIRK,20140716,19.24,19.36,18.42,19.11,97500
KLAC,20140716,74.36,75.38,73.85,74.12,2967900
KLIC,20140716,14.26,14.33,14.09,14.14,282700
KMDA,20140716,6.54,6.57,6.42,6.53,31400
KNDI,20140716,18.32,19.44,17.64,19.12,5830900
KOPN,20140716,3.1,3.13,3.08,3.08,92300
KOSS,20140716,2.99,3.01,2.86,2.93,5400
KPTI,20140716,35.64,37.21,34.94,35.07,320700
KRNY,20140716,15.2,15.2,15.05,15.13,28600
KTCC,20140716,10.61,10.7,10.61,10.67,3400
KTOS,20140716,7.65,7.7,7.56,7.66,236600
KVHI,20140716,14.08,14.24,13.95,14.07,18400
LAKE,20140716,6.52,6.83,6.49,6.54,2000
LAMR,20140716,52.96,53.41,52.76,52.98,1455800
LANC,20140716,92.21,93.37,90.84,91.91,83900
LAND,20140716,12.92,12.92,12.28,12.58,18100
LARK,20140716,19.6,19.6,19.6,19.6,200
LAWS,20140716,16.39,16.52,16.3,16.52,5500
LBAI,20140716,10.48,10.48,10.25,10.26,37300
LBTYA,20140716,44.59,44.96,44.39,44.47,1891200
LBTYB,20140716,46.91,46.91,46.91,46.91,0
LBTYK,20140716,42.95,43.3,42.88,42.94,2124600
LCNB,20140716,16.31,16.62,16.25,16.25,3500
LCUT,20140716,16.65,16.72,16.37,16.57,45600
LE,20140716,35.35,36.76,35.35,36.62,350400
LECO,20140716,67.5,67.57,66.49,66.81,559000
LEDS,20140716,0.96,0.97,0.9,0.91,178700
LFUS,20140716,92.5,93.27,91.57,91.63,125400
LFVN,20140716,9.66,9.87,9.66,9.66,228100
LGIH,20140716,20.96,21.45,20.34,20.48,193300
LGND,20140716,57.12,57.37,52.63,53.04,884200
LHCG,20140716,21.95,22.28,21.63,21.83,33100
LINC,20140716,3.76,3.76,3.56,3.62,189000
LIVE,20140716,3.78,3.89,3.77,3.81,313100
LJPC,20140716,11.94,12.3,11.16,11.53,287500
LKFN,20140716,25,25.1867,24.6733,24.7333,80500
LKQ,20140716,26.75,27,26.11,26.25,2157800
LLNW,20140716,2.88,2.98,2.85,2.9,366200
LMAT,20140716,7.83,8.1,7.62,7.8,7500
LMNR,20140716,21.52,21.65,21.26,21.51,24100
LNDC,20140716,12.32,12.32,12.01,12.17,57800
LOAN,20140716,3.2,3.42,2.87,2.92,74900
LOGI,20140716,12.97,13.06,12.9,12.94,453600
LOPE,20140716,45.52,45.83,44.8,45.02,220100
LORL,20140716,72.84,73,72.44,72.67,55700
LPCN,20140716,6.26,6.42,6.17,6.42,7200
LPLA,20140716,48.86,49.13,48.51,48.7,313100
LPSN,20140716,9.66,9.71,9.41,9.47,331400
LPTH,20140716,1.24,1.24,1.2,1.21,18700
LQDT,20140716,13.53,13.53,13.24,13.25,189000
LRCX,20140716,71.44,72.25,70.79,71.15,2827000
LSBK,20140716,12.38,12.39,12.3,12.32,5100
LSCC,20140716,8.11,8.12,7.91,7.92,871800
LSTR,20140716,64.82,65.34,64.38,65,261100
LTBR,20140716,174,176.4,168,171.6,22100
LTRX,20140716,1.97,2.04,1.88,1.95,52000
LULU,20140716,39.04,39.04,37.83,38.11,2772000
LUNA,20140716,1.35,1.46,1.35,1.42,15900
LWAY,20140716,13.25,13.42,13.09,13.19,27300
LXRX,20140716,10.99,11.27,10.57,10.64,934000
LYTS,20140716,7.35,7.36,7.15,7.26,90300
MACK,20140716,6.59,6.7,6.27,6.32,1309100
MANH,20140716,32.36,32.67,32.01,32.01,333000
MANT,20140716,28.3,28.61,28.16,28.4,117300
MAR,20140716,65.14,65.28,64.62,64.72,1857200
MARK,20140716,8.11,8.36,8.11,8.23,5300
MARPS,20140716,16.45,16.72,16.4,16.72,9300
MASI,20140716,24.48,24.48,24,24.16,237200
MAT,20140716,39.14,39.39,38.94,39.03,4695400
MATW,20140716,42.14,42.29,41.93,42.05,81400
MAYS,20140716,55.84,55.97,54.99,55.23,1800
MBII,20140716,10.24,10.28,9.82,9.87,86000
MBUU,20140716,19.02,19.45,19.02,19.29,70000
MBWM,20140716,20.81,20.81,20.13,20.26,24600
MCBC,20140716,4.97,5,4.85,4.87,55900
MCHP,20140716,48.83,49.11,48.72,48.75,1200000
MCHX,20140716,11.98,12.19,11.89,12.13,342900
MCRI,20140716,14.5,14.5,14.17,14.23,50900
MDIV,20140716,22.24,22.24,22.12,22.21,187700
MDLZ,20140716,38.12,38.31,38,38.14,5971600
MDRX,20140716,15.87,16.5,15.8,16.44,3447200
MDWD,20140716,10.19,10.34,9.81,9.88,46400
MDXG,20140716,7.09,7.24,6.76,6.77,527300
MEIP,20140716,6.44,6.88,6.2,6.28,77900
MELI,20140716,90.97,91.92,89.83,90.87,427000
MEOH,20140716,64.13,64.51,64.01,64.38,636800
MERC,20140716,10.9,10.9,10.7,10.75,121400
MGEE,20140716,38.58,38.58,38,38.32,40800
MGI,20140716,13.99,14.2,13.85,14.16,220000
MGIC,20140716,7.26,7.3,7.24,7.28,40300
MGLN,20140716,61.94,62.44,61.69,61.77,145600
MGNX,20140716,19.51,19.67,18.97,19.05,113900
MGPI,20140716,7.77,7.91,7.65,7.74,11300
MGRC,20140716,37.61,37.73,37.06,37.33,38400
MGYR,20140716,7.55,7.55,7.55,7.55,0
MHLD,20140716,12.06,12.06,11.82,11.86,191300
MICT,20140716,4.35,4.41,4.24,4.3,15100
MIDD,20140716,78.19,78.75,76.56,76.67,367100
MIND,20140716,13.36,13.42,13.2,13.3,36300
MITK,20140716,3.54,3.6,3.46,3.55,223800
MKSI,20140716,31.48,31.56,31.19,31.46,232900
MKTX,20140716,48.57,48.86,47.76,48.11,177000
MLAB,20140716,82.17,83.7,82.17,83.2,15100
MLHR,20140716,30.42,30.49,29.98,30.27,325000
MLVF,20140716,10.91,10.93,10.8,10.8,11700
MMLP,20140716,41.2,41.2,40.79,40.97,172100
MMSI,20140716,14.99,15.09,14.85,14.98,192400
MMYT,20140716,27.29,27.47,26.61,26.77,73300
MNDO,20140716,2.34,2.4,2.34,2.35,8400
MNKD,20140716,49.45,49.7,48.25,48.4,5222300
MNOV,20140716,1.88,2,1.88,1.97,6300
MNRO,20140716,52.86,53.67,51.98,52.71,220900
MNST,20140716,22.84,22.9967,22.3333,22.35,1897800
MNTX,20140716,15.57,15.66,15.19,15.28,52800
MOFG,20140716,23.71,23.71,23.43,23.43,10100
MORN,20140716,69.65,70.11,68.69,69.22,60500
MOSY,20140716,618,630,614,620,140700
MOVE,20140716,14.61,14.74,14.25,14.47,278700
MPAA,20140716,25.1,25.1,24.44,24.68,218500
MPB,20140716,15.15,15.25,15.15,15.25,1800
MPWR,20140716,41.8,41.8,41.13,41.47,209000
MRCC,20140716,13.55,13.64,13.39,13.57,10700
MRCY,20140716,11.61,11.74,11.51,11.57,50700
MRLN,20140716,18.79,18.79,18.27,18.31,18900
MRTN,20140716,14.52,14.6867,13.8667,13.98,525300
MRTX,20140716,17.27,17.74,16.67,16.9,56700
MRVL,20140716,14.24,14.45,14.15,14.39,5846500
MSEX,20140716,20.44,20.5,20.22,20.32,33000
MSFT,20140716,42.5,44.31,42.48,44.08,63322300
MSON,20140716,6.6,6.6,6.6,6.6,100
MSTR,20140716,140.47,140.85,138.36,139.27,40000
MTEX,20140716,12.4,12.49,12.02,12.37,22100
MTLS,20140716,12.45,12.45,11.7,11.79,182700
MTRX,20140716,30.44,30.44,29.4,30.16,211300
MTSI,20140716,20.59,20.85,20.06,20.64,86100
MU,20140716,34.42,34.85,34.23,34.64,30799100
MVIS,20140716,2.26,2.3,2.18,2.22,883000
MYGN,20140716,39.19,39.23,38.18,38.55,638200
MYRG,20140716,25.23,25.47,25.02,25.32,73200
NAII,20140716,5.29,5.35,5.28,5.3,1100
NATH,20140716,51.17,51.84,51.11,51.15,14200
NATI,20140716,32.18,32.18,31.66,31.85,432500
NATR,20140716,16.35,16.44,15.68,15.73,23400
NAVI,20140716,17.71,17.92,17.49,17.82,3180600
NBIX,20140716,13.49,13.62,12.9,12.98,785200
NBN,20140716,9.49,9.49,9.21,9.28,8300
NBTB,20140716,23.94,23.94,23.53,23.56,85900
NCMI,20140716,17.13,17.19,16.94,17.05,154600
NCTY,20140716,96,96,90.9,93.3,102000
NDAQ,20140716,39.95,40.36,39.95,40.3,573500
NDLS,20140716,29.29,29.43,28.27,28.3,260000
NDSN,20140716,78.09,78.48,77.19,78.03,260500
NECB,20140716,6.99,7.1,6.92,6.92,6000
NEO,20140716,4.7,4.82,4.37,4.38,671100
NEOG,20140716,31.17,31.17,29.8725,29.9625,188200
NEON,20140716,33.5,33.8,31.3,31.4,447200
NEPT,20140716,2.43,2.49,2.36,2.45,277800
NERV,20140716,5.9,6.09,5.57,6.09,199300
NETE,20140716,11.2,11.3,10.2,10.8,18900
NEWT,20140716,13.35,13.35,13.1,13.1,11300
NFBK,20140716,12.92,12.92,12.73,12.76,176300
NFLX,20140716,64.8786,65.1,63.3429,63.4914,1921700
NICE,20140716,40,40.1,39.75,39.88,106200
NICK,20140716,13.4,13.43,13.31,13.4,26700
NKSH,20140716,31,31.59,30.56,30.68,23600
NKTR,20140716,11.81,12.06,11.51,11.67,870600
NMIH,20140716,10.49,10.53,10.35,10.41,170400
NNBR,20140716,23.9,24.3,23.67,23.79,72300
NRIM,20140716,24.5,24.5,24.25,24.29,11600
NSEC,20140716,12.1,12.11,12.02,12.02,1200
NSIT,20140716,27.98,28.04,27.57,27.91,234500
NSSC,20140716,4.96,5.05,4.96,5.05,3800
NSTG,20140716,13.73,14.28,13.52,14.07,123900
NSYS,20140716,4.74,4.87,4.7,4.71,1300
NTAP,20140716,36.68,37,36.54,36.88,4226100
NTCT,20140716,43.24,43.65,42.95,43.2,343000
NTES,20140716,15.8,16.438,15.766,16.336,882600
NTGR,20140716,33.7,33.7,32.77,33.53,171500
NTIC,20140716,10.375,10.6,10.375,10.45,4000
NTRS,20140716,64.9,65.74,63.92,64.48,1505800
NTWK,20140716,3.96,4.19,3.96,4.13,49000
NUAN,20140716,18.15,18.28,17.97,18.07,2782700
NURO,20140716,69.12,69.44,64.64,64.96,320000
NUVA,20140716,34.73,34.99,33.47,33.64,310900
NVAX,20140716,86,86.6,82.6,83.6,2782800
NVCN,20140716,6450,6500,6300,6330,7700
NVDA,20140716,4.8625,4.9,4.81,4.8375,7993200
NVEC,20140716,53.49,53.61,53.25,53.4,7700
NVEE,20140716,9.45,9.5,9.11,9.5,1100
NVFY,20140716,23.25,23.35,23.05,23.1,57300
NVMI,20140716,11.67,12.02,11.67,11.87,363400
NWBI,20140716,13.38,13.38,13.15,13.16,280800
NWFL,20140716,28.95,29.25,28.95,29.25,800
NWLI,20140716,248.65,256,248.01,249.35,6000
NWPX,20140716,37.79,38.45,37.63,38.26,32600
NWS,20140716,17.74,17.79,17.57,17.63,842600
NWSA,20140716,18.26,18.41,18.17,18.23,2716900
NXPI,20140716,66.48,67.26,66.12,67.03,1536800
NXST,20140716,49.42,49.79,48.42,48.47,357600
NYMT,20140716,7.7,7.72,7.64,7.67,878900
NYMTP,20140716,24.05,24.09,23.89,24,6200
NYMX,20140716,4.71,4.96,4.7,4.78,22300
OBAS,20140716,6.67,6.7,6.5,6.5,2400
OBCI,20140716,3.04,3.04,2.9,2.94,1700
OCC,20140716,4.01,4.01,4,4.01,600
OCFC,20140716,16.86,16.86,16.63,16.7,49500
ODFL,20140716,62.41,62.64,61.64,61.89,432300
OFED,20140716,17.41,17.41,17.41,17.41,0
OFIX,20140716,33.61,34.31,33.2,34.02,99700
OFLX,20140716,19.54,19.59,19.35,19.46,2300
OFS,20140716,12.81,12.89,12.65,12.78,11800
OIIM,20140716,3.29,3.29,3.25,3.29,7800
OLED,20140716,30.08,30.6,29.37,29.52,408900
OMAB,20140716,32.44,32.5,32.26,32.31,8100
OMCL,20140716,27.24,27.49,26.81,26.84,164600
OMER,20140716,14.11,14.2,13.92,14.1,307000
OMEX,20140716,18.6,18.6,17.64,17.76,604500
ONB,20140716,14.1,14.2,13.98,14.01,483900
ONCY,20140716,1.55,1.57,1.53,1.53,133800
ONEQ,20140716,174.25,174.8,173.65,173.72,22200
ONTX,20140716,744,754.5,721.5,736.5,148400
OPEN,20140716,103,103.1,102.95,103.01,702300
OPHC,20140716,12.2,12.8,12.2,12.5,900
OPOF,20140716,15.25,15.49,15.25,15.26,11700
ORLY,20140716,154.51,154.85,153.12,153.92,713500
ORMP,20140716,8.65,8.86,8.38,8.61,102100
ORRF,20140716,16.82,16.82,16.53,16.67,2400
OSBC,20140716,4.79,4.98,4.79,4.8,6300
OSIS,20140716,64.96,65.58,64.26,64.3,81700
OSTK,20140716,14.54,14.58,14.2,14.37,144300
OSUR,20140716,8.19,8.34,8.12,8.2,281500
OTEX,20140716,23.59,23.695,23.465,23.67,285000
OTTR,20140716,28.71,28.92,28.5,28.77,64500
OVBC,20140716,23.25,23.25,23.1,23.1,1200
OVLY,20140716,10.21,10.48,10.21,10.36,2300
OXBR,20140716,5.99,6.17,5.71,6.05,45400
OXBRW,20140716,1.03,1.1,1.01,1.1,28000
OXLC,20140716,16.97,17,16.81,16.92,14500
OXLCO,20140716,24.75,24.91,24.44,24.52,15100
OXLCP,20140716,25.77,25.89,25.77,25.87,2900
PAAS,20140716,14.81,14.95,14.7,14.76,1081700
PACB,20140716,5.52,5.57,5.37,5.41,445200
PACW,20140716,42.85,42.99,41.79,41.96,805500
PAHC,20140716,19.56,20.05,19.46,19.74,153000
PATK,20140716,20.3067,20.3733,19.7822,19.9289,68500
PAYX,20140716,42.46,42.59,42.15,42.18,1261800
PBCT,20140716,15.18,15.18,14.88,14.91,4135200
PBHC,20140716,14,15,14,15,200
PBIP,20140716,11.64,11.68,11.56,11.68,2700
PBPB,20140716,11.59,11.62,11.28,11.42,674400
PCAR,20140716,65.81,66.35,65.81,66.25,955600
PCH,20140716,41.78,41.78,41.35,41.65,282100
PCOM,20140716,23.09,23.45,23,23.06,91700
PCRX,20140716,87,88.24,85,85.14,320300
PCTI,20140716,7.68,7.73,7.56,7.68,34200
PCTY,20140716,20.87,21.85,20.73,21.55,145200
PCYG,20140716,10.1,10.24,9.9,10.08,48500
PCYO,20140716,6.89,6.93,6.8,6.86,65600
PDCE,20140716,56.7,57.97,56.49,57.35,818200
PDCO,20140716,39.42,39.65,39.22,39.62,614600
PDEX,20140716,2.01,2.06,2.01,2.01,1900
PDFS,20140716,21.21,21.25,20.78,20.88,210400
PEBK,20140716,16.01,16.1,16.01,16.07,1700
PEBO,20140716,26.51,26.51,26.05,26.13,14900
PEGA,20140716,21.43,21.58,21.01,21.43,165900
PENN,20140716,11.35,11.4,11.26,11.29,751700
PERI,20140716,28.92,29.19,28.23,28.38,148000
PESI,20140716,5,5.07,4.65,4.97,12200
PETS,20140716,13.63,13.66,13.37,13.4,141100
PFBC,20140716,22.89,23,22.7,22.76,20200
PFIE,20140716,4.37,4.44,4.2,4.21,262200
PFIN,20140716,7.8,7.83,7.7,7.71,8000
PFIS,20140716,47.77,48.46,46.8,48.45,22300
PFLT,20140716,14.2,14.29,14.08,14.1,57600
PFMT,20140716,10.59,10.64,10.4,10.55,101100
PFSW,20140716,8.6,8.66,8.35,8.66,28400
PGC,20140716,19.93,19.99,19.75,19.76,12900
PINC,20140716,28.56,28.7,27.98,28.34,211300
PKBK,20140716,10.6182,10.8091,10.4636,10.6182,15400
PKOH,20140716,59.83,59.98,59.26,59.42,29100
PLAB,20140716,8.72,8.76,8.65,8.7,152500
PLBC,20140716,6.91,7.05,6.88,6.88,300
PLCE,20140716,48.51,48.78,47.8,47.99,234700
PLPC,20140716,55.99,56,53.63,54.6,10300
PLUG,20140716,5.04,5.12,4.73,4.77,22339400
PLUS,20140716,27.925,28.79,27.47,28.535,63800
PLXS,20140716,42.35,42.46,41.51,42.08,274300
PMBC,20140716,6.78,6.87,6.78,6.87,35600
PMD,20140716,14.18,14.26,14.18,14.26,2300
PME,20140716,2.69,2.69,2.45,2.53,40700
PNBK,20140716,14,14.4,14,14.1,2800
PNFP,20140716,37.9,37.9,36.41,37.11,234800
PNNT,20140716,11.54,11.54,11.46,11.5,318500
PNQI,20140716,68.01,68.01,67.2,67.34,12600
PNRG,20140716,63.99,63.99,63.99,63.99,0
PODD,20140716,38.06,38.4,37.25,37.48,280000
POOL,20140716,54.69,55.05,54.16,54.36,219800
POWI,20140716,28.16,28.16,27.3,27.55,148600
POWL,20140716,64.47,64.47,63.9,64,16200
PPBI,20140716,14.29,14.29,14,14.01,27700
PPC,20140716,31.03,31.32,30.64,30.84,1531500
PPSI,20140716,8.04,8.04,8,8,200
PRAA,20140716,57.95,60.35,57.42,60,811900
PRFT,20140716,19.23,19.23,18.68,18.96,103800
PRFZ,20140716,99.16,99.16,98.26,98.57,65900
PRGS,20140716,23.71,23.95,23.48,23.69,227600
PRIM,20140716,26.16,26.28,25.5,25.69,218900
PROV,20140716,14.73,14.73,14.5,14.51,16100
PRPH,20140716,1.67,1.73,1.6,1.63,115500
PRTA,20140716,20.76,20.76,18.83,19.01,231800
PRTS,20140716,3.45,3.47,3.4,3.42,15600
PSCC,20140716,49.47,49.83,49.47,49.83,1800
PSCD,20140716,46.24,46.43,45.98,46.15,9100
PSCE,20140716,50.8,51.36,50.8,51.25,8800
PSCF,20140716,39.06,39.25,38.83,39.11,6000
PSCH,20140716,55.62,55.7,55.19,55.19,9000
PSCI,20140716,44.48,44.8,44.34,44.6,8400
PSCM,20140716,45.66,45.67,45.34,45.41,8300
PSCT,20140716,45.4,45.4,44.95,45.11,86000
PSCU,20140716,35.94,36.2,35.94,35.99,3300
PSEC,20140716,10.67,10.73,10.66,10.68,2641200
PSMT,20140716,85.92,86.36,83.91,84.22,219000
PSTI,20140716,30.5,30.6,29.7,30.3,104200
PTC,20140716,38.75,38.86,38.13,38.15,860000
PTCT,20140716,24.45,24.45,23.16,23.48,167900
PTEN,20140716,35.04,35.76,34.91,35.64,3028300
PTNR,20140716,7.41,7.51,7.4,7.45,19900
PTSI,20140716,31.73,32.6,31.73,31.85,37300
PWOD,20140716,30.6667,30.6667,29.9,30.1667,5200
PXLW,20140716,8.89,9.01,8.42,8.61,934900
PZZA,20140716,42.04,42.13,41.17,41.17,228700
QABA,20140716,35.56,35.56,35.01,35.01,4400
QADA,20140716,20.7,20.7,19.72,20,8100
QADB,20140716,16.55,17.1,16.55,16.6,4600
QAT,20140716,25.9,25.9,25.67,25.73,30400
QCLN,20140716,19.8,19.81,19.56,19.65,38800
QCOM,20140716,79.72,79.94,79.58,79.62,6266800
QCRH,20140716,17.2,17.2,17.06,17.16,4600
QDEL,20140716,21.18,21.51,20.93,21.41,217900
QIWI,20140716,44.64,44.9,44.12,44.49,591900
QLYS,20140716,24.52,24.94,24.01,24.16,142300
QNST,20140716,5.28,5.34,5.18,5.3,89300
QQEW,20140716,39.49,39.49,39.25,39.3,58400
QQQ,20140716,96.19,96.3,95.79,95.89,22061900
QQQX,20140716,19.01,19.23,19.01,19.1,45600
QQXT,20140716,36.36,36.4,36.21,36.24,4900
QRHC,20140716,34.4,35.36,33.76,34.88,28900
QTEC,20140716,40.57,40.65,40.46,40.53,177700
QTNT,20140716,8.23,8.8,8.16,8.75,20500
QUIK,20140716,62.86,65.38,62.02,62.44,401500
QUMU,20140716,12.09,12.87,11.93,11.97,37200
QURE,20140716,12.15,12.64,11.77,11.86,92300
QYLD,20140716,25.22,25.23,25.22,25.23,1000
RADA,20140716,2.86,3,2.86,2.88,11000
RAIL,20140716,23.28,23.72,23.17,23.42,65000
RAND,20140716,28.08,28.08,27.9,27.9,900
RARE,20140716,43.25,44.59,41.61,42.93,278500
RAVN,20140716,30.73,30.87,30.11,30.45,109800
RBCAA,20140716,23.44,23.55,23.15,23.28,15300
RBCN,20140716,85.5,86,83.1,85.3,408300
RCII,20140716,25.43,25.45,24.9,25.08,1134100
RCKY,20140716,13.81,14.02,13.75,13.92,11200
RCMT,20140716,6.88,6.88,6.73,6.85,23300
RCON,20140716,19.5,19.5,19.15,19.4,43200
RDCM,20140716,5.99,6.45,5.99,6.14,6300
RDHL,20140716,15.5,15.5,15.05,15.09,9900
RDI,20140716,8.19,8.27,8.13,8.14,39100
RDNT,20140716,5.75,5.9,5.67,5.86,251300
RDUS,20140716,12.7,14.05,12.54,13.06,66100
RDVY,20140716,21.1,21.19,21.1,21.19,500
RDWR,20140716,16.28,16.5,16.03,16.19,114100
REFR,20140716,5.75,5.85,5.72,5.82,36100
REGI,20140716,10.99,11.07,10.75,10.96,386900
REGN,20140716,315.1,315.25,305.1,306.12,710500
RELL,20140716,10.3,10.5,10.29,10.31,17400
RENT,20140716,53.72,55.22,53.48,55.16,116200
REPH,20140716,6.67,7,6.3,6.7,26400
RESN,20140716,6.7,6.84,6.5,6.52,17400
RFIL,20140716,5.7,5.75,5.59,5.7,42200
RGCO,20140716,12.8067,12.8867,12.78,12.8467,12300
RGEN,20140716,23.44,23.74,22.72,22.74,328500
RGLD,20140716,74.21,75.5,74.21,74.84,533300
RGLS,20140716,79.56,81,78.12,79.2,78100
RIBT,20140716,5.28,5.28,5.17,5.18,37900
RICK,20140716,11.29,11.43,11.2,11.35,27300
RIGL,20140716,3.33,3.36,3.2,3.2,390200
RMBS,20140716,13.93,13.98,13.51,13.68,726700
RMCF,20140716,13.11,13.11,12.8,12.97,13900
RMTI,20140716,11.07,11.18,10.81,10.93,135900
RNA,20140716,9.5,9.73,9.28,9.42,226200
RNST,20140716,29.29,29.48,28.46,29.19,181300
RNWK,20140716,7.33,7.33,7.27,7.29,53400
ROCK,20140716,14.97,15.16,14.83,15.06,117300
ROIC,20140716,15.73,15.79,15.68,15.77,476500
ROLL,20140716,61.62,62.02,61.02,61.55,36900
ROST,20140716,32.285,32.545,31.06,31.075,5791500
RPRX,20140716,17.5,17.5,15.8,15.96,142200
RRGB,20140716,67.49,67.82,66.53,66.82,152500
RUSHA,20140716,22.6333,22.6333,22.2733,22.54,217800
RUSHB,20140716,19.88,19.88,19.6733,19.7333,4100
RUTH,20140716,11.89,12.01,11.77,11.83,536400
RVNC,20140716,31,32.3,30.7,31.31,92500
RVSB,20140716,3.96,3.96,3.9,3.92,9600
RXDX,20140716,8.84,9.45,8.84,9.16,46800
RYAAY,20140716,53.33,53.56,52.6,52.61,127200
SABR,20140716,19.64,19.73,19.17,19.29,472500
SAFM,20140716,102.1,103.9,100.64,101.29,246700
SAFT,20140716,51.01,51.12,50.1,51.06,57600
SAIA,20140716,44.73,44.96,44.39,44.68,280600
SAL,20140716,29.5,30.44,26.78,30.44,2800
SALM,20140716,9.71,9.77,9.4,9.65,29600
SAMG,20140716,16.74,16.74,16.25,16.61,18900
SANM,20140716,22.52,22.59,21.85,21.9,790100
SANW,20140716,6.28,6.38,6.25,6.31,11600
SASR,20140716,23.93,23.93,23.32,23.45,25400
SATS,20140716,42.1688,42.3881,42.0631,42.1525,256500
SBAC,20140716,104.2,104.91,103.45,104.43,479200
SBCF,20140716,10.81,10.81,10.65,10.67,49300
SBFG,20140716,8.32,8.4,8.32,8.35,3100
SBGI,20140716,33.43,33.91,32.83,32.95,988500
SBLK,20140716,58.05,59.35,57.95,59,63900
SBNY,20140716,124.4,124.87,120.66,121.56,499000
SBRA,20140716,28.6,28.6,28.22,28.3,248300
SBSI,20140716,28.79,28.94,28.41,28.89,137300
SBUX,20140716,39.52,39.53,39.155,39.365,4367100
SCHL,20140716,33.06,33.34,32.98,33.01,189300
SCHN,20140716,26.33,26.75,26.14,26.65,271100
SCOR,20140716,37.14,37.28,36.64,36.81,150700
SCSC,20140716,36.82,36.88,36.13,36.47,88200
SCVL,20140716,18.94,19,18.54,18.6,41100
SCYX,20140716,78,80,78,79.6,3600
SEAC,20140716,8.01,8.08,7.88,7.92,268100
SEED,20140716,21.8,22,21.5,22,71100
SEIC,20140716,32.63,32.78,32.16,32.36,594300
SENEA,20140716,30.46,30.46,30.12,30.13,20300
SENEB,20140716,31.58,31.58,31.58,31.58,0
SFBC,20140716,17.45,17.45,17.31,17.31,2300
SFM,20140716,31.42,31.55,30.97,31.1,601700
SFNC,20140716,20.015,20.12,19.585,19.71,67200
SFST,20140716,13.75,13.98,13.75,13.8,39500
SGC,20140716,17.56,18.1,17.56,17.91,5800
SGEN,20140716,35.37,35.86,34.67,35.17,703400
SGMA,20140716,10.63,11.46,10.46,11.32,27300
SGMO,20140716,12.79,13.07,12.45,12.58,778500
SGMS,20140716,10.07,10.26,9.34,9.45,2533000
SGOC,20140716,7.44,7.72,7.44,7.64,5200
SGRP,20140716,1.53,1.53,1.44,1.44,2500
SHBI,20140716,8.99,9.01,8.96,9.01,2700
SHEN,20140716,14.9,14.94,14.53,14.72,64800
SHIP,20140716,1848,1920,1800,1800,12600
SHOO,20140716,22.5933,22.6733,22.2333,22.2867,267200
SHY,20140716,84.49,84.5,84.46,84.47,426600
SIEB,20140716,2.7,2.85,2.69,2.81,7400
SIFY,20140716,2.04,2.05,1.99,2.01,144400
SIGA,20140716,2.73,2.73,2.63,2.66,63700
SIGI,20140716,24.24,24.24,23.69,24.01,127400
SILC,20140716,37.84,37.91,37.33,37.51,23200
SIMO,20140716,23.41,23.68,23.03,23.2,375300
SINO,20140716,8.55,8.55,8.25,8.25,8600
SIRI,20140716,3.45,3.45,3.4,3.42,49355900
SIVB,20140716,114.1,114.74,111.19,111.33,377100
SKYW,20140716,12.36,12.4,12.15,12.16,167400
SKYY,20140716,27.08,27.08,26.77,26.8,27300
SLAB,20140716,48.17,48.46,47.5,47.75,308800
SLGN,20140716,25.73,25.84,25.345,25.435,205200
SLM,20140716,8.49,8.5,8.42,8.46,3609700
SLMBP,20140716,77.97,77.99,75.05,75.05,400
SLP,20140716,5.84,5.84,5.67,5.7,25300
SLRC,20140716,21.17,21.17,20.89,20.91,98300
SLVO,20140716,15.3,15.36,15.26,15.32,21200
SMBC,20140716,17.565,17.57,17.475,17.475,4700
SMCI,20140716,24.7,24.98,24.41,24.44,207000
SMED,20140716,4.36,4.41,4.3,4.35,58900
SMIT,20140716,2.79,2.87,2.7,2.87,1100
SMLR,20140716,4.06,4.06,4.05,4.06,2000
SMMF,20140716,10.83,10.9,10.69,10.69,2300
SMPL,20140716,16.89,17.36,16.81,17.05,16100
SMSI,20140716,4.12,4.28,4.08,4.08,65800
SMTC,20140716,25,25.01,24.47,24.81,500100
SNCR,20140716,34.17,34.9,33.66,34.02,246900
SNFCA,20140716,4.37,4.39,4.26,4.35,3700
SNPS,20140716,39.49,39.55,38.79,39.21,911600
SOCL,20140716,18.94,19.02,18.86,18.86,127700
SOHO,20140716,7.6,7.6,7.34,7.58,24100
SOHU,20140716,56.3,56.35,55.19,56.01,325900
SOXX,20140716,88.27,88.66,88.1,88.61,102700
SP,20140716,21.34,21.36,21.07,21.22,46600
SPBC,20140716,28.84,28.84,28.84,28.84,0
SPCB,20140716,9.25,9.25,8.89,9,88100
SPLK,20140716,46.72,47.43,46.22,46.54,1270300
SPNS,20140716,7.9,7.92,7.81,7.88,137500
SPOK,20140716,15.26,15.32,15.04,15.09,65500
SPPI,20140716,7.47,7.57,7.27,7.33,1200900
SPRO,20140716,1.77,1.84,1.77,1.84,3500
SPSC,20140716,57.4,57.85,55.91,56.67,36200
SPTN,20140716,21.86,21.9,21.47,21.72,168200
SPWH,20140716,7.05,7.22,6.35,6.45,576900
SPWR,20140716,38.41,38.62,37.8,38.35,1482300
SQQQ,20140716,3196.8,3237.6,3185.6,3226.4,2477100
SRCE,20140716,30.3,30.3,29.37,29.38,32400
SRCL,20140716,119.38,119.73,118.91,119.44,212400
SRDX,20140716,20.27,20.27,19.7,19.94,46400
SREV,20140716,4.7,4.77,4.59,4.63,404800
SRNE,20140716,5.77,5.77,5.57,5.6,41500
SRPT,20140716,21.15,21.54,20.53,20.68,994100
SSB,20140716,59.94,60.11,58.99,59.07,28600
SSBI,20140716,13.13,13.13,13.1,13.1,800
SSNC,20140716,43.04,43.22,42.42,42.98,207600
SSYS,20140716,105.15,105.89,102.6,102.7,562900
STAA,20140716,12.57,12.74,12.48,12.69,201500
STBA,20140716,24.61,24.61,24.1,24.12,40600
STFC,20140716,22.57,22.57,21.99,22.11,22500
STKL,20140716,13.55,13.59,13.42,13.53,190300
STLD,20140716,18.33,18.64,18.24,18.55,3590400
STRA,20140716,50.9,51.32,50.18,50.66,108000
STRL,20140716,9.09,9.23,9.04,9.08,22400
STRM,20140716,5.3,5.77,5.3,5.52,30200
STRN,20140716,4.98,5.13,4.96,4.99,600
STRS,20140716,16.15,16.21,15.66,16.05,1200
STRT,20140716,63.67,64.39,63.46,63.8,15200
STX,20140716,60.25,61.61,60.25,61.31,3161200
SUMR,20140716,28.8,29.7,28.17,28.71,139800
SUNS,20140716,17,17.06,16.93,16.97,24100
SUPN,20140716,10.25,10.25,9.45,9.5,639100
SURG,20140716,3,3.04,2.99,2.99,126700
SVBI,20140716,4.54,4.56,4.26,4.52,15400
SVVC,20140716,20.79,20.8,20.66,20.77,24400
SWIR,20140716,19.22,19.29,19.01,19.11,211600
SWKS,20140716,47.81,48.2,47.41,47.78,3490500
SYBT,20140716,19.88,20.0067,19.3667,19.46,20900
SYNA,20140716,85.16,86.41,83.76,84.23,625500
SYNL,20140716,16.7,16.7,16.41,16.65,3700
SYPR,20140716,5.13,5.18,5.12,5.12,26400
TACT,20140716,10.04,10.15,10,10.09,6300
TAIT,20140716,1.02,1.02,1.02,1.02,0
TAST,20140716,7.65,7.69,7.49,7.57,267700
TATT,20140716,7.7,7.7,7.45,7.55,11500
TAYD,20140716,8.84,8.9,8.8,8.9,1600
TBBK,20140716,11.52,11.56,11.28,11.31,162700
TBNK,20140716,20.54,20.54,20.34,20.35,12900
TBPH,20140716,31.28,32.72,30.87,32.01,151300
TCBI,20140716,53.69,54.05,53.15,53.25,435900
TCBK,20140716,23.78,23.78,23.37,23.51,39900
TCFC,20140716,21.95,21.95,21.95,21.95,500
TCPC,20140716,17.78,17.91,17.62,17.68,207500
TCX,20140716,13.92,14.14,13.4,13.97,57300
TDIV,20140716,27.16,27.36,27.11,27.33,216800
TECH,20140716,91.52,91.6,89.3,89.66,249100
TEDU,20140716,12.12,12.25,11.5,11.9,388300
TESS,20140716,31.03,31.22,30.61,30.77,23200
TFSL,20140716,13.85,13.85,13.67,13.67,128200
TGA,20140716,6.53,6.65,6.52,6.65,125500
TGLS,20140716,11.15,11.15,11.15,11.15,0
TGTX,20140716,9.72,9.9,9.43,9.75,245700
THFF,20140716,31.66,31.66,31,31.03,17400
THRM,20140716,47.73,47.94,47.04,47.09,375800
THRX,20140716,28.33,28.62,27.64,28.21,457000
TIGR,20140716,1.44,1.44,1.4,1.4,18200
TILE,20140716,18.3,18.58,18.16,18.31,378600
TIPT,20140716,7.5,7.5,7.3,7.39,10200
TITN,20140716,15.62,16.46,15.34,16.42,182100
TLT,20140716,113,113.58,112.94,113.46,4615800
TNDM,20140716,14.11,14.63,13.37,14.29,264700
TNXP,20140716,11820,11820,11630,11710,44700
TOPS,20140716,1820000,1930000,1800000,1850000,292400
TOUR,20140716,18.13,18.4,17.82,17.95,288700
TOWN,20140716,16,16.15,15.75,15.76,91100
TQQQ,20140716,13.3733,13.4117,13.2017,13.2417,2226500
TREE,20140716,26.48,26.48,26.11,26.25,76900
TRIB,20140716,23.19,23.37,22.88,23.03,63300
TRIP,20140716,103.32,104.76,101.5,101.96,1201400
TRMB,20140716,32.32,32.5,31.83,32,2756300
TRMK,20140716,24.14,24.17,23.57,23.58,376200
TRNS,20140716,10.69,10.69,10.51,10.52,4000
TROW,20140716,82.62,82.81,81.43,81.91,1480600
TRS,20140716,36.7,36.9,36.2,36.39,138600
TRST,20140716,6.53,6.55,6.43,6.54,408000
TRUE,20140716,13.18,13.29,12.56,13.07,400700
TRVN,20140716,6.32,6.72,6.16,6.5,89000
TSBK,20140716,10.64,10.64,10.45,10.5,1700
TSC,20140716,13.62,13.81,13.42,13.57,77300
TSCO,20140716,60.74,61.07,60.47,60.95,3404800
TSEM,20140716,9.92,11.6,9.92,11.26,2665300
TSLA,20140716,44.384,44.96,43.364,43.432,4051000
TSRI,20140716,3.08,3.25,3.08,3.18,5500
TTEC,20140716,29.33,29.33,28.85,29.15,69600
TTEK,20140716,27.08,27.15,26.59,26.79,245800
TTGT,20140716,8.56,8.56,8.4,8.44,69900
TTMI,20140716,7.96,8.09,7.81,7.81,405000
TTWO,20140716,22.6,22.82,22.29,22.48,2821500
TW,20140716,104.27,104.44,102.92,103.89,572700
TWIN,20140716,30.72,31.06,30.37,30.84,14900
TWOU,20140716,14.25,14.25,13.85,13.96,134500
TXN,20140716,49.07,49.2,48.81,49.05,4894500
TXRH,20140716,25.47,25.6,25.22,25.48,412100
TZOO,20140716,18.87,19.23,18.58,18.99,145900
UAE,20140716,24.06,24.06,23.8,23.95,21500
UBCP,20140716,8.05,8.08,8.05,8.08,1100
UBFO,20140716,5.62,6,5.62,5.82,8100
UBOH,20140716,14.49,14.96,14.31,14.51,4400
UBSI,20140716,32.16,32.37,31.71,31.83,230700
UCBI,20140716,16.28,16.34,16.02,16.04,167700
UCTT,20140716,9.1,9.16,8.9,8.97,194600
UEIC,20140716,50.97,50.97,49.83,49.83,183900
UEPS,20140716,11.22,11.25,11.05,11.09,101000
UFCS,20140716,29.61,29.69,28.85,29.17,38200
UFPI,20140716,46.2,46.2,45.59,45.95,87000
UFPT,20140716,24.13,24.7,23.84,24.24,7400
UG,20140716,28.2,29,28.04,28.09,1900
UHAL,20140716,286,287,282.69,283.19,26700
UIHC,20140716,16.61,16.65,16.12,16.21,140300
ULBI,20140716,3.71,3.76,3.6,3.6,11600
ULTA,20140716,91.02,91.02,89.24,89.26,643600
UMBF,20140716,59.33,59.38,58.06,58.36,121700
UMPQ,20140716,17.59,17.67,17.23,17.24,1244200
UNAM,20140716,12.55,12.59,12.55,12.59,600
UNB,20140716,25.2,25.41,25,25.39,1700
UNTY,20140716,9,9.05,9,9,1700
URBN,20140716,33.37,33.51,32.85,33.25,1212600
USAK,20140716,17.45,17.64,17.28,17.5,27900
USAP,20140716,30,30.27,29.82,29.98,16400
USEG,20140716,238.8,241.2,234.6,241.2,80600
USLM,20140716,62.7,63.4,62.2,62.41,5300
UTHR,20140716,92.14,92.33,90.19,90.68,537700
UTMD,20140716,49.02,49.27,48.72,49.09,4500
UTSI,20140716,2.82,2.92,2.82,2.89,8300
UVSP,20140716,20.48,20.48,19.94,20,39800
VALU,20140716,16.34,16.39,16,16.06,8100
VBFC,20140716,21.28,22.24,20.64,22.08,36500
VCIT,20140716,86.25,86.29,86.15,86.26,379700
VCLT,20140716,89.9,90.16,89.73,89.95,98600
VCSH,20140716,80.13,80.18,80.12,80.15,652900
VCYT,20140716,14.37,14.37,13.77,14.01,88700
VECO,20140716,34.85,35.09,34.42,34.6,169900
VGIT,20140716,63.72,63.76,63.71,63.76,8600
VGLT,20140716,70.61,70.87,70.58,70.81,38300
VGSH,20140716,60.9,60.91,60.87,60.9,22300
VIA,20140716,86.84,89.64,86.84,87.57,142200
VICR,20140716,7.8,7.89,7.59,7.71,36100
VIEW,20140716,2.1,2.12,2.04,2.07,22600
VIRC,20140716,2.35,2.35,2.35,2.35,1100
VIVO,20140716,20.48,20.6,20.14,20.47,230400
VLGEA,20140716,23.72,23.95,23.58,23.91,15700
VMBS,20140716,52.43,52.44,52.37,52.42,39300
VNDA,20140716,13.24,13.42,12.95,13.17,524700
VNET,20140716,29.2,29.36,28.26,28.6,373500
VNOM,20140716,32.35,33.5,32.01,32.81,56100
VNQI,20140716,59,59.02,58.91,59.01,92400
VOD,20140716,33.67,33.67,33.49,33.55,5145900
VONE,20140716,91.3,91.3,91.02,91.19,12000
VONG,20140716,93.72,93.72,93.31,93.53,28900
VONV,20140716,89.07,89.2,88.9,89.13,25200
VOXX,20140716,9.53,9.82,9.52,9.73,135700
VRA,20140716,20.56,20.56,20.36,20.39,316000
VRNS,20140716,22.96,23.45,21.97,22.23,88200
VRNT,20140716,48.5,48.5,47.59,47.96,296900
VRSK,20140716,61.65,61.91,61.3,61.5,458900
VRSN,20140716,50.01,50.17,49.53,49.6,750500
VRTS,20140716,217.23,217.52,212.56,212.69,50100
VRTX,20140716,96.7,97.22,94.42,96.83,1618800
VSAT,20140716,57.43,57.51,56.82,57.11,149900
VSEC,20140716,35.045,35.045,34.57,34.67,9200
VSTM,20140716,8.81,8.95,8.62,8.86,152300
VTHR,20140716,91.45,91.45,91.19,91.42,2000
VTIP,20140716,49.99,49.99,49.96,49.98,70000
VTNR,20140716,8.5,8.61,8.33,8.35,202400
VTWG,20140716,96.75,96.75,96.17,96.4,3400
VTWO,20140716,92.18,92.23,91.51,91.74,22900
VTWV,20140716,87.33,87.39,86.79,87.19,2300
VWOB,20140716,80.84,80.85,80.68,80.77,18200
VXUS,20140716,54.31,54.51,54.31,54.46,240400
WABC,20140716,51.19,51.4,49.54,49.8,245700
WAFD,20140716,21.78,21.78,21.3,21.34,731600
WASH,20140716,35.68,35.97,35.5,35.52,21200
WATT,20140716,12.27,12.52,11.83,12,137600
WB,20140716,19.16,19.3,19,19.03,571700
WDAY,20140716,80.19,81.06,79.12,79.28,864400
WDC,20140716,101.3,102.11,100.1,101.23,3518000
WDFC,20140716,70.25,70.48,69.46,69.75,81100
WEN,20140716,8.29,8.33,8.24,8.26,5016600
WERN,20140716,26.46,26.62,26.25,26.43,396200
WETF,20140716,11.6,11.61,11.31,11.35,1991700
WEYS,20140716,25.5,25.59,25.18,25.46,9600
WHF,20140716,14.21,14.28,14.13,14.13,48200
WHLR,20140716,37.2,38.16,36.88,37.2,23300
WHLRP,20140716,25,25,24.99,24.99,3500
WILC,20140716,7.42,7.43,7.25,7.33,65600
WINA,20140716,68.6,69.03,67.54,67.96,26500
WIRE,20140716,48.75,48.75,47.98,47.99,38400
WIX,20140716,18.37,18.57,17.91,18.07,115900
WLDN,20140716,8.08,8.58,7.78,8.57,175500
WLFC,20140716,23.85,24.09,23.68,23.95,51300
WOOD,20140716,52.49,52.61,52.17,52.6,36000
WOOF,20140716,36.04,36.44,35.82,36.2,1096400
WPRT,20140716,17.9,18.24,17.82,18.03,411300
WRLD,20140716,74.92,75.57,74.46,74.96,69500
WSBC,20140716,30.61,30.61,29.34,29.81,39800
WSBF,20140716,11.3,11.3,11.15,11.21,89400
WSFS,20140716,23.7533,23.7533,23.3,23.31,14200
WSTG,20140716,15.91,15.92,15.81,15.85,4600
WTBA,20140716,14.97,15.04,14.57,14.61,16500
WTFC,20140716,47.5,47.61,46.81,46.95,319900
WVFC,20140716,10.91,10.91,10.85,10.86,1400
WVVI,20140716,5.87,5.87,5.87,5.87,0
WWD,20140716,48.95,49.06,47.94,48.09,525300
WYNN,20140716,203.84,204.8,202.21,203.86,1229400
XLNX,20140716,48.54,48.76,48.35,48.42,1617400
XLRN,20140716,27.44,28.07,27.17,27.78,151700
XNCR,20140716,10.59,10.63,9.92,10.45,39300
XNET,20140716,13.72,13.72,13.18,13.22,324600
XOMA,20140716,81,81.6,77.6,78.2,1038600
XONE,20140716,35.75,36.48,33.65,33.88,425700
XRAY,20140716,47.21,47.51,47.14,47.32,757500
XTLB,20140716,17.1,17.4,16.55,17.3,3200
YNDX,20140716,32.17,32.35,31.7,31.85,1853900
YORW,20140716,19.79,19.89,19.66,19.69,25900
YY,20140716,73.78,74.95,72.52,73.56,1211200
Z,20140716,130.5,132,129.04,129.32,723200
ZBRA,20140716,83.01,83.07,81.26,81.7,500200
ZEUS,20140716,23.95,24.17,23.58,23.74,19900
ZGNX,20140716,13.44,14,13.04,13.12,1200900
ZION,20140716,29.45,29.51,29.19,29.26,1305700
ZIOP,20140716,3.41,3.42,3.28,3.3,465000
ZIXI,20140716,3.18,3.2,3.08,3.1,626500
ZNGA,20140716,3.1,3.13,3.02,3.02,12467800
ZUMZ,20140716,28.14,28.14,27.25,27.65,185400
