AAL,20141028,40.11,40.76,39.75,40.24,12193400
AAME,20141028,3.85,3.95,3.85,3.95,1300
AAOI,20141028,15.48,15.58,15.15,15.34,231300
AAON,20141028,18.28,19.34,18.26,19.29,179100
AAPL,20141028,26.35,26.685,26.3375,26.685,48060900
AAWW,20141028,35.81,36.82,35.71,36.75,229100
AAXJ,20141028,61.82,62.18,61.49,62.11,359400
ABCB,20141028,24,24.54,23.64,24.49,144600
ABIO,20141028,136.08,142.38,136.08,136.08,50800
ABMD,20141028,24.73,24.94,24.4,24.93,204100
ACAD,20141028,27.29,28.03,27.23,27.89,1041400
ACET,20141028,20.84,22.08,20.84,22.02,251600
ACGL,20141028,18.8067,18.82,18.7,18.7567,329300
ACHC,20141028,53.46,53.67,52.3,53.13,548500
ACIW,20141028,18.7,19.03,18.65,19.01,731400
ACLS,20141028,7.92,8.44,7.84,8.44,451500
ACNB,20141028,19.6,19.6,19.21,19.52,3700
ACOR,20141028,34.36,35.6,33.62,35.06,635800
ACRX,20141028,7.03,7.05,6.92,7,363600
ACST,20141028,5.6,5.8,5.1,5.1,274900
ACTG,20141028,17.04,17.67,17.04,17.5,692400
ACWI,20141028,58.33,58.66,58.22,58.65,951400
ACWX,20141028,44.38,44.66,44.37,44.63,398000
ADBE,20141028,67.45,68.51,67.2,68.37,1951000
ADES,20141028,19.28,19.77,19.26,19.74,154900
ADI,20141028,47.08,47.12,46.33,46.99,1790900
ADMP,20141028,4.46,4.49,4.3,4.42,27700
ADMS,20141028,15.23,15.52,15.11,15.52,58900
ADP,20141028,76.94,77.32,76.22,77.26,2314700
ADRE,20141028,38.13,38.88,38.13,38.87,9800
ADSK,20141028,54.97,56.1,54.85,56.1,2073300
ADTN,20141028,19.08,20.64,19.07,20.53,887200
ADUS,20141028,18.02,18.39,17.89,18.27,28200
ADXS,20141028,50.25,50.85,48.3,49.65,64700
AEHR,20141028,2.6,2.72,2.54,2.63,15600
AEIS,20141028,18.09,19,18.05,18.97,352000
AERI,20141028,23.15,23.96,23.15,23.79,105700
AEY,20141028,2.42,2.43,2.38,2.41,20300
AEZS,20141028,126,127,115,117,2307900
AFMD,20141028,4.07,4.59,3.91,4.51,30300
AGEN,20141028,3.06,3.25,3.02,3.18,556000
AGIO,20141028,81.47,81.5,79.01,80.6,587100
AGNC,20141028,23.23,23.44,23.01,23.12,7416000
AGNCP,20141028,25.83,25.83,25.67,25.82,4200
AGRX,20141028,7.07,7.52,6.95,7.42,28600
AGTC,20141028,19.69,20.19,19.25,20.04,40400
AGYS,20141028,10.92,11.3,10.92,11.28,79800
AGZD,20141028,49.47,49.56,49.47,49.55,3200
AHPI,20141028,2.15,2.17,1.82,1.86,172800
AIMC,20141028,29.83,31.12,29.83,31.01,175000
AINV,20141028,24.3,24.33,24.18,24.33,1276200
AIQ,20141028,23.25,25.14,23.25,25.08,29100
AIRR,20141028,18.21,18.92,18.21,18.87,49900
AIRT,20141028,12.67,13,12.66,12.98,18200
AKAM,20141028,55.66,57.41,55.41,57.15,2360300
AKBA,20141028,13.31,14.29,12.36,12.75,553700
ALCO,20141028,35.08,36.17,35.08,36.17,10000
ALDX,20141028,8.37,9.6,7.81,8.99,11400
ALGN,20141028,51.45,52.83,50.94,52.21,661500
ALGT,20141028,126.08,129.65,124.85,129.25,170400
ALIM,20141028,6.18,6.3,5.81,6.03,828700
ALKS,20141028,46.98,48.19,46.84,47.62,1151400
ALLT,20141028,10.73,11.43,10.7,11.4,302700
ALNY,20141028,93.5,97.37,93.24,94.25,855700
ALOT,20141028,13.26,13.4,13.25,13.36,2000
ALTR,20141028,33.46,33.68,33.3,33.65,1869600
AMAT,20141028,21.15,21.25,20.99,21.25,10944300
AMBA,20141028,39.8,41.55,39.8,41.44,1309200
AMCX,20141028,59.11,60.2,59.11,59.97,366900
AMD,20141028,2.69,2.77,2.67,2.72,22879200
AMED,20141028,21.82,22,21.26,21.76,359700
AMGN,20141028,151.75,157.25,151.47,157.19,11626200
AMKR,20141028,6.2,6.55,6.1,6.33,8975000
AMNB,20141028,22.96,23.23,22.02,23.23,17400
AMOT,20141028,14.62,14.76,14.54,14.76,7700
AMPH,20141028,10.15,10.54,10,10.21,96200
AMRK,20141028,10.32,10.32,10.32,10.32,100
AMRN,20141028,0.9,0.95,0.9,0.92,1057400
AMRS,20141028,43.8,46.5,43.8,46.35,174800
AMSC,20141028,11.7,12.2,11.7,11.9,590800
AMSF,20141028,41.36,42.31,41.13,41.71,211800
AMSWA,20141028,9.03,9.43,9.01,9.43,87300
AMTX,20141028,7.78,7.85,7.4,7.55,40000
AMWD,20141028,38.99,40,38.95,39.98,188200
AMZN,20141028,289.85,298,289.76,295.59,5576600
ANAT,20141028,113.1,114.5,113.1,114.5,6300
ANDE,20141028,58.52,61.31,58.48,61.23,191200
ANGI,20141028,6.84,7.2,6.68,6.74,1665700
ANGO,20141028,16.25,17.02,16.25,17,316400
ANIK,20141028,39.52,40.89,39.46,40.73,264900
ANIP,20141028,30.04,30.81,29.81,30.23,234800
ANSS,20141028,75.93,77.12,75.79,77.12,229500
ANY,20141028,5.93,5.93,5.32,5.38,58200
AOSL,20141028,8.94,9.25,8.94,9.08,78500
APEI,20141028,29.19,30.32,29.19,30.23,102100
APOG,20141028,41.29,42.65,40.96,42.35,373700
APTO,20141028,7.1,7.25,7.1,7.16,6400
APWC,20141028,2.51,2.53,2.51,2.53,800
ARAY,20141028,7.37,7.55,7.3,7.4,961100
ARCB,20141028,37.95,38.6,37.7,37.8,436300
ARCC,20141028,15.93,15.94,15.77,15.89,2379900
ARDX,20141028,19.85,20.32,19.33,20.3,30600
ARKR,20141028,21.65,21.65,21.65,21.65,0
ARLP,20141028,45.24,45.87,45.04,45.78,276300
ARNA,20141028,41.9,43.6,41.8,43.5,2398100
AROW,20141028,26.25,27.01,26.23,27.01,38100
ARRY,20141028,3.57,3.84,3.57,3.84,1529300
ARTNA,20141028,21.87,22.29,21.81,22.06,35900
ARTW,20141028,5.45,5.51,5.28,5.46,9800
ARWR,20141028,7.02,7.13,6.82,6.87,2135100
ASMB,20141028,8.49,8.52,8.3,8.3,13000
ASML,20141028,97.58,98.29,96.87,98.01,938100
ASPS,20141028,71.59,72.5,69.72,71.86,572200
ASRV,20141028,3.13,3.18,3.12,3.16,3400
ASTC,20141028,2.41,2.45,2.37,2.44,36500
ASTE,20141028,36.37,38.2,36.37,38.08,107900
ASUR,20141028,5.08,5.14,5.07,5.14,7200
ASYS,20141028,9.92,10.23,9.86,10.19,37700
ATAI,20141028,4.28,4.28,4.16,4.23,3900
ATAX,20141028,5.76,5.85,5.72,5.81,143700
ATEC,20141028,17.52,18.36,17.52,18.36,152200
ATHX,20141028,1.43,1.44,1.37,1.37,263000
ATLC,20141028,1.27,1.4,1.27,1.38,6500
ATLO,20141028,23.34,23.85,22.83,23.85,15400
ATNI,20141028,61.57,61.73,61,61.65,65900
ATOS,20141028,203.4,210.6,203.4,210.6,53000
ATRA,20141028,17.26,20.24,17.26,20.24,70000
ATRC,20141028,15.35,15.49,15.05,15.41,105000
ATRI,20141028,319.96,323,315,322,3900
ATRO,20141028,47.5,49.2,47.5,49.17,135500
ATRS,20141028,2,2.09,1.97,2.03,671300
ATSG,20141028,7.75,8.02,7.74,8.01,212300
ATVI,20141028,19.12,19.32,19.08,19.23,8264400
AUBN,20141028,23.86,23.86,23.72,23.72,500
AUDC,20141028,4.87,4.95,4.83,4.87,112300
AUPH,20141028,3.16,3.51,3.16,3.5,4100
AVAV,20141028,28.95,30.1,28.84,29.98,193700
AVEO,20141028,9.7,10,9.7,9.8,80200
AVGO,20141028,82.16,84.24,81.58,84.2,1822900
AVNW,20141028,21.72,22.8,21.72,22.8,195100
AWRE,20141028,4.31,4.35,4.24,4.29,70100
AXDX,20141028,22.73,23.01,21.96,22.63,161100
AXGN,20141028,2.65,2.9,2.64,2.79,37200
AXTI,20141028,2.13,2.16,2.09,2.16,193300
AZPN,20141028,39.24,40.37,39.22,40.33,765300
BANF,20141028,64.71,65.5,64.65,65.41,93400
BANFP,20141028,27.76,27.76,27.75,27.75,3100
BANR,20141028,41.36,42.62,41.18,42.59,88900
BANX,20141028,23.73,23.73,23.51,23.51,4600
BBBY,20141028,65.93,66.4,65.27,66.3,1644900
BBGI,20141028,5.45,5.45,4.95,4.98,11200
BBSI,20141028,44.68,45.38,43.95,44.46,211400
BCBP,20141028,12.22,12.25,12.22,12.25,400
BCLI,20141028,3.79,3.82,3.72,3.72,44300
BCOR,20141028,15.92,16.86,15.92,16.84,768700
BCOV,20141028,5.27,5.46,5.26,5.4,286600
BCPC,20141028,60.89,61.99,60.1,61.89,136100
BCRX,20141028,11.8,12.39,11.67,12.2,907300
BDSI,20141028,16.98,17.24,16.75,17.17,642700
BEAT,20141028,7.39,7.53,7.33,7.51,217200
BECN,20141028,26.54,27.2,26.23,27.15,356900
BELFA,20141028,23.9,24,23.9,23.98,1100
BELFB,20141028,25.24,26.75,24.52,26.75,41800
BFIN,20141028,11.17,11.46,10.86,11.46,44800
BGCP,20141028,7.85,7.99,7.84,7.98,1403200
BGFV,20141028,10.53,10.94,10.35,10.8,423000
BIB,20141028,59.485,59.86,58.845,59.62,362500
BICK,20141028,24.45,24.66,24.45,24.66,500
BIDU,20141028,222.54,229.72,221.37,228.96,4667400
BIIB,20141028,295.8701,295.8793,290.0579,292.941,1642700
BIOC,20141028,81.6,84.6,78.9,80.4,18200
BIOL,20141028,11.75,11.85,11.75,11.8,45500
BIS,20141028,10.27,10.37,10.17,10.2,514800
BJRI,20141028,42.88,44.25,42.75,44.02,666700
BKCC,20141028,8.72,8.78,8.65,8.74,293300
BKEP,20141028,7.86,8.07,7.58,7.79,75400
BKEPP,20141028,8.9,9.14,8.9,9.14,2200
BKSC,20141028,15.23,15.23,15,15.14,1100
BLDP,20141028,2.79,3,2.79,2.99,1275600
BLFS,20141028,2.11,2.2,2.11,2.19,8500
BLIN,20141028,160,170,157.5,165,4400
BLKB,20141028,40.61,41.56,40.61,41.5,407200
BLMN,20141028,18.7,19.2,18.6,19.2,1298100
BLRX,20141028,20.25,20.55,19.95,20.1,56600
BLUE,20141028,40.24,41.25,39,41.02,837400
BMRC,20141028,23.67,24.25,23.475,24.25,24000
BMRN,20141028,81.43,83.32,81.43,82.05,1379500
BMTC,20141028,28.94,29.98,28.83,29.98,31300
BNDX,20141028,52.25,52.26,52.2,52.22,159700
BNFT,20141028,24.26,25.23,24,24.99,127300
BNSO,20141028,1.47,1.47,1.47,1.47,0
BOKF,20141028,66.71,67.91,66.23,67.78,106600
BOLT,20141028,21.9,21.95,21.88,21.95,35400
BOOM,20141028,16.97,18.2,16.86,18.09,105900
BOSC,20141028,3.54,3.88,3.54,3.8,8500
BOTJ,20141028,9.24,9.34,9.2,9.3,19400
BPOP,20141028,30.9,31.88,30.75,31.79,1424100
BPOPM,20141028,20.61,21.03,20.61,21.03,13600
BPOPN,20141028,22.44,22.51,22.43,22.51,2200
BPTH,20141028,486,518,458,508,141800
BRID,20141028,8.58,8.58,8.58,8.58,0
BRKL,20141028,9.1,9.29,9.08,9.29,260000
BRKR,20141028,20.22,20.5,20.08,20.47,255600
BRKS,20141028,11.37,11.75,11.33,11.75,241200
BRLI,20141028,28.93,29.65,28.57,29.32,366100
BSET,20141028,17.68,17.73,17.41,17.5,32700
BSQR,20141028,3.84,3.94,3.83,3.85,11800
BSRR,20141028,16.53,17.11,16.37,17.09,45300
BUSE,20141028,5.9,6.08,5.86,6.07,310600
BWEN,20141028,7.74,8.37,7.63,8.13,59600
BWFG,20141028,18.94,18.97,18.94,18.97,700
BYFC,20141028,1.67,1.69,1.65,1.69,10800
CAAS,20141028,9,9.19,8.98,9.16,61200
CAC,20141028,37.26,39.5,37.26,39.49,25600
CACC,20141028,134.68,136.99,134.23,136.27,63300
CACG,20141028,9.85,10.02,9.75,9.8,3400
CAKE,20141028,44.9,46.08,44.61,45.85,847900
CALA,20141028,10.41,10.9,9.89,10.56,107900
CALM,20141028,41.555,42.615,41.555,42.615,228700
CAMP,20141028,18.18,19.13,18.1,19.13,529500
CAMT,20141028,3.88,4.02,3.88,3.95,393000
CAR,20141028,53.69,56.12,53.23,55.98,2448000
CARA,20141028,8.1,8.76,8.09,8.65,44400
CARV,20141028,8,8,8,8,0
CARZ,20141028,36,36.2,35.8,36.15,2200
CASH,20141028,12.55,12.6333,12.46,12.4633,21500
CASI,20141028,1.73,1.8,1.73,1.77,51500
CASS,20141028,44.3,47,44.13,46.95,38900
CASY,20141028,77.86,80.28,77.82,80.09,259100
CATY,20141028,25.27,26.04,25.27,25.94,392800
CBAN,20141028,6.8,7.16,6.8,6.97,10800
CBAY,20141028,8,8,7.69,7.88,59200
CBNK,20141028,14,14,14,14,100
CBRL,20141028,111.12,113.36,111.12,113.34,187800
CBSH,20141028,43.53,44.37,43.53,44.3,350500
CCBG,20141028,13.74,14.92,13.74,14.67,26500
CCMP,20141028,47.26,48.86,47.01,48.7,205500
CCNE,20141028,16.84,17.25,16.82,17.22,40700
CCOI,20141028,32.04,33.25,32.04,32.82,326500
CCRN,20141028,9.01,9.41,9.01,9.4,121100
CCXI,20141028,5.77,5.99,5.73,5.94,94100
CDC,20141028,34.96,35.18,34.96,35.18,8100
CDK,20141028,31.41,33.34,31,33.02,8609700
CDNA,20141028,6.02,6.09,5.75,5.93,9500
CDNS,20141028,17.15,17.8,17.15,17.51,6423100
CDW,20141028,30.05,30.47,29.84,30.34,851000
CDXS,20141028,2.41,2.67,2.39,2.52,235200
CDZI,20141028,9.19,9.25,9.05,9.07,97700
CECE,20141028,13.01,13.67,13.01,13.61,74700
CEMI,20141028,4.7,4.7,4.03,4.31,380000
CENT,20141028,7.24,7.95,7.16,7.94,63200
CENTA,20141028,7.73,8.52,7.73,8.5,165000
CENX,20141028,27.32,27.66,26.95,27.21,1539800
CERE,20141028,2.72,2.88,2.64,2.72,284700
CERN,20141028,62.61,63.42,62.37,63.31,1714200
CERS,20141028,4.13,4.23,4.05,4.21,892500
CEVA,20141028,13.36,14.05,13.36,14.04,67300
CFA,20141028,34.41,34.41,34.41,34.41,0
CFBK,20141028,7.15,7.15,7.15,7.15,2100
CFFI,20141028,34,34.8,33.82,34.8,7500
CFFN,20141028,12.47,12.59,12.41,12.54,1054800
CFO,20141028,34.61,34.89,34.61,34.85,22600
CFRX,20141028,32,34.3,29.1,29.1,11900
CG,20141028,29.97,30.63,29.5,29.83,397500
CGEN,20141028,7.89,8.17,7.81,8.12,160500
CGNX,20141028,19.115,19.5,18.02,18.67,1879500
CGO,20141028,13.53,13.64,13.46,13.61,22200
CHCI,20141028,0.91,0.93,0.86,0.9,280400
CHCO,20141028,42.35,43.61,42.35,43.49,65400
CHDN,20141028,33.3967,34.3833,33.2033,34.2967,145100
CHEF,20141028,16.37,17.28,16.37,17.08,134300
CHI,20141028,13.59,13.73,13.53,13.72,153200
CHKP,20141028,73,73.69,72.84,73.47,1279900
CHMG,20141028,28,28.25,28,28.18,10800
CHNR,20141028,3.57,3.59,3.57,3.59,2000
CHRW,20141028,71.7,72.57,71.6,72.34,2794900
CHSCM,20141028,25.26,25.33,25.2,25.3,67500
CHSCN,20141028,27,27.15,26.85,27.05,15400
CHSCO,20141028,28.4,28.66,28.38,28.4,23800
CHSCP,20141028,30.06,30.3,30.06,30.16,11500
CHTR,20141028,157.39,159.15,154.94,157.4,803800
CHUY,20141028,30.39,31.33,30.14,31.31,216600
CHW,20141028,8.94,8.99,8.91,8.98,183100
CHY,20141028,14.28,14.36,14.19,14.32,170100
CIDM,20141028,15.9,18.5,15.7,16.7,569400
CINF,20141028,49.04,49.33,48.95,49.31,497200
CIZ,20141028,35.79,35.79,34.45,34.48,800
CIZN,20141028,18.91,18.91,18.85,18.85,900
CJJD,20141028,1.73,1.83,1.55,1.72,38600
CLDX,20141028,233.1,256.2,231.3,255.9,3005400
CLFD,20141028,13.77,14.25,13.46,13.82,107300
CLIR,20141028,5.91,6.24,5.75,6.24,26700
CLMT,20141028,27.96,28.5,27.95,28.4,168500
CLNE,20141028,6.42,7.25,6.29,7.22,3458800
CLRB,20141028,215,225,210,216,9000
CLRO,20141028,8.86,9.53,8.84,9.43,45500
CLSN,20141028,2.56,2.58,2.48,2.53,101100
CLVS,20141028,55.95,59.92,55.95,59.05,1293400
CLWT,20141028,2.1867,2.2067,2.1867,2.1933,900
CMCO,20141028,27.29,28.94,26.86,28.49,243700
CMCSA,20141028,27.075,27.52,27.075,27.365,14529600
CMCT,20141028,18.36,18.5,17.73,18.02,1900
CME,20141028,82.05,82.43,80.75,81.33,1750500
CMLS,20141028,29.84,31.44,29.44,31.04,1926500
CMRX,20141028,32.01,32.43,31.26,31.44,456600
CMTL,20141028,36.5,37.62,36.25,37.57,116800
CNBKA,20141028,37.44,37.44,37.08,37.25,8800
CNCE,20141028,13.8,13.98,13.67,13.84,60100
CNET,20141028,2.05,2.1,1.95,2.04,549700
CNOB,20141028,18.5,18.87,18.4,18.84,87900
CNSL,20141028,27.36,28.53,27.35,28.51,420100
CNTY,20141028,5.31,5.49,5.28,5.47,32100
COCO,20141028,0.19,0.21,0.17,0.18,3732000
COHR,20141028,60.58,62.75,59.47,62.51,124700
COHU,20141028,10.5,11.2,10.43,11.19,73400
COKE,20141028,83.69,87.33,82.7,87.05,33900
COLB,20141028,25.67,26.73,25.67,26.69,196400
COLM,20141028,35.97,36.16,35.62,35.99,282000
COMM,20141028,22.42,22.89,22.34,22.7,687700
COMT,20141028,50.53,50.97,50.49,50.97,2300
CONE,20141028,26.15,26.69,26.08,26.67,190800
CONN,20141028,31.88,32.21,31.2,32.03,657200
COOL,20141028,5.94,6.6,5.94,6.12,53000
CORT,20141028,3.08,3.19,3.05,3.18,190600
COST,20141028,130.97,131.5,130.16,131.06,1439800
COWN,20141028,3.83,4.04,3.83,4,862800
CPHC,20141028,9.68,9.68,9.15,9.28,6200
CPIX,20141028,4.62,4.7,4.59,4.68,15800
CPLP,20141028,9.22,9.47,9.12,9.47,383000
CPRT,20141028,16.26,16.585,16.185,16.58,1250900
CPRX,20141028,2.64,2.77,2.64,2.72,634400
CPSI,20141028,63.17,64.18,61.98,64.1,66400
CPSS,20141028,7.17,7.19,6.99,7.1,133600
CRAI,20141028,29.7,30.56,29.29,30.2,121000
CREG,20141028,130,133,125,129,172900
CRESW,20141028,0.03,0.03,0.02,0.03,7200
CRESY,20141028,10.45,10.53,10.32,10.44,31400
CRIS,20141028,6.25,6.55,6.25,6.45,254700
CRMT,20141028,44.28,45.9,44.28,45.5,45000
CRNT,20141028,2.11,2.16,2.09,2.11,117400
CROX,20141028,11.58,11.82,11.33,11.76,4005000
CRTO,20141028,29.85,31.1,29.7,30.95,294900
CRUS,20141028,21.53,22.07,21.34,22.05,799000
CRVL,20141028,33,33.63,32.77,33.13,121300
CRWS,20141028,7.35,7.35,7.1,7.1,15900
CSCO,20141028,23.82,24.07,23.82,24.07,17798500
CSF,20141028,35.86,36.2,35.84,36.18,2500
CSGP,20141028,148.61,151.21,148.13,151,164600
CSGS,20141028,25.54,26.18,25.46,26.12,163500
CSII,20141028,28.41,29.01,28.15,28.62,281500
CSIQ,20141028,29.2,30.29,28.66,30.23,2626700
CSOD,20141028,33.77,36.22,33.51,36,609800
CSPI,20141028,7.76,7.85,7.58,7.69,10000
CSQ,20141028,11.54,11.68,11.46,11.57,393900
CSTE,20141028,52.78,54.34,52.72,54.18,183000
CSWC,20141028,35.98,36.36,35.7,36.15,42500
CSX,20141028,35.17,35.5,34.97,35.29,5540300
CTAS,20141028,71.66,71.83,71.29,71.81,745000
CTBI,20141028,34,35.01,33.97,34.93,39600
CTG,20141028,8.63,8.95,8.53,8.79,153700
CTHR,20141028,2.6,2.62,2.48,2.51,73000
CTIB,20141028,3.68,3.68,3.68,3.68,0
CTIC,20141028,24.3,25.6,24.2,25.6,1356900
CTRE,20141028,14.1,14.6,13.92,14.49,314600
CTRN,20141028,21.72,22.43,21.32,22.36,77200
CTSH,20141028,45.77,46.94,45.41,46.93,4665000
CTXS,20141028,50.6608,51.051,50.422,51.0271,1869400
CUBA,20141028,7.24,7.32,7.21,7.32,13000
CUTR,20141028,10.25,10.5,9.99,10.5,90700
CVBF,20141028,14.76,15.22,14.65,15.17,423200
CVCO,20141028,71.95,74,71.55,73.05,29700
CVCY,20141028,10.78,10.97,10.78,10.78,1100
CVGI,20141028,5.81,6.52,5.81,6.49,347300
CVGW,20141028,45.78,47,45.45,46.87,84500
CVLT,20141028,39.99,43.64,39.58,42.97,5275600
CVLY,20141028,20.76,20.92,20.76,20.92,600
CVV,20141028,11.42,11.66,11.21,11.32,15200
CWBC,20141028,6.26,6.26,6.26,6.26,0
CWCO,20141028,12,12.19,11.93,11.96,33900
CWST,20141028,4.03,4.25,4.03,4.25,115200
CXDC,20141028,5.26,5.38,5.18,5.21,41700
CYAN,20141028,4.75,4.75,4.74,4.74,200
CYBE,20141028,8.74,9.34,8.03,9.05,12100
CYBR,20141028,34.4,36.48,32.01,32.32,3748200
CYCC,20141028,856.8,892.8,842.4,859.2,142700
CYCCP,20141028,7.02,7.02,7.02,7.02,0
CYRN,20141028,1.84,1.87,1.79,1.83,108400
CYTK,20141028,3.46,3.59,3.4,3.57,224800
CZNC,20141028,19.34,19.65,19.34,19.59,38500
CZR,20141028,11.51,11.97,11.3,11.73,820500
CZWI,20141028,8.9,8.9,8.88,8.88,1400
DAIO,20141028,3.1,3.41,3.1,3.2,5100
DAKT,20141028,12.41,12.95,12.38,12.91,173500
DAX,20141028,25.44,25.51,25.44,25.51,3800
DBVT,20141028,24.85,25.79,24.82,25.5,199300
DCOM,20141028,15.2,15.37,15.05,15.34,171900
DCTH,20141028,27.68,29.92,27.68,28.16,570300
DENN,20141028,8.03,8.7,7.87,8.64,2487900
DERM,20141028,15.48,16.32,15.02,16.17,115200
DGICA,20141028,15.86,16.09,15.85,15.99,24400
DGII,20141028,8.04,8.36,8.03,8.19,132900
DGLY,20141028,15.23,15.23,13.76,14.41,357400
DGRE,20141028,25.3,25.62,25.3,25.6,5100
DGRS,20141028,27.9,28.09,27.9,28.09,1700
DGRW,20141028,29.34,29.56,29.34,29.55,242300
DHIL,20141028,124.21,131.15,122.5,131.15,14200
DIOD,20141028,23.91,24.59,23.67,24.37,244100
DISCA,20141028,36.45,37.38,36.45,37.24,2495800
DISCB,20141028,36.8,36.8,36.8,36.8,0
DISCK,20141028,36.25,37.1,36.18,37.05,1498300
DISH,20141028,61.71,62.09,61.23,61.43,1657800
DJCO,20141028,187,188.75,187,187.95,1000
DLHC,20141028,2.94,3,2.9,2.93,27400
DLTR,20141028,58.92,58.98,58.19,58.98,1467600
DMLP,20141028,27.9,29.11,27.42,28.7,49100
DMRC,20141028,28.13,29.27,28.12,29.03,62300
DORM,20141028,40.05,43.22,40.05,42.67,1163300
DOX,20141028,46.9,47.12,46.66,46.87,402100
DRIV,20141028,25.5,25.76,25.43,25.69,2921200
DRNA,20141028,9.54,10.15,9.53,9.9,106000
DRRX,20141028,0.76,0.79,0.71,0.77,734300
DSGX,20141028,13.32,13.71,13.31,13.67,21900
DSPG,20141028,9.32,9.79,9.26,9.79,61000
DSWL,20141028,2.06,2.15,2.06,2.09,11500
DVAX,20141028,16.6,17.4,16.5,16.8,3120700
DWAT,20141028,10,10.06,9.99,10.06,13000
DWSN,20141028,16.82,17.14,16.66,17.13,76500
DXCM,20141028,43.25,44.53,43.18,44.16,997700
DXGE,20141028,25.17,25.39,25.17,25.39,900
DXJS,20141028,29.86,30,29.82,30,4500
DXLG,20141028,4.82,5.07,4.78,5,213600
DXPE,20141028,62.61,65.26,61.71,64.48,184600
DXYN,20141028,7.67,8.34,7.66,8.3,96600
DYNT,20141028,3.81,3.83,3.8,3.83,2200
EA,20141028,36.87,37.66,36.87,37.48,4613700
EAC,20141028,14.03,14.16,13.73,14.1,22600
EBAY,20141028,21.5537,21.6211,21.4737,21.5579,8105400
EBIX,20141028,14.33,14.7,14.15,14.66,260500
EBMT,20141028,10.64,10.75,10.64,10.75,1400
EBSB,20141028,10.99,11.11,10.99,11.11,401900
EBTC,20141028,21.7,21.95,21.25,21.95,15100
ECHO,20141028,26.38,26.64,24.83,25.44,499700
ECOL,20141028,46.71,48.25,46.64,48.21,198500
ECPG,20141028,43.09,44.7,43.08,44.54,384700
EDAP,20141028,1.49,1.51,1.49,1.5,32000
EDUC,20141028,2.165,2.31,2.11,2.11,8900
EEFT,20141028,51.51,52.52,51.35,52.42,376500
EEMA,20141028,58.51,58.83,58.51,58.6,5700
EFOI,20141028,30,33.75,29.3,30.75,109700
EFSC,20141028,17.46,17.98,17.44,17.97,97300
EGAN,20141028,4.16,4.36,4.1,4.24,86700
EGBN,20141028,34.17,35.13,34.08,35.11,105000
EGLE,20141028,2226,2303,2209.2,2228.8,63000
EGRX,20141028,12.25,12.5,12.15,12.43,18600
EHTH,20141028,20.76,22.06,20.68,21.48,222600
ELSE,20141028,3.75,3.75,3.75,3.75,0
ELTK,20141028,1.62,1.64,1.57,1.57,7200
EMCB,20141028,75.91,76.23,75.84,75.95,17300
EMCF,20141028,23.75,23.75,23.75,23.75,0
EMIF,20141028,33.88,34.46,33.88,34.45,11500
EMKR,20141028,5.16,5.2,5.12,5.15,204600
EML,20141028,15.97,16.01,15.75,16.01,10500
ENDP,20141028,65.55,66.83,65.35,66.58,1432500
ENG,20141028,1.34,1.36,1.32,1.32,81500
ENPH,20141028,13.27,14.15,13.25,13.85,613300
ENSG,20141028,17.905,18.815,17.83,18.775,127400
ENTA,20141028,46,46.48,44.84,44.97,390800
ENTG,20141028,12.3,12.78,12.01,12.78,1229800
ENVI,20141028,1.6,1.61,1.58,1.6,60200
EPAY,20141028,29.45,30.35,29.13,30.3,216500
EPZM,20141028,27.64,28.68,27.25,28,408800
EQIX,20141028,192.78,193.89,191.93,193.01,1244000
ERIC,20141028,11.4,11.56,11.39,11.55,11195900
ERIE,20141028,83.44,84,82.31,83.99,38500
ERII,20141028,4.72,4.9,4.72,4.75,194900
ESBK,20141028,21.72,21.96,21.72,21.96,300
ESCA,20141028,11.26,11.41,11.22,11.36,29400
ESEA,20141028,8.32,8.4,8.16,8.24,12100
ESGR,20141028,138.4,144.19,138,143.23,28500
ESLT,20141028,60.58,61.29,60.2,61.29,11700
ESPR,20141028,25.75,27.86,25.75,27.71,497000
ESSA,20141028,11.48,11.48,11.33,11.33,5300
ESXB,20141028,4.37,4.38,4.35,4.35,27600
EUFN,20141028,22.97,23.23,22.97,23.23,171200
EVK,20141028,5.76,6.39,5.76,6.25,12500
EVOK,20141028,4.96,5.24,4.96,5.08,10400
EVOL,20141028,10.74,10.83,10.49,10.78,84000
EWBC,20141028,35.08,35.7,34.93,35.69,912800
EXAS,20141028,23.4,25.24,23.14,25,2474500
EXEL,20141028,1.69,1.76,1.67,1.75,2130400
EXLS,20141028,26.72,27.58,26.26,27.57,156900
EXPD,20141028,41.5,42.13,41.49,42.13,883900
EXPE,20141028,80.81,80.84,79.9,80.6,1302000
EXPO,20141028,19.0625,19.795,19.0625,19.745,34000
EXTR,20141028,3.15,3.37,3.11,3.3,2379000
EZPW,20141028,9.89,10.46,9.82,10.44,518900
FANG,20141028,64.65,67.83,63.72,67.78,756900
FARM,20141028,27.65,28.97,27.37,28.95,42600
FARO,20141028,52,53.09,51.32,53.09,166600
FAST,20141028,21.345,21.705,21.215,21.7,1509600
FATE,20141028,4.65,4.73,4.59,4.73,5000
FB,20141028,80.18,81.16,79.57,80.77,74211700
FBIZ,20141028,45.5,46.09,45.23,46,14900
FBMS,20141028,14.8,15.03,14.75,15,12300
FBNC,20141028,17.29,18,17.18,18,35000
FCAP,20141028,23.5,23.5,23.5,23.5,300
FCBC,20141028,15.15,15.36,14.88,15.3,75000
FCCO,20141028,10.74,10.79,10.74,10.79,6200
FCCY,20141028,10.85,10.95,10.74,10.76,1100
FCEL,20141028,249.12,259.2,244.8,259.2,3229000
FCFS,20141028,56.78,58.68,56.78,58.51,124500
FCNCA,20141028,219.96,242,219.96,238,74500
FDIV,20141028,50.18,50.36,50.18,50.36,400
FDUS,20141028,17.08,17.14,16.91,17.08,41300
FEIM,20141028,11.48,11.86,11.48,11.86,3600
FELE,20141028,37.23,39.26,37.04,39.1,185200
FEUZ,20141028,30.84,30.84,30.84,30.84,0
FFBC,20141028,15.96,16.5,15.9,16.5,181500
FFHL,20141028,0.99,1,0.98,1,2300
FFIC,20141028,19.69,19.84,19.45,19.56,120500
FFIN,20141028,14.705,15.17,14.68,15.135,220500
FFIV,20141028,116.57,120.49,115.53,120.25,911700
FFNW,20141028,10.92,11.35,10.76,11.34,148400
FIBK,20141028,28.35,28.95,27.83,28.6,210900
FISI,20141028,24.02,24.36,23.99,24.35,50900
FISV,20141028,33.16,33.635,33.05,33.63,1270300
FITB,20141028,19.35,19.53,19.15,19.52,4462500
FITBI,20141028,27,27.12,26.98,27.06,16400
FIVE,20141028,38.45,38.95,37.96,38.89,701900
FIVN,20141028,4.4,4.4,4.2,4.39,58600
FIZZ,20141028,24.94,25.2,24.6,24.8,77700
FLDM,20141028,28.27,28.62,26.89,28.26,352700
FLEX,20141028,9.34,9.82,9.32,9.8,4278600
FLIC,20141028,24,25.32,23.91,25.29,28600
FLL,20141028,1.25,1.3,1.23,1.3,34100
FLWS,20141028,8.04,8.55,7.39,8.4,418500
FLXN,20141028,18.64,20.5,18.64,19.9,27600
FLXS,20141028,31.99,33.73,31.92,33.67,19300
FMB,20141028,51.57,51.69,51.5,51.5,4300
FMBH,20141028,21.1,21.1,21.1,21.1,0
FMBI,20141028,15.99,16.39,15.96,16.36,447700
FMNB,20141028,7.68,8.05,7.68,8.04,5200
FNHC,20141028,34.34,34.96,33.94,34.86,320300
FNLC,20141028,17.29,17.85,17.01,17.84,22900
FOLD,20141028,5.31,5.63,5.22,5.5,4660000
FONR,20141028,11.85,12.88,11.85,12.75,57800
FORD,20141028,1.25,1.32,1.21,1.24,25600
FORM,20141028,6.86,7.21,6.85,7.14,273100
FORR,20141028,39.98,40.86,39.97,40.85,39700
FORTY,20141028,25.51,25.7,25.51,25.68,900
FOSL,20141028,100.04,101.66,99.75,101.11,595500
FOX,20141028,32.43,33.18,32.43,33.11,3975000
FOXA,20141028,33.81,34.32,33.81,34.31,11355600
FOXF,20141028,15.91,16.21,15.9,16.12,175200
FRBA,20141028,6.01,6.07,6,6.07,15600
FRBK,20141028,3.78,3.89,3.74,3.75,214900
FREE,20141028,114000,120000,108000,114000,1479700
FRGI,20141028,53,53.99,52.21,53.37,453800
FRME,20141028,21.04,22,21,21.97,170100
FRSH,20141028,9.2,9.32,9.06,9.31,92800
FSBW,20141028,16.96,17.4,16.96,17.4,12100
FSFG,20141028,25.07,25.07,25.07,25.07,0
FSLR,20141028,54.85,57.42,54.06,57.38,2794000
FSTR,20141028,48.82,51.76,48.82,51.54,36300
FTCS,20141028,35.82,36.01,35.79,35.99,17100
FTEK,20141028,4.07,4.1,4,4.08,78600
FTGC,20141028,29.16,29.29,29.12,29.26,60800
FTHI,20141028,20.21,20.21,20.19,20.21,2900
FTLB,20141028,20.05,20.09,19.99,20.09,12300
FTNT,20141028,25.52,25.8,25.42,25.75,1859200
FTSL,20141028,48.96,49.02,48.78,48.8,106800
FTSM,20141028,60.08,60.08,60.02,60.02,18697900
FULT,20141028,11.32,11.54,11.32,11.49,821300
FUNC,20141028,8.5,8.5,8.45,8.45,2200
FUND,20141028,7.64,7.73,7.6,7.72,37200
FV,20141028,20.92,20.97,20.78,20.97,1048700
FWP,20141028,19.92,20.24,19.68,19.89,49200
FWRD,20141028,46.08,47.66,46.08,47.63,200000
GABC,20141028,18.3533,18.9933,17.82,18.9933,30000
GAIA,20141028,7.8,7.8,7.43,7.51,92600
GAIN,20141028,7.32,7.35,7.27,7.29,88800
GALT,20141028,4.95,5.23,4.95,5.21,94700
GAME,20141028,6.5,6.51,6.45,6.48,459200
GASS,20141028,8.12,8.33,8.04,8.29,123700
GBCI,20141028,26.6,27.27,26.6,27.25,414100
GBDC,20141028,17.1,17.13,16.92,17.08,194900
GBLI,20141028,27.66,29.06,27.55,29.06,19500
GCBC,20141028,13.95,13.95,13.63,13.85,800
GENC,20141028,6.4667,6.4667,6.3467,6.42,4600
GENE,20141028,7.2,9.6,7.2,8.8,782500
GEOS,20141028,28.47,30.4,28.19,30.25,242200
GERN,20141028,2.21,2.34,2.17,2.34,3662600
GEVO,20141028,2160,2340,2160,2160,656800
GFED,20141028,12.68,12.69,12.65,12.65,1200
GGAL,20141028,13.8,14.32,13.72,14.1,326100
GIFI,20141028,18.68,19.83,18.62,19.75,83900
GIGM,20141028,5.1,5.15,4.65,4.95,409300
GIII,20141028,37.425,38.595,37.3,38.55,199900
GILD,20141028,113.25,114.13,112.26,113.45,16128600
GILT,20141028,4.98,5.03,4.97,5.03,32800
GLAD,20141028,9.11,9.31,9.11,9.31,117100
GLBS,20141028,12000,12600,12000,12520,3500
GLBZ,20141028,11.61,12.48,11.59,12.36,2200
GLDD,20141028,6.28,6.71,6.28,6.7,774100
GLDI,20141028,12.78,12.81,12.76,12.77,7800
GLMD,20141028,6.82,6.93,6.74,6.78,28300
GLNG,20141028,52.32,53.23,51.89,53.06,1505000
GLPI,20141028,32.3,32.3,31,31.46,666200
GLRE,20141028,32.05,32.58,31.92,32.56,221600
GLYC,20141028,6.99,7.38,6.75,6.88,24900
GNCA,20141028,71.76,73.68,67.84,73.68,17800
GNMA,20141028,50.49,50.51,50.32,50.44,5400
GNTX,20141028,15.705,16.225,15.705,16.21,1341000
GOGO,20141028,16.29,16.88,16.08,16.6,984200
GOOD,20141028,17.77,17.97,17.61,17.96,134600
GOODN,20141028,26.42,26.42,26.42,26.42,0
GOODO,20141028,25.1,25.1,25.1,25.1,0
GOOG,20141028,543,548.98,541.62,548.9,1273300
GOOGL,20141028,551.71,559.2,550.43,558.94,1739600
GPRE,20141028,31.18,32.5,31.03,32.21,1301200
GPRO,20141028,66.6,70.9,66.6,69.3,7815000
GRBK,20141028,6.97,7.74,6.8,7.22,127700
GRFS,20141028,17.5,17.66,17.33,17.425,952600
GRID,20141028,34.86,34.86,34.86,34.86,200
GRMN,20141028,56.85,57.36,56.59,57.2,2847600
GROW,20141028,3.09,3.43,3.07,3.07,30600
GRPN,20141028,119,121.8,117,120,15081800
GRVY,20141028,2.92,3,2.84,2.84,37700
GSBC,20141028,34.75,36.74,34.67,36.53,57600
GSIT,20141028,4.92,5.02,4.87,4.92,21800
GSM,20141028,17.9,18.57,17.56,18.51,220100
GT,20141028,20.8,22.03,20.58,21.91,12466000
GTIM,20141028,5.65,5.8,5.5,5.65,95800
GURE,20141028,6.9,7.35,6.9,7.25,82600
GWGH,20141028,9.1,9.1,8.68,8.73,7000
GYRO,20141028,4.56,4.89,4.56,4.63,1800
HA,20141028,16.82,17.47,16.57,17.1,2237600
HAFC,20141028,19.85,20.69,19.85,20.63,220000
HAIN,20141028,51.57,52.655,51.31,52.37,437500
HALL,20141028,10.33,10.94,10.33,10.92,21800
HALO,20141028,9.26,9.55,9.18,9.36,1518500
HAS,20141028,57.45,57.83,57.16,57.73,916700
HAYN,20141028,45.01,46.76,44.38,46.31,60700
HBAN,20141028,9.56,9.72,9.55,9.72,5239200
HBANP,20141028,1335,1337.5,1335,1337.5,400
HBCP,20141028,22.93,23,22.84,22.86,6100
HBIO,20141028,4.9,4.94,4.86,4.92,73500
HBMD,20141028,10.35,10.35,10.35,10.35,0
HBNC,20141028,11.0978,11.3245,11.0133,11.2089,38100
HBP,20141028,3.71,3.71,3.51,3.51,2100
HCCI,20141028,18.08,19.1,17.98,19.08,43900
HCKT,20141028,6.27,6.65,6.26,6.64,60700
HCSG,20141028,29.14,29.97,28.96,29.86,305200
HDSN,20141028,4.25,4.32,4.12,4.22,220600
HEAR,20141028,22.68,23.32,22.36,22.92,94800
HEES,20141028,37.56,38.5,37.2,38.44,364200
HELE,20141028,60.32,61.55,59.83,61.49,229900
HERO,20141028,1.48,1.71,1.46,1.67,4198900
HFBL,20141028,19.5,19.5,19.5,19.5,0
HFWA,20141028,16.41,17.01,16.34,16.99,88000
HGSH,20141028,8.26,9,8,8.34,113100
HIBB,20141028,44.55,45.76,44.13,45.63,267000
HIFS,20141028,81.99,82.23,81.8,82,2300
HIHO,20141028,2.96,2.99,2.94,2.98,11700
HIMX,20141028,7.52,7.83,7.44,7.52,4961900
HLIT,20141028,6.14,6.39,6.12,6.37,831300
HMHC,20141028,19.96,20.06,19.72,19.99,504700
HMNF,20141028,12.19,12.31,12.19,12.31,2600
HMST,20141028,17.34,17.39,17.04,17.3,103500
HMTV,20141028,11.33,12.53,11.33,12.43,201200
HNNA,20141028,11.8,12.22,11.8,12.22,7500
HNRG,20141028,10.41,10.99,9.97,10.95,21800
HOFT,20141028,15.4,15.46,15.25,15.4,40800
HOLI,20141028,23.38,23.46,22.88,23.06,719700
HOLX,20141028,25.26,25.6,25.14,25.59,1027300
HOMB,20141028,15.03,15.59,15.03,15.5,244900
HOVNP,20141028,15.02,15.22,14.79,15.07,76100
HQY,20141028,19.96,20.48,19.55,20.47,54800
HRTX,20141028,7.64,8.07,7.47,8.07,101900
HRZN,20141028,13.89,14.05,13.89,13.95,20700
HSIC,20141028,118.31,118.74,117.95,118.73,334000
HSII,20141028,20.69,21.54,20.09,20.97,169600
HSKA,20141028,13.15,13.47,12.92,13.37,34900
HSON,20141028,34.1,35,33.4,34.2,37500
HSTM,20141028,29.29,29.64,29.09,29.49,246900
HTBI,20141028,15.15,15.23,15.14,15.23,110000
HTBK,20141028,8.31,8.49,8.28,8.48,80100
HTBX,20141028,66.5,66.5,64.5,65.7,18000
HTHT,20141028,6.5275,6.685,6.4575,6.5425,50700
HTLD,20141028,24.52,25.01,24.29,24.97,376400
HTLF,20141028,24.54,24.75,24.27,24.67,134200
HUBG,20141028,35.15,35.42,34.52,35.41,615200
HURC,20141028,35.46,36.86,35.46,36.76,26400
HURN,20141028,64.75,66.62,64.75,66.11,189600
HWBK,20141028,13.22,13.22,13.22,13.22,0
HWKN,20141028,36.06,36.94,36.03,36.59,31800
HYLS,20141028,51.15,51.15,50.95,51.06,19400
HYZD,20141028,24.51,24.51,24.45,24.51,4000
HZNP,20141028,12.78,12.92,12.66,12.85,1076500
IART,20141028,24.97,24.97,24.71,24.75,252700
IBB,20141028,292.97,294.65,291.52,293.95,1610000
IBCP,20141028,11.85,11.94,11.54,11.9,138400
IBKR,20141028,25.54,25.92,25.5,25.82,446900
IBOC,20141028,25.55,26.72,25.55,26.7,194400
IBTX,20141028,43.75,44.95,43.75,44.37,67900
ICAD,20141028,9,9.62,8.91,9.28,56100
ICCC,20141028,4.63,4.63,4.63,4.63,0
ICFI,20141028,34.86,35.54,34.27,35.46,113700
ICLN,20141028,10.07,10.26,10.07,10.23,442600
ICLR,20141028,56.75,56.75,54.27,54.77,688200
ICPT,20141028,245,254,240.81,246.59,296400
ICUI,20141028,70.93,71.38,69.9,70.86,136600
IDCC,20141028,44.73,48.5,44.46,46.04,1288500
IDRA,20141028,20.16,21.2,19.84,20.96,692900
IDXX,20141028,69.83,71.565,69.135,71.295,656600
IEP,20141028,102.9,105.96,102.26,105.19,208100
IESC,20141028,7.69,7.75,7.64,7.75,4600
IEUS,20141028,41.72,41.81,41.72,41.81,1200
IFGL,20141028,30.42,30.49,30.35,30.44,32600
IFV,20141028,18.22,18.3,18.19,18.24,20600
IGOV,20141028,100.23,100.3,100.01,100.11,21400
III,20141028,3.89,4.07,3.89,4.07,110100
IIN,20141028,6.03,6.18,5.9,6,2800
IIVI,20141028,12.52,13.43,12.52,13.43,357200
IKNX,20141028,15.57,15.93,15.57,15.9,2700
ILMN,20141028,192.02,192.87,189.06,190.65,1040500
IMGN,20141028,9.01,9.52,8.87,9.31,1458200
IMKTA,20141028,24.46,25.42,24.46,25.4,44500
IMMR,20141028,8.03,8.36,7.8,8.33,214700
IMOS,20141028,20.47,20.74,20.11,20.56,88500
INBK,20141028,18,18.3,18,18.04,11900
INCY,20141028,57.46,59.3,57.27,58.19,1271700
INDB,20141028,38.22,39.23,38.22,39.18,111100
INDY,20141028,30.2,30.53,30.17,30.5,239200
INFI,20141028,13.76,13.96,13.51,13.66,639600
INFN,20141028,13.97,14.5,13.81,14.39,4329500
INGN,20141028,21.32,22.58,20.98,22.51,98400
INO,20141028,11.34,11.55,11.18,11.38,646300
INOD,20141028,2.82,2.83,2.78,2.78,20100
INSM,20141028,14.36,14.63,14.18,14.5,547800
INTC,20141028,33.23,33.75,33.23,33.74,21859900
INTG,20141028,18.57,18.57,18.57,18.57,0
INTU,20141028,85.41,86.44,85.4,86.33,1706300
INVE,20141028,9.18,9.86,9.18,9.8,133700
IOSP,20141028,36.65,38.73,36.65,38.68,117300
IPAR,20141028,26.88,28.14,26.7,28.08,92100
IPDN,20141028,36.64,37.2,36,36,7700
IPGP,20141028,68.2,70.95,68.2,69.43,771100
IPKW,20141028,24.76,25.04,24.76,25.04,7200
IPWR,20141028,70,73,68.9,73,17900
IRBT,20141028,33.94,34.76,33.66,34.47,619900
IRDM,20141028,9.1,9.2,9.01,9.1,818900
IRIX,20141028,6.85,7.43,6.65,6.65,13700
IRMD,20141028,7.2,7.49,7.03,7.34,8600
IROQ,20141028,16.8,16.8,16.8,16.8,200
IRWD,20141028,13.38,13.83,13.22,13.8,800600
ISBC,20141028,10.19,10.33,10.19,10.3,3496900
ISHG,20141028,90.01,90.01,89.63,89.67,23000
ISIG,20141028,3.18,3.18,3.15,3.18,5700
ISLE,20141028,6.86,7.27,6.8,7.24,163100
ISRG,20141028,479.79,492.14,478.57,491.69,323900
ISSC,20141028,2.62,2.73,2.62,2.69,96800
ISTR,20141028,13.15,13.17,13.15,13.16,7900
ITCI,20141028,14.96,15.5,14.89,15.38,40600
ITIC,20141028,71.55,71.55,71.5,71.52,600
ITRI,20141028,38.27,39.1,38.14,38.88,397000
ITRN,20141028,20.58,20.78,20.58,20.78,13000
IVAC,20141028,7.4,7.4,7.19,7.39,98700
JACK,20141028,71,71.39,70.29,70.98,738200
JAKK,20141028,64.1,67.2,63.8,66.5,966500
JAZZ,20141028,166.03,168.93,165.02,168.35,684900
JBHT,20141028,78.85,79.28,78.43,78.86,797900
JBLU,20141028,11.17,11.4,11.06,11.38,6688800
JBSS,20141028,34.96,36.22,34.44,36.15,130800
JCS,20141028,11.65,11.69,11.3,11.62,13800
JCTCF,20141028,4.915,4.915,4.915,4.915,200
JD,20141028,24.31,24.8,24.16,24.78,2726000
JJSF,20141028,99.25,101.24,98.8,101.12,59000
JKHY,20141028,58.01,58.93,57.6,58.9,255100
JOBS,20141028,30.24,30.52,30.13,30.35,203400
JOUT,20141028,28.39,28.9,28.39,28.86,14600
JRJC,20141028,51.8,54.3,51.5,53.8,399700
JSM,20141028,21.52,21.62,21.15,21.39,52700
JVA,20141028,5.55,5.69,5.55,5.58,10900
KALU,20141028,69.28,70.01,68.69,69.21,261200
KELYA,20141028,16.79,17.57,16.7,17.53,160500
KEQU,20141028,17.36,17.36,17.3,17.3,2100
KFFB,20141028,8.27,8.27,8.27,8.27,0
KFRC,20141028,20.56,21.67,20.38,21.37,257200
KINS,20141028,8.01,8.11,8,8.1,8900
KIRK,20141028,16.9,17.49,16.67,17.34,86000
KLAC,20141028,75.25,76.11,74.97,76.1,2180400
KLIC,20141028,13.84,14.06,13.83,14.05,404500
KMDA,20141028,4.17,4.28,4.17,4.27,26000
KNDI,20141028,15.23,15.7,15.13,15.38,1619600
KOPN,20141028,3.34,3.62,3.27,3.6,222400
KOSS,20141028,1.43,1.53,1.41,1.45,18400
KPTI,20141028,36.59,38.11,35.92,38.03,251700
KRNY,20141028,13.39,14.17,13.39,14.15,39200
KTCC,20141028,8,8,7.86,7.96,35400
KTOS,20141028,6.7,6.84,6.63,6.77,464800
KVHI,20141028,12.19,12.96,12.14,12.95,48200
LAKE,20141028,12.47,12.95,12.13,12.24,1254100
LAMR,20141028,50.38,51.16,50.23,51.15,1298400
LANC,20141028,89.56,90.66,88.61,90.58,157900
LAND,20141028,12.11,12.25,11.8,12.02,53200
LARK,20141028,23.87,24.48,23.8,24.48,1000
LAWS,20141028,24.52,24.86,23.5,24.4,15700
LBAI,20141028,10.33,10.94,10.33,10.93,126300
LBTYA,20141028,45.03,45.84,44.84,45.78,3952700
LBTYB,20141028,40.13,40.13,40.13,40.13,0
LBTYK,20141028,43.65,44.43,43.61,44.25,2930200
LCNB,20141028,14.69,14.72,14.61,14.72,2300
LCUT,20141028,15.75,15.98,15.6,15.92,165700
LE,20141028,46.9,48.25,46.62,48.04,500100
LECO,20141028,68.35,69.86,68.35,69.8,314600
LEDS,20141028,0.47,0.48,0.45,0.45,117900
LFUS,20141028,87.93,90.41,87.13,90.04,205500
LFVN,20141028,8.89,9.03,8.82,8.96,107900
LGIH,20141028,18.76,19.02,18.64,19.02,41900
LGND,20141028,54.78,55.37,50.77,51.89,509000
LHCG,20141028,23.65,24,23.37,23.82,106800
LINC,20141028,2.63,2.71,2.11,2.51,113500
LIVE,20141028,2.94,3.04,2.87,2.95,255900
LJPC,20141028,11.25,11.49,10.85,11.08,235800
LKFN,20141028,26.1067,26.66,26.0067,26.66,83000
LKQ,20141028,27.49,27.86,27.27,27.83,1090000
LLNW,20141028,2.12,2.3,2.11,2.29,195800
LMAT,20141028,6.99,7.09,6.9,7.09,9500
LMNR,20141028,24.76,25,24.58,24.98,35000
LNDC,20141028,12.01,12.45,11.99,12.28,136400
LOAN,20141028,2.74,2.81,2.69,2.71,38700
LOCO,20141028,34.36,37.18,34.36,36.42,2039700
LOGI,20141028,14,14.32,14,14.32,452400
LOPE,20141028,41.54,43.06,41.3,42.96,298300
LORL,20141028,70.95,77.13,70.81,74.23,274800
LPCN,20141028,5.14,5.15,4.71,4.72,75400
LPLA,20141028,41.08,41.95,40.99,41.94,700700
LPSN,20141028,13.73,14.45,13.7,14.42,324000
LPTH,20141028,1.36,1.36,1.36,1.36,3500
LQDT,20141028,12.34,12.6,12.25,12.57,264400
LRCX,20141028,75.56,75.77,75.12,75.72,1624200
LSBK,20141028,12.62,12.62,12.61,12.61,600
LSCC,20141028,6.37,6.6,6.37,6.6,855600
LSTR,20141028,74.62,75.08,73.97,74.5,299600
LTBR,20141028,106.8,109.8,106.2,108.6,23400
LTRPA,20141028,31.21,31.73,31.18,31.68,392300
LTRPB,20141028,31.67,31.91,31.66,31.67,800
LTRX,20141028,1.87,1.94,1.83,1.86,10700
LULU,20141028,41.5,41.77,40.75,41.73,1206900
LUNA,20141028,1.32,1.33,1.3,1.32,41000
LWAY,20141028,15.35,15.59,15.29,15.59,11400
LXRX,20141028,9.8,9.87,9.24,9.87,1793700
LYTS,20141028,6.38,6.75,6.37,6.7,59200
MACK,20141028,9.24,9.45,9.18,9.35,1889100
MANH,20141028,37.75,38.91,37.65,38.85,569300
MANT,20141028,27.94,28.44,27.66,28.39,96000
MAR,20141028,69.83,72.21,69.23,71.95,4551000
MARA,20141028,24.22,24.64,23.64,23.8,30400
MARK,20141028,4.99,5,4.79,4.86,17600
MARPS,20141028,15.23,15.95,15.23,15.25,4700
MASI,20141028,22.79,23.39,22.72,23.34,655100
MAT,20141028,30.86,31.03,30.72,30.95,3384200
MATW,20141028,44.25,45.58,44.25,45.44,111700
MAYS,20141028,50,50,50,50,0
MBII,20141028,2.5,2.79,2.46,2.72,336400
MBUU,20141028,16.71,17.37,16.6,17.16,143800
MBWM,20141028,19,19.95,19,19.9,61200
MCBC,20141028,5.01,5.2,5,5.19,65700
MCHP,20141028,41.27,41.9,41.03,41.88,1874300
MCHX,20141028,3.77,3.83,3.66,3.8,403300
MCRI,20141028,13.46,14.36,13.11,14.35,34700
MDIV,20141028,21.62,21.72,21.53,21.7,467300
MDLZ,20141028,34.9,35.3,34.73,35.29,8664200
MDRX,20141028,13.65,13.87,13.62,13.85,1313400
MDWD,20141028,6.37,6.37,5.9,5.95,24500
MDXG,20141028,9.25,9.49,9.15,9.43,763500
MEIP,20141028,7.81,8,7.74,7.89,28800
MELI,20141028,110.7,115.6,109.2,115.55,724300
MEOH,20141028,57.15,58.21,56.66,58.19,637000
MERC,20141028,10.8,11.32,10.6,11.3,246900
MGEE,20141028,41.69,42.95,41.69,42.92,91100
MGI,20141028,12.02,12.74,12.01,12.7,197300
MGIC,20141028,6.82,6.9,6.78,6.85,35500
MGLN,20141028,58.66,59.52,58.09,59.49,248400
MGNX,20141028,20.75,21.97,20.53,21.79,206800
MGPI,20141028,12.36,12.47,12.2,12.26,49700
MGRC,20141028,35.08,35.94,34.99,35.78,98500
MGYR,20141028,8.42,8.42,8.42,8.42,0
MHLD,20141028,12.2,12.59,12.14,12.57,259400
MICT,20141028,3.42,3.47,3.42,3.42,2500
MIDD,20141028,85.58,87.75,85.58,87.47,170400
MIND,20141028,9.71,10.15,9.71,10.04,67800
MITK,20141028,2.55,2.8,2.54,2.78,266600
MKSI,20141028,35.38,35.84,35.04,35.72,454400
MKTX,20141028,63.52,64.28,63.49,64.04,218900
MLAB,20141028,69.75,71,68.85,71,5800
MLHR,20141028,31.17,31.97,31.12,31.9,401700
MLVF,20141028,11.15,11.26,11.15,11.15,3800
MMLP,20141028,35.18,36.57,35.15,36.24,179700
MMSI,20141028,14.88,15.16,14.73,15,673300
MMYT,20141028,26,28.18,26,28.01,185600
MNDO,20141028,2.95,3,2.95,2.99,20500
MNKD,20141028,28.3,31.1,28,30.9,7400400
MNOV,20141028,3.89,4.18,3.8,3.95,41500
MNRO,20141028,49.38,51.69,48.79,51.42,297600
MNST,20141028,32.77,32.78,32.4167,32.4833,1116200
MNTX,20141028,10.29,10.69,10.25,10.66,187100
MOFG,20141028,23.98,24.81,23.98,24.81,14500
MORN,20141028,65.08,66.91,65.08,66.55,73300
MOSY,20141028,508,524,508,520,17500
MOVE,20141028,20.9,20.91,20.88,20.9,1943300
MPAA,20141028,25.66,27.19,25.46,27.13,178100
MPB,20141028,15.68,15.8,15.68,15.7,5400
MPWR,20141028,45.55,46,41.37,42.51,954500
MRCC,20141028,13.62,13.83,13.53,13.66,16000
MRCY,20141028,12.1,12.46,11.97,12.17,779000
MRLN,20141028,19.3,20.35,19.3,20.35,35900
MRNS,20141028,27.4,30,26.24,29.84,19200
MRTN,20141028,12.7467,13.1267,12.6667,13.0533,404700
MRTX,20141028,17,17,16.78,17,27400
MRVL,20141028,13.06,13.17,13.03,13.07,3721200
MSEX,20141028,21.12,22.19,21,22.18,109900
MSFT,20141028,45.86,46.5,45.77,46.49,29049700
MSON,20141028,13.81,14.9,13.58,14.88,188200
MSTR,20141028,156.63,165,149.04,158.11,321000
MTBC,20141028,3.25,3.26,3.16,3.17,8900
MTEX,20141028,14.08,14.34,14.08,14.33,1900
MTLS,20141028,10.28,10.97,10.2,10.71,101800
MTRX,20141028,23.36,24.7,23.36,24.59,189900
MTSI,20141028,21.04,21.91,20.95,21.76,98900
MU,20141028,32.51,32.67,32.15,32.61,20981000
MVIS,20141028,1.76,1.85,1.75,1.79,284900
MYGN,20141028,37.1,37.99,36.56,37.82,527500
MYRG,20141028,24.43,25.35,24.27,25.19,133100
NAII,20141028,6.15,6.2,6.08,6.19,23100
NATH,20141028,69.45,70.5,69.21,70.39,31500
NATI,20141028,30.41,30.91,30.25,30.89,234700
NATR,20141028,14.27,15.08,14.18,15.07,30500
NAVI,20141028,18.87,19.1,18.78,19.04,1842400
NBIX,20141028,17.75,18.52,17.73,18.5,799400
NBN,20141028,8.94,8.96,8.88,8.88,7900
NBTB,20141028,24,24.9,24,24.84,184100
NCMI,20141028,15.24,15.39,15.1,15.36,430900
NCTY,20141028,66,67.2,64.5,66.3,21800
NDAQ,20141028,41.26,41.9,40.94,41.82,820900
NDLS,20141028,21.12,21.75,20.61,21.68,380900
NDSN,20141028,74.23,75.5,73.99,75.37,175500
NECB,20141028,6.82,6.99,6.75,6.89,12700
NEO,20141028,4.9,5.12,4.81,5.11,242200
NEOG,20141028,32.1225,33.1875,31.815,33.0225,186400
NEON,20141028,19.8,21.6,19.8,21.2,204200
NEPT,20141028,1.58,1.61,1.56,1.6,27500
NERV,20141028,4.48,4.82,4.39,4.51,4800
NETE,20141028,15.3,15.5,15,15.3,353900
NEWT,20141028,14.28,14.51,14.12,14.12,37000
NFBK,20141028,13.89,14.21,13.85,14.16,237100
NFLX,20141028,54.2843,55.2671,54.05,55.1743,1678600
NICE,20141028,40.47,40.47,40.14,40.38,71700
NICK,20141028,11.8,12.07,11.8,12.05,107400
NKSH,20141028,28.75,29.19,28.5,29.17,14600
NKTR,20141028,13.59,13.98,13.47,13.94,1189000
NMIH,20141028,8.65,8.77,8.57,8.71,226800
NNBR,20141028,22.24,24.05,22.24,23.99,119500
NRIM,20141028,27.12,28.09,26.8,28.09,21000
NSEC,20141028,14,14,14,14,1800
NSIT,20141028,24.1,25.22,23.89,25.02,176200
NSSC,20141028,4.29,4.53,4.29,4.45,30500
NSTG,20141028,10.37,10.67,10.18,10.66,64200
NSYS,20141028,5.5,5.6,5.5,5.51,4300
NTAP,20141028,40.93,41.5,40.79,41.5,2351300
NTCT,20141028,35.22,36.53,35.22,36.48,285700
NTES,20141028,18.394,18.642,18.314,18.55,369500
NTGR,20141028,33.04,33.97,32.97,33.88,284400
NTIC,20141028,9.725,9.725,9.4,9.4,7800
NTRS,20141028,64.21,64.33,62.35,64.18,1554200
NTWK,20141028,3.19,3.26,3.13,3.18,52600
NUAN,20141028,14.57,14.84,14.55,14.84,1842200
NURO,20141028,54.72,54.72,52.16,53.76,158300
NUVA,20141028,36.86,38.53,36.55,38.39,497100
NVAX,20141028,114,116.4,108.4,109.6,10985800
NVCN,20141028,5510,5640,5510,5630,500
NVDA,20141028,4.61,4.7375,4.605,4.7325,4814400
NVEC,20141028,69.9,73.49,69.14,73.49,20500
NVEE,20141028,9.38,9.38,9.38,9.38,0
NVFY,20141028,21.8,22,21.25,21.95,163200
NVMI,20141028,10.06,10.54,10.06,10.54,42100
NWBI,20141028,12.38,12.63,12.38,12.63,413200
NWFL,20141028,28,28,27.98,27.98,400
NWLI,20141028,254,255.59,251.73,255.59,3400
NWPX,20141028,34.04,35.16,33.6,34.61,68700
NWS,20141028,15.12,15.14,14.92,15.07,946700
NWSA,20141028,15.47,15.57,15.37,15.53,2926500
NXPI,20141028,65.73,67.65,65.42,67.57,3246800
NXST,20141028,42.29,43.82,42.21,43.73,369500
NXTD,20141028,21.1,22.2,21,21,185700
NYMT,20141028,7.74,7.82,7.7,7.82,1537000
NYMTP,20141028,23.99,24.28,23.83,24.16,10100
NYMX,20141028,5.21,5.25,5.15,5.25,29500
OBAS,20141028,7,7,7,7,0
OBCI,20141028,4.09,4.16,3.85,3.85,25000
OCC,20141028,4.69,4.72,4.69,4.72,10400
OCFC,20141028,16.03,16.56,15.95,16.56,42700
OCUL,20141028,14.11,14.38,13.74,14.33,24900
ODFL,20141028,71.5,71.99,71.06,71.52,476000
ODP,20141028,50.7,52.6,50.1,52.6,6441900
OFED,20141028,18.53,18.53,18.53,18.53,0
OFIX,20141028,28.77,29.28,28.77,29.11,258100
OFLX,20141028,24,24.97,24,24.95,5800
OFS,20141028,11.36,11.59,11.2,11.52,22500
OIIM,20141028,1.9,1.97,1.9,1.9,69400
OLED,20141028,30.54,31.3,30.16,30.89,393400
OMAB,20141028,37.51,38.92,37.51,38.82,102900
OMCL,20141028,28.62,29.6,28.56,29.58,189100
OMER,20141028,12.04,12.15,11.86,11.95,337900
OMEX,20141028,15.6,16.08,14.64,15.48,848900
ONB,20141028,13.7,14.07,13.63,14.05,1141700
ONCY,20141028,0.51,0.58,0.5,0.57,384600
ONEQ,20141028,177.13,179.1,177.13,179.09,19100
ONTX,20141028,661.5,693,661.5,687,31700
OPHC,20141028,9.8,10.8,9.8,10.8,800
OPOF,20141028,15.39,15.39,15.2,15.2,1700
ORLY,20141028,171.76,173.34,171.51,173.33,855500
ORMP,20141028,7.79,7.98,7.66,7.85,25500
ORRF,20141028,16.52,16.59,16.35,16.59,8700
OSBC,20141028,4.71,4.79,4.71,4.75,9500
OSIS,20141028,68.72,69.95,68.6,69.79,284100
OSTK,20141028,22.04,23.29,21.97,23.06,545000
OSUR,20141028,8.45,8.71,8.38,8.64,524000
OTEX,20141028,26.735,27.2,26.63,27.135,191400
OTIC,20141028,25.52,26.05,24.66,26,159700
OTTR,20141028,29.63,29.8,29.6,29.78,198100
OVBC,20141028,23.78,23.95,23.22,23.77,4600
OVLY,20141028,10.27,10.27,10.27,10.27,0
OXBR,20141028,6.93,7.3,6.93,7.1,23900
OXBRW,20141028,1.92,2.25,1.91,2,27200
OXLC,20141028,15.75,15.75,15.63,15.69,21800
OXLCO,20141028,24.45,24.46,24.4,24.4,1500
OXLCP,20141028,25.65,25.66,25.5,25.5,600
PAAS,20141028,10.46,10.7,10.42,10.68,1169200
PACB,20141028,6.04,6.23,5.98,6.12,911900
PACW,20141028,40.67,41.38,40.51,41.33,427300
PAHC,20141028,23.96,24.81,23.55,24.37,112700
PANL,20141028,6.68,6.75,6.62,6.7,1200
PATK,20141028,18.1289,18.3289,17.8533,17.8711,52200
PAYX,20141028,46,46.15,45.72,46,2542800
PBCT,20141028,14.5,14.51,14.01,14.46,12048800
PBHC,20141028,9.61,9.8,9.52,9.56,34600
PBIP,20141028,12.12,12.15,12.09,12.1,38700
PBPB,20141028,13.07,13.75,12.98,13.73,345400
PCAR,20141028,62.6,63.27,61.96,62.95,3468000
PCH,20141028,42.93,43.51,42.66,43.41,249400
PCOM,20141028,15.08,15.5,15,15.3,38100
PCRX,20141028,108.55,112,105.78,107.54,548000
PCTI,20141028,7.2,7.36,7.18,7.36,14500
PCTY,20141028,21.51,23.19,21.51,22.85,63500
PCYG,20141028,7.66,8.19,7.53,8.05,90900
PCYO,20141028,6.02,6.11,6.02,6.1,31600
PDCE,20141028,40.1,42.6,39.15,42.37,591800
PDCO,20141028,42.31,42.31,41.9,42.27,354800
PDEX,20141028,2.27,2.31,2.27,2.27,4800
PDFS,20141028,12.11,12.6,11.95,12.3,334800
PEBK,20141028,17.2,17.35,17.2,17.35,700
PEBO,20141028,24.8,25.03,24.43,24.86,39900
PEGA,20141028,20.52,21.51,20.52,21.45,177400
PENN,20141028,12.61,13,12.29,12.92,1315300
PERI,20141028,16.95,16.95,15.06,16.08,196400
PESI,20141028,4.12,4.12,4.1,4.1,1700
PETS,20141028,13.03,13.1,12.88,13.1,179800
PFBC,20141028,25.12,25.73,25.01,25.71,64400
PFIE,20141028,3.36,3.37,3.13,3.34,408000
PFIN,20141028,7.87,7.97,7.87,7.94,1000
PFIS,20141028,48.36,49.75,46.49,49.75,11300
PFLT,20141028,13.69,13.83,13.51,13.68,115200
PFMT,20141028,8.11,8.55,8.07,8.53,137600
PFSW,20141028,10.69,10.98,10.69,10.98,79700
PGC,20141028,18.09,18.75,18.02,18.64,32800
PINC,20141028,32.26,32.37,31.8,32.3,129200
PKBK,20141028,10.3182,10.3636,10.1,10.1636,3800
PKOH,20141028,50.89,54.25,50.38,53.86,46500
PLAB,20141028,8.63,8.8,8.57,8.8,271400
PLAY,20141028,19.99,20,19.1,19.25,229600
PLBC,20141028,8.07,8.07,8.07,8.07,0
PLCE,20141028,47.75,48.62,47.54,48.35,361000
PLPC,20141028,52.99,52.99,51.25,51.89,5400
PLUG,20141028,4.27,4.47,4.27,4.42,5349600
PLUS,20141028,29.17,30.125,29.17,30.125,23000
PLXS,20141028,38.44,39.96,38.44,39.94,200600
PMBC,20141028,6.56,6.65,6.55,6.58,6000
PMD,20141028,13.65,13.65,13.26,13.26,26500
PME,20141028,1.57,1.58,1.43,1.45,54100
PNBK,20141028,17.9,18,17.7,17.7,2200
PNFP,20141028,36.57,37.95,36.57,37.93,128200
PNNT,20141028,10.81,10.86,10.77,10.83,345200
PNQI,20141028,65.2,66.94,65.2,66.94,53200
PNRG,20141028,64.25,64.25,64.25,64.25,500
PODD,20141028,39.91,41.22,39.88,40.9,509900
POOL,20141028,58.09,59.13,57.64,58.92,169400
POWI,20141028,25.385,26.13,25.01,26.04,163200
POWL,20141028,43.67,44.76,43.61,43.98,82900
PPBI,20141028,15.4,15.74,15.1,15.72,55300
PPC,20141028,26.9,27.27,26.72,27.23,2048200
PPSI,20141028,7.65,8,7.65,8,4600
PRAA,20141028,60.75,62.18,60.32,62.12,357100
PRFT,20141028,14.74,15.5,14.56,15.4,369400
PRFZ,20141028,95.11,97.09,95.01,97.06,29600
PRGS,20141028,25.06,25.51,24.9,25.3,767000
PRIM,20141028,26.55,28.09,26.35,27.74,332300
PROV,20141028,14.35,14.44,14.35,14.38,34500
PRPH,20141028,1.39,1.46,1.31,1.31,30400
PRQR,20141028,12.28,12.86,12.21,12.29,47500
PRTA,20141028,20.58,21.3,19.66,21.28,157700
PRTS,20141028,3.06,3.19,3.06,3.16,25400
PSCC,20141028,50.87,52.2,50.87,52.2,9900
PSCD,20141028,45.65,46.67,45.59,46.62,24300
PSCE,20141028,35.21,36.43,34.8,36.43,10200
PSCF,20141028,39.35,39.87,39.33,39.87,7800
PSCH,20141028,57.74,58.5,57.52,58.48,6200
PSCI,20141028,43.11,44.1,42.88,44.1,10900
PSCM,20141028,42.23,43.28,42.23,43.26,13900
PSCT,20141028,44.74,46.42,44.74,46.42,28900
PSCU,20141028,37.3,37.62,36.99,37.62,2400
PSEC,20141028,9.82,9.84,9.78,9.8,2813700
PSMT,20141028,88.91,92.23,88.39,92.15,221300
PSTI,20141028,29,29.6,28.7,29.4,154400
PTC,20141028,36.69,37.65,36.69,37.62,395200
PTCT,20141028,37.9,41.74,37.6,41.3,509100
PTEN,20141028,22.27,22.87,21.82,22.86,7341400
PTNR,20141028,6.91,6.94,6.85,6.93,22900
PTSI,20141028,40.38,41.23,39.76,40.53,33300
PWOD,20141028,30.36,31.2,29.8933,31.2,5200
PXLW,20141028,5.7,6,5.65,5.97,484900
PZZA,20141028,43.71,44.43,43.42,44.34,209900
QABA,20141028,34.52,35.27,34.5,35.27,18300
QADA,20141028,19.35,20.37,19.18,20.28,13300
QADB,20141028,17.05,17.25,16.75,17.25,2000
QAT,20141028,25.88,26.14,25.65,26.14,4900
QCLN,20141028,17.25,17.74,17.25,17.73,120500
QCOM,20141028,76.19,76.62,75.99,76.57,6324400
QCRH,20141028,17.8,17.9,17.76,17.88,32900
QDEL,20141028,27.9,28.66,27.89,28.35,184700
QIWI,20141028,27.9,29.54,27.9,29.27,515800
QLYS,20141028,28.77,30.25,28.53,30.07,412800
QNST,20141028,4.04,4.23,4.04,4.23,155600
QQEW,20141028,40.26,40.55,40.19,40.55,216200
QQQ,20141028,99.1,100.2,99.08,100.18,34495000
QQQX,20141028,19.81,19.96,19.73,19.8,89600
QQXT,20141028,37.74,37.92,37.49,37.88,16000
QRHC,20141028,12,12.24,11.68,12,245600
QTEC,20141028,40.51,40.96,40.49,40.95,88700
QTNT,20141028,9.56,10,9.56,10,3400
QUIK,20141028,38.92,41.72,38.08,41.44,545100
QUMU,20141028,13.62,13.89,13.6,13.6,14600
QURE,20141028,11.38,11.49,10.74,11.13,28900
QYLD,20141028,24.02,24.05,24,24.03,3300
RADA,20141028,4.22,4.36,4.08,4.24,96100
RAIL,20141028,32.69,34.68,32.31,34.2,160100
RAND,20141028,28.08,28.08,28.08,28.08,0
RARE,20141028,49.6,50.68,48.7,50,173200
RAVN,20141028,24.6,25,24.4,24.98,220300
RBCAA,20141028,23.31,24.25,23.31,24.25,19400
RBCN,20141028,38.7,40.9,38.7,40.7,937300
RCII,20141028,29.98,30.46,29.77,30.27,728500
RCKY,20141028,13.11,13.18,12.95,12.95,29300
RCMT,20141028,7.57,7.57,7.23,7.39,8300
RCON,20141028,26.95,26.95,26.25,26.7,28800
RDCM,20141028,6.15,6.34,6.15,6.21,23600
RDHL,20141028,9.32,9.95,8.99,9.48,5500
RDI,20141028,9.24,9.55,9.22,9.47,254400
RDIB,20141028,9.5,9.5,9.5,9.5,0
RDNT,20141028,8.88,9.21,8.75,9.13,661500
RDUS,20141028,20.19,20.35,19.57,20.03,47800
RDVY,20141028,21.1,21.23,21.09,21.23,5100
RDWR,20141028,18.15,18.78,18.05,18.77,1116900
REFR,20141028,5.14,5.22,5.02,5.18,19900
REGI,20141028,10.01,10.42,10.01,10.3,334100
REGN,20141028,408.35,410.18,397.12,397.89,1028600
RELL,20141028,10.04,10.1,10.04,10.09,12700
RENT,20141028,76.31,78.6,75.91,78.4,215300
REPH,20141028,2.78,2.82,2.68,2.75,7200
RESN,20141028,6.03,6.03,5.91,5.95,700
RFIL,20141028,4.61,4.66,4.55,4.59,26600
RGCO,20141028,13.3733,13.3733,13.1867,13.2667,3000
RGEN,20141028,24.35,25.18,24.08,25.13,467800
RGLD,20141028,65.02,66.25,64.4,66.17,584600
RGLS,20141028,207.6,220.08,200.04,211.32,3965100
RIBT,20141028,4.44,4.5,4.4,4.43,34400
RICK,20141028,11.85,12.17,11.85,12.14,45100
RIGL,20141028,1.79,1.85,1.73,1.85,668800
RMBS,20141028,10.71,10.98,10.67,10.84,755700
RMCF,20141028,12.15,12.15,12.05,12.1,2400
RMTI,20141028,9.61,9.94,9.34,9.52,684700
RNA,20141028,12.81,12.95,12.08,12.18,682200
RNST,20141028,27.93,28.99,27.9,28.93,102000
RNWK,20141028,6.9,7.04,6.84,7.04,105700
ROCK,20141028,14.77,14.99,13.74,14.9,172600
ROIC,20141028,15.84,16.06,15.73,16.05,705600
ROLL,20141028,56.29,58.53,56.01,58.33,105000
ROST,20141028,40.235,40.305,39.695,40.16,1367900
RPRX,20141028,6.74,6.82,6.42,6.49,694200
RRGB,20141028,51.42,53.68,51.2,53.37,234400
RUSHA,20141028,23.3933,24.5533,23.22,24.5533,282300
RUSHB,20141028,20.3667,20.86,20.32,20.86,70900
RUTH,20141028,11.35,11.86,11.35,11.84,235800
RVNC,20141028,19.17,20,19.01,19.52,92800
RVSB,20141028,3.94,3.95,3.87,3.88,9200
RWLK,20141028,735.25,810.25,716.5,731.25,1073200
RXDX,20141028,7.09,7.16,6.72,7.01,13100
RYAAY,20141028,55.61,56.05,55.08,55.49,174200
SABR,20141028,16.98,17.24,16.75,17.17,821400
SAFM,20141028,80.04,80.3,77.82,79.07,624700
SAFT,20141028,60.2,60.66,60,60.65,67000
SAGE,20141028,36.65,40.08,36.65,39.63,63500
SAIA,20141028,56.73,56.73,45.32,48.96,872800
SAL,20141028,28.13,28.13,28.13,28.13,0
SALM,20141028,6.94,7.48,6.94,7.4,26500
SAMG,20141028,13.85,14.47,13.03,14.39,31100
SANM,20141028,21.85,24.57,21.8,24.5,3013300
SANW,20141028,3.32,3.37,3.16,3.16,88400
SASR,20141028,23.63,24.55,23.46,24.48,92600
SATS,20141028,37.8381,38.0088,37.6025,37.9194,103400
SBAC,20141028,112.59,113.9,112.09,113.06,859600
SBCF,20141028,12.05,12.51,11.36,12.5,242300
SBFG,20141028,9.05,9.1,9.05,9.1,6400
SBGI,20141028,28.06,28.86,28.06,28.71,747700
SBLK,20141028,50.6,53.1,50.05,52.05,455800
SBNY,20141028,117.24,119.83,116.87,119.68,272700
SBRA,20141028,27.34,27.48,27.12,27.3,568500
SBSI,20141028,31.38,32.42,31.38,32.21,106400
SBUX,20141028,38.17,38.535,37.94,38.525,4075400
SCHL,20141028,32.39,33.57,32.35,33.54,82600
SCHN,20141028,22.56,23.45,21.77,23.07,717300
SCOR,20141028,39.41,40.21,37.55,38.75,635500
SCSC,20141028,35.24,36.55,35.24,36.52,123900
SCVL,20141028,17.46,18.07,17.24,18.04,74300
SCYX,20141028,73.8,79.9,70.1,77.9,38800
SEAC,20141028,6.52,6.68,6.42,6.61,497100
SEED,20141028,20.9,21.5,20.9,21.1,208500
SEIC,20141028,37.25,37.8,37.16,37.79,436100
SENEA,20141028,26.22,27.47,26.22,27.31,25000
SENEB,20141028,31.4,31.4,31.4,31.4,0
SFBC,20141028,17.56,17.56,17.5,17.51,3100
SFM,20141028,28.75,29.32,28.65,29.15,1099800
SFNC,20141028,19.7,20.5,19.7,20.48,65300
SFST,20141028,14.69,14.69,14.55,14.6,800
SGC,20141028,24.52,25.13,23.51,24.27,9000
SGEN,20141028,35.61,36.71,35.39,36.37,966800
SGMA,20141028,7.37,7.4,7.23,7.24,9700
SGMO,20141028,11.8,12.52,11.73,12.44,1086700
SGMS,20141028,9.21,9.41,8.94,9.35,873700
SGOC,20141028,6.2,6.56,6.04,6.24,157100
SGRP,20141028,1.58,1.64,1.54,1.56,5900
SHBI,20141028,9,9.07,9,9,7300
SHEN,20141028,12.5,13.205,12.5,13.175,130700
SHIP,20141028,1656,1788,1632,1752,2800
SHOO,20141028,19.9733,20.5,19.9067,20.4733,515300
SHY,20141028,84.82,84.84,84.79,84.8,738200
SIEB,20141028,2.16,2.16,2.16,2.16,1900
SIFY,20141028,1.8,1.85,1.8,1.83,18800
SIGA,20141028,1.38,1.45,1.38,1.4,68100
SIGI,20141028,24.31,24.66,23.91,24.65,254800
SILC,20141028,32.77,34.4,32.6,33.97,37200
SIMO,20141028,24.5,24.76,24.01,24.73,499800
SINO,20141028,9.15,9.5,9.15,9.25,100900
SIRI,20141028,3.35,3.38,3.28,3.33,38363400
SIVB,20141028,105.11,108.09,104.5,107.98,340400
SKYW,20141028,8.93,9.56,8.86,9.52,566900
SKYY,20141028,26.43,26.87,26.43,26.86,88600
SLAB,20141028,44.96,45.83,44.84,45.79,329000
SLCT,20141028,6.76,6.76,6.69,6.69,3900
SLGN,20141028,24.54,24.76,24.47,24.68,173500
SLM,20141028,9.26,9.35,9.23,9.34,3665100
SLMBP,20141028,70.75,70.75,70.56,70.56,300
SLP,20141028,6.05,6.11,6,6.03,11500
SLRC,20141028,18.58,18.58,18.36,18.46,114600
SLVO,20141028,12.59,12.68,12.51,12.51,8700
SMBC,20141028,18,18.235,17.93,18.125,7400
SMCI,20141028,30.81,31.89,30.69,31.53,774500
SMED,20141028,4.55,4.6,4.43,4.52,184800
SMIT,20141028,2.94,2.99,2.93,2.93,22400
SMLR,20141028,2.11,2.11,2.08,2.08,1000
SMMF,20141028,10.15,10.15,10.13,10.15,3800
SMPL,20141028,16.8,16.81,16.62,16.62,6000
SMSI,20141028,3,3.12,2.96,2.96,224500
SMTC,20141028,24.36,24.85,24.18,24.82,360500
SNCR,20141028,48.87,52.39,45.55,51.95,2000700
SNFCA,20141028,4.95,5,4.95,4.99,6400
SNPS,20141028,39.93,40.48,39.93,40.47,278400
SOCL,20141028,18.71,19.01,18.64,18.98,142600
SOHO,20141028,7.81,7.94,7.71,7.93,17900
SOHU,20141028,43.2,44.75,43.03,44.47,408400
SOXX,20141028,83.98,84.76,83.7,84.73,430300
SP,20141028,20.46,21.17,20.44,21.17,45900
SPCB,20141028,13.56,14.1,12.72,13.78,365700
SPLK,20141028,63.13,67.08,62.7,66.57,3200000
SPNS,20141028,7.59,7.68,7.53,7.63,90200
SPOK,20141028,13.75,14.81,13.31,14.81,81500
SPPI,20141028,7.43,7.66,7.34,7.65,691200
SPRO,20141028,1.73,1.83,1.73,1.76,3900
SPSC,20141028,56.25,58.91,56.02,56.82,120600
SPTN,20141028,20.32,21.28,20.19,21.27,158200
SPWH,20141028,7.15,7.22,7.09,7.14,161500
SPWR,20141028,30.57,31.32,30,30.83,3720900
SQQQ,20141028,2780.8,2784.8,2689.6,2692.8,4343500
SRCE,20141028,29.96,30.94,29.82,30.93,39500
SRCL,20141028,123.19,124.13,122.64,124.05,418500
SRDX,20141028,20.92,21.19,20.62,20.9,138100
SREV,20141028,3.13,3.32,3.09,3.31,836800
SRNE,20141028,3.99,4.05,3.94,3.97,53100
SRPT,20141028,16.07,16.07,15,15.12,3900300
SSB,20141028,56.75,60.1,56.75,60.07,165000
SSBI,20141028,12.98,12.98,12.75,12.75,300
SSNC,20141028,45.94,47.02,45.82,46.9,435300
SSYS,20141028,117.2,118.5,116.52,117.8,1092600
STAA,20141028,10.41,11.04,10.28,11.01,219100
STBA,20141028,25.5,26.89,25.27,26.27,130300
STFC,20141028,20.62,21.95,20.59,21.57,38800
STKL,20141028,13.41,13.78,13.31,13.76,197900
STLD,20141028,22.07,22.7,21.88,22.58,3425800
STRA,20141028,65.04,68.96,65.04,68.96,162300
STRL,20141028,7.99,8.32,7.78,8.12,72800
STRM,20141028,3.79,4.07,3.68,3.69,27100
STRN,20141028,5.07,5.07,5.07,5.07,4000
STRS,20141028,13.62,13.62,13.62,13.62,0
STRT,20141028,100.99,109.44,98.32,105.97,49500
STX,20141028,58.27,59.66,58.27,59.47,3043800
SUMR,20141028,28.17,29.43,28.17,29.43,14300
SUNS,20141028,14.6,14.85,14.51,14.84,132400
SUPN,20141028,7.46,7.89,7.46,7.85,244000
SURG,20141028,3.38,3.42,3.22,3.4,35600
SVBI,20141028,4.74,4.78,4.74,4.78,11500
SVVC,20141028,24.9,25.26,24.87,25.22,157900
SWIR,20141028,26.43,27.1,25.95,26.83,565000
SWKS,20141028,55,55.85,54.66,55.81,3358400
SYBT,20141028,21.18,22.1,21.06,22.04,50400
SYNA,20141028,63.22,66.11,63.15,65.95,1328700
SYNL,20141028,15.68,16.3,15.55,16.25,12300
SYPR,20141028,3.49,3.52,3.42,3.49,9300
TACT,20141028,6.08,6.11,5.93,5.93,8300
TAIT,20141028,1,1,1,1,5600
TAST,20141028,7.51,7.74,7.51,7.74,138400
TATT,20141028,7.15,7.15,7.15,7.15,0
TAYD,20141028,9.56,9.63,9.55,9.6,4100
TBBK,20141028,8.77,9.4,8.75,9.32,269200
TBNK,20141028,21.08,21.57,21.07,21.45,18100
TBPH,20141028,20.01,20.17,19.76,20.04,138100
TCBI,20141028,57.95,59.82,57.46,59.71,431000
TCBK,20141028,23.47,24.56,23.39,24.53,61900
TCFC,20141028,20.8,20.8,20.1,20.1,400
TCPC,20141028,16.31,16.36,16.13,16.3,206400
TCX,20141028,14.84,15.26,14.79,15.17,35000
TDIV,20141028,26.48,26.69,26.46,26.69,202100
TECH,20141028,92.15,93.84,88.28,90.9,236100
TEDU,20141028,11.65,12.3,11.52,12.3,259800
TENX,20141028,76.8,77.4,75,75.8,26100
TESS,20141028,30.11,30.92,30.06,30.92,23000
TFSL,20141028,14.5,14.76,14.5,14.69,255800
TGA,20141028,4.49,4.56,4.44,4.56,127300
TGLS,20141028,10.6,10.6,10.42,10.42,1300
TGTX,20141028,11.27,11.67,11.05,11.31,767600
THFF,20141028,32.25,33.49,32.24,33.49,45000
THRM,20141028,41.25,43.49,41.25,43.38,686600
THRX,20141028,16.66,16.75,16.2,16.45,1104900
TIGR,20141028,0.53,0.53,0.52,0.52,5200
TILE,20141028,15.83,16.03,15.75,15.92,548100
TIPT,20141028,7.66,7.97,7.55,7.97,9400
TITN,20141028,14.1,14.56,13.78,14.47,93200
TLT,20141028,119.46,119.65,119.08,119.19,5141900
TNDM,20141028,15.96,16.38,15.6,16.35,145000
TNXP,20141028,7040,7500,7000,7490,178800
TOPS,20141028,1640000,1670000,1640000,1670000,28200
TOUR,20141028,19.14,19.53,18.66,19.15,244300
TOWN,20141028,14.28,14.68,14.19,14.65,78800
TQQQ,20141028,14.3833,14.845,14.36,14.845,3326700
TREE,20141028,36.38,36.53,35.83,36.5,113700
TRIB,20141028,16.39,17.04,16.01,16.82,223200
TRIP,20141028,87.09,88.83,87,88.82,1015900
TRMB,20141028,29.79,31.02,29.68,30.93,1221600
TRMK,20141028,23.75,24.49,23.75,24.44,416200
TRNS,20141028,9.64,9.9,9.27,9.9,7500
TROW,20141028,78.39,79.86,78.27,79.82,1740900
TRS,20141028,28.57,30.82,27.6,30.24,1215300
TRST,20141028,6.85,7.05,6.82,7.04,330600
TRUE,20141028,17.14,17.5,17,17.26,771800
TRVN,20141028,5.2,5.41,5.2,5.32,8300
TSBK,20141028,10.55,10.55,10.43,10.5,2600
TSC,20141028,9.77,9.88,9.65,9.69,191400
TSCO,20141028,72.05,73.63,71.85,73.61,1345800
TSEM,20141028,9.04,9.43,9,9.36,704900
TSLA,20141028,45.92,48.92,45.65,48.554,10516200
TSRI,20141028,3.22,3.25,3.2,3.2,6300
TTEC,20141028,24.12,24.89,23.99,24.89,77000
TTEK,20141028,25.49,25.84,25.43,25.81,417900
TTGT,20141028,9.22,9.45,9.05,9.43,81800
TTMI,20141028,5.74,5.92,5.59,5.91,931400
TTOO,20141028,14.32,14.88,14.08,14.65,68700
TTWO,20141028,22.26,23.11,22.17,23.11,1850700
TW,20141028,105.59,108.08,104.75,107.97,313800
TWIN,20141028,26.95,27.16,26.05,26.58,63500
TWOU,20141028,17.81,18.35,17.67,17.87,303400
TXN,20141028,48.1,48.5,47.84,48.5,6328600
TXRH,20141028,27.87,28.89,27.74,28.87,1083700
TZOO,20141028,12.5,13.14,12.36,13.06,69600
UAE,20141028,22.55,22.82,22.55,22.68,12700
UBCP,20141028,8,8,7.92,7.97,4300
UBFO,20141028,5.57,5.57,5.57,5.57,1900
UBOH,20141028,14.9,14.9,14.75,14.89,3100
UBSI,20141028,33.05,33.94,32.88,33.93,339100
UCBI,20141028,16.52,17.23,16.52,17.2,287500
UCTT,20141028,7.89,8.39,7.89,8.31,216700
UEIC,20141028,54.04,54.84,53.5,54.6,109600
UEPS,20141028,11.81,12.23,11.8,12.21,533800
UFCS,20141028,30.43,31.71,30.43,31.59,63900
UFPI,20141028,48.94,49.92,48.82,49.69,97100
UFPT,20141028,21.37,22.2,21.34,22.2,12800
UG,20141028,20.5,20.93,20.26,20.48,10700
UHAL,20141028,269.87,274.5,268.19,273.58,24900
UIHC,20141028,17.65,18.72,17.65,18.66,406300
ULBI,20141028,2.97,3.08,2.97,3.05,13200
ULTA,20141028,117.95,121.13,117.11,120.97,831000
UMBF,20141028,56.28,58.03,56.28,57.73,243300
UMPQ,20141028,16.45,16.95,16.39,16.93,1748300
UNAM,20141028,12.22,12.25,12.2,12.22,1500
UNB,20141028,23.58,23.71,23.58,23.71,800
UNTY,20141028,9,9.17,9,9.17,53700
URBN,20141028,30.44,30.65,29.91,30.52,1546900
USAK,20141028,17.09,17.3,16.77,17.26,55800
USAP,20141028,24.76,27.08,24.75,26.96,21300
USEG,20141028,151.8,159,151.2,159,67200
USLM,20141028,64.09,67.55,64.09,67.13,36500
UTHR,20141028,126.9,131,121.16,130.49,2065200
UTMD,20141028,50.09,53,50.09,53,8200
UTSI,20141028,2.75,2.75,2.65,2.67,13300
UVSP,20141028,19.49,20.5,19.47,20.44,75800
VALU,20141028,15.48,15.81,15.34,15.68,2300
VBFC,20141028,16.22,16.22,16.22,16.22,0
VBIV,20141028,2.51,2.62,2.27,2.35,20400
VBLT,20141028,6.69,6.9,6.32,6.77,26800
VBTX,20141028,13.65,13.9,13.65,13.79,69200
VCIT,20141028,86.77,86.82,86.6,86.65,614400
VCLT,20141028,91.4,91.4,90.88,91.02,262700
VCSH,20141028,80.3,80.34,80.23,80.25,558000
VCYT,20141028,7.95,8.16,7.84,7.92,60500
VECO,20141028,31.94,32.47,31.37,32.27,720500
VGIT,20141028,64.62,64.62,64.54,64.56,50500
VGLT,20141028,74.36,74.36,74,74.09,20900
VGSH,20141028,61.12,61.14,61.1,61.11,57200
VIA,20141028,72.35,73.36,72.35,73.23,58700
VICR,20141028,11.47,12.45,11.45,12.41,110600
VIEW,20141028,1.63,1.69,1.56,1.6,7400
VIRC,20141028,2.36,2.36,2.36,2.36,500
VIVO,20141028,18.15,18.72,18.06,18.66,286800
VLGEA,20141028,24.33,24.98,23.99,24.88,26500
VMBS,20141028,53.06,53.06,52.94,52.96,96100
VNDA,20141028,11.24,12.7,10.98,12.03,1435000
VNET,20141028,19.35,20.06,18.94,19.96,968300
VNOM,20141028,21.17,21.33,20.52,21.01,84600
VNQI,20141028,55,55.25,54.8,55.1,355100
VOD,20141028,32.73,32.94,32.49,32.93,5364700
VONE,20141028,90.63,91.43,90.63,91.43,28700
VONG,20141028,93.89,94.83,93.89,94.83,15000
VONV,20141028,87.3,87.83,87.27,87.83,16200
VOXX,20141028,8.03,8.45,7.98,8.45,228200
VRA,20141028,22.45,23.11,22.02,22.81,495100
VRNS,20141028,19.05,20.15,18.76,19.73,382400
VRNT,20141028,54.9,55.5,54.7,55.46,336600
VRSK,20141028,62.44,63.17,62.15,63.14,572400
VRSN,20141028,58.75,59.28,58.45,59.04,1118600
VRTS,20141028,184.59,184.59,165.14,170.03,85100
VRTX,20141028,112.37,115.24,111.78,114.07,2170500
VSAT,20141028,56.5,58.54,56.47,58.4,575500
VSEC,20141028,27.18,29.82,27.18,29,14400
VSTM,20141028,9.8,10.17,9.75,9.8,299400
VTHR,20141028,90.85,91.43,90.77,91.43,5700
VTIP,20141028,49.4,49.48,49.4,49.45,93100
VTNR,20141028,6.32,6.74,6.32,6.66,525900
VTWG,20141028,95.81,97.96,95.81,97.96,7900
VTWO,20141028,89.81,91.91,89.7,91.87,90200
VTWV,20141028,83.97,85.76,83.86,85.7,14900
VWOB,20141028,79.46,79.54,79.39,79.45,35100
VXUS,20141028,49.8,50.18,49.8,50.18,209300
WABC,20141028,47.34,48.38,47.26,48.32,178000
WAFD,20141028,20.65,21.5,20.54,21.44,611900
WASH,20141028,36.71,38.07,36.49,38.05,47800
WATT,20141028,9.91,9.91,9.25,9.68,35300
WB,20141028,17.68,18.2,17.63,18.12,612900
WDAY,20141028,89.7,94.49,89.69,93.86,1885800
WDC,20141028,93.75,94.17,91.68,93.08,2702400
WDFC,20141028,74.69,75.25,73.96,75.19,94900
WEN,20141028,8.02,8.09,7.97,8.07,6114600
WERN,20141028,26.63,26.85,26.4,26.76,452100
WETF,20141028,11.22,11.53,11.15,11.51,2376800
WEYS,20141028,27.4,28.8,27.24,28.8,17300
WHF,20141028,12.67,12.67,12.53,12.65,18200
WHLM,20141028,5.97,5.97,5.97,5.97,0
WHLR,20141028,36.8,36.8,36,36.72,31100
WHLRP,20141028,23.39,23.5,23.21,23.21,4200
WILC,20141028,6.8,6.8,6.49,6.68,7900
WINA,20141028,79.82,82.31,79.53,82.31,11100
WIRE,20141028,36.75,37.3,36.03,36.99,291900
WIX,20141028,16.54,16.65,16,16.62,316000
WLDN,20141028,14.37,14.68,14.02,14.39,102500
WLFC,20141028,22.17,22.56,21.82,21.92,10600
WOOD,20141028,50.79,51.06,50.49,51.05,12800
WOOF,20141028,44.38,45.01,44.22,44.78,1595900
WPRT,20141028,5.82,6.73,5.8,6.28,3614300
WRLD,20141028,68.27,71.36,67.37,70.2,273100
WSBC,20141028,33.51,34.76,33.48,34.72,70500
WSBF,20141028,11.89,12.09,11.89,12.09,151500
WSFS,20141028,24.9133,25.6967,24.9133,25.6933,28200
WSTG,20141028,16.66,16.83,16.46,16.82,14400
WTBA,20141028,15.33,16.1,15.26,16,32900
WTFC,20141028,44.55,45.86,44.45,45.79,339800
WVFC,20141028,10.89,10.89,10.89,10.89,0
WVVI,20141028,5.58,5.6,5.58,5.6,1200
WWD,20141028,48.45,49.74,48.45,49.66,380300
WYNN,20141028,182.93,185.65,181.5,185.25,1669800
XENT,20141028,18.04,19.14,17.75,19,64500
XLNX,20141028,43.45,43.45,42.63,43.29,4334400
XLRN,20141028,34.98,36.58,34.65,35.83,206700
XNCR,20141028,10.58,10.63,10.47,10.6,26600
XNET,20141028,9.09,9.37,9,9.34,114500
XOMA,20141028,89,92.2,88.8,91.8,1006900
XONE,20141028,23.45,25.2,23.23,24.58,719200
XRAY,20141028,46.78,47.64,46.6,47.58,1181500
XTLB,20141028,8.75,8.75,8.75,8.75,500
YNDX,20141028,27.55,28.7,27.52,28.58,1922900
YORW,20141028,20.74,21.24,20.55,21.24,41700
YY,20141028,79.5,80.97,79.1,79.36,1627500
Z,20141028,106.06,108.66,104.72,107.18,1051400
ZBRA,20141028,70.12,71.5,70,71.33,331000
ZEUS,20141028,19.56,21.09,19.56,21.03,44400
ZGNX,20141028,10.32,10.64,10,10.64,1334300
ZION,20141028,27.72,28.41,27.51,28.41,1823300
ZIOP,20141028,3.49,3.59,3.05,3.15,2209400
ZIXI,20141028,3.29,3.41,3.25,3.38,498500
ZNGA,20141028,2.36,2.43,2.36,2.39,6043900
ZUMZ,20141028,32.93,34.06,32.13,33.83,284800
