AAL,20140815,39.95,40.08,38.79,39.19,9812000
AAME,20140815,4.11,4.2,3.95,4.16,17700
AAOI,20140815,18.09,18.76,18.04,18.42,283200
AAON,20140815,18.64,18.75,18.12,18.54,148700
AAPL,20140815,24.475,24.5475,24.215,24.495,48951300
AAWW,20140815,33.55,33.55,32.31,32.95,188100
AAXJ,20140815,65.72,65.83,65.16,65.44,595500
ABCB,20140815,22.49,22.49,22.14,22.34,117600
ABIO,20140815,172.62,175.14,168.84,170.1,82300
ABMD,20140815,25.37,25.4,24.67,24.88,279400
ACAD,20140815,23.16,23.24,22.15,22.59,974500
ACET,20140815,18.63,18.79,18.24,18.36,194200
ACGL,20140815,18.5067,18.6033,18.43,18.5367,516800
ACHC,20140815,49.5,49.72,48.06,48.51,277200
ACIW,20140815,18.62,18.87,18.42,18.7,575600
ACLS,20140815,7.2,7.2,6.88,7.04,244500
ACNB,20140815,19.02,19.08,18.6,19.08,1300
ACOR,20140815,31.6,32.09,31,31.62,501400
ACRX,20140815,6.57,6.65,6.25,6.48,448600
ACST,20140815,9.5,9.5,9.1,9.2,169400
ACTG,20140815,17.34,17.38,16.8,17.11,247500
ACWI,20140815,59.95,60.1,59.35,59.81,826000
ACWX,20140815,47.47,47.52,46.92,47.21,725600
ADBE,20140815,70.88,70.91,69.58,70.07,4311600
ADES,20140815,22.94,23.17,22.49,23.01,133800
ADI,20140815,51.19,51.62,50.75,51.17,1930600
ADMP,20140815,3.16,3.16,2.62,2.82,269000
ADMS,20140815,16.76,17.67,16.52,17.45,50700
ADP,20140815,72.9938,73.0027,71.7032,72.2299,1655200
ADRE,20140815,41.79,41.92,41.51,41.87,10700
ADSK,20140815,58.44,58.53,51.88,52.66,14280600
ADTN,20140815,22.08,22.41,21.98,22.15,318000
ADUS,20140815,22.38,22.7,22,22.29,49800
ADXS,20140815,42.3,43.5,42.3,42.9,34400
AEHR,20140815,2.58,2.59,2.58,2.58,1300
AEIS,20140815,18.7,18.87,18.06,18.49,375700
AERI,20140815,18.77,19.64,18.06,18.08,221900
AEY,20140815,2.33,2.34,2.32,2.33,11800
AEZS,20140815,126,128,125,126,933000
AGEN,20140815,3.33,3.33,3.2,3.28,258400
AGIO,20140815,41.72,42.16,40.38,41.4,276400
AGNC,20140815,23.3,23.49,23.28,23.42,5120000
AGNCP,20140815,26.19,26.44,26,26.31,8300
AGRX,20140815,7.95,8,6.42,7.36,119700
AGTC,20140815,21.11,21.11,19.34,19.62,52200
AGYS,20140815,12.58,12.72,12.37,12.7,45600
AGZD,20140815,49.7,49.7,49.66,49.7,700
AHPI,20140815,2.15,2.46,2.14,2.3,112800
AIMC,20140815,33.28,33.34,32.4,32.66,115800
AINV,20140815,25.86,26.01,25.53,25.74,1955600
AIQ,20140815,28.85,28.85,27.59,28.55,44100
AIRR,20140815,18.91,18.92,18.59,18.73,60100
AIRT,20140815,11.34,11.36,10.68,11.02,14800
AKAM,20140815,59.47,59.79,59.02,59.66,2227900
AKBA,20140815,24.25,26.49,23.68,25.8,163200
ALCO,20140815,38.85,38.95,38.12,38.5,37800
ALDX,20140815,4.15,4.15,4.02,4.02,1600
ALGN,20140815,55,55.07,53.75,54.35,420900
ALGT,20140815,124.97,126,120.98,123.47,88600
ALIM,20140815,5.87,5.9,5.61,5.67,102000
ALKS,20140815,43.53,43.79,42.24,42.95,857800
ALLT,20140815,10.64,10.74,10.4,10.5,247500
ALNY,20140815,67.54,67.94,65.79,67.26,564000
ALOT,20140815,12.2,12.71,12.19,12.68,5400
ALTR,20140815,33.86,34.17,33.74,34.03,2572200
AMAT,20140815,22.51,22.59,22.02,22.48,25841900
AMBA,20140815,30.3,31.31,28.96,29.14,1242400
AMCX,20140815,60.98,61.96,60.44,60.95,434700
AMD,20140815,4.12,4.14,4.07,4.13,33350100
AMED,20140815,21.58,21.85,21.1,21.3,471400
AMGN,20140815,132.96,133.31,130,132.8,4347800
AMKR,20140815,9.41,9.56,9.23,9.37,979700
AMNB,20140815,21.26,21.47,21,21.2,32400
AMOT,20140815,15.36,15.51,14.22,14.64,116300
AMPH,20140815,10.37,10.4,10,10.15,158900
AMRK,20140815,11.73,11.75,11.62,11.75,3800
AMRN,20140815,1.83,1.87,1.77,1.82,3046900
AMRS,20140815,61.05,62.25,59.4,61.65,294100
AMSC,20140815,17.1,17.9,17,17.4,382100
AMSF,20140815,37.75,37.88,36.87,37.26,50000
AMSWA,20140815,9.48,9.49,9.1,9.38,54900
AMTX,20140815,9.03,9.45,8.82,9.45,100800
AMWD,20140815,30.99,30.99,30.1,30.47,69600
AMZN,20140815,334,335,328.32,333.63,3897900
ANAT,20140815,110.9,111.92,110.02,110.5,9500
ANDE,20140815,63.01,64.25,62.81,63.12,254700
ANGI,20140815,8.11,8.11,7.77,7.88,1773600
ANGO,20140815,14.5,14.54,13.87,13.88,161500
ANIK,20140815,41.51,41.68,40.39,40.74,180600
ANIP,20140815,29.39,29.8,28.26,28.98,103100
ANSS,20140815,80.19,80.37,79.2,79.79,353800
ANY,20140815,6.17,6.23,6.1,6.18,19700
AOSL,20140815,9.27,9.27,8.63,9.07,68200
APEI,20140815,30,30.93,30,30.88,287000
APOG,20140815,34.19,34.77,34.12,34.47,168300
APWC,20140815,2.36,2.36,2.36,2.36,0
ARAY,20140815,7.85,7.97,7.74,7.81,556200
ARCB,20140815,34.55,34.99,34.03,34.62,323700
ARCC,20140815,16.81,16.84,16.73,16.81,1471400
ARDX,20140815,11.67,12.24,11.37,11.65,56600
ARKR,20140815,21.94,22.18,21.9,22.18,6200
ARLP,20140815,48.48,48.81,47.69,48.11,115800
ARNA,20140815,44.5,44.5,42.8,43.4,3097100
AROW,20140815,26.23,26.37,25.84,26.19,26600
ARRY,20140815,3.87,3.97,3.77,3.87,951800
ARTNA,20140815,21.45,21.55,20.95,21.19,27800
ARTW,20140815,5.48,5.52,5.48,5.52,300
ARWR,20140815,14.62,14.73,13.65,13.94,4121900
ASMB,20140815,7.39,7.48,7.01,7.37,50900
ASML,20140815,92,92.44,90.6,91.8,839200
ASPS,20140815,87.45,87.85,86.68,87,220300
ASRV,20140815,3.33,3.34,3.32,3.34,1600
ASTC,20140815,2.95,3.04,2.89,2.93,26800
ASTE,20140815,41.12,41.2,39.76,40.57,152500
ASUR,20140815,5.17,5.8,5.05,5.63,19800
ASYS,20140815,10.64,10.74,10,10.51,82300
ATAI,20140815,4.68,4.71,4.45,4.7,13700
ATAX,20140815,6.01,6.05,5.98,6.04,49100
ATEC,20140815,19.2,20.16,18.72,19.68,499100
ATHX,20140815,1.6,1.63,1.57,1.58,135900
ATLC,20140815,2.66,2.66,2.66,2.66,0
ATLO,20140815,22.49,22.94,22.49,22.55,11400
ATNI,20140815,59.29,59.33,58.11,58.45,71500
ATOS,20140815,340.2,367.2,336.6,349.2,760100
ATRC,20140815,16.01,16.04,15.57,15.69,224700
ATRI,20140815,312.69,316.84,308,316.71,2700
ATRO,20140815,63.12,63.22,61.52,61.85,89600
ATRS,20140815,2.2,2.2,2.12,2.14,1173500
ATSG,20140815,8.52,8.61,8.14,8.37,154100
ATVI,20140815,23.54,23.54,23.14,23.36,7977500
AUBN,20140815,23.2,23.78,23.1,23.78,2400
AUDC,20140815,5.44,5.44,5.25,5.39,112500
AVAV,20140815,31.44,31.59,30.61,31.1,117300
AVEO,20140815,12.6,12.6,11.8,12.1,632000
AVGO,20140815,74.54,74.89,73.42,74.79,2114300
AVNW,20140815,15.84,16.2,15.36,15.84,104300
AWRE,20140815,4.24,4.24,4.1,4.2,88900
AXDX,20140815,17.63,17.63,17,17.14,131500
AXGN,20140815,2.21,2.44,2.2,2.39,182600
AXTI,20140815,2.48,2.48,2.39,2.43,71100
AZPN,20140815,43.57,43.87,42.57,42.85,840500
BANF,20140815,60.61,61.16,59.54,60.26,13900
BANFP,20140815,27.84,28.5,27.81,28.03,37000
BANR,20140815,39.65,39.65,38.23,38.68,122700
BANX,20140815,25.02,25.15,24.95,25,15100
BBBY,20140815,62.89,62.89,61.63,61.91,1865100
BBGI,20140815,6.01,6.38,6,6.12,6600
BBSI,20140815,60.95,60.97,58.89,59.37,52300
BCBP,20140815,12.97,12.98,12.97,12.98,1200
BCOR,20140815,15.92,15.93,15.51,15.54,816800
BCOV,20140815,6.22,6.23,6.04,6.17,320100
BCPC,20140815,53.53,53.98,52.61,53.46,169500
BCRX,20140815,13.59,14,13.18,13.92,1257900
BDSI,20140815,13.58,13.59,12.9,13.25,577800
BEAT,20140815,6.75,6.85,6.52,6.76,261700
BECN,20140815,28.51,28.65,27.8,28.23,568900
BELFA,20140815,22.88,22.88,22.88,22.88,0
BELFB,20140815,23.64,23.67,22.34,22.93,43200
BFIN,20140815,10.66,10.9,10.17,10.25,25200
BGCP,20140815,7.78,7.82,7.6,7.69,810000
BGFV,20140815,10.49,10.55,10.27,10.31,241300
BIB,20140815,48,48.71,46.795,48.4,278500
BICK,20140815,26.88,27.01,26.88,26.98,700
BIDU,20140815,221.55,221.56,217.09,218.85,2525400
BIIB,20140815,312.4869,315.9687,304.6114,315.4529,1724400
BIOC,20140815,138.3,139.5,136.8,138,8500
BIOL,20140815,11.7,11.7,11.25,11.45,127000
BIS,20140815,13.37,13.66,13.16,13.23,565300
BJRI,20140815,34.69,35.74,34.68,35.55,232400
BKCC,20140815,9.05,9.11,8.98,9.06,447400
BKEP,20140815,8.6,8.95,8.6,8.73,32200
BKEPP,20140815,10.04,10.05,10.04,10.05,700
BKSC,20140815,14.72,14.72,14.67,14.67,2300
BLDP,20140815,4.1,4.1,3.92,3.99,1298200
BLFS,20140815,2.41,2.41,2.16,2.22,54800
BLIN,20140815,217.5,217.5,187.5,195,58100
BLKB,20140815,37.01,37.01,36.15,36.46,208400
BLMN,20140815,16.43,16.43,15.95,16.26,1944500
BLRX,20140815,26.7,27.45,26.55,27.3,22600
BLUE,20140815,35.52,36.98,34.94,36.4,425700
BMRC,20140815,23.27,23.49,22.56,23.095,44200
BMRN,20140815,68.26,68.41,66.06,67.24,889400
BMTC,20140815,29.7,29.85,29.03,29.62,52400
BNDX,20140815,51.91,51.94,51.78,51.85,383600
BNFT,20140815,39.14,39.5,37.45,37.7,100100
BNSO,20140815,1.65,1.71,1.64,1.7,9600
BOKF,20140815,66.23,66.65,65.19,65.81,127100
BOLT,20140815,16.7,17.58,16.42,17.29,83000
BOOM,20140815,19.8,19.88,19.06,19.61,27600
BOSC,20140815,3.7,3.8,3.39,3.74,85500
BOTJ,20140815,9,9.09,8.99,9.02,7800
BPOP,20140815,31.23,31.32,30.7,30.92,703400
BPOPM,20140815,20.3,20.3,19.95,19.95,2900
BPOPN,20140815,21.25,21.42,20.67,21.36,16700
BPTH,20140815,482,500,440,448,385200
BRID,20140815,8.34,8.35,8.32,8.35,1100
BRKL,20140815,9.07,9.07,8.84,8.96,318900
BRKR,20140815,20.26,20.27,19.77,20.03,551100
BRKS,20140815,10.67,10.83,10.57,10.71,257000
BRLI,20140815,32.74,32.8,31.96,32.09,158500
BSET,20140815,14.89,14.89,14.36,14.57,18900
BSQR,20140815,3.25,3.68,3.25,3.67,154200
BSRR,20140815,16.02,16.18,15.92,16,31900
BUSE,20140815,5.66,5.67,5.47,5.56,99000
BWEN,20140815,8.85,8.91,8.56,8.77,71800
BWFG,20140815,18.01,18.15,17.97,18.15,4800
BYFC,20140815,1.61,1.7,1.61,1.67,5100
CAAS,20140815,8.58,9.07,8.39,9.03,121000
CAC,20140815,37.04,37.04,36.04,36.08,9700
CACC,20140815,124.44,126.21,124.26,125.53,53400
CACG,20140815,9.94,10.1,9.94,10.08,7800
CAKE,20140815,44.36,44.54,43.88,44.16,732900
CALM,20140815,39.235,39.24,37.965,38.45,180900
CAMP,20140815,17.78,17.94,17.25,17.42,489900
CAMT,20140815,3.87,3.94,3.65,3.75,351100
CAR,20140815,67.59,68.21,66.53,68.14,1740200
CARA,20140815,10.24,10.37,9.79,10.13,85100
CARV,20140815,9.04,9.04,9.04,9.04,0
CARZ,20140815,39.38,39.47,39.38,39.4,1000
CASH,20140815,12.4733,12.5733,12.11,12.19,15400
CASI,20140815,1.85,1.9,1.8,1.86,39200
CASS,20140815,46.77,46.85,45.56,46.69,37200
CASY,20140815,69.2,69.97,68.7,69.47,218300
CATY,20140815,25.45,25.58,24.89,25.08,305600
CBAN,20140815,6.44,6.5,6.43,6.5,4100
CBAY,20140815,5.85,5.85,5.24,5.24,36800
CBNK,20140815,15.83,15.85,15.68,15.85,1800
CBRL,20140815,99.55,99.76,97.86,98.63,147400
CBSH,20140815,45.7,45.7,44.82,45.16,223100
CCBG,20140815,13.78,13.87,13.4,13.63,21700
CCMP,20140815,42.59,42.84,41.55,42,105500
CCNE,20140815,17.09,17.13,16.85,17.01,23700
CCOI,20140815,33.13,33.19,32.24,32.66,339400
CCRN,20140815,8.12,8.27,7.9,8,221300
CCXI,20140815,5.26,5.26,5.04,5.09,53000
CDC,20140815,34.65,34.69,34.4,34.56,65500
CDNA,20140815,10.05,10.05,9.75,10.02,9500
CDNS,20140815,17.06,17.15,16.8,16.97,1840600
CDW,20140815,32.08,32.29,31.77,32.07,369000
CDXS,20140815,2.21,2.39,2.16,2.36,388600
CDZI,20140815,10.22,10.22,9.99,10.07,19600
CECE,20140815,14.34,14.45,13.75,14,56500
CEMI,20140815,3.62,3.7,3.42,3.52,34900
CENT,20140815,8.75,8.75,8.43,8.43,21300
CENTA,20140815,8.98,8.98,8.58,8.6,118500
CENX,20140815,21.36,21.51,21.06,21.14,598700
CERE,20140815,4.56,4.72,4.48,4.64,106700
CERN,20140815,56.19,56.19,54.97,55.49,2016900
CERS,20140815,3.66,3.78,3.56,3.75,633200
CEVA,20140815,14.95,15.09,14.71,14.96,93800
CFA,20140815,34.34,34.34,34.32,34.32,800
CFBK,20140815,8.085,8.25,7.975,8.03,30800
CFFI,20140815,33.8,33.94,33.35,33.35,4000
CFFN,20140815,12.15,12.15,11.93,12,581700
CFO,20140815,34.6,34.6,34.32,34.39,86200
CG,20140815,32.06,32.59,31.94,32.54,263500
CGEN,20140815,8.86,8.91,8.6,8.76,82300
CGNX,20140815,21.09,21.11,20.38,20.865,438200
CGO,20140815,14.45,14.45,14.21,14.29,22400
CHCI,20140815,1.23,1.29,1.18,1.23,131700
CHCO,20140815,42.19,42.33,40.87,41.43,54300
CHDN,20140815,30.5,30.5967,30.3233,30.54,69600
CHEF,20140815,17.6,17.79,17.11,17.33,120200
CHI,20140815,13.75,13.78,13.6,13.73,157600
CHKP,20140815,67.2,67.4,66.66,67.04,787700
CHMG,20140815,27.38,27.38,27.26,27.26,2000
CHNR,20140815,3.59,3.59,3.55,3.58,2000
CHRW,20140815,67.59,67.67,66.68,67.17,2409200
CHSCN,20140815,27.86,28.24,27.74,27.99,12100
CHSCO,20140815,29.64,29.64,29.53,29.53,6800
CHSCP,20140815,31.26,31.58,31.26,31.51,4600
CHTR,20140815,160.98,160.99,155.18,155.61,1259900
CHUY,20140815,28.29,28.81,27.74,28.03,163600
CHW,20140815,9.54,9.55,9.4,9.48,159800
CHY,20140815,14.6,14.65,14.41,14.55,181700
CIDM,20140815,22.3,22.3,21.3,21.7,331300
CINF,20140815,47.89,48.04,47.47,47.84,618200
CIZN,20140815,18.39,18.6,18.32,18.42,5800
CJJD,20140815,1.49,1.5,1.42,1.46,9000
CLDX,20140815,229.2,233.1,220.95,225.6,1500300
CLFD,20140815,13.15,13.27,12.64,13.01,139300
CLIR,20140815,7.85,7.9,7.4,7.87,46500
CLMT,20140815,30.2,30.21,29.9,30,277000
CLNE,20140815,9.53,9.56,9.36,9.47,615500
CLRB,20140815,305,350,305,320,187000
CLRO,20140815,9.43,9.59,9.33,9.46,11400
CLSN,20140815,3.2,3.2,3.02,3.12,263000
CLVS,20140815,43.71,44.56,43.28,44.22,595100
CLWT,20140815,2.8,2.82,2.76,2.8,3400
CMCO,20140815,24.98,24.98,24,24.53,58600
CMCSA,20140815,27.4,27.445,27.075,27.315,10707600
CMCT,20140815,19.44,19.71,19.01,19.47,17200
CME,20140815,73.95,73.95,72.89,73.36,1307400
CMLS,20140815,37.6,38.4,36.48,37.28,2536600
CMRX,20140815,25.58,25.6,24.25,24.98,105600
CMTL,20140815,35.77,36.16,34.98,35.18,142400
CNBKA,20140815,36,36,35.54,35.54,4500
CNCE,20140815,9.71,9.75,9.3,9.66,179700
CNET,20140815,1.15,1.26,0.98,0.99,322800
CNOB,20140815,19.16,19.25,18.76,19.06,89900
CNSL,20140815,23.93,24.19,23.72,23.82,423300
CNTY,20140815,5.7,5.74,5.52,5.56,186100
COCO,20140815,0.14,0.16,0.13,0.15,3251600
COHR,20140815,61.63,62.22,59.7,60.6,96300
COHU,20140815,12.47,12.55,12.07,12.37,76600
COKE,20140815,74.65,74.99,73.61,74.25,17800
COLB,20140815,25.35,25.63,24.93,25.08,248100
COLM,20140815,37.88,37.99,36.75,37.135,60300
COMM,20140815,25.51,25.58,24.77,24.97,795100
CONE,20140815,26.35,26.36,25.72,25.92,494500
CONN,20140815,41.8,41.8,40.65,41.02,496000
COOL,20140815,9.18,9.84,8.82,9.06,127100
CORT,20140815,2.76,2.78,2.61,2.76,336600
COST,20140815,119.95,119.95,117.78,118.57,2025900
COWN,20140815,4.08,4.08,3.91,4.02,661300
CPHC,20140815,9.92,9.92,9.87,9.87,800
CPIX,20140815,4.85,4.96,4.85,4.93,63500
CPLP,20140815,11.08,11.08,10.88,11.02,257800
CPRT,20140815,16.86,16.915,16.675,16.835,702200
CPRX,20140815,2.2,2.31,2.19,2.27,738400
CPSI,20140815,62.43,62.43,60.26,61.85,133100
CPSS,20140815,7.25,7.26,7.1,7.25,109800
CRAI,20140815,26.81,26.84,26.41,26.7,67700
CREG,20140815,146,149,140,142,481500
CRESW,20140815,0.05,0.05,0.05,0.05,0
CRESY,20140815,12.13,12.2,11.97,12.07,39100
CRIS,20140815,8.25,8.35,8.15,8.25,889200
CRMT,20140815,39.08,39.31,37.5,37.51,36900
CRNT,20140815,2.12,2.14,2.05,2.06,343900
CROX,20140815,15.71,15.79,15.39,15.55,863800
CRTO,20140815,29.07,30.07,29,29.91,441500
CRUS,20140815,22.95,23.21,22.62,22.9,769100
CRVL,20140815,40.25,40.25,39.28,39.72,36800
CRWS,20140815,7.76,7.89,7.62,7.88,13400
CSCO,20140815,24.6,24.66,24.27,24.43,33625900
CSF,20140815,35.67,35.67,35.46,35.46,400
CSGP,20140815,143.74,146.12,143.74,145.93,213000
CSGS,20140815,27.5,27.75,27.15,27.39,274900
CSII,20140815,30.37,30.48,28.89,29.4,160800
CSIQ,20140815,32.37,33.73,31.83,33.25,7038700
CSOD,20140815,38.22,38.75,37.19,38.21,813800
CSPI,20140815,7.54,7.54,7.04,7.18,19200
CSQ,20140815,11.84,11.97,11.75,11.84,523300
CSTE,20140815,52.21,52.21,51.59,51.93,204200
CSWC,20140815,36,36,34.67,35.2,30200
CSX,20140815,30.29,30.29,29.93,30.22,5383200
CTAS,20140815,65.75,65.86,62.65,65.38,564500
CTBI,20140815,35.6,35.6,34.5,34.81,42500
CTG,20140815,14.24,14.24,13.88,13.92,33500
CTHR,20140815,2.08,2.5,2.05,2.29,456800
CTIB,20140815,4.14,4.14,4.14,4.14,0
CTIC,20140815,25.7,26.6,25.1,25.7,1302500
CTRE,20140815,16.29,16.93,16.2,16.89,104200
CTRN,20140815,20.31,20.31,19.59,19.92,123700
CTSH,20140815,45.2,45.2,44.59,44.76,5761700
CTXS,20140815,55.4299,55.4459,54.3232,54.8965,1934600
CUBA,20140815,8.03,8.1,8,8.05,10600
CUTR,20140815,9.94,9.94,9.42,9.79,57000
CVBF,20140815,15.24,15.31,14.93,15.06,530900
CVCO,20140815,74.2,74.74,72.81,73.64,46000
CVCY,20140815,11.48,11.72,11.3,11.7,12400
CVGI,20140815,8.96,9.25,8.68,8.89,147000
CVGW,20140815,38.89,38.97,37.01,37.8,146100
CVLT,20140815,53.32,53.5,52.41,52.92,485700
CVLY,20140815,21.05,21.05,21.05,21.05,0
CVV,20140815,12.64,14.24,12.64,14.13,73900
CWBC,20140815,6.58,6.8,6.52,6.8,13300
CWCO,20140815,11.59,11.8,11.53,11.66,103100
CWST,20140815,4.89,4.94,4.86,4.92,64100
CXDC,20140815,6.16,6.17,5.72,6.02,387000
CYAN,20140815,4.61,4.63,4.44,4.6,3900
CYBE,20140815,9.25,9.55,9.25,9.55,14800
CYCC,20140815,768,775.2,741.6,753.6,31400
CYCCP,20140815,7.51,7.55,7.48,7.48,1100
CYRN,20140815,2.31,2.36,2.27,2.35,54800
CYTK,20140815,4.55,4.64,4.4,4.52,317200
CZNC,20140815,19.61,19.61,19.19,19.33,33500
CZR,20140815,13.9,14.1,13.31,13.56,1229400
CZWI,20140815,8.76,8.8,8.61,8.8,4300
DAIO,20140815,3.04,3.06,3.01,3.01,14700
DAKT,20140815,12.06,12.08,11.59,11.73,195800
DCOM,20140815,15.21,15.23,14.81,14.98,145300
DCTH,20140815,32.16,33.44,32.16,33.28,17700
DENN,20140815,6.84,6.85,6.65,6.73,256700
DGICA,20140815,15.49,15.5,15.37,15.5,26300
DGICB,20140815,21.97,21.97,21.97,21.97,0
DGII,20140815,8.48,8.53,8.22,8.32,54300
DGLY,20140815,3.3,3.46,3.27,3.35,109600
DGRE,20140815,27.26,27.28,27.02,27.13,2800
DGRS,20140815,28.07,28.07,27.65,27.65,300
DGRW,20140815,29.14,29.14,28.84,29.04,11800
DHIL,20140815,128.58,131.08,127.14,128.34,13700
DIOD,20140815,25.88,25.88,24.77,25.44,425000
DISCA,20140815,43.12,43.54,42.9,43.49,2212800
DISCB,20140815,45.93,48,45.5,47,13400
DISCK,20140815,40.76,41.66,40.7,41.62,1754200
DISH,20140815,64.81,64.92,64.19,64.77,1607900
DJCO,20140815,199.98,199.98,196.15,196.15,1200
DLHC,20140815,1.95,1.95,1.84,1.84,200
DLTR,20140815,56.15,56.16,55.28,55.6,1883500
DMLP,20140815,33.45,33.7,33.1,33.69,73400
DMRC,20140815,25.01,25.15,23.6,24.37,49800
DORM,20140815,43.51,43.8,42.54,43.17,334000
DOX,20140815,45.71,45.78,45.37,45.42,449400
DRIV,20140815,15.19,15.35,14.86,15,172500
DRNA,20140815,14.87,14.97,14.1,14.54,141100
DRRX,20140815,1.51,1.53,1.48,1.53,148100
DSGX,20140815,14.07,14.07,13.77,13.99,42800
DSPG,20140815,9.3,9.3,9,9.05,53700
DSWL,20140815,2.24,2.24,2.17,2.23,77300
DVAX,20140815,15.3,15.3,14.5,14.6,1469200
DWSN,20140815,23.24,23.24,22.92,22.94,36200
DXCM,20140815,44.37,44.37,42.89,43.62,451000
DXGE,20140815,26.11,26.12,25.59,25.77,4400
DXJS,20140815,30.77,30.82,30.53,30.61,6600
DXLG,20140815,5.29,5.32,5.02,5.05,124000
DXPE,20140815,78.69,78.69,75.59,76.88,80000
DXYN,20140815,8.95,8.95,8.39,8.65,188000
DYNT,20140815,3.98,4.99,3.91,4.69,110300
EA,20140815,36.78,36.8,35.87,36.14,3576900
EAC,20140815,13.11,13.14,12.9,13.11,42400
EBAY,20140815,22.4589,22.4758,22.1389,22.1642,13588800
EBIX,20140815,13.88,13.88,13.5,13.77,313100
EBMT,20140815,10.55,10.8,10.55,10.72,1600
EBSB,20140815,10.75,10.75,10.56,10.62,438600
EBTC,20140815,19.96,20,19.76,19.9,8900
ECHO,20140815,23.74,24.54,23.68,24.39,410400
ECOL,20140815,45.36,45.36,43.87,44.09,157400
ECPG,20140815,44.15,44.28,43.32,43.71,445600
EDAP,20140815,1.86,1.86,1.68,1.74,533700
EDUC,20140815,2.425,2.425,2.415,2.425,300
EEFT,20140815,52.47,52.5,50.59,51.77,266200
EEMA,20140815,62.4,62.44,61.9,62.05,10300
EFOI,20140815,22.6,23.5,22.6,22.8,6000
EFSC,20140815,17.82,17.84,17.35,17.41,38100
EGAN,20140815,6.61,6.62,6.41,6.45,26900
EGBN,20140815,34.75,34.79,33.62,33.81,117600
EGLE,20140815,3528,3754.8,3528,3754.8,449400
EGRX,20140815,11.49,12.6,11.49,12.52,31600
EHTH,20140815,22.84,23.05,22.44,22.8,204000
ELSE,20140815,3.92,3.92,3.92,3.92,0
ELTK,20140815,1.55,1.59,1.55,1.56,2000
EMCB,20140815,77.44,78.14,77.44,77.6,3400
EMCF,20140815,25.68,25.68,25.63,25.63,700
EMIF,20140815,36.45,36.72,36.38,36.56,25400
EMKR,20140815,3.96,4,3.91,3.94,77300
EML,20140815,15.86,15.88,15.74,15.75,3800
ENDP,20140815,63.75,64.16,62.44,62.82,1449500
ENG,20140815,2.95,2.95,2.8,2.83,72600
ENPH,20140815,12.46,12.81,12.04,12.64,978400
ENSG,20140815,17.465,17.465,16.935,17.28,110400
ENTA,20140815,40.52,40.6,39.11,39.79,269200
ENTG,20140815,11.65,11.66,11.5,11.59,924100
ENVI,20140815,2.01,2.02,1.86,1.91,74400
EPAY,20140815,28.43,28.48,27.54,27.83,210500
EPZM,20140815,38.6,38.6,35.65,36.69,628000
EQIX,20140815,218.63,218.63,215.12,216.95,389100
ERIC,20140815,12.36,12.36,12.26,12.34,1948900
ERIE,20140815,75.96,76.36,75.02,75.66,14700
ERII,20140815,4.4,4.55,4.26,4.48,342400
ESBK,20140815,22.16,22.16,21.04,21.18,900
ESCA,20140815,15.12,15.99,15.12,15.5,18500
ESEA,20140815,9.12,9.6,9.12,9.28,250400
ESGR,20140815,146.91,146.91,143.12,145.87,24200
ESLT,20140815,59.73,60.5,59.73,60.07,13200
ESPR,20140815,16.35,16.35,16.02,16.16,11000
ESSA,20140815,11.26,11.59,11.26,11.55,103900
ESXB,20140815,4.38,4.38,4.34,4.38,4600
EUFN,20140815,23.96,24.08,23.58,23.79,79500
EVK,20140815,6.41,6.76,6.37,6.43,10000
EVOK,20140815,6.75,6.9,6.5,6.89,6000
EVOL,20140815,10.5,10.55,10.21,10.26,20400
EWBC,20140815,33.66,33.87,33.14,33.48,440700
EXAS,20140815,17.53,17.68,17.16,17.49,1424400
EXEL,20140815,4.29,4.32,4.12,4.2,2053000
EXLS,20140815,28.25,28.26,27.44,27.79,96000
EXPD,20140815,41.41,41.41,40.47,40.6,1740700
EXPE,20140815,85.18,85.76,84.32,85.37,2027300
EXPO,20140815,18.39,18.39,17.94,18.1475,56200
EXTR,20140815,5.07,5.1,4.86,4.95,4459300
EZPW,20140815,9.97,10.22,9.79,10.04,1353600
FANG,20140815,77.22,78.62,76.4,78.45,912300
FARM,20140815,21.96,21.99,21.51,21.77,29800
FARO,20140815,52.97,52.97,51.28,51.82,84700
FAST,20140815,22.585,22.61,21.795,21.91,3087200
FATE,20140815,5.51,5.51,5.5,5.5,500
FB,20140815,74.32,74.65,73,73.63,38909100
FBIZ,20140815,45.2,45.2,44.21,44.52,8300
FBMS,20140815,14.41,14.41,14.41,14.41,0
FBNC,20140815,16.94,16.94,16.18,16.56,30200
FCAP,20140815,21.5,21.5,21.47,21.5,3700
FCBC,20140815,15.06,15.41,14.81,14.82,48200
FCCO,20140815,10.69,10.7,10.65,10.65,1800
FCCY,20140815,10.03,10.08,9.92,10.04,8500
FCEL,20140815,367.2,372.96,354.24,364.32,7931300
FCFS,20140815,58.9,59.1,57.53,58.09,152200
FCNCA,20140815,222.3,222.3,217.05,218.72,16900
FDIV,20140815,50.32,50.37,50.18,50.25,4800
FDUS,20140815,18.22,18.25,18.01,18.1,35000
FEIM,20140815,11.5,11.5,11.25,11.4,2500
FELE,20140815,37.87,38.24,36.96,37.53,175800
FFBC,20140815,16.67,16.75,16.19,16.35,169500
FFHL,20140815,1.18,1.39,1.18,1.26,68200
FFIC,20140815,19.23,19.28,18.76,18.89,67900
FFIN,20140815,14.82,14.86,14.375,14.56,206900
FFIV,20140815,115.45,115.86,113.1,114.01,747200
FFNW,20140815,10.91,11,10.78,10.84,74000
FIBK,20140815,26.44,26.44,25.57,25.76,86200
FISI,20140815,23.14,23.42,22.75,23.03,83100
FISV,20140815,31.415,31.585,31.07,31.36,2672200
FITB,20140815,19.84,19.95,19.61,19.73,5832200
FITBI,20140815,27.11,27.33,27.11,27.32,8000
FIVE,20140815,38.01,38.2,37.2,37.63,452800
FIVN,20140815,6.13,6.23,6.01,6.17,61100
FIZZ,20140815,18.74,18.95,18.24,18.69,24900
FLDM,20140815,27.55,27.91,27.03,27.85,170400
FLEX,20140815,10.63,10.65,10.47,10.58,2422200
FLIC,20140815,23.5,23.84,22.8067,23.1467,24100
FLL,20140815,1.01,1.02,0.96,0.96,56100
FLWS,20140815,5.18,5.18,5.04,5.1,113100
FLXN,20140815,14.09,15.48,13.35,13.54,23000
FLXS,20140815,32.6,32.82,31.83,32.56,32100
FMB,20140815,50.14,50.45,50.14,50.45,300
FMBH,20140815,20.5,20.5,20.5,20.5,0
FMBI,20140815,16.66,16.76,16.28,16.56,417400
FMNB,20140815,7.66,7.74,7.63,7.64,14100
FNHC,20140815,23.24,23.35,22.64,22.97,189100
FNLC,20140815,16.7,16.7,16.42,16.57,14100
FOLD,20140815,4.51,4.58,4.34,4.44,1037200
FONR,20140815,14.03,14.2,12.76,13.32,187000
FORD,20140815,1.27,1.27,1.24,1.27,3500
FORM,20140815,6.97,7.25,6.91,7.17,328400
FORR,20140815,38.73,38.79,37.94,38.43,43100
FORTY,20140815,27.56,27.56,27.56,27.56,0
FOSL,20140815,97.88,98.23,95.94,97.02,725800
FOX,20140815,34.66,34.92,34.56,34.72,2861500
FOXA,20140815,36.01,36.11,35.68,35.86,17620800
FOXF,20140815,15.46,15.5,15.17,15.27,85200
FRBA,20140815,6.18,6.39,6.15,6.29,21900
FRBK,20140815,4.63,4.63,4.37,4.42,53100
FREE,20140815,480000,492000,414000,426000,2828900
FRGI,20140815,49.4,49.55,48.24,49.06,263600
FRME,20140815,20.11,20.22,19.61,19.88,129000
FRSH,20140815,9.02,9.05,8.81,8.95,46000
FSBW,20140815,17.39,17.4,17.18,17.19,6300
FSFG,20140815,24.69,24.69,24.69,24.69,0
FSLR,20140815,69.47,70.02,68.27,69.12,1994300
FSTR,20140815,53,53,51.22,52.49,53400
FTCS,20140815,35.11,35.11,34.85,34.91,2700
FTEK,20140815,4.64,4.64,4.36,4.43,264000
FTGC,20140815,31.77,31.98,31.69,31.93,57600
FTHI,20140815,20.23,20.31,20.23,20.31,900
FTLB,20140815,20.14,20.14,20.14,20.14,400
FTNT,20140815,25.51,25.56,24.93,25.11,807200
FTSL,20140815,49.51,49.52,49.35,49.47,20200
FTSM,20140815,60.04,60.04,60.04,60.04,0
FULT,20140815,11.22,11.32,11.1,11.16,1035900
FUNC,20140815,8.6,8.64,8.5,8.6,1800
FUND,20140815,8.25,8.27,8.19,8.23,31000
FV,20140815,20.11,20.13,19.84,20.02,412900
FWRD,20140815,46.84,46.95,45.58,46.25,191200
GABC,20140815,17.6067,18.06,17.46,17.58,36800
GAIA,20140815,7.41,7.49,7.25,7.34,21200
GAIN,20140815,7.55,7.63,7.5,7.6,176300
GALT,20140815,4.68,4.85,4.62,4.78,404400
GAME,20140815,6.51,6.54,6.51,6.54,119900
GASS,20140815,10.29,10.34,10.2,10.25,75300
GBCI,20140815,26.63,26.7,25.88,26.1,235100
GBDC,20140815,16.66,16.74,16.48,16.63,92700
GBLI,20140815,25.11,25.84,25.08,25.45,17800
GCBC,20140815,13.3,13.3,13.3,13.3,0
GENC,20140815,6.72,6.8333,6.58,6.64,31100
GENE,20140815,14.4,14.4,13.2,14,188300
GEOS,20140815,38.88,39.49,38.17,38.98,126300
GERN,20140815,2.43,2.45,2.35,2.41,1375200
GEVO,20140815,2880,2880,2760,2760,611700
GFED,20140815,12.69,12.69,12.5,12.5,2300
GGAL,20140815,12.5,13.07,12.23,12.92,1074000
GIFI,20140815,19.65,19.65,19.16,19.4,30700
GIGM,20140815,4.7,4.8,4.65,4.7,70100
GIII,20140815,38.625,39.665,38.43,38.695,250800
GILD,20140815,98.42,99.49,97.02,99.49,19714200
GILT,20140815,4.71,4.71,4.6,4.6,1900
GLAD,20140815,9.76,9.78,9.62,9.74,101900
GLBS,20140815,13240,14000,13240,13960,11200
GLBZ,20140815,12.4,12.45,12.4,12.4,800
GLDD,20140815,7.36,7.56,7.28,7.39,261500
GLDI,20140815,13.63,13.7,13.6,13.69,5800
GLMD,20140815,7.45,7.66,7.37,7.62,6700
GLNG,20140815,63.27,63.82,62.49,63.4,784800
GLPI,20140815,34.32,34.47,34.06,34.44,412700
GLRE,20140815,33.15,33.67,32.87,33.28,77900
GLYC,20140815,7.96,8.01,7.69,7.86,15000
GNCA,20140815,105.04,106.56,104,105.84,10800
GNMA,20140815,50.02,50.02,49.92,49.95,1800
GNTX,20140815,14.69,14.775,14.56,14.77,981000
GOGO,20140815,14.99,16.08,14.91,15.81,2735400
GOOD,20140815,18.41,18.41,18.14,18.26,87700
GOODN,20140815,25.85,25.85,25.85,25.85,400
GOODO,20140815,25.27,25.65,25.23,25.26,3300
GOOG,20140815,577.86,579.38,570.52,573.48,1517000
GOOGL,20140815,587.19,589.47,580.76,583.71,1725300
GPRE,20140815,42.84,43.14,41.88,42.23,918300
GPRO,20140815,39.51,40.25,38.9,39.79,2822400
GRFS,20140815,17.82,17.995,17.63,17.77,911400
GRID,20140815,36.94,36.94,36.35,36.55,1700
GRMN,20140815,56.23,57.14,55.74,56.07,1239200
GROW,20140815,3.46,3.53,3.41,3.52,13600
GRPN,20140815,117.8,120.4,116.2,120,13447000
GRVY,20140815,3.08,3.08,3.04,3.08,6900
GSBC,20140815,31.71,31.78,30.81,31.18,23600
GSIT,20140815,5.06,5.06,4.96,4.97,68800
GSM,20140815,19.79,19.81,19.47,19.64,292100
GT,20140815,24.94,24.98,24.57,24.89,2466900
GTIM,20140815,4.06,4.26,3.96,3.97,44400
GURE,20140815,10.05,10.2,10,10.15,63200
GYRO,20140815,5.04,5.15,5.04,5.09,7000
HA,20140815,15.09,15.16,14.63,14.89,637300
HAFC,20140815,20.86,20.99,20.05,20.34,175400
HAIN,20140815,44.07,44.37,43.125,43.615,699800
HALL,20140815,9.61,9.73,9.22,9.38,54100
HALO,20140815,10.07,10.23,9.8,9.87,1067700
HAS,20140815,51.21,51.43,50.49,50.79,524600
HAYN,20140815,51.33,51.33,49.71,49.9,56400
HBAN,20140815,9.71,9.74,9.56,9.62,6699400
HBANP,20140815,1340,1340,1340,1340,100
HBCP,20140815,22,22,21.62,21.71,6600
HBIO,20140815,4.74,4.81,4.69,4.78,29000
HBMD,20140815,10.37,10.37,10.37,10.37,0
HBNC,20140815,9.7245,9.8089,9.6889,9.6978,16400
HBP,20140815,4.09,4.1,4.01,4.01,600
HCCI,20140815,16.34,16.41,15.66,15.67,15900
HCKT,20140815,6.17,6.27,6.08,6.19,66700
HCSG,20140815,28.04,28.04,27.19,27.45,326900
HDSN,20140815,2.74,2.8,2.72,2.79,20200
HEAR,20140815,28.04,28.2,26.16,26.8,172000
HEES,20140815,39.28,39.3,38.31,38.7,253100
HELE,20140815,56.88,56.96,54.79,55.16,165500
HERO,20140815,3.26,3.27,3.17,3.22,2083500
HFBL,20140815,19.01,20.3,18.91,19.52,14800
HFWA,20140815,16.12,16.14,15.96,16.09,114200
HGSH,20140815,7.74,7.84,6.9,7.14,41200
HIBB,20140815,45.74,45.74,44.68,45.28,278100
HIFS,20140815,82.9,82.9,82.75,82.75,400
HIHO,20140815,3.26,3.49,3.25,3.33,251900
HIMX,20140815,7.75,7.75,7.54,7.69,3479100
HLIT,20140815,6.17,6.26,6.08,6.15,524300
HMHC,20140815,19.12,19.13,18.39,18.57,506000
HMNF,20140815,11.89,11.92,11.41,11.64,5100
HMST,20140815,17.63,18.16,17.6,17.9,216700
HMTV,20140815,11.57,11.59,11.3,11.34,9100
HNNA,20140815,12,12.1333,11.3333,12.1333,4400
HNRG,20140815,14.02,14.02,13.67,13.87,40300
HOFT,20140815,15.01,15.01,14.54,14.73,13800
HOLI,20140815,22.99,22.99,22.61,22.81,739700
HOLX,20140815,26.39,26.47,25.46,25.56,1904100
HOMB,20140815,14.93,14.95,14.4,14.6,188600
HOVNP,20140815,14.4,14.4,14.4,14.4,300
HQY,20140815,20.7,21.48,19.95,19.96,89800
HRTX,20140815,9,9.38,8.91,9.01,120300
HRZN,20140815,14.31,14.31,14.1,14.26,39500
HSIC,20140815,119.45,119.45,117.54,117.97,405400
HSII,20140815,19.84,19.94,19.53,19.92,171000
HSKA,20140815,14,14.03,13.4,13.63,29500
HSON,20140815,35.7,36.5,35.5,36,11000
HSTM,20140815,26.76,26.88,25.95,26.5,150300
HTBI,20140815,15.18,15.18,15.05,15.11,85400
HTBK,20140815,8.19,8.19,8,8.09,167900
HTBX,20140815,39,40,39,40,700
HTHT,20140815,6.6875,6.7825,6.6875,6.7575,82600
HTLD,20140815,23.49,23.59,22.79,23.01,510500
HTLF,20140815,24.55,24.57,23.48,23.73,33000
HUBG,20140815,45.64,46.21,44.9,45.36,290600
HURC,20140815,32.05,32.46,31.3,31.94,40000
HURN,20140815,63.56,63.66,61.91,63.02,145300
HWBK,20140815,12.87,12.88,12.71,12.77,1400
HWKN,20140815,35.76,35.76,34.96,35.42,29400
HYLS,20140815,52,52,51.71,51.87,17200
HYZD,20140815,24.93,24.93,24.84,24.84,1500
HZNP,20140815,9.84,9.92,9.51,9.74,916100
IART,20140815,24.375,24.5,24.01,24.245,223400
IBB,20140815,262.64,264.08,258.95,263.41,1081400
IBCP,20140815,12.37,12.37,11.85,12.08,122000
IBKR,20140815,23.52,23.74,23.37,23.6,295000
IBOC,20140815,25.41,25.59,24.9,25.24,153000
IBTX,20140815,48.9,48.93,47,47.7,29700
ICAD,20140815,8.97,9.03,8.95,8.99,34800
ICCC,20140815,4.86,4.86,4.5,4.61,13200
ICFI,20140815,35.49,35.66,34.41,34.79,81900
ICLN,20140815,11.76,11.76,11.52,11.68,17000
ICLR,20140815,52.08,52.72,52,52.19,385100
ICPT,20140815,288,293.99,283.59,284.7,586700
ICUI,20140815,63.53,63.84,62.42,63.15,88100
IDCC,20140815,42.75,43.42,41.92,42.5,394300
IDRA,20140815,22,22.08,20.72,21.12,738800
IDXX,20140815,63.96,64.065,62.79,63.17,244000
IEP,20140815,107,108.93,106.26,107.06,116700
IESC,20140815,6.98,7.19,6.48,7.06,29100
IFGL,20140815,32.16,32.29,32,32.1,118700
IFV,20140815,19.71,19.71,19.48,19.62,4400
IGOV,20140815,104.54,104.99,104.11,104.92,27600
III,20140815,4.37,4.39,4.19,4.21,117900
IIN,20140815,7.26,7.35,7.09,7.34,5600
IIVI,20140815,13.95,14.24,13.7,13.99,332800
IKNX,20140815,18.99,19.43,18.57,19.08,7300
ILMN,20140815,169.28,169.76,164.82,168.57,1230000
IMGN,20140815,11.94,11.99,11.28,11.53,787300
IMKTA,20140815,25.26,25.29,24.43,24.93,59900
IMMR,20140815,10.97,10.97,10.62,10.73,138500
IMOS,20140815,24.2,24.41,23.75,24.08,156100
INBK,20140815,17.8,17.8,17.52,17.64,6000
INCY,20140815,51.5,51.72,50.51,51.36,758900
INDB,20140815,35.92,36.2,35.57,35.88,106900
INDY,20140815,29.59,29.68,29.34,29.54,110000
INFI,20140815,11.62,11.76,11.27,11.33,398900
INFN,20140815,9.22,9.25,9.01,9.1,1232800
INGN,20140815,18.74,19.04,18.5,18.93,92100
INOD,20140815,3.21,3.21,3.11,3.14,8900
INSM,20140815,13.7,13.96,13,13.18,915600
INTC,20140815,34.1,34.21,33.71,34.17,28582200
INTG,20140815,19.41,19.44,19.4,19.4,800
INTU,20140815,84.25,84.88,83.12,83.72,3121900
INVE,20140815,11.6,12.18,11.52,11.98,130300
IOSP,20140815,40.85,40.85,39.97,40.25,75700
IPAR,20140815,28.04,28.12,27.36,27.63,77600
IPDN,20140815,45.52,45.52,42.08,44,1000
IPGP,20140815,69.25,69.92,67.64,68.61,416300
IPKW,20140815,25.87,25.96,25.84,25.86,3400
IPWR,20140815,86.5,87.5,85,85.6,21700
IRBT,20140815,35.46,35.47,34.03,34.44,334500
IRDM,20140815,8.71,8.8,8.54,8.73,729200
IRIX,20140815,7.92,8.15,7.89,7.89,9100
IRMD,20140815,10.79,11,10.73,10.75,8300
IROQ,20140815,17.11,17.23,17.1,17.15,1300
IRWD,20140815,13.02,13.6,13.02,13.52,896200
ISBC,20140815,10.44,10.44,10.31,10.37,2716600
ISHG,20140815,94.68,94.71,94.48,94.68,2200
ISIG,20140815,2.94,3.16,2.87,2.92,1173200
ISLE,20140815,7.3,7.54,7.24,7.4,208500
ISRG,20140815,464.75,467.07,457.54,459.14,278400
ISSC,20140815,5.91,6,5.74,5.82,19200
ISTR,20140815,13.76,14.05,13.76,13.76,8900
ITCI,20140815,18.51,19.77,18.01,18.38,62300
ITIC,20140815,70.95,70.95,70.95,70.95,300
ITRI,20140815,40.06,40.25,39.28,39.88,239200
ITRN,20140815,21.62,21.62,21.25,21.47,16800
IVAC,20140815,6.82,6.82,6.54,6.69,175600
JACK,20140815,61.12,61.6,60,60.6,522200
JAKK,20140815,66,66.6,63.6,64.2,242600
JAZZ,20140815,145.55,150.79,144.46,148.1,950000
JBHT,20140815,75.83,76.03,74.91,75.57,497800
JBLU,20140815,11.9,11.92,11.65,11.91,5904000
JBSS,20140815,27.66,28.06,27.66,27.98,29700
JCS,20140815,11.33,11.33,10.86,10.98,12300
JCTCF,20140815,5.32,5.37,4.7,4.805,6900
JD,20140815,28.69,30.7,28.1,29.58,10587200
JJSF,20140815,96.44,96.47,94.24,95.24,70200
JKHY,20140815,57.09,57.36,56.05,56.44,613700
JOBS,20140815,35.95,35.95,34.75,35.03,138400
JOUT,20140815,26.38,26.38,25.37,26.03,22600
JRJC,20140815,45.1,46,44.4,44.5,143100
JSM,20140815,21.91,22.11,21.9,22.04,31000
JVA,20140815,6.2,6.4,6.1,6.29,80500
KALU,20140815,80.1,80.36,78.96,79.63,208300
KELYA,20140815,16.25,16.25,15.7,15.94,122600
KELYB,20140815,16.36,16.36,16.36,16.36,0
KEQU,20140815,18.46,18.46,18.2,18.45,1300
KFFB,20140815,8.25,8.4,8.25,8.35,1700
KFRC,20140815,19.05,19.07,18.27,18.62,258500
KINS,20140815,7.17,7.25,7.1,7.1,1100
KIRK,20140815,19.15,19.24,18.85,18.96,164800
KLAC,20140815,73.33,74.41,73.25,74.07,1564100
KLIC,20140815,14.33,14.49,14.15,14.3,443000
KMDA,20140815,7,7.18,7,7.04,3500
KNDI,20140815,17.55,18.09,17.31,17.73,3041500
KOPN,20140815,3.78,3.8,3.58,3.66,175600
KOSS,20140815,2.73,2.85,2.73,2.81,1000
KPTI,20140815,38.41,39.6,37.53,38.81,160300
KRNY,20140815,15.74,16.22,15.43,15.96,100400
KTCC,20140815,10.66,10.66,10.33,10.54,17500
KTOS,20140815,7.91,7.92,7.61,7.67,412400
KVHI,20140815,12.59,12.62,12.17,12.39,38900
LAKE,20140815,5.99,6.25,5.61,6.24,13400
LAMR,20140815,51.16,51.39,50.49,51.01,1012900
LANC,20140815,93.2,94.19,91.8,92.45,54900
LAND,20140815,12.77,12.77,12.5,12.71,25300
LARK,20140815,20.26,20.42,20.09,20.23,6400
LAWS,20140815,18.06,18.24,17.63,17.96,14300
LBAI,20140815,10.26,10.27,10.03,10.21,94500
LBTYA,20140815,43.67,44.16,43.58,43.76,2424200
LBTYB,20140815,46,46,46,46,100
LBTYK,20140815,41.9,42.37,41.79,42.24,1508600
LCNB,20140815,15.58,16.21,15.28,15.47,2500
LCUT,20140815,17.6,17.89,17.22,17.84,35200
LE,20140815,34.73,35.69,33.96,34.93,266900
LECO,20140815,69.8,69.8,68.42,69.17,231900
LEDS,20140815,0.8,0.83,0.72,0.75,187800
LFUS,20140815,91.31,91.31,89.11,90.26,104100
LFVN,20140815,9.24,9.24,9.03,9.03,224400
LGIH,20140815,19.21,19.3,18.61,19.19,186800
LGND,20140815,55.46,56.75,54.35,56.59,477300
LHCG,20140815,25.46,25.61,24.97,25.45,46200
LINC,20140815,2.49,2.53,2.4,2.53,126500
LIVE,20140815,4.28,4.35,4.16,4.24,401400
LJPC,20140815,9.85,10.1,9.74,9.83,74400
LKFN,20140815,25.3133,25.3333,24.6467,25.0533,55400
LKQ,20140815,26.55,26.59,26.04,26.51,1320500
LLNW,20140815,2.47,2.47,2.34,2.36,305900
LMAT,20140815,7.39,7.45,7.26,7.26,14800
LMNR,20140815,22.75,23,22.2,22.41,20700
LNDC,20140815,12.22,12.25,11.98,12.25,92700
LOAN,20140815,2.6,2.64,2.46,2.58,32400
LOCO,20140815,33.21,34.1,32.56,33.36,2861900
LOGI,20140815,14.15,14.16,13.95,14.02,255900
LOPE,20140815,42.85,43.24,42.13,42.73,223300
LORL,20140815,72.79,73.44,72.25,72.63,110800
LPCN,20140815,8.96,8.99,8.5,8.5,58300
LPLA,20140815,47.25,47.37,46.44,46.99,362000
LPSN,20140815,12.81,12.98,12.66,12.81,516800
LPTH,20140815,1.27,1.28,1.26,1.28,9700
LQDT,20140815,14.71,14.93,14.53,14.71,286100
LRCX,20140815,69.09,70.17,68.51,69.65,2570800
LSBK,20140815,12.44,12.44,12.44,12.44,0
LSCC,20140815,7.2,7.21,7.02,7.18,1044900
LSTR,20140815,67.56,67.61,66.64,67.23,229500
LTBR,20140815,166.8,166.8,159,159,47700
LTRX,20140815,1.9,1.94,1.84,1.87,30900
LULU,20140815,38.72,38.97,37.9,38.37,1585100
LUNA,20140815,1.28,1.33,1.27,1.29,22100
LWAY,20140815,13.65,13.7,13.32,13.49,9100
LXRX,20140815,10.71,11.13,10.71,11.13,610400
LYTS,20140815,7.13,7.18,6.95,7.06,31600
MACK,20140815,7.09,7.2,6.88,7.04,1140400
MANH,20140815,31.02,31.02,29.78,30.13,713400
MANT,20140815,28.1,28.47,27.68,28.04,137600
MAR,20140815,67.66,67.69,67.03,67.37,2529000
MARA,20140815,23.3,23.96,21.62,22.02,76000
MARK,20140815,6.96,7.21,6.94,7.1,1200
MARPS,20140815,16.46,16.89,16.29,16.89,1600
MASI,20140815,22.28,22.39,21.84,21.92,723200
MAT,20140815,35.38,35.5,34.79,35.08,2579400
MATW,20140815,44.95,45.35,44.65,45.32,205900
MAYS,20140815,61.4,61.4,61.4,61.4,0
MBII,20140815,5.65,5.95,5.61,5.79,186500
MBUU,20140815,19.71,19.74,19.34,19.69,62700
MBWM,20140815,19.62,19.97,19.23,19.94,45700
MCBC,20140815,5.14,5.18,5,5.03,76200
MCHP,20140815,47.32,47.68,46.85,47.37,812800
MCHX,20140815,9.39,9.55,9.17,9.24,203500
MCRI,20140815,12.46,12.46,12.01,12.16,32200
MDIV,20140815,22.1,22.2,22.06,22.15,209900
MDLZ,20140815,36,36,35.59,35.78,7733900
MDRX,20140815,14.51,14.51,14.25,14.44,1773700
MDWD,20140815,7.42,7.55,7.2,7.3,76800
MDXG,20140815,7.17,7.18,6.99,7.08,310200
MEIP,20140815,6.89,6.89,6.62,6.69,21100
MELI,20140815,112.08,112.39,109.13,109.88,589100
MEOH,20140815,65.17,67.39,65.17,66.1,1083600
MERC,20140815,10.3,10.45,10.25,10.31,227500
MGEE,20140815,39.7,39.75,39.02,39.37,75000
MGI,20140815,14.22,14.5,14.15,14.49,293400
MGIC,20140815,7.01,7.08,6.95,7.01,45900
MGLN,20140815,54.99,55.2,54.29,54.72,155200
MGNX,20140815,20.79,20.95,20.03,20.46,73300
MGPI,20140815,9.5,9.84,9.42,9.79,60200
MGRC,20140815,37.47,37.72,36.82,37.08,75100
MGYR,20140815,7.73,7.86,7.71,7.71,2600
MHLD,20140815,12.18,12.39,12,12.38,276500
MICT,20140815,2.89,2.99,2.88,2.95,26200
MIDD,20140815,88,88.19,85.7,86.72,450000
MIND,20140815,13.61,13.65,13.26,13.35,39400
MITK,20140815,3.14,3.14,3,3.05,145300
MKSI,20140815,33,33.29,32.43,32.88,350800
MKTX,20140815,57.36,57.4,55.25,57.3,290500
MLAB,20140815,72.05,72.05,71.05,71.45,5700
MLHR,20140815,29.86,29.86,29.02,29.3,187100
MLVF,20140815,10.95,11,10.95,11,1800
MMLP,20140815,41.05,41.25,40.41,40.64,135800
MMSI,20140815,12.76,12.96,12.41,12.62,146500
MMYT,20140815,28.07,28.09,26.22,26.4,602700
MNDO,20140815,2.97,3,2.9,2.95,105400
MNKD,20140815,35.35,35.55,33.3,34.3,16486900
MNOV,20140815,2,2.11,1.99,2.03,8900
MNRO,20140815,52.16,52.18,50.79,51.16,246800
MNST,20140815,30.8133,31.6433,30.01,31.1633,19691600
MNTX,20140815,12.08,12.19,11.79,11.97,133000
MOFG,20140815,24.07,24.07,23.6,23.7,19000
MORN,20140815,67.75,68.27,67,67.26,78000
MOSY,20140815,576,582,530,546,270400
MOVE,20140815,14.82,15.07,14.55,14.85,277400
MPAA,20140815,28.36,28.59,27.65,28.18,114000
MPB,20140815,16.33,16.33,16.13,16.13,1800
MPWR,20140815,44.22,44.64,43.52,44.06,231000
MRCC,20140815,13.68,13.68,13.4,13.57,20400
MRCY,20140815,11.62,11.71,11.16,11.41,64000
MRLN,20140815,19.57,19.68,19.45,19.6,43500
MRNS,20140815,32.28,32.4,32.08,32.08,3900
MRTN,20140815,13.5333,13.6733,13.1267,13.44,96900
MRTX,20140815,20.34,20.34,19.27,19.33,14500
MRVL,20140815,13.34,13.43,13.17,13.33,2851700
MSEX,20140815,20.5,20.54,20.12,20.19,38100
MSFT,20140815,44.58,44.9,44.4,44.79,41611300
MSON,20140815,6.53,6.53,6.53,6.53,0
MSTR,20140815,137.01,137.41,133.02,134.86,101000
MTBC,20140815,3.4,3.6,3.37,3.45,42900
MTEX,20140815,12.31,12.45,12.09,12.44,11400
MTLS,20140815,12,12,11.6,11.72,58200
MTRX,20140815,27.95,28.44,27.87,28.21,293500
MTSI,20140815,21.63,21.75,20.87,21.3,73000
MU,20140815,31.38,31.73,31.16,31.49,20560600
MVIS,20140815,2,2.03,1.96,1.97,192100
MYGN,20140815,36.09,36.51,35.59,36.22,1046100
MYRG,20140815,23.33,23.56,23.09,23.44,167900
NAII,20140815,5.24,5.32,5.2,5.26,6600
NATH,20140815,55.4,55.4,54.52,54.59,15000
NATI,20140815,32.67,32.75,32.04,32.51,394900
NATR,20140815,15.86,16.06,15.6,16.02,30000
NAVI,20140815,17.15,17.25,16.86,17.02,1595000
NBIX,20140815,15.53,15.7,15.06,15.46,511600
NBN,20140815,9.46,9.52,9.46,9.5,1400
NBTB,20140815,23.59,23.97,23.31,23.54,118000
NCMI,20140815,15.06,15.16,14.96,15.08,306800
NCTY,20140815,84.3,84.6,81.3,82.2,12700
NDAQ,20140815,42.32,42.41,41.71,42.12,686400
NDLS,20140815,21.25,21.87,20.66,20.98,980200
NDSN,20140815,78,78.31,76.82,77.96,196100
NECB,20140815,7.12,7.12,7.12,7.12,600
NEO,20140815,4.77,5.28,4.75,5.23,2790800
NEOG,20140815,34.1775,34.215,32.8575,33.75,191400
NEON,20140815,30,30.4,29.1,29.5,252200
NEPT,20140815,2.11,2.14,2.03,2.11,367200
NERV,20140815,7.33,7.34,6.86,7.29,62600
NETE,20140815,17.1,17.4,15.3,16.2,22000
NEWT,20140815,12.9,12.95,12,12.75,56800
NFBK,20140815,13.05,13.05,12.83,12.91,187300
NFLX,20140815,64.5786,66,64.0857,65.5843,3150500
NICE,20140815,39.04,39.05,38.18,38.2,201900
NICK,20140815,13.05,13.12,12.91,12.99,18900
NKSH,20140815,28.96,29.08,28.34,28.6,30100
NKTR,20140815,13.62,13.88,13.31,13.43,1063800
NMIH,20140815,9.97,9.98,9.53,9.83,264500
NNBR,20140815,28.16,28.16,27.22,27.71,78000
NRIM,20140815,24.66,24.66,24.16,24.3,16300
NSEC,20140815,11.6,11.7,11.6,11.7,1400
NSIT,20140815,26.65,26.83,25.91,26.41,175200
NSSC,20140815,4.99,5,4.9,4.93,14800
NSTG,20140815,12.57,12.57,11.73,12,73200
NSYS,20140815,4.9,4.96,4.88,4.96,6300
NTAP,20140815,41.37,41.67,40.88,41.36,5253100
NTCT,20140815,44.93,45,43.76,44.02,253900
NTES,20140815,17.08,17.484,17.002,17.392,560700
NTGR,20140815,33.28,33.28,32.62,32.97,202600
NTIC,20140815,9.575,9.695,9.375,9.45,4800
NTRS,20140815,67.16,67.28,66.25,66.59,998900
NTWK,20140815,3.61,3.64,3.55,3.59,85200
NUAN,20140815,16.64,16.79,16.35,16.53,3394900
NURO,20140815,58.88,61.12,55.36,57.28,106400
NUVA,20140815,36.42,36.42,34.89,35.52,243900
NVAX,20140815,94.4,95.6,89.8,92.8,3951700
NVCN,20140815,5730,6450,5730,6070,32100
NVDA,20140815,4.715,4.7875,4.67,4.76,9249300
NVEC,20140815,68.86,69.08,67.84,68.91,12000
NVEE,20140815,9.5,9.5,9,9.38,197800
NVFY,20140815,21.4,21.5,20.75,21,66300
NVMI,20140815,10.99,11.05,10.76,11.05,92100
NWBI,20140815,12.59,12.59,12.29,12.36,393500
NWFL,20140815,29.1,29.1,29.05,29.05,600
NWLI,20140815,244.49,250.8,244,250.8,8700
NWPX,20140815,36.61,36.61,35.21,35.7,41600
NWS,20140815,17.05,17.05,16.78,16.81,913200
NWSA,20140815,17.36,17.38,17.15,17.25,2948700
NXPI,20140815,64.34,64.38,62.68,63.89,2154500
NXST,20140815,45.18,45.18,43.44,43.99,555500
NYMT,20140815,8.02,8.05,7.96,8.03,696200
NYMTP,20140815,24.24,24.24,24.11,24.15,7300
NYMX,20140815,5.68,5.7,5.19,5.34,153400
OBAS,20140815,5.98,6.72,5.79,6.38,23600
OBCI,20140815,3.12,3.16,3.09,3.09,7100
OCC,20140815,4.25,4.33,4.15,4.26,30200
OCFC,20140815,16.99,16.99,16.55,16.71,35700
OCUL,20140815,14.23,14.49,13.8,14.02,10700
ODFL,20140815,65.67,65.85,64.45,64.97,320800
OFED,20140815,17.69,17.89,17.69,17.89,500
OFIX,20140815,33.83,33.99,32.84,33.31,79600
OFLX,20140815,17.56,17.75,17.01,17.65,2300
OFS,20140815,12.42,12.68,12.25,12.51,32000
OIIM,20140815,3.14,3.19,3.11,3.14,34500
OLED,20140815,33.54,33.56,32.74,33.04,468800
OMAB,20140815,34.85,35.5,34.6,34.86,14900
OMCL,20140815,27.37,27.39,26.17,26.8,245000
OMER,20140815,13.67,13.81,12.98,13.01,327700
OMEX,20140815,15.12,15.6,14.28,14.52,427100
ONB,20140815,13.31,13.33,12.96,13.1,636400
ONCY,20140815,1.33,1.33,1.25,1.28,223200
ONEQ,20140815,175.75,176.04,173.71,175.17,74900
ONTX,20140815,808.5,831,805.5,829.5,138300
OPHC,20140815,13.1,13.8,13,13,13800
OPOF,20140815,14.98,15,14.94,15,5100
ORLY,20140815,155,155,151.37,151.94,689400
ORMP,20140815,9.61,10,9.19,9.31,106000
ORRF,20140815,15.8,15.9,15.5,15.69,10300
OSBC,20140815,4.73,4.81,4.7,4.73,19400
OSIS,20140815,68.77,68.88,66.85,67,173300
OSTK,20140815,17.52,17.52,16.6,17.05,269100
OSUR,20140815,8,8.07,7.65,7.84,364900
OTEX,20140815,28.25,28.35,27.39,27.545,231200
OTIC,20140815,16.51,16.99,16,16.2,172500
OTTR,20140815,28.54,28.54,27.93,28.3,85100
OVBC,20140815,23.47,23.5,23.25,23.25,600
OVLY,20140815,10.15,10.18,10.15,10.18,800
OXBR,20140815,6.6,6.6,6.28,6.4,5200
OXBRW,20140815,1.6,1.6,1.6,1.6,100
OXLC,20140815,17.16,17.19,16.75,17.17,49500
OXLCO,20140815,24.38,24.55,24.37,24.5,1300
OXLCP,20140815,25.77,25.77,25.77,25.77,100
PAAS,20140815,14.11,14.45,14.01,14.22,1138900
PACB,20140815,5.23,5.54,5.09,5.18,876400
PACW,20140815,40.69,40.71,39.87,39.96,637200
PAHC,20140815,19.08,19.08,18.13,18.52,43100
PATK,20140815,18.9289,18.9289,18.1911,18.4133,51800
PAYX,20140815,41.95,42,41.27,41.55,1996300
PBCT,20140815,14.78,14.85,14.54,14.63,3323800
PBHC,20140815,14.93,15.16,14.31,14.32,3300
PBIP,20140815,11.6,11.8,11.6,11.8,24100
PBPB,20140815,12.43,12.47,11.94,12.12,349400
PCAR,20140815,62.63,62.92,61.75,62.19,1104400
PCH,20140815,42.52,42.52,42.03,42.3,183300
PCOM,20140815,18.76,18.8,17.76,18.14,79900
PCRX,20140815,104.54,104.54,101.34,103.01,418500
PCTI,20140815,7.58,7.68,7.55,7.58,96800
PCTY,20140815,23.3,24.78,20.69,24.34,706800
PCYG,20140815,10.2,10.43,10,10.12,45900
PCYO,20140815,6.53,6.62,6.47,6.59,13200
PDCE,20140815,56.81,57.44,56.07,56.87,649500
PDCO,20140815,39.26,39.36,38.93,39.1,641800
PDEX,20140815,2.12,2.21,2.12,2.12,6100
PDFS,20140815,19.37,19.79,19.37,19.57,178600
PEBK,20140815,16.48,16.55,16.48,16.5,3700
PEBO,20140815,23.57,23.57,23.05,23.21,24100
PEGA,20140815,22.12,22.24,21.6,21.95,303900
PENN,20140815,11,11.01,10.72,10.83,527300
PERI,20140815,20.97,21.03,20.67,21,127700
PESI,20140815,4.13,4.24,4.13,4.21,800
PETS,20140815,14.13,14.24,13.87,14.01,123400
PFBC,20140815,23.22,23.83,22.41,22.82,15800
PFIE,20140815,4.13,4.2,4.06,4.12,553200
PFIN,20140815,7.81,7.89,7.66,7.89,11500
PFIS,20140815,49.85,49.85,48.7,49.06,23600
PFLT,20140815,14.17,14.17,13.99,14.14,43800
PFMT,20140815,9.41,9.41,9.06,9.3,176000
PFSW,20140815,9.05,9.05,8.23,8.74,76100
PGC,20140815,18.97,18.97,18.45,18.62,13600
PINC,20140815,28.86,28.93,28.49,28.55,77700
PKBK,20140815,10.3091,10.3636,10.3091,10.3636,2400
PKOH,20140815,58.12,58.15,57.16,57.81,44800
PLAB,20140815,8.32,8.37,8.11,8.32,165600
PLBC,20140815,7.6,7.6,7.6,7.6,200
PLCE,20140815,49.78,49.82,49.26,49.67,362500
PLPC,20140815,59.01,59.75,53.35,56.08,20900
PLUG,20140815,6.12,6.13,5.88,5.92,14751500
PLUS,20140815,28.88,28.88,27.95,28.54,22900
PLXS,20140815,40.12,40.14,38.93,39.54,122900
PMBC,20140815,7.05,7.05,6.97,7.05,2500
PMD,20140815,14.81,14.82,14.53,14.72,8000
PME,20140815,2.39,2.39,2.15,2.25,59100
PNBK,20140815,18.2,18.4,17.7,17.8,7900
PNFP,20140815,35.74,35.83,34.73,35.21,205200
PNNT,20140815,11.72,11.74,11.66,11.73,350800
PNQI,20140815,69.5,69.64,68.53,69.12,16700
PNRG,20140815,63.62,63.62,63.62,63.62,0
PODD,20140815,34.9,35.48,34.2,34.58,334900
POOL,20140815,56.39,56.42,55.07,55.6,147300
POWI,20140815,27.875,27.91,27,27.355,228500
POWL,20140815,52.8,52.9,51.2,52.11,68300
PPBI,20140815,14.74,14.79,14.54,14.74,49200
PPC,20140815,30.73,30.91,29.95,30.37,1003900
PPSI,20140815,7.76,7.76,7.75,7.75,400
PRAA,20140815,58.34,58.34,56.35,56.92,285000
PRFT,20140815,16.97,17.11,16.68,16.8,130300
PRFZ,20140815,98.05,98.45,96.81,97.49,14800
PRGS,20140815,23.53,23.79,23.21,23.38,181300
PRIM,20140815,28.74,28.92,28.34,28.47,163700
PROV,20140815,14.77,14.79,14.57,14.76,14200
PRPH,20140815,1.6,1.6,1.59,1.59,300
PRTA,20140815,21.45,21.45,19.93,20.91,344900
PRTS,20140815,2.94,2.95,2.86,2.95,64500
PSCC,20140815,49.81,49.81,49.81,49.81,600
PSCD,20140815,46.01,46.01,45.27,45.5,9900
PSCE,20140815,47.5,47.7,47.4,47.66,2500
PSCF,20140815,38.82,38.82,38.37,38.37,1900
PSCH,20140815,56.01,56.19,55.19,55.6,12600
PSCI,20140815,43.54,43.54,42.85,43.18,4800
PSCM,20140815,46.27,46.38,45.7,45.92,14700
PSCT,20140815,45.96,46.25,45.29,45.71,10700
PSCU,20140815,35.55,35.55,35.33,35.42,3400
PSEC,20140815,10.75,10.76,10.69,10.73,3275700
PSMT,20140815,88.04,88.17,85.94,86.67,179300
PSTI,20140815,26.3,26.8,26.1,26.5,100100
PTC,20140815,38.41,38.43,37.55,37.76,652400
PTCT,20140815,32.57,33.74,32.57,33.42,523300
PTEN,20140815,33,33.23,32.43,32.88,3602200
PTNR,20140815,7.56,7.6,7.54,7.59,43200
PTSI,20140815,38,38,37.45,37.5,34800
PWOD,20140815,29.3067,30.1,29.1,29.1867,16900
PXLW,20140815,6.32,6.39,6.06,6.19,581200
PZZA,20140815,41.03,41.14,40.16,40.42,209400
QABA,20140815,34.36,34.42,33.73,34,11300
QADA,20140815,19.11,19.59,19.07,19.59,21800
QADB,20140815,15.5,15.5,15.5,15.5,400
QAT,20140815,26.33,26.33,26.33,26.33,500
QCLN,20140815,20.04,20.21,19.83,20,34700
QCOM,20140815,75.13,75.13,73.99,74.41,9794400
QCRH,20140815,17.4,17.4,17.25,17.27,4800
QDEL,20140815,24.69,24.98,23.62,23.92,173300
QIWI,20140815,36.71,37.62,35.71,37.05,568600
QLYS,20140815,25.99,26.87,25.38,25.83,231400
QNST,20140815,4.96,5.03,4.69,4.82,177700
QQEW,20140815,39.78,39.85,39.37,39.69,116700
QQQ,20140815,97.46,97.63,96.48,97.4,55205400
QQQX,20140815,19.12,19.21,18.92,19.05,72100
QQXT,20140815,37.04,37.04,36.71,36.93,15800
QRHC,20140815,33.12,33.92,32.08,33.04,77400
QTEC,20140815,40.48,40.57,40.04,40.39,41100
QTNT,20140815,9.8,9.89,9.75,9.82,3700
QUIK,20140815,47.18,48.58,46.48,46.9,437900
QUMU,20140815,13.55,14,13.5,13.58,5200
QURE,20140815,11.6,11.84,11.24,11.39,19500
QYLD,20140815,25.38,25.39,25.2,25.24,3400
RADA,20140815,2.72,2.72,2.62,2.68,1000
RAIL,20140815,27.18,27.18,26.46,26.86,58200
RAND,20140815,27.45,27.45,27.27,27.27,1900
RARE,20140815,53.7,54.98,52.46,54.01,143200
RAVN,20140815,29.84,29.84,29.04,29.72,113600
RBCAA,20140815,23.25,23.25,22.5,22.51,25000
RBCN,20140815,61.7,63.5,60.6,61.8,391500
RCII,20140815,25.04,25.28,24.55,24.8,343200
RCKY,20140815,14.44,14.61,14.29,14.52,10800
RCMT,20140815,7.17,7.2,7.1,7.18,17300
RCON,20140815,20.35,24.85,19.65,22.8,387400
RDCM,20140815,6,6,5.72,5.88,24200
RDHL,20140815,12.4,12.79,12.34,12.35,12100
RDI,20140815,8.47,8.47,8.25,8.33,30000
RDIB,20140815,9.7,9.7,9.7,9.7,0
RDNT,20140815,6.83,6.88,6.59,6.77,304100
RDUS,20140815,12.61,13.36,12,13.16,63100
RDVY,20140815,21.03,21.03,21.03,21.03,0
RDWR,20140815,16.8,16.88,16.76,16.8,170600
REFR,20140815,5.01,5.11,4.96,5.02,23300
REGI,20140815,11.65,11.78,11.37,11.64,276600
REGN,20140815,349.2,351.5,343.85,348.62,549200
RELL,20140815,10.19,10.24,10.04,10.13,16800
RENT,20140815,48.65,49.04,48.2,48.66,151600
REPH,20140815,5.91,5.91,5.69,5.71,9200
RESN,20140815,7,7.2,6.8,7,37600
RFIL,20140815,5.19,5.41,5.16,5.41,31300
RGCO,20140815,13.2867,13.2867,12.9333,13.02,7400
RGEN,20140815,19.33,19.73,18.84,19.18,480500
RGLD,20140815,79.52,79.55,77.66,79.09,661900
RGLS,20140815,83.76,86.28,82.2,84.24,31500
RIBT,20140815,4.8,5.2,4.76,4.79,116800
RICK,20140815,11.55,11.64,11.25,11.35,44200
RIGL,20140815,2.81,2.81,2.66,2.73,365600
RMBS,20140815,11.92,11.99,11.63,11.83,371400
RMCF,20140815,12.7,12.7,12.54,12.64,5800
RMTI,20140815,10.39,10.57,10.1,10.24,266100
RNA,20140815,10.16,10.3,9.73,9.94,44800
RNST,20140815,29,29,28.18,28.34,103500
RNWK,20140815,7.89,7.89,7.58,7.6,201200
ROCK,20140815,16.2,16.2,15.59,15.78,84500
ROIC,20140815,15.76,15.76,15.46,15.59,984000
ROLL,20140815,59.06,60.2,58.53,59.28,146300
ROST,20140815,33.255,33.285,32.585,32.775,1269800
RPRX,20140815,14.19,14.79,14.1,14.56,256300
RRGB,20140815,52.93,54.98,52.83,54.9,978100
RUSHA,20140815,24.66,24.72,24.0467,24.1467,98400
RUSHB,20140815,21.5067,21.5067,21.3,21.38,800
RUTH,20140815,10.8,11.03,10.7,10.95,240700
RVNC,20140815,25.32,25.88,24.4,25.13,111000
RVSB,20140815,3.71,3.74,3.69,3.74,18100
RXDX,20140815,7.6,7.62,7.47,7.5,11700
RYAAY,20140815,53.65,53.74,52.82,53.65,207000
SABR,20140815,18.33,18.56,18.32,18.5,589700
SAFM,20140815,94.28,95.75,93.6,95.01,316100
SAFT,20140815,54.86,54.89,53.53,54.19,50700
SAGE,20140815,28.34,28.99,26.53,27.28,28600
SAIA,20140815,48.3,48.3,46.87,48,151400
SAL,20140815,28.02,30.04,27.65,27.9,16400
SALM,20140815,8.35,8.44,8.26,8.34,23700
SAMG,20140815,16.2,16.68,15.85,16.41,29700
SANM,20140815,23.85,24.36,23.62,23.86,976200
SANW,20140815,6.22,6.23,6.09,6.18,18300
SASR,20140815,23.92,23.92,22.91,23.43,47000
SATS,20140815,39.715,39.9344,38.9675,39.2844,223000
SBAC,20140815,110.15,110.15,107.95,108.57,961600
SBCF,20140815,10.23,10.23,10.03,10.1,77000
SBFG,20140815,8.65,8.65,8.55,8.58,5900
SBGI,20140815,30.11,30.11,28.9,29.01,2484300
SBLK,20140815,61.45,63.7,60.7,63.35,237300
SBNY,20140815,114.68,115.18,113,114.06,245800
SBRA,20140815,27.94,28.06,27.68,27.81,305700
SBSI,20140815,30.12,30.31,30,30.22,82900
SBUX,20140815,38.61,38.64,38.185,38.455,4045000
SCHL,20140815,36.32,36.32,35.4,35.54,114400
SCHN,20140815,27.51,27.54,26.98,27.29,176600
SCOR,20140815,38.81,39.32,38.67,39.19,347900
SCSC,20140815,38,38,37.35,37.9,103100
SCVL,20140815,19.82,20.06,19.66,19.95,127800
SCYX,20140815,67,67.9,64,65,3200
SEAC,20140815,7.35,7.47,7.18,7.33,373500
SEED,20140815,20.1,20.1,19.2,19.4,60500
SEIC,20140815,36.43,36.43,35.93,36.16,497500
SENEA,20140815,30.33,30.33,29.76,29.9,18500
SENEB,20140815,30.5,30.5,30.5,30.5,0
SFBC,20140815,18.04,18.04,18.04,18.04,100
SFM,20140815,30.18,30.23,29.44,29.5,1350500
SFNC,20140815,19.6,19.805,18.965,19.24,65300
SFST,20140815,14.08,14.09,13.89,14.02,3100
SGC,20140815,21.74,22.35,21.56,22,18900
SGEN,20140815,42.78,42.86,41.36,42.23,825800
SGMA,20140815,11.26,11.41,11.25,11.41,4900
SGMO,20140815,14.12,14.24,13.71,14.01,735300
SGMS,20140815,8.52,9.17,8.5,9.15,3114200
SGOC,20140815,5.96,6.16,5.84,5.96,13000
SGRP,20140815,1.48,1.48,1.4,1.4,28800
SHBI,20140815,8.77,8.98,8.77,8.77,12900
SHEN,20140815,14.195,14.32,13.615,13.85,55700
SHIP,20140815,1668,1764,1656,1716,6000
SHOO,20140815,22.66,22.7667,21.8067,22.0667,747800
SHY,20140815,84.59,84.68,84.58,84.62,911200
SIEB,20140815,2.34,2.34,2.14,2.14,27900
SIFY,20140815,2.02,2.04,2,2,69100
SIGA,20140815,1.4,1.4,1.31,1.32,352000
SIGI,20140815,23.93,24.06,23.34,23.68,159400
SILC,20140815,27.67,27.95,26.81,27.03,23000
SIMO,20140815,26.32,27.22,26.21,27.03,688000
SINO,20140815,7.1,7.5,6.9,7.5,18100
SIRI,20140815,3.55,3.58,3.53,3.55,53874700
SIVB,20140815,107.27,108.08,105.8,106.53,398600
SKYW,20140815,9.55,9.7,9.3,9.39,416200
SKYY,20140815,27.43,27.43,27.01,27.22,30900
SLAB,20140815,42.83,42.98,41.87,42.31,381600
SLCT,20140815,7,7.4,6.98,7.4,3300
SLGN,20140815,24.9,24.995,24.555,24.775,236700
SLM,20140815,8.9,8.92,8.74,8.86,2680300
SLMBP,20140815,76.05,76.05,76.05,76.05,0
SLP,20140815,6.64,6.75,6.64,6.74,9200
SLRC,20140815,19.82,19.92,19.58,19.72,217300
SLVO,20140815,14.47,14.55,14.41,14.5,86200
SMBC,20140815,17.4,17.4,17.4,17.4,0
SMCI,20140815,25.78,25.87,25,25.32,394200
SMED,20140815,4.65,4.69,4.57,4.64,29100
SMIT,20140815,2.78,2.78,2.78,2.78,500
SMLR,20140815,3.7,3.7,3.33,3.34,18600
SMMF,20140815,10.13,10.13,10.05,10.05,3800
SMPL,20140815,16.19,16.45,16,16.23,7400
SMSI,20140815,4,4.12,3.96,4.08,139900
SMTC,20140815,23.6,23.83,23.13,23.47,324300
SNCR,20140815,39.37,40.01,39.24,39.96,383600
SNFCA,20140815,4.68,4.7,4.4,4.63,51000
SNPS,20140815,39.14,39.18,38.49,38.78,309100
SOCL,20140815,20.35,20.49,20.16,20.34,108800
SOHO,20140815,8.23,8.23,8.13,8.15,11900
SOHU,20140815,58,59.2,57.52,58.32,241000
SOXX,20140815,84.89,85.38,84.11,85.09,207500
SP,20140815,22.15,22.32,21.78,21.92,65000
SPBC,20140815,29,29.03,29,29,2300
SPCB,20140815,10.6,11.34,10.57,11.04,215300
SPLK,20140815,42.97,43.47,42.4,42.75,1742000
SPNS,20140815,7.97,7.97,7.7,7.85,61700
SPOK,20140815,15.1,15.3,14.5,14.9,65100
SPPI,20140815,8.12,8.17,7.95,8.04,699000
SPRO,20140815,1.88,2.21,1.88,2.02,21600
SPSC,20140815,54.71,55.26,53.22,53.61,91800
SPTN,20140815,21.63,21.63,20.7,20.86,223900
SPWH,20140815,6.16,6.18,5.89,6.05,378800
SPWR,20140815,35.38,35.99,35.31,35.79,1466600
SQQQ,20140815,3045.6,3138.4,3029.6,3051.2,6002900
SRCE,20140815,29.87,30.14,29.5,29.87,52100
SRCL,20140815,119.58,119.62,118.03,118.62,298700
SRDX,20140815,20.62,20.62,19.73,20.17,47900
SREV,20140815,3.54,3.55,3.4,3.41,473500
SRNE,20140815,5.41,5.85,5.41,5.74,41900
SRPT,20140815,22.48,22.93,21.78,22.47,783000
SSB,20140815,58.76,58.76,56.79,57.15,78800
SSBI,20140815,12.77,12.9,12.75,12.81,11600
SSNC,20140815,44.75,44.88,43.64,44.29,188400
SSYS,20140815,109.71,110.86,107.53,109.24,698400
STAA,20140815,11.34,11.83,11.18,11.61,338700
STBA,20140815,24.88,25,24.13,24.46,79300
STFC,20140815,21.82,21.82,20.98,21.23,29700
STKL,20140815,13.89,13.89,13.51,13.52,194900
STLD,20140815,22.18,22.23,22.02,22.11,4159700
STRA,20140815,58.93,59.34,58.29,58.88,142700
STRL,20140815,9.08,9.12,8.88,9.01,168100
STRM,20140815,4.55,4.65,4.44,4.52,7000
STRN,20140815,5.3,5.33,5.04,5.04,8100
STRS,20140815,13.96,15.71,13.96,15.49,3000
STRT,20140815,69.14,69.71,67.4,69,29700
STX,20140815,58.85,59,58.16,58.75,2364300
SUMR,20140815,31.5,34.11,29.25,34.02,298800
SUNS,20140815,16.22,16.28,16.1,16.13,51300
SUPN,20140815,9.44,9.6,8.88,9,675100
SURG,20140815,3.07,3.09,3.01,3.01,8600
SVBI,20140815,4.57,4.69,4.45,4.53,3200
SVVC,20140815,22.33,22.39,21.98,22.29,23500
SWIR,20140815,23,23.86,22.16,23.52,1035900
SWKS,20140815,53.93,54.88,53.5,54.39,2909500
SYBT,20140815,19.8667,19.8667,19.6133,19.7067,30200
SYNA,20140815,81.07,82.2,79.21,80.35,526400
SYNL,20140815,17,17,16.73,16.99,3800
SYPR,20140815,4.03,4.13,4,4.05,41200
TACT,20140815,7.33,7.49,7.33,7.34,14300
TAIT,20140815,1,1,1,1,0
TAST,20140815,6.95,6.99,6.66,6.69,238600
TATT,20140815,7.79,7.79,7.65,7.65,600
TAYD,20140815,8.42,8.5,8.42,8.47,500
TBBK,20140815,8.7,8.79,8.47,8.71,473100
TBNK,20140815,20.78,20.78,20.11,20.34,35700
TBPH,20140815,29.57,29.57,26.9,27.44,171600
TCBI,20140815,52.47,52.47,50.92,51.42,286700
TCBK,20140815,22.87,22.93,22.29,22.32,135700
TCFC,20140815,21.54,21.74,21.54,21.54,300
TCPC,20140815,17.12,17.24,17,17.15,173300
TCX,20140815,15.99,16.15,15.82,15.97,22700
TDIV,20140815,27.18,27.2,26.92,27.15,105100
TECH,20140815,96.98,97,95.34,96.19,184300
TEDU,20140815,15,15.19,13.76,13.95,502900
TESS,20140815,31.55,31.78,30.32,30.45,22200
TFSL,20140815,13.52,13.54,13.38,13.5,212400
TGA,20140815,6.27,6.47,6.25,6.39,150300
TGLS,20140815,10.95,10.95,10.95,10.95,100
TGTX,20140815,7.82,8,7.49,7.92,293600
THFF,20140815,32.18,32.18,30.95,31.26,37000
THRM,20140815,47.3,47.4,46.3,46.44,487900
THRX,20140815,22.98,23.25,22.28,22.7,413600
TIGR,20140815,1.35,1.35,1.2,1.2,38500
TILE,20140815,17.51,17.6,16.95,17.1,233600
TIPT,20140815,7.19,7.19,6.98,7.09,9100
TITN,20140815,13.48,13.83,13.31,13.34,140100
TLT,20140815,116.71,118.36,116.69,117.71,17606600
TNDM,20140815,14.31,14.37,13.87,14.03,80400
TNXP,20140815,14240,14500,13080,14090,163700
TOPS,20140815,1860000,1880000,1840000,1880000,90300
TOUR,20140815,21.15,21.53,20.65,20.94,573300
TOWN,20140815,15.08,15.08,14.44,14.75,82300
TQQQ,20140815,13.825,13.8967,13.4117,13.79,3252700
TREE,20140815,27.09,27.65,27.01,27.65,139900
TRIB,20140815,20.94,21.2,20.54,20.89,77200
TRIP,20140815,98.25,98.5,95.78,97.1,1355400
TRMB,20140815,33.83,33.9,33.31,33.66,1303000
TRMK,20140815,23.64,23.68,23.12,23.34,479800
TRNS,20140815,9,9.02,8.76,8.97,15600
TROW,20140815,78.73,78.97,77.35,77.75,2140400
TRS,20140815,32.71,32.96,32.45,32.65,378300
TRST,20140815,6.93,6.94,6.74,6.81,376600
TRUE,20140815,16.98,16.98,15.36,15.76,923300
TRVN,20140815,6.28,6.56,5.99,6.52,42700
TSBK,20140815,10.5,10.6,10.47,10.5,4100
TSC,20140815,9.64,9.71,9.12,9.41,87500
TSCO,20140815,62.41,62.46,60.65,61.3,1041500
TSEM,20140815,10.1,10.21,9.85,10.07,299400
TSLA,20140815,52.296,52.418,51.7,52.402,3867800
TSRI,20140815,3.12,3.16,3.12,3.16,200
TTEC,20140815,26.83,26.83,26.24,26.61,187700
TTEK,20140815,25.61,26.06,25.25,25.35,623200
TTGT,20140815,8.48,8.54,8.17,8.23,128300
TTMI,20140815,7.52,7.52,7.34,7.46,265800
TTOO,20140815,17.29,17.33,16.6,17,35800
TTWO,20140815,22.27,22.27,21.67,21.7,2751100
TW,20140815,109.68,109.95,108.51,108.78,360100
TWIN,20140815,33.34,33.34,32.19,32.52,35000
TWOU,20140815,18.29,18.29,17.01,17.87,82600
TXN,20140815,47.65,47.73,46.99,47.56,5854000
TXRH,20140815,25.79,25.79,25.12,25.29,465300
TZOO,20140815,17.35,17.35,16.99,17.15,54300
UAE,20140815,23.98,23.98,23.97,23.97,97600
UBCP,20140815,8,8.19,8,8.01,12400
UBFO,20140815,5.85,5.9,5.8,5.82,4400
UBOH,20140815,14.94,14.94,14.75,14.75,200
UBSI,20140815,32.39,32.39,31.5,31.85,240700
UCBI,20140815,16.06,16.15,15.57,15.79,215300
UCTT,20140815,10.02,10.28,10.02,10.16,320700
UEIC,20140815,53.42,53.54,52.01,52.94,146700
UEPS,20140815,11.01,11.22,11,11.19,150600
UFCS,20140815,29.74,29.8,28.97,29.52,74900
UFPI,20140815,47.16,47.43,45.85,46.59,66200
UFPT,20140815,24.23,24.23,22.82,23.11,67700
UG,20140815,21.69,21.78,21.19,21.78,8500
UHAL,20140815,274.54,276.99,268.16,274.8,27200
UIHC,20140815,15.59,15.59,15.03,15.23,127600
ULBI,20140815,3.31,3.36,3.28,3.28,10500
ULTA,20140815,94.37,94.5,91.9,93.24,610900
UMBF,20140815,57.42,57.86,55.86,56.42,133400
UMPQ,20140815,17.06,17.06,16.67,16.82,1627000
UNAM,20140815,12.19,12.5,12,12.3,3600
UNB,20140815,24.9,24.9,24.37,24.37,300
UNTY,20140815,8.85,9,8.82,8.85,11200
URBN,20140815,36.38,36.42,35.61,36.05,1865800
USAK,20140815,18.25,18.25,17.7,17.82,25100
USAP,20140815,30.86,31.6,30.64,30.7,21100
USEG,20140815,242.4,243.6,237.6,241.2,140700
USLM,20140815,57.72,57.84,57.11,57.5,8100
UTHR,20140815,90.08,91.99,89.85,91.79,571300
UTMD,20140815,51.37,52.16,50.91,51.83,4000
UTSI,20140815,2.72,2.8,2.7,2.78,20300
UVSP,20140815,19.75,19.75,19.15,19.37,28200
VALU,20140815,16,16.01,15.75,16.01,8300
VBFC,20140815,25.77,25.77,25.77,25.77,0
VBIV,20140815,3.2,3.2,3.2,3.2,0
VCIT,20140815,86.78,87.25,86.77,87.04,185100
VCLT,20140815,90.93,91.61,90.86,91.16,104400
VCSH,20140815,80.35,80.41,80.31,80.36,366700
VCYT,20140815,13.46,13.46,12.25,12.84,207000
VECO,20140815,35.08,35.97,34.77,35.09,365600
VGIT,20140815,64.19,64.37,64.16,64.31,107600
VGLT,20140815,72.83,73.6,72.83,73.22,22500
VGSH,20140815,61,61.04,60.98,61.01,173200
VIA,20140815,81.39,81.57,80.85,81.52,10400
VICR,20140815,8,8.09,7.66,7.77,50300
VIEW,20140815,1.97,1.99,1.91,1.92,41200
VIRC,20140815,2.75,2.94,2.74,2.93,17200
VIVO,20140815,20.38,20.49,19.81,20.07,178800
VLGEA,20140815,20.5,20.5,19.22,19.22,50500
VMBS,20140815,52.67,52.74,52.58,52.69,1218900
VNDA,20140815,13.7,13.74,13.21,13.66,810000
VNET,20140815,28.09,29.15,27.79,28.46,581800
VNOM,20140815,31.52,31.56,30.85,31.39,2800
VNQI,20140815,59.15,59.17,58.56,58.91,91800
VOD,20140815,33.08,33.18,32.8,33.14,6391300
VONE,20140815,90.76,90.76,89.86,90.17,10200
VONG,20140815,93.56,93.63,92.76,93.34,20800
VONV,20140815,87.97,87.97,87.07,87.58,13400
VOXX,20140815,9.73,9.82,9.36,9.45,142500
VRA,20140815,19.2,19.23,18.75,19.21,288700
VRNS,20140815,19.74,19.74,19.21,19.44,224500
VRNT,20140815,49.47,49.48,48.2,48.63,339700
VRSK,20140815,63.11,63.11,62.36,62.69,1238500
VRSN,20140815,55.74,56.32,55.46,55.74,1146400
VRTS,20140815,211.75,211.75,204.44,206.97,43800
VRTX,20140815,90.87,91.85,89.55,90.88,1053200
VSAT,20140815,53.15,54.57,53.01,54.47,713700
VSEC,20140815,30.435,30.435,29.44,29.945,10800
VSTM,20140815,9.34,9.59,8.95,8.99,199200
VTHR,20140815,90.05,90.3,90.05,90.3,300
VTIP,20140815,50.03,50.09,50.02,50.04,61000
VTNR,20140815,8.42,8.56,7.74,7.86,508200
VTWG,20140815,97.61,97.61,96.19,96.62,7000
VTWO,20140815,91.68,91.86,90.19,91.13,29700
VTWV,20140815,86.21,86.21,84.76,85.43,4900
VWOB,20140815,80.55,80.7,80.3,80.32,22600
VXUS,20140815,53.66,53.67,52.93,53.32,213200
WABC,20140815,48.27,48.36,47.06,47.48,186800
WAFD,20140815,21.4,21.4,20.72,20.94,479500
WASH,20140815,33.89,34.47,33.51,34.02,29400
WATT,20140815,11.55,12,11.31,11.96,41400
WB,20140815,20.33,20.6,19.8,19.95,2847100
WDAY,20140815,86.99,87.8,85.63,86.54,895700
WDC,20140815,101,101.31,99.48,100.62,1587600
WDFC,20140815,70.15,70.26,68.72,68.89,65400
WEN,20140815,8.17,8.19,8,8.09,4847700
WERN,20140815,25.24,25.32,24.41,24.61,1139500
WETF,20140815,10.41,10.41,9.99,10.29,1528900
WEYS,20140815,27.25,27.25,26.33,26.79,18100
WHF,20140815,14.19,14.25,14.01,14.15,23100
WHLM,20140815,6.13,6.49,6.13,6.3,2000
WHLR,20140815,40.08,40.08,38.32,39.04,11000
WHLRP,20140815,24.95,25.05,24.76,24.77,3000
WILC,20140815,7.14,7.3,7.14,7.3,22000
WINA,20140815,69.13,69.75,68.02,68.26,6500
WIRE,20140815,42.26,42.51,41.82,42.14,81900
WIX,20140815,16.79,16.88,16.34,16.74,103000
WLDN,20140815,10.59,10.64,9.85,10.48,264800
WLFC,20140815,23.3,23.5,22.87,23.3,26300
WOOD,20140815,50.58,50.59,50.12,50.31,9800
WOOF,20140815,38.55,38.73,38.03,38.22,248900
WPRT,20140815,14.55,14.77,14.26,14.42,445800
WRLD,20140815,82.3,84.08,82.29,83.92,83100
WSBC,20140815,30.79,30.92,29.56,30.09,87200
WSBF,20140815,11.35,11.4,11.14,11.25,69500
WSFS,20140815,24.5233,24.73,23.9533,24.2,33600
WSTG,20140815,15.56,15.56,15,15.34,12000
WTBA,20140815,15,15,14.6,14.65,33300
WTFC,20140815,46.01,46.01,44.82,45.21,321300
WVFC,20140815,10.85,10.86,10.85,10.85,5000
WVVI,20140815,5.72,5.72,5.71,5.71,400
WWD,20140815,51.83,51.83,50.88,51.4,266200
WYNN,20140815,202.99,203.68,198.8,201.33,1015600
XENT,20140815,14.12,15.6,13.75,15.05,230600
XLNX,20140815,41.99,42.5,41.64,42.13,3695000
XLRN,20140815,30.18,30.18,28.78,29.81,140200
XNCR,20140815,9.99,9.99,9.52,9.8,109400
XNET,20140815,12.47,12.47,12.1,12.11,230100
XOMA,20140815,86.4,88.6,83.6,86,1684000
XONE,20140815,29.38,29.63,27.33,27.61,706800
XRAY,20140815,47.76,47.86,47,47.34,744300
XTLB,20140815,12,12,11.75,11.75,2800
YNDX,20140815,29.24,29.4,28.06,28.41,4231700
YORW,20140815,19.67,19.67,19.29,19.52,19700
YY,20140815,88,88.49,86.51,87.4,1265600
Z,20140815,135.25,140.19,134.28,138.88,1746900
ZBRA,20140815,74.92,75.46,74.45,75.14,284000
ZEUS,20140815,23.61,23.92,23,23.18,29300
ZGNX,20140815,10.88,10.88,10,10.24,2730300
ZION,20140815,28.31,28.35,27.94,28.11,1564800
ZIOP,20140815,3.42,3.44,3.25,3.32,463400
ZIXI,20140815,3.8,3.8,3.63,3.69,369500
ZNGA,20140815,2.88,2.92,2.83,2.91,12125400
ZUMZ,20140815,29.25,29.46,28.48,29.12,397200
