AAL,20140828,38.71,39.4,38.7,39.17,3888900
AAME,20140828,4.13,4.14,4.13,4.14,1300
AAOI,20140828,21.17,22.26,21.06,21.67,374100
AAON,20140828,19.26,19.26,18.36,18.44,79100
AAPL,20140828,25.3975,25.695,25.39,25.5625,68459800
AAWW,20140828,33.5,33.54,32.8,32.96,137600
AAXJ,20140828,65.5,65.72,65.46,65.7,254400
ABCB,20140828,23.48,23.48,22.82,22.84,45700
ABIO,20140828,180.18,180.18,173.88,176.4,60900
ABMD,20140828,26.1,26.13,25.79,26.07,180700
ACAD,20140828,23.41,24.02,23.33,23.61,560200
ACET,20140828,19.17,19.27,18.85,18.86,113100
ACGL,20140828,18.4633,18.5867,18.4633,18.4767,294800
ACHC,20140828,51.66,52.14,51.04,51.54,345500
ACIW,20140828,19.34,19.41,19.14,19.25,333500
ACLS,20140828,8.08,8.12,7.8,8,378600
ACNB,20140828,19.06,19.07,19.05,19.07,1400
ACOR,20140828,32.9,33.19,32.15,32.29,240200
ACRX,20140828,7.23,7.49,6.96,7.12,773200
ACST,20140828,9.4,9.7,9.4,9.6,90100
ACTG,20140828,17.52,17.89,17.52,17.71,323000
ACWI,20140828,60.64,60.82,60.6,60.81,1099200
ACWX,20140828,47.71,47.8,47.66,47.78,211500
ADBE,20140828,71.23,71.72,70.86,71.37,1062800
ADES,20140828,20.3,21.16,20.13,20.55,171600
ADI,20140828,50.95,51.4,50.71,51.29,2094800
ADMP,20140828,3.93,4,3.83,3.95,55700
ADMS,20140828,18.08,18.11,17.66,17.99,9600
ADP,20140828,72.8974,73.5032,72.8974,73.3098,832200
ADRE,20140828,42.91,43.17,42.91,43.13,23500
ADSK,20140828,53.57,54.27,53.31,54,1250600
ADTN,20140828,22.98,23.02,22.78,22.95,172800
ADUS,20140828,21.74,22.01,21.73,21.86,24700
ADXS,20140828,57.45,57.45,53.25,55.95,288900
AEHR,20140828,2.64,2.69,2.37,2.54,32900
AEIS,20140828,19.14,19.23,18.9,19.02,262800
AERI,20140828,17.13,17.49,16.69,16.81,131500
AEY,20140828,2.38,2.4,2.38,2.38,1500
AEZS,20140828,133,142,133,140,3492800
AGEN,20140828,3.18,3.2,3.1,3.15,320100
AGIO,20140828,45.6,46.56,44.81,45.01,199500
AGNC,20140828,23.5,23.57,23.45,23.51,1341300
AGNCP,20140828,25.92,26.29,25.92,26.29,30300
AGRX,20140828,7.57,7.9,7.45,7.7,18100
AGTC,20140828,18.67,19.09,18.19,18.38,47700
AGYS,20140828,12.45,12.45,12.35,12.45,33600
AGZD,20140828,50.07,50.07,50.07,50.07,0
AHPI,20140828,2.15,2.15,2.07,2.08,7800
AIMC,20140828,33.82,33.82,33.05,33.13,132900
AINV,20140828,26.04,26.28,25.89,26.25,1351500
AIQ,20140828,28.03,28.22,26.88,27.19,33600
AIRR,20140828,19.34,19.34,19.25,19.3,55300
AIRT,20140828,11.48,11.96,11.48,11.55,9200
AKAM,20140828,60.18,60.42,59.83,60.02,1232500
AKBA,20140828,22.32,22.72,21.81,21.85,76400
ALCO,20140828,38.45,38.67,38.22,38.58,17700
ALDX,20140828,3.43,3.55,3.31,3.35,1800
ALGN,20140828,55.22,55.22,54.72,54.79,308900
ALGT,20140828,123.8,125,122.34,123.33,80100
ALIM,20140828,5.88,6.33,5.78,6.25,141000
ALKS,20140828,45.05,45.54,44.43,44.48,323700
ALLT,20140828,10.47,10.59,10.28,10.48,191500
ALNY,20140828,67.69,69.3,67.01,68.46,535900
ALOT,20140828,13.25,13.25,13.1,13.14,1100
ALTR,20140828,34.57,35.15,34.57,35.14,2175800
AMAT,20140828,22.48,22.84,22.48,22.8,9035000
AMBA,20140828,32.7,33.32,31.37,32.82,867100
AMCX,20140828,63.11,63.57,62.82,62.94,282700
AMD,20140828,4.14,4.19,4.07,4.14,10332100
AMED,20140828,20.76,20.98,20.52,20.76,187700
AMGN,20140828,137.65,139.38,137.29,138.69,3902300
AMKR,20140828,10.3,10.33,10.18,10.25,874600
AMNB,20140828,21.99,22.27,21.89,21.91,13000
AMOT,20140828,16,16.17,15.79,16.14,20600
AMPH,20140828,11.41,11.72,11.39,11.58,50600
AMRK,20140828,11.61,11.61,11.61,11.61,600
AMRN,20140828,1.92,1.95,1.89,1.92,2026200
AMRS,20140828,64.95,65.1,61.5,61.5,165200
AMSC,20140828,17.6,17.9,17.5,17.6,291200
AMSF,20140828,37.6,37.6,37.15,37.22,22500
AMSWA,20140828,9.13,9.22,9.05,9.06,24100
AMTX,20140828,9.41,9.75,9.25,9.49,73900
AMWD,20140828,37.69,38.5,37.68,38.43,114800
AMZN,20140828,340,341.79,338.8,340.02,2254700
ANAT,20140828,113.37,114.99,113.37,114.87,24500
ANDE,20140828,66.81,67.56,65.91,67.17,163900
ANGI,20140828,7.72,7.8,7.52,7.61,949900
ANGO,20140828,13.86,14.1,13.8,13.96,63500
ANIK,20140828,41.78,41.91,41.51,41.89,228900
ANIP,20140828,29.54,29.98,28.7,29.61,119200
ANSS,20140828,81.04,81.78,80.42,80.63,358500
ANY,20140828,7,7.15,6.92,6.98,26500
AOSL,20140828,9.23,9.3,9.18,9.24,44200
APEI,20140828,30.41,30.42,29.95,29.98,53200
APOG,20140828,36.01,36.28,35.67,36.12,125100
APWC,20140828,2.35,2.38,2.35,2.35,10500
ARAY,20140828,8.1,8.13,7.84,7.93,987800
ARCB,20140828,36.4,36.52,35.77,35.87,243600
ARCC,20140828,17.06,17.11,16.97,17.1,1188800
ARDX,20140828,13.96,14.99,13.64,14.93,19500
ARKR,20140828,22.12,22.12,22.02,22.1,3500
ARLP,20140828,49.27,50.3,48.89,49.45,240000
ARNA,20140828,42.1,42.5,41.1,41.2,2753600
AROW,20140828,26.44,26.81,26.44,26.58,25600
ARRY,20140828,3.98,4.03,3.85,3.87,1031200
ARTNA,20140828,20.9,21.06,20.8,20.83,29500
ARTW,20140828,5.34,5.35,5.19,5.34,2100
ARWR,20140828,14.46,14.83,14.11,14.14,3591000
ASMB,20140828,7.15,7.38,7.15,7.3,4600
ASML,20140828,95.27,96.23,95,95.94,771500
ASPS,20140828,95.51,96.19,94.37,95.64,206300
ASRV,20140828,3.25,3.31,3.25,3.25,71300
ASTC,20140828,2.93,2.97,2.91,2.94,47700
ASTE,20140828,41.47,41.99,41.18,41.64,56000
ASUR,20140828,5.09,5.25,5.08,5.21,2200
ASYS,20140828,10.52,10.65,10.46,10.57,13000
ATAI,20140828,4.64,4.64,4.64,4.64,0
ATAX,20140828,6.04,6.08,6,6.01,78200
ATEC,20140828,19.2,19.56,19.2,19.32,264700
ATHX,20140828,1.4,1.41,1.37,1.38,247000
ATLC,20140828,2.67,2.67,2.67,2.67,0
ATLO,20140828,22.63,23.13,22.63,23,18600
ATNI,20140828,58.86,59.3,58.84,58.9,43400
ATOS,20140828,333,345.6,333,343.8,200900
ATRC,20140828,16.04,16.05,15.6,15.61,48300
ATRI,20140828,319,322.93,319,322.2,1500
ATRO,20140828,63.41,63.69,62.66,62.95,86800
ATRS,20140828,2.09,2.15,2.07,2.13,1225000
ATSG,20140828,8.19,8.37,8.04,8.1,170200
ATVI,20140828,23.04,23.37,23.03,23.35,3419400
AUBN,20140828,23.7,23.7,23.7,23.7,200
AUDC,20140828,5.44,5.64,5.43,5.61,188300
AVAV,20140828,31.31,31.7,31.1,31.35,110100
AVEO,20140828,13.1,13.1,12.2,12.9,331400
AVGO,20140828,75.54,76.49,74.95,76.36,1858600
AVNW,20140828,16.92,17.64,16.92,17.64,109400
AWRE,20140828,4.11,4.14,4.06,4.1,47500
AXDX,20140828,20.89,20.89,20.11,20.33,112700
AXGN,20140828,2.56,2.58,2.54,2.55,2600
AXTI,20140828,2.41,2.41,2.39,2.4,18400
AZPN,20140828,42.33,42.62,41.83,41.96,532200
BANF,20140828,63.5,63.81,63.18,63.43,9300
BANFP,20140828,28.45,31.5,28.4,29.54,65500
BANR,20140828,39.83,39.83,39.13,39.24,45900
BANX,20140828,24.95,25.29,24.95,25.06,15600
BBBY,20140828,63.96,64.5,63.16,64.31,2408200
BBGI,20140828,6.28,6.32,6.01,6.11,8600
BBSI,20140828,61.2,61.24,59.31,59.77,96900
BCBP,20140828,12.93,12.93,12.93,12.93,0
BCOR,20140828,15.49,15.78,15.49,15.54,302300
BCOV,20140828,6.16,6.16,6.01,6.03,341700
BCPC,20140828,51.97,52.02,50.97,51.05,83100
BCRX,20140828,13.73,13.93,13.17,13.21,676700
BDSI,20140828,15.51,16.15,15.4,15.67,1506100
BEAT,20140828,7.24,7.33,7.11,7.15,187800
BECN,20140828,28.5,28.7,28.33,28.35,255800
BELFA,20140828,22.5,22.5,22.15,22.33,1800
BELFB,20140828,23.54,23.54,22.65,22.98,53400
BFIN,20140828,10.51,10.7,10.51,10.65,21000
BGCP,20140828,7.62,7.62,7.48,7.49,597700
BGFV,20140828,10.25,10.38,10.14,10.15,114500
BIB,20140828,52.235,53.25,52,52.26,159600
BICK,20140828,27.34,27.44,27.34,27.44,200
BIDU,20140828,214.07,214.74,211.26,213.81,2599300
BIIB,20140828,315.3148,316.7056,312.7356,314.32,644800
BIOC,20140828,126,126,114.6,118.8,15400
BIOL,20140828,10.75,10.75,10.6,10.65,76500
BIS,20140828,12.28,12.28,11.95,12.18,368900
BJRI,20140828,37.43,37.47,36.78,37.19,242300
BKCC,20140828,9.18,9.29,9.17,9.25,231300
BKEP,20140828,8.67,8.67,8.6,8.67,27100
BKEPP,20140828,10.01,10.18,9.96,10.05,19400
BKSC,20140828,14.8,14.8,14.8,14.8,100
BLDP,20140828,3.81,3.83,3.75,3.78,814300
BLFS,20140828,2.29,2.49,2.23,2.34,63000
BLIN,20140828,185,197.5,185,195,122900
BLKB,20140828,38.55,38.76,38.3,38.59,127300
BLMN,20140828,16.28,16.71,16.25,16.64,939700
BLRX,20140828,25.05,25.5,24.15,24.9,95000
BLUE,20140828,37.24,38.87,36.92,36.98,222400
BMRC,20140828,23.845,24,23.7,23.78,6600
BMRN,20140828,69.91,71.1,69.55,69.62,764700
BMTC,20140828,29.61,29.88,29.32,29.44,13300
BNDX,20140828,52.27,52.29,52.23,52.25,197600
BNFT,20140828,33.63,34.23,33.15,33.4,77400
BNSO,20140828,1.66,1.66,1.63,1.63,8400
BOKF,20140828,67.39,67.51,66.77,67.06,54200
BOLT,20140828,16.79,16.92,16.79,16.89,14100
BOOM,20140828,19.83,19.98,19.55,19.9,39300
BOSC,20140828,3.28,3.34,3.28,3.33,4500
BOTJ,20140828,8.95,8.95,8.95,8.95,0
BPOP,20140828,30.86,31.03,30.6,30.77,376300
BPOPM,20140828,19.8,20,19.8,20,1800
BPOPN,20140828,21.85,21.9,21.54,21.9,5200
BPTH,20140828,454,474,438,442,50900
BRID,20140828,8,8.02,7.95,8.01,2300
BRKL,20140828,9.15,9.16,9.08,9.08,105100
BRKR,20140828,20.13,20.17,19.98,20.03,592400
BRKS,20140828,11.17,11.32,11.06,11.25,177300
BRLI,20140828,32.5,32.5,29.33,29.6,616200
BSET,20140828,15.08,15.19,14.9,15.08,14500
BSQR,20140828,3.7,3.8,3.7,3.7,18200
BSRR,20140828,16.83,16.87,16.66,16.71,16400
BUSE,20140828,5.81,5.83,5.74,5.74,96500
BWEN,20140828,9.21,9.24,9.06,9.13,80100
BWFG,20140828,19.5,19.5,19.5,19.5,5100
BYFC,20140828,1.39,1.4,1.38,1.4,800
CAAS,20140828,9.13,9.26,8.99,9.23,92800
CAC,20140828,36.28,36.34,36.02,36.2,11300
CACC,20140828,124.35,124.35,122.33,123.1,48200
CACG,20140828,9.81,9.81,9.81,9.81,0
CAKE,20140828,44.8,45.31,44.55,45.07,671900
CALM,20140828,39.055,39.435,38.72,39.21,94600
CAMP,20140828,19.03,19.43,19,19.15,400200
CAMT,20140828,4.03,4.28,3.93,4.15,499800
CAR,20140828,68.57,68.57,67.67,67.94,832900
CARA,20140828,10.04,10.26,10,10.15,67800
CARV,20140828,9.25,9.25,9.25,9.25,0
CARZ,20140828,39.59,39.86,39.59,39.77,2400
CASH,20140828,12.55,12.7967,12.55,12.5867,12700
CASI,20140828,1.75,1.77,1.75,1.77,4600
CASS,20140828,46.91,47.37,46.51,46.62,13100
CASY,20140828,71.77,71.77,70.4,71.01,183300
CATY,20140828,25.81,26.12,25.61,25.95,314300
CBAN,20140828,6.5,6.5,6.5,6.5,100
CBAY,20140828,5.2,5.73,5.2,5.47,26300
CBNK,20140828,15.84,15.84,15.84,15.84,0
CBRL,20140828,99.67,100.64,99.12,100.19,106400
CBSH,20140828,45.96,46.14,45.73,45.86,251700
CCBG,20140828,13.81,14,13.81,14,16900
CCMP,20140828,42.4,42.67,42.07,42.48,60000
CCNE,20140828,16.88,17.06,16.6,16.79,18900
CCOI,20140828,34.76,35.14,34.53,34.67,202400
CCRN,20140828,8.12,8.13,7.45,8,66100
CCXI,20140828,5.05,5.12,5.02,5.03,31400
CDC,20140828,34.87,35.07,34.87,35.06,12300
CDNA,20140828,10.21,10.21,9.82,10,34700
CDNS,20140828,17.41,17.54,17.37,17.47,1779000
CDW,20140828,33.27,33.27,32.81,32.95,371600
CDXS,20140828,2.48,2.59,2.48,2.56,66400
CDZI,20140828,11.49,13.19,11.33,13.01,256700
CECE,20140828,14.02,14.08,13.88,13.91,20800
CEMI,20140828,3.62,3.7,3.6,3.68,34000
CENT,20140828,8.87,8.9,8.74,8.83,21500
CENTA,20140828,9.07,9.12,8.82,9.01,77700
CENX,20140828,24.4,24.9,23.75,24.6,2001600
CERE,20140828,4.32,4.48,4.16,4.32,225700
CERN,20140828,56.99,57.19,56.7,57,774700
CERS,20140828,3.73,3.74,3.63,3.68,268300
CEVA,20140828,14.85,15.19,14.85,14.97,93900
CFA,20140828,35.24,35.24,35.24,35.24,0
CFBK,20140828,7.81,7.81,7.81,7.81,3300
CFFI,20140828,33.61,33.86,33.52,33.72,5300
CFFN,20140828,12.26,12.35,12.23,12.29,249700
CFO,20140828,35.16,35.28,35.15,35.25,35200
CG,20140828,32.82,33.3,32.54,33.23,200400
CGEN,20140828,8.89,8.9,8.74,8.84,54700
CGNX,20140828,20.92,21.03,20.725,20.95,360700
CGO,20140828,14.41,14.48,14.38,14.39,18500
CHCI,20140828,1.16,1.2,1.16,1.17,19600
CHCO,20140828,42.33,42.49,42.15,42.34,29200
CHDN,20140828,30.8467,31.47,30.8133,31.3367,44600
CHEF,20140828,18.33,18.38,18.03,18.11,102800
CHI,20140828,13.92,14.03,13.87,13.94,207100
CHKP,20140828,70,70.23,69.19,70.15,931000
CHMG,20140828,28.75,28.75,28.02,28.04,3700
CHNR,20140828,3.71,3.71,3.6,3.68,4000
CHRW,20140828,68.16,68.31,67.73,68.06,994600
CHSCN,20140828,28.29,28.29,27.97,28.09,7900
CHSCO,20140828,29.64,29.64,29.34,29.35,18800
CHSCP,20140828,31.54,31.7,31.16,31.69,7600
CHTR,20140828,156.2,157.15,155.83,156.01,339400
CHUY,20140828,26.57,26.71,25.82,26.1,620200
CHW,20140828,9.67,9.7,9.59,9.62,203900
CHY,20140828,14.74,14.84,14.72,14.74,197400
CIDM,20140828,19.6,19.6,18.2,18.6,307500
CINF,20140828,48.23,48.39,48.15,48.23,551900
CIZN,20140828,18.7,18.77,18.7,18.7,900
CJJD,20140828,1.36,1.42,1.36,1.4,21400
CLDX,20140828,240,249.6,234.75,236.1,1624800
CLFD,20140828,14.21,14.38,13.55,13.61,71800
CLIR,20140828,7.28,7.7,7.25,7.52,43900
CLMT,20140828,30.24,30.66,30.15,30.39,145300
CLNE,20140828,10.05,10.05,9.81,9.9,739000
CLRB,20140828,329,335,317,325,49900
CLRO,20140828,9.26,9.37,9.23,9.36,4200
CLSN,20140828,3.23,3.3,3.16,3.23,78100
CLVS,20140828,48.42,49.49,47.19,47.75,528900
CLWT,20140828,2.9,3.0333,2.9,3.0333,2100
CMCO,20140828,25.54,25.8,25.25,25.32,29100
CMCSA,20140828,27.245,27.33,27.14,27.26,5571000
CMCT,20140828,19.15,19.45,19.03,19.03,5600
CME,20140828,76.21,76.69,75.93,76.58,1042300
CMLS,20140828,37.92,38.4,36.64,37.44,1954800
CMRX,20140828,25,25.78,25,25.48,111900
CMTL,20140828,37.71,38.25,37.58,37.97,202600
CNBKA,20140828,35.75,35.76,35.51,35.62,4600
CNCE,20140828,9.57,9.57,8.91,9.1,157400
CNET,20140828,0.89,0.93,0.86,0.88,130000
CNOB,20140828,19.5,19.59,19.29,19.32,55300
CNSL,20140828,24.08,24.28,24.05,24.12,213800
CNTY,20140828,5.27,5.34,5.27,5.28,47100
COCO,20140828,0.17,0.17,0.15,0.16,761100
COHR,20140828,64.16,64.95,63.89,64.28,78700
COHU,20140828,12.42,12.48,12.32,12.34,32100
COKE,20140828,73.18,73.89,72.86,73.25,13300
COLB,20140828,26.14,26.2,25.77,25.82,123300
COLM,20140828,38.435,38.735,38.065,38.325,34000
COMM,20140828,25.67,25.91,25.38,25.69,358400
CONE,20140828,25.56,25.69,25.26,25.53,174000
CONN,20140828,45.31,45.97,44.54,44.73,554100
COOL,20140828,10.02,10.02,9,9.36,32300
CORT,20140828,2.84,2.85,2.74,2.77,203400
COST,20140828,121.01,121.25,120.7,120.97,804300
COWN,20140828,4.01,4.05,3.99,4.03,177100
CPHC,20140828,10.13,10.13,10.13,10.13,0
CPIX,20140828,5.16,5.17,5.11,5.14,6200
CPLP,20140828,10.92,11,10.91,10.96,199800
CPRT,20140828,17.09,17.21,16.955,17.21,781600
CPRX,20140828,3,3.35,2.88,3.12,3203000
CPSI,20140828,61.41,61.46,60.98,61.27,35600
CPSS,20140828,7.11,7.16,7,7.07,78100
CRAI,20140828,27.01,27.1,26.88,26.89,28700
CREG,20140828,155,160,147,151,2540400
CRESW,20140828,0.05,0.05,0.05,0.05,0
CRESY,20140828,11.52,11.53,11.2,11.42,68200
CRIS,20140828,7.95,8.55,7.95,8.45,1533500
CRMT,20140828,44.82,44.82,42.7,42.81,46500
CRNT,20140828,2.42,2.49,2.38,2.41,955100
CROX,20140828,15.52,15.58,15.37,15.47,592400
CRTO,20140828,29.9,31.12,29.9,30.65,189700
CRUS,20140828,23.75,24.06,23.59,23.8,526400
CRVL,20140828,40.48,41,40.25,40.79,39200
CRWS,20140828,7.76,8,7.72,7.77,33500
CSCO,20140828,24.7,24.9,24.64,24.85,15506300
CSF,20140828,36.35,36.35,36.24,36.33,2700
CSGP,20140828,144.76,144.76,142.01,142.42,144700
CSGS,20140828,27.6,27.79,27.6,27.66,85200
CSII,20140828,29.43,29.6,28.53,28.6,246200
CSIQ,20140828,34.35,35.74,34.03,35.25,2188200
CSOD,20140828,37.57,37.85,36.53,36.75,393800
CSPI,20140828,7.7,7.78,7.6,7.77,20300
CSQ,20140828,12.14,12.18,12.1,12.12,285700
CSTE,20140828,52.88,53.06,52.22,52.33,165100
CSWC,20140828,36.2,37.27,36.17,36.6,25400
CSX,20140828,30.74,30.8,30.54,30.77,2925200
CTAS,20140828,65.54,66.11,65.42,65.88,217900
CTBI,20140828,35.61,35.71,35.45,35.54,22200
CTG,20140828,13,13.09,12.85,12.89,115900
CTHR,20140828,2.13,2.18,2.12,2.14,9000
CTIB,20140828,3.94,3.95,3.84,3.85,3100
CTIC,20140828,25.5,25.8,25.3,25.5,545600
CTRE,20140828,17.43,17.74,17.41,17.61,83200
CTRN,20140828,23.43,23.55,23.09,23.4,64200
CTSH,20140828,45.54,45.69,45.08,45.47,6614500
CTXS,20140828,55.5414,55.6768,54.8487,55.5175,1375000
CUBA,20140828,8.14,8.18,8.14,8.14,3500
CUTR,20140828,9.58,9.7,9.55,9.65,43200
CVBF,20140828,15.37,15.58,15.21,15.42,206000
CVCO,20140828,72.55,72.55,70.09,70.38,33100
CVCY,20140828,11.5,11.75,11.15,11.63,20100
CVGI,20140828,8.16,8.36,8.08,8.26,79300
CVGW,20140828,38.23,38.41,38.07,38.13,35100
CVLT,20140828,55.97,55.97,54.35,54.57,318800
CVLY,20140828,21.78,21.84,21.27,21.83,1000
CVV,20140828,13.69,13.73,13.53,13.72,17300
CWBC,20140828,6.6,6.6,6.52,6.59,1400
CWCO,20140828,11.85,11.99,11.84,11.98,33400
CWST,20140828,4.59,4.8,4.5,4.5,200000
CXDC,20140828,6.93,7.05,6.85,6.87,142900
CYAN,20140828,4.61,4.64,4.61,4.64,1800
CYBE,20140828,12,12.16,11.81,12.09,21400
CYCC,20140828,835.2,849.6,806.4,837.6,60800
CYCCP,20140828,8.11,8.11,7.98,7.98,1400
CYRN,20140828,2.4,2.4,2.36,2.38,78000
CYTK,20140828,4.38,4.42,4.3,4.31,225600
CZNC,20140828,19.61,19.69,19.51,19.61,16500
CZR,20140828,13.32,13.62,13.05,13.44,956100
CZWI,20140828,8.75,8.75,8.75,8.75,300
DAIO,20140828,3.19,3.25,3.17,3.21,8800
DAKT,20140828,12.87,13.11,12.81,13.01,177600
DCOM,20140828,15.42,15.46,15.3,15.36,65600
DCTH,20140828,37.6,38.4,37.12,37.92,65400
DENN,20140828,6.81,6.84,6.73,6.81,343600
DGICA,20140828,15.74,15.74,15.54,15.65,17100
DGICB,20140828,24.8,24.8,24.01,24.01,300
DGII,20140828,8.38,8.45,8.23,8.27,40200
DGLY,20140828,14,15.82,13.67,15.68,13119200
DGRE,20140828,27.66,27.69,27.57,27.68,6100
DGRS,20140828,28.21,28.33,28.18,28.24,1300
DGRW,20140828,29.53,29.59,29.48,29.56,12700
DHIL,20140828,129.29,129.77,129,129.77,3100
DIOD,20140828,25.27,25.35,24.81,25.06,254800
DISCA,20140828,43.7,43.94,43.44,43.76,2051900
DISCB,20140828,44.84,44.84,44.84,44.84,0
DISCK,20140828,42.58,43.05,42.58,42.91,2166500
DISH,20140828,64.53,66.63,64.14,64.73,1272000
DJCO,20140828,184.98,190,184.98,189,1800
DLHC,20140828,1.89,2,1.88,2,3900
DLTR,20140828,53.48,54.26,53.32,53.95,3155800
DMLP,20140828,33.65,34,33.64,33.8,30800
DMRC,20140828,23.79,24.75,23.54,23.94,30200
DORM,20140828,43.92,44.42,43.63,44.39,124300
DOX,20140828,45.88,46.81,45.88,46.73,648400
DRIV,20140828,15.22,15.4,15.01,15.29,174700
DRNA,20140828,14.39,14.39,13.63,14.23,396200
DRRX,20140828,1.58,1.6,1.55,1.58,81300
DSGX,20140828,14.37,14.41,14.04,14.06,12100
DSPG,20140828,9.14,9.17,8.97,8.98,21600
DSWL,20140828,2.06,2.21,2.06,2.19,42100
DVAX,20140828,14,14.3,13.8,13.8,833700
DWSN,20140828,22.7,22.87,22.57,22.64,88200
DXCM,20140828,44.87,45.42,44.14,44.28,448300
DXGE,20140828,26.45,26.57,26.45,26.5,3200
DXJS,20140828,30.88,30.89,30.77,30.77,15000
DXLG,20140828,5.05,5.22,4.84,4.97,332300
DXPE,20140828,77.74,79.03,77.35,78.68,127800
DXYN,20140828,9.66,9.85,9.57,9.82,102900
DYNT,20140828,4.1,4.1,4.1,4.1,0
EA,20140828,37.08,37.18,36.84,37.1,1866700
EAC,20140828,13.1,13.25,13,13.12,70600
EBAY,20140828,23.52,23.52,23.1705,23.3389,9602800
EBIX,20140828,15.32,15.42,15.15,15.22,268700
EBMT,20140828,10.7,10.9,10.7,10.85,4200
EBSB,20140828,10.56,10.62,10.47,10.55,478700
EBTC,20140828,19.9,19.98,19.67,19.77,10200
ECHO,20140828,25.62,25.96,25.45,25.66,94600
ECOL,20140828,43,43.18,42.38,42.71,124200
ECPG,20140828,44.23,44.24,43.85,44.14,159500
EDAP,20140828,1.7,1.74,1.5,1.61,1102200
EDUC,20140828,2.45,2.45,2.38,2.425,2200
EEFT,20140828,51.64,52.35,51.38,52.11,304300
EEMA,20140828,63.07,63.07,61.97,62.43,21400
EFOI,20140828,23,23,22.5,23,2900
EFSC,20140828,17.35,17.39,17.26,17.3,33300
EGAN,20140828,6.4,6.44,6.4,6.41,20900
EGBN,20140828,34.21,34.21,33.3,33.71,59400
EGLE,20140828,2797.2,3024,2797.2,2948.4,188500
EGRX,20140828,12.71,12.71,12.01,12.52,125500
EHTH,20140828,23.21,23.91,23.01,23.66,188300
ELSE,20140828,3.98,3.98,3.98,3.98,3000
ELTK,20140828,1.5,1.57,1.5,1.52,27900
EMCB,20140828,78.32,78.73,78.14,78.43,3400
EMCF,20140828,26,26,25.2,25.2,300
EMIF,20140828,37.17,37.18,36.95,36.99,3800
EMKR,20140828,4.35,4.46,4.32,4.44,84600
EML,20140828,15.82,15.87,15.63,15.78,3900
ENDP,20140828,64.31,65.01,63.63,64.02,731200
ENG,20140828,2.55,2.74,2.55,2.71,207800
ENPH,20140828,14.13,14.28,13.75,13.98,683800
ENSG,20140828,17.415,17.505,17.335,17.355,73400
ENTA,20140828,44,44.5,43.2,43.83,176600
ENTG,20140828,12.06,12.12,11.99,12,402500
ENVI,20140828,1.89,1.91,1.85,1.86,32600
EPAY,20140828,28.27,28.34,27.97,28.03,92800
EPZM,20140828,34.5,35.5,34.01,34.18,189200
EQIX,20140828,217.04,217.28,215.29,216.19,434200
ERIC,20140828,12.35,12.51,12.35,12.48,2957200
ERIE,20140828,76.89,77.02,76.53,76.8,23100
ERII,20140828,4.7,4.7,4.6,4.63,153700
ESBK,20140828,22.16,22.16,22.16,22.16,300
ESCA,20140828,14.01,14.33,13.63,14.26,29900
ESEA,20140828,9.04,9.2,9.04,9.12,22800
ESGR,20140828,143.39,144.17,141.82,142.33,26200
ESLT,20140828,59.32,59.76,59.3,59.3,11400
ESPR,20140828,15.71,15.8,15.52,15.54,8300
ESSA,20140828,11.53,11.53,11.27,11.31,3700
ESXB,20140828,4.38,4.38,4.36,4.37,3900
EUFN,20140828,24.31,24.33,24.22,24.29,91300
EVK,20140828,6.45,6.6,6.13,6.51,10200
EVOK,20140828,6.77,6.94,6.64,6.9,9400
EVOL,20140828,9.54,9.65,9.37,9.56,26800
EWBC,20140828,34.44,34.92,34.44,34.65,270500
EXAS,20140828,21.95,22,21.07,21.43,2409700
EXEL,20140828,4.1,4.16,4.03,4.04,2095800
EXLS,20140828,27.19,27.2,26.91,26.96,47100
EXPD,20140828,41.46,41.58,41.12,41.19,706500
EXPE,20140828,86.33,86.9,86.06,86.4,1291300
EXPO,20140828,18.1175,18.285,18.1,18.125,17600
EXTR,20140828,5.36,5.39,5.22,5.24,1118700
EZPW,20140828,10.48,10.64,10.34,10.51,294600
FANG,20140828,82.02,83.43,81.92,83.2,638000
FARM,20140828,23.31,23.37,22.81,22.99,20200
FARO,20140828,57.17,57.42,56.49,57.25,55600
FAST,20140828,22.615,22.695,22.475,22.61,589800
FATE,20140828,5.25,5.44,5.21,5.25,5000
FB,20140828,74,74.43,73.73,73.86,21946700
FBIZ,20140828,46.7,46.95,46.17,46.18,10700
FBMS,20140828,14.02,14.55,14.02,14.25,1800
FBNC,20140828,17.65,17.83,17.59,17.62,43200
FCAP,20140828,22.78,22.78,22.78,22.78,100
FCBC,20140828,16.27,16.3,15.96,16.25,19500
FCCO,20140828,10.75,10.75,10.7,10.75,2400
FCCY,20140828,10.21,10.34,9.87,9.87,5100
FCEL,20140828,364.32,364.32,357.12,357.12,2999000
FCFS,20140828,58.53,58.73,57.8,57.88,176200
FCNCA,20140828,231.51,231.51,228.22,228.25,5600
FDIV,20140828,50.42,50.81,50.4,50.81,3000
FDUS,20140828,18.53,18.58,18.35,18.48,40000
FEIM,20140828,11.17,11.46,11.17,11.45,4300
FELE,20140828,38.09,38.2,37.81,37.86,53600
FFBC,20140828,16.51,16.69,16.47,16.48,95300
FFHL,20140828,1.21,1.21,1.1,1.12,84300
FFIC,20140828,19.06,19.22,19,19.09,53500
FFIN,20140828,14.8,14.855,14.605,14.62,112000
FFIV,20140828,122.89,124.31,122.39,123.66,803200
FFNW,20140828,10.91,11.02,10.81,10.84,21900
FIBK,20140828,26.72,26.94,26.4,26.64,72000
FISI,20140828,23.88,23.94,23.71,23.76,23400
FISV,20140828,32.07,32.245,31.97,32.175,716100
FITB,20140828,20.18,20.34,20.1,20.27,4645400
FITBI,20140828,27.31,27.45,27.1,27.3,17100
FIVE,20140828,39.54,40.25,38.93,40.02,570700
FIVN,20140828,5.94,5.99,5.81,5.81,46500
FIZZ,20140828,18.35,18.46,17.97,18.16,18900
FLDM,20140828,26.59,26.94,26.56,26.7,111600
FLEX,20140828,10.95,10.97,10.77,10.97,2309000
FLIC,20140828,23.58,23.58,23.1667,23.1733,8000
FLL,20140828,0.99,1.13,0.98,1.05,156600
FLWS,20140828,5.16,5.18,5.12,5.13,39700
FLXN,20140828,13.72,13.88,13.51,13.8,15800
FLXS,20140828,35.28,35.74,35.03,35.19,19000
FMB,20140828,50.48,50.48,50.48,50.48,0
FMBH,20140828,21.89,21.89,21.89,21.89,100
FMBI,20140828,16.9,16.92,16.73,16.83,240200
FMNB,20140828,7.55,7.66,7.55,7.65,6000
FNHC,20140828,23.81,24,22.84,23.06,237100
FNLC,20140828,16.71,16.81,16.69,16.76,5900
FOLD,20140828,6.77,7.4,6.57,7.27,7314100
FONR,20140828,12.3,12.39,12.15,12.2,25100
FORD,20140828,1.26,1.26,1.23,1.23,6200
FORM,20140828,7.12,7.15,6.85,6.87,172800
FORR,20140828,38.61,38.9,38.41,38.46,13800
FORTY,20140828,27.4,27.45,26.97,26.97,10400
FOSL,20140828,101.88,102.07,100.2,100.69,877300
FOX,20140828,34.81,34.81,34.58,34.6,2068500
FOXA,20140828,35.63,35.81,35.57,35.6,6975800
FOXF,20140828,15.21,15.31,15.14,15.25,29900
FRBA,20140828,6.33,6.35,6.15,6.15,4600
FRBK,20140828,4.45,4.5,4.37,4.48,47800
FREE,20140828,390000,390000,348000,366000,1345400
FRGI,20140828,49.77,50.58,49.21,49.67,176000
FRME,20140828,20.35,20.48,20.14,20.2,76000
FRSH,20140828,8.47,8.51,8.35,8.43,83600
FSBW,20140828,17.35,17.39,17.35,17.35,2400
FSFG,20140828,24.82,24.82,24.8,24.8,300
FSLR,20140828,69.32,69.8,68.27,69.15,1860300
FSTR,20140828,53.48,53.68,52.23,52.23,18100
FTCS,20140828,35.59,35.67,35.51,35.65,4200
FTEK,20140828,4.56,4.61,4.47,4.52,129200
FTGC,20140828,32.17,32.18,32.03,32.11,51700
FTHI,20140828,20.46,20.5,20.46,20.5,700
FTLB,20140828,20.34,20.34,20.34,20.34,500
FTNT,20140828,25.44,25.49,24.95,25.3,1286100
FTSL,20140828,49.44,49.5,49.34,49.45,31400
FTSM,20140828,60.06,60.06,60.06,60.06,300
FULT,20140828,11.47,11.48,11.36,11.44,566400
FUNC,20140828,8.45,8.57,8.45,8.57,3300
FUND,20140828,8.34,8.43,8.33,8.43,10600
FV,20140828,20.64,20.66,20.57,20.63,290700
FWRD,20140828,46.2,46.35,45.83,46.06,45100
GABC,20140828,18.0267,18.0267,17.7733,17.8867,11900
GAIA,20140828,7.16,7.3,7.05,7.22,39600
GAIN,20140828,7.59,7.66,7.56,7.59,68900
GALT,20140828,6.01,6.17,5.73,6,1220600
GAME,20140828,6.44,6.48,6.42,6.42,96000
GASS,20140828,9.58,10.24,9.55,9.73,228900
GBCI,20140828,27.15,27.15,26.69,26.75,223600
GBDC,20140828,17.27,17.56,17.25,17.53,242400
GBLI,20140828,26.74,27.04,26.74,26.85,6100
GCBC,20140828,13.125,13.125,12.85,12.95,6800
GENC,20140828,6.7667,6.8,6.7,6.7933,17400
GENE,20140828,14.6,15,13.8,14.2,303400
GEOS,20140828,41.55,42.22,40.57,40.73,161700
GERN,20140828,2.37,2.41,2.33,2.33,1075400
GEVO,20140828,2820,2940,2760,2820,385400
GFED,20140828,12.74,12.74,12.55,12.56,8800
GGAL,20140828,12.56,12.85,12.46,12.59,595300
GIFI,20140828,20.2,20.44,20.03,20.11,13200
GIGM,20140828,4.95,4.95,4.75,4.85,63000
GIII,20140828,41.3,41.93,41,41.9,245300
GILD,20140828,107,108.11,106.74,107.51,10307800
GILT,20140828,4.73,4.77,4.71,4.71,3900
GLAD,20140828,9.61,9.69,9.57,9.63,74500
GLBS,20140828,13160,13160,12840,13160,1600
GLBZ,20140828,12.98,13.02,12.85,13.02,300
GLDD,20140828,7.93,7.95,7.59,7.59,310800
GLDI,20140828,13.51,13.54,13.49,13.53,5600
GLMD,20140828,6.89,6.89,5.83,6.83,23100
GLNG,20140828,63.74,63.76,60.88,61.32,1453500
GLPI,20140828,33.4,33.49,33.16,33.34,446500
GLRE,20140828,34.08,34.26,33.79,34.16,62600
GLYC,20140828,7.9,8.26,7.81,8.02,28000
GNCA,20140828,99.2,104.32,96.48,98.8,18500
GNMA,20140828,50.13,50.13,50.1,50.13,3600
GNTX,20140828,14.72,14.8,14.615,14.775,410300
GOGO,20140828,17.06,17.09,16.68,16.83,730600
GOOD,20140828,18.02,18.15,18.02,18.04,37900
GOODN,20140828,26,26,26,26,1600
GOODO,20140828,25.93,26.22,25.75,25.75,15300
GOOG,20140828,569.56,573.25,567.1,569.2,1295900
GOOGL,20140828,580.02,584.71,577.88,580.32,1405900
GPRE,20140828,44.54,44.76,43.77,44.71,677500
GPRO,20140828,45.5,49.86,44.63,48.9,10595200
GRFS,20140828,19.925,20.015,19.715,19.87,334500
GRID,20140828,37.02,37.3,37.02,37.28,2400
GRMN,20140828,54.39,54.5,53.2,54.12,2618300
GROW,20140828,3.48,3.71,3.47,3.7,28200
GRPN,20140828,130,133.2,128,132.8,11891900
GRVY,20140828,3.08,3.2,3.04,3.08,25800
GSBC,20140828,31.55,31.97,31.27,31.46,30400
GSIT,20140828,5.61,5.78,5.61,5.66,108400
GSM,20140828,20.4,20.54,20.26,20.36,325900
GT,20140828,25.51,25.81,25.26,25.77,3036600
GTIM,20140828,4,4.05,3.93,4.05,15800
GURE,20140828,9.9,10.35,9.9,10.1,64500
GYRO,20140828,4.96,5.13,4.96,4.99,5400
HA,20140828,15.48,15.74,15.45,15.49,418900
HAFC,20140828,21.24,21.24,20.68,20.72,107100
HAIN,20140828,48.73,49.55,48.545,49.19,481500
HALL,20140828,9.38,9.51,9.34,9.39,41500
HALO,20140828,9.7,9.86,9.43,9.46,860400
HAS,20140828,52.04,52.37,51.76,52.12,528400
HAYN,20140828,50.59,50.9,50.13,50.3,13900
HBAN,20140828,9.76,9.85,9.74,9.81,3262800
HBANP,20140828,1340,1345,1340,1345,100
HBCP,20140828,21.88,22.28,21.49,22.08,8500
HBIO,20140828,4.52,4.55,4.46,4.51,18100
HBMD,20140828,10.25,10.25,10,10,600
HBNC,20140828,9.7111,9.8222,9.7111,9.8222,13900
HBP,20140828,4.04,4.11,3.91,4.06,29700
HCCI,20140828,15.59,15.75,15.02,15.58,15800
HCKT,20140828,6.11,6.16,6.04,6.05,28100
HCSG,20140828,27.37,27.38,27.09,27.2,190800
HDSN,20140828,3.07,3.12,3.05,3.06,8200
HEAR,20140828,28,28.2,27.48,27.96,425100
HEES,20140828,41.27,41.39,40.5,41.1,151000
HELE,20140828,57.83,58.31,57.51,57.86,97000
HERO,20140828,3.42,3.42,3.32,3.33,1914500
HFBL,20140828,18.92,18.92,18.92,18.92,0
HFWA,20140828,16.34,16.38,16.22,16.36,41200
HGSH,20140828,14.42,15.6,13.26,15.14,928900
HIBB,20140828,46.37,46.37,45.07,45.82,236900
HIFS,20140828,83.13,83.14,83.1,83.11,1100
HIHO,20140828,3.35,3.37,3.25,3.27,28100
HIMX,20140828,8.08,8.34,7.99,8.19,3139700
HLIT,20140828,6.42,6.51,6.36,6.5,474200
HMHC,20140828,18.99,19.16,18.87,18.98,182700
HMNF,20140828,12.17,12.3,11.95,12.3,12600
HMST,20140828,17.99,18.4,17.92,18.24,27700
HMTV,20140828,11.3,11.35,11.3,11.31,2000
HNNA,20140828,11.96,11.96,11.6333,11.6333,200
HNRG,20140828,13.26,13.86,13.26,13.37,30500
HOFT,20140828,14.99,15.19,14.9,15,15000
HOLI,20140828,22.05,22.32,21.75,21.79,511400
HOLX,20140828,24.79,24.94,24.54,24.71,1983600
HOMB,20140828,14.915,14.915,14.67,14.74,111600
HOVNP,20140828,16.39,16.5,16,16.3,4400
HQY,20140828,19.5,19.97,19.29,19.4,98100
HRTX,20140828,9.33,9.46,9.14,9.29,103300
HRZN,20140828,14.25,14.33,14.17,14.22,28400
HSIC,20140828,119.44,119.87,118.92,119.45,215300
HSII,20140828,21.5,21.6,21.41,21.46,128100
HSKA,20140828,13.74,13.82,13.51,13.68,37900
HSON,20140828,37.6,38.8,37.6,38.1,20400
HSTM,20140828,25.8,25.92,25.45,25.53,71700
HTBI,20140828,15.05,15.15,15.03,15.03,22300
HTBK,20140828,8.4,8.44,8.29,8.32,17800
HTBX,20140828,64.4,64.4,62,62.8,68300
HTHT,20140828,6.435,6.49,6.43,6.475,103500
HTLD,20140828,23.44,23.73,23.16,23.27,208700
HTLF,20140828,23.74,23.98,23.65,23.78,17100
HUBG,20140828,43.79,43.79,42.92,43.16,469100
HURC,20140828,33.03,33.39,32.54,32.64,29600
HURN,20140828,61.49,61.49,60.51,60.68,152200
HWBK,20140828,13.11,13.11,13.1,13.1,300
HWKN,20140828,36.5,36.6,36.21,36.23,17100
HYLS,20140828,51.99,52.03,51.87,51.95,8100
HYZD,20140828,24.99,25,24.97,24.98,73000
HZNP,20140828,9.85,10.75,9.8,10.16,1996600
IART,20140828,24.85,24.995,24.72,24.83,82600
IBB,20140828,273,276.42,273,274.12,943900
IBCP,20140828,12.01,12.09,11.88,11.92,63400
IBKR,20140828,23.56,23.57,23.32,23.53,176400
IBOC,20140828,26.49,26.49,26.06,26.09,102100
IBTX,20140828,50.28,50.83,50,50.34,63200
ICAD,20140828,10.55,10.75,10.4,10.57,40600
ICCC,20140828,4.57,4.57,4.57,4.57,100
ICFI,20140828,34.05,34.35,33.75,33.77,33000
ICLN,20140828,11.89,11.89,11.74,11.78,22700
ICLR,20140828,50.98,51.74,50.61,51.17,266000
ICPT,20140828,292.15,298.75,288.51,289.1,244300
ICUI,20140828,62.7,63.08,62.19,62.24,45400
IDCC,20140828,42.67,44.36,42.67,43.93,295200
IDRA,20140828,22.8,23.6,22.64,23.36,716500
IDXX,20140828,61.92,61.97,61.575,61.855,213800
IEP,20140828,113,113.86,112.15,112.37,81900
IESC,20140828,7.83,7.87,7.25,7.61,7800
IFGL,20140828,32.6,32.6,32.3,32.32,120100
IFV,20140828,19.93,19.93,19.83,19.89,13700
IGOV,20140828,104.4,104.4,103.95,104.03,24900
III,20140828,4.1,4.13,4.1,4.1,49900
IIN,20140828,6.59,6.96,6.58,6.62,7300
IIVI,20140828,13.95,13.97,13.79,13.82,139100
IKNX,20140828,19,19.92,18.4,19.25,4000
ILMN,20140828,179.82,180.15,178.03,179.08,993600
IMGN,20140828,11.87,12.28,11.63,11.66,739000
IMKTA,20140828,25.03,25.1,24.58,24.73,21900
IMMR,20140828,10.31,10.47,10.23,10.33,163800
IMOS,20140828,23.87,24.19,23.77,23.92,155400
INBK,20140828,16.5,16.94,16.5,16.77,5000
INCY,20140828,54,55.54,53.65,53.94,570000
INDB,20140828,36.92,36.92,36.53,36.61,32600
INDY,20140828,30.14,30.26,30.12,30.17,110000
INFI,20140828,11.54,11.64,10.84,11.18,441200
INFN,20140828,10.33,10.49,10.14,10.43,1863600
INGN,20140828,20.03,20.51,19.92,20.17,47200
INOD,20140828,3.06,3.12,3.04,3.12,20900
INSM,20140828,13.87,14.1,13.64,13.82,700400
INTC,20140828,34.61,34.81,34.61,34.65,18908800
INTG,20140828,19.56,19.56,19.56,19.56,0
INTU,20140828,82.59,83.6,82.21,83.36,1750700
INVE,20140828,14.3,15.95,14,15.73,251300
IOSP,20140828,42.85,42.85,42.22,42.3,36300
IPAR,20140828,30.99,30.99,30.45,30.59,93700
IPDN,20140828,42,42.16,42,42.16,3300
IPGP,20140828,69.28,69.39,68.21,68.94,266400
IPKW,20140828,26.36,26.36,26.32,26.32,2400
IPWR,20140828,80.6,80.6,78.2,80.2,6800
IRBT,20140828,33.98,33.98,32.84,32.94,779500
IRDM,20140828,9.29,9.31,9.06,9.12,477700
IRIX,20140828,7.87,7.96,7.86,7.86,7700
IRMD,20140828,11.03,11.15,10.5,10.87,10400
IROQ,20140828,16.85,17,16.55,16.81,18500
IRWD,20140828,12.79,13,12.65,12.65,501700
ISBC,20140828,10.62,10.64,10.55,10.56,1913300
ISHG,20140828,93.43,93.58,93.24,93.58,4900
ISIG,20140828,3.23,3.23,3.08,3.12,41300
ISLE,20140828,7.95,8.1,7.65,8.04,269200
ISRG,20140828,468.32,471.51,463.81,465.57,194300
ISSC,20140828,5.4,5.58,5.4,5.58,8500
ISTR,20140828,13.98,14,13.91,13.98,5800
ITCI,20140828,14.75,14.9,14.24,14.31,28200
ITIC,20140828,71,71.54,71,71.54,1900
ITRI,20140828,41.85,42.22,41.64,41.96,102900
ITRN,20140828,21.75,21.99,21.65,21.83,8400
IVAC,20140828,7.16,7.16,7,7.1,111600
JACK,20140828,59.32,59.79,58.74,59.24,660200
JAKK,20140828,67,67.2,65.7,66,149300
JAZZ,20140828,162.11,163.94,161.11,162.71,657900
JBHT,20140828,75.02,75.73,74.64,75.67,606200
JBLU,20140828,12.33,12.44,12.23,12.41,5359000
JBSS,20140828,31.09,31.21,30.26,30.62,30400
JCS,20140828,11.45,11.45,11.17,11.34,9500
JCTCF,20140828,4.985,5.02,4.905,4.905,1000
JD,20140828,32.3,32.31,31.38,31.44,6762500
JJSF,20140828,94.59,95.24,94.36,94.82,20300
JKHY,20140828,57.49,58.17,57.38,57.74,354600
JOBS,20140828,34.4,34.53,34.06,34.17,29700
JOUT,20140828,25.95,26.25,25.67,26.09,8000
JRJC,20140828,94.7,101.7,91.6,98.5,6070800
JSM,20140828,21.96,22.06,21.96,22.04,28500
JVA,20140828,6.82,6.92,6.61,6.87,46100
KALU,20140828,80.67,81.35,79.99,80.12,137200
KELYA,20140828,16.43,16.49,16.24,16.35,130800
KELYB,20140828,16.36,16.36,16.36,16.36,0
KEQU,20140828,18.11,18.2,16.5,17.48,5600
KFFB,20140828,8.37,8.37,8.31,8.31,1100
KFRC,20140828,19.81,20,19.72,19.73,185600
KINS,20140828,7.2,7.2,7.06,7.16,23000
KIRK,20140828,17.88,18,17.72,17.85,102300
KLAC,20140828,76.27,76.44,75.93,76.33,794500
KLIC,20140828,14.8,14.95,14.7,14.72,304400
KMDA,20140828,6.84,6.91,6.74,6.74,2100
KNDI,20140828,19.09,19.44,18.8,19.12,1771700
KOPN,20140828,4.17,4.22,4.03,4.05,126400
KOSS,20140828,2.56,2.6,2.04,2.35,65900
KPTI,20140828,38.12,38.12,36.02,36.06,49400
KRNY,20140828,15.75,15.77,15.56,15.62,9500
KTCC,20140828,11.01,11.19,10.9,10.91,13700
KTOS,20140828,7.59,7.62,7.45,7.47,520800
KVHI,20140828,12.36,12.5,12.3,12.4,9500
LAKE,20140828,5.89,6.15,5.83,6.14,17200
LAMR,20140828,52.05,52.4,51.99,52.2,460700
LANC,20140828,87.5,88.78,87,87.86,72900
LAND,20140828,12.36,12.49,12.03,12.42,19700
LARK,20140828,21.1,21.1,21.1,21.1,0
LAWS,20140828,17.88,18.57,17.52,17.89,12400
LBAI,20140828,10.33,10.46,10.25,10.3,57900
LBTYA,20140828,43.77,44.41,43.53,44.1,2735800
LBTYB,20140828,46,46,44.84,44.84,200
LBTYK,20140828,42.19,43.02,42.16,42.56,2164300
LCNB,20140828,15.25,15.44,15.03,15.07,17000
LCUT,20140828,17.3,17.44,17.11,17.17,59000
LE,20140828,34.56,34.8,34.03,34.22,227500
LECO,20140828,70.94,71.14,70.48,70.87,191300
LEDS,20140828,0.83,0.87,0.83,0.83,35900
LFUS,20140828,92.29,93.06,91.66,91.98,102500
LFVN,20140828,8.68,8.75,8.47,8.61,359300
LGIH,20140828,19.97,19.97,19.13,19.15,49800
LGND,20140828,51.6,53.67,51.2,51.96,349300
LHCG,20140828,25.33,25.81,25.33,25.49,19000
LINC,20140828,2.53,2.55,2.51,2.53,33700
LIVE,20140828,4.03,4.1,3.95,3.99,454200
LJPC,20140828,10.44,10.56,10.19,10.44,106000
LKFN,20140828,25.9,26.0133,25.7667,25.8667,53900
LKQ,20140828,27.68,27.83,27.44,27.77,820700
LLNW,20140828,2.29,2.37,2.27,2.35,443600
LMAT,20140828,7.4,7.4,7.3,7.37,2500
LMNR,20140828,23.56,24.5,23.56,24.08,35100
LNDC,20140828,13.02,13.15,12.95,13.1,70400
LOAN,20140828,2.68,2.68,2.58,2.6,37200
LOCO,20140828,31.07,32.15,31,31.65,864800
LOGI,20140828,13.71,13.8,13.71,13.75,381200
LOPE,20140828,42.45,42.9,42.17,42.31,186100
LORL,20140828,74.05,74.74,74.05,74.58,21800
LPCN,20140828,8.45,9.48,8.29,8.89,57300
LPLA,20140828,48.5,48.93,48.25,48.38,297400
LPSN,20140828,12.75,13.11,12.72,12.78,249300
LPTH,20140828,1.26,1.26,1.26,1.26,100
LQDT,20140828,14.99,14.99,14.57,14.66,223600
LRCX,20140828,70.81,71.91,70.36,71.87,931700
LSBK,20140828,12.37,12.37,12.37,12.37,0
LSCC,20140828,7.39,7.47,7.35,7.4,900300
LSTR,20140828,68.22,68.55,67.71,68.03,131600
LTBR,20140828,182.4,182.4,177.6,180,36800
LTRPA,20140828,37.36,38.39,34.24,36,2454600
LTRX,20140828,1.85,1.9,1.84,1.86,10200
LULU,20140828,40.75,41,40.34,40.59,1799300
LUNA,20140828,1.29,1.32,1.29,1.32,17700
LWAY,20140828,13.63,13.87,13.62,13.82,15000
LXRX,20140828,10.5,10.85,10.36,10.5,540700
LYTS,20140828,6.8,6.94,6.8,6.87,22800
MACK,20140828,7.09,7.24,6.99,7.03,894400
MANH,20140828,28.9,29.29,28.62,28.99,229700
MANT,20140828,28.77,28.83,28.55,28.7,63100
MAR,20140828,68.78,69.12,68.17,68.99,1382300
MARA,20140828,22.06,23.58,22,22.5,27000
MARK,20140828,7.02,7.12,6.9,7,14000
MARPS,20140828,17.04,17.33,16.61,17.01,5600
MASI,20140828,22.76,22.76,22.1,22.16,371500
MAT,20140828,34.8,34.83,34.59,34.7,2073500
MATW,20140828,46.02,46.22,45.7,45.98,73200
MAYS,20140828,60.3,60.3,60.3,60.3,100
MBII,20140828,5.94,6,5.77,5.9,99800
MBUU,20140828,20.68,20.77,20.29,20.3,34600
MBWM,20140828,19.01,19.28,18.84,18.88,10200
MCBC,20140828,5.05,5.07,5.02,5.03,33500
MCHP,20140828,47.45,48.08,47.36,48.02,896300
MCHX,20140828,8.76,8.87,8.6,8.63,143700
MCRI,20140828,12.48,12.65,12.33,12.57,12000
MDIV,20140828,22.3,22.34,22.25,22.29,193200
MDLZ,20140828,36.22,36.44,36.06,36.29,3642000
MDRX,20140828,14.7,14.85,14.61,14.64,1596900
MDWD,20140828,7.54,7.61,7.28,7.3,27600
MDXG,20140828,6.78,7.03,6.74,7.01,637200
MEIP,20140828,7.11,7.44,6.97,7.19,38600
MELI,20140828,113.18,114.98,113.18,114.68,320900
MEOH,20140828,66.46,67.04,66.14,66.7,356500
MERC,20140828,10.3,10.3,9.97,10,91500
MGEE,20140828,40.18,40.49,39.88,40.18,42300
MGI,20140828,14.1,14.31,14.07,14.15,208400
MGIC,20140828,7.25,7.27,7.16,7.21,46800
MGLN,20140828,55.17,56.09,54.98,55.6,251000
MGNX,20140828,21.8,22,20.96,21.05,123800
MGPI,20140828,11.98,11.99,11.58,11.85,48100
MGRC,20140828,36.78,36.97,36.69,36.76,40800
MGYR,20140828,7.8,8,7.8,7.99,1600
MHLD,20140828,12.01,12.18,11.96,12.11,259400
MICT,20140828,2.76,2.83,2.76,2.77,2100
MIDD,20140828,85.16,86.42,84.95,86.12,183600
MIND,20140828,13.11,13.18,13.02,13.13,38900
MITK,20140828,2.24,2.29,2.18,2.27,215700
MKSI,20140828,32.96,33.81,32.91,33.69,369600
MKTX,20140828,59.22,59.3,58.27,58.64,155200
MLAB,20140828,71.65,71.65,70.48,70.58,5800
MLHR,20140828,29.99,30.17,29.6,29.64,164000
MLVF,20140828,11.12,11.12,10.92,10.92,1100
MMLP,20140828,41.44,41.44,39.11,39.27,122800
MMSI,20140828,12.41,12.56,12.22,12.34,206600
MMYT,20140828,28.5,28.89,28.08,28.78,163200
MNDO,20140828,3.1,3.29,3.05,3.24,79600
MNKD,20140828,36.6,37.5,36.55,36.6,4028500
MNOV,20140828,2.2,2.3,2.19,2.26,37900
MNRO,20140828,51.72,52.17,51,51.14,251000
MNST,20140828,28.77,29.4067,28.67,29.3867,1279100
MNTX,20140828,12.82,13.25,12.61,13.16,201200
MOFG,20140828,24.14,24.14,23.77,23.86,7800
MORN,20140828,68.1,68.66,67.96,68.47,36200
MOSY,20140828,608,628,606,628,73300
MOVE,20140828,15.59,16.01,15.45,15.86,515600
MPAA,20140828,29.51,30.72,29.35,30.52,356200
MPB,20140828,16.15,16.15,16.1,16.1,200
MPWR,20140828,46.53,46.98,46.3,46.76,162000
MRCC,20140828,13.91,13.91,13.8,13.84,28700
MRCY,20140828,10.72,11.33,10.69,11.16,416700
MRLN,20140828,19.72,19.85,19.59,19.77,28200
MRNS,20140828,32,32.28,32,32.28,108900
MRTN,20140828,13.2133,13.3333,13.1467,13.24,116100
MRTX,20140828,20.15,20.92,19.68,20.5,41900
MRVL,20140828,13.65,13.93,13.65,13.92,5423300
MSEX,20140828,20.5,20.6,20.44,20.44,31500
MSFT,20140828,44.75,44.98,44.61,44.88,17657600
MSON,20140828,6.9,6.9,6.78,6.8,13000
MSTR,20140828,137.93,138.99,137.31,137.73,26400
MTBC,20140828,3.45,3.45,3.14,3.19,26400
MTEX,20140828,12.99,13.12,12.9,13.03,4100
MTLS,20140828,12.6,12.68,12.18,12.34,55600
MTRX,20140828,28.6,28.76,28,28,139100
MTSI,20140828,22.61,23.21,22.54,22.85,77600
MU,20140828,32.81,32.9,32.6,32.81,10896400
MVIS,20140828,2.06,2.09,2.02,2.08,225300
MYGN,20140828,35.71,36.6,35.58,36.01,523900
MYRG,20140828,23.26,23.53,23.2,23.36,62900
NAII,20140828,5.35,5.35,5.35,5.35,100
NATH,20140828,55.08,55.49,55,55.44,10000
NATI,20140828,32.93,33.17,32.56,32.84,165100
NATR,20140828,16.5,16.78,16.36,16.54,25600
NAVI,20140828,17.62,17.8,17.53,17.72,911100
NBIX,20140828,15.89,16.39,15.58,15.99,366500
NBN,20140828,9.34,9.45,9.25,9.43,5000
NBTB,20140828,24.04,24.04,23.79,23.8,49300
NCMI,20140828,14.57,14.6,14.4,14.45,118700
NCTY,20140828,77.4,78.6,77.1,77.1,25000
NDAQ,20140828,43.47,43.92,43.28,43.8,804700
NDLS,20140828,19.7,19.95,19.32,19.62,267200
NDSN,20140828,80.74,81.11,80.01,80.73,125400
NECB,20140828,6.93,6.98,6.9,6.98,5700
NEO,20140828,5.45,5.5,5.42,5.45,149600
NEOG,20140828,31.365,31.5,31.185,31.3125,78400
NEON,20140828,30,31,29.5,30.4,429700
NEPT,20140828,1.93,1.93,1.9,1.92,120100
NERV,20140828,6.99,7.2,6.65,6.94,36900
NETE,20140828,16.8,16.8,15,15.2,39200
NEWT,20140828,14.2,14.45,13.15,14.15,92900
NFBK,20140828,12.99,13.08,12.95,13.02,145600
NFLX,20140828,67.5,68.2114,67.2586,67.8871,1085900
NICE,20140828,38.88,39.29,38.72,39.02,133900
NICK,20140828,12.9,13,12.85,12.86,22400
NKSH,20140828,29.1,29.16,28.5,28.64,5200
NKTR,20140828,14.2,14.58,14.13,14.31,755200
NMIH,20140828,9.81,9.81,9.6,9.67,60700
NNBR,20140828,28.69,29.18,28.62,29,72700
NRIM,20140828,24.44,24.57,24.32,24.33,14200
NSEC,20140828,11.69,11.69,11.15,11.15,2700
NSIT,20140828,26.13,26.18,25.88,26,84700
NSSC,20140828,4.86,4.97,4.86,4.94,13600
NSTG,20140828,11.32,11.32,11.1,11.21,44100
NSYS,20140828,5,5,5,5,600
NTAP,20140828,41.48,42.07,41.42,41.99,2946000
NTCT,20140828,45.38,45.91,45.22,45.51,86600
NTES,20140828,17.786,17.978,17.558,17.658,229600
NTGR,20140828,32.91,33.28,32.65,32.82,190100
NTIC,20140828,10.345,10.35,9.88,10.15,6600
NTRS,20140828,68.85,68.89,68.45,68.8,822400
NTWK,20140828,3.64,3.7,3.42,3.48,418400
NUAN,20140828,16.97,17,16.82,16.87,1205100
NURO,20140828,57.6,58.24,57.28,57.28,84800
NUVA,20140828,34.8,35.1,34.53,34.9,346200
NVAX,20140828,94.2,95.4,92.4,92.4,1805100
NVCN,20140828,5000,5290,5000,5290,6900
NVDA,20140828,4.7975,4.8575,4.7825,4.8475,4492600
NVEC,20140828,68.72,69.36,68.53,68.59,10400
NVEE,20140828,9.5,10,9.35,9.42,9600
NVFY,20140828,22,22.4,21.35,21.85,107500
NVMI,20140828,11.14,11.19,11.03,11.14,32200
NWBI,20140828,12.58,12.66,12.51,12.54,527900
NWFL,20140828,29.2,29.2,29.1,29.2,1600
NWLI,20140828,253.11,254.45,253,254.45,1700
NWPX,20140828,37.34,37.34,36.7,36.8,28200
NWS,20140828,17.22,17.36,16.99,17.29,541900
NWSA,20140828,17.65,17.75,17.51,17.67,2239300
NXPI,20140828,65.46,66.97,65.06,66.96,2681200
NXST,20140828,46.25,46.77,45.46,45.66,209400
NYMT,20140828,8,8,7.94,7.96,667400
NYMTP,20140828,24.04,24.05,23.89,24.04,13400
NYMX,20140828,4.92,5.08,4.88,4.95,51300
OBAS,20140828,6.45,6.45,5.58,6.15,1000
OBCI,20140828,3.1,3.1,3.1,3.1,200
OCC,20140828,4.18,4.18,4.18,4.18,1000
OCFC,20140828,16.55,16.63,16.31,16.43,8700
OCUL,20140828,16.45,16.97,16.26,16.48,27100
ODFL,20140828,66.44,66.73,66.24,66.49,188700
OFED,20140828,17.81,17.81,17.81,17.81,0
OFIX,20140828,33.49,33.72,32.98,33.14,73800
OFLX,20140828,17.52,17.9,17.52,17.79,3200
OFS,20140828,12.56,12.8,12.56,12.7,11900
OIIM,20140828,3.04,3.07,3.01,3.05,4100
OLED,20140828,34.35,35.1,34.25,34.73,351500
OMAB,20140828,34.43,35,34.31,34.73,86600
OMCL,20140828,28,28,27.61,27.83,95200
OMER,20140828,14.11,14.32,13.84,14.19,164300
OMEX,20140828,13.44,13.68,13.44,13.56,243000
ONB,20140828,13.03,13.17,12.98,13.11,681400
ONCY,20140828,1.36,1.39,1.35,1.38,129900
ONEQ,20140828,179.34,179.64,178.5,179.17,15600
ONTX,20140828,820.5,825,772.5,775.5,55800
OPHC,20140828,12.6,12.9,12.6,12.8,500
OPOF,20140828,15.02,15.02,15.02,15.02,0
ORLY,20140828,155.02,156.87,154.21,156.46,352200
ORMP,20140828,9.72,9.83,9.62,9.62,15800
ORRF,20140828,15.86,16.69,15.56,16.49,7600
OSBC,20140828,4.76,4.8,4.72,4.76,19900
OSIS,20140828,68.76,70,68.62,69.67,358300
OSTK,20140828,17.65,17.88,17.43,17.51,77500
OSUR,20140828,8.45,8.51,8.24,8.26,313700
OTEX,20140828,28.36,28.385,27.965,28.25,122700
OTIC,20140828,19.07,19.89,17.91,19.77,181900
OTTR,20140828,28.47,28.79,28.38,28.45,77100
OVBC,20140828,22.72,22.72,22.57,22.7,2000
OVLY,20140828,10.15,10.15,10.15,10.15,0
OXBR,20140828,6.2,6.46,6.2,6.36,4700
OXBRW,20140828,1.69,1.69,1.69,1.69,0
OXLC,20140828,16.71,16.75,16.68,16.73,41700
OXLCO,20140828,24.45,24.5,24.45,24.5,3500
OXLCP,20140828,25.79,25.79,25.79,25.79,0
PAAS,20140828,14.27,14.31,14.12,14.22,539900
PACB,20140828,5.47,5.58,5.28,5.54,524300
PACW,20140828,41.55,41.91,41.29,41.78,355600
PAHC,20140828,18.89,19.19,18.89,19.07,26300
PATK,20140828,17.9822,18.6178,17.9333,18.2978,62500
PAYX,20140828,41.61,42.01,41.61,41.78,1001500
PBCT,20140828,14.93,14.97,14.85,14.94,1140700
PBHC,20140828,14.22,14.25,14.06,14.14,7000
PBIP,20140828,12.03,12.06,11.82,12,13300
PBPB,20140828,12.05,12.11,11.82,11.9,232400
PCAR,20140828,62.36,62.91,62.04,62.69,808100
PCH,20140828,42.75,43,42.49,42.58,96400
PCOM,20140828,17.4,17.79,17.24,17.54,90900
PCRX,20140828,106.46,108.31,106.06,107.79,246100
PCTI,20140828,7.7,7.74,7.66,7.66,10700
PCTY,20140828,23.08,23.33,22.92,22.95,106400
PCYG,20140828,10.62,10.74,10.25,10.39,33600
PCYO,20140828,6.53,6.59,6.44,6.45,8600
PDCE,20140828,57.63,58.62,56.82,58.02,595200
PDCO,20140828,40.1,40.41,39.84,40.32,424100
PDEX,20140828,2.06,2.06,2.06,2.06,300
PDFS,20140828,20.01,20.1,19.93,19.96,49100
PEBK,20140828,16.51,16.9,16.5,16.9,4900
PEBO,20140828,23.9,24.09,23.76,23.97,57200
PEGA,20140828,22.31,22.31,21.96,22.05,101300
PENN,20140828,11.18,11.32,11.04,11.26,826400
PERI,20140828,19.53,19.77,19.2,19.35,93700
PESI,20140828,3.98,4.06,3.87,3.87,8200
PETS,20140828,14.17,14.24,14.07,14.19,71100
PFBC,20140828,23.56,24,23.56,23.86,23500
PFIE,20140828,4.66,4.66,4.57,4.64,114800
PFIN,20140828,7.78,7.78,7.78,7.78,300
PFIS,20140828,50.03,50.5,49.72,49.89,14800
PFLT,20140828,14.17,14.19,14.14,14.16,57600
PFMT,20140828,9.58,9.65,9.37,9.47,187300
PFSW,20140828,8.53,8.62,8.53,8.6,8500
PGC,20140828,18.64,18.81,18.57,18.61,7000
PINC,20140828,32.21,32.21,31.87,31.91,91700
PKBK,20140828,10.6818,10.7273,10.4545,10.4636,12900
PKOH,20140828,58.06,58.19,57.6,57.82,21200
PLAB,20140828,8.9,9,8.83,8.84,250200
PLBC,20140828,7.95,8,7.85,7.9,4900
PLCE,20140828,53.82,54.08,53.02,53.83,240300
PLPC,20140828,57.14,57.2,55.52,55.74,3600
PLUG,20140828,5.73,5.74,5.47,5.55,12202900
PLUS,20140828,28.42,29.105,28.42,28.9,21100
PLXS,20140828,40.93,41.11,40.67,40.95,103100
PMBC,20140828,7.03,7.04,6.98,7.03,5900
PMD,20140828,14.3,14.41,14.27,14.3,8300
PME,20140828,2.35,2.43,2.33,2.43,5200
PNBK,20140828,17.6,18.7,17.6,18.6,4600
PNFP,20140828,35.99,36.12,35.46,35.54,109700
PNNT,20140828,11.75,11.85,11.72,11.81,290000
PNQI,20140828,69.52,69.67,69.27,69.39,9500
PNRG,20140828,65.59,65.59,65.59,65.59,0
PODD,20140828,36.27,36.43,35.85,36,267400
POOL,20140828,56.23,56.68,56,56.36,98600
POWI,20140828,29.08,29.7,29.025,29.455,140400
POWL,20140828,52.4,53.06,52.15,52.56,36300
PPBI,20140828,14.62,14.79,14.62,14.69,9300
PPC,20140828,29.64,29.91,29.44,29.87,2478300
PPSI,20140828,8.65,8.65,8.25,8.25,600
PRAA,20140828,57.21,57.33,55.69,56.32,405900
PRFT,20140828,16.97,17.55,16.97,17.08,152100
PRFZ,20140828,99.44,99.72,99.09,99.43,18200
PRGS,20140828,22.98,23.18,22.94,22.96,76400
PRIM,20140828,28.79,29.16,28.79,28.82,100100
PROV,20140828,14.72,14.76,14.58,14.66,40400
PRPH,20140828,1.5,1.55,1.48,1.52,17100
PRTA,20140828,22.45,22.84,22.42,22.52,102200
PRTS,20140828,2.97,3.24,2.88,3.2,120100
PSCC,20140828,50.82,50.93,50.71,50.88,7000
PSCD,20140828,46.37,46.64,46.37,46.44,3400
PSCE,20140828,48.9,49.17,48.87,48.91,3400
PSCF,20140828,39.04,39.21,39.03,39.03,3500
PSCH,20140828,56.69,56.78,56.37,56.41,4500
PSCI,20140828,43.81,43.95,43.79,43.79,17900
PSCM,20140828,47.29,47.47,47.06,47.4,4900
PSCT,20140828,46.56,46.67,46.38,46.44,16900
PSCU,20140828,35.94,36.07,35.94,36.01,1000
PSEC,20140828,10.27,10.34,10.24,10.26,6135400
PSMT,20140828,90.58,90.63,89.17,90.06,85000
PSTI,20140828,28.2,28.4,27.2,27.8,86500
PTC,20140828,38.82,38.87,38.43,38.74,329200
PTCT,20140828,31.54,32.19,29.7,31.33,308400
PTEN,20140828,33.76,33.76,33.31,33.54,1797700
PTNR,20140828,7.2,7.23,7.14,7.14,42100
PTSI,20140828,37.64,37.67,37.04,37.04,11900
PWOD,20140828,30.2067,30.36,29.8067,30.04,4900
PXLW,20140828,6.3,6.72,6.25,6.64,993700
PZZA,20140828,39.25,39.62,39.02,39.42,196800
QABA,20140828,34.96,34.96,34.77,34.8,1600
QADA,20140828,20.5,20.81,20.5,20.8,19300
QADB,20140828,17.5,17.76,17.4,17.76,4100
QAT,20140828,26.02,26.06,25.73,25.98,34900
QCLN,20140828,20.76,20.86,20.63,20.77,52700
QCOM,20140828,76.69,76.9,76.31,76.34,5245900
QCRH,20140828,17.5,17.5,17.45,17.45,1500
QDEL,20140828,23.62,23.92,23.3,23.36,59100
QIWI,20140828,40,40,37.67,38.18,548300
QLYS,20140828,24.4,24.5,23.43,23.92,251000
QNST,20140828,4.66,4.7,4.5,4.62,854500
QQEW,20140828,40.45,40.51,40.26,40.44,40200
QQQ,20140828,99.2,99.53,99.08,99.41,23563800
QQQX,20140828,19.56,19.56,19.43,19.5,29600
QQXT,20140828,37.63,37.71,37.61,37.67,6800
QRHC,20140828,31.36,32,30.48,31.92,20900
QTEC,20140828,40.98,41.12,40.86,41.11,19800
QTNT,20140828,8.98,8.99,8.8,8.81,6800
QUIK,20140828,48.58,48.86,47.32,47.46,282900
QUMU,20140828,13.22,13.56,12.54,13.17,7200
QURE,20140828,11,11.11,10.83,11.11,32200
QYLD,20140828,25.29,25.3,25.29,25.3,4400
RADA,20140828,2.96,2.96,2.96,2.96,100
RAIL,20140828,29.75,30.36,29.41,30.11,81500
RAND,20140828,27.54,27.54,27.54,27.54,2500
RARE,20140828,52.4,54.13,52.4,53.87,358700
RAVN,20140828,26.88,27.02,26.46,26.74,64500
RBCAA,20140828,22.58,22.69,22.52,22.55,12200
RBCN,20140828,63.6,64.2,62,62.6,534700
RCII,20140828,27.88,28.11,27.55,28.01,576300
RCKY,20140828,15.08,15.08,14.78,14.82,15100
RCMT,20140828,7.23,7.31,7.17,7.17,9700
RCON,20140828,21.8,23.7,21.5,22.25,59000
RDCM,20140828,6,6,5.77,5.91,6400
RDHL,20140828,14.3,14.45,14.3,14.45,300
RDI,20140828,8.67,8.67,8.5,8.52,24700
RDNT,20140828,6.61,6.71,6.53,6.62,189000
RDUS,20140828,13.87,13.87,13.13,13.39,10100
RDVY,20140828,21.59,21.67,21.58,21.67,1800
RDWR,20140828,17.2,17.36,17.17,17.21,88100
REFR,20140828,5.17,5.18,5.04,5.08,21100
REGI,20140828,11.91,12.06,11.78,11.81,180600
REGN,20140828,348.93,351.42,346.47,346.92,401700
RELL,20140828,10.09,10.09,10,10.03,20300
RENT,20140828,52.96,53.18,50.96,51.04,86200
REPH,20140828,5.55,5.64,5.55,5.6,600
RESN,20140828,7.35,7.5,7.13,7.37,25900
RFIL,20140828,5.41,5.45,5.38,5.42,5900
RGCO,20140828,13.2333,13.52,13.2333,13.52,4600
RGEN,20140828,20.02,20.22,19.54,19.63,221200
RGLD,20140828,76.17,76.71,75.36,76.45,492800
RGLS,20140828,85.2,86.76,80.88,81.6,45100
RIBT,20140828,5.76,6.22,5.76,6.13,369700
RICK,20140828,11.84,11.91,11.77,11.79,34500
RIGL,20140828,2.61,2.67,2.51,2.56,676800
RMBS,20140828,12.13,12.18,11.97,12.17,319400
RMCF,20140828,12.49,12.72,12.49,12.71,6400
RMTI,20140828,9.4,9.48,9.21,9.25,384900
RNA,20140828,9.29,9.42,9.1,9.15,111200
RNST,20140828,28.93,28.93,28.6,28.71,27900
RNWK,20140828,7.73,7.75,7.65,7.68,54100
ROCK,20140828,15.87,15.91,15.63,15.74,32400
ROIC,20140828,15.78,15.84,15.72,15.84,225800
ROLL,20140828,61.23,62.05,60.85,61.32,95100
ROST,20140828,37.455,37.715,37.045,37.615,1135400
RPRX,20140828,21.05,22.15,19.67,21.58,5461900
RRGB,20140828,53.27,53.63,52.71,53.07,103100
RUSHA,20140828,23.9267,24.1667,23.7933,24.1533,79200
RUSHB,20140828,21.2467,21.3467,21.2467,21.3467,900
RUTH,20140828,10.97,11.08,10.9,11.03,97700
RVNC,20140828,23.1,23.57,22.98,23.35,43300
RVSB,20140828,3.8,3.81,3.78,3.8,5200
RXDX,20140828,7.4,7.52,7.37,7.52,28400
RYAAY,20140828,55.42,55.42,54.65,54.78,110800
SABR,20140828,18.32,18.44,17.95,18.01,432100
SAFM,20140828,91.76,94.82,91.01,93.84,868100
SAFT,20140828,55.03,55.45,54.52,55.12,33300
SAGE,20140828,28.77,29.5,28.77,29.43,43000
SAIA,20140828,47.5,47.75,46.9,47.18,106300
SAL,20140828,28.15,28.67,28.15,28.63,3900
SALM,20140828,8.15,8.2,8.05,8.09,15000
SAMG,20140828,16.39,16.6,16.3,16.38,10800
SANM,20140828,23.55,23.68,23.25,23.27,696700
SANW,20140828,5.74,5.74,5.45,5.55,154500
SASR,20140828,23.74,24.14,23.74,23.93,23700
SATS,20140828,40.0238,40.4788,39.8206,40.4788,103800
SBAC,20140828,110.25,110.97,109.88,110.67,639800
SBCF,20140828,10.36,10.45,10.31,10.37,104900
SBFG,20140828,8.8,8.8,8.8,8.8,0
SBGI,20140828,29.22,29.36,28.83,28.88,682000
SBLK,20140828,69.25,69.9,67.3,69.5,126000
SBNY,20140828,118.41,118.46,117.32,117.51,212200
SBRA,20140828,28.29,28.48,27.9,28.33,273000
SBSI,20140828,34.11,34.51,33.7,34.27,54700
SBUX,20140828,38.895,39.015,38.755,38.905,1979000
SCHL,20140828,34.94,35.29,34.62,34.68,129800
SCHN,20140828,28.04,28.44,27.58,27.71,164800
SCOR,20140828,38.49,38.58,38.15,38.26,85400
SCSC,20140828,38.91,39.27,38.44,38.48,45100
SCVL,20140828,21.27,21.81,21.27,21.58,61900
SCYX,20140828,62.2,65,61.5,65,8300
SEAC,20140828,7.57,7.99,7.54,7.7,195600
SEED,20140828,19.6,19.8,19.3,19.3,31100
SEIC,20140828,37.3,37.57,37.05,37.45,745700
SENEA,20140828,30.17,30.18,30,30.03,8700
SENEB,20140828,30.62,30.62,30.62,30.62,0
SFBC,20140828,18.57,18.57,18.55,18.55,1600
SFM,20140828,30.91,31.1,30.6,31,614000
SFNC,20140828,20.19,20.275,19.925,19.925,34000
SFST,20140828,14,14,14,14,0
SGC,20140828,21.56,22.04,21.5,21.59,8800
SGEN,20140828,43.81,44.95,43.16,43.57,864300
SGMA,20140828,11.15,11.15,10.9,10.94,13300
SGMO,20140828,14.32,14.83,14.05,14.05,684700
SGMS,20140828,9.76,10.03,9.76,9.98,1083900
SGOC,20140828,8.32,12.88,8.28,11.36,8671800
SGRP,20140828,1.46,1.46,1.41,1.41,24200
SHBI,20140828,8.83,9,8.83,9,17800
SHEN,20140828,13.66,13.81,13.54,13.71,26400
SHIP,20140828,1668,1752,1620,1716,3700
SHOO,20140828,23.0467,23.3867,22.58,22.8133,580600
SHY,20140828,84.53,84.57,84.53,84.56,459100
SIEB,20140828,2.22,2.22,2.17,2.17,2100
SIFY,20140828,2.02,2.05,2,2.03,60900
SIGA,20140828,1.34,1.36,1.31,1.35,211600
SIGI,20140828,24.06,24.06,23.86,23.9,72300
SILC,20140828,31.36,31.36,30.18,30.25,71100
SIMO,20140828,26.48,26.8,26.12,26.67,349400
SINO,20140828,8,8.15,8,8.15,6700
SIRI,20140828,3.59,3.62,3.57,3.6,35080600
SIVB,20140828,110.09,111.15,109.42,110.82,325000
SKYW,20140828,9.23,9.35,9.04,9.09,671300
SKYY,20140828,27.74,27.94,27.69,27.86,233100
SLAB,20140828,43.62,44.14,43.39,43.84,265700
SLCT,20140828,7.55,7.55,7.54,7.55,2200
SLGN,20140828,25.095,25.21,25.015,25.14,106500
SLM,20140828,8.88,8.89,8.81,8.88,1749600
SLMBP,20140828,73.75,75,73.28,75,2600
SLP,20140828,6.75,6.92,6.67,6.85,15700
SLRC,20140828,19.79,19.97,19.79,19.89,119500
SLVO,20140828,14.37,14.39,14.3,14.31,20300
SMBC,20140828,17.83,17.83,17.51,17.51,600
SMCI,20140828,24.93,25.03,24.55,24.73,206200
SMED,20140828,4.35,4.41,4.31,4.38,6700
SMIT,20140828,3.05,3.2,2.9,2.94,79700
SMLR,20140828,3.6,3.6,3.49,3.57,7100
SMMF,20140828,10.5,10.5,10.48,10.48,400
SMPL,20140828,16.51,16.51,16.05,16.11,4000
SMSI,20140828,3.88,4.12,3.88,4,84600
SMTC,20140828,24.9,25.74,24.9,25.66,604900
SNCR,20140828,43.47,43.77,42.28,43.09,475800
SNFCA,20140828,4.58,4.7,4.58,4.7,11600
SNPS,20140828,40.69,40.91,40.63,40.75,443600
SOCL,20140828,20.24,20.3,20.16,20.23,73900
SOHO,20140828,8.02,8.16,7.92,8.15,21900
SOHU,20140828,59.64,59.81,58.73,58.84,171600
SOXX,20140828,86.55,87.33,86.43,87.28,69100
SP,20140828,21.98,22.09,21.27,21.53,15000
SPBC,20140828,28.85,28.85,28.78,28.8,7100
SPCB,20140828,11.87,11.89,11.54,11.65,70000
SPLK,20140828,45.7,46.22,45.1,45.29,3881100
SPNS,20140828,8.29,8.29,8.02,8.05,20800
SPOK,20140828,15.02,16.32,14.69,14.73,27200
SPPI,20140828,8.08,8.14,7.94,7.97,672400
SPRO,20140828,1.96,1.96,1.95,1.95,1000
SPSC,20140828,56.05,56.32,55.66,56.01,30500
SPTN,20140828,21.3,21.33,21.12,21.14,104100
SPWH,20140828,6.09,6.09,5.9,5.99,191700
SPWR,20140828,37.68,38.48,37.52,38.05,1126900
SQQQ,20140828,2882.4,2894.4,2856.8,2867.2,1720600
SRCE,20140828,29.97,29.97,29.55,29.83,24000
SRCL,20140828,118.65,119.03,118.04,118.8,153900
SRDX,20140828,20.53,20.53,19.75,19.82,28400
SREV,20140828,3.8,3.96,3.74,3.84,2723900
SRNE,20140828,5.38,5.54,5.38,5.45,10500
SRPT,20140828,22.7,23.35,22.06,22.13,823000
SSB,20140828,59.17,59.17,58.01,58.01,28600
SSBI,20140828,12.9,13.11,12.9,13.09,8300
SSNC,20140828,45.81,45.81,45.06,45.11,146400
SSYS,20140828,117.06,119.23,116.5,117.79,797200
STAA,20140828,11.4,11.43,11.16,11.22,122000
STBA,20140828,25.07,25.38,24.9,24.98,54800
STFC,20140828,22.25,22.3,21.73,21.74,25200
STKL,20140828,13.29,13.31,12.94,12.95,280200
STLD,20140828,23.45,23.45,23.09,23.14,2771200
STRA,20140828,59.79,60.75,59.41,59.69,57600
STRL,20140828,8.79,8.82,8.54,8.57,58500
STRM,20140828,4.55,4.98,4.55,4.75,43200
STRN,20140828,5.02,5.02,5.02,5.02,0
STRS,20140828,15,15.1,15,15,19000
STRT,20140828,78.1,78.62,77.51,77.9,20800
STX,20140828,61.14,62.19,60.88,62.09,2015600
SUMR,20140828,40.05,40.5,37.35,38.61,98300
SUNS,20140828,15.72,15.77,15.66,15.68,99300
SUPN,20140828,8.94,9.04,8.78,8.81,646300
SURG,20140828,3.1,3.13,3.05,3.05,39600
SVBI,20140828,4.49,4.7,4.48,4.68,14400
SVVC,20140828,22.6,22.75,22.6,22.72,30800
SWIR,20140828,27.86,27.99,25.62,27.27,1842000
SWKS,20140828,54.49,55.66,54.18,55.54,1843400
SYBT,20140828,20.02,20.0733,19.9,19.9533,16600
SYNA,20140828,80.34,80.69,78.82,79.87,443800
SYNL,20140828,17.57,17.71,17.5,17.71,5000
SYPR,20140828,4.36,4.39,4.27,4.33,11900
TACT,20140828,7.46,7.46,7.32,7.44,2900
TAIT,20140828,0.99,1.02,0.99,0.99,500
TAST,20140828,7.16,7.32,6.9,7.24,160200
TATT,20140828,7.62,7.62,7.61,7.61,800
TAYD,20140828,8.64,8.64,8.63,8.63,1300
TBBK,20140828,9.92,9.96,9.74,9.81,348700
TBNK,20140828,20.41,20.48,20.28,20.41,20300
TBPH,20140828,29.02,29.99,28.25,28.64,95000
TCBI,20140828,54.28,54.29,53.77,53.89,291500
TCBK,20140828,22.62,22.63,22.28,22.32,47400
TCFC,20140828,21.43,21.43,21.43,21.43,0
TCPC,20140828,17.5,17.6,17.26,17.59,237000
TCX,20140828,16.05,16.25,15.89,16.13,6200
TDIV,20140828,27.65,27.71,27.53,27.68,89100
TECH,20140828,94.36,95.23,93.55,95.06,89100
TEDU,20140828,13.52,13.82,13.12,13.71,490300
TESS,20140828,31.69,32.4,31.57,31.97,18200
TFSL,20140828,14.27,14.42,14.25,14.33,200300
TGA,20140828,6.82,6.83,6.72,6.73,56700
TGLS,20140828,11.17,11.38,11.17,11.3,5100
TGTX,20140828,8.5,8.66,8.45,8.55,254400
THFF,20140828,31.71,32.29,31.5,32.02,219500
THRM,20140828,47.54,48.61,47.25,48.35,404000
THRX,20140828,23,23.16,22.19,22.96,509400
TIGR,20140828,0.94,0.94,0.92,0.94,18800
TILE,20140828,17.25,17.25,16.98,17.06,109900
TIPT,20140828,7.14,7.19,7.11,7.12,5000
TITN,20140828,12.5,12.5,12.25,12.33,412500
TLT,20140828,119.13,119.37,118.67,118.97,9463600
TNDM,20140828,13.9,14.12,13.78,14.05,58400
TNXP,20140828,14440,14600,14250,14410,92800
TOPS,20140828,2070000,2100000,2010000,2030000,109700
TOUR,20140828,19.54,19.83,18.41,18.55,1488200
TOWN,20140828,14.55,14.56,14.4,14.42,47800
TQQQ,20140828,14.5717,14.7133,14.5133,14.6583,1352100
TREE,20140828,31.81,31.96,31.54,31.9,98500
TRIB,20140828,21.22,21.36,20.75,21,45900
TRIP,20140828,101.15,101.25,98.25,99.37,2186400
TRMB,20140828,33.28,33.32,32.79,33,1340900
TRMK,20140828,23.83,23.87,23.56,23.68,226300
TRNS,20140828,8.86,8.97,8.76,8.81,14500
TROW,20140828,80.24,80.99,79.96,80.8,1082400
TRS,20140828,31.8,32.29,31.65,31.73,191900
TRST,20140828,6.92,7,6.91,6.96,165200
TRUE,20140828,19.24,19.87,18.52,19.4,784200
TRVN,20140828,6.18,6.27,5.88,6.14,27200
TSBK,20140828,10.7,10.72,10.44,10.65,11200
TSC,20140828,9.36,9.49,9.29,9.41,70500
TSCO,20140828,66.27,67.4,65.76,67.15,1135500
TSEM,20140828,11.1,11.5,10.88,11.36,1164300
TSLA,20140828,52.378,52.896,52.328,52.772,2854700
TSRI,20140828,3.31,3.31,3.18,3.18,2000
TTEC,20140828,26.58,26.74,26.45,26.65,70600
TTEK,20140828,25.51,25.67,25.21,25.48,322500
TTGT,20140828,8.59,8.7,8.44,8.66,70100
TTMI,20140828,7.5,7.51,7.38,7.47,222900
TTOO,20140828,21.11,22.4,20.68,22.1,64000
TTWO,20140828,22.58,22.58,22.26,22.46,893200
TW,20140828,109.34,109.61,108.42,108.83,186100
TWIN,20140828,32.46,32.77,31.63,32.08,11000
TWOU,20140828,18.75,19,18.43,18.56,63800
TXN,20140828,47.61,48.16,47.49,48.02,3434200
TXRH,20140828,26.44,26.66,26.41,26.63,450500
TZOO,20140828,17.05,17.45,17.04,17.05,23300
UAE,20140828,24.12,24.28,23.98,24,198400
UBCP,20140828,8.01,8.01,8.01,8.01,300
UBFO,20140828,5.79,5.83,5.72,5.72,11100
UBOH,20140828,14.99,15,14.8,14.9,6500
UBSI,20140828,33.1,33.15,32.75,32.81,122400
UCBI,20140828,16.59,16.97,16.59,16.89,178000
UCTT,20140828,9.84,9.87,9.57,9.57,109500
UEIC,20140828,53.8,54.78,53.8,54.56,72200
UEPS,20140828,11.26,11.76,11.15,11.7,394900
UFCS,20140828,29.5,29.72,29.37,29.44,31700
UFPI,20140828,47.52,47.65,47.17,47.26,38300
UFPT,20140828,23.23,23.49,23.06,23.46,23200
UG,20140828,25.29,25.49,24.86,24.86,2300
UHAL,20140828,280.65,280.8,271.71,278.06,44300
UIHC,20140828,16.32,16.32,15.85,15.94,326700
ULBI,20140828,3.39,3.42,3.37,3.42,1000
ULTA,20140828,97.57,98.3,97.01,97.91,354700
UMBF,20140828,57.63,57.74,56.95,57.11,75800
UMPQ,20140828,17.38,17.51,17.23,17.36,987400
UNAM,20140828,12.09,12.2,12,12.01,3900
UNB,20140828,24.4,24.48,24.4,24.46,700
UNTY,20140828,8.69,8.8,8.36,8.79,11100
URBN,20140828,39.94,40.19,39.36,39.77,2291500
USAK,20140828,18.79,18.89,18.71,18.82,29200
USAP,20140828,31.7,32.24,31.59,32.05,16900
USEG,20140828,244.8,244.8,236.4,241.2,172100
USLM,20140828,60,61.2,59.98,60.7,12800
UTHR,20140828,92.89,93.51,91.42,91.69,487600
UTMD,20140828,52.1,52.44,50.64,51.9,4300
UTSI,20140828,2.93,3.01,2.88,3,103700
UVSP,20140828,19.37,19.65,19.26,19.33,15900
VALU,20140828,16.05,16.39,16.01,16.39,2200
VBFC,20140828,24.02,24.02,24.02,24.02,0
VBIV,20140828,2.93,3.05,2.93,3.05,3200
VCIT,20140828,87.15,87.19,87.03,87.08,177000
VCLT,20140828,92.4,92.71,92.36,92.48,46900
VCSH,20140828,80.28,80.28,80.22,80.25,432900
VCYT,20140828,12.86,12.95,12.52,12.66,37200
VECO,20140828,35.25,35.65,34.94,35.39,192200
VGIT,20140828,64.14,64.21,64.13,64.21,12800
VGLT,20140828,74.21,74.21,73.95,73.96,43000
VGSH,20140828,60.93,60.96,60.93,60.96,14100
VIA,20140828,80.64,81.25,80.47,80.81,28600
VICR,20140828,8.75,8.75,8.3,8.34,42600
VIEW,20140828,1.81,1.92,1.8,1.84,43500
VIRC,20140828,2.7,2.81,2.6,2.74,2700
VIVO,20140828,19.65,19.75,19.55,19.63,222800
VLGEA,20140828,22.6,22.92,22.35,22.36,20700
VMBS,20140828,52.68,52.69,52.6,52.62,29900
VNDA,20140828,12.76,12.93,12.36,12.36,548000
VNET,20140828,29.18,30.95,28.04,28.68,2198400
VNOM,20140828,32.34,32.36,31.8,31.85,13500
VNQI,20140828,59.01,59.06,58.87,59,108400
VOD,20140828,34.28,34.42,34.27,34.41,2265500
VONE,20140828,92.33,92.48,92.17,92.32,13200
VONG,20140828,95.31,95.56,95.31,95.54,15100
VONV,20140828,89.26,89.59,89.23,89.52,198100
VOXX,20140828,9.89,10.14,9.72,9.77,117100
VRA,20140828,20.57,20.73,19.75,20.34,806900
VRNS,20140828,22.1,22.38,21.47,22.25,129700
VRNT,20140828,49.53,49.91,49.04,49.76,189500
VRSK,20140828,63.76,63.98,63.57,63.88,307000
VRSN,20140828,56.23,56.73,55.9,56.47,614700
VRTS,20140828,222.11,224.37,221.97,223.9,34500
VRTX,20140828,92.55,94.08,92.34,92.8,558100
VSAT,20140828,56.29,56.58,56.1,56.41,231800
VSEC,20140828,30.575,30.575,29.215,29.31,9500
VSTM,20140828,9.02,9.18,8.8,8.83,132300
VTHR,20140828,92.45,92.45,92.45,92.45,100
VTIP,20140828,49.94,49.94,49.87,49.89,69800
VTNR,20140828,9.21,9.44,9,9.04,252600
VTWG,20140828,98.64,99.28,98.62,99.04,4000
VTWO,20140828,92.84,93.24,92.81,93.03,20100
VTWV,20140828,87.38,87.4,87,87.25,4300
VWOB,20140828,81.3,81.3,80.72,80.87,12500
VXUS,20140828,53.9,53.97,53.81,53.95,272600
WABC,20140828,48.51,48.68,48,48.2,99700
WAFD,20140828,21.56,21.69,21.39,21.57,224300
WASH,20140828,35.11,35.21,34.8,34.82,12900
WATT,20140828,12.3,12.6,12,12.21,44800
WB,20140828,19.26,19.58,19.17,19.5,396300
WDAY,20140828,88.46,90.45,85.23,85.89,4434500
WDC,20140828,102.09,102.6,101.66,102.07,1357500
WDFC,20140828,68.33,69.14,68.18,68.4,40700
WEN,20140828,8.07,8.17,8.07,8.14,1816400
WERN,20140828,24.67,24.93,24.53,24.88,249600
WETF,20140828,11.26,11.52,11.12,11.35,1233400
WEYS,20140828,27.05,27.05,26.77,26.8,6500
WHF,20140828,14.47,14.55,14.31,14.38,27800
WHLM,20140828,6.1,6.25,5.98,6,2800
WHLR,20140828,39.76,40.72,39.76,40.72,5000
WHLRP,20140828,25.15,25.2,25.05,25.2,12100
WILC,20140828,7.29,7.3,7.28,7.3,2500
WINA,20140828,72.47,73.55,71.03,72.71,51600
WIRE,20140828,42.78,42.78,41.73,42.11,65600
WIX,20140828,16.35,16.66,16.1,16.23,118100
WLDN,20140828,11.1,11.23,10.77,11.1,65100
WLFC,20140828,22.08,22.12,20.75,21.31,15500
WOOD,20140828,51.66,51.74,51.43,51.66,16000
WOOF,20140828,40,40.74,39.57,40.66,1432100
WPRT,20140828,14.79,14.88,14.42,14.48,482000
WRLD,20140828,80.02,80.02,78.54,78.56,100200
WSBC,20140828,30.95,31.1,30.69,30.82,28600
WSBF,20140828,11.38,11.41,11.21,11.3,37800
WSFS,20140828,24.74,24.9633,24.6733,24.8333,22000
WSTG,20140828,15.23,15.81,15.16,15.72,16800
WTBA,20140828,14.99,15.1,14.91,14.92,17400
WTFC,20140828,46.69,46.76,46.32,46.41,139400
WVFC,20140828,10.85,10.85,10.85,10.85,0
WVVI,20140828,5.65,5.65,5.61,5.65,1800
WWD,20140828,52.16,52.55,51.58,51.91,256200
WYNN,20140828,195.45,197.6,193.07,196.79,1561600
XENT,20140828,16,16.45,15.5,15.79,36200
XLNX,20140828,41.69,41.88,41.53,41.76,2342800
XLRN,20140828,28.07,28.11,27.35,27.45,117400
XNCR,20140828,10.46,10.48,10.18,10.29,15300
XNET,20140828,10.8,11.47,10.77,11.2,450900
XOMA,20140828,86,88.4,86,87.2,859000
XONE,20140828,28.7,30.3,28.35,29.88,592800
XRAY,20140828,47.85,48,47.21,47.58,469600
XTLB,20140828,11.2,11.3,11.2,11.3,300
YNDX,20140828,28.47,28.75,28.11,28.34,1857100
YORW,20140828,20.18,20.22,19.89,20.15,14900
YY,20140828,86.6,86.82,84.7,84.8,1114000
Z,20140828,144.67,145.29,142.55,143.22,757200
ZBRA,20140828,77.2,77.97,76.76,77.72,245400
ZEUS,20140828,23.42,23.46,23.09,23.2,45700
ZGNX,20140828,10.08,10.4,9.92,10.24,1250400
ZION,20140828,29.27,29.31,28.97,29.14,2023800
ZIOP,20140828,3.25,3.28,3.14,3.15,463100
ZIXI,20140828,3.76,3.83,3.66,3.75,251500
ZNGA,20140828,2.89,2.92,2.84,2.88,9184500
ZUMZ,20140828,32.9,32.9,32.07,32.15,330600
