AAL,20140127,30.43,30.87,28.67,30.18,16288400
AAME,20140127,3.99,4.03,3.99,3.99,7800
AAOI,20140127,13.55,13.81,13.4,13.72,33800
AAON,20140127,21.6,21.8733,20.8467,21.1133,85800
AAPL,20140127,19.6597,19.8143,19.4911,19.6607,20602700
AAWW,20140127,37.9,37.9,36.26,37.1,490500
AAXJ,20140127,55.93,56.1,55.36,55.76,1095200
ABCB,20140127,20.38,21.47,19.94,20.21,123000
ABIO,20140127,255.78,257.04,236.88,243.18,930400
ABMD,20140127,26.54,27.01,26.34,26.55,300600
ACAD,20140127,23.31,23.31,21.26,22.45,2042900
ACET,20140127,21.38,21.75,20.83,21.19,361600
ACGL,20140127,17.79,18.0033,17.7333,17.87,298400
ACHC,20140127,52.22,52.65,51.59,52.59,526400
ACIW,20140127,20.4,20.42,19.9167,20.0233,449400
ACLS,20140127,9.56,9.56,8.96,9.32,1135400
ACNB,20140127,18.66,18.9,18.5,18.9,2100
ACOR,20140127,31.19,31.22,29.43,29.82,502700
ACRX,20140127,10.81,11.25,9.91,10.74,641900
ACST,20140127,12.7,12.8,11.8,12.4,540700
ACTG,20140127,14.18,14.18,13.78,13.82,586100
ACWI,20140127,55.62,55.62,54.91,55.21,1305900
ACWX,20140127,44.59,44.59,44.04,44.29,259600
ADBE,20140127,58.11,58.88,57.86,58.36,5257900
ADES,20140127,25.805,25.825,24.615,25.07,116000
ADI,20140127,48.33,48.72,48.11,48.22,1888300
ADMP,20140127,6.73,6.82,6.2,6.68,147900
ADP,20140127,67.691,68.0684,67.0325,67.1642,1735100
ADRE,20140127,34.02,34.1,33.61,33.95,70400
ADSK,20140127,50.63,50.95,49.33,50.59,3640900
ADTN,20140127,25.3,25.79,24.57,25.09,670000
ADUS,20140127,24.67,24.9,23.29,23.55,170600
ADXS,20140127,75,76.05,70.5,72.9,249900
AEHR,20140127,2.74,2.74,2.65,2.65,15300
AEIS,20140127,25.18,25.28,24.34,24.95,570500
AERI,20140127,19.28,19.5,15.74,16.74,134000
AEY,20140127,3.2,3.2,3.09,3.13,70000
AEZS,20140127,130,130,121,122,2696700
AGEN,20140127,3.25,3.25,2.94,3.09,674600
AGIO,20140127,27.8,27.98,25.24,27.43,302400
AGNC,20140127,20.94,21.01,20.58,20.67,4810400
AGNCP,20140127,25.41,25.58,25.41,25.58,3300
AGYS,20140127,14.15,14.17,13.42,13.54,40800
AGZD,20140127,49.97,49.97,49.97,49.97,5000
AHPI,20140127,2.75,2.75,2.61,2.61,10800
AIMC,20140127,32.21,33.1,31.7,31.74,120100
AINV,20140127,26.64,26.7,26.04,26.13,1078000
AIQ,20140127,28.75,28.75,27.6,27.75,26900
AIRT,20140127,11.41,11.41,11.31,11.36,1200
AKAM,20140127,48.49,48.72,47.37,47.84,1652300
ALCO,20140127,40.19,40.51,39.02,39.48,11600
ALGN,20140127,58.87,58.88,53.76,55.43,3022500
ALGT,20140127,104.3,106.02,100.76,101.89,81000
ALIM,20140127,6.43,6.63,5.81,6.16,445300
ALKS,20140127,49.5,49.69,46.34,47.21,1955400
ALLT,20140127,16.09,16.29,15.57,16.14,608600
ALNY,20140127,83.46,84,78.5,81.05,871900
ALOT,20140127,13.83,13.97,13.35,13.39,2800
ALTR,20140127,32.09,32.27,31.75,31.88,3350600
AMAT,20140127,17.13,17.21,16.64,16.72,15409300
AMBA,20140127,29.61,31.6,29.29,31.2,1279200
AMCX,20140127,65.95,66.19,65.28,65.61,512300
AMD,20140127,3.48,3.49,3.35,3.41,31356800
AMED,20140127,15.25,15.47,14.89,15.18,302200
AMGN,20140127,119.25,119.83,117.42,118.52,4128000
AMKR,20140127,5.4,5.48,5.34,5.45,1141300
AMNB,20140127,24.9,24.9,24.16,24.28,10700
AMOT,20140127,11.39,11.42,10.9,11.26,26200
AMRN,20140127,1.75,1.76,1.69,1.7,3750400
AMRS,20140127,67.05,70.05,63,64.95,435800
AMSC,20140127,15.6,15.7,15.2,15.2,611200
AMSF,20140127,42.17,42.59,41.55,41.74,75700
AMSWA,20140127,9.95,9.98,9.8,9.85,42000
AMWD,20140127,35.24,35.92,34.9,35.43,98000
AMZN,20140127,390.5,394.1,380.49,386.28,3944700
ANAT,20140127,107.46,108.55,106.03,106.03,6900
ANDE,20140127,55.02,55.76,53.7733,54.0667,213000
ANGI,20140127,16.69,16.69,15.43,16.54,2071100
ANGO,20140127,16.95,17.16,16.37,16.73,329600
ANIK,20140127,34.2,34.59,30.8,32.02,629100
ANIP,20140127,22,22.54,19.8,20.68,185600
ANSS,20140127,79.93,80.11,77.59,77.96,569200
AOSL,20140127,7.36,7.47,7.34,7.35,31400
APEI,20140127,44.9,44.9,43.11,43.88,218800
APOG,20140127,36.12,37.33,34.75,35.1,151400
APWC,20140127,3.23,3.23,3.15,3.18,2000
ARAY,20140127,9.1,9.38,8.9,9.23,1526200
ARCC,20140127,17.75,17.79,17.51,17.67,1658900
ARKR,20140127,21.45,21.56,21.45,21.51,2000
ARLP,20140127,38.375,38.89,38,38.89,128400
ARNA,20140127,73.8,73.8,66.1,69.3,7904600
AROW,20140127,25.41,25.76,25.32,25.36,11500
ARRY,20140127,5.03,5.1,4.76,5,1246700
ARTNA,20140127,22.12,22.37,22,22.14,8500
ARTW,20140127,6.05,6.05,5.86,6,2700
ARWR,20140127,11.38,12.8,11.2,12.03,1053400
ASML,20140127,88.44,88.51,87.05,87.62,1931700
ASPS,20140127,138.85,138.94,131.25,134.95,149600
ASRV,20140127,3.37,3.37,3.27,3.36,78000
ASTC,20140127,3.16,3.29,2.62,3.01,791500
ASTE,20140127,37.84,38.06,36.92,37.17,49500
ASUR,20140127,5.5,5.64,5.21,5.48,42700
ASYS,20140127,9.19,9.19,8.65,8.88,40900
ATAI,20140127,3.91,3.95,3.9,3.9,7200
ATAX,20140127,6.32,6.38,6.32,6.34,170300
ATEC,20140127,27.24,27.24,26.16,26.28,132300
ATHX,20140127,4.09,4.1,3.28,3.78,4428600
ATLC,20140127,3.1,3.15,2.96,2.96,3000
ATLO,20140127,22.78,22.78,22.25,22.29,10500
ATNI,20140127,60.44,61.75,60.16,60.45,49300
ATOS,20140127,468,469.8,441,446.4,1409200
ATRC,20140127,21,22.51,20.25,20.77,117200
ATRI,20140127,279.22,282.73,279.22,281.15,1700
ATRO,20140127,59.31,60.02,57.2,57.89,103600
ATRS,20140127,4.58,4.58,4.3,4.41,1864500
ATSG,20140127,6.51,6.54,6.31,6.44,153200
ATVI,20140127,16.7,16.89,16.62,16.67,7575800
AUBN,20140127,25.09,25.2,25.05,25.05,1200
AUDC,20140127,7.33,7.45,6.92,7.24,332100
AVAV,20140127,29.23,29.24,28.05,28.36,260300
AVEO,20140127,19.9,20,17.9,19,505100
AVGO,20140127,54.62,55.25,53.74,54.45,2103300
AVID,20140127,7.3,7.34,7.06,7.19,66300
AVNW,20140127,23.76,23.76,22.32,22.8,311100
AWRE,20140127,6.13,6.36,6.13,6.14,79300
AXDX,20140127,13.05,13.5,13,13.07,40000
AXGN,20140127,4.16,4.3,3.81,3.94,122600
AXTI,20140127,2.32,2.34,2.32,2.32,27500
AZPN,20140127,41.69,42.58,39.83,40.43,480200
BANF,20140127,54.85,54.97,54.13,54.5,15500
BANFP,20140127,26.95,26.95,26.95,26.95,0
BANR,20140127,39.6,39.93,38.9,39.06,158100
BANX,20140127,27.67,27.67,24.81,24.81,7000
BBBY,20140127,64.75,65.18,64.32,64.32,2223100
BBGI,20140127,9.11,9.24,9.11,9.24,2000
BBSI,20140127,81,81,77.93,78.22,94500
BCBP,20140127,12.99,13.2,12.75,13.15,6600
BCOR,20140127,26.22,26.48,25.43,25.72,676500
BCOV,20140127,11.81,11.81,10.69,11.28,589600
BCPC,20140127,54.49,55.63,54.13,54.61,115200
BCRX,20140127,10.75,10.99,9.15,9.81,3682100
BDSI,20140127,9.11,9.23,7.93,8.13,2362000
BEAT,20140127,7.48,7.57,6.55,6.9,569600
BECN,20140127,39.45,39.83,38.44,38.61,225500
BELFA,20140127,18.55,18.56,18.35,18.35,6800
BELFB,20140127,20.35,21.25,19.5,19.5,41700
BFIN,20140127,9.35,9.45,9.31,9.38,19700
BGCP,20140127,6.54,6.54,6.22,6.35,998900
BGFV,20140127,18.04,18.36,17.82,18.16,240300
BIB,20140127,43.105,43.605,39.67,41.345,1122800
BICK,20140127,22.63,22.77,22.38,22.61,8400
BIDU,20140127,161.52,163.29,155.21,158.68,4694500
BIIB,20140127,279.6585,279.8888,269.4526,274.3806,1515300
BIOL,20140127,13.65,14.25,11.95,12.7,544000
BIS,20140127,17.66,19.08,17.4,18.41,232500
BJRI,20140127,29.33,30.32,28.81,29.28,966400
BKCC,20140127,9.43,9.45,9.26,9.29,527800
BKEP,20140127,9.15,9.26,9,9.1,26700
BKEPP,20140127,9.55,9.55,9.55,9.55,2000
BKSC,20140127,14.61,14.85,14.61,14.85,300
BLDP,20140127,1.93,2.02,1.75,1.85,2938000
BLIN,20140127,307.5,325,302.5,315,96500
BLKB,20140127,36.61,36.93,35.6,35.75,144600
BLMN,20140127,23.36,23.64,22.87,22.9,846300
BLRX,20140127,44.1,44.55,41.1,42.9,177400
BLUE,20140127,21.97,23,19.65,20.74,278900
BMRC,20140127,21.95,22.28,21.54,21.715,27400
BMRN,20140127,71.77,71.77,67.8,69.01,1095400
BMTC,20140127,28.58,29.9,28.58,29.35,19800
BNDX,20140127,50.15,50.15,50.03,50.13,146300
BNFT,20140127,68.41,68.41,64.74,65.62,119300
BNSO,20140127,2.14,2.14,1.88,2.06,44500
BOKF,20140127,65.41,66.07,64.48,64.72,60100
BOLT,20140127,21.65,22.76,20.7,20.82,53400
BOOM,20140127,22.43,22.54,21.65,21.65,47500
BOSC,20140127,6.81,7.58,6.8,6.98,90400
BOTJ,20140127,8.9,9,8.9,8.99,1200
BPOP,20140127,28.89,28.95,28.16,28.5,1213600
BPOPM,20140127,18.08,18.23,17.79,18.12,10200
BPOPN,20140127,19.85,19.97,19.61,19.94,20500
BRID,20140127,9.52,9.62,9.46,9.62,600
BRKL,20140127,9.5,9.55,9.31,9.31,267000
BRKR,20140127,20,20.01,19.35,19.8,467000
BRKS,20140127,10.37,10.4,10.14,10.25,366400
BRLI,20140127,25.74,25.74,25.38,25.42,296500
BSET,20140127,13.96,14.61,13.88,14.29,13600
BSQR,20140127,3.47,3.54,3.45,3.53,18100
BSRR,20140127,16,16.95,16,16.88,34400
BUSE,20140127,5.78,5.78,5.29,5.56,120200
BWEN,20140127,9.15,9.48,8.81,9.22,159600
BYFC,20140127,1.09,1.16,1.07,1.14,10600
CAAS,20140127,7.72,7.82,7.4,7.4,127500
CAC,20140127,38.17,38.17,37.22,37.45,10700
CACC,20140127,132.35,132.72,130.26,130.26,26900
CACG,20140127,10.2,10.41,9.75,10,9900
CAKE,20140127,45.5,45.5,44.4,44.48,998600
CALM,20140127,25.68,25.85,25.5,25.5,114600
CAMP,20140127,30.27,30.75,28.3,29.71,1301300
CAMT,20140127,5.2,5.22,4.65,4.89,1264800
CAR,20140127,39.79,39.79,36.68,38.11,1913700
CARV,20140127,7.23,8.1,7.23,7.95,300
CARZ,20140127,38.7,38.7,38.02,38.47,18600
CASH,20140127,13.1233,13.2633,12.94,13.2067,8400
CASS,20140127,61.45,62.41,60.93,60.94,32000
CASY,20140127,65.9,67,65.64,66.06,230900
CATY,20140127,24.55,24.55,23.69,23.72,379500
CBAN,20140127,6.45,6.45,6.12,6.3,3500
CBNK,20140127,17.34,17.38,17.32,17.32,700
CBRL,20140127,101.86,102.03,99.21,99.92,230700
CBSH,20140127,44.58,45.26,44.49,44.52,272000
CCBG,20140127,12.48,12.61,12.15,12.18,19100
CCMP,20140127,41.16,41.25,40.39,40.78,257400
CCNE,20140127,16.99,17.24,16.92,17.08,11100
CCOI,20140127,40.96,41.57,39.97,40.69,377200
CCRN,20140127,11.13,11.23,10.87,11.13,378800
CCXI,20140127,7.03,7.03,6.06,6.79,913400
CDNS,20140127,14.17,14.33,13.73,14,6328500
CDW,20140127,23.65,24.44,23.22,23.3,237700
CDXS,20140127,1.71,1.79,1.69,1.75,103300
CDZI,20140127,8.01,8.38,7.44,7.44,66900
CECE,20140127,15.82,15.9,15.18,15.47,114400
CEMI,20140127,3.61,3.67,3.52,3.53,6500
CENT,20140127,6.48,6.65,6.45,6.51,32200
CENTA,20140127,6.26,6.47,6.22,6.28,84300
CENX,20140127,11.58,12.12,11.48,11.62,631900
CERE,20140127,11.76,12,11.12,11.36,242500
CERN,20140127,54.77,54.96,53.64,54.14,1539900
CERS,20140127,6.28,6.32,6,6.18,863700
CEVA,20140127,16.12,16.41,15.9,16.06,73400
CFBK,20140127,7.81,7.92,7.81,7.865,23300
CFFI,20140127,38.82,39.9,37.59,37.92,4900
CFFN,20140127,12.1,12.28,12.05,12.22,1218300
CG,20140127,35.96,36.35,33.7,35.72,501800
CGEN,20140127,10.46,10.48,9.84,10.16,196200
CGNX,20140127,18.83,18.995,18.58,18.695,657300
CGO,20140127,14.31,14.32,13.84,13.91,34300
CHCI,20140127,1.82,1.85,1.76,1.78,67000
CHCO,20140127,45.99,45.99,44.95,44.97,33600
CHDN,20140127,30.9433,31.11,30.11,30.3333,38200
CHEF,20140127,27.35,27.75,26.99,27.31,155000
CHI,20140127,13.53,13.53,13.3,13.4,169700
CHKP,20140127,64.79,64.79,63.11,63.54,1992700
CHMG,20140127,34.81,35.24,34.57,34.66,1700
CHNR,20140127,7.72,7.8,6.75,7.12,58500
CHRW,20140127,57.36,57.86,56.52,57,1431900
CHSCO,20140127,28.61,28.72,28.61,28.63,10200
CHSCP,20140127,29.1,29.29,29.1,29.26,12800
CHTR,20140127,131.31,140.74,131.31,136.92,4420000
CHUY,20140127,38.67,38.67,36.63,36.68,162100
CHW,20140127,8.93,8.94,8.73,8.74,205900
CHY,20140127,13.13,13.15,12.94,12.97,132500
CIDM,20140127,24.5,25.1,24,24,318700
CINF,20140127,48.6,49.14,47.52,48.77,893000
CIZN,20140127,18.75,18.75,18.75,18.75,0
CJJD,20140127,1.46,1.55,1.35,1.4,102600
CLDX,20140127,402.15,406.35,375.15,386.55,2261000
CLFD,20140127,20.33,22.13,20.1,21.59,206900
CLIR,20140127,10.53,10.59,10,10.09,83700
CLMT,20140127,30.03,30.2,29.51,29.84,220000
CLNE,20140127,11.8,11.92,11.32,11.46,1781600
CLRO,20140127,9.76,9.77,9.38,9.68,40200
CLSN,20140127,4,4.03,3.65,3.76,1949000
CLVS,20140127,69.49,69.49,63.46,65.38,462800
CLWT,20140127,2.9733,2.9733,2.6867,2.7267,19000
CMCO,20140127,25.61,25.61,24.84,25.03,149300
CMCSA,20140127,26.255,26.935,25.925,26.245,18973800
CME,20140127,74.43,75.05,72.89,72.93,3849800
CMLS,20140127,54.4,54.64,52.08,53.44,1422500
CMRX,20140127,19.35,19.35,17.81,18.16,239500
CMTL,20140127,31.16,31.46,30.91,30.97,102300
CNBKA,20140127,33.8,34.18,33.8,34.01,6000
CNET,20140127,0.76,0.8,0.75,0.75,17800
CNOB,20140127,18.43,18.51,18.1,18.13,36800
CNSL,20140127,19.24,19.42,18.86,19.19,260600
CNTY,20140127,5.9,5.99,5.85,5.94,203100
COCO,20140127,1.58,1.59,1.51,1.55,771800
COHR,20140127,73.48,74.65,71.86,72.88,96800
COHU,20140127,10.93,10.95,10.67,10.7,50200
COKE,20140127,70.3,70.51,68.09,69.46,36000
COLB,20140127,28.18,28.31,26.97,26.99,259100
COLM,20140127,37.345,38.315,37.1,38.065,129500
COMM,20140127,17.96,17.96,16.86,17.31,493100
CONE,20140127,22.12,22.47,21.83,21.86,174800
CONN,20140127,69.49,69.85,64.15,65.56,1120400
COOL,20140127,23.52,23.52,21.84,23.1,849400
CORT,20140127,3.04,3.06,2.7,2.8,644400
COST,20140127,112.56,113.73,112.03,113.08,3790400
COWN,20140127,4.2,4.24,4.1,4.16,898200
CPHC,20140127,10.97,11.27,10.97,11.27,1000
CPIX,20140127,4.72,4.82,4.67,4.67,22300
CPLP,20140127,10.1,10.14,9.61,10,289900
CPRT,20140127,17.26,17.53,17.11,17.28,510100
CPRX,20140127,2.06,2.06,1.86,1.94,1181900
CPSI,20140127,59.07,59.4,57.92,58.22,80600
CPSS,20140127,8.45,8.55,7.84,7.92,220600
CRAI,20140127,19.79,19.91,19.38,19.47,13600
CREG,20140127,261,264,236,255,150000
CRESW,20140127,0.05,0.05,0.04,0.05,134600
CRESY,20140127,9.04,9.07,8.35,8.61,215100
CRIS,20140127,15.5,15.5,13.6,14.7,1193200
CRMT,20140127,42.82,43,42.3,42.3,107800
CRNT,20140127,3.25,3.25,3.03,3.11,423600
CROX,20140127,14.81,14.91,14.41,14.81,1478400
CRTO,20140127,35.5,36.35,34.22,34.32,110300
CRTX,20140127,9.47,9.51,9.47,9.48,58800
CRUS,20140127,19.81,19.96,19.28,19.62,2410900
CRVL,20140127,47.22,47.22,46.22,46.49,37200
CRWS,20140127,7.78,8.7,7.75,7.97,60000
CSCO,20140127,21.79,22.11,21.76,22,60539600
CSGP,20140127,175.68,176.48,167.77,167.86,162400
CSGS,20140127,30.62,31.02,30.05,30.05,169000
CSII,20140127,28.76,29.05,27.79,28.89,484200
CSIQ,20140127,36,38.83,35.52,37.38,5232300
CSOD,20140127,56.41,56.89,53.61,54.47,585100
CSPI,20140127,7.84,8.2,7.83,7.92,7100
CSQ,20140127,10.91,10.91,10.7,10.72,407800
CSTE,20140127,44.88,45.18,42.47,44.11,211600
CSWC,20140127,33.89,34.65,33.74,34.39,20800
CSX,20140127,26.09,26.37,25.89,26.14,7424900
CTAS,20140127,57.27,57.71,56.83,56.99,601000
CTBI,20140127,42.2,42.3,41.69,41.78,24800
CTG,20140127,17.36,17.36,16.68,16.72,35900
CTHR,20140127,4.06,4.17,3.8,3.99,178100
CTIB,20140127,5.95,5.95,5.89,5.95,4300
CTIC,20140127,37.9,38.1,30.3,33.4,17462600
CTRN,20140127,16.37,16.55,16.06,16.18,93300
CTSH,20140127,48.615,48.965,47.835,47.93,2958500
CTXS,20140127,47.086,47.0939,46.1783,46.2898,3916200
CUBA,20140127,7.92,8.02,7.88,8,17700
CUTR,20140127,9.37,9.5,9.3,9.33,35800
CVBF,20140127,16.09,16.09,15.38,15.39,668800
CVCO,20140127,73.74,74.56,71,73.36,35000
CVCY,20140127,11.3,11.32,11.27,11.27,23500
CVGI,20140127,7.56,7.61,7.38,7.45,131400
CVGW,20140127,29.87,30.95,29.58,30.5,60200
CVLT,20140127,74.59,74.59,72.36,72.43,715600
CVLY,20140127,20.89,21,20.89,21,200
CVV,20140127,13.02,13.23,12.77,12.91,47200
CWBC,20140127,7.15,7.27,7.01,7.27,5700
CWCO,20140127,13.44,13.64,13.02,13.12,119500
CWST,20140127,5.31,5.4,5.03,5.29,129300
CXDC,20140127,4.73,4.82,4.6,4.79,118000
CYAN,20140127,5.38,5.45,4.95,5.02,40200
CYBE,20140127,7.09,7.09,6.65,6.96,20600
CYCC,20140127,912,916.8,765.6,871.2,504700
CYCCP,20140127,8.24,8.24,8.24,8.24,0
CYTK,20140127,8.24,8.3,7.53,7.98,588600
CZNC,20140127,19.87,20.07,19.85,19.95,19300
CZR,20140127,21.52,21.91,21.04,21.45,949900
CZWI,20140127,8.01,8.01,7.9,7.9,4300
DAIO,20140127,3.11,3.25,3.06,3.23,179100
DAKT,20140127,14.21,14.85,14.18,14.61,244100
DCOM,20140127,16.91,17.04,16.6,16.63,105500
DCTH,20140127,89.6,89.6,74.24,79.36,5339800
DENN,20140127,6.89,7.04,6.82,6.93,588300
DGICA,20140127,14.78,15.19,13.84,14.71,53300
DGICB,20140127,24.83,24.83,24.83,24.83,0
DGII,20140127,10.22,10.39,9.79,10.04,184400
DGLY,20140127,8.51,8.51,7.84,7.93,20800
DGRE,20140127,23.12,23.12,22.82,23.01,4100
DGRS,20140127,27.58,27.7,27.16,27.47,15300
DGRW,20140127,26.79,26.8,26.51,26.7,45900
DHIL,20140127,120.05,121.48,119.12,119.64,4100
DIOD,20140127,23.55,24.41,23.03,23.16,90400
DISCA,20140127,79.04,79.39,76.8,77.3,2405100
DISCB,20140127,81.53,81.53,81.53,81.53,0
DISCK,20140127,36.89,36.96,35.63,35.885,375100
DISH,20140127,54.6,55.21,53.72,54.78,2549400
DJCO,20140127,163,163.8,161.25,161.7,1600
DLHC,20140127,2.96,3,2.59,2.77,71400
DLTR,20140127,51.66,52.01,51.02,51.07,4067600
DMLP,20140127,25.6,25.6,24.62,25.15,72600
DMRC,20140127,30.9,31,30.34,30.63,48600
DORM,20140127,50.24,50.86,49.72,50.46,317400
DOX,20140127,42.3,42.46,42.09,42.17,686200
DRIV,20140127,18.09,18.15,17.46,17.47,161200
DRRX,20140127,2.09,2.2,1.91,2.17,1856100
DSGX,20140127,13.32,13.47,13.19,13.41,10500
DSPG,20140127,10,10.04,9.61,9.62,162600
DSWL,20140127,2.4,2.44,2.39,2.41,11100
DVAX,20140127,18.6,18.6,14.7,17.7,11725600
DWSN,20140127,33.63,33.8,33.33,33.35,34200
DXCM,20140127,36.75,37.27,36.14,36.15,959400
DXGE,20140127,26.28,26.31,26.04,26.21,5300
DXJS,20140127,29.17,29.18,28.62,28.96,86800
DXLG,20140127,5.56,5.61,5.49,5.57,118900
DXPE,20140127,99.93,99.93,95.79,97.45,170000
DXYN,20140127,13.51,13.53,12.81,13.05,84400
DYNT,20140127,3.96,4,3.94,4,1700
EA,20140127,23.98,24.58,23.73,24.47,8220700
EAC,20140127,18.94,19.21,18.42,18.78,34300
EBAY,20140127,22.6442,22.8674,22.2189,22.2653,22457900
EBIX,20140127,13.45,13.45,12.95,13.01,356100
EBMT,20140127,10.95,11.12,10.95,11.12,300
EBSB,20140127,9.7222,9.759,9.7059,9.7426,31400
EBTC,20140127,20.5,20.91,19.49,20.18,43700
ECHO,20140127,20.84,20.95,19.82,20.64,116700
ECOL,20140127,37.67,37.67,36.78,36.91,137300
ECPG,20140127,47.6,49.6,47.35,47.4,340500
EDAP,20140127,3.03,3.1,2.92,3.06,62900
EDUC,20140127,1.79,1.8,1.695,1.78,7200
EEFT,20140127,42.12,42.42,40.98,41.3,397300
EEMA,20140127,52.54,52.54,52.16,52.49,2400
EFSC,20140127,18.68,19.05,18.43,18.63,52500
EGAN,20140127,9.78,9.81,9.72,9.73,84200
EGBN,20140127,33.38,34.16,32.94,33.14,91700
EGLE,20140127,9626.4,10105.2,9198,9802.8,574000
EHTH,20140127,57.57,58.08,55.04,55.86,377000
ELSE,20140127,4.07,4.19,3.99,3.99,7400
ELTK,20140127,2.28,2.38,2.25,2.26,44800
EMCB,20140127,73.9,73.9,73.08,73.35,41600
EMCF,20140127,25.44,25.59,25.34,25.34,300
EMIF,20140127,32.04,32.22,31.72,31.79,185700
EMKR,20140127,4.87,4.9,4.8,4.81,119200
EML,20140127,16.19,16.87,16.19,16.27,900
ENDP,20140127,64.6,66,63.65,64.3,1928800
ENG,20140127,1.46,1.49,1.42,1.44,46400
ENPH,20140127,7.69,7.75,7.25,7.33,326400
ENSG,20140127,21.495,21.61,21.12,21.16,66300
ENTA,20140127,29.72,30.27,27.67,29.93,210200
ENTG,20140127,11.09,11.09,10.77,10.78,1160100
ENVI,20140127,3.86,3.86,3.55,3.56,222000
EPAY,20140127,33.47,33.47,32.41,32.62,228000
EPZM,20140127,35.76,35.76,30.33,33.04,629700
EQIX,20140127,184.14,184.43,179.36,181.07,1215400
ERIC,20140127,11.92,11.97,11.78,11.91,8369400
ERIE,20140127,70.1,70.59,69.1,69.55,22400
ERII,20140127,4.05,4.19,3.96,4.05,563300
ESBK,20140127,24.5,24.55,24.39,24.55,1200
ESCA,20140127,11.49,11.76,11.4,11.51,17100
ESEA,20140127,10,10.8,10,10.24,118600
ESGR,20140127,131.02,131.84,127.72,127.99,39300
ESLT,20140127,59.01,59.11,58.53,58.72,17200
ESPR,20140127,15.73,16.12,14.88,15.08,69900
ESSA,20140127,11.54,11.62,11.48,11.59,7900
ESXB,20140127,3.98,4.04,3.97,4.04,6900
EUFN,20140127,24.71,24.75,24.36,24.49,311000
EVK,20140127,5.18,5.45,5.13,5.42,21200
EVOK,20140127,10.96,10.96,10.11,10.71,165500
EVOL,20140127,9.97,10.05,9.71,9.8,41600
EWBC,20140127,35.66,35.86,34.33,34.59,1257800
EXAS,20140127,14.3,14.35,13.24,13.42,917100
EXEL,20140127,7.61,7.64,6.85,7.1,5999100
EXLS,20140127,26.35,26.35,25.83,25.9,157600
EXPD,20140127,42.1,42.2,41.09,41.49,1576000
EXPE,20140127,66.35,66.87,64.19,65.46,1964300
EXPO,20140127,18.6975,18.82,18.305,18.305,23900
EXTR,20140127,7.4,7.43,7.04,7.24,1364800
EZPW,20140127,10.27,10.27,9.86,9.93,776300
FANG,20140127,48.87,49.8,47.26,47.54,596900
FARM,20140127,23.81,23.86,22,22.31,61700
FARO,20140127,53.67,54.2,49.55,50.91,262900
FAST,20140127,22.68,22.7,22.065,22.28,2883000
FATE,20140127,6.99,6.99,6.2,6.26,71300
FB,20140127,54.74,54.94,51.85,53.55,74142300
FBIZ,20140127,39.85,40,39.38,39.5,10900
FBMS,20140127,14.25,14.5,14,14.36,6500
FBNC,20140127,17.23,17.39,17.16,17.22,58500
FCAP,20140127,20.52,20.52,20.5,20.5,1500
FCBC,20140127,15.84,16.24,15.84,15.99,82900
FCCO,20140127,10.73,10.76,10.73,10.76,4900
FCCY,20140127,10.48,10.48,10.46,10.46,1000
FCEL,20140127,201.6,205.92,191.52,195.84,4786900
FCFS,20140127,57.2,57.28,55.19,55.52,331100
FCNCA,20140127,221.85,224.6,221.21,221.59,40100
FDUS,20140127,21.2,21.57,20.93,21.2,49200
FEIM,20140127,12.02,12.39,11.86,12.01,9000
FELE,20140127,41.52,41.52,40.17,40.27,345100
FFBC,20140127,17.33,17.35,17.04,17.05,192500
FFHL,20140127,1.34,1.34,1.19,1.25,41100
FFIC,20140127,20.49,20.49,19.75,19.79,104400
FFIN,20140127,16.255,16.2825,15.97,15.9725,198300
FFIV,20140127,105.23,108.14,104.71,106.5,3837300
FFNW,20140127,10.51,10.72,10.06,10.07,55900
FIBK,20140127,26.47,26.48,26.01,26.03,79900
FISI,20140127,21.91,22.4,21.54,21.74,11600
FISV,20140127,27.79,28.31,27.79,27.95,1666400
FITB,20140127,21.9,21.91,21.09,21.13,9455800
FITBI,20140127,25.22,25.35,25.22,25.34,50600
FIVE,20140127,37.13,37.72,36.05,37.51,1633300
FIZZ,20140127,21.54,21.98,20.74,21.1,14800
FLDM,20140127,41.7,42,39.2,39.81,276100
FLEX,20140127,7.48,7.54,7.41,7.5,5361700
FLIC,20140127,27.7333,27.7333,27.0133,27.2867,11900
FLL,20140127,2.56,2.64,2.51,2.51,33100
FLWS,20140127,4.89,4.9,4.65,4.7,283700
FLXS,20140127,28.28,28.94,28.05,28.21,12300
FMBI,20140127,16.6,16.64,16.31,16.33,421000
FMNB,20140127,6.82,6.93,6.78,6.88,38300
FNHC,20140127,13.03,13.35,12.6,12.87,76400
FNLC,20140127,17.1,17.15,16.9,16.97,12100
FOLD,20140127,2.87,2.89,2.6,2.77,307900
FONR,20140127,19.64,20.34,17,18.1,581700
FORD,20140127,1.76,1.84,1.76,1.77,8400
FORM,20140127,6.65,6.72,6.33,6.52,311500
FORR,20140127,38.37,38.82,37.77,38.35,27300
FORTY,20140127,26.94,26.94,24.02,25.13,500
FOSL,20140127,113.41,115.19,112.75,114.71,1239800
FOX,20140127,30.6,30.83,30.32,30.55,3327700
FOXA,20140127,31.34,31.45,30.86,31.05,15223700
FOXF,20140127,16.58,16.76,16.37,16.51,115000
FRBA,20140127,6.2,6.22,6.2,6.22,1000
FRBK,20140127,3.13,3.22,3.02,3.16,20200
FREE,20140127,1074000,1128000,1044000,1116000,1802800
FRGI,20140127,43.7,44.06,42.32,42.8,268700
FRME,20140127,21.08,21.08,20.71,20.9,129000
FSBW,20140127,17.08,17.1,17.08,17.1,900
FSFG,20140127,23.78,23.78,23.71,23.75,5100
FSLR,20140127,48.33,50.12,47.75,48.84,3209100
FSTR,20140127,44.61,44.67,43.55,43.98,28400
FTCS,20140127,32.69,32.69,32.44,32.47,5600
FTEK,20140127,7.05,7.06,6.24,6.55,701400
FTGC,20140127,30.69,30.69,30.42,30.42,4900
FTHI,20140127,19.54,19.54,19.54,19.54,500
FTLB,20140127,19.43,19.48,19.43,19.48,1200
FTNT,20140127,21.67,21.78,21.15,21.55,4134400
FTSL,20140127,49.71,49.84,49.69,49.74,260300
FULT,20140127,12.59,12.67,12.52,12.58,1636400
FUNC,20140127,8.21,8.28,8.21,8.27,1000
FUND,20140127,7.57,7.67,7.4,7.44,35700
FWRD,20140127,45.77,46.66,44.06,44.15,225100
GABC,20140127,19.1333,19.1333,18.2,19.0733,22100
GAIA,20140127,6.47,6.56,6.19,6.28,8900
GAIN,20140127,8.29,8.32,7.92,8.03,411700
GALT,20140127,11.64,12.49,11.43,12.14,395400
GAME,20140127,6.34,6.5,6,6.5,10201800
GASS,20140127,9.69,9.8,9.42,9.51,128600
GBCI,20140127,28.96,29,27.86,27.91,441800
GBDC,20140127,18.94,19,18.44,18.49,160300
GBLI,20140127,24.84,25.12,24.03,24.85,15100
GCBC,20140127,12.65,12.65,12.65,12.65,200
GENC,20140127,6.1267,6.3267,5.9733,6,21000
GENE,20140127,33.2,33.2,30.2,30.6,98700
GEOS,20140127,82.41,84.01,78.41,80.47,267300
GERN,20140127,5.04,5.15,4.5,4.76,11152600
GEVO,20140127,7680,7680,7200,7200,1177600
GFED,20140127,11,11,10.8,10.83,7600
GGAL,20140127,8.13,9.2,7.65,8.78,1079000
GIFI,20140127,21.35,21.84,20.6,21.05,33700
GIGM,20140127,5.55,5.55,5.1,5.15,523300
GIII,20140127,35.01,35.16,34.035,34.545,276300
GILD,20140127,80.76,80.76,77.59,78.86,13648600
GILT,20140127,4.8,4.8,4.66,4.74,45200
GLAD,20140127,10.1,10.23,9.73,9.85,250500
GLBS,20140127,12440,12720,12200,12280,6900
GLBZ,20140127,11.98,11.98,11.94,11.97,1800
GLDD,20140127,8.51,8.63,8.15,8.22,337300
GLDI,20140127,14.35,14.35,14.25,14.26,9200
GLNG,20140127,34.29,34.36,33.35,34.01,1833700
GLPI,20140127,34.81,35.53,34.16,34.38,675800
GLRE,20140127,32.26,32.66,31.65,32.15,98100
GLYC,20140127,9.75,9.75,9.03,9.09,165900
GNMA,20140127,49.5,49.52,49,49.05,3500
GNTX,20140127,16.725,16.77,16.225,16.615,1290400
GOGO,20140127,23.78,23.83,20.66,21,4694900
GOOD,20140127,18.51,18.64,18.27,18.33,66000
GOODN,20140127,25.56,25.57,25.56,25.57,800
GOODO,20140127,24.7,24.7,24.7,24.7,100
GOOG,20140127,563.05,563.25,541.135,550.615,4362900
GPRE,20140127,21.08,21.86,20.77,20.99,1299500
GRFS,20140127,19.1,19.16,18.635,18.875,271800
GRID,20140127,36.77,36.78,36.5,36.78,2400
GRMN,20140127,45.21,45.59,44.84,45.27,837000
GROW,20140127,3.26,3.4,3.1,3.14,62600
GRPN,20140127,205.8,207,198,200,16751800
GRVY,20140127,4.32,4.76,4.12,4.16,221500
GSBC,20140127,30.05,30.44,29.61,29.7,18400
GSIT,20140127,6.66,6.89,6.65,6.69,50800
GSM,20140127,17.46,17.59,17.01,17.24,262300
GT,20140127,22.96,23.38,22.57,23.17,4330300
GTIM,20140127,3,3,2.86,2.94,39800
GURE,20140127,10.75,11.45,10.5,11.3,206300
GYRO,20140127,7.2,7.34,7.06,7.14,29200
HA,20140127,10.58,10.62,10.19,10.33,1115900
HAFC,20140127,22.25,22.99,22.19,22.46,373800
HAIN,20140127,47,47.47,45.77,46.275,616400
HALL,20140127,9,9.14,8.95,8.95,61200
HALO,20140127,16.75,16.84,14.82,15.87,2262500
HAS,20140127,51.27,51.71,50.87,51.1,1197600
HAYN,20140127,52.05,52.05,51.21,51.53,40800
HBAN,20140127,9.43,9.51,9.28,9.34,10298400
HBANP,20140127,1270.02,1270.02,1270.02,1270.02,100
HBCP,20140127,23.5,23.5,21.26,22,6100
HBIO,20140127,4.48,4.58,4.38,4.42,99000
HBMD,20140127,9.25,9.25,9.25,9.25,600
HBNC,20140127,9.8489,10.1822,9.52,10.1245,35400
HBP,20140127,4.06,4.3,3.78,4.17,60400
HCCI,20140127,17.55,18.85,17.12,17.12,49700
HCKT,20140127,5.87,6.04,5.76,5.85,77000
HCSG,20140127,27.84,28.21,27.42,27.84,328700
HDSN,20140127,3.64,3.64,3.42,3.62,183700
HEES,20140127,32.1,32.29,30.71,31.06,132500
HELE,20140127,56.75,57.18,55.81,56.05,211900
HERO,20140127,5.13,5.13,4.92,5.01,4526300
HFBL,20140127,17.75,17.75,17.75,17.75,100
HFWA,20140127,17.14,17.56,16.62,17.43,65500
HGSH,20140127,9.68,9.72,9.36,9.36,15800
HIBB,20140127,59.1,60.52,59.1,59.98,181900
HIFS,20140127,78.3,78.7,78.22,78.64,5200
HIHO,20140127,3.16,3.37,2.67,2.67,118400
HIMX,20140127,14.04,14.65,13.85,14.54,14347300
HLIT,20140127,6.64,6.78,6.58,6.59,674900
HMHC,20140127,18.97,19.39,18.89,19.01,161800
HMNF,20140127,10.42,10.46,10.4,10.45,10200
HMST,20140127,19.32,19.54,18.64,18.79,71000
HMTV,20140127,11.11,11.63,10.5,11.15,103800
HNRG,20140127,7.99,7.99,7.76,7.9,26900
HOFT,20140127,16.04,16.28,15.76,16.01,17100
HOLI,20140127,15.5,16.51,14.85,16.37,524400
HOLX,20140127,21.26,21.3,20.82,20.98,2243100
HOMB,20140127,17.025,17.025,16.38,16.385,219500
HOVNP,20140127,15.43,15.43,15.07,15.36,4200
HRTX,20140127,10.28,12.38,10.1,11.5,149800
HRZN,20140127,14.39,14.47,14.21,14.34,43800
HSIC,20140127,114.88,115.2,112.87,112.94,537600
HSII,20140127,19.17,19.45,18.37,18.44,30800
HSKA,20140127,9.14,9.25,8.8,9.1,28800
HSON,20140127,40,40.7,39.5,39.5,31900
HSTM,20140127,30.19,30.2,28.44,28.83,180300
HTBI,20140127,16.05,16.05,15.69,15.85,52300
HTBK,20140127,8.07,8.46,8.03,8.16,30600
HTBX,20140127,82.4,82.4,73.2,75.7,49300
HTHT,20140127,6.62,6.745,6.345,6.63,451400
HTLD,20140127,20.66,20.69,20,20.14,436800
HTLF,20140127,26.02,27.04,25.75,26.13,53500
HUBG,20140127,41.22,41.22,39.99,40.3,275200
HURC,20140127,26.1,26.81,26,26.11,24500
HURN,20140127,66.48,67.1,65.39,66.11,393100
HWBK,20140127,12.34,12.34,12.34,12.34,1700
HWKN,20140127,35.49,36.21,34.87,35.56,26600
HYLS,20140127,51.77,51.85,51.59,51.78,13600
HYZD,20140127,25.14,25.14,25.12,25.12,2100
HZNP,20140127,8.34,8.36,7.63,7.93,1730500
IART,20140127,23.435,23.575,22.745,22.775,142800
IBB,20140127,243.67,243.75,234.15,238.6,2969000
IBCP,20140127,13.14,13.51,12.5,13.01,94400
IBKR,20140127,22,22.06,20.8,20.8,992900
IBOC,20140127,25.17,25.17,24.27,24.53,110400
IBTX,20140127,53.62,54.38,52,52.2,33900
ICAD,20140127,11.8,11.92,11.11,11.26,88800
ICCC,20140127,4.4,4.4,4.15,4.15,4000
ICFI,20140127,34.65,35.28,34.38,35.01,99600
ICLN,20140127,10.27,10.31,10.09,10.19,30500
ICLR,20140127,41.91,42.06,40.92,41.23,454000
ICPT,20140127,294.8,295,272.07,281,639800
ICUI,20140127,65.91,66.09,63.98,64.1,108600
IDCC,20140127,28.26,28.71,27.61,28.08,557500
IDRA,20140127,32.24,33.04,28.48,29.68,2164100
IDXX,20140127,56.715,57.345,56.215,56.455,275900
IEP,20140127,111.48,112.54,107.19,111.39,213300
IESC,20140127,6.5,6.99,5.78,6.59,3700
IFGL,20140127,29.74,29.74,29.34,29.5,160200
IGOV,20140127,100.91,101.05,100.75,100.9,15900
III,20140127,5.3,5.36,5.25,5.29,263500
IIN,20140127,4.38,4.96,4.37,4.65,12300
IIVI,20140127,16.5,16.5,15.92,16.09,529800
IKNX,20140127,15.17,15.51,15.17,15.51,1600
ILMN,20140127,136,142.16,135.87,140.25,2747500
IMGN,20140127,15.32,15.57,14.51,15.22,955000
IMKTA,20140127,26.54,27.08,26.22,26.84,61200
IMMR,20140127,11.67,11.79,11.46,11.57,195500
IMOS,20140127,19.01,19.08,18.5,18.64,95100
INBK,20140127,20.32,20.88,20,20.35,13500
INCY,20140127,63.25,64.12,60.05,62.5,1775600
INDB,20140127,37.81,37.88,36.69,36.77,62000
INDY,20140127,22.2,22.2,21.8,21.98,260000
INFI,20140127,13.45,13.95,12.58,12.94,604600
INFN,20140127,7.38,7.4,7.12,7.2,2138400
INOD,20140127,2.76,2.76,2.66,2.66,14200
INSM,20140127,20.16,20.57,18.82,20.17,471000
INTC,20140127,24.76,24.99,24.66,24.72,32582500
INTG,20140127,19.06,19.06,19.06,19.06,200
INTU,20140127,73.18,73.49,72.83,73.06,1670600
INVE,20140127,9,9.3,8.5,9.2,353000
IOSP,20140127,42.75,43.33,42.46,42.9,168200
IPAR,20140127,33.85,33.95,33.27,33.31,110700
IPDN,20140127,25.6,25.6,22.8,24.16,70500
IPGP,20140127,68.94,70.64,67.16,70.46,566200
IPWR,20140127,72.2,76.5,67.8,68.2,34200
IRBT,20140127,36.31,36.62,34.29,35.33,646900
IRDM,20140127,6.49,6.5,6.21,6.33,841100
IRIX,20140127,9.3,9.59,8.5,8.78,109500
IROQ,20140127,16.8,16.87,16.8,16.8,3900
IRWD,20140127,14.42,14.45,13.53,13.65,1377500
ISBC,20140127,10.0078,10.4039,9.8118,9.9451,306100
ISHG,20140127,94.85,94.87,94.58,94.85,4700
ISIG,20140127,2.7,2.72,2.69,2.7,66100
ISLE,20140127,7.3,7.6,7.3,7.5,46900
ISRG,20140127,411.2,416.4,408.24,408.63,542200
ISSC,20140127,7.15,7.45,6.85,6.99,19000
ITIC,20140127,77.84,78.55,77.55,77.95,1800
ITRI,20140127,41.83,42.06,40.89,41.05,240300
ITRN,20140127,21.85,21.93,21.11,21.59,34000
IVAC,20140127,8.28,8.33,7.96,7.98,74700
JACK,20140127,50.92,51.05,49.67,49.74,385300
JAKK,20140127,62,62.5,60.2,60.5,212500
JAZZ,20140127,149.66,149.98,135.27,142.71,2412300
JBHT,20140127,76.36,76.44,74.56,74.75,1090800
JBLU,20140127,8.94,8.97,8.55,8.64,5566400
JBSS,20140127,23.32,23.43,22.98,22.99,17700
JCS,20140127,11.6,11.9,11.27,11.46,17400
JCTCF,20140127,4.875,4.92,4.78,4.92,5100
JJSF,20140127,86.94,87.11,84.86,85.22,77300
JKHY,20140127,57.51,58.13,55.78,55.78,604700
JOBS,20140127,37.59,38.285,36.1,36.73,56800
JOUT,20140127,27.85,27.85,26.27,26.8,24800
JRJC,20140127,72.9,73.4,67.5,69.3,567500
JSM,20140127,19.47,19.78,19.26,19.59,47000
JVA,20140127,5.07,5.07,4.95,4.97,36100
KALU,20140127,68.99,69.27,67.94,68.3,122400
KELYA,20140127,24.17,24.23,23.6,23.78,174200
KELYB,20140127,24.84,24.84,24.84,24.84,0
KEQU,20140127,16.4,16.4,16,16,700
KFFB,20140127,8.5,8.85,8.5,8.85,2500
KFRC,20140127,19.15,19.27,18.29,18.38,132500
KINS,20140127,7.3,7.31,7.01,7.06,22800
KIRK,20140127,19.39,19.47,18.42,19.03,179300
KLAC,20140127,62.22,62.37,61.18,61.7,1392700
KLIC,20140127,10.84,10.93,10.73,10.8,581900
KMDA,20140127,16.34,16.34,15.25,15.59,56200
KNDI,20140127,12.45,12.5,10.9,11.61,2862800
KOPN,20140127,4.07,4.13,3.97,4.02,87400
KOSS,20140127,5.84,5.84,5.68,5.8,2000
KPTI,20140127,31,31,29.6,29.93,144100
KRNY,20140127,11.78,11.78,11.6,11.62,11400
KTCC,20140127,11.17,11.3,11.1,11.27,28400
KTOS,20140127,7.22,7.22,6.75,7,867700
KVHI,20140127,13.75,13.92,13.58,13.66,18700
LAKE,20140127,6.7,6.7,6.4,6.55,9700
LAMR,20140127,49.66,49.9,48.91,49.17,1207400
LANC,20140127,84.31,84.75,83.44,83.59,73100
LAND,20140127,14.27,14.38,14.03,14.1,25000
LARK,20140127,19.61,19.63,19.35,19.53,3400
LAWS,20140127,15.4,15.4,14.5,14.88,14700
LBAI,20140127,11.73,11.87,11.59,11.61,40300
LBTYA,20140127,40.8993,42.0848,40.8636,41.6045,10853600
LBTYB,20140127,81.53,82,81.17,81.5,2900
LBTYK,20140127,75.78,78.31,75.48,77.81,7305400
LCNB,20140127,17.47,17.57,17.3,17.48,11800
LCUT,20140127,16.42,16.42,15.93,16.03,22500
LECO,20140127,68.39,69.77,67.2,67.55,266900
LEDS,20140127,1.15,1.19,1.14,1.18,330400
LFUS,20140127,91.72,93.05,88.27,88.96,92900
LFVN,20140127,10.43,10.78,10.36,10.5,338900
LGIH,20140127,17.42,17.44,16.48,17.02,85700
LGND,20140127,60.79,60.79,56.84,58.76,421300
LHCG,20140127,23.25,23.5,23.03,23.16,40200
LIFE,20140127,1063.58,1063.72,1062.74,1063.16,1812800
LINC,20140127,4.9,4.91,4.59,4.68,117300
LIVE,20140127,8,8.5767,7.3967,7.84,1000600
LKFN,20140127,24.2067,24.86,24.2067,24.4667,49600
LKQ,20140127,26.13,26.71,25.95,26.24,5038700
LLNW,20140127,2,2.01,1.99,2,477200
LMAT,20140127,8.08,8.14,7.81,7.81,19600
LMNR,20140127,22.55,22.95,22.3,22.32,53500
LNDC,20140127,11.34,11.39,11.15,11.22,55700
LOAN,20140127,1.7,1.7,1.63,1.63,11700
LOGI,20140127,15.63,15.67,15.32,15.55,647700
LOPE,20140127,45.8,45.8,43.71,44.18,676600
LORL,20140127,74.44,74.93,71.86,73.48,94800
LPLA,20140127,53.14,53.5,52.32,52.56,1632800
LPSN,20140127,14.23,14.4,13.78,13.9,288300
LPTH,20140127,1.67,1.69,1.56,1.6,43800
LQDT,20140127,23.1,23.13,22.25,22.68,306100
LRCX,20140127,51.32,51.5,50.33,50.96,3199200
LSBK,20140127,12.25,12.25,12.25,12.25,20000
LSCC,20140127,5.96,5.96,5.77,5.86,1162800
LSTR,20140127,57.29,57.65,56.06,56.35,375000
LTBR,20140127,131.4,132.6,123,124.8,183600
LTRX,20140127,2.28,2.29,2.04,2.08,151100
LULU,20140127,47.47,47.6,45.54,46.27,4565500
LUNA,20140127,1.63,1.69,1.43,1.52,1096900
LWAY,20140127,14.19,14.3,13.91,13.91,10900
LXRX,20140127,13.23,13.23,11.9,12.25,1487900
LYTS,20140127,8.79,8.9,8.3,8.4,78600
MACK,20140127,6.09,6.11,5.29,5.55,2597400
MANH,20140127,32.79,32.94,31.7,32.01,579600
MANT,20140127,30.31,30.55,29.8,29.93,321900
MAR,20140127,49.75,50.68,48.92,49.05,3031300
MARK,20140127,5.41,5.41,5.1,5.17,10300
MARPS,20140127,15.58,15.97,15.58,15.93,800
MASI,20140127,30.99,31.05,30.05,30.44,383500
MAT,20140127,43.04,43.43,42.8,43.04,3667600
MATW,20140127,42.94,43.25,41.78,42.36,243600
MAYS,20140127,36.06,36.06,36.06,36.06,0
MBII,20140127,18.6,18.6,17.78,17.79,144200
MBWM,20140127,21.01,21.22,20.56,20.65,26500
MCBC,20140127,5.42,5.42,5.2,5.29,64300
MCHP,20140127,44.18,44.47,43.87,44.06,1340100
MCHX,20140127,9.75,9.79,9.38,9.47,133700
MCRI,20140127,18.56,18.68,18.28,18.55,39900
MDIV,20140127,20.86,20.9,20.7,20.78,118500
MDLZ,20140127,33.64,33.86,33.4,33.61,8846000
MDRX,20140127,16.95,16.95,16.47,16.78,1270800
MDXG,20140127,8.01,8.08,7.1,7.55,822000
MEIP,20140127,8.22,8.38,8,8.13,95800
MELI,20140127,91.5,98.72,91,95.27,1908200
MEOH,20140127,56.18,56.45,54.6,55.39,991600
MERC,20140127,9.29,9.29,9.06,9.13,29700
MGEE,20140127,38.0333,38.2933,37.7667,37.8133,104200
MGI,20140127,18.59,18.74,18.36,18.39,103000
MGIC,20140127,8.57,8.57,7.61,8.02,367900
MGLN,20140127,59.46,59.65,58.8,59.2,113400
MGNX,20140127,39.66,39.66,37.01,37.9,52300
MGPI,20140127,5.69,5.69,5.5,5.5,5100
MGRC,20140127,37.85,38.13,37.35,37.71,42900
MGYR,20140127,7.6,7.6,7.6,7.6,300
MHLD,20140127,11.44,11.52,11.17,11.27,412800
MICT,20140127,5.29,6.25,5.2,5.54,290700
MIDD,20140127,81.66,82.1033,79.01,79.2967,157200
MIND,20140127,15.71,15.72,15.22,15.51,45400
MITK,20140127,6.56,6.58,6.06,6.11,482900
MKSI,20140127,29.38,29.38,28.97,29.1,233500
MKTX,20140127,61.21,61.87,59.69,59.77,123700
MLAB,20140127,77.69,77.69,71.42,73.88,10400
MLHR,20140127,27.92,28.02,27.5,27.78,215400
MLVF,20140127,10.86,10.86,10.81,10.83,1600
MMLP,20140127,43.5,43.95,43,43.26,32100
MMSI,20140127,14.98,15.14,14.6,14.85,187200
MMYT,20140127,21.1,22.06,20.9,21.57,63400
MNDO,20140127,2.13,2.15,2.03,2.13,84300
MNKD,20140127,27.75,28.15,25.75,26.15,9483900
MNOV,20140127,2.55,2.55,2.35,2.38,190600
MNRO,20140127,54.62,55.89,53.85,55.29,426800
MNST,20140127,22.58,22.7,22.39,22.5733,1504600
MNTX,20140127,13.29,13.66,12.84,13.19,121900
MOFG,20140127,24.94,25.2,24.8,24.8,5300
MORN,20140127,78.31,78.83,77.06,77.31,81700
MOSY,20140127,1008,1062,994,1046,324800
MOVE,20140127,13.52,13.67,12.99,13.09,551300
MPAA,20140127,19,19.69,18.95,19.12,153800
MPB,20140127,14.6,14.6,14.21,14.22,700
MPWR,20140127,33.59,33.86,33.14,33.52,210500
MRCC,20140127,12.91,13.09,12.8,13,45100
MRCY,20140127,11.25,11.35,10.93,10.94,60600
MRLN,20140127,27.75,27.75,26.51,26.59,30900
MRTN,20140127,13.46,13.46,13.08,13.1,47300
MRTX,20140127,21.99,21.99,20.39,21.64,67500
MRVL,20140127,14.85,15.02,14.59,14.83,5180700
MSEX,20140127,20.31,20.36,20.1,20.15,35100
MSFT,20140127,36.87,36.89,35.98,36.03,44485700
MSON,20140127,5.16,5.16,5.12,5.15,1500
MSTR,20140127,118.91,118.91,113.89,116.25,72100
MTEX,20140127,15.69,15.96,15.56,15.96,5700
MTRX,20140127,26.77,27.02,26.14,26.46,188100
MTSI,20140127,17.03,17.03,16.55,16.64,52400
MU,20140127,23.08,23.37,22.56,22.9,30040700
MVIS,20140127,1.26,1.27,1.17,1.2,174500
MYGN,20140127,25.67,25.79,25.11,25.63,1192900
MYRG,20140127,25.01,25.22,24.45,24.86,53400
NAII,20140127,5.36,5.41,5.36,5.39,1900
NATH,20140127,50.9,50.9,50,50,7100
NATI,20140127,32.01,32.24,31.14,31.21,274700
NATR,20140127,16.25,16.34,16,16.26,22900
NBIX,20140127,18.1,18.1,16.85,17.36,817400
NBN,20140127,9.4,9.4,9.32,9.32,700
NBTB,20140127,25.27,25.46,24.91,25.08,135400
NCMI,20140127,19.5,19.61,19.13,19.29,290400
NCTY,20140127,75.9,77.7,72.3,74.1,40700
NDAQ,20140127,37.83,38.08,37.19,37.32,1003100
NDLS,20140127,35.87,37.8,35.28,37.43,407500
NDSN,20140127,70.49,70.95,69.37,69.7,252400
NECB,20140127,7.21,7.3,7.2,7.3,3400
NEO,20140127,3.85,3.91,3.56,3.9,417000
NEOG,20140127,31.9125,31.9875,31.125,31.47,215800
NEON,20140127,58.8,59.6,57,57.2,367300
NEPT,20140127,3.45,3.47,3.22,3.36,311600
NETE,20140127,49,51.7,49,50,3300
NEWT,20140127,13.95,14.05,13.75,13.85,176000
NFBK,20140127,13.05,13.05,12.81,12.81,133700
NFLX,20140127,55.3643,55.9286,52.9371,54.4614,4655500
NICE,20140127,40.62,40.75,40.09,40.17,159200
NICK,20140127,15.73,15.74,15.68,15.72,251000
NKSH,20140127,37.32,37.76,36.51,37.01,12800
NKTR,20140127,12.93,13.02,11.94,12.75,1904200
NMIH,20140127,12.28,12.44,12,12.06,28000
NNBR,20140127,17.37,17.5,16.62,17.16,103100
NRIM,20140127,24.23,24.72,24.05,24.25,11800
NSEC,20140127,10.01,10.06,9.7,9.72,3500
NSIT,20140127,22,22.22,21.47,21.48,188300
NSSC,20140127,6.61,7.31,6.33,7,280100
NSTG,20140127,17.94,18,17.01,17.61,172400
NSYS,20140127,5.56,5.61,5.19,5.23,10800
NTAP,20140127,44.09,44.44,43.67,43.71,2941100
NTCT,20140127,35.71,36.24,34.43,34.52,328700
NTES,20140127,14.89,14.96,14.466,14.876,593400
NTGR,20140127,32.58,33.14,32.39,32.98,389400
NTIC,20140127,9.505,9.505,9.25,9.27,4500
NTRS,20140127,61.24,61.49,60.51,60.55,1435500
NTWK,20140127,5.76,5.8,5.5,5.55,140100
NUAN,20140127,15.5,15.55,14.8,15.06,5160400
NURO,20140127,76.8,77.12,70.72,74.24,137900
NUVA,20140127,37.22,37.59,36.19,36.59,362400
NVAX,20140127,122.8,123,100,114.6,12561500
NVDA,20140127,3.89,3.945,3.8425,3.865,5845300
NVEC,20140127,58.69,59.37,58.25,58.67,8700
NVEE,20140127,7.7,7.8,7.7,7.8,1600
NVFY,20140127,30.75,32.45,30.3,31.8,90400
NVMI,20140127,10.89,10.89,10.43,10.66,161400
NWBI,20140127,14.8,14.85,14.66,14.66,697900
NWFL,20140127,28.86,28.86,28.7,28.76,2900
NWLI,20140127,228.5,230.84,227.36,227.76,8800
NWPX,20140127,35.94,35.95,34.64,35.01,33900
NWS,20140127,16.14,16.51,16.05,16.15,3012600
NWSA,20140127,16.25,16.56,16.19,16.39,6240900
NXPI,20140127,45.93,46.42,45.46,46,3347300
NXST,20140127,45.05,45.43,43.48,43.99,665500
NYMT,20140127,7.09,7.09,6.81,6.92,1395700
NYMTP,20140127,20.9,20.99,20.82,20.89,35200
NYMX,20140127,6.51,6.51,5.94,6.15,88300
OBAS,20140127,5.54,5.54,5.54,5.54,0
OBCI,20140127,2.75,2.75,2.7,2.71,3200
OCC,20140127,3.9,3.93,3.8,3.92,5100
OCFC,20140127,18.15,19.47,17.41,17.49,72000
ODFL,20140127,55.43,55.43,52.79,52.84,1276700
OFED,20140127,17,17,17,17,0
OFIX,20140127,21.94,21.94,20.65,20.75,336200
OFLX,20140127,20.49,20.49,19.9,20.05,6500
OFS,20140127,13.27,13.3,12.95,12.98,14200
OIIM,20140127,3.11,3.13,3,3,80400
OLED,20140127,31.5,31.85,31.05,31.06,458700
OMAB,20140127,25.29,25.55,24.94,25.13,35200
OMCL,20140127,25.6,25.66,24.96,25.26,178900
OMER,20140127,11.07,11.28,10.11,10.51,642900
OMEX,20140127,24.72,25.8,23.16,25.2,1057200
ONB,20140127,14.46,14.68,14.23,14.24,545600
ONCY,20140127,1.83,1.86,1.66,1.69,850900
ONEQ,20140127,162.11,162.64,159.3,160.83,92200
ONTX,20140127,1822.5,1837.5,1716,1795.5,162900
OPEN,20140127,79.67,79.67,76.12,76.82,491000
OPHC,20140127,15.8,15.8,15,15,12000
OPOF,20140127,14.25,14.44,14.1,14.44,1700
ORLY,20140127,132.96,134.26,131.98,133.06,859100
ORMP,20140127,20.86,25.92,20.8,24.38,2556900
ORRF,20140127,16.34,16.55,16.07,16.16,2600
OSBC,20140127,4.67,4.67,4.5,4.67,50400
OSIS,20140127,57.31,57.33,54.99,55.51,349400
OSTK,20140127,28.17,28.52,26.6,28.04,205800
OSUR,20140127,6.4,6.4,5.92,5.94,722400
OTEX,20140127,25.1175,25.205,23.625,23.8225,859500
OTTR,20140127,28.36,28.46,28.2,28.32,61200
OVBC,20140127,22.68,22.68,22.68,22.68,0
OVLY,20140127,9.98,12.48,9.74,11.01,68300
OXLC,20140127,17.74,17.78,17.55,17.65,180800
OXLCO,20140127,23.24,23.24,22.98,23.23,4800
OXLCP,20140127,26.14,26.14,26.14,26.14,200
PAAS,20140127,12.68,12.75,12.19,12.2,2548900
PACB,20140127,7.24,7.48,6.8,7.25,1369700
PACW,20140127,42.97,43.38,41.52,41.56,542400
PATK,20140127,15.2845,15.4222,15.0133,15.1822,95600
PAYX,20140127,41.47,42.31,41.47,41.88,2235200
PBCT,20140127,14.6,14.71,14.45,14.47,6587800
PBHC,20140127,13.5,13.5,13.5,13.5,500
PBIP,20140127,10.53,10.53,10.53,10.53,0
PBPB,20140127,22.49,22.9,22.35,22.72,367100
PCAR,20140127,56.07,57.25,55.64,56.55,2091000
PCH,20140127,40.91,41.27,40.31,40.69,282600
PCOM,20140127,25.54,26.03,23.81,24.47,89000
PCRX,20140127,64.01,64.35,60.31,62.47,414400
PCTI,20140127,8.39,8.54,8.24,8.26,23800
PCYG,20140127,9.3,9.41,9.25,9.3,74600
PCYO,20140127,6.13,6.21,5.9,5.95,74200
PDCE,20140127,48.19,48.19,44.72,45.25,1306100
PDCO,20140127,39.88,40,39.69,39.85,1008900
PDEX,20140127,3.64,3.65,3.3,3.37,151000
PDFS,20140127,25.27,25.27,23.93,24.2,89200
PEBK,20140127,15.2,15.5,15.06,15.43,12700
PEBO,20140127,22.8,23.14,22.79,22.86,11100
PEGA,20140127,22.9,23.06,22,22.44,188900
PENN,20140127,11.68,11.77,11.4,11.58,2117000
PERI,20140127,35.82,35.94,34.65,35.55,113700
PESI,20140127,3.56,3.66,3.52,3.52,11000
PETS,20140127,13.15,13.2,13,13,354800
PFBC,20140127,21.27,21.43,21.2,21.2,22200
PFIN,20140127,7.2,7.27,7.15,7.17,9300
PFLT,20140127,13.75,13.81,13.55,13.57,76100
PFMT,20140127,8.89,9.02,8.81,9,528600
PFSW,20140127,8.51,8.81,7.81,8.19,160900
PGC,20140127,18.85,18.95,18.6,18.71,18200
PINC,20140127,35.43,36.26,34.95,35.4,123900
PKBK,20140127,9.0909,9.5364,9.0818,9.2727,26400
PKOH,20140127,50.32,50.62,48.56,48.59,33300
PLAB,20140127,8.12,8.29,7.94,7.97,409000
PLBC,20140127,6.17,6.17,6.17,6.17,100
PLCE,20140127,55.08,55.97,54.06,54.39,287400
PLPC,20140127,68.56,68.56,67.03,67.59,6800
PLUG,20140127,2.94,2.95,2.22,2.61,24831700
PLUS,20140127,28.12,28.385,27.525,27.67,15200
PLXS,20140127,40.42,40.82,39.62,39.91,225800
PMBC,20140127,6.38,6.41,6.3,6.34,26500
PMD,20140127,15.28,15.9,15.24,15.67,32000
PME,20140127,3.17,3.27,2.96,3.18,83700
PNBK,20140127,10,10.1,10,10,39700
PNFP,20140127,34.82,34.99,33.81,33.84,177700
PNNT,20140127,11.21,11.4,11.1,11.2,401800
PNQI,20140127,66.99,67.25,64.75,65.52,270900
PNRG,20140127,54.5,56,54.5,55.7,1200
PODD,20140127,44.49,44.6,42.4,43.09,956000
POOL,20140127,55.64,55.94,54.59,54.69,152200
POWI,20140127,29.985,30.145,29.5,29.845,332100
POWL,20140127,62.11,62.23,61.26,61.83,63800
PPBI,20140127,16.04,16.18,15.97,16.04,52300
PPC,20140127,16.09,16.09,15.65,15.67,462700
PPSI,20140127,10,10.11,9.71,9.75,17000
PRAA,20140127,51.12,51.49,49.72,49.77,520600
PRFT,20140127,20.41,20.53,19.39,19.43,536000
PRFZ,20140127,94.62,94.98,92.82,93.47,52500
PRGS,20140127,24.16,24.28,23.88,23.88,305000
PRIM,20140127,31.37,32.78,30.16,30.45,237000
PROV,20140127,14.55,14.68,14.43,14.44,30800
PRPH,20140127,2.1,2.98,2,2.25,1741200
PRTA,20140127,25.87,26.11,24.5,25.63,216000
PRTS,20140127,2.42,2.44,2.35,2.37,73700
PSCC,20140127,47.44,47.44,46.67,46.91,18900
PSCD,20140127,45.47,45.7,44.65,45.18,14400
PSCE,20140127,44.48,44.48,43.66,44.36,12600
PSCF,20140127,38.84,38.9,38.26,38.36,10800
PSCH,20140127,55.31,55.51,53.94,54.65,68400
PSCI,20140127,44.62,44.71,43.69,44.2,21600
PSCM,20140127,41.23,41.25,40.61,40.88,9500
PSCT,20140127,43.77,43.77,42.88,43.18,48300
PSCU,20140127,34.44,34.57,34.44,34.56,1500
PSEC,20140127,11.27,11.28,11,11.06,6104400
PSMT,20140127,94.83,95.58,93.54,93.55,200600
PSTI,20140127,42.5,43.5,39.4,41.3,724000
PTC,20140127,35.72,35.88,34.98,35.3,1041100
PTCT,20140127,26.63,27.75,26.16,26.91,274400
PTEN,20140127,25.17,25.2,24.63,25.01,2159300
PTIX,20140127,3.73,3.73,3.72,3.73,82200
PTNR,20140127,9.17,9.17,8.97,9.04,44300
PTSI,20140127,19.88,19.88,18.24,18.56,45500
PWOD,20140127,32.28,32.5267,31.6867,31.7067,11900
PXLW,20140127,5.66,5.89,5.25,5.52,608000
PZZA,20140127,47.71,47.71,46.01,46.28,506800
QABA,20140127,35.98,37.58,35.25,35.25,10200
QADA,20140127,17.29,17.37,17.26,17.26,5500
QADB,20140127,15.9,15.9,15.9,15.9,0
QCLN,20140127,18.39,18.6,17.94,18.29,151200
QCOM,20140127,74.01,74.36,72.74,73.2,12669800
QCRH,20140127,17.05,17.08,17,17.01,8000
QDEL,20140127,31.41,31.41,30.33,30.58,396400
QIWI,20140127,37,37.64,33.6,35.56,1348400
QLYS,20140127,28.44,28.59,26.2,26.88,199500
QNST,20140127,8.27,8.36,7.99,8.16,134900
QQEW,20140127,35.8,35.86,35.25,35.51,168000
QQQ,20140127,86.77,86.89,85.25,85.9,63676400
QQQX,20140127,17.98,18.06,17.65,17.77,63200
QQXT,20140127,33.91,34,33.45,33.71,46200
QTEC,20140127,35.31,35.35,34.76,35.03,138500
QUIK,20140127,61.6,62.44,59.5,60.48,560800
QUMU,20140127,13.5,13.81,13.5,13.61,28500
QYLD,20140127,25.08,25.12,24.85,25.07,4100
RADA,20140127,2.84,2.84,2.66,2.74,3100
RAIL,20140127,23.91,24.33,23.57,23.66,86000
RAND,20140127,29.16,29.25,29.07,29.25,5100
RAVN,20140127,37.37,37.95,37.03,37.08,127800
RBCAA,20140127,23.27,23.58,22.71,22.95,32400
RBCN,20140127,113.1,117.5,110.6,113.3,727200
RCII,20140127,31.2,31.79,30.9,31.22,1488800
RCKY,20140127,14.97,15.01,14.7,14.83,16100
RCMT,20140127,6.88,6.9,6.6,6.74,55300
RCON,20140127,18.55,18.7,17.5,17.95,57300
RDCM,20140127,5.11,5.11,5.03,5.05,9000
RDHL,20140127,12.75,12.75,12.6,12.65,15900
RDI,20140127,7.54,7.55,7.48,7.5,59300
RDNT,20140127,1.72,1.78,1.68,1.72,155800
RDVY,20140127,19.19,19.19,19.14,19.19,2400
RDWR,20140127,17.92,18.05,17.42,17.64,728700
REFR,20140127,6.2,7.18,6,6.88,711800
REGI,20140127,10.25,10.42,9.8,10.03,855000
REGN,20140127,279.7,281.72,267.56,270.74,1121600
RELL,20140127,12.01,12.06,11.96,12.02,9300
RENT,20140127,54.91,55.2,53.34,54.11,59600
RFIL,20140127,6.51,6.65,6.32,6.6,146700
RGCO,20140127,12.6,12.78,12.6,12.78,1400
RGEN,20140127,14.3,14.72,13.6,14.04,504600
RGLD,20140127,56.04,56.05,54.21,54.37,980700
RGLS,20140127,96.84,97.08,90.12,94.32,194500
RIBT,20140127,5.64,5.64,5.01,5.23,81600
RICK,20140127,11.02,11.23,10.76,10.86,78600
RIGL,20140127,3.29,3.31,3.04,3.13,791300
RMBS,20140127,9.07,9.73,8.96,9.58,2705600
RMCF,20140127,11.7,11.89,11.56,11.56,8700
RMTI,20140127,10.5,10.69,9.9,10.18,818200
RNA,20140127,6.06,6.24,5.65,6.18,418300
RNST,20140127,30.47,30.89,29.36,29.39,156100
RNWK,20140127,7.5,7.52,7.28,7.33,46400
ROCK,20140127,17.86,18.11,17.7,17.89,93200
ROIC,20140127,14.45,14.53,14.18,14.19,406200
ROLL,20140127,66.94,67.48,65.56,66.32,52000
ROST,20140127,33.88,34.465,33.735,34.14,2878100
RPRX,20140127,20.69,20.84,19.26,19.5,239000
RRGB,20140127,64.99,65.14,63.76,64.26,181300
RUSHA,20140127,18.82,18.9867,18.6,18.68,46700
RUSHB,20140127,15.5733,15.8533,15.52,15.6867,3100
RUTH,20140127,12.54,12.74,12.26,12.54,263700
RVSB,20140127,3.05,3.13,3.05,3.09,20100
RYAAY,20140127,49.2,49.36,48.41,48.68,159800
SAFM,20140127,74.63,75.35,73.15,73.24,196600
SAFT,20140127,56.17,56.17,54.67,54.96,28200
SAIA,20140127,32.96,33.12,32.01,32.06,208800
SAL,20140127,27.19,27.19,26.68,26.68,1000
SALM,20140127,8.57,8.64,8.45,8.57,30800
SAMG,20140127,16.14,16.6,15.58,15.61,13300
SANM,20140127,15.3,15.67,14.76,14.8,1782000
SANW,20140127,6.73,6.92,6.25,6.84,141300
SASR,20140127,25.91,27.16,25.3,25.92,70200
SATS,20140127,38.1713,39,37.6106,38.4069,316500
SBAC,20140127,89.95,90.79,88.81,89.6,1562900
SBCF,20140127,12.32,12.32,11.72,11.97,90300
SBFG,20140127,8.21,8.27,8.2,8.2,3100
SBGI,20140127,30.29,30.42,29.36,29.7,1015000
SBLK,20140127,60.65,62.05,56.9,58.4,266400
SBNY,20140127,125.25,125.33,121.94,123.01,422000
SBRA,20140127,28.68,28.75,27.94,28.28,199800
SBSI,20140127,27.5,27.85,27.43,27.51,61500
SBUX,20140127,37.615,37.615,37.01,37.105,9106000
SCHL,20140127,32.69,33.25,32.53,33.08,184600
SCHN,20140127,28.29,28.52,27.27,27.34,256900
SCOR,20140127,28.38,28.38,27.44,27.44,179200
SCSC,20140127,40.91,41.1,40.26,40.31,132800
SCVL,20140127,24.02,24.29,23.89,23.93,103800
SEAC,20140127,12.15,12.28,11.41,11.61,253500
SEED,20140127,21.6,21.7,19.7,19.8,373200
SEIC,20140127,33.86,34.14,33.12,33.2,743700
SENEA,20140127,29.74,29.9,29.19,29.21,15900
SENEB,20140127,30,30,30,30,0
SFBC,20140127,16.87,16.87,16.87,16.87,100
SFM,20140127,35.69,36.68,35.21,36.28,786700
SFNC,20140127,18.375,18.485,18.065,18.09,32000
SFST,20140127,13.3,13.3,13.3,13.3,0
SGC,20140127,15.87,16.29,15.65,15.71,6300
SGEN,20140127,45.13,45.74,42.85,44.94,1036400
SGMA,20140127,9.36,9.45,8.92,9.05,29400
SGMO,20140127,19.07,19.34,17.81,18.52,1189600
SGMS,20140127,14.65,14.94,14.08,14.46,1674700
SGOC,20140127,13.24,13.4,13.04,13.16,60000
SGRP,20140127,1.86,2.06,1.85,2.02,21200
SHBI,20140127,9.17,9.5,9.17,9.49,58600
SHEN,20140127,12.075,12.5,11.845,12.225,75600
SHIP,20140127,1932,1932,1824,1908,2200
SHOO,20140127,22.0333,22.2,21.84,22.0267,664800
SHY,20140127,84.45,84.48,84.44,84.46,1166300
SIEB,20140127,1.89,1.99,1.75,1.98,16400
SIFY,20140127,1.97,1.99,1.9,1.94,283300
SIGA,20140127,3.52,3.52,3.3,3.38,232100
SIGI,20140127,24.54,24.66,24.23,24.27,172000
SILC,20140127,59.98,61.58,57.25,60.88,237800
SIMO,20140127,14.95,15,14.54,14.88,508000
SINO,20140127,12.5,12.5,11.55,12.25,11700
SIRI,20140127,3.65,3.66,3.58,3.66,55039400
SIVB,20140127,114.7,120.44,111.06,111.18,480800
SKYW,20140127,14.28,14.28,13.74,14.01,271000
SKYY,20140127,27,27,26.36,26.6,83500
SLAB,20140127,43.73,43.75,42.78,43.37,387400
SLGN,20140127,22.88,22.945,22.335,22.35,239900
SLM,20140127,8.2536,8.35,8.1964,8.2071,5743400
SLMBP,20140127,68,68,68,68,300
SLP,20140127,5.42,5.45,5.36,5.36,8800
SLRC,20140127,22.8,22.83,22.39,22.76,314200
SLVO,20140127,15.66,15.7,15.51,15.52,20300
SMBC,20140127,15.905,16.895,15.875,16.72,3000
SMCI,20140127,21,21.94,20.76,21.5,754400
SMED,20140127,4.6,4.95,4.25,4.89,60100
SMIT,20140127,2.55,2.55,2.55,2.55,0
SMMF,20140127,9.83,10.09,9.83,10.09,16100
SMPL,20140127,16.43,16.43,16.32,16.37,2600
SMSI,20140127,6.88,6.92,6.52,6.52,106700
SMTC,20140127,23.47,23.5,22.78,22.85,1762600
SNCR,20140127,29.7,29.99,28.64,28.69,367900
SNFCA,20140127,4,4.6,3.91,4.36,36000
SNPS,20140127,39.54,40.27,39.48,39.5,771800
SOCL,20140127,20.75,20.75,19.75,20.05,478400
SOHO,20140127,5.76,5.93,5.71,5.76,16100
SOHU,20140127,72.31,73.44,69.09,71.25,736900
SOXX,20140127,71.98,72.12,70.9,71.33,275100
SP,20140127,25.32,26.4,25.2,25.45,33800
SPBC,20140127,20.26,20.26,20.26,20.26,0
SPCB,20140127,6.01,6.08,5.63,5.92,299600
SPLK,20140127,78.43,79.75,72.43,73.97,2650900
SPNS,20140127,7.03,7.04,6.63,6.77,116100
SPPI,20140127,9.51,9.57,8.53,8.82,1141200
SPRO,20140127,2.47,2.5,2.45,2.45,1100
SPSC,20140127,67.29,67.67,65.6,66.35,99800
SPTN,20140127,22.48,23.14,22.44,22.66,130300
SPWR,20140127,30.9,31.94,30.02,31.02,2804700
SQQQ,20140127,4742.4,4988,4719.2,4880.8,2887600
SRCE,20140127,31.5,31.76,30.65,30.7,16700
SRCL,20140127,116.59,117.41,115.73,115.82,430600
SRDX,20140127,24.61,24.77,23.53,23.58,50400
SREV,20140127,8.19,8.35,7.98,8.07,809600
SRNE,20140127,10,10.36,9.4,9.81,165100
SRPT,20140127,24.65,24.74,22.9,24.21,2038100
SSBI,20140127,10.69,10.69,10.65,10.65,400
SSNC,20140127,42.74,43.19,42.22,42.54,251100
SSYS,20140127,119.05,119.96,111.55,118.03,2011000
STAA,20140127,16.27,16.45,15.68,15.81,121800
STBA,20140127,24.55,24.7,24.55,24.58,54100
STFC,20140127,21.43,21.43,20.74,20.84,32300
STKL,20140127,9.66,9.88,9.51,9.62,264100
STLD,20140127,17.13,17.13,16.45,16.48,6260600
STRA,20140127,37.22,37.87,35.62,36.26,252700
STRL,20140127,11.04,11.14,10.82,10.84,115000
STRM,20140127,6.5,6.5,6.02,6.21,174600
STRN,20140127,4.99,4.99,4.99,4.99,0
STRS,20140127,17.46,17.61,17.2,17.54,1700
STRT,20140127,48,53.2,48,52.23,33800
STSA,20140127,33.58,33.58,32.58,32.6,108100
STX,20140127,58.57,58.87,57.87,58.05,4243300
SUMR,20140127,18.36,18.36,17.82,18,95800
SUNS,20140127,18.31,18.31,18.17,18.19,53100
SUPN,20140127,9.25,10.05,8.9,9.44,1135500
SURG,20140127,3.57,3.64,3.5,3.53,226800
SVBI,20140127,4.7,4.73,4.6,4.6,9400
SVVC,20140127,23.6,23.6,22.5,22.96,58800
SWIR,20140127,21.81,21.94,20.3,21.13,1419500
SWKS,20140127,30.98,31.16,30.22,30.38,3038800
SYBT,20140127,19.9467,20.1,19.34,19.5667,25600
SYNA,20140127,60.6,61.93,59.65,60.22,1537300
SYNL,20140127,15.19,15.38,15.07,15.08,21700
SYPR,20140127,3.02,3.1,3,3.09,14700
TACT,20140127,11.81,12.02,11.76,11.8,17600
TAIT,20140127,1.09,1.15,1.09,1.15,10000
TAST,20140127,6.26,6.48,5.99,6.02,97000
TATT,20140127,8.32,8.32,8.18,8.25,5100
TAYD,20140127,8.15,8.37,8.15,8.31,900
TBBK,20140127,18.62,19.86,18.62,19.25,367600
TBNK,20140127,22.52,22.9,22.41,22.51,41200
TCBI,20140127,60.25,60.45,59.43,59.51,832200
TCBK,20140127,26.96,26.96,26.31,26.49,58800
TCFC,20140127,20.03,20.39,20.03,20.1,1800
TCPC,20140127,17.2,17.35,16.9,17.25,464000
TCX,20140127,12.95,13.1,12.5,12.5,40900
TDIV,20140127,24.01,24.03,23.78,23.86,107600
TECH,20140127,89.17,94.42,88.95,89.66,235600
TESS,20140127,33.85,34.28,32.35,32.4,45700
TFSL,20140127,11.63,11.63,11.39,11.4,184200
TGA,20140127,8.38,8.38,7.86,7.94,190900
TGLS,20140127,10,10,9.66,9.95,3400
TGTX,20140127,5.6,5.64,5.27,5.38,470900
THFF,20140127,33.41,34.43,33.02,33.17,24400
THRM,20140127,26.15,26.43,24.67,25.78,673400
THRX,20140127,37.63,37.73,35.61,36.56,1034100
TIGR,20140127,1.71,1.75,1.7,1.75,2500
TILE,20140127,21.14,21.63,20.92,21.15,342100
TIPT,20140127,7.2,8.19,7.2,8.19,300
TITN,20140127,17.42,17.62,17.03,17.11,146500
TLT,20140127,107.22,107.6,106.7,106.73,9222600
TNDM,20140127,26.08,26.49,23.75,24.35,96600
TNXP,20140127,15530,15680,14000,14800,710600
TOPS,20140127,13230000,14000000,12740000,12880000,6300
TOWN,20140127,15.3,15.59,15.01,15.08,24600
TQQQ,20140127,9.8683,9.915,9.3667,9.57,3711800
TREE,20140127,31.79,32.27,31.5,32,56000
TRIB,20140127,25.53,25.66,24.44,24.99,101300
TRIP,20140127,80.34,80.79,77.05,77.91,2301900
TRMB,20140127,32.67,32.8,32.19,32.34,1426900
TRMK,20140127,25.5,26.09,25.5,25.5,323200
TRNS,20140127,8.79,8.87,8.31,8.37,4600
TROW,20140127,77.4,78.15,76.5,76.51,2278700
TRS,20140127,37.25,37.25,35.95,36.1,268500
TRST,20140127,6.85,6.86,6.74,6.75,231500
TSBK,20140127,10.57,11.01,10.56,10.72,7500
TSC,20140127,13.9,13.9,13.36,13.48,102500
TSCO,20140127,70.62,70.92,70.12,70.46,1641700
TSEM,20140127,6,6.03,5.87,5.9,113400
TSLA,20140127,35.032,35.584,32.942,33.924,8737700
TSRI,20140127,3.09,3.1,3.08,3.1,3200
TTEC,20140127,22.27,22.51,20.77,21.9,183000
TTEK,20140127,29.33,29.55,28.62,28.72,593200
TTGT,20140127,7.11,7.11,6.83,7,74000
TTMI,20140127,8.25,8.4,8,8.07,1084700
TTWO,20140127,18.62,18.78,18.16,18.24,1844200
TW,20140127,122.14,123.44,120.39,120.44,1005700
TWIN,20140127,26.14,26.77,25.59,25.75,24500
TXN,20140127,42.95,43.27,42.55,42.64,7360000
TXRH,20140127,24.85,24.93,24.44,24.56,800100
TZOO,20140127,23.56,24.04,22.86,22.99,131200
UBCP,20140127,9.13,9.13,8.85,8.86,700
UBFO,20140127,5.07,5.07,5.07,5.07,400
UBOH,20140127,15.27,15.64,15.27,15.64,5400
UBSI,20140127,29.83,30.09,29.47,29.49,445000
UCBI,20140127,17.81,17.81,17.31,17.33,342900
UCTT,20140127,11.58,11.72,11.28,11.5,254400
UEIC,20140127,36.12,36.75,35.54,35.98,57300
UEPS,20140127,8.55,8.55,7.99,8.31,129000
UFCS,20140127,26.59,27.09,26,26.25,68700
UFPI,20140127,52.08,53.52,50.3,50.5,122800
UFPT,20140127,25.23,25.76,25.01,25.14,14600
UG,20140127,28.1,28.3,28.1,28.12,1300
UHAL,20140127,225.35,229.05,222.23,226.68,51000
UIHC,20140127,12.84,13,12,12.94,133800
ULBI,20140127,3.43,3.49,3.34,3.34,25200
ULTA,20140127,83.65,84.6,82.5,83.11,874500
UMBF,20140127,66.4,66.41,64.72,64.76,183500
UMPQ,20140127,18.81,18.81,18.22,18.23,831900
UNAM,20140127,13.09,13.15,13.01,13.01,20500
UNB,20140127,24.2,24.24,22.84,23.45,2800
UNTY,20140127,7.65,7.65,7.65,7.65,2400
URBN,20140127,36.52,36.74,35.97,36.28,2466000
USAK,20140127,13.73,13.83,13.5,13.71,40400
USAP,20140127,34.15,34.54,32.92,32.96,13000
USEG,20140127,201.6,202.2,192.6,200.4,135500
USLM,20140127,56.08,57.45,55.64,55.64,8000
UTHR,20140127,107.66,107.66,102.83,105.71,625300
UTMD,20140127,53.01,53.01,48.72,52,26600
UTSI,20140127,2.58,2.68,2.58,2.61,102700
UVSP,20140127,18.5,18.75,18.25,18.64,171300
VALU,20140127,14.08,14.08,12.75,12.8,12900
VBFC,20140127,24.96,25.12,24.96,25.12,3200
VCIT,20140127,83.98,84,83.75,83.75,220500
VCLT,20140127,85.12,85.36,84.66,84.66,39800
VCSH,20140127,79.88,79.93,79.82,79.82,456900
VCYT,20140127,15.76,15.79,14.9,15.16,32000
VECO,20140127,36.72,36.98,36.34,36.77,440200
VGIT,20140127,63.38,63.45,63.31,63.34,27900
VGLT,20140127,67.34,67.54,67.1,67.13,19900
VGSH,20140127,60.89,60.92,60.86,60.87,87400
VIA,20140127,81.49,82.01,80.75,81.11,20100
VICR,20140127,11.55,11.67,11.26,11.3,73600
VIEW,20140127,2.34,2.39,2.33,2.37,60600
VIRC,20140127,2.51,2.64,2.5,2.64,1500
VIVO,20140127,24.75,24.77,24.12,24.14,173700
VLGEA,20140127,28.84,29.05,28.06,28.27,14900
VMBS,20140127,51.69,51.78,51.62,51.63,99500
VNDA,20140127,12.93,13.16,11.77,12.42,1104300
VNET,20140127,21.35,21.77,20.28,20.82,1314000
VNQI,20140127,52.64,52.69,51.92,52.27,142000
VOD,20140127,37.18,37.28,36.4,36.8,33439500
VONE,20140127,82.87,82.93,81.94,82.2,30900
VONG,20140127,86,86,84.87,85.22,13000
VONV,20140127,79.78,79.94,79.17,79.6,9000
VOXX,20140127,14.03,14.03,13.52,13.69,187500
VRA,20140127,24.21,24.34,23.82,24.31,295300
VRNT,20140127,47.3,47.3,45.82,45.89,301100
VRSK,20140127,62.68,63.69,62.68,63.31,1058900
VRSN,20140127,60.42,60.64,59.3,59.38,1816400
VRTS,20140127,191.64,194.85,181.02,189.96,76600
VRTX,20140127,79.75,80.97,77.01,79.37,2657100
VSAT,20140127,61.79,62.12,61.02,61.53,190800
VSEC,20140127,23.67,23.67,22.555,22.76,8800
VSTM,20140127,13.78,14,12.23,12.59,276300
VTHR,20140127,83.36,83.42,82.56,83.15,4900
VTIP,20140127,49.33,49.35,49.27,49.28,79000
VTNR,20140127,3.4,3.4,3.28,3.28,80200
VTWG,20140127,97.69,97.69,95.19,95.96,19400
VTWO,20140127,90.75,90.85,88.71,89.2,95400
VTWV,20140127,83.98,84.03,82.72,83.15,3100
VWOB,20140127,76.17,76.21,76.02,76.05,39100
VXUS,20140127,50.47,50.47,49.7,49.98,444700
WABC,20140127,52.29,52.54,51.21,51.26,169500
WAFD,20140127,22.2,22.84,21.48,22.42,350800
WASH,20140127,35.01,35.73,34.09,34.17,22600
WDAY,20140127,89.2,89.56,85.03,87.09,1780100
WDC,20140127,85,85.92,84.5,84.59,2431600
WDFC,20140127,70.29,70.47,69.29,69.4,72400
WEN,20140127,9.09,9.13,8.8,8.88,8396600
WERN,20140127,25.99,26.11,25.67,25.79,736800
WETF,20140127,16.44,16.46,14.94,14.97,6829100
WEYS,20140127,27.79,27.79,27.03,27.09,13600
WHF,20140127,14.65,14.84,14.57,14.6,35000
WHLR,20140127,36.64,36.96,36.08,36.72,43200
WILC,20140127,8.37,8.37,8.21,8.26,23100
WINA,20140127,83.1,84.45,82.14,83.95,8700
WIRE,20140127,53.59,53.81,52.07,53,59500
WIX,20140127,27.79,28,26.8,27.09,90800
WLDN,20140127,4.77,4.83,4.71,4.72,18700
WLFC,20140127,16.8,17.11,16.05,16.32,30000
WOOD,20140127,51,51.41,50.81,51.28,17900
WOOF,20140127,32.1,32.23,31.7,32.08,502700
WPRT,20140127,17.65,17.66,16.93,17.11,1423700
WRLD,20140127,87.76,89.11,86.24,87.98,159000
WSBC,20140127,29.78,29.78,28.94,28.98,63400
WSBF,20140127,10.5,10.51,10.4,10.42,801400
WSFS,20140127,24.2967,24.4833,23.8033,23.8967,16100
WSTG,20140127,14.88,15,14.29,14.73,19300
WTBA,20140127,14.62,15.3,14.62,15.15,14700
WTFC,20140127,45.67,46.64,45.17,45.2,306500
WVFC,20140127,11.82,11.82,11.82,11.82,0
WVVI,20140127,6.19,6.4,6.12,6.16,10800
WWD,20140127,44.04,44.6,43.75,43.75,671700
WYNN,20140127,195.07,195.79,189.03,191.83,2996900
XLNX,20140127,46.94,47.15,46.22,46.48,2727300
XLRN,20140127,49,49,44.12,46.08,295100
XNCR,20140127,8.85,8.85,8.3,8.59,35000
XOMA,20140127,147,154,135,147.8,2625800
XONE,20140127,50.21,50.9,45.85,47.5,1019700
XRAY,20140127,45.76,46.1,42.99,45.86,1145000
XRTX,20140127,13.22,13.52,13.22,13.24,212200
XTLB,20140127,16.5,18.05,15.5,17.9,20700
YNDX,20140127,38.01,38.43,35.57,37.22,7020900
YORW,20140127,20.49,21,20.48,20.57,17000
YY,20140127,59.7,61.9,55.36,56.99,3190900
Z,20140127,80.64,81.54,76,76.95,1349800
ZBRA,20140127,53.37,53.66,52.76,53.31,252200
ZEUS,20140127,28.72,29,27.6,27.64,33400
ZGNX,20140127,34.88,34.96,32.16,34.16,2911500
ZION,20140127,30.29,30.54,29.8,29.93,3128100
ZIOP,20140127,4.59,4.59,4.12,4.43,1061000
ZIXI,20140127,4.58,4.72,4.5,4.63,465800
ZNGA,20140127,3.45,3.51,3.37,3.42,12594900
ZUMZ,20140127,22.21,22.5,21.89,21.98,298500
