AAL,20140107,27.2,27.4,26.67,26.91,11288700
AAME,20140107,4.01,4.04,3.91,4.04,12000
AAOI,20140107,14.89,14.89,14.35,14.74,49200
AAON,20140107,20.9133,21.28,20.7267,21.08,126900
AAPL,20140107,19.44,19.4986,19.2114,19.2872,11347500
AAWW,20140107,40.37,40.64,40.1,40.44,157200
AAXJ,20140107,57.9,57.99,57.68,57.91,500900
ABCB,20140107,21.02,21.44,20.65,21.02,17200
ABIO,20140107,224.28,236.88,216.72,226.8,1692200
ABMD,20140107,27.36,27.69,27.22,27.62,304100
ACAD,20140107,24.79,25.23,23.35,23.61,2214100
ACET,20140107,23.68,23.84,23.07,23.39,349800
ACGL,20140107,18.64,18.7267,18.48,18.5867,818500
ACHC,20140107,48,49.44,48,48.48,636700
ACIW,20140107,21.07,21.6533,21.0533,21.4333,293900
ACLS,20140107,9.72,9.96,9.44,9.52,1173800
ACNB,20140107,18.57,19,18.52,18.75,7900
ACOR,20140107,28.09,28.38,27.51,27.88,410700
ACRX,20140107,11.59,12.01,11.35,11.92,608400
ACST,20140107,12.6,13,12.6,12.8,279600
ACTG,20140107,14.54,14.57,14.34,14.4,316500
ACWI,20140107,56.77,56.95,56.77,56.89,2485900
ACWX,20140107,45.84,45.85,45.73,45.79,396800
ADBE,20140107,58.26,59.05,58.06,58.97,2963600
ADES,20140107,26.525,26.675,25.855,26.02,65800
ADI,20140107,49.49,49.78,49.34,49.59,1338500
ADMP,20140107,6.4,6.57,6.15,6.4,68000
ADP,20140107,70.2195,71.1327,70.1405,70.9219,1376200
ADRE,20140107,35.95,36,35.68,35.68,11800
ADSK,20140107,48.89,50.1,48.63,49.68,2002400
ADTN,20140107,26.59,26.93,26.41,26.78,297200
ADUS,20140107,23.83,24.42,23.66,23.89,139500
ADXS,20140107,60.3,61.05,58.35,60.45,61400
AEHR,20140107,3.11,3.14,2.87,2.88,22100
AEIS,20140107,23.13,23.95,22.91,23.51,532400
AERI,20140107,18.25,19.09,18.16,18.93,98300
AEY,20140107,2.91,2.99,2.87,2.95,55000
AEZS,20140107,151,155,145,147,1590500
AGEN,20140107,2.89,2.89,2.78,2.83,289000
AGIO,20140107,22.68,24.46,22.3,24,225200
AGNC,20140107,19.88,20.05,19.64,19.95,5994400
AGNCP,20140107,25.37,25.45,25.35,25.35,29400
AGYS,20140107,14.84,15.32,14.84,15.18,107700
AGZD,20140107,50.15,50.15,50.05,50.08,8600
AHPI,20140107,2.35,2.35,2.35,2.35,0
AIMC,20140107,33.56,35.01,33.56,34.94,301400
AINV,20140107,25.62,25.8,25.56,25.68,1615300
AIQ,20140107,27.3,27.53,26.92,27.06,31700
AIRT,20140107,11.63,12.2,11.35,11.41,3200
AKAM,20140107,46.25,47.14,46.01,47.01,1480000
ALCO,20140107,38.78,39.49,37.87,38.63,23500
ALGN,20140107,60.67,62.44,60.5,61.36,2170400
ALGT,20140107,106.16,107.25,104.82,105.67,96100
ALIM,20140107,4.47,4.5,4.3,4.45,118700
ALKS,20140107,40.95,41.07,39.99,40.46,944000
ALLT,20140107,15.31,15.73,15.25,15.4,545600
ALNY,20140107,61.48,62.55,60.24,62.31,417500
ALOT,20140107,12.65,12.93,12.56,12.92,6300
ALTR,20140107,32.19,32.31,31.96,32.14,1676700
ALVR,20140107,0.69,0.71,0.69,0.69,31500
AMAT,20140107,17.37,17.43,17.25,17.37,8133100
AMBA,20140107,34.56,36.49,34.1,35.61,2232000
AMCX,20140107,66.36,67.32,66.01,66.87,736100
AMD,20140107,4.19,4.25,4.11,4.18,42963400
AMED,20140107,14.61,15.16,14.61,14.96,308900
AMGN,20140107,113.5,116.79,113.27,116.43,3635200
AMKR,20140107,6.07,6.08,5.93,5.98,651000
AMNB,20140107,24.62,24.77,23.95,24.45,13200
AMOT,20140107,13.29,13.35,12.5,12.86,9200
AMRN,20140107,2.05,2.08,2,2,2957000
AMRS,20140107,65.7,67.65,65.7,65.85,448200
AMSC,20140107,16.4,17.5,16.2,16.8,1166100
AMSF,20140107,40.91,41.67,40.84,41.09,75400
AMSWA,20140107,9.68,9.98,9.68,9.95,45000
AMWD,20140107,38.29,39,38.26,38.43,61400
AMZN,20140107,395.04,398.47,394.29,398.03,1916600
ANAT,20140107,109.87,111.28,109.87,111.28,6100
ANDE,20140107,58.8667,59.8867,58.5467,59.26,328600
ANGI,20140107,13.35,14.18,13.35,13.98,1226700
ANGO,20140107,17.12,17.42,17.05,17.34,99000
ANIK,20140107,35.53,36.14,34.46,34.75,319500
ANIP,20140107,19.34,21.26,19.34,21.03,273500
ANSS,20140107,85.53,85.95,85.23,85.58,313800
AOSL,20140107,7.52,7.6,7.5,7.54,28900
APEI,20140107,42.25,42.58,42.1,42.19,108300
APOG,20140107,35.54,36.12,35.47,35.75,244200
APWC,20140107,3.32,3.32,3.32,3.32,1100
ARAY,20140107,8.44,8.62,8.44,8.6,1000500
ARCC,20140107,17.91,17.91,17.63,17.67,995500
ARKR,20140107,21.72,22.01,21.72,21.78,4000
ARLP,20140107,38.4,38.64,38.02,38.395,54500
ARNA,20140107,58.5,59,57.9,58.3,3368500
AROW,20140107,26.45,26.78,26.36,26.52,42700
ARRY,20140107,4.93,5.25,4.89,5.16,1947400
ARTNA,20140107,22.73,23.82,22.56,23.7,34500
ARTW,20140107,6.25,6.3,6.13,6.19,5500
ARWR,20140107,9.83,10.2,9.76,10.01,398600
ASML,20140107,88.97,89.6,88.81,89.39,880400
ASPS,20140107,160.94,160.97,152.32,156.12,227400
ASRV,20140107,3.03,3.06,3.02,3.03,11300
ASTC,20140107,2.86,2.94,2.75,2.92,287100
ASTE,20140107,36.62,37.38,36.62,36.91,71200
ASUR,20140107,5.49,5.5,5.4,5.49,1900
ASYS,20140107,7.36,7.91,7.26,7.8,39500
ATAI,20140107,4,4.02,3.94,4.01,19900
ATAX,20140107,6.4,6.44,6.28,6.32,75600
ATEC,20140107,24.36,25.08,24,24.12,107000
ATHX,20140107,3.14,3.2,2.96,3.16,2638800
ATLC,20140107,3.25,3.29,3.25,3.29,1000
ATLO,20140107,22.63,22.69,22.51,22.67,4200
ATNI,20140107,56.58,57.71,56.16,56.44,57300
ATOS,20140107,408.6,419.4,392.4,406.8,182600
ATRC,20140107,18.32,18.4,17.9,18.05,141900
ATRI,20140107,297.04,297.15,294.99,296.35,2100
ATRO,20140107,51.78,53.21,51.45,53.19,130900
ATRS,20140107,4.6,4.72,4.59,4.65,2155800
ATSG,20140107,7.82,7.94,7.78,7.87,119400
ATVI,20140107,18.2,18.37,18.01,18.32,5114400
AUBN,20140107,25.13,25.25,25.13,25.15,1300
AUDC,20140107,7.69,7.89,7.6,7.76,430300
AVAV,20140107,28.34,28.47,27.75,28,281100
AVEO,20140107,18.2,18.4,17.5,17.8,412000
AVGO,20140107,52.82,53.06,52.49,52.99,1335800
AVID,20140107,8.11,8.39,8.11,8.29,101000
AVNW,20140107,27.6,28.68,26.52,26.52,209300
AWRE,20140107,6.14,6.14,6.05,6.11,29900
AXDX,20140107,12.38,13.14,12.18,12.82,102900
AXGN,20140107,4.83,4.85,4.65,4.82,65600
AXTI,20140107,2.51,2.6,2.51,2.52,45400
AZPN,20140107,41.49,42.44,41.49,42.05,377600
BANF,20140107,55.53,56.75,54.87,55.7,15700
BANFP,20140107,26.75,26.75,26.75,26.75,200
BANR,20140107,44.41,45.08,44.41,44.88,118600
BANX,20140107,24.4,24.85,24.4,24.8,50600
BBBY,20140107,78.75,80.03,78.24,79.21,1860000
BBGI,20140107,9.18,9.37,9.15,9.17,5200
BBSI,20140107,93.27,94.93,92.87,94.26,56500
BCBP,20140107,13.47,13.9,13.16,13.54,7900
BCOR,20140107,28.29,28.86,28.12,28.66,680600
BCOV,20140107,11.74,12.3,11.5,11.69,1565400
BCPC,20140107,57.15,58,55.75,56.89,110800
BCRX,20140107,8.67,8.87,8.56,8.71,1228300
BDSI,20140107,5.81,5.94,5.72,5.75,281000
BEAT,20140107,8.11,8.7,8.06,8.57,573600
BECN,20140107,39.27,39.58,39,39.42,577800
BELFA,20140107,19.25,19.25,19.25,19.25,200
BELFB,20140107,21.33,21.55,21.3,21.49,8700
BFIN,20140107,9.59,9.6,9.46,9.59,13000
BGCP,20140107,6.1,6.15,6.04,6.13,1068600
BGFV,20140107,19.15,19.52,18.97,19.19,160600
BIB,20140107,36.7575,37.75,36.7575,37.585,30800
BICK,20140107,23.92,23.92,23.81,23.84,800
BIDU,20140107,178.2,179.18,175.7,178.82,2481800
BIIB,20140107,254.0701,255.3044,251.8778,251.9423,819000
BIOL,20140107,15,15,13.8,14.3,401100
BIS,20140107,20.97,20.97,20.65,20.65,10000
BJRI,20140107,31.29,31.64,31.21,31.36,246900
BKCC,20140107,9.42,9.54,9.4,9.41,449400
BKEP,20140107,8.54,8.73,8.52,8.62,27400
BKEPP,20140107,9.43,9.45,9.34,9.42,5500
BKSC,20140107,15.85,15.85,15.52,15.52,700
BLDP,20140107,1.92,2.5,1.87,2.47,18768300
BLIN,20140107,292.5,295,280,282.5,106100
BLKB,20140107,37.57,38.23,37.37,38.03,169800
BLMN,20140107,23.48,23.61,23.21,23.42,660700
BLRX,20140107,44.1,44.1,42,43.5,60600
BLUE,20140107,21.36,21.55,21.01,21.47,215600
BMRC,20140107,21.205,21.98,21.205,21.975,11400
BMRN,20140107,67.86,68.97,67.25,68.54,629200
BMTC,20140107,29.58,30.09,29.46,29.83,18400
BNDX,20140107,49.83,49.84,49.76,49.84,148300
BNFT,20140107,58.43,63.31,57.54,63.18,289400
BNSO,20140107,1.56,1.61,1.54,1.55,13000
BOKF,20140107,64.65,65.39,64.56,64.71,51500
BOLT,20140107,20.31,21.28,20.16,20.26,12000
BOOM,20140107,21.42,21.5,21.25,21.49,46000
BOSC,20140107,7.05,7.3,6.75,7.07,60200
BOTJ,20140107,9.11,9.17,9.07,9.07,600
BPOP,20140107,28.05,28.34,27.75,27.93,632500
BPOPM,20140107,18.25,18.4,18.25,18.4,8500
BPOPN,20140107,19.77,19.77,19.5,19.5,20700
BRID,20140107,9.61,9.61,9.61,9.61,0
BRKL,20140107,9.45,9.51,9.4,9.44,319900
BRKR,20140107,19.09,19.93,19.09,19.85,841000
BRKS,20140107,10.51,10.6,10.48,10.58,223200
BRLI,20140107,24.46,25.27,24.41,25.02,372500
BSET,20140107,15.08,15.08,14.92,15,18700
BSQR,20140107,3.51,3.69,3.51,3.66,108200
BSRR,20140107,15.77,16.22,15.77,16.22,7700
BUSE,20140107,5.69,5.78,5.66,5.75,221800
BWEN,20140107,9.98,10.28,9.62,9.96,293300
BYFC,20140107,1.06,1.07,1.06,1.07,29100
CAAS,20140107,8.27,8.4,8.19,8.3,108900
CAC,20140107,41.25,41.35,41.18,41.29,11400
CACC,20140107,130.3,130.8,127.33,129.81,28500
CACG,20140107,9.75,9.75,9.75,9.75,0
CAKE,20140107,47.26,47.88,47.26,47.54,296200
CALM,20140107,28.66,28.66,28.325,28.4,60300
CAMP,20140107,28.98,29.58,28.51,29.24,954800
CAMT,20140107,4.27,4.54,4.24,4.36,622700
CAR,20140107,40.26,40.48,39.61,39.81,1372300
CARV,20140107,6.86,6.86,6.62,6.62,200
CARZ,20140107,39.23,39.28,39.09,39.17,10500
CASH,20140107,13.1733,13.3267,12.4833,13.2133,7300
CASS,20140107,66,67.12,66,66.7,17400
CASY,20140107,67.5,67.63,66.75,66.83,297000
CATY,20140107,26.12,26.51,25.95,26.21,277500
CBAN,20140107,6.1,6.4,6.08,6.4,2700
CBNK,20140107,17.45,17.45,17.4,17.45,700
CBRL,20140107,109.95,111.82,109.25,111.06,183600
CBSH,20140107,44,44.83,43.87,44.79,486100
CCBG,20140107,11.81,12.05,11.81,11.93,44100
CCMP,20140107,45.94,46.34,45.54,46.01,154200
CCNE,20140107,18.62,18.94,18.35,18.82,13700
CCOI,20140107,39.67,41.22,39.67,40.97,371100
CCRN,20140107,10.19,10.3,9.9,10.01,744300
CCXI,20140107,6.05,6.1,5.99,6.1,387600
CDNS,20140107,14.28,14.38,14.19,14.34,2169300
CDW,20140107,23.76,24.2,23.62,23.98,419000
CDXS,20140107,1.47,1.53,1.44,1.52,76000
CDZI,20140107,7.32,7.55,7.26,7.34,22500
CECE,20140107,16.48,16.89,16.13,16.55,89200
CEMI,20140107,3.53,3.53,3.41,3.44,11200
CENT,20140107,6.84,6.84,6.51,6.55,22800
CENTA,20140107,6.82,6.87,6.4,6.43,145300
CENX,20140107,10.34,10.34,10.1,10.11,553100
CERE,20140107,13.84,14.16,12.88,13.44,490900
CERN,20140107,54.66,55.39,54.46,55.26,1565300
CERS,20140107,6.56,6.84,6.5,6.82,592700
CEVA,20140107,15.53,15.98,15.53,15.83,155400
CFBK,20140107,7.7,7.7,7.095,7.48,41500
CFFI,20140107,45.19,45.22,44.07,45.1,18100
CFFN,20140107,11.94,12.01,11.9,11.93,1310100
CG,20140107,36.03,36.7,35.66,35.91,346500
CGEN,20140107,9.91,10.14,9.74,10.05,436500
CGNX,20140107,18.97,19.05,18.69,18.765,433800
CGO,20140107,14.01,14.21,14.01,14.19,41500
CHCI,20140107,1.99,2,1.87,1.87,126600
CHCO,20140107,45.85,46.63,45.85,46.35,31600
CHDN,20140107,29.8667,30.1267,29.6667,30.04,57500
CHEF,20140107,28.71,29.68,28.54,28.87,129700
CHI,20140107,13.32,13.32,13.25,13.28,150200
CHKP,20140107,63.28,64.12,63.04,63.94,859300
CHMG,20140107,32.94,33.67,32.94,33.67,3100
CHNR,20140107,9.1,9.38,8.22,9.3,154400
CHRW,20140107,56.64,56.99,56.39,56.68,1309700
CHSCO,20140107,28.34,28.37,28.24,28.3,18900
CHSCP,20140107,29.19,29.38,29,29,11100
CHTR,20140107,135.26,138.25,135.13,138.08,1026300
CHUY,20140107,36.42,37.22,36.05,36.95,106600
CHW,20140107,8.92,8.94,8.89,8.93,333600
CHY,20140107,12.93,13,12.88,12.97,202600
CIDM,20140107,22.8,23.4,21.6,21.6,168700
CINF,20140107,51.02,51.31,50.92,51.05,530300
CIZN,20140107,18.65,18.65,18.65,18.65,200
CJJD,20140107,1.05,1.09,1,1.03,61100
CLDX,20140107,338.1,342.15,333.75,339.75,1452700
CLFD,20140107,19.5,19.54,19.27,19.36,91400
CLIR,20140107,9.7,10.18,9.48,10,172700
CLMT,20140107,28.54,29.21,28.25,29.08,418500
CLNE,20140107,12.48,12.72,12.32,12.53,1145200
CLRO,20140107,9.05,9.08,8.9,9.08,33500
CLSN,20140107,3.98,3.99,3.9,3.98,182900
CLVS,20140107,62.59,62.88,59.78,61.42,314800
CLWT,20140107,3.4867,3.5867,3.2467,3.4,46300
CMCO,20140107,26.86,27.23,26.68,27.2,42400
CMCSA,20140107,25.67,26.6,25.555,26.415,18580900
CME,20140107,78.55,79.08,77.29,77.82,1598000
CMLS,20140107,65.04,65.52,63.6,64,1831400
CMRX,20140107,15.6,15.95,15.36,15.93,110700
CMTL,20140107,31.43,31.75,31.31,31.66,256200
CNBKA,20140107,33.71,33.94,33.5,33.94,2000
CNET,20140107,0.8,0.83,0.78,0.82,23400
CNOB,20140107,18.17,18.9,18.17,18.88,34900
CNSL,20140107,20,20.2,19.93,20.04,385700
CNTY,20140107,5.22,5.24,5.13,5.21,90300
COCO,20140107,1.63,1.68,1.6,1.64,2321500
COHR,20140107,73.7,75.84,73.55,74.46,127500
COHU,20140107,10.07,10.4,10.02,10.28,32100
COKE,20140107,71.65,74,71.65,73.6,25200
COLB,20140107,27.16,27.43,26.78,26.97,309200
COLM,20140107,38.61,39.305,38.44,39.22,107000
COMM,20140107,19.25,19.26,18.72,19.03,403900
CONE,20140107,21.85,22.15,21.64,22,238200
CONN,20140107,76.53,76.99,74.32,74.61,648700
COOL,20140107,23.52,23.94,23.52,23.94,151800
CORT,20140107,3.45,3.6,3.33,3.58,431800
COST,20140107,116.39,116.56,115.38,115.86,2292500
COWN,20140107,3.94,3.96,3.9,3.96,217300
CPHC,20140107,10.8,10.8,10.8,10.8,1000
CPIX,20140107,5.14,5.16,5.1,5.12,9600
CPLP,20140107,10.39,10.49,10.12,10.44,375300
CPRT,20140107,18.1,18.235,18.075,18.185,691900
CPRX,20140107,2.1,2.13,1.97,2.02,1496100
CPSI,20140107,60.37,62.75,59.83,62.59,171500
CPSS,20140107,9.48,9.49,9.18,9.47,126200
CRAI,20140107,19.51,19.95,19.51,19.75,17900
CREG,20140107,336,349,333,341,115100
CRESW,20140107,0.07,0.07,0.07,0.07,41900
CRESY,20140107,10.03,10.03,9.43,9.45,113200
CRIS,20140107,14.95,15.1,14.45,14.85,401200
CRMT,20140107,41.42,42.37,41.19,41.92,23300
CRNT,20140107,3.11,3.3,3.11,3.22,538000
CROX,20140107,15.98,16.09,15.82,15.86,1251600
CRTO,20140107,32.7,32.97,31.74,32.23,132200
CRTX,20140107,9.53,9.61,9.5,9.53,63100
CRUS,20140107,19.56,19.69,19.33,19.58,1287900
CRVL,20140107,46.15,47.11,46.12,46.7,49200
CRWS,20140107,7.92,7.96,7.74,7.83,7200
CSCO,20140107,22.26,22.41,22.15,22.31,37384800
CSGP,20140107,182.81,185.24,181.85,182.45,78300
CSGS,20140107,28.73,29.11,28.69,28.99,269600
CSII,20140107,32.58,32.71,32.05,32.61,409600
CSIQ,20140107,36.3,39.84,36.27,38.57,8383300
CSOD,20140107,55.26,57.99,55.11,56.47,924400
CSPI,20140107,8.05,8.2,7.95,8.16,29100
CSQ,20140107,10.8,10.91,10.8,10.88,522300
CSTE,20140107,49.7,52.74,49.7,52.51,352900
CSWC,20140107,34.18,34.55,33.61,34.18,48600
CSX,20140107,28.3,28.43,28.2,28.35,3842800
CTAS,20140107,59.11,59.45,58.95,59.35,565800
CTBI,20140107,44.07,44.32,43.76,44.09,30000
CTG,20140107,18.07,18.19,17.95,18,53200
CTHR,20140107,4.9,4.9,4.8,4.84,89600
CTIB,20140107,5.5,5.75,5.5,5.75,300
CTIC,20140107,24.1,24.9,23.3,23.7,6802000
CTRN,20140107,18.24,18.3,17.85,17.89,122500
CTSH,20140107,49.28,49.75,49.28,49.56,1532400
CTXS,20140107,48.6226,48.7341,47.4841,47.8503,3721800
CUBA,20140107,8.21,8.21,8.08,8.13,26800
CUTR,20140107,10.34,10.36,10.12,10.24,53200
CVBF,20140107,16.44,16.81,16.36,16.68,639400
CVCO,20140107,70.75,71.16,68.91,69.18,18800
CVCY,20140107,11,11.08,10.85,10.98,5200
CVGI,20140107,7.54,7.69,7.5,7.64,126300
CVGW,20140107,29.84,32.26,29.84,31.89,106400
CVLT,20140107,73.9,74.87,72.73,74.29,585500
CVLY,20140107,20.78,20.78,20.1,20.1,300
CVV,20140107,13.88,13.97,12.98,13.24,54400
CWBC,20140107,7.04,7.5,6.77,6.97,28700
CWCO,20140107,13.61,14.2,13.37,14.17,152400
CWST,20140107,5.8,5.83,5.66,5.77,64900
CXDC,20140107,5.05,5.06,4.94,5.03,117600
CYAN,20140107,4.71,4.93,4.69,4.84,13900
CYBE,20140107,6.45,6.48,6.25,6.35,26200
CYCC,20140107,1032,1046.4,1005.6,1044,202800
CYCCP,20140107,9.08,9.08,9.08,9.08,100
CYTK,20140107,7.3,7.85,7.29,7.82,740900
CZNC,20140107,20.13,20.21,20,20.14,12900
CZR,20140107,22.38,22.93,22.25,22.5,914100
CZWI,20140107,7.4,7.4,7.4,7.4,0
DAIO,20140107,2.72,2.78,2.66,2.67,4500
DAKT,20140107,15.24,15.36,15.14,15.17,149500
DCOM,20140107,16.85,16.92,16.72,16.84,71700
DCTH,20140107,69.12,71.68,66.56,71.68,3053700
DENN,20140107,6.93,7.03,6.76,6.9,258900
DGICA,20140107,15.69,15.7,15.45,15.54,15000
DGICB,20140107,23.12,23.12,23.12,23.12,0
DGII,20140107,12.12,12.39,12.09,12.32,123500
DGLY,20140107,9.12,9.6,9.12,9.56,38400
DGRE,20140107,23.99,24,23.82,23.86,29400
DGRS,20140107,28.42,28.42,28.25,28.34,6500
DGRW,20140107,27.46,27.65,27.46,27.56,83600
DHIL,20140107,116.52,117.24,116.16,117,3300
DIOD,20140107,22.93,23.63,22.51,23.18,225500
DISCA,20140107,86.96,87.63,86.61,86.94,1170800
DISCB,20140107,89.12,89.12,89.12,89.12,0
DISCK,20140107,40.385,40.385,39.9,39.99,293800
DISH,20140107,57.83,58.41,56.12,56.93,6054400
DJCO,20140107,170.55,170.55,170.5,170.5,300
DLHC,20140107,1.52,1.52,1.52,1.52,9900
DLTR,20140107,56.55,56.94,56.48,56.59,2398200
DMLP,20140107,25.54,26.04,25.26,25.87,25500
DMRC,20140107,19.8,20.44,19.8,20.4,12900
DORM,20140107,53.79,54.79,53.58,54.02,258100
DOX,20140107,40.49,41.01,40.44,40.8,597600
DRIV,20140107,18.45,18.56,18.23,18.37,164400
DRRX,20140107,1.85,1.92,1.8,1.88,2355900
DSGX,20140107,13.3,13.32,13.16,13.16,24000
DSPG,20140107,9.38,9.71,9.38,9.58,80400
DSWL,20140107,2.24,2.28,2.19,2.27,57700
DVAX,20140107,19.2,19.5,17.9,19,7765200
DWSN,20140107,33.77,34.7,33.65,34.32,41900
DXCM,20140107,34.81,35.58,34.81,35.47,507300
DXGE,20140107,26.47,26.62,26.47,26.59,10400
DXJS,20140107,29.88,30.14,29.88,30.1,47900
DXLG,20140107,6.38,6.47,6.27,6.34,116400
DXPE,20140107,111.13,111.82,109.71,109.87,119800
DXYN,20140107,13.31,13.53,13.13,13.39,40900
DYNT,20140107,4.2,4.2,4.07,4.14,5900
EA,20140107,22.68,23.38,22.53,23.1,3970100
EAC,20140107,21.21,21.25,21.01,21.2,20400
EBAY,20140107,22.0589,22.3284,21.8863,22.2611,14088400
EBIX,20140107,14.19,15,14.17,14.82,940100
EBMT,20140107,10.95,10.95,10.95,10.95,300
EBSB,20140107,8.9706,9.0768,8.9011,9.0074,7200
EBTC,20140107,20.89,21.4,20.47,20.95,24600
ECHO,20140107,20.67,20.9,20.6,20.75,72300
ECOL,20140107,37.14,37.43,36.98,37.08,116900
ECPG,20140107,49.09,49.79,48.78,49.53,243500
EDAP,20140107,3.05,3.08,3,3.01,57600
EDUC,20140107,1.63,1.75,1.495,1.59,23200
EEFT,20140107,46.67,47.31,46.67,46.9,362800
EEMA,20140107,54.46,54.6,54.29,54.6,1600
EFSC,20140107,19.9,20.13,19.85,19.94,29900
EGAN,20140107,10.85,10.96,10.36,10.41,194300
EGBN,20140107,30.62,31.23,30.36,30.48,58600
EGLE,20140107,10357.2,10936.8,10206,10558.8,669000
EHTH,20140107,45.02,46.55,44.54,46.24,338500
ELSE,20140107,4.03,4.05,4.01,4.03,20500
ELTK,20140107,2.31,2.74,2.3,2.66,470700
EMCB,20140107,74.48,74.96,74.48,74.6,6100
EMCF,20140107,25.03,25.03,25.03,25.03,100
EMIF,20140107,33.03,33.05,32.9,32.96,18900
EMKR,20140107,5.16,5.2,5.08,5.15,53400
EML,20140107,15.9,16.39,15.9,16.39,16700
ENDP,20140107,65.08,66.41,64.84,66.4,2792200
ENG,20140107,1.56,1.56,1.5,1.53,55100
ENPH,20140107,7.05,7.66,7.04,7.54,748600
ENSG,20140107,22.095,22.635,22.04,22.365,130500
ENTA,20140107,29.21,30.8,28.65,30.04,128300
ENTG,20140107,11.17,11.3,11.06,11.19,417200
ENVI,20140107,3.48,3.85,3.48,3.66,185600
EPAY,20140107,34.83,35.11,34.61,34.92,261900
EPZM,20140107,34.31,37.69,31.02,35.99,3810100
EQIX,20140107,174.96,182.02,173.57,179.59,1347800
ERIC,20140107,11.82,11.86,11.76,11.84,2550800
ERIE,20140107,72.23,72.48,71.63,72.06,13000
ERII,20140107,5.47,5.54,5.3,5.45,461200
ESBK,20140107,25.15,25.15,25.15,25.15,300
ESCA,20140107,11.71,11.9,11.7,11.7,10700
ESEA,20140107,10.8,11.52,10.8,11.12,181600
ESGR,20140107,135.88,136.98,135.11,135.56,19400
ESLT,20140107,58.84,59.3,58.39,58.79,22100
ESPR,20140107,14.42,16.53,14.42,15.94,150000
ESSA,20140107,11.53,11.58,11.44,11.58,4300
ESXB,20140107,3.8,3.8,3.75,3.78,23200
EUFN,20140107,25.04,25.17,25,25.13,228100
EVK,20140107,5.66,5.67,5.61,5.65,3000
EVOK,20140107,8.15,8.15,7.57,7.75,25900
EVOL,20140107,10.2,10.81,10.18,10.81,59100
EWBC,20140107,34.28,34.8,34.25,34.49,584900
EXAS,20140107,13.03,13.75,12.86,13.7,1601300
EXEL,20140107,6.94,7.27,6.83,6.84,5114000
EXLS,20140107,26.94,27.28,26.53,26.75,234100
EXPD,20140107,43,43.57,42.96,43.28,1065500
EXPE,20140107,69.26,71.72,69.07,71.45,2961700
EXPO,20140107,19.25,19.4725,19.065,19.1075,30100
EXTR,20140107,6.98,7.09,6.84,6.93,1018900
EZPW,20140107,11.6,11.62,11.19,11.38,568800
FANG,20140107,48.8,50.04,47.92,48.39,727500
FARM,20140107,21.5,22.6,19.83,22.53,271200
FARO,20140107,56.32,56.79,56.08,56.19,93800
FAST,20140107,22.95,23.06,22.86,22.94,1846200
FATE,20140107,6.36,6.88,6.25,6.37,24100
FB,20140107,57.7,58.55,57.22,57.92,77329000
FBIZ,20140107,37.39,37.84,37.39,37.84,11900
FBMS,20140107,14.7,14.7,14.7,14.7,0
FBNC,20140107,16.55,16.79,16.41,16.53,24800
FCAP,20140107,20.62,20.65,20.31,20.32,1700
FCBC,20140107,16.3,16.65,16.3,16.61,30600
FCCO,20140107,10.28,10.28,10.28,10.28,600
FCCY,20140107,11.29,11.3,11.24,11.3,900
FCEL,20140107,237.6,276.48,233.28,267.84,20208000
FCFS,20140107,62.57,63.38,61.98,63.11,147300
FCNCA,20140107,222.79,222.99,220.75,222,10200
FDUS,20140107,21.21,21.33,21.09,21.09,66800
FEIM,20140107,11.92,13.31,11.71,12.17,10800
FELE,20140107,44.41,44.77,43.7,44.2,225000
FFBC,20140107,17.2,17.47,17.17,17.29,206700
FFHL,20140107,1.16,1.18,1.15,1.15,8600
FFIC,20140107,20.09,20.3,19.88,19.99,87100
FFIN,20140107,16.23,16.4675,16.195,16.295,113300
FFIV,20140107,88.12,90.26,87.7,89.64,1728600
FFNW,20140107,10.42,10.61,10.36,10.56,22900
FIBK,20140107,27.76,28.2,27.56,28.06,124400
FISI,20140107,23.45,24.11,23.13,23.44,20900
FISV,20140107,29.15,29.255,29.105,29.2,627400
FITB,20140107,21.17,21.2,20.93,21.02,6549100
FITBI,20140107,25.13,25.3,25.05,25.3,507700
FIVE,20140107,44,44.65,43.91,44.1,559000
FIZZ,20140107,21.01,21.39,20.91,21.24,19800
FLDM,20140107,36.78,38.29,34.77,38.23,393700
FLEX,20140107,7.71,7.74,7.63,7.68,4540000
FLIC,20140107,27.88,27.9867,27.52,27.56,7300
FLL,20140107,2.73,2.77,2.73,2.73,66900
FLWS,20140107,5.32,5.35,5.28,5.31,108100
FLXS,20140107,30.23,30.94,29.76,29.99,14500
FMBI,20140107,17.58,17.75,17.49,17.62,223400
FMNB,20140107,6.6,6.65,6.6,6.64,32300
FNHC,20140107,13.07,13.3,12.87,13.27,72400
FNLC,20140107,17.14,17.17,17,17.1,7300
FOLD,20140107,2.44,2.48,2.41,2.46,279300
FONR,20140107,24.47,26.37,24,26.32,1015500
FORD,20140107,1.56,1.58,1.53,1.57,9500
FORM,20140107,6.29,6.41,6.12,6.32,287000
FORR,20140107,37.2,37.63,37.03,37.48,45500
FORTY,20140107,26.4,26.4,26.11,26.11,700
FOSL,20140107,120.38,121.03,119.03,119.91,871600
FOX,20140107,34.29,34.65,34.26,34.37,1465500
FOXA,20140107,34.97,35.25,34.84,34.97,5887700
FOXF,20140107,17.35,17.68,16.66,16.93,58500
FRBA,20140107,6.16,6.22,6.06,6.22,4200
FRBK,20140107,2.97,3.03,2.97,2.99,17900
FREE,20140107,1290000,1362000,1242000,1290000,3861000
FRGI,20140107,51.34,52.19,50.32,50.8,353000
FRME,20140107,21.36,21.73,21.23,21.52,132000
FSBW,20140107,17.1,17.1,17.1,17.1,0
FSFG,20140107,22.85,22.85,22.85,22.85,0
FSLR,20140107,52.15,53.89,52.06,52.49,6662300
FSTR,20140107,46.08,46.45,45.51,46.02,18500
FTCS,20140107,33.4,33.5,33.4,33.46,3400
FTEK,20140107,7.8,8.5,7.66,8,1444500
FTGC,20140107,29.9,29.9,29.76,29.76,3700
FTHI,20140107,20.05,20.05,20.05,20.05,400
FTLB,20140107,20.05,20.05,20.05,20.05,200
FTNT,20140107,19.32,19.89,19.18,19.83,2763100
FTSL,20140107,49.77,49.77,49.67,49.75,23200
FULT,20140107,12.96,13.11,12.94,13.06,766500
FUNC,20140107,7.76,8.08,7.76,8.01,5200
FUND,20140107,7.6,7.65,7.55,7.63,11600
FWRD,20140107,42.98,43.56,42.53,42.86,144100
GABC,20140107,18.8267,18.8267,18.52,18.7133,22600
GAIA,20140107,6.99,7,6.79,6.79,8500
GAIN,20140107,8.05,8.09,7.86,7.89,328500
GALT,20140107,8.37,8.48,8.34,8.36,197200
GAME,20140107,4.45,4.51,4.4,4.5,343200
GASS,20140107,10.14,10.43,10.13,10.2,224300
GBCI,20140107,29.37,29.81,29.34,29.51,254000
GBDC,20140107,18.44,18.68,18.27,18.37,163400
GBLI,20140107,24.25,24.41,24.25,24.39,5500
GCBC,20140107,13.125,13.125,13.125,13.125,0
GENC,20140107,6.2467,6.4533,6.2467,6.2733,20300
GENE,20140107,29,29.6,29,29.4,16000
GEOS,20140107,88.2,89.42,86.87,88.78,181300
GERN,20140107,4.68,4.77,4.6,4.66,2486600
GEVO,20140107,8340,8400,7920,8040,1171800
GFED,20140107,11.01,11.14,11,11.07,3000
GGAL,20140107,9.7,9.88,9.58,9.74,390300
GIFI,20140107,22.55,23.39,22.49,23.09,21100
GIGM,20140107,5.05,5.1,5,5.05,42900
GIII,20140107,34.76,34.945,34.435,34.76,294800
GILD,20140107,73.5,73.87,72.71,72.78,8520100
GILT,20140107,4.76,4.78,4.72,4.77,71300
GLAD,20140107,9.75,9.85,9.75,9.8,100400
GLBS,20140107,15440,15520,15040,15520,1200
GLBZ,20140107,11.89,11.89,11.89,11.89,0
GLDD,20140107,8.91,9.05,8.86,8.97,192600
GLDI,20140107,14.14,14.15,14.09,14.15,7400
GLNG,20140107,36.09,36.53,35.69,36.5,455300
GLPI,20140107,49.3,50.98,48.67,49.02,1698700
GLRE,20140107,32.45,32.69,32.28,32.61,114200
GNMA,20140107,48.5,48.5,48.23,48.23,1300
GNTX,20140107,16.265,16.64,16.21,16.38,867300
GOGO,20140107,24.1,26.38,24.01,26.25,6663900
GOOD,20140107,18.17,18.38,18.05,18.3,83400
GOODN,20140107,25.75,25.75,25.75,25.75,200
GOODO,20140107,24.65,24.7,24.5,24.5,1400
GOOG,20140107,562.5,569.845,560.58,569.43,2553900
GPRE,20140107,18.2,19.13,18.02,18.99,1494100
GRFS,20140107,18.095,18.095,17.885,18.015,533100
GRID,20140107,35.87,36.29,35.87,35.98,5900
GRMN,20140107,46.41,46.64,45.59,45.68,1008200
GROW,20140107,2.55,2.55,2.5,2.51,15800
GRPN,20140107,241,244,235.2,237.6,33217000
GRVY,20140107,3.96,3.96,3.84,3.84,46900
GSBC,20140107,29.75,30.1,29.73,29.99,18600
GSIT,20140107,6.66,6.71,6.65,6.66,38800
GSM,20140107,17.93,18.09,17.9,17.98,288100
GT,20140107,23.9,24.5,23.8,24.05,4744800
GTIM,20140107,2.62,2.7,2.56,2.7,63100
GURE,20140107,11.85,11.95,11.45,11.55,193300
GYRO,20140107,7.25,8.3,7.05,7.82,809500
HA,20140107,10.17,10.33,10.07,10.3,742700
HAFC,20140107,21.86,22.35,21.7,21.85,150800
HAIN,20140107,44.84,45.66,44.765,45.365,615000
HALL,20140107,8.96,9.07,8.96,9.04,27800
HALO,20140107,14.79,15.07,14.66,14.97,895400
HAS,20140107,54.3,54.31,53.5,53.78,1461800
HAYN,20140107,53.9,54.23,52.59,53.03,47100
HBAN,20140107,9.62,9.8,9.62,9.72,11770300
HBANP,20140107,1265,1265,1250.26,1250.26,100
HBCP,20140107,19.02,19.12,18.9,19.11,3800
HBIO,20140107,4.6,4.68,4.54,4.63,71800
HBMD,20140107,9.42,9.42,9.42,9.42,0
HBNC,20140107,10.8311,10.9911,10.7155,10.8889,20800
HBP,20140107,4.95,4.95,4.83,4.85,23600
HCCI,20140107,18.51,19.07,18.25,19.02,25100
HCKT,20140107,6.04,6.13,6.01,6.04,49400
HCSG,20140107,27.21,27.59,27.14,27.51,164800
HDSN,20140107,3.81,4,3.74,3.85,247000
HEES,20140107,28.64,30.21,28.63,30,251000
HELE,20140107,47.71,48.35,47.71,48.19,172600
HERO,20140107,6.52,6.54,6.3,6.32,3478300
HFBL,20140107,17.7,17.7,17.28,17.28,200
HFWA,20140107,17.44,17.91,17.42,17.85,175400
HGSH,20140107,13.36,13.36,12.4,12.9,26500
HIBB,20140107,66.16,66.82,65.81,65.93,271900
HIFS,20140107,77.75,78.2,77.32,78.2,6700
HIHO,20140107,2.97,3.07,2.96,3.07,18400
HIMX,20140107,14.11,14.81,14.08,14.24,8905700
HLIT,20140107,7.3,7.44,7.26,7.29,296100
HMHC,20140107,17.75,17.98,17.49,17.66,64200
HMNF,20140107,10.56,10.6,10.31,10.58,9100
HMST,20140107,20.36,20.71,20.36,20.47,51200
HMTV,20140107,11.9,12,11.76,11.85,12200
HNRG,20140107,8.05,8.19,7.77,7.95,62800
HOFT,20140107,16.16,16.7,16.08,16.37,10600
HOLI,20140107,17.65,18.37,17.53,17.78,286100
HOLX,20140107,21.71,21.97,21.67,21.92,3323100
HOMB,20140107,17.91,17.935,17.365,17.43,575200
HOVNP,20140107,15.3,15.74,15.16,15.39,4000
HRZN,20140107,14.41,14.44,14.26,14.37,29300
HSIC,20140107,113.99,115.8,112.98,115.32,344400
HSII,20140107,20.29,20.87,20.29,20.52,35800
HSKA,20140107,9,9.23,8.95,9.08,35800
HSON,20140107,40.5,40.5,38.8,39,65100
HSTM,20140107,31.91,32.56,31.65,32.27,123300
HTBI,20140107,15.92,16.1,15.92,16.03,23700
HTBK,20140107,8.21,8.36,8.11,8.21,29000
HTBX,20140107,72.6,74.3,72.6,73.2,1800
HTHT,20140107,7.3375,7.4225,7.2,7.3025,1005900
HTLD,20140107,19.73,19.98,19.73,19.87,636000
HTLF,20140107,27.11,27.62,27.07,27.37,22900
HUBG,20140107,39.45,39.87,39.25,39.63,269400
HURC,20140107,24.9,24.9,24.07,24.56,18800
HURN,20140107,61.37,62.13,61.37,61.85,98900
HWBK,20140107,11.55,12.01,11.5,12.01,4900
HWKN,20140107,36,36.54,35.59,36.11,32100
HYLS,20140107,52.35,52.35,51.61,51.8,23800
HYZD,20140107,25.13,25.13,25.13,25.13,600
HZNP,20140107,8.34,8.82,8.26,8.55,3928400
IART,20140107,24.325,24.62,24.13,24.3,208400
IBB,20140107,225.64,227.28,224.88,226.93,517900
IBCP,20140107,12.95,13.35,12.68,13.2,231200
IBKR,20140107,24.31,24.59,24.02,24.21,851300
IBOC,20140107,25.55,25.85,25.18,25.56,169800
IBTX,20140107,49.7,49.76,48.99,49.47,17300
ICAD,20140107,11.16,11.21,10.84,10.86,93100
ICCC,20140107,4.16,4.22,4.11,4.11,2700
ICFI,20140107,35.18,35.74,34.98,35.45,65900
ICLN,20140107,10.6,10.75,10.6,10.74,19800
ICLR,20140107,39.48,39.94,39.01,39.85,547100
ICPT,20140107,67.41,71.97,65.22,71.25,413800
ICUI,20140107,63.5,65.77,62.68,62.9,232500
IDCC,20140107,29.23,29.29,28.98,29.17,320700
IDRA,20140107,40.32,44.4,38.96,42.4,2676900
IDXX,20140107,52.835,53.95,52.525,53.93,252100
IEP,20140107,117.89,118.99,115.98,116.63,194600
IESC,20140107,6.04,6.46,5.62,5.62,37000
IFGL,20140107,30.42,30.42,30.31,30.37,97800
IGOV,20140107,100,100.2,99.75,99.76,67400
III,20140107,4.28,4.61,4.26,4.58,360300
IIN,20140107,4.07,4.07,3.96,3.96,600
IIVI,20140107,17.21,17.51,17.02,17.47,274900
IKNX,20140107,14.5,14.5,14.5,14.5,0
ILMN,20140107,109.72,112.76,109.31,112.51,1020500
IMGN,20140107,14.71,14.94,14.5,14.52,624800
IMKTA,20140107,26.8,27.57,26.65,27.48,75000
IMMR,20140107,10.62,11.19,10.62,11.15,187400
IMOS,20140107,18.76,19.1,18.31,18.51,260200
INBK,20140107,22.18,22.38,21.95,22,9700
INCY,20140107,52.52,53.5,51.69,51.96,1140100
INDB,20140107,38.2,38.43,37.76,38.21,70100
INDY,20140107,22.69,22.75,22.59,22.68,125200
INFI,20140107,12.68,12.84,12.45,12.5,684700
INFN,20140107,9.83,9.94,9.77,9.89,1089800
INOD,20140107,2.59,2.6,2.53,2.6,50000
INSM,20140107,18.2,18.6,17.68,17.98,290200
INTC,20140107,25.54,25.73,25.47,25.58,19684800
INTG,20140107,19.11,19.25,19.11,19.25,500
INTU,20140107,75.88,77.35,75.74,77.06,1551000
INVE,20140107,6.9,7.5,6.5,7.3,763500
IOSP,20140107,44.93,45.29,44.58,44.85,289800
IPAR,20140107,33.22,34.19,32.71,33.86,168800
IPDN,20140107,28.32,28.96,26.64,26.96,96200
IPGP,20140107,74.6,75.1,73.79,74.09,293500
IPWR,20140107,56.5,63.7,54.4,58.4,67400
IRBT,20140107,34.21,36.57,34,36.16,1090000
IRDM,20140107,6.2,6.34,6.14,6.33,884000
IRIX,20140107,9.96,10.08,9.77,9.95,75400
IROQ,20140107,16.86,16.86,16.86,16.86,3300
IRWD,20140107,11.57,11.72,11.22,11.43,895900
ISBC,20140107,9.9725,10.0863,9.9608,10.0392,185100
ISHG,20140107,93.88,94.24,93.88,94.1,6800
ISIG,20140107,2.81,2.91,2.81,2.88,83100
ISLE,20140107,8.98,9,8.83,8.95,106900
ISRG,20140107,371.39,376.89,370.75,373.76,388100
ISSC,20140107,7.02,7.23,7.01,7.05,17800
ITIC,20140107,81.2,81.98,80.75,81.77,2300
ITRI,20140107,40.97,41.59,40.7,41.2,204900
ITRN,20140107,22.59,22.96,22.5,22.79,21100
IVAC,20140107,7.66,8.07,7.66,8.06,53500
JACK,20140107,48.84,49.91,48.84,49.29,668000
JAKK,20140107,67.7,69.1,66.3,67.2,369900
JAZZ,20140107,126.2,131.15,125.6,130.42,882800
JBHT,20140107,77.19,77.72,76.81,77.3,448100
JBLU,20140107,8.83,8.85,8.51,8.68,7870000
JBSS,20140107,23.07,23.9,23.07,23.59,25000
JCS,20140107,11.02,11.18,10.94,11.06,35000
JCTCF,20140107,5.285,5.705,5.285,5.63,23800
JJSF,20140107,86.32,87.34,86,86.93,39000
JKHY,20140107,59.09,59.33,58.85,59.18,268600
JOBS,20140107,38.98,39.435,38.08,38.61,38300
JOUT,20140107,27.97,28.34,26.42,27.66,56200
JRJC,20140107,64.3,69,64.1,65.5,437200
JSM,20140107,19.35,19.36,19.1,19.16,60000
JVA,20140107,5.29,5.57,5,5.1,170000
KALU,20140107,70.88,71.2,69.84,70.42,356400
KELYA,20140107,24.38,24.89,24.36,24.66,152900
KELYB,20140107,24.79,24.79,24.79,24.79,100
KEQU,20140107,15.78,15.94,15.76,15.9,2600
KFFB,20140107,8.15,8.44,8.15,8.24,4400
KFRC,20140107,20.19,20.83,20.07,20.67,74100
KINS,20140107,7.09,7.2,7,7.18,40300
KIRK,20140107,22.45,23.34,22.45,22.9,169500
KLAC,20140107,62.44,62.78,62.08,62.33,1899800
KLIC,20140107,13.01,13.22,12.93,12.95,539200
KMDA,20140107,15.4,15.57,15.36,15.39,36600
KNDI,20140107,12.15,13.65,11.92,12.86,3653900
KOPN,20140107,4.24,4.33,4.2,4.21,175200
KOSS,20140107,5.04,5.15,5.04,5.14,8800
KPTI,20140107,21.56,23.18,21.56,22.73,55400
KRNY,20140107,11.49,11.64,11.45,11.56,12600
KTCC,20140107,11.08,11.19,11.08,11.09,8100
KTOS,20140107,7.86,8.24,7.86,8.15,662100
KVHI,20140107,12.99,13.15,12.96,13.09,22600
LAKE,20140107,5.85,5.89,5.81,5.89,11800
LAMR,20140107,51.68,51.94,51.21,51.69,1452700
LANC,20140107,86.02,87.01,85.59,86.27,63900
LAND,20140107,16.05,16.13,15.91,16.02,29200
LARK,20140107,19.5,19.61,19.32,19.48,3400
LAWS,20140107,12.92,13.06,12.76,12.88,9400
LBAI,20140107,12,12.16,11.89,12,53000
LBTYA,20140107,45.9836,46.2647,45.6566,45.8712,1241500
LBTYB,20140107,88.28,88.28,88.28,88.28,0
LBTYK,20140107,85.05,85.31,84.6,85.07,1036200
LCNB,20140107,17.7,17.98,17.67,17.94,8000
LCUT,20140107,15.94,16.17,15.93,16.01,26100
LECO,20140107,69.81,70.78,69.37,70.4,341200
LEDS,20140107,1.18,1.34,1.11,1.33,1616600
LFUS,20140107,90.76,92.46,90.01,91.97,69000
LFVN,20140107,11.13,11.48,11.06,11.34,189000
LGIH,20140107,17.62,17.81,17.41,17.53,46900
LGND,20140107,51.77,53.85,51.5,53.27,246500
LHCG,20140107,23.91,24.19,23.87,23.88,30700
LIFE,20140107,1061.9,1062.18,1061.76,1061.9,1327300
LINC,20140107,5.08,5.32,5.08,5.1,129000
LIVE,20140107,1.9333,3.1233,1.9333,3.1167,1591500
LKFN,20140107,25.5867,25.76,25.32,25.4533,55900
LKQ,20140107,31.89,32.12,31.68,31.99,1357700
LLNW,20140107,2,2.24,2,2.24,1091900
LMAT,20140107,8.09,8.18,8,8.07,26300
LMNR,20140107,26.62,26.9,26.36,26.5,36700
LNDC,20140107,12.2,12.4,12.01,12.04,131900
LOAN,20140107,1.75,1.76,1.72,1.76,5100
LOGI,20140107,14.04,14.22,13.96,14.05,764300
LOPE,20140107,44.72,45.51,44.58,45.38,320000
LORL,20140107,78.81,79.29,78.1,78.67,35700
LPLA,20140107,47.87,48.84,47.67,48.81,878200
LPSN,20140107,14.84,15,14.75,14.95,421200
LPTH,20140107,1.5,1.65,1.4,1.54,194600
LQDT,20140107,22.61,23,22.5,22.51,553900
LRCX,20140107,53.38,54.22,53.06,53.91,1348600
LSBK,20140107,12.38,12.38,12.38,12.38,200
LSCC,20140107,5.38,5.46,5.37,5.39,418600
LSTR,20140107,57.05,57.9,56.67,57.51,237200
LTBR,20140107,102,102,93.6,94.8,70000
LTRX,20140107,1.63,1.67,1.6,1.6,32000
LULU,20140107,59.01,59.08,57.81,58.28,3167700
LUNA,20140107,1.39,1.39,1.32,1.33,12400
LWAY,20140107,15.44,15.57,15.27,15.57,12400
LXRX,20140107,12.81,12.81,12.18,12.32,1137000
LYTS,20140107,8.5,8.69,8.47,8.61,23900
MACK,20140107,5.85,6.1,5.82,5.87,2313400
MANH,20140107,31.115,31.3925,30.2175,30.84,249100
MANT,20140107,29.86,30.36,29.6,29.79,166800
MAR,20140107,48.65,49.13,48.48,48.66,1766200
MARK,20140107,5,5,4.91,4.95,25500
MARPS,20140107,16.45,16.45,16,16.03,3500
MASI,20140107,29.6,30.41,29.36,30.28,352400
MAT,20140107,45.65,46.31,45.26,46.04,4120100
MATW,20140107,41.27,41.86,41.05,41.69,72800
MAYS,20140107,31.03,31.82,31.03,31.18,700
MBII,20140107,17.4,17.7,17.06,17.31,15200
MBWM,20140107,21.28,21.41,21.27,21.38,17800
MCBC,20140107,4.95,5,4.95,4.98,21400
MCHP,20140107,44.7,45.06,44.46,44.7,1518100
MCHX,20140107,10.08,10.18,9.83,9.97,272800
MCRI,20140107,18.74,19.07,18.51,18.69,49900
MDIV,20140107,20.75,20.84,20.75,20.8,132400
MDLZ,20140107,34.52,34.93,34.5,34.81,6846300
MDRX,20140107,14.83,15.34,14.7,15.3,3069000
MDXG,20140107,7.79,8.01,7.78,7.98,601900
MEIP,20140107,7.8,8.02,7.72,7.9,71700
MELI,20140107,100.5,101.26,97.1,99.11,1040300
MEOH,20140107,57.4,57.54,56.81,57.06,567900
MERC,20140107,9.42,9.9,9.42,9.83,19300
MGEE,20140107,37.9333,38.4067,37.7133,37.82,72700
MGI,20140107,19.39,19.39,18.51,18.89,364300
MGIC,20140107,7.47,7.53,7.41,7.5,77000
MGLN,20140107,59.02,60.46,58.71,59.9,151200
MGNX,20140107,29.5,32.08,28.96,31.53,114400
MGPI,20140107,5.33,5.63,5.21,5.63,26400
MGRC,20140107,38.51,39.17,38.33,38.83,47500
MGYR,20140107,7.51,7.8,7.51,7.61,1700
MHLD,20140107,11.01,11.59,11.01,11.56,521800
MICT,20140107,5.04,5.29,5.04,5.1,6600
MIDD,20140107,84.0867,85.2933,83.7133,84.77,99500
MIND,20140107,17.03,17.41,17.03,17.34,21600
MITK,20140107,5.81,6.33,5.81,6.21,793600
MKSI,20140107,30.08,30.74,30.04,30.49,173100
MKTX,20140107,65.17,66.25,65.17,65.73,153300
MLAB,20140107,77.74,78.71,75.8,78.13,27200
MLHR,20140107,29.29,29.66,29.29,29.43,210700
MLVF,20140107,10.7,10.8,10.7,10.8,2000
MMLP,20140107,43.58,43.58,42.63,43.14,45000
MMSI,20140107,14.6,15.11,14.6,14.87,222500
MMYT,20140107,19.88,20.76,19.88,20.5,16800
MNDO,20140107,2.03,2.05,2,2.03,24800
MNKD,20140107,28.2,28.3,26.9,27.35,9607200
MNOV,20140107,2.2,2.2,2.1,2.14,26900
MNRO,20140107,55.49,57.31,55.49,56.73,380000
MNST,20140107,22.4233,22.87,22.37,22.58,1870000
MNTX,20140107,14,14.21,13.84,14.05,79500
MOFG,20140107,26.95,27.19,26.32,26.59,6400
MORN,20140107,78.73,78.96,78.1,78.22,42300
MOSY,20140107,1110,1170,1100,1132,426600
MOVE,20140107,15.63,16.05,15.63,16.03,306900
MPAA,20140107,19.15,20.14,18.95,19.83,485400
MPB,20140107,14.11,14.11,14.11,14.11,0
MPWR,20140107,33.97,34.08,33.57,33.89,207000
MRCC,20140107,12.29,12.35,12.11,12.21,30900
MRCY,20140107,10.95,11,10.91,10.95,141200
MRLN,20140107,26.63,27.22,26.45,26.82,53900
MRTN,20140107,13.2333,13.6,13.0933,13.3667,129700
MRTX,20140107,16.81,17.15,16.5,16.98,28100
MRVL,20140107,14.69,15.12,14.65,14.7,12632400
MSEX,20140107,20.63,21,20.43,20.8,71200
MSFT,20140107,36.33,36.49,36.21,36.41,35924700
MSON,20140107,5.62,5.88,5.62,5.69,3100
MSTR,20140107,121.67,123.65,121.44,122.96,84000
MTEX,20140107,17.25,17.61,17.08,17.08,6300
MTRX,20140107,24.71,24.91,24.56,24.72,369000
MTSI,20140107,16.13,16.57,15.98,16.38,17600
MU,20140107,20.89,21.93,20.89,21.73,68809800
MVIS,20140107,1.44,1.55,1.35,1.55,602700
MYGN,20140107,21.12,21.36,20.59,21.05,2931600
MYRG,20140107,24.69,25.13,24.41,24.78,67000
NAII,20140107,5.59,5.86,5.48,5.52,37200
NATH,20140107,50.25,50.79,50.13,50.78,13100
NATI,20140107,30.67,31.34,30.48,31.27,310500
NATR,20140107,18.46,18.81,18.34,18.63,20800
NBIX,20140107,15.7,18.62,15.2,18.51,18981000
NBN,20140107,9.68,9.7,9.45,9.65,18100
NBTB,20140107,25.3,25.53,25.1,25.24,77000
NCMI,20140107,19.43,19.55,18.97,19.33,195100
NCTY,20140107,73.5,76.5,71.7,75.9,56800
NDAQ,20140107,40.11,40.37,39.8,40.07,917200
NDLS,20140107,35.78,37.7,35.35,37.19,587300
NDSN,20140107,72.17,73.15,72.15,72.24,241100
NECB,20140107,7.26,7.42,7.12,7.26,11700
NEO,20140107,3.61,3.76,3.61,3.66,139100
NEOG,20140107,32.6475,33.1125,32.43,32.895,154900
NEON,20140107,67.1,68.5,66,66.4,354300
NEPT,20140107,2.95,2.99,2.89,2.97,90200
NETE,20140107,42.9,43,40.5,42,3700
NEWT,20140107,16,16,15.7,15.9,59400
NFBK,20140107,13.02,13.15,12.98,13.15,213500
NFLX,20140107,49.6843,49.6986,48.1529,48.5,5172800
NICE,20140107,39.29,39.57,39.24,39.33,189400
NICK,20140107,15.74,15.75,15.7,15.72,79700
NKSH,20140107,36.24,36.74,36.24,36.72,4000
NKTR,20140107,11.79,11.99,11.59,11.89,404700
NMIH,20140107,12.32,12.49,12.04,12.22,915600
NNBR,20140107,20.43,21,20.43,20.98,118000
NRIM,20140107,25.93,26.45,25.89,26.12,5800
NSEC,20140107,9.92,10.47,9.92,10.11,7700
NSIT,20140107,22.29,22.35,22.12,22.24,208200
NSSC,20140107,6.26,6.31,6.05,6.31,20400
NSTG,20140107,17,17.77,16.59,17.32,176800
NSYS,20140107,5.82,5.83,5.73,5.73,15900
NTAP,20140107,40.28,40.83,40.09,40.81,2745200
NTCT,20140107,29.57,30.45,29.57,30.35,338000
NTES,20140107,15.6,16.118,15.52,15.938,685900
NTGR,20140107,32.7,32.83,32.39,32.74,247900
NTIC,20140107,9.35,9.45,9.35,9.355,1800
NTRS,20140107,61.11,61.91,60.77,61.7,1155700
NTWK,20140107,5.8,5.9,5.75,5.9,97800
NUAN,20140107,15.15,15.34,15.12,15.27,3099900
NURO,20140107,89.6,91.2,85.44,88.32,273000
NUVA,20140107,33.07,35,33.07,34.99,839200
NVAX,20140107,105,105.8,98.6,100.2,5578900
NVDA,20140107,4.01,4.05,3.9825,4.035,8332100
NVEC,20140107,56.63,58.33,56.24,57.89,8600
NVEE,20140107,8.14,8.14,8.14,8.14,0
NVMI,20140107,10.11,10.32,10.11,10.3,459600
NWBI,20140107,14.62,14.76,14.6,14.72,345800
NWFL,20140107,27.79,27.98,27.6,27.64,2800
NWLI,20140107,216.54,221.92,216.54,220.9,4700
NWPX,20140107,37.49,38,37.4,37.71,17400
NWS,20140107,17.51,17.55,17.22,17.32,1174300
NWSA,20140107,17.65,17.65,17.33,17.4,3265900
NXPI,20140107,43.29,43.58,42.68,42.97,3207200
NXST,20140107,53.7,54.56,53.34,53.85,269600
NYMT,20140107,6.77,6.82,6.75,6.79,14800700
NYMTP,20140107,20.97,21.31,20.77,20.86,67300
NYMX,20140107,5.92,6.11,5.66,5.79,111300
OBAS,20140107,5.47,5.47,5.47,5.47,0
OBCI,20140107,2.52,2.64,2.52,2.63,9400
OCC,20140107,3.71,3.71,3.7,3.71,3100
OCFC,20140107,17.37,17.71,17.37,17.54,7900
ODFL,20140107,52.38,52.9,52.04,52.73,348600
OFED,20140107,17.04,17.04,17.04,17.04,0
OFIX,20140107,23.26,23.6,23.18,23.43,137800
OFLX,20140107,20.05,20.14,19.96,20.14,2200
OFS,20140107,12.84,13.09,12.84,13,18600
OIIM,20140107,2.93,3,2.93,2.94,24500
OLED,20140107,33.12,34.5,33,34.11,670400
OMAB,20140107,26.69,26.96,26.5,26.61,87300
OMCL,20140107,25.17,25.8,25.17,25.31,213800
OMER,20140107,10.87,10.95,10.55,10.81,326900
OMEX,20140107,23.76,24.24,23.04,23.28,604300
ONB,20140107,15.04,15.23,15.04,15.12,252200
ONCY,20140107,1.67,1.67,1.61,1.62,283900
ONEQ,20140107,162.51,163.59,162.51,163.47,15600
ONTX,20140107,1672.5,1714.5,1639.5,1698,199900
OPEN,20140107,80.34,84.25,80.34,83.09,759000
OPHC,20140107,16.5,17,15.1,16.7,10700
OPOF,20140107,13.3,13.88,13.3,13.55,16900
ORLY,20140107,129.89,133.12,129.75,133.01,1007000
ORMP,20140107,17.98,18.85,17.7,18.76,496300
ORRF,20140107,17.1,17.25,16.92,16.99,22000
OSBC,20140107,4.89,4.89,4.8,4.86,8200
OSIS,20140107,53.52,55.82,53.52,55.08,413000
OSTK,20140107,28.98,29.05,28.17,28.45,149900
OSUR,20140107,6.56,6.67,6.22,6.62,1105800
OTEX,20140107,23.0825,23.2425,22.98,23.1175,219800
OTTR,20140107,28.81,29.07,28.55,28.76,45300
OVBC,20140107,22.62,22.62,22.62,22.62,100
OVLY,20140107,8.31,8.32,8.31,8.32,5300
OXLC,20140107,17.53,18.12,17.53,17.98,42400
OXLCO,20140107,22.75,23.23,22.75,23.07,9700
OXLCP,20140107,26.15,26.16,26.15,26.15,9100
PAAS,20140107,11.7,11.77,11.52,11.76,1575800
PACB,20140107,4.96,5.22,4.81,5.12,692600
PACW,20140107,41.85,43.45,41.61,42.87,908400
PATK,20140107,12.9555,13.1778,12.88,13.1289,55900
PAYX,20140107,45.86,45.95,44.97,45.09,1975000
PBCT,20140107,15.15,15.19,15.05,15.15,2780400
PBHC,20140107,13.5,13.5,13.5,13.5,0
PBIP,20140107,10.67,10.75,10.67,10.71,4400
PBPB,20140107,24.98,26.37,24.74,26.17,496200
PCAR,20140107,59.15,59.37,58.8,59.12,1555400
PCH,20140107,41.9,42.44,41.07,41.89,306200
PCOM,20140107,26.85,27.22,26.75,26.82,60500
PCRX,20140107,56.2,57.99,56.01,57.26,268300
PCTI,20140107,9.41,9.58,9.33,9.51,49800
PCYG,20140107,9.03,9.43,9.02,9.2,54900
PCYO,20140107,6.44,6.58,6.31,6.51,95400
PDCE,20140107,49.42,50.59,48.7,49.07,572700
PDCO,20140107,41.2,41.75,41.04,41.58,514300
PDEX,20140107,2.55,2.69,2.55,2.65,98200
PDFS,20140107,24.57,25.16,24.46,25.06,128600
PEBK,20140107,14.94,14.99,14.87,14.97,4500
PEBO,20140107,22.13,22.67,22.1,22.39,18500
PEGA,20140107,23.875,24.2,23.875,24.175,120900
PENN,20140107,13.91,14.04,13.75,13.8,1971000
PERI,20140107,40.59,41.55,40.5,41.43,412300
PESI,20140107,3.32,3.5,3.29,3.5,16600
PETS,20140107,16.01,16.42,16.01,16.08,330400
PFBC,20140107,20.56,20.56,20.37,20.52,10400
PFIN,20140107,7.2,7.2,7.18,7.18,500
PFLT,20140107,13.74,13.82,13.65,13.7,39500
PFMT,20140107,11.2,11.33,11.16,11.29,226700
PFSW,20140107,9.1,9.24,9.06,9.14,27000
PGC,20140107,19.26,19.73,18.51,19.49,76100
PINC,20140107,36.65,37.26,36.19,36.65,386000
PKBK,20140107,8.2273,8.2273,8.1909,8.2273,7700
PKOH,20140107,50.86,51.63,50.43,50.75,37100
PLAB,20140107,8.76,8.89,8.72,8.82,203200
PLBC,20140107,6.19,6.19,6.19,6.19,0
PLCE,20140107,56.96,57.55,56.59,56.63,330300
PLPC,20140107,71.67,72.47,71.38,71.97,3800
PLUG,20140107,3.09,4.14,3.05,3.85,122265700
PLUS,20140107,28.43,28.605,28.24,28.45,7600
PLXS,20140107,42.52,43.39,42.33,43.24,221700
PMBC,20140107,6.2,6.26,6.2,6.26,44800
PMD,20140107,14.97,15.1,14.96,15.01,10900
PME,20140107,3.36,3.38,3.26,3.38,36100
PNBK,20140107,11.1,11.5,10.7,11,58000
PNFP,20140107,31.45,31.95,31.44,31.52,112800
PNNT,20140107,11.47,11.5,11.34,11.36,382800
PNQI,20140107,67.99,68.89,67.9,68.78,86300
PNRG,20140107,50.49,50.49,49.81,49.81,6600
PODD,20140107,36.94,37.4,36.55,37.01,328000
POOL,20140107,56.69,56.98,56.28,56.86,128900
POWI,20140107,27.62,28.41,27.62,28.205,311200
POWL,20140107,66.42,67.5,66.05,66.98,28500
PPBI,20140107,15.74,15.74,15.62,15.63,11900
PPC,20140107,15.95,16.19,15.94,16.01,832400
PPSI,20140107,10.35,10.37,10.31,10.37,5400
PRAA,20140107,51.16,52.49,51.15,52.41,378200
PRFT,20140107,22.87,23.31,22.6,22.75,228600
PRFZ,20140107,96.77,97.47,96.61,96.87,26800
PRGS,20140107,25.45,25.73,25.33,25.45,251700
PRIM,20140107,30.72,31.19,30.57,31.12,278600
PROV,20140107,15,15.14,14.89,14.94,25400
PRPH,20140107,1.7,1.75,1.66,1.68,22300
PRTA,20140107,27.45,27.92,27.25,27.4,116900
PRTS,20140107,2.42,2.46,2.35,2.43,16000
PSCC,20140107,48.86,49.31,48.86,49.22,15200
PSCD,20140107,48,48.71,47.32,48.42,39900
PSCE,20140107,45.34,45.34,45.09,45.23,8700
PSCF,20140107,39.23,39.51,39.17,39.34,5800
PSCH,20140107,54.71,55.28,54.71,55.16,38300
PSCI,20140107,44.93,45.72,44.93,45.18,20900
PSCM,20140107,42.59,42.59,42.42,42.44,4200
PSCT,20140107,43.96,44.45,43.87,44.22,48500
PSCU,20140107,34.71,34.71,34.6,34.6,2400
PSEC,20140107,11.29,11.3,11.23,11.26,2584800
PSMT,20140107,111.89,113.89,111.5,112.37,181300
PSTI,20140107,41.2,42,39.2,41.1,1537600
PTC,20140107,34.81,35.09,34.45,34.97,592300
PTCT,20140107,16.78,17.09,16.25,16.71,59300
PTEN,20140107,24.99,25.09,24.6,25.03,1997800
PTIX,20140107,3.71,3.74,3.71,3.74,545800
PTNR,20140107,9.05,9.2,9.05,9.1,28900
PTSI,20140107,20.83,20.85,20.6,20.85,23800
PWOD,20140107,33.7267,33.8867,33.3333,33.6733,5800
PXLW,20140107,6.1,6.1,5.6,5.87,1238400
PZZA,20140107,45.6,46.22,45.4,45.51,260900
QABA,20140107,35.54,35.87,35.34,35.69,14200
QADA,20140107,16.83,17.22,16.83,17.12,8400
QADB,20140107,14.63,15.47,14.63,15.47,800
QCLN,20140107,18.35,18.52,18.31,18.45,30800
QCOM,20140107,72.8,73.31,72.6,73.24,5902700
QCRH,20140107,17.28,17.48,17.22,17.3,14500
QDEL,20140107,29.52,30.4,29.52,30.05,117200
QIWI,20140107,55.75,56.5,55.5,56,402900
QLYS,20140107,25.7,26.98,25.7,26.67,163100
QNST,20140107,8.83,8.93,8.74,8.91,64800
QQEW,20140107,35.88,36.18,35.88,36.1,157900
QQQ,20140107,86.7,87.25,86.56,87.12,25913200
QQQX,20140107,17.48,17.84,17.38,17.66,104200
QQXT,20140107,34.37,34.62,34.37,34.61,8100
QTEC,20140107,35,35.25,35,35.19,62700
QUIK,20140107,65.24,68.6,63.42,64.54,1495500
QUMU,20140107,13,13.77,13,13.41,89000
QYLD,20140107,25.52,25.52,25.52,25.52,100
RADA,20140107,3.02,3.02,2.8,2.8,24800
RAIL,20140107,25.91,26.98,25.7,25.93,99300
RAND,20140107,27.45,28.26,26.64,27,6500
RAVN,20140107,39.26,39.52,38.73,39.05,181000
RBCAA,20140107,24.42,24.69,24.12,24.36,10100
RBCN,20140107,115.4,115.4,111,114.4,1006400
RCII,20140107,33.26,33.45,32.97,33.21,522900
RCKY,20140107,15.06,15.38,14.99,15.1,24400
RCMT,20140107,6.97,7.02,6.93,6.94,15100
RCON,20140107,18.2,19,17.5,17.9,181400
RDCM,20140107,5.3,5.3,5.26,5.26,200
RDHL,20140107,13.38,13.38,13,13.09,3400
RDI,20140107,7.48,7.59,7.45,7.51,12600
RDNT,20140107,1.6,1.63,1.57,1.61,232900
RDVY,20140107,19.99,20.13,19.99,20.12,1500
RDWR,20140107,19.15,19.33,18.98,19.22,711700
REFR,20140107,6.03,6.25,6.03,6.16,78500
REGI,20140107,11.48,11.59,11.11,11.26,473600
REGN,20140107,269.13,275.81,266.06,274.07,776900
RELL,20140107,11.47,11.58,11.44,11.56,49700
RENT,20140107,37.1,37.16,36.59,36.99,21400
RFIL,20140107,7.11,7.19,6.84,6.91,323800
RGCO,20140107,12.86,12.88,12.8267,12.88,2100
RGEN,20140107,12.81,12.99,12.66,12.86,323100
RGLD,20140107,48.51,49.11,47.91,49.07,619600
RGLS,20140107,83.88,87.84,81.84,83.88,146700
RIBT,20140107,5.78,5.79,5.45,5.66,370200
RICK,20140107,11.38,11.51,11.3,11.31,54300
RIGL,20140107,3.06,3.13,3.01,3.07,725200
RMBS,20140107,9.22,9.26,9.03,9.12,1775600
RMCF,20140107,11.89,12.12,11.72,11.81,20400
RMTI,20140107,10.1,10.88,9.93,10.23,2065700
RNA,20140107,6.1,6.6,6.03,6.55,655100
RNST,20140107,30.64,31.03,30.21,30.56,73500
RNWK,20140107,7.66,7.89,7.66,7.86,62100
ROCK,20140107,18.21,18.37,18.06,18.15,69900
ROIC,20140107,14.67,14.79,14.6,14.67,231000
ROLL,20140107,68.74,69.87,68.11,69.46,74800
ROST,20140107,37.125,37.555,36.855,36.885,1907900
RPRX,20140107,19.67,20,19.44,19.62,212300
RRGB,20140107,69.56,72.18,69.02,71.63,196200
RUSHA,20140107,18.32,18.78,18.32,18.7467,41400
RUSHB,20140107,16.14,16.1667,16.02,16.1667,2300
RUTH,20140107,13.36,13.6,13.2,13.46,166600
RVSB,20140107,2.9,2.9,2.82,2.89,9300
RYAAY,20140107,48.78,48.96,48.4,48.7,389600
SAFM,20140107,72.75,73.97,72.75,73.29,228600
SAFT,20140107,56,57,56,56.42,27300
SAIA,20140107,30.29,31.28,30.29,30.93,235300
SAL,20140107,26.15,26.48,26.15,26.48,400
SALM,20140107,9.26,9.35,9.2,9.31,30500
SAMG,20140107,17.45,17.45,16.4,16.61,12400
SANM,20140107,16.25,16.55,16.24,16.43,634200
SANW,20140107,7.02,7.2,6.97,7.15,70400
SASR,20140107,27.74,28.2,27.52,27.94,59600
SATS,20140107,40.6169,40.9581,40.4869,40.9013,183100
SBAC,20140107,88,88.93,87.66,88.56,658300
SBCF,20140107,12.28,12.43,12.1,12.17,62900
SBFG,20140107,8.09,8.09,8.09,8.09,900
SBGI,20140107,36.48,37.5,36.45,36.57,906700
SBLK,20140107,62.25,70.4,62.05,69.1,586000
SBNY,20140107,106.71,108.66,105.48,107.83,322200
SBRA,20140107,26.04,26.46,25.89,26.22,281400
SBSI,20140107,26.45,26.99,26.33,26.82,30400
SBUX,20140107,38.325,38.705,38.235,38.605,4090100
SCHL,20140107,32.47,32.93,31.97,32.87,211400
SCHN,20140107,31.11,31.57,31.01,31.04,267100
SCOR,20140107,28.48,28.99,28.27,28.72,181400
SCSC,20140107,40.87,41.62,40.43,41.34,162300
SCVL,20140107,29.09,29.75,28.58,28.64,50900
SEAC,20140107,12.29,12.51,12.23,12.32,203100
SEED,20140107,28,29.4,22.8,24.3,3999800
SEIC,20140107,34.27,34.68,33.97,34.54,543300
SENEA,20140107,31.11,31.15,30.25,30.47,11200
SENEB,20140107,31.77,31.77,31.77,31.77,0
SFBC,20140107,16.85,16.86,16.85,16.85,20200
SFM,20140107,36.89,37.83,36.8,37.52,630300
SFNC,20140107,18.25,18.365,18.135,18.22,78400
SFST,20140107,13.38,13.38,13.25,13.25,7200
SGC,20140107,15.63,15.8,15.62,15.7,2500
SGEN,20140107,38.85,40.34,38.85,40,817900
SGMA,20140107,9.37,9.4,9.06,9.37,17000
SGMO,20140107,13.37,13.54,13.07,13.36,530300
SGMS,20140107,16.54,16.75,16.25,16.36,538800
SGOC,20140107,14,14.6,13.52,14.2,126500
SGRP,20140107,1.86,1.86,1.83,1.84,3800
SHBI,20140107,9.33,9.46,9.15,9.4,22800
SHEN,20140107,12.24,12.45,12.025,12.13,66500
SHIP,20140107,2196,2400,2160,2304,45100
SHOO,20140107,23.9133,24.1467,23.4867,23.54,666500
SHY,20140107,84.4,84.4,84.39,84.4,664900
SIEB,20140107,1.61,1.61,1.61,1.61,0
SIFY,20140107,2.12,2.2,2.11,2.18,132100
SIGA,20140107,3.32,3.4,3.32,3.38,143100
SIGI,20140107,26.34,26.65,26.27,26.51,182000
SILC,20140107,45.71,46.39,45.71,46.06,52400
SIMO,20140107,14.46,14.54,14.25,14.4,236800
SINO,20140107,13,13.7,13,13.3,5200
SIRI,20140107,3.85,3.87,3.81,3.86,194589100
SIVB,20140107,103.25,105.21,102.6,103.27,326200
SKYW,20140107,14.73,14.86,14.37,14.61,318900
SKYY,20140107,26.29,26.59,26.27,26.51,66800
SLAB,20140107,42.55,42.79,42.13,42.49,215100
SLGN,20140107,24.18,24.28,23.875,24.195,185800
SLM,20140107,9.3,9.3607,9.2286,9.2357,2471800
SLMBP,20140107,66.89,67.5,66.3,67,16600
SLP,20140107,4.91,5,4.91,4.97,12500
SLRC,20140107,22.66,22.73,22.5,22.51,147700
SLVO,20140107,15.91,15.91,15.67,15.85,21000
SMBC,20140107,16.5,16.55,16.365,16.365,1700
SMCI,20140107,16.7,17.11,16.7,16.77,175900
SMED,20140107,4.36,4.42,4.07,4.27,81100
SMIT,20140107,2.66,2.66,2.58,2.66,1300
SMMF,20140107,9.83,9.83,9.8,9.8,1000
SMPL,20140107,16.4,16.4,16.29,16.29,1100
SMSI,20140107,6.48,6.6,6.24,6.32,230500
SMTC,20140107,24.46,24.57,24.09,24.31,528100
SNCR,20140107,30.1,31.13,30.1,30.89,351200
SNFCA,20140107,4.73,4.85,4.4,4.5,30200
SNPS,20140107,40.34,40.49,40.19,40.34,1161400
SOCL,20140107,21.62,21.75,21.5,21.7,186400
SOHO,20140107,5.66,5.83,5.66,5.83,16400
SOHU,20140107,73.9,77.79,73.84,76.61,835100
SOXX,20140107,71.29,71.75,71.2,71.64,131500
SP,20140107,25.53,25.69,24.95,25.51,48500
SPBC,20140107,19.7,19.7,19.7,19.7,500
SPCB,20140107,6.1,6.38,5.67,5.81,565700
SPLK,20140107,73.05,76.99,73,75.39,2622500
SPNS,20140107,7.64,7.7,7.55,7.6,214900
SPPI,20140107,8.35,8.45,8.2,8.44,1357100
SPRO,20140107,2.82,2.83,2.35,2.49,3400
SPSC,20140107,65.52,67.67,64.99,67.08,73800
SPTN,20140107,23.47,24.69,23.03,24.28,258700
SPWR,20140107,32.82,33.93,32.28,32.73,3768800
SQQQ,20140107,4784,4812.8,4697.6,4716.8,2123100
SRCE,20140107,31,31.62,31,31.51,70900
SRCL,20140107,115.08,116.41,114.95,116.06,363500
SRDX,20140107,24.53,25.08,24.38,24.7,106300
SREV,20140107,8.2,8.28,8.09,8.21,564300
SRNE,20140107,8.22,8.36,8.1,8.24,70200
SRPT,20140107,18.76,18.91,17.83,17.91,1680200
SSBI,20140107,10.4,10.44,10.35,10.36,5200
SSNC,20140107,44.95,46.1,44.66,45.89,404300
SSYS,20140107,130.99,131.47,128.29,130.95,1032200
STAA,20140107,15.82,16.41,15.8,16.23,357400
STBA,20140107,24.88,25.43,24.88,25.19,37000
STFC,20140107,21.19,21.66,21.18,21.49,14300
STKL,20140107,9.75,10,9.73,9.96,263000
STLD,20140107,18.91,19.17,18.8,18.99,1705000
STRA,20140107,35.38,36.32,35.33,36.27,192200
STRL,20140107,11.12,11.25,11.05,11.1,35100
STRM,20140107,6.76,6.91,6.59,6.85,44400
STRN,20140107,5.2,5.25,5.15,5.25,7000
STRS,20140107,17.4,17.52,16.93,16.93,900
STRT,20140107,44.88,45.44,44.51,45.25,2600
STSA,20140107,33.5,34.08,33.48,33.55,93300
STX,20140107,57.08,59.16,56.82,58.8,4676300
SUMR,20140107,17.01,17.01,16.2,16.29,39500
SUNS,20140107,18.32,18.42,18.28,18.38,24900
SUPN,20140107,8.19,8.29,8.15,8.2,376700
SURG,20140107,3.52,3.57,3.48,3.56,61200
SVBI,20140107,4.8,5.12,4.75,4.85,5000
SVVC,20140107,23.55,23.73,23.5,23.58,33500
SWIR,20140107,25.84,25.86,25.28,25.45,825500
SWKS,20140107,27.65,28,27.61,27.79,1799000
SYBT,20140107,20.04,20.24,20.0067,20.06,12100
SYNA,20140107,49.29,53.24,49.1,53.19,2394800
SYNL,20140107,15.52,15.56,15.18,15.5,8400
SYPR,20140107,2.77,2.85,2.74,2.8,11200
TACT,20140107,12.52,12.94,12.4,12.5,18700
TAIT,20140107,1.14,1.23,1.11,1.15,24500
TAST,20140107,6.35,6.55,6.35,6.4,42900
TATT,20140107,7.96,8.05,7.96,8.05,1800
TAYD,20140107,8.39,8.39,8.1,8.11,1300
TBBK,20140107,17.8,17.94,17.8,17.9,97200
TBNK,20140107,22.91,22.92,22.72,22.79,32800
TCBI,20140107,60.54,61.51,60.54,61.26,404000
TCBK,20140107,27.69,28,27.45,27.64,21900
TCFC,20140107,20.61,21,20.61,21,3900
TCPC,20140107,17,17.1,16.95,17.09,274900
TCX,20140107,11.87,13.23,11.87,13.2,100500
TDIV,20140107,24.35,24.45,24.31,24.42,90000
TECH,20140107,94.98,95.06,94.14,94.66,315500
TESS,20140107,39.74,40.49,39.74,39.99,14900
TFSL,20140107,11.85,11.98,11.83,11.9,98300
TGA,20140107,8.36,8.5,8.35,8.43,93800
TGLS,20140107,9.37,9.46,9.31,9.31,4400
TGTX,20140107,4.11,4.35,4.1,4.18,85400
THFF,20140107,34.9,35.3,34.69,34.79,26800
THRM,20140107,25.42,25.75,25.42,25.64,259700
THRX,20140107,35.9,36.53,35.59,36.32,826000
TIGR,20140107,1.89,1.96,1.85,1.85,7800
TILE,20140107,21.38,21.72,21.03,21.49,282000
TIPT,20140107,7.7,7.75,7.69,7.7,2200
TITN,20140107,17.15,17.95,17.05,17.45,296700
TLT,20140107,102.82,102.99,102.56,102.86,4428000
TNDM,20140107,28.4,29.46,27.76,28.46,111700
TNXP,20140107,12910,13500,12870,13220,156100
TOPS,20140107,11830000,12740000,11830000,11970000,4000
TOWN,20140107,14.91,15.5,14.91,15.37,61400
TQQQ,20140107,9.9025,10.0833,9.8525,10.0292,962000
TREE,20140107,32.81,33.15,32.58,32.72,69100
TRIB,20140107,25.25,26,25.1,25.86,110300
TRIP,20140107,80.03,85.58,80.03,84.91,2535600
TRMB,20140107,34.31,34.32,33.39,33.95,1187800
TRMK,20140107,26.71,26.99,26.58,26.78,250800
TRNS,20140107,7.89,7.95,7.61,7.94,3500
TROW,20140107,83.81,84.34,83.09,83.87,945900
TRS,20140107,38.89,39.58,38.57,39.51,242900
TRST,20140107,7.04,7.17,7.03,7.1,182300
TSBK,20140107,9.75,9.96,9.75,9.96,10400
TSC,20140107,11.71,12,11.68,11.69,15900
TSCO,20140107,75.9,76.61,75.64,75.93,733400
TSEM,20140107,5.63,5.71,5.54,5.57,291400
TSLA,20140107,29.524,30.08,29.05,29.872,5041800
TSRI,20140107,3.37,3.5,3.37,3.38,8400
TTEC,20140107,23.49,23.54,23.34,23.35,64400
TTEK,20140107,28.25,28.62,28.05,28.38,376800
TTGT,20140107,7.05,7.14,6.85,6.94,145000
TTMI,20140107,8.31,8.49,8.31,8.42,538000
TTWO,20140107,17.64,18.27,17.52,18.11,2811600
TW,20140107,126.6,129.12,126.12,128.61,585700
TWIN,20140107,25.5,27.03,25.5,26.73,8600
TXN,20140107,42.98,43.11,42.64,42.7,5088900
TXRH,20140107,27.05,27.34,26.92,27.24,530700
TZOO,20140107,21.34,22.27,21.17,22.26,160400
UBCP,20140107,8.27,8.47,8.13,8.44,15100
UBFO,20140107,4.91,4.91,4.56,4.75,96500
UBOH,20140107,14.44,14.44,14.4,14.4,600
UBSI,20140107,30.58,30.92,30.49,30.74,122600
UCBI,20140107,17.8,18.14,17.77,17.89,1119700
UCTT,20140107,10.15,10.28,10.11,10.24,318100
UEIC,20140107,36.43,37.2,36.18,36.31,53000
UEPS,20140107,8.61,8.69,8.55,8.57,59600
UFCS,20140107,28.17,28.49,27.8,28.04,57900
UFPI,20140107,51.37,52.92,50.96,52.02,80800
UFPT,20140107,25.88,25.93,25.4,25.73,5900
UG,20140107,27.75,27.8,27.3,27.3,2300
UHAL,20140107,239.05,241.8,237.5,239.4,59400
UIHC,20140107,12.98,13.18,12.93,13,97200
ULBI,20140107,3.46,3.55,3.43,3.47,15700
ULTA,20140107,93.32,94.82,92.17,94.46,829900
UMBF,20140107,62.73,63.58,62.27,63.35,110700
UMPQ,20140107,18.76,19.14,18.71,18.82,1206200
UNAM,20140107,12.95,13.19,12.95,12.98,5300
UNB,20140107,22.61,23.2,22.61,22.81,2400
UNTY,20140107,7.63,7.63,7.6,7.62,1300
URBN,20140107,38.09,38.23,37.88,37.98,2563500
USAK,20140107,13.23,13.74,13.2,13.72,36000
USAP,20140107,36.77,36.9,34.66,34.84,23500
USEG,20140107,243,243,234,236.4,271600
USLM,20140107,59.7,59.7,57.58,58,4300
UTHR,20140107,112.3,112.61,109.1,110.43,693200
UTMD,20140107,53.48,55.47,53.48,55.28,5100
UTSI,20140107,2.69,2.71,2.66,2.67,30200
UVSP,20140107,20.24,20.59,20.24,20.44,27100
VALU,20140107,12.45,12.79,12.33,12.43,8900
VBFC,20140107,24.8,25.6,23.04,25.28,24000
VCIT,20140107,83.32,83.36,83.16,83.31,271300
VCLT,20140107,83.63,83.91,83.6,83.84,58200
VCSH,20140107,79.86,79.86,79.78,79.83,652900
VCYT,20140107,15.92,15.92,15.3,15.74,75200
VECO,20140107,32.53,34.95,32.37,34.77,1106900
VGIT,20140107,62.94,62.98,62.88,62.97,7100
VGLT,20140107,64.75,64.92,64.73,64.85,3600
VGSH,20140107,60.83,60.86,60.8,60.81,183700
VIA,20140107,86.7,86.89,86.53,86.6,5300
VICR,20140107,13.49,13.66,13.49,13.57,53500
VIEW,20140107,2.47,2.47,2.4,2.41,8800
VIRC,20140107,2.3,2.35,2.28,2.35,3900
VIVO,20140107,26.26,26.91,26.26,26.82,166700
VLGEA,20140107,31.27,31.72,30.44,30.59,13300
VMBS,20140107,51.13,51.27,51.13,51.24,97000
VNDA,20140107,12.35,12.53,12.18,12.28,457200
VNET,20140107,22,23.18,21.88,23.01,856200
VNQI,20140107,53.7,53.7,53.51,53.6,73700
VOD,20140107,38.96,39.04,38.79,38.81,7971300
VONE,20140107,84.6,84.82,84.56,84.82,17600
VONG,20140107,87.18,87.52,87.17,87.44,11400
VONV,20140107,82.07,82.13,82.03,82.06,2500
VOXX,20140107,16.72,17.06,16.52,16.83,192900
VRA,20140107,24.32,24.39,23.93,24.01,132600
VRNT,20140107,46.49,46.97,46.24,46.3,612000
VRSK,20140107,63.79,64.25,63.54,63.61,693100
VRSN,20140107,59.49,61.33,59.48,61.14,1696300
VRTS,20140107,201.52,204.11,201.52,202.23,40300
VRTX,20140107,75.75,75.82,73.97,74.49,1025000
VSAT,20140107,61.45,64.88,61.45,64.2,184900
VSEC,20140107,23.33,24.24,23.33,23.975,14800
VSTM,20140107,13.59,13.72,13.18,13.59,142100
VTHR,20140107,85.07,85.29,85.07,85.24,1000
VTIP,20140107,49.4,49.4,49.3,49.35,107900
VTNR,20140107,3.28,3.33,3.25,3.29,6600
VTWG,20140107,97.49,98.39,97.48,98.3,9200
VTWO,20140107,91.1,91.83,91.1,91.53,86400
VTWV,20140107,85.08,85.61,85.08,85.26,1900
VWOB,20140107,76.84,76.84,76.62,76.74,30700
VXUS,20140107,51.34,51.6,51.34,51.54,409100
WABC,20140107,54.88,55.64,54.56,54.75,275800
WAFD,20140107,22.86,23.12,22.77,22.92,353700
WASH,20140107,35.84,36.6,35.84,36.42,20100
WDAY,20140107,85.86,89.3,85.71,88.13,2768000
WDC,20140107,83.41,86.15,83.04,85.65,2360800
WDFC,20140107,75.63,76.01,74.9,75.09,87000
WEN,20140107,8.4,8.51,8.36,8.47,6505900
WERN,20140107,24.6,24.89,24.43,24.8,715000
WETF,20140107,17.67,18.22,17.51,18.11,1655500
WEYS,20140107,29.75,29.75,29.11,29.51,9300
WHF,20140107,14.84,15.06,14.8,14.93,25400
WHLR,20140107,35.76,35.92,35.28,35.6,29600
WILC,20140107,8.5,8.54,8.42,8.46,23400
WINA,20140107,90.19,90.86,89.67,89.99,3200
WIRE,20140107,53.01,53.84,53.01,53.53,102700
WIX,20140107,24.95,25.5,24,24.05,108300
WLDN,20140107,4.98,5.19,4.98,5.09,13900
WLFC,20140107,16.68,16.9,16.68,16.79,4300
WOOD,20140107,51.86,52.13,51.71,51.95,14200
WOOF,20140107,31.31,32.37,31.2,32.28,981100
WPRT,20140107,20.92,22.5,20.76,20.97,3552300
WRLD,20140107,87.08,90.67,86.12,90.34,201600
WSBC,20140107,31.08,31.54,30.9,31.14,66900
WSBF,20140107,11.21,11.25,11.1,11.11,21200
WSFS,20140107,25.44,25.7833,25.4267,25.68,24300
WSTG,20140107,13.99,14.19,13.93,14.16,6900
WTBA,20140107,15.83,15.97,15.68,15.83,5500
WTFC,20140107,45.46,45.78,45.27,45.58,258500
WVFC,20140107,12.01,12.01,12.01,12.01,0
WVVI,20140107,6.3,6.3,6.11,6.14,6800
WWD,20140107,44.39,45,44,44.79,634800
WYNN,20140107,196.65,202.88,196.65,201.51,1688000
XLNX,20140107,45.46,45.78,45.35,45.52,1581100
XLRN,20140107,41.81,43.7,41.22,41.67,332400
XNCR,20140107,9.29,9.47,8.93,9.23,76500
XOMA,20140107,140.4,144.6,136.8,140,1805500
XONE,20140107,66,68,65,65.63,684400
XRAY,20140107,48.05,48.74,48.01,48.64,2218200
XRTX,20140107,13.29,13.29,13.24,13.25,359000
XTLB,20140107,13.65,13.65,13.65,13.65,100
YNDX,20140107,43.17,43.94,42.06,43.53,2822000
YORW,20140107,20.8,21.39,20.74,21.37,51800
YY,20140107,57.91,62.95,57.9,62.18,3261800
Z,20140107,87.25,91.18,86.37,90.49,1660200
ZBRA,20140107,53.54,54.14,53.23,53.95,192800
ZEUS,20140107,29.07,29.82,29.05,29.46,36400
ZGNX,20140107,26.56,26.88,26.08,26.64,1368900
ZION,20140107,29.88,29.98,29.57,29.74,1343100
ZIOP,20140107,4.3,4.3,4.03,4.14,1168200
ZIXI,20140107,4.61,4.65,4.51,4.63,222000
ZNGA,20140107,4.06,4.22,4.05,4.14,29255600
ZUMZ,20140107,26.08,26.64,26.04,26.6,382500
