AAME,20120105,1.99,2.03,1.99,2.03,2200
AAON,20120105,9,9.0355,8.7733,9.0311,71000
AAPL,20120105,14.8197,14.9482,14.7382,14.9297,9688100
AAWW,20120105,38.86,39.5,38.22,38.7,231600
AAXJ,20120105,50.55,50.97,50.4,50.87,341600
ABCB,20120105,10.2,10.42,10.05,10.42,40600
ABIO,20120105,748.44,756,740.88,740.88,35600
ABMD,20120105,17.97,18.45,17.68,18.27,164400
ACAD,20120105,1.1,1.1,1.07,1.1,105300
ACET,20120105,6.56,6.89,6.56,6.82,61200
ACGL,20120105,12.2033,12.5033,12.0767,12.5,844700
ACHC,20120105,9.72,9.95,9.38,9.77,51500
ACIW,20120105,9.52,9.7867,9.45,9.74,159500
ACLS,20120105,5.52,6.36,5.4,6.16,2062500
ACNB,20120105,13.88,14.12,13.85,14.12,2100
ACOR,20120105,24.82,26.73,24.48,25.88,1544400
ACRX,20120105,2,2.07,2,2.05,4600
ACTG,20120105,35.22,36.4,34.75,35.97,258300
ACWI,20120105,42.52,42.89,42.33,42.8,267100
ACWX,20120105,37,37.19,36.81,37.06,296600
ADBE,20120105,28.08,28.62,28.05,28.48,2999400
ADES,20120105,11.17,11.33,11,11.215,49700
ADI,20120105,35.79,36.22,35.73,36.14,2124200
ADP,20120105,47.8138,48.2529,47.6384,48.1125,2633000
ADRE,20120105,39.27,39.5,39.07,39.37,15500
ADSK,20120105,30.15,31.23,29.82,30.82,3319500
ADTN,20120105,28.96,29.69,28.8,29.42,583800
ADUS,20120105,3.64,3.71,3.56,3.57,1400
AEHR,20120105,0.7,0.92,0.7,0.76,47300
AEIS,20120105,10.97,11.18,10.81,11.17,489800
AEY,20120105,2.08,2.14,2.04,2.12,9200
AEZS,20120105,936,954,924,954,470000
AGEN,20120105,2.16,2.29,2.1,2.15,154800
AGNC,20120105,28.33,28.38,28.11,28.21,5443600
AGYS,20120105,7.87,8.14,7.87,8.02,31900
AHPI,20120105,3.39,3.5,3.28,3.5,7600
AIMC,20120105,18.76,19.01,18.31,18.97,98500
AINV,20120105,19.92,20.85,19.83,20.58,2866200
AIRT,20120105,8.38,8.5,8.37,8.41,6700
AKAM,20120105,32.25,32.94,32.12,32.43,5430000
ALCO,20120105,19.28,19.62,19.22,19.53,6800
ALGN,20120105,24.28,24.61,23.79,24.19,500300
ALGT,20120105,54.28,54.36,52.95,54.11,56800
ALIM,20120105,1.35,1.38,1.27,1.38,154300
ALKS,20120105,17.09,17.27,16.87,16.98,652300
ALLT,20120105,15.42,16.44,15.36,16.26,283400
ALNY,20120105,8.65,8.75,8.55,8.65,230800
ALOT,20120105,7.86,7.88,7.76,7.76,800
ALRN,20120105,1.91,1.91,1.75,1.77,2400
ALTR,20120105,37.13,37.56,36.66,37.46,3830800
ALVR,20120105,9.3,9.7,9.2,9.6,56200
AMAT,20120105,10.73,10.84,10.64,10.83,13994100
AMCX,20120105,37.69,38.47,37.37,38.25,1533000
AMD,20120105,5.45,5.56,5.35,5.46,11479800
AMED,20120105,10.52,10.77,10.11,10.5,903600
AMGN,20120105,63.77,64.92,63.58,64.41,6261400
AMKR,20120105,4.59,4.62,4.53,4.61,904100
AMNB,20120105,19.38,19.46,19.3,19.46,700
AMOT,20120105,5.5,5.66,5.5,5.57,700
AMPL,20120105,6.2,7,6,6.4,1000
AMRN,20120105,6.33,6.52,6.13,6.38,4300200
AMRS,20120105,175.65,178.5,166.35,174.9,186300
AMSC,20120105,37.8,39.3,37,38.1,453800
AMSF,20120105,23.23,23.6,22.63,23.52,95700
AMSWA,20120105,9.57,9.74,9.45,9.63,70400
AMWD,20120105,13.24,13.47,12.86,13.28,14300
AMZN,20120105,175.94,178.25,174.05,177.61,3810400
ANAT,20120105,71.49,72.4,71.25,72.34,35000
ANDE,20120105,28.2333,28.6667,27.6667,28.6467,237800
ANGI,20120105,13.98,14.1,13.49,13.79,282900
ANGN,20120105,5.19,5.19,5.02,5.02,200
ANGO,20120105,14.65,14.8,14.28,14.63,219900
ANIK,20120105,9.56,9.63,9.43,9.62,29300
ANSS,20120105,56.21,57.55,55.21,57.3,324700
AOSL,20120105,7.44,7.61,7.36,7.49,51600
APEI,20120105,42.89,43.7,42.48,42.66,329600
APOG,20120105,12.51,12.64,12.1,12.61,97100
APWC,20120105,2.91,2.91,2.91,2.91,100
ARAY,20120105,4.32,4.46,4.3,4.43,227900
ARCC,20120105,15.45,15.7,15.29,15.66,1072200
ARKR,20120105,13.69,13.7,13.27,13.3,5800
ARLP,20120105,39.95,41.37,39.105,41.09,273200
ARNA,20120105,18.2,19,15.1,17.1,5263000
AROW,20120105,23.79,24,23.61,23.99,11200
ARRY,20120105,2.08,2.14,2.06,2.08,167600
ARTNA,20120105,18.5,18.86,18.3,18.33,12400
ARTW,20120105,6.72,6.99,6.52,6.83,6500
ARWR,20120105,4.99,5.25,4.91,5.04,41800
ASML,20120105,40.87,41.56,40.66,41.18,3672900
ASPS,20120105,48.45,50.38,48.36,50.33,144600
ASRV,20120105,1.9,1.91,1.9,1.9,900
ASTC,20120105,0.55,0.6,0.55,0.59,1500
ASTE,20120105,33.5,34.36,33.31,33.71,127500
ASUR,20120105,4.6467,4.6467,4.5867,4.6,9600
ASYS,20120105,8.81,9.1,8.78,8.88,191800
ATAI,20120105,7.36,7.36,7.36,7.36,100
ATAX,20120105,5.11,5.13,5.02,5.04,34100
ATEC,20120105,20.28,21.36,19.92,20.64,161000
ATHX,20120105,2.02,2.15,1.98,2.13,166500
ATLO,20120105,19.62,19.73,19.33,19.46,3800
ATNI,20120105,39.75,39.8,39.09,39.34,16700
ATRC,20120105,11.45,11.61,11.23,11.59,28300
ATRI,20120105,236.31,240.45,236.1,240.45,5400
ATRO,20120105,28.6833,28.825,28.3417,28.625,39900
ATSG,20120105,4.78,4.86,4.72,4.8,121600
ATVI,20120105,12.12,12.21,11.94,12.11,8809700
AUBN,20120105,18.28,18.74,18.04,18.3,5200
AUDC,20120105,3.92,4.02,3.91,3.96,39800
AVAV,20120105,30,30.09,28.64,28.99,510400
AVEO,20120105,140.3,147.3,139.4,145.8,414400
AVGO,20120105,28.49,28.75,28.18,28.49,2007400
AVID,20120105,8.6,8.78,8.57,8.61,100300
AVNW,20120105,21.12,21.6,21.12,21.36,73600
AWRE,20120105,2.85,2.9,2.75,2.85,4100
AXTI,20120105,4.49,4.57,4.42,4.52,138200
AZPN,20120105,16.22,16.85,15.97,16.75,889000
BANF,20120105,38.75,39.27,38,39.19,14500
BANFP,20120105,28.42,28.42,28.42,28.42,200
BANR,20120105,17.76,18.06,17.66,17.8,125300
BBBY,20120105,59.2,60,58.86,59.74,2316800
BBGI,20120105,3.38,3.5,3.33,3.45,500
BBSI,20120105,20.06,20.2,19.8,20,50500
BCBP,20120105,10.2,10.21,10.02,10.2,5900
BCPC,20120105,40.56,40.85,40.01,40.82,60100
BCRX,20120105,2.39,2.51,2.39,2.47,122400
BDSI,20120105,0.83,0.84,0.8,0.84,50200
BEAT,20120105,2.43,2.57,2.43,2.5,31000
BECN,20120105,20.46,21.57,19.79,20.99,576200
BELFA,20120105,21.4,21.4,21.4,21.4,0
BELFB,20120105,18.93,19.4,18.93,19.33,9800
BFIN,20120105,5.52,5.55,5.43,5.5,23400
BGCP,20120105,5.96,6.14,5.95,6.09,392600
BGFV,20120105,10,10.24,9.75,10.17,53500
BIB,20120105,9.07,9.07,9,9.0213,1100
BICK,20120105,23.18,23.47,23.14,23.46,6400
BIDU,20120105,121.1,124,120.68,123.27,4774400
BIIB,20120105,104.7948,106.8028,104.3158,106.1673,2312200
BIOC,20120105,129,133.5,129,133.5,35400
BIS,20120105,130.12,130.12,130.12,130.12,0
BJRI,20120105,44.17,45.52,43.48,45.38,271400
BKCC,20120105,8.44,8.69,8.36,8.65,334200
BKEP,20120105,6.81,6.84,6.75,6.75,99600
BKEPP,20120105,8.05,8.05,8.05,8.05,0
BKSC,20120105,10.29,10.3,10.26,10.3,300
BLDP,20120105,1.09,1.1,1.07,1.09,112000
BLIN,20120105,145,157.5,145,150,2600
BLKB,20120105,28.19,28.76,27.9,28.42,104200
BLRX,20120105,44.25,47.1,43.5,43.5,52500
BMRC,20120105,18.95,19.23,18.75,19.2,33200
BMRN,20120105,35.13,35.94,34.76,35.6,859100
BMTC,20120105,20.02,20.35,19.8,20.33,27300
BNSO,20120105,1.25,1.25,1.25,1.25,0
BOKF,20120105,55.4,57.19,55.15,57.14,121400
BOLT,20120105,11.45,11.55,11.45,11.53,7500
BOOM,20120105,19.95,20.73,19.37,20.6,61000
BOSC,20120105,3.36,3.36,3.36,3.36,100
BPOP,20120105,14.8,15.5,14.2,14.7,13242200
BPOPM,20120105,16.93,17.1,16.93,17.1,500
BPOPN,20120105,17.39,17.68,16.94,16.94,900
BRID,20120105,9.96,9.96,9.89,9.9,400
BRKL,20120105,8.45,8.64,8.37,8.61,777700
BRKR,20120105,12.29,12.8,12.24,12.77,822800
BRKS,20120105,10.15,10.42,9.98,10.36,314200
BRLI,20120105,16.21,16.83,16.02,16.81,504100
BSET,20120105,7.82,7.82,7.74,7.8,12100
BSQR,20120105,3.36,3.36,3.14,3.26,39000
BSRR,20120105,8.79,9.25,8.77,9,31300
BUSE,20120105,5,5.14,4.98,5.1,97600
BWEN,20120105,7,7,6.6,6.7,408100
BYFC,20120105,1.57,1.57,1.57,1.57,0
CAAS,20120105,3.77,3.98,3.65,3.98,123900
CAC,20120105,33.85,34.34,33.2,33.63,8800
CACC,20120105,78.47,79.25,76.95,78.94,21000
CAKE,20120105,29.11,29.55,28.65,29.29,933500
CALM,20120105,18.245,18.35,18.105,18.35,73900
CAMP,20120105,4.25,4.37,4.2,4.32,123300
CAMT,20120105,1.75,1.85,1.75,1.83,21700
CAR,20120105,10.84,11.17,10.59,10.97,1998700
CARV,20120105,8.52,8.52,8.52,8.52,0
CARZ,20120105,23.67,23.69,23.67,23.67,900
CASH,20120105,5.1767,5.41,5.15,5.3,1100
CASS,20120105,36.74,36.87,36.17,36.49,6600
CASY,20120105,50.83,52,49.69,51.75,319900
CATY,20120105,15.12,15.74,14.91,15.69,515600
CBAN,20120105,2,2,1.91,1.98,8500
CBNK,20120105,13.89,13.9,13.89,13.9,1300
CBRL,20120105,50.62,50.9,49.53,50.62,568600
CBSH,20120105,38.08,38.97,37.78,38.63,583500
CCBG,20120105,9.62,9.84,9.62,9.83,16600
CCMP,20120105,47.36,48.46,46.99,48.36,143400
CCNE,20120105,15.71,16.01,15.65,15.99,7000
CCOI,20120105,16.48,16.86,16.24,16.83,207800
CCRN,20120105,5.06,5.26,5.05,5.19,136800
CDNS,20120105,10.01,10.4,9.9,10.37,2968700
CDXS,20120105,5.1,5.24,5.08,5.18,87200
CDZI,20120105,8.94,9.33,8.94,9.18,20200
CECE,20120105,5.68,5.75,5.67,5.75,600
CENT,20120105,8.35,8.5,8.33,8.5,17000
CENTA,20120105,8.61,8.71,8.53,8.6,84900
CENX,20120105,8.93,9.19,8.8,8.99,1107500
CERN,20120105,30.9,31.285,30.655,31.215,1221300
CERS,20120105,2.82,2.86,2.8,2.85,153100
CEVA,20120105,29.32,30.67,29.18,30.48,99300
CFBK,20120105,17.875,17.875,17.875,17.875,0
CFFI,20120105,26.4,26.7,26.4,26.7,5200
CFFN,20120105,11.65,11.8,11.56,11.75,844300
CGEN,20120105,5,5.19,4.96,5.04,51000
CGNX,20120105,9.195,9.4725,9.11,9.425,275400
CHCI,20120105,1.12,1.2,1.12,1.16,12800
CHCO,20120105,34.51,35.73,34.25,35.4,57500
CHDN,20120105,16.8333,17.0567,16.6467,16.9933,27100
CHEF,20120105,17.05,17.99,17.05,17.52,94900
CHKP,20120105,51.76,52.37,51.08,52.27,1522100
CHNR,20120105,7.6,7.6,7.01,7.19,5500
CHRS,20120105,4.8,4.91,4.7,4.84,2559300
CHRW,20120105,67.71,67.97,66.5,67.81,1698700
CHSCP,20120105,29.6,29.69,29.49,29.69,12300
CHTR,20120105,56.5,57,56.13,56.98,571600
CIDM,20120105,14.2,14.6,13.9,14,15200
CINF,20120105,30.37,30.9,30.06,30.88,1037900
CIZN,20120105,17.8,17.95,17.8,17.8,500
CJJD,20120105,1.2,1.22,1.19,1.22,6000
CLDX,20120105,41.1,45.45,41.1,44.85,286300
CLFD,20120105,7.2,7.21,7.02,7.17,45800
CLMT,20120105,20.69,21.39,20.4,21.16,323900
CLNE,20120105,13.35,13.65,13.09,13.28,665600
CLRO,20120105,4.27,4.28,4.27,4.27,1700
CLSN,20120105,1.78,1.95,1.75,1.85,596900
CLVS,20120105,14.3,14.99,14.19,14.5,55300
CLWT,20120105,1.5033,1.5033,1.4667,1.4667,900
CMCO,20120105,13.16,13.31,12.77,13.19,40800
CMCSA,20120105,12.34,12.515,12.245,12.475,22343600
CME,20120105,48.014,48.2,47.32,47.724,779000
CMLS,20120105,28.4,29.76,28.08,29.76,334900
CMTL,20120105,28.87,29.42,28.52,29.25,246600
CNBKA,20120105,28.3,29,28.3,29,1400
CNET,20120105,1.05,1.08,1.03,1.08,5500
CNOB,20120105,9.93,10.03,9.86,10.02,8100
CNSL,20120105,19.13,19.33,18.91,19.22,126600
CNTY,20120105,2.63,2.79,2.51,2.67,22900
COCO,20120105,2.36,2.44,2.32,2.37,705300
COHR,20120105,50.77,53.2,50.77,52.79,120600
COHU,20120105,11.73,12.01,11.56,11.96,27200
COKE,20120105,57.74,58.37,57.42,57.78,8400
COLB,20120105,19.79,20.66,19.65,20.59,363300
COLM,20120105,22.335,22.43,21.63,22.185,464100
CONN,20120105,10.91,11.81,10.9,11.77,220300
COOL,20120105,118.44,127.68,118.44,123.06,1405100
CORT,20120105,3.39,3.47,3.37,3.44,429300
COST,20120105,83.57,83.64,82.1,83.26,3590400
COWN,20120105,2.58,2.66,2.57,2.59,116000
CPHC,20120105,13.37,13.4,13.11,13.21,3800
CPIX,20120105,5.67,5.75,5.56,5.73,9600
CPLP,20120105,6.69,6.91,6.67,6.75,258700
CPRT,20120105,11.465,11.64,11.4,11.6125,397300
CPRX,20120105,1.31,1.35,1.25,1.3,164000
CPSI,20120105,51.83,53.5,51.83,52.87,98800
CPSS,20120105,1.01,1.02,1,1.02,5500
CRAI,20120105,20.25,20.84,20.15,20.39,10000
CREG,20120105,127,129,122,128,5100
CRESW,20120105,0.07,0.08,0.07,0.07,1500
CRESY,20120105,11.46,11.59,11.45,11.45,52800
CRIS,20120105,22.5,22.75,22,22.6,308900
CRMT,20120105,38.71,39.83,38.1,39.57,41100
CRNT,20120105,7.77,8.2,7.77,8.12,130100
CROX,20120105,15.8,15.95,15.31,15.82,1832400
CRTX,20120105,5.33,5.35,5.18,5.26,17500
CRUS,20120105,15.91,16.43,15.81,16.4,1110300
CRVL,20120105,25.54,25.795,25.445,25.665,7400
CRWS,20120105,3.6,3.7,3.55,3.7,3400
CSCO,20120105,18.97,19,18.67,18.92,37865500
CSGP,20120105,64,64.54,62.45,63.15,259200
CSGS,20120105,14.94,15.15,14.64,15.02,133200
CSII,20120105,10.18,10.55,10.16,10.41,77400
CSIQ,20120105,2.74,2.85,2.69,2.73,221000
CSOD,20120105,17.21,18.12,17.17,18,68900
CSPI,20120105,3.28,3.3,3.15,3.2,5200
CSTR,20120105,44.38,44.75,43.26,43.37,897900
CSWC,20120105,20.435,20.585,20.355,20.585,1500
CSX,20120105,22.46,22.89,22.27,22.76,11468800
CTAS,20120105,36.07,36.57,35.86,36.51,1237600
CTBI,20120105,29.94,30.48,29.67,30.13,41600
CTHR,20120105,2.55,2.56,2.55,2.56,11300
CTIB,20120105,4.86,5.15,4.78,5.05,5100
CTIC,20120105,54.5,58.5,54,58,837500
CTRN,20120105,8.5,8.58,8.29,8.49,45000
CTSH,20120105,32.8,33.775,32.475,33.645,3416100
CTXS,20120105,49.1959,51.1067,48.8694,50.6768,2575800
CUBA,20120105,6.42,6.5,6.42,6.49,8900
CUTR,20120105,7.19,7.41,7.04,7.41,32200
CVBF,20120105,10.22,10.45,10.1,10.33,702100
CVCO,20120105,39.53,41.09,39.05,40.87,15100
CVCY,20120105,5.51,5.55,5.25,5.27,12200
CVGI,20120105,9.23,9.78,9.01,9.77,183200
CVGW,20120105,25.36,25.98,25.18,25.89,55000
CVLT,20120105,43.34,45.26,42.54,45.14,799900
CVLY,20120105,8.4,9.1,8.4,9.1,6700
CVV,20120105,11.3,11.3,10.85,11.17,95400
CWBC,20120105,1.65,1.65,1.65,1.65,0
CWCO,20120105,8.53,9.17,8.53,9.16,45200
CWST,20120105,6.45,6.5,6.22,6.43,55400
CXDC,20120105,5.52,5.59,5.44,5.47,69100
CYAN,20120105,6.85,7.01,6.27,6.6,62000
CYBE,20120105,7.36,7.74,7.36,7.65,4900
CYCC,20120105,907.2,974.4,907.2,907.2,105100
CYCCP,20120105,3.09,3.09,3,3,1100
CYTK,20120105,5.88,6,5.82,5.88,40400
CZNC,20120105,18.47,18.93,18.47,18.7,7300
CZWI,20120105,5.1,5.1,5,5,300
DAIO,20120105,3.87,3.87,3.79,3.8,1700
DAKT,20120105,9.7,9.92,9.64,9.78,50800
DCOM,20120105,13.02,13.56,12.88,13.52,96600
DCTH,20120105,844.8,921.6,832,911.36,843100
DENN,20120105,3.82,3.91,3.79,3.9,158900
DGICA,20120105,14.1,14.42,14.1,14.25,6300
DGICB,20120105,16.43,16.43,16.43,16.43,0
DGII,20120105,11.24,11.45,10.93,11.33,69100
DGLY,20120105,0.6,0.65,0.6,0.64,20600
DHIL,20120105,74.5,74.89,73,73.68,13000
DIOD,20120105,21.31,21.97,21.05,21.89,212400
DISCA,20120105,40.95,41.07,40.24,41.04,1441900
DISCB,20120105,41.25,41.25,41.25,41.25,0
DISCK,20120105,18.6,18.695,18.435,18.57,612900
DISH,20120105,29.21,29.61,28.87,29.53,2615600
DJCO,20120105,64.5,64.5,64.5,64.5,0
DLTR,20120105,41.36,41.865,40.825,41.505,1019400
DMLP,20120105,23.16,23.23,23,23.06,65600
DMRC,20120105,24.98,25.27,24.47,25.19,16700
DORM,20120105,18.405,18.88,18.045,18.855,25900
DRIV,20120105,14.51,14.86,14.37,14.71,498200
DRRX,20120105,1.19,1.19,1.17,1.18,760700
DSGX,20120105,7.16,7.22,7.16,7.2,4500
DSPG,20120105,5.24,5.35,5.23,5.35,59600
DSWL,20120105,2.12,2.17,2.07,2.17,4500
DVAX,20120105,32.6,33.4,32.4,33.1,1004200
DWSN,20120105,39.28,39.8,38.64,39.69,37700
DXCM,20120105,9.15,9.17,8.9,8.92,1004000
DXPE,20120105,33.78,35.28,33.28,34.91,79600
DXYN,20120105,3.06,3.07,3.03,3.07,9300
DYNT,20120105,3.35,3.6,3.35,3.5,11100
EA,20120105,20.4,20.81,20.16,20.53,5057700
EBAY,20120105,12.7074,12.9474,12.6232,12.9305,13245100
EBIX,20120105,22.2,22.68,22.1,22.6,240800
EBMT,20120105,9.75,9.75,9.75,9.75,0
EBSB,20120105,5.1185,5.2369,5.1185,5.2165,6700
EBTC,20120105,14.18,14.55,14.18,14.55,7400
ECHO,20120105,15.8,15.91,15.43,15.76,26900
ECOL,20120105,18.1,18.15,17.74,17.76,55300
ECPG,20120105,21.35,21.91,20.87,21.74,79500
EDAP,20120105,1.71,2,1.7,1.98,80900
EDUC,20120105,2.525,2.525,2.46,2.46,700
EEFT,20120105,18.61,19.47,18.34,19.15,212300
EFSC,20120105,15.15,15.38,14.92,15.35,16500
EGAN,20120105,6.81,7.06,6.75,6.82,8000
EGBN,20120105,14.82,15.18,14.65,15.16,33300
EGLE,20120105,10080,10382.4,9777.6,9979.2,261600
EHTH,20120105,14,14.65,13.96,14.64,163100
ELSE,20120105,3.81,3.97,3.81,3.87,600
ELTK,20120105,1.28,1.38,1.28,1.37,41600
EMCF,20120105,15.3,15.32,15.23,15.23,2200
EMIF,20120105,29.39,29.67,29.39,29.62,9900
EMKR,20120105,3.76,4.32,3.72,4.16,828900
EML,20120105,18.76,19.25,18.76,19.25,4000
ENDP,20120105,34.49,34.56,33.9,34.44,2373500
ENG,20120105,2.14,2.16,2.09,2.1,15500
ENSG,20120105,12.25,12.355,12.115,12.29,41500
ENTG,20120105,8.69,8.89,8.59,8.73,1014500
EPAY,20120105,22.95,23.51,22.75,23.42,153200
EQIX,20120105,100.47,105.3,100.47,104.75,1239900
ERIC,20120105,9.75,9.82,9.71,9.74,3891900
ERIE,20120105,74.83,77.88,74.35,75.26,65500
ERII,20120105,2.56,2.61,2.55,2.58,68900
ESBK,20120105,16.76,16.78,16.53,16.78,3600
ESCA,20120105,4.63,4.66,4.47,4.49,5300
ESEA,20120105,20.08,21.04,20,20.08,17300
ESGR,20120105,97.46,97.83,95.81,97.71,7800
ESLT,20120105,41.03,41.64,40.96,41.5,5500
ESSA,20120105,10.56,10.67,10.42,10.55,30100
EUFN,20120105,14.82,15.07,14.66,14.72,223300
EVK,20120105,1.9,1.9,1.9,1.9,0
EVOL,20120105,5.77,5.8,5.66,5.75,36100
EWBC,20120105,20.06,20.73,19.85,20.69,1866000
EXAS,20120105,8.11,8.36,7.95,8.25,710800
EXEL,20120105,4.49,4.73,4.49,4.65,1760900
EXLS,20120105,22.8,22.81,21.9,22.19,110100
EXPD,20120105,41.29,41.32,40.8,41.02,1295600
EXPE,20120105,28.9,28.92,28.26,28.77,3828600
EXPO,20120105,11.45,11.645,11.405,11.6425,14300
EXTR,20120105,2.95,3.02,2.95,2.99,408900
EZPW,20120105,26.2,26.3,25.33,26.19,682500
FARM,20120105,8.01,8.01,7.67,7.94,31000
FARO,20120105,45.93,46.34,45.11,46.22,42600
FAST,20120105,22.15,22.58,21.91,22.565,1754500
FBIZ,20120105,16.5,16.5,16.32,16.32,4100
FBMS,20120105,7.29,7.7,7.29,7.7,500
FBNC,20120105,11.16,11.45,11.07,11.3,40200
FCAL,20120105,3.45,3.52,3.43,3.49,55000
FCAP,20120105,18.75,19,18.64,19,2800
FCBC,20120105,12.26,12.52,12.14,12.38,25400
FCCO,20120105,6.1,6.16,5.8,6,3100
FCCY,20120105,6.68,6.74,6.65,6.65,800
FCEL,20120105,129.6,132.48,129.6,132.48,341100
FCFS,20120105,34.16,36,33.86,35.82,601100
FCNCA,20120105,176.42,180,175.59,177.9,12300
FDUS,20120105,12.8,13.3,12.8,13.27,16700
FEIM,20120105,8.31,8.48,8.19,8.4,11000
FELE,20120105,22.515,23.35,22.515,23.255,208900
FFBC,20120105,16.8,17.72,16.79,17.42,258600
FFHL,20120105,1.22,1.25,1.2,1.21,13000
FFIC,20120105,12.99,13.13,12.77,13,64400
FFIN,20120105,8.4325,8.715,8.4325,8.6375,116400
FFIV,20120105,103.07,105.38,102.75,105.23,1259000
FFNW,20120105,5.79,5.91,5.78,5.83,8800
FIBK,20120105,13.18,13.41,12.94,13.28,29900
FISI,20120105,16.08,16.57,16.03,16.3,22200
FISV,20120105,14.38,14.7375,14.38,14.6725,648200
FITB,20120105,13.01,13.54,12.93,13.47,14944000
FITBP,20120105,144.48,146.56,144.47,145.94,12900
FIZZ,20120105,15.75,15.88,15.61,15.8,19700
FLDM,20120105,12.94,13.01,12.73,12.98,44500
FLEX,20120105,5.85,5.89,5.74,5.81,7185600
FLIC,20120105,17.5133,17.6533,17.2533,17.5933,10500
FLWS,20120105,2.26,2.3,2.2,2.21,130800
FLXS,20120105,13.95,14.05,13.9,14.05,6100
FMBI,20120105,10.39,11.03,10.25,10.74,698800
FMNB,20120105,5.05,5.05,4.97,4.97,1600
FNLC,20120105,15.69,15.97,15.65,15.94,4000
FOLD,20120105,3.47,3.78,3.37,3.76,36600
FONR,20120105,1.72,1.72,1.7,1.71,2400
FORD,20120105,1.69,1.69,1.65,1.67,9100
FORM,20120105,5.23,5.29,5.14,5.19,324300
FORR,20120105,32.99,34.64,32.99,34.5,52900
FORTY,20120105,14.94,14.94,14.94,14.94,100
FOSL,20120105,78.64,81.94,76.72,81.44,1941300
FRBK,20120105,1.46,1.55,1.45,1.48,9100
FREE,20120105,14700000,15000000,12900000,14100000,6600
FRME,20120105,8.56,9.19,8.56,9.16,98400
FSFG,20120105,17.26,17.26,17.26,17.26,0
FSII,20120105,3.81,3.91,3.81,3.87,481400
FSLR,20120105,34.34,35.89,33.93,35.48,2610600
FSTR,20120105,28.89,29.78,28.65,29.2,23100
FTEK,20120105,5.89,5.95,5.77,5.94,69500
FTNT,20120105,20.15,20.38,20,20.2,2670100
FULT,20120105,9.93,10.34,9.75,10.26,1522500
FUNC,20120105,3.25,3.36,3.24,3.24,1800
FUND,20120105,6.4,6.49,6.38,6.49,60300
FWRD,20120105,32.49,33.16,32.26,32.76,120200
GABC,20120105,12.24,12.4733,12.24,12.4467,6500
GAIA,20120105,3.1,3.22,3.08,3.11,8000
GAIN,20120105,7.27,7.33,7.22,7.31,47400
GALT,20120105,5.76,5.76,5.4,5.6994,23400
GAME,20120105,4.11,4.13,4.02,4.11,107700
GASS,20120105,4.08,4.2,4.06,4.12,16000
GBCI,20120105,12.45,13.04,12.3,12.87,396100
GBDC,20120105,15.17,15.33,15.11,15.19,46200
GBLI,20120105,19.79,20.16,19.71,19.98,38000
GCBC,20120105,8.67,8.67,8.67,8.67,0
GENC,20120105,4.5933,4.5933,4.52,4.5333,8100
GENE,20120105,65.2,66,62,65.2,16400
GERN,20120105,1.55,1.62,1.54,1.62,1247900
GEVO,20120105,38700,39060,35880,36120,33300
GFED,20120105,5.99,5.99,5.95,5.95,500
GGAL,20120105,7.16,7.49,7.03,7.43,660500
GIFI,20120105,30.47,31.04,29.91,30.86,40300
GIGM,20120105,4.1,4.15,4.05,4.05,65700
GIII,20120105,12.61,12.61,11.995,12.095,218800
GILD,20120105,21.005,21.485,21,21.26,9216100
GILT,20120105,4,4.13,3.99,4.09,101300
GLAD,20120105,7.85,7.91,7.8,7.9,46100
GLBS,20120105,17920,17920,16040,16800,14700
GLBZ,20120105,8.2,8.25,8.2,8.25,500
GLDD,20120105,5.87,5.95,5.73,5.95,231800
GLNG,20120105,44.47,45.22,44.22,45.14,533000
GLRE,20120105,24.32,24.63,24.01,24.56,79600
GNOM,20120105,3.53,3.74,3.3,3.38,615300
GNTX,20120105,14.6,15.255,14.485,15.2,1391000
GOOD,20120105,17.79,17.85,17.51,17.71,23000
GOODO,20120105,24.21,24.39,24.21,24.39,200
GOOG,20120105,331.065,331.985,328.115,329.505,3283200
GPRE,20120105,9.89,9.93,9.72,9.75,177800
GPRO,20120105,57.88,59.52,57.71,59.28,523000
GRFS,20120105,5.48,5.49,5.35,5.44,603300
GRID,20120105,25.17,25.17,25.17,25.17,0
GRMN,20120105,39.47,39.66,39.09,39.64,973900
GROW,20120105,6.38,6.39,6.28,6.35,33300
GRPN,20120105,371.2,373.2,344.2,357.6,2736500
GRVY,20120105,5.8,6,5.8,5.92,20100
GSBC,20120105,23.43,23.8,23.35,23.78,20900
GSIT,20120105,4.64,4.64,4.59,4.61,45000
GSM,20120105,13.6,13.77,12.25,12.58,2458200
GT,20120105,14.59,14.99,14.46,14.91,4768200
GTIM,20120105,1.08,1.4,1.08,1.39,5300
GURE,20120105,10,10.2,9.45,10.1,119600
GYRO,20120105,102,102,102,102,100
HA,20120105,5.54,5.86,5.19,5.44,889000
HAIN,20120105,17.595,17.6,16.86,17.23,1403100
HALL,20120105,6.97,7.05,6.92,6.99,66100
HALO,20120105,9.23,9.44,9,9.3,285200
HAS,20120105,32.48,32.94,32.4,32.64,2872900
HAYN,20120105,57.06,57.48,54.45,56.95,76200
HBAN,20120105,5.65,5.83,5.56,5.79,12471700
HBANP,20120105,1125,1125,1125,1125,0
HBCP,20120105,15.65,15.65,15.65,15.65,100
HBIO,20120105,3.89,3.95,3.8,3.94,356300
HBNC,20120105,5.1852,5.1852,5.1407,5.1407,14000
HCCI,20120105,17.05,18.22,17.05,17.83,8400
HCII,20120105,7.93,8.1,7.93,8.1,14900
HCIIW,20120105,0.58,0.58,0.58,0.58,3500
HCKT,20120105,3.76,3.78,3.65,3.7,70100
HCSG,20120105,17.53,17.53,17.32,17.5,302600
HDSN,20120105,1.44,1.47,1.44,1.47,43800
HEES,20120105,13.84,14.05,13.51,13.87,427400
HELE,20120105,32.15,32.81,31.12,32.73,319700
HERO,20120105,4.45,4.47,4.34,4.36,3589900
HFBL,20120105,14.09,14.09,14.09,14.09,200
HFWA,20120105,13.14,13.3,12.97,13.25,10100
HGSH,20120105,1.36,1.36,1.36,1.36,300
HIBB,20120105,43.53,44.48,43.02,44.44,258900
HIFS,20120105,48.57,49.25,48.26,49,1200
HIHO,20120105,2.11,2.13,2.11,2.13,700
HIMX,20120105,1.01,1.07,1,1.05,1298200
HLIT,20120105,4.92,5,4.82,4.98,823700
HMNF,20120105,2,2,2,2,0
HNRG,20120105,10.19,10.19,9.9,10,13400
HOFT,20120105,11.63,11.91,11.58,11.85,32100
HOLI,20120105,8.06,8.33,8.04,8.25,150400
HOLX,20120105,17.78,18.37,17.76,18.36,2323300
HOMB,20120105,6.4625,6.585,6.3875,6.53,90100
HOOK,20120105,5.99,6.1,5.98,6.04,39000
HOVNP,20120105,1.46,1.6,1.45,1.6,9900
HRZN,20120105,16.35,16.36,16.19,16.2,15000
HSIC,20120105,65.66,66.25,65.14,66.22,638100
HSII,20120105,21.65,22.09,21.12,21.98,109400
HSKA,20120105,7.14,7.23,6.83,7.15,9400
HSTM,20120105,17.34,17.66,16.89,17.46,126000
HTBK,20120105,4.61,4.97,4.55,4.86,54500
HTHT,20120105,3.45,3.45,3.1425,3.32,111700
HTLD,20120105,14.5,14.61,13.89,13.97,695900
HTLF,20120105,15.5,16.12,15.37,16.03,14200
HUBG,20120105,32.44,32.7,31.96,32.31,242000
HURC,20120105,21.84,21.9,21.29,21.89,12800
HURN,20120105,38.36,38.78,37.84,38.5,294000
HWBK,20120105,6.1,6.26,6.1,6.26,300
HWKN,20120105,36.26,36.26,35.11,35.55,32100
HZNP,20120105,3.97,4.2,3.9,4.04,7200
IART,20120105,15.255,15.41,15.165,15.25,283800
IBB,20120105,104.26,107.08,104.26,106.35,206300
IBCP,20120105,1.4,1.4,1.35,1.37,11300
IBKR,20120105,14.95,15.22,14.8,15.13,416300
IBOC,20120105,19.06,19.73,18.78,19.45,256200
ICAD,20120105,0.65,0.65,0.64,0.65,55500
ICCC,20120105,4.58,4.75,4.5,4.5,900
ICFI,20120105,25.33,26.09,25.08,25.9,60600
ICLN,20120105,8.58,8.65,8.58,8.62,7900
ICLR,20120105,17.11,17.23,16.73,17.18,159700
ICUI,20120105,44.58,45.29,44.07,45.11,38100
IDCC,20120105,41.52,43.4,41.06,42.21,1478500
IDRA,20120105,9.2,9.68,8.72,8.96,4300
IDXX,20120105,39.34,39.89,39.17,39.685,302300
IEP,20120105,36.75,36.75,36.15,36.7,27500
IESC,20120105,1.86,1.9,1.85,1.85,400
IFGL,20120105,25.53,25.69,25.43,25.64,32100
IGOV,20120105,98.74,99.99,98.27,98.53,41800
III,20120105,1.06,1.08,1,1.03,46700
IIN,20120105,6.73,7.09,6.73,6.96,17000
IIVI,20120105,18.24,18.69,17.97,18.69,316400
IKNX,20120105,7.51,7.75,7.51,7.56,1000
ILMN,20120105,31.94,32.5,31.31,31.5,2258600
IMGN,20120105,11.28,11.85,11.1,11.82,455500
IMKTA,20120105,15.39,15.59,15.15,15.54,26300
IMMR,20120105,5.29,5.34,5.21,5.28,86100
IMOS,20120105,5.99,6.36,5.84,6.28,44800
INCY,20120105,14.72,15.58,14.72,15.45,1507400
INDB,20120105,27.7,28.3,27.38,28.23,41500
INDY,20120105,20.6,20.6,20.36,20.45,45900
INFI,20120105,8.19,8.23,7.83,8.07,51100
INFN,20120105,6.39,6.45,6.26,6.41,479900
INMD,20120105,8.15,8.24,7.95,8.08,14700
INOD,20120105,3.89,3.95,3.86,3.86,45000
INSM,20120105,3.06,3.19,3.04,3.19,37000
INTC,20120105,25.06,25.45,24.98,25.4,49492000
INTG,20120105,19.68,19.68,18.06,18.3,5500
INTU,20120105,52.1,52.72,51.92,52.54,1809200
INVE,20120105,21.9,22.7,21.9,22.7,43900
IOSP,20120105,28.41,30.29,27.85,29.26,427700
IPAR,20120105,15.34,15.55,15.14,15.4,41600
IPGP,20120105,35.63,38.26,35.55,37.97,684400
IRBT,20120105,29.14,30.5,28.83,30.23,276400
IRDM,20120105,7.29,7.31,7.13,7.19,206800
IRIX,20120105,3.67,3.67,3.67,3.67,200
IROQ,20120105,11.26,11.26,11.26,11.26,0
IRWD,20120105,11.51,12.12,11.2,11.98,218700
ISBC,20120105,5.349,5.4275,5.2941,5.3725,132000
ISHG,20120105,96.48,96.48,96.02,96.3,10400
ISIG,20120105,1.99,2.08,1.92,2.01,13300
ISLE,20120105,4.64,4.71,4.56,4.59,65400
ISRG,20120105,467.03,472.63,464.06,472.36,523200
ISSC,20120105,3.73,3.91,3.51,3.83,5100
ITIC,20120105,36.2,36.2,35.84,36.2,500
ITRI,20120105,36.55,36.79,36.11,36.6,495800
ITRN,20120105,13.97,14.19,13.85,14.07,4000
IVAC,20120105,7.85,8.2,7.71,8.16,150500
JACK,20120105,21.66,21.93,21.38,21.63,245700
JAKK,20120105,136.1,137.1,133.6,134.4,115000
JAZZ,20120105,40.76,41.76,39.85,41.46,1027800
JBHT,20120105,44.29,44.75,43.94,44.23,1476700
JBLU,20120105,5.2,5.42,5.05,5.42,6118800
JBSS,20120105,7.3,7.67,7.24,7.66,28500
JCS,20120105,14.01,14.49,14,14.45,8400
JCTCF,20120105,2.055,2.0625,2,2.0025,800
JJSF,20120105,52.13,52.71,51.79,52.61,19900
JKHY,20120105,32.72,33.02,32.45,32.94,619000
JOBS,20120105,20.615,20.7,19.315,19.65,147200
JOUT,20120105,15.75,15.88,15.67,15.8,13300
JRJC,20120105,17,17,16.4,16.5,44000
JSM,20120105,19.28,20.19,19.28,19.8,22300
JVA,20120105,8.06,8.95,7.8,8.76,471900
KALU,20120105,47.13,47.58,46.08,47.45,132800
KELYA,20120105,14.1,14.85,13.75,14.72,246000
KELYB,20120105,13.8,13.8,13.8,13.8,0
KEQU,20120105,8.36,8.5,8.34,8.5,2300
KFFB,20120105,8.85,8.85,8.85,8.85,200
KFRC,20120105,12.53,12.75,12.3,12.75,114300
KINS,20120105,3.39,3.39,3.39,3.39,0
KIRK,20120105,13.4,13.93,12.55,13.89,169500
KLAC,20120105,46.85,47.57,46.75,47.52,3034300
KLIC,20120105,9.53,9.79,9.47,9.77,624400
KNDI,20120105,3.11,3.21,3.04,3.12,170900
KOPN,20120105,3.84,4,3.84,3.97,137100
KOSS,20120105,5.23,5.51,5.23,5.51,1500
KRNY,20120105,9.52,9.74,9.51,9.74,13300
KTCC,20120105,4.87,4.98,4.85,4.96,26900
KTOS,20120105,6.23,6.23,5.97,6,210100
KVHI,20120105,7.7,7.97,7.61,7.93,51100
LAKE,20120105,9.47,9.7,9.47,9.7,9600
LAMR,20120105,27.72,27.84,27.08,27.57,548000
LANC,20120105,69.3,69.3,67.9,69.17,97200
LARK,20120105,18.48,18.97,18.48,18.97,4100
LAWS,20120105,14.39,15.33,14.39,15.09,6200
LBAI,20120105,8.86,9.24,8.86,9.16,31400
LBTYA,20120105,21.4819,21.7169,21.395,21.6096,1536400
LBTYB,20120105,41.1,41.1,41.1,41.1,0
LBTYK,20120105,40.64,41.13,40.38,40.85,218800
LCNB,20120105,12.98,12.98,12.75,12.75,2100
LCUT,20120105,11.71,12.41,11.69,12.41,7100
LECO,20120105,39.77,40.05,38.96,39.98,225600
LEDS,20120105,3.41,3.49,3.36,3.4,54800
LFUS,20120105,43.52,44.39,43.13,44.28,68300
LGND,20120105,11.5,11.73,11.44,11.62,47100
LHCG,20120105,13,13.89,12.97,13.71,288800
LIFE,20120105,560.7,574.42,558.46,574,1486300
LINC,20120105,7.55,7.78,7.55,7.76,79300
LIVE,20120105,0.9667,0.98,0.8833,0.8833,51100
LKFN,20120105,16.96,17.44,16.8467,17.3333,23800
LKQ,20120105,15.385,15.865,15.28,15.8,923700
LLNW,20120105,2.97,3.03,2.91,2.98,471600
LMAT,20120105,5.65,5.79,5.64,5.74,5000
LMNR,20120105,17.42,17.47,17.42,17.47,2000
LNDC,20120105,5.54,5.66,5.54,5.62,46100
LOAN,20120105,0.9,1.04,0.9,1.04,21800
LOGI,20120105,7.64,7.71,7.57,7.64,219400
LOOP,20120105,17,17.21,16.88,16.94,1020400
LOPE,20120105,16.05,16.09,15.85,16,273300
LORL,20120105,63.74,64.59,63.36,64.23,18200
LPLA,20120105,30.17,30.88,30.13,30.76,249200
LPSN,20120105,11.99,12.17,11.83,12.04,332900
LPTH,20120105,1.12,1.12,1.12,1.12,0
LQDT,20120105,37.29,37.73,36.28,37.73,131300
LRCX,20120105,36.78,37.44,36.74,37.37,3585500
LSBK,20120105,9.7,9.7,9.7,9.7,0
LSCC,20120105,5.97,6.11,5.92,6.07,1065900
LSTR,20120105,47.24,47.77,46.48,47.11,351300
LTBR,20120105,132,138,127.2,136.2,18400
LTRX,20120105,2.3,2.46,2.25,2.3,6400
LULU,20120105,50.84,52.53,50.14,52.1,4089500
LUNA,20120105,1.68,1.69,1.53,1.6,14000
LWAY,20120105,9.4,9.83,9.34,9.4,16700
LXRX,20120105,8.54,8.75,8.12,8.47,319600
LYTS,20120105,5.95,6.17,5.9,6.07,44000
MANH,20120105,9.9175,10.1175,9.7725,9.99,68800
MANT,20120105,32.44,32.45,31.81,32.2,133100
MARK,20120105,5.51,5.51,4.31,4.38,25600
MARPS,20120105,24.95,25,24.95,25,600
MASI,20120105,18.3,18.48,18.08,18.46,662700
MAT,20120105,28.12,28.5,27.91,28.47,2947900
MATW,20120105,31.46,31.96,31.01,31.73,50800
MAYS,20120105,13.98,13.98,13.98,13.98,200
MBWM,20120105,9.8,9.97,9.8,9.97,3000
MCBC,20120105,2.26,2.26,2.22,2.24,7300
MCHP,20120105,36.07,36.15,35.25,36.12,2052700
MCHX,20120105,5.74,5.78,5.6,5.7,146400
MCRI,20120105,10.48,10.75,10.4,10.73,11100
MDRX,20120105,17.89,18.35,17.62,18.07,2810400
MELI,20120105,79.64,82.47,79.38,81.81,468600
MEOH,20120105,23.45,23.83,23.23,23.41,225900
MERC,20120105,6.56,6.94,6.47,6.74,296700
MGEE,20120105,30.2667,30.4267,30,30.2067,52400
MGIC,20120105,5.15,5.32,5.05,5.3,171000
MGLN,20120105,48.35,49.5,48.22,48.98,119600
MGPI,20120105,4.86,5.27,4.84,5.17,23700
MGRC,20120105,28.97,29.55,28.56,29.04,63200
MGYR,20120105,2.55,2.91,2.55,2.91,9000
MHLD,20120105,8.65,8.77,8.53,8.75,165100
MIDD,20120105,31.33,31.4967,30.6033,31.3333,118500
MIND,20120105,23.41,23.48,22.62,22.78,253900
MITK,20120105,7.05,7.36,7,7.08,346600
MKSI,20120105,27.69,28.1,27.33,27.96,310300
MKTX,20120105,29.94,31.12,29.3,31.1,220900
MLAB,20120105,41.88,42.51,41.88,42.51,1500
MLHR,20120105,18.81,19.46,18.66,19.24,337000
MLVF,20120105,5.9,5.9,5.9,5.9,0
MMLP,20120105,35.9,37.12,35.52,36.98,68200
MMSI,20120105,13.44,13.56,13.21,13.35,149800
MMYT,20120105,24.4,24.4,23.36,23.75,172600
MNDO,20120105,1.99,2.08,1.97,2.02,41000
MNKD,20120105,11.75,12.15,11.55,11.95,593100
MNOV,20120105,1.75,1.83,1.74,1.76,7100
MNRO,20120105,38.27,38.89,37.45,38.67,239400
MNST,20120105,15.49,15.695,15.3233,15.6433,700800
MNTX,20120105,4.1,4.37,4.08,4.25,50400
MOFG,20120105,14.81,14.85,14.81,14.85,2400
MORN,20120105,58.64,58.88,58.05,58.88,33400
MOSY,20120105,792,806,776,790,165900
MOVE,20120105,6.55,6.67,6.43,6.58,120900
MPAA,20120105,7.31,7.32,7,7.17,67200
MPAC,20120105,6.54,6.75,6.31,6.74,11600
MPB,20120105,7.5,7.52,7.4,7.4,1900
MPWR,20120105,14.81,15.32,14.68,15.2,244400
MRCY,20120105,13.57,13.68,13.39,13.55,122000
MRLN,20120105,12.78,13.52,12.66,13.34,21000
MRTN,20120105,8.0089,8.08,7.8978,8.0222,38900
MRVL,20120105,14.47,15.3,14.46,15.23,27001100
MSEX,20120105,18.58,18.73,18.41,18.5,22200
MSFT,20120105,27.39,27.73,27.29,27.68,56082200
MSON,20120105,1.88,2.01,1.86,1.9,1600
MSTR,20120105,105.92,108.81,104.17,105.73,167400
MTEX,20120105,4.8,4.8,4,4.4,13500
MTRX,20120105,9.54,9.71,9.35,9.6,116600
MU,20120105,6.96,7.33,6.9,7.16,53472900
MVIS,20120105,3.04,3.28,2.96,3.2,1132800
MYGN,20120105,20.25,20.86,19.95,20.64,943400
MYRG,20120105,19.3,19.55,18.67,19.48,86700
NAII,20120105,8.55,9.13,8.55,9.13,14800
NATH,20120105,21.28,21.4,21.1,21.15,12000
NATI,20120105,24.51,24.66,23.8,24.59,437500
NATR,20120105,15.74,15.88,15.39,15.64,60600
NBIX,20120105,8.28,8.36,8.04,8.26,264700
NBN,20120105,12.95,12.95,11.99,12.9,1600
NBTB,20120105,22.26,22.81,22.02,22.7,53100
NCMI,20120105,12.3,12.46,12.02,12.43,179500
NCTY,20120105,210.9,217.8,210,211.5,47100
NDAQ,20120105,24.34,24.72,24.14,24.66,1072100
NDSN,20120105,41.7,42.35,41.05,42.04,378400
NECB,20120105,5.75,5.8,5.67,5.67,800
NEOG,20120105,15.255,15.725,15.075,15.485,154600
NEPT,20120105,2.42,2.42,2.34,2.4,24900
NEWT,20120105,5.95,5.95,5.75,5.95,20400
NFBK,20120105,14.33,14.45,14.14,14.37,11800
NFLX,20120105,11.3529,11.6943,11.04,11.3286,12372600
NICE,20120105,34.45,34.98,34.1,34.67,149400
NICK,20120105,12.69,12.85,12.69,12.85,22200
NKSH,20120105,28.08,28.35,27.59,28.35,27400
NKTR,20120105,5.62,5.83,5.56,5.76,730300
NNBR,20120105,5.91,5.91,5.7,5.81,104200
NRIM,20120105,17.9,18.35,17.79,18.25,5800
NSEC,20120105,8,9.34,8,8.81,5400
NSIT,20120105,15.95,16.7,15.73,16.08,218400
NSSC,20120105,2.48,2.48,2.29,2.29,36100
NSYS,20120105,3.2,3.2,3.2,3.2,0
NTAP,20120105,35.37,35.48,34.41,34.67,9831600
NTCT,20120105,16.78,17,16.55,16.81,314000
NTES,20120105,8.982,9.086,8.94,9.062,237700
NTGR,20120105,34.56,35.42,34.31,35.14,261900
NTIC,20120105,6.62,6.645,6.55,6.57,5800
NTRS,20120105,40.35,41.13,39.86,40.96,1033300
NTWK,20120105,4.8,5,4.6,4.8,92600
NUAN,20120105,25.92,26.77,25.79,26.72,5722700
NURO,20120105,245.76,249.6,245.76,247.68,4200
NUVA,20120105,11.52,11.7,11.32,11.38,873800
NVAX,20120105,27.4,28.4,26.8,26.8,371600
NVDA,20120105,3.5325,3.695,3.5175,3.6775,14089200
NVEC,20120105,55,55.66,54.55,55.32,10200
NVMI,20120105,7.22,7.41,7.15,7.41,27400
NWBI,20120105,12.57,12.75,12.47,12.71,518700
NWFL,20120105,27.86,27.86,27.55,27.55,2700
NWLI,20120105,133,134.4,132.5,133.15,9500
NWPX,20120105,22.15,23.95,22.15,23.13,95000
NWS,20120105,18.47,18.79,18.36,18.72,4788900
NWSA,20120105,18.2,18.52,18.01,18.49,18364400
NXPI,20120105,15.95,16.5,15.82,16.5,802400
NXST,20120105,8.11,8.21,7.92,8.17,41200
NYMT,20120105,6.95,6.95,6.85,6.88,267100
NYMX,20120105,8.04,8.11,7.97,8.09,35400
OBAS,20120105,5.45,5.45,5.25,5.25,8700
OBCI,20120105,2.08,2.08,2.08,2.08,500
OCC,20120105,3.36,3.51,3.36,3.46,5400
OCFC,20120105,12.9,13.3,12.8,13.28,19200
ODFL,20120105,26.5933,26.72,26.0667,26.3,716400
OFED,20120105,12.05,12.05,12.05,12.05,0
OFIX,20120105,34.53,34.94,34.19,34.67,41500
OFLX,20120105,14.16,14.6,13.67,14.57,4400
OIIM,20120105,4.32,4.47,4.31,4.45,97000
OMAB,20120105,13.28,13.28,12.8,13.28,93700
OMCL,20120105,16.81,16.91,16.36,16.88,120400
OMER,20120105,3.97,4.04,3.96,4.02,22600
OMEX,20120105,33.36,35.16,32.64,34.68,307400
ONCY,20120105,4.05,4.08,4.01,4.05,47600
ONEQ,20120105,104.51,105.46,103.76,105.17,16200
OPEN,20120105,39.19,39.59,38.31,39.03,939200
OPHC,20120105,20.8,20.8,20.8,20.8,2000
OPNT,20120105,34.78,35.58,34.05,34.95,426900
OPOF,20120105,9.9,10,9.9,9.95,2500
ORLY,20120105,79.25,80.67,78.54,80.41,722900
ORRF,20120105,8.14,8.23,8.11,8.16,13400
OSBC,20120105,1.25,1.25,1.24,1.24,25700
OSIS,20120105,49.52,50.4,49.05,49.87,61100
OSTK,20120105,7.49,7.49,7.09,7.19,159000
OSUR,20120105,9.41,9.69,9.18,9.57,250000
OTEX,20120105,12.8075,13.05,12.78,12.925,405200
OTTR,20120105,22.2,22.39,21.94,22.27,93100
OVBC,20120105,18.5,18.5,18.5,18.5,100
OVLY,20120105,6.67,6.67,5.8,5.8,16600
OXLC,20120105,13.75,14,13.39,13.56,2500
PAAS,20120105,22.4,22.93,21.96,22.55,651900
PACB,20120105,2.97,3.01,2.94,2.97,198200
PACW,20120105,20.02,21.09,20.02,20.85,269100
PANL,20120105,32.44,34.97,31.55,34.72,2010200
PATK,20120105,1.9733,2,1.9111,1.9778,21100
PAYX,20120105,30.12,30.94,29.94,30.76,3744700
PBCT,20120105,13.09,13.35,12.96,13.21,3956100
PBHC,20120105,9.2,9.2,9.2,9.2,0
PBIP,20120105,5.25,5.25,5.25,5.25,0
PCAR,20120105,38.94,40.63,38.75,40.36,4187000
PCH,20120105,31.08,31.52,30.84,31.25,253200
PCOM,20120105,8.43,8.5,8.25,8.25,21100
PCRX,20120105,8.5,8.72,8.29,8.6,46000
PCTI,20120105,6.94,7.04,6.86,7.02,40100
PCYO,20120105,1.75,1.78,1.7,1.75,7900
PDCO,20120105,29.3,29.45,29,29.33,1097300
PDEX,20120105,2.56,2.57,2.36,2.48,2600
PDFS,20120105,6.57,6.59,6.41,6.51,53400
PEBK,20120105,5.55,5.55,5.5,5.5,1900
PEBO,20120105,14.98,15.08,14.65,14.92,10700
PEGA,20120105,14.005,14.185,13.815,13.985,306300
PENN,20120105,37.72,38.85,37.21,38.74,326400
PERI,20120105,12.03,12.12,12,12.09,19500
PESI,20120105,7.85,7.9,7.7,7.75,98400
PETS,20120105,10.17,10.51,10.08,10.34,142000
PFBC,20120105,7.44,7.59,7.4,7.5,38900
PFIN,20120105,3.38,3.5,3.38,3.5,1500
PFLT,20120105,10.64,10.71,10.56,10.63,23900
PFSW,20120105,3.08,3.14,3.07,3.13,7300
PGC,20120105,10.58,11.05,10.58,11.05,5700
PKBK,20120105,5,5,5,5,0
PKOH,20120105,18.37,18.88,17.89,18.65,36900
PLAB,20120105,6.23,6.33,6.15,6.33,361000
PLBC,20120105,1.99,1.99,1.99,1.99,0
PLCE,20120105,46.6,50.22,46.3,49.58,4160800
PLPC,20120105,60.05,61.65,59.72,61.6,5700
PLUG,20120105,2.02,2.03,1.98,1.98,73100
PLUS,20120105,13.795,13.93,13.715,13.83,6400
PLXS,20120105,28.03,30.57,27.51,30.29,759000
PMBC,20120105,3.25,3.34,3.16,3.21,4800
PMD,20120105,9.45,9.47,9.42,9.42,19500
PNBK,20120105,17.2,17.3,17.1,17.3,500
PNFP,20120105,15.18,15.74,15.16,15.69,589000
PNNT,20120105,10.32,10.53,10.14,10.46,211000
PNQI,20120105,34.98,35.24,34.86,35.24,8000
PNRG,20120105,22.1,22.1,21.32,21.32,500
PODD,20120105,18.97,19.17,18.73,19.12,382000
POOL,20120105,29.99,30.83,29.54,30.81,126700
POWI,20120105,16.4,16.725,16.3,16.675,112800
POWL,20120105,30.67,31.87,30.67,31.78,14800
PPBI,20120105,6.4,6.5,6.34,6.45,18100
PRAA,20120105,22.1,22.1933,21.5,22.0667,148000
PRFT,20120105,10.3,10.73,10.29,10.6,91300
PRFZ,20120105,60.14,61.16,59.76,60.95,25400
PRGS,20120105,17.62,18.35,17.38,18.1,739800
PRIM,20120105,15.16,15.35,15,15.35,161800
PROV,20120105,9.27,9.45,9.27,9.45,36000
PRPH,20120105,1.27,1.27,1.13,1.13,30700
PRTS,20120105,4.36,4.57,4.35,4.52,69800
PSCC,20120105,30.97,30.97,30.52,30.93,2600
PSCD,20120105,26.92,27.5,26.74,27.4,13200
PSCE,20120105,34.79,35.52,34.49,35.3,4800
PSCF,20120105,27.05,27.56,27.05,27.55,12900
PSCH,20120105,31.19,31.66,30.99,31.53,23100
PSCI,20120105,27.94,27.94,27.49,27.83,5100
PSCM,20120105,26.22,26.7,26.22,26.22,200
PSCT,20120105,28.03,28.4,27.75,28.34,31000
PSCU,20120105,30.43,30.68,30.43,30.55,8800
PSEC,20120105,9.44,9.63,9.35,9.6,938900
PSMT,20120105,69.98,70.85,68.11,70.58,223500
PSTI,20120105,26,26,25.5,26,73800
PTEN,20120105,21.12,21.38,20.76,21.04,2610900
PTIX,20120105,1.91,1.91,1.82,1.82,500
PTNR,20120105,9.1,9.11,8.96,9.05,227200
PTSI,20120105,9.46,9.66,9.46,9.66,4100
PWOD,20120105,26.0533,26.4667,25.6,26.4467,7100
PXLW,20120105,2.35,2.45,2.35,2.45,222100
PZZA,20120105,18.87,19.155,18.645,19.065,435300
QABA,20120105,23.29,24.03,23.29,23.87,1500
QADA,20120105,11.04,11.4,11.04,11.4,9900
QADB,20120105,10.65,11.31,10.63,11.12,7300
QCLN,20120105,9.56,9.79,9.56,9.77,2400
QCOM,20120105,55.83,56.2,55.29,56.06,11518400
QCRH,20120105,8.98,8.98,8.81,8.83,1800
QDEL,20120105,15.3,15.75,15.2,15.47,117800
QNST,20120105,9.65,10,9.57,9.96,219400
QQEW,20120105,23.28,23.55,23.23,23.51,26800
QQQ,20120105,57.04,57.66,56.8,57.61,41260500
QQQX,20120105,13.15,13.44,13.15,13.41,87900
QQXT,20120105,21.01,21.28,21,21.28,2500
QTEC,20120105,24.4,24.71,24.36,24.7,54100
QUIK,20120105,38.22,38.64,37.66,37.8,74400
RADA,20120105,4.66,4.66,3.92,4.04,4900
RAIL,20120105,21.68,22.56,21.27,22.25,58200
RAM,20120105,3.05,3.1,2.85,3.02,2529200
RAND,20120105,26.91,27.9,26.91,27,3300
RAVN,20120105,31.85,32.85,31.75,32.55,52500
RBCAA,20120105,23.29,23.63,23.09,23.35,21300
RBCN,20120105,98.1,98.1,93.6,95,377800
RCII,20120105,37.05,37.05,35.84,36.47,460900
RCKY,20120105,9.03,9.29,9,9.15,20700
RCMT,20120105,5.15,5.17,5.12,5.15,42900
RCON,20120105,2.1,2.6,1.5,1.95,20200
RDCM,20120105,4.11,4.25,4.11,4.25,2800
RDI,20120105,4.24,4.44,4.23,4.44,17500
RDNT,20120105,2.13,2.13,2.06,2.09,79200
RDWR,20120105,14.465,14.915,14.365,14.8,44400
REED,20120105,1.18,1.23,1.14,1.14,11200
REFR,20120105,3.65,3.74,3.65,3.71,9600
REGN,20120105,57.73,62.2,57.7,60.94,2301100
RELL,20120105,12.25,12.25,12.14,12.2,31700
RENT,20120105,14.11,14.61,14.02,14.48,53900
RFIL,20120105,3.74,3.78,3.74,3.78,1100
RGCO,20120105,12.2,12.2,12.1867,12.2,300
RGEN,20120105,3.4,3.52,3.4,3.45,22000
RGLD,20120105,68.25,69.47,67.17,68.65,384000
RICK,20120105,8.62,8.86,8.49,8.84,43500
RIGL,20120105,8.09,8.2,7.72,8.08,206800
RMBS,20120105,7.86,8.18,7.79,8.08,1177500
RMCF,20120105,8.65,8.79,8.65,8.79,5900
RMTI,20120105,9.97,10.17,9.82,10.04,82000
RNST,20120105,15.44,15.75,15.26,15.72,31300
RNWK,20120105,7.29,7.43,7.16,7.28,55500
ROCK,20120105,14.05,14.58,13.68,14.49,87500
ROIC,20120105,11.76,11.92,11.71,11.89,229400
ROLL,20120105,41.75,42.77,41.09,42.64,42000
ROST,20120105,24.025,25.3,23.875,25.21,5027800
RPRX,20120105,4.37,4.37,4.09,4.23,73100
RRGB,20120105,28.16,29.08,27.36,28.7,228200
RUSHA,20120105,13.7933,14.0667,13.6467,13.98,128600
RUSHB,20120105,11.3533,11.5,11.16,11.3467,600
RUTH,20120105,5.29,5.49,5.27,5.43,160600
RVSB,20120105,2.22,2.22,2.22,2.22,300
RYAAY,20120105,27.95,28.1,27.75,27.87,239900
SAFM,20120105,47.87,48.37,47.07,47.68,403100
SAFT,20120105,40.89,41.7,40.34,41.46,37500
SAIA,20120105,8.7,8.9933,8.4667,8.9533,50300
SALM,20120105,2.61,2.61,2.49,2.5,2300
SANM,20120105,9.43,9.87,9.34,9.79,383400
SANW,20120105,4.21,4.46,4.21,4.4,19900
SASR,20120105,17.48,17.91,17.21,17.78,103600
SATS,20120105,17.4363,17.7613,17.3144,17.3306,233300
SBAC,20120105,42.91,43.13,42.53,43.13,790100
SBCF,20120105,7.75,8,7.55,7.9,132000
SBGI,20120105,12.15,12.58,11.75,12.48,672500
SBLK,20120105,67.5,71.25,67.5,71.25,169700
SBNY,20120105,60.44,61.69,59.02,61.09,552400
SBRA,20120105,12.17,12.81,12.17,12.6,656100
SBSI,20120105,20.3333,20.5714,20.2286,20.4476,140900
SBUX,20120105,23.095,23.2,22.775,23.18,4866300
SCHL,20120105,29.2,30.38,29.2,30.25,239000
SCHN,20120105,44.49,45.03,43.32,44.71,311400
SCKT,20120105,2.04,2.14,2.04,2.14,2500
SCOR,20120105,20.63,21.33,19.98,21.18,178100
SCSC,20120105,34.97,35.62,34.46,35.31,76500
SCVL,20120105,16.64,16.6533,16.16,16.2533,85500
SEAC,20120105,6.93,7.06,6.85,7.03,151000
SEED,20120105,25.5,27.7,25.5,27.5,101200
SEIC,20120105,17.35,17.57,17,17.55,1021600
SENEA,20120105,25.52,25.88,24.87,25.83,17400
SENEB,20120105,26.04,26.04,26.04,26.04,0
SFNC,20120105,13.995,14.24,13.775,14.215,28100
SFST,20120105,6.54,6.93,6.54,6.92,700
SGC,20120105,12.73,12.86,12.51,12.75,3300
SGEN,20120105,16.42,17.95,16.35,17.41,2517200
SGMA,20120105,3.36,3.99,3.23,3.76,20400
SGMO,20120105,2.92,2.99,2.9,2.99,154900
SGMS,20120105,9.9,10.41,9.86,10.4,792400
SGOC,20120105,5.12,5.12,4,4.04,32700
SGRP,20120105,1.03,1.03,1.03,1.03,500
SHBI,20120105,5.15,5.3,5.1,5.3,11100
SHEN,20120105,5.23,5.39,5.12,5.315,45100
SHIP,20120105,2832,3300,2832,3288,6400
SHOO,20120105,15.5867,15.7333,15.0933,15.7067,388500
SHY,20120105,84.45,84.48,84.45,84.47,1583300
SIEB,20120105,1.43,1.43,1.43,1.43,0
SIFY,20120105,4.26,4.28,4.15,4.2,388300
SIGA,20120105,2.93,2.93,2.77,2.79,752300
SIGI,20120105,17.25,18.07,17.25,18.01,140900
SILC,20120105,18.02,18.02,17.8,17.95,7700
SIMO,20120105,21.62,22.39,21.18,22.27,972400
SINO,20120105,11.3,11.8,11.3,11.75,10900
SIRI,20120105,1.9,2.04,1.88,2.04,121839000
SIVB,20120105,49.72,52.36,49.31,51.59,653700
SKYW,20120105,12.86,12.92,12.53,12.92,212500
SKYY,20120105,17.16,17.38,17.14,17.31,70300
SLAB,20120105,43.48,44.23,43.48,44.17,392900
SLGN,20120105,19.19,19.505,19.065,19.33,153100
SLM,20120105,4.7571,4.9357,4.6964,4.8893,4193500
SLMBP,20120105,39.5,39.5,39.5,39.5,0
SLP,20120105,3.04,3.06,2.93,2.99,5900
SLRC,20120105,22.12,22.44,21.91,22.31,159500
SMBC,20120105,11.035,11.15,11.035,11.15,300
SMCI,20120105,15.66,16.04,15.58,15.97,84100
SMED,20120105,4.15,4.22,4.09,4.19,19900
SMIT,20120105,3.39,3.45,3.39,3.4,1300
SMMF,20120105,2.93,2.95,2.77,2.78,4800
SMSI,20120105,5.28,5.36,5.12,5.28,296600
SMTC,20120105,25.02,25.7,24.9,25.42,498100
SNCR,20120105,29.97,29.97,27.58,28.65,1290000
SNFCA,20120105,1.74,1.74,1.47,1.47,2700
SNPS,20120105,26.48,26.94,26.33,26.85,770800
SOCL,20120105,13.09,13.17,13.07,13.17,3000
SOHU,20120105,50.5,51.5,49.8,50.94,712300
SONO,20120105,53.85,53.9,53.78,53.9,300700
SOXX,20120105,49.95,50.78,49.82,50.7,382600
SPBC,20120105,10.5,10.5,10.5,10.5,0
SPNS,20120105,3.71,3.8,3.71,3.79,2600
SPPI,20120105,14.46,14.66,14.3,14.62,1266000
SPRO,20120105,1.89,1.89,1.81,1.81,600
SPSC,20120105,24.52,24.82,24.11,24.2,40500
SPTN,20120105,18.04,18.22,17.64,17.94,187000
SPWR,20120105,6.5,6.65,6.47,6.54,874100
SQQQ,20120105,23616,23859.2,22848,22873.6,1816400
SRCE,20120105,25.13,25.72,24.91,25.55,38700
SRCL,20120105,76.45,77.04,75.75,76.93,283300
SRDX,20120105,14.63,14.89,14.4,14.82,23300
SREV,20120105,15.37,15.4,14.97,14.98,757300
SSBI,20120105,5.48,5.5,5.48,5.48,3600
SSNC,20120105,17.92,18.32,17.8,18.01,80200
SSYS,20120105,30.76,33.54,30.35,33.14,304000
STAA,20120105,10.57,10.64,10.1,10.29,283200
STBA,20120105,19.83,20.71,19.7,20.45,108000
STFC,20120105,13.5,13.56,13,13.11,21500
STKL,20120105,4.55,4.72,4.55,4.65,265900
STLD,20120105,14.41,14.46,14.09,14.4,2688100
STRA,20120105,94.51,95,93.17,94.27,66200
STRC,20120105,4.05,4.1,4,4.1,1900
STRL,20120105,10.78,10.93,10.63,10.73,76600
STRM,20120105,1.7,1.79,1.7,1.72,11500
STRN,20120105,4.92,5.1,4.8,5.1,5000
STRS,20120105,7.9,7.9,7.9,7.9,0
STRT,20120105,20.02,20.02,20,20.02,700
STSA,20120105,16.71,17.62,16.71,17.41,91100
STX,20120105,18.27,18.27,17.55,17.9,28075400
SUMR,20120105,62.28,63.45,61.38,63.36,17000
SUNS,20120105,15.59,15.81,15.41,15.75,23700
SURG,20120105,6.8,6.91,6.64,6.83,53000
SVBI,20120105,2.51,2.6,2.51,2.54,1600
SVVC,20120105,14.5,14.55,14.5,14.54,400
SWIR,20120105,7.19,7.23,7.13,7.19,27300
SWKS,20120105,16.64,17.33,16.48,17.28,4667900
SYBT,20120105,14.0867,14.1667,13.9533,14.12,18200
SYNA,20120105,30.2,32.28,30.2,31.62,532100
SYNL,20120105,10.7,10.74,10.55,10.58,1600
SYPR,20120105,4.03,4.04,3.94,3.94,6900
TACT,20120105,7.57,8.18,7.55,8.01,42600
TAIT,20120105,1.05,1.05,1.05,1.05,0
TAST,20120105,11.73,11.73,11.21,11.52,26800
TATT,20120105,4.44,4.47,4.21,4.47,700
TAYD,20120105,7.73,7.92,7.73,7.84,2700
TBBK,20120105,7.23,7.46,7.2,7.43,66100
TBNK,20120105,19.99,20.1,19.87,20.06,23800
TCBI,20120105,30.57,31.8,30.57,31.8,884100
TCBK,20120105,14.34,14.5,14.24,14.46,29000
TCX,20120105,3.04,3.04,3,3,21200
TECH,20120105,67.99,68.4,67.48,67.98,119600
TESS,20120105,13.91,14.1,13.88,13.91,7800
TFSL,20120105,9.08,9.3,9.05,9.29,290700
TGA,20120105,8.1,8.78,8.1,8.73,181500
THFF,20120105,34.01,34.65,33.45,34.39,36400
THRX,20120105,19.49,20.31,19.37,20.02,643200
TIGR,20120105,2.25,2.28,2.2,2.28,4800
TITN,20120105,22.51,23,22.07,22.82,171800
TLT,20120105,118.15,119.1,117.57,117.8,6465700
TNDM,20120105,10.79,11.11,10.53,10.86,207800
TOPS,20120105,12600000,12880000,12600000,12880000,3800
TOWN,20120105,12.23,12.49,12.16,12.47,22800
TQQQ,20120105,3.0146,3.1146,2.9792,3.1046,727000
TREE,20120105,5.52,5.95,5.39,5.95,28900
TRIB,20120105,9.9,10.22,9.9,10,201800
TRIP,20120105,24.57,25.82,24.57,25.52,1534600
TRIT,20120105,4.82,4.9,4.73,4.9,47000
TRMB,20120105,20.125,20.495,19.905,20.385,962400
TRMD,20120105,7.8,8,7.8,7.9,38300
TRMK,20120105,24.54,25.5,24.26,25.37,311700
TRNS,20120105,11.25,11.25,11.1,11.25,4000
TROW,20120105,56.93,58.41,56.48,58.29,1832700
TRS,20120105,18.33,19.03,18.16,18.75,185500
TRST,20120105,5.64,5.71,5.6,5.7,240200
TSBK,20120105,4.09,4.09,3.86,3.96,1900
TSCO,20120105,34.805,34.91,34.25,34.71,828700
TSEM,20120105,9.45,9.45,9,9.3,240000
TSLA,20120105,5.552,5.586,5.37,5.424,1005400
TSRI,20120105,4.07,4.17,4.07,4.09,700
TTEC,20120105,15.94,16.05,15.73,15.93,185600
TTEK,20120105,21.62,21.87,21.42,21.83,250900
TTGT,20120105,6.06,6.22,5.96,6.17,42500
TTMI,20120105,11.23,11.57,11.14,11.51,543800
TTWO,20120105,14.24,14.86,14.14,14.66,3656900
TW,20120105,59.43,59.58,58.25,58.93,248100
TWIN,20120105,35.22,35.99,34.5,35.88,121100
TXN,20120105,29.44,29.9,29.44,29.78,6568900
TXRH,20120105,14.86,15.21,14.59,15.2,1167200
TZOO,20120105,26.3,27.28,25.65,26.87,581300
UBCP,20120105,8.6,8.6,8.6,8.6,600
UBFO,20120105,2.15,2.23,2.15,2.15,2800
UBOH,20120105,6.9,6.92,6.9,6.92,600
UBSI,20120105,28.79,29.5,28.26,29.27,311600
UCBI,20120105,7.16,7.36,6.99,7.24,135400
UCTT,20120105,5.9,5.98,5.7,5.91,61400
UEIC,20120105,16.91,17.13,16.59,17.1,31700
UEPS,20120105,7.27,7.27,7.1,7.19,41600
UFCS,20120105,20.03,20.47,19.71,20.41,36300
UFPI,20120105,31.02,32,30.28,31.7,169000
UFPT,20120105,14.82,15.69,14.7,14.9,41200
UG,20120105,15.6,15.6,15.5,15.6,3700
UHAL,20120105,90.33,94.99,90.25,93.68,34600
ULBI,20120105,4.03,4.14,4.02,4.11,18100
ULTA,20120105,69.98,71.43,69.02,69.56,2246900
UMBF,20120105,38.13,39.89,37.85,39.41,153500
UMPQ,20120105,12.13,12.73,11.92,12.7,1327200
UNAM,20120105,12,12,11.77,11.77,800
UNB,20120105,19.01,19.01,19.01,19.01,0
UNTY,20120105,6.33,6.38,6.3,6.35,27700
URBN,20120105,27.84,28.12,27.5,27.98,2419800
USAK,20120105,7.45,7.55,7.39,7.53,2600
USAP,20120105,37.5,38.16,36.79,38.1,45500
USEG,20120105,173.4,177.6,171.6,174.6,179600
USLM,20120105,60.93,61.67,60.92,61.67,1000
UTHR,20120105,47.5,48.56,47.5,48.09,641200
UTMD,20120105,27.14,27.4,27.14,27.4,3100
UTSI,20120105,4.2,4.26,4.2,4.2,106000
UVSP,20120105,14.89,15.23,14.89,15.12,62200
VALU,20120105,10.1,10.27,10.06,10.11,10600
VBFC,20120105,20,20,19.2,19.2,600
VCIT,20120105,82.02,82.17,81.88,82.06,81400
VCLT,20120105,86,86.49,85.79,85.92,29400
VCSH,20120105,77.76,77.89,77.73,77.86,163900
VECO,20120105,21.55,23.24,21.5,22.88,1844700
VGIT,20120105,65.53,65.63,65.43,65.53,20600
VGLT,20120105,73.77,74.19,73.4,73.43,13100
VGSH,20120105,61,61,60.88,60.92,30400
VIA,20120105,53.55,54.24,53.49,54.03,13700
VICR,20120105,7.91,8.05,7.8,7.98,56100
VIRC,20120105,1.62,1.8,1.61,1.7,8200
VIVO,20120105,18.78,19,18.5,18.8,147600
VLGEA,20120105,29.33,29.38,28.42,28.96,7600
VMBS,20120105,52.01,52.01,51.91,51.91,8600
VNDA,20120105,4.52,4.62,4.52,4.56,76000
VNET,20120105,9.3,9.4,9.23,9.32,124000
VNQI,20120105,41.3,41.33,41,41.33,22100
VOD,20120105,27.3,27.76,27.29,27.76,12950500
VONE,20120105,57.78,58.39,57.78,58.39,1500
VONG,20120105,60.08,60.34,59.7,60.34,24200
VONV,20120105,56.06,56.47,55.63,56.46,33600
VOXX,20120105,8.73,8.99,8.71,8.75,104500
VRA,20120105,31.41,32.32,30.52,32.04,378600
VRNT,20120105,27.43,27.45,27.01,27.36,54600
VRSK,20120105,38.5,39.23,38.44,39.13,635500
VRSN,20120105,35.7,35.82,35.24,35.74,1773900
VRTS,20120105,76.98,77.87,76.08,77.87,7200
VRTX,20120105,32.25,33.54,32.16,33.12,3208800
VSAT,20120105,45.38,45.91,44.44,45.66,635900
VSEC,20120105,12.235,12.375,11.93,12.335,20200
VTHR,20120105,57.85,58.39,57.56,58.38,1900
VTWG,20120105,60.93,61.6,60.37,61.6,4900
VTWO,20120105,58.55,59.54,58.25,59.43,19300
VTWV,20120105,56.64,57.36,56.39,57.22,16800
VXUS,20120105,41.39,41.48,41.12,41.44,66800
WABC,20120105,44.52,45.69,44.11,45.52,184300
WAFD,20120105,14.4,14.56,14.22,14.31,966400
WASH,20120105,23.87,24.5,23.75,24.28,14600
WDC,20120105,32.44,33.48,32.27,32.76,7084000
WDFC,20120105,39.8,40.34,39.36,40.05,24400
WEN,20120105,5.27,5.44,5.2,5.37,3358400
WERN,20120105,24.12,24.42,23.8,24.34,439900
WETF,20120105,6.03,6.15,5.99,6.1,141100
WEYS,20120105,25.39,25.64,25.3,25.64,2400
WILC,20120105,4.76,4.78,4.7,4.7,2100
WINA,20120105,57.4,57.98,56.82,57.65,2300
WIRE,20120105,25.7,25.95,25.16,25.84,73000
WLDN,20120105,4.01,4.07,4.01,4.07,200
WLFC,20120105,12.4,12.4,12.17,12.25,83500
WOOD,20120105,37.5,37.75,37.17,37.67,14300
WOOF,20120105,19.72,19.72,19.22,19.65,443500
WPRT,20120105,32.8,33.29,31.91,33.11,580900
WRLD,20120105,68.72,68.99,66.18,68.01,336000
WSBC,20120105,19.94,20.36,19.63,20.29,42800
WSBF,20120105,1.88,1.92,1.85,1.85,2700
WSFS,20120105,12.6467,12.9533,12.5,12.9467,21000
WSTG,20120105,11.94,12.1,11.71,11.75,10800
WTBA,20120105,9.37,9.75,9.37,9.72,5700
WTFC,20120105,29.34,30.96,29.21,30.43,338000
WVFC,20120105,8.84,8.84,8.84,8.84,0
WVVI,20120105,3.39,3.45,3.14,3.14,3800
WWD,20120105,41.78,43.47,41.08,42.65,368700
WYNN,20120105,111.44,111.45,109.32,110.84,2248300
XLNX,20120105,32.01,32.42,31.87,32.38,2691400
XOMA,20120105,24.2,27.6,22.8,25,437500
XRAY,20120105,35.28,35.52,35.04,35.4,981500
XRTX,20120105,14.06,14.36,13.97,14.16,368900
YNDX,20120105,19.18,19.47,18.97,19.29,1403900
YORW,20120105,17.55,17.71,17.37,17.45,12600
Z,20120105,22.75,23.06,22.55,23,86700
ZBRA,20120105,35.22,35.64,34.88,35.4,186400
ZEUS,20120105,24.34,24.44,23.39,24.39,69000
ZGNX,20120105,20.16,21.68,20.16,21.12,1309400
ZION,20120105,17.05,17.88,16.86,17.62,4965500
ZIOP,20120105,4.18,4.32,4.17,4.3,203000
ZIXI,20120105,2.95,2.98,2.91,2.96,127600
ZNGA,20120105,9.1,9.15,8.82,8.91,9716200
ZUMZ,20120105,29.3,30.96,28.18,30.95,3093900
