AAME,20120528,2.7,2.7,2.7,2.7,0
AAON,20120528,8.6355,8.6355,8.6355,8.6355,0
AAPL,20120528,20.0818,20.0818,20.0818,20.0818,0
AAWW,20120528,45.92,45.92,45.92,45.92,0
AAXJ,20120528,49.9,49.9,49.9,49.9,0
ABCB,20120528,11.42,11.42,11.42,11.42,0
ABIO,20120528,521.64,521.64,521.64,521.64,0
ABMD,20120528,20.8,20.8,20.8,20.8,0
ACAD,20120528,1.46,1.46,1.46,1.46,0
ACET,20120528,8.25,8.25,8.25,8.25,0
ACGL,20120528,12.77,12.77,12.77,12.77,0
ACHC,20120528,18.03,18.03,18.03,18.03,0
ACIW,20120528,13.3433,13.3433,13.3433,13.3433,0
ACLS,20120528,4.48,4.48,4.48,4.48,0
ACNB,20120528,14.9,14.9,14.9,14.9,0
ACOR,20120528,22.54,22.54,22.54,22.54,0
ACRX,20120528,3.53,3.53,3.53,3.53,0
ACTG,20120528,35.13,35.13,35.13,35.13,0
ACWI,20120528,42.49,42.49,42.49,42.49,0
ACWX,20120528,35.79,35.79,35.79,35.79,0
ADBE,20120528,31.6,31.6,31.6,31.6,0
ADES,20120528,12.955,12.955,12.955,12.955,0
ADI,20120528,36.19,36.19,36.19,36.19,0
ADP,20120528,46.2511,46.2511,46.2511,46.2511,0
ADRE,20120528,36.41,36.41,36.41,36.41,0
ADSK,20120528,32.12,32.12,32.12,32.12,0
ADTN,20120528,30.09,30.09,30.09,30.09,0
ADUS,20120528,3.75,3.75,3.75,3.75,0
AEHR,20120528,1.17,1.17,1.17,1.17,0
AEIS,20120528,13.69,13.69,13.69,13.69,0
AEY,20120528,2.2,2.2,2.2,2.2,0
AEZS,20120528,282,282,282,282,0
AGEN,20120528,5.2,5.2,5.2,5.2,0
AGNC,20120528,32.22,32.22,32.22,32.22,0
AGNCP,20120528,25.5,25.5,25.5,25.5,0
AGYS,20120528,7.19,7.19,7.19,7.19,0
AHPI,20120528,3.29,3.29,3.29,3.29,0
AIMC,20120528,17.11,17.11,17.11,17.11,0
AINV,20120528,22.38,22.38,22.38,22.38,0
AIRT,20120528,9.25,9.25,9.25,9.25,0
AKAM,20120528,29.31,29.31,29.31,29.31,0
ALCO,20120528,24.62,24.62,24.62,24.62,0
ALGN,20120528,31.85,31.85,31.85,31.85,0
ALGT,20120528,64.04,64.04,64.04,64.04,0
ALIM,20120528,2.63,2.63,2.63,2.63,0
ALKS,20120528,16.14,16.14,16.14,16.14,0
ALLT,20120528,23.89,23.89,23.89,23.89,0
ALNY,20120528,10.43,10.43,10.43,10.43,0
ALOT,20120528,8,8,8,8,0
ALRN,20120528,0.95,0.95,0.95,0.95,0
ALTR,20120528,34.42,34.42,34.42,34.42,0
ALVR,20120528,4.9,4.9,4.9,4.9,0
AMAT,20120528,10.54,10.54,10.54,10.54,0
AMCX,20120528,39.04,39.04,39.04,39.04,0
AMD,20120528,6.22,6.22,6.22,6.22,0
AMED,20120528,10.93,10.93,10.93,10.93,0
AMGN,20120528,69.05,69.05,69.05,69.05,0
AMKR,20120528,4.65,4.65,4.65,4.65,0
AMNB,20120528,22,22,22,22,0
AMOT,20120528,5.99,5.99,5.99,5.99,0
AMPL,20120528,3.8,3.8,3.8,3.8,0
AMRN,20120528,11.55,11.55,11.55,11.55,0
AMRS,20120528,38.55,38.55,38.55,38.55,0
AMSC,20120528,37.3,37.3,37.3,37.3,0
AMSF,20120528,27.18,27.18,27.18,27.18,0
AMSWA,20120528,8,8,8,8,0
AMWD,20120528,16.57,16.57,16.57,16.57,0
AMZN,20120528,212.89,212.89,212.89,212.89,0
ANAT,20120528,68.95,68.95,68.95,68.95,0
ANDE,20120528,29.9,29.9,29.9,29.9,0
ANGI,20120528,12.4,12.4,12.4,12.4,0
ANGN,20120528,5.85,5.85,5.85,5.85,0
ANGO,20120528,12.2,12.2,12.2,12.2,0
ANIK,20120528,13.63,13.63,13.63,13.63,0
ANSS,20120528,62.09,62.09,62.09,62.09,0
AOSL,20120528,9.03,9.03,9.03,9.03,0
APEI,20120528,29.01,29.01,29.01,29.01,0
APOG,20120528,14.97,14.97,14.97,14.97,0
APWC,20120528,3,3,3,3,0
ARAY,20120528,6.18,6.18,6.18,6.18,0
ARCC,20120528,15.02,15.02,15.02,15.02,0
ARCT,20120528,10.64,10.64,10.64,10.64,0
ARKR,20120528,14.4,14.4,14.4,14.4,0
ARLP,20120528,29.495,29.495,29.495,29.495,0
ARNA,20120528,60,60,60,60,0
AROW,20120528,23.85,23.85,23.85,23.85,0
ARRY,20120528,3.46,3.46,3.46,3.46,0
ARTNA,20120528,19.24,19.24,19.24,19.24,0
ARTW,20120528,7.15,7.15,7.15,7.15,0
ARWR,20120528,4.12,4.12,4.12,4.12,0
ASML,20120528,46,46,46,46,0
ASPS,20120528,57.98,57.98,57.98,57.98,0
ASRV,20120528,2.6,2.6,2.6,2.6,0
ASTC,20120528,1.06,1.06,1.06,1.06,0
ASTE,20120528,28.39,28.39,28.39,28.39,0
ASUR,20120528,4.98,4.98,4.98,4.98,0
ASYS,20120528,4.35,4.35,4.35,4.35,0
ATAI,20120528,6.24,6.24,6.24,6.24,0
ATAX,20120528,5.56,5.56,5.56,5.56,0
ATEC,20120528,19.8,19.8,19.8,19.8,0
ATHX,20120528,1.4,1.4,1.4,1.4,0
ATLO,20120528,21.3,21.3,21.3,21.3,0
ATNI,20120528,32.59,32.59,32.59,32.59,0
ATRC,20120528,8.99,8.99,8.99,8.99,0
ATRI,20120528,202.4,202.4,202.4,202.4,0
ATRO,20120528,21.7417,21.7417,21.7417,21.7417,0
ATSG,20120528,5.05,5.05,5.05,5.05,0
ATVI,20120528,12.24,12.24,12.24,12.24,0
AUBN,20120528,24.25,24.25,24.25,24.25,0
AUDC,20120528,1.8,1.8,1.8,1.8,0
AVAV,20120528,21.53,21.53,21.53,21.53,0
AVEO,20120528,126,126,126,126,0
AVGO,20120528,33.15,33.15,33.15,33.15,0
AVID,20120528,6.68,6.68,6.68,6.68,0
AVNW,20120528,29.52,29.52,29.52,29.52,0
AWRE,20120528,5.57,5.57,5.57,5.57,0
AXTI,20120528,3.81,3.81,3.81,3.81,0
AZPN,20120528,21.95,21.95,21.95,21.95,0
BANF,20120528,37.71,37.71,37.71,37.71,0
BANFP,20120528,28.45,28.45,28.45,28.45,0
BANR,20120528,19.28,19.28,19.28,19.28,0
BBBY,20120528,72.4,72.4,72.4,72.4,0
BBGI,20120528,5.76,5.76,5.76,5.76,0
BBSI,20120528,19.66,19.66,19.66,19.66,0
BCBP,20120528,10.25,10.25,10.25,10.25,0
BCOV,20120528,13.74,13.74,13.74,13.74,0
BCPC,20120528,30.31,30.31,30.31,30.31,0
BCRX,20120528,3.26,3.26,3.26,3.26,0
BDSI,20120528,3.94,3.94,3.94,3.94,0
BEAT,20120528,2.26,2.26,2.26,2.26,0
BECN,20120528,24.38,24.38,24.38,24.38,0
BELFA,20120528,17.7,17.7,17.7,17.7,0
BELFB,20120528,16.77,16.77,16.77,16.77,0
BFIN,20120528,6.94,6.94,6.94,6.94,0
BGCP,20120528,6.21,6.21,6.21,6.21,0
BGFV,20120528,6.35,6.35,6.35,6.35,0
BIB,20120528,12.2475,12.2475,12.2475,12.2475,0
BICK,20120528,21.7,21.7,21.7,21.7,0
BIDU,20120528,117.59,117.59,117.59,117.59,0
BIIB,20120528,121.1814,121.1814,121.1814,121.1814,0
BIOC,20120528,162.6,162.6,162.6,162.6,0
BIS,20120528,87.32,87.32,87.32,87.32,0
BJRI,20120528,44.56,44.56,44.56,44.56,0
BKCC,20120528,9.28,9.28,9.28,9.28,0
BKEP,20120528,6.87,6.87,6.87,6.87,0
BKEPP,20120528,8.65,8.65,8.65,8.65,0
BKSC,20120528,11.64,11.64,11.64,11.64,0
BLDP,20120528,1.16,1.16,1.16,1.16,0
BLIN,20120528,365,365,365,365,0
BLKB,20120528,26.3,26.3,26.3,26.3,0
BLRX,20120528,37.65,37.65,37.65,37.65,0
BMRC,20120528,17.915,17.915,17.915,17.915,0
BMRN,20120528,38.64,38.64,38.64,38.64,0
BMTC,20120528,20.17,20.17,20.17,20.17,0
BNSO,20120528,1.03,1.03,1.03,1.03,0
BOKF,20120528,56.52,56.52,56.52,56.52,0
BOLT,20120528,12.59,12.59,12.59,12.59,0
BOOM,20120528,17.41,17.41,17.41,17.41,0
BOSC,20120528,3.04,3.04,3.04,3.04,0
BOTJ,20120528,5.45,5.45,5.45,5.45,0
BPOP,20120528,16.4,16.4,16.4,16.4,0
BPOPM,20120528,20.34,20.34,20.34,20.34,0
BPOPN,20120528,21.45,21.45,21.45,21.45,0
BRID,20120528,9.18,9.18,9.18,9.18,0
BRKL,20120528,8.95,8.95,8.95,8.95,0
BRKR,20120528,15.12,15.12,15.12,15.12,0
BRKS,20120528,9.69,9.69,9.69,9.69,0
BRLI,20120528,20.38,20.38,20.38,20.38,0
BSET,20120528,9.48,9.48,9.48,9.48,0
BSQR,20120528,2.65,2.65,2.65,2.65,0
BSRR,20120528,9.01,9.01,9.01,9.01,0
BUSE,20120528,4.65,4.65,4.65,4.65,0
BWEN,20120528,2.9,2.9,2.9,2.9,0
BYFC,20120528,1.35,1.35,1.35,1.35,0
CAAS,20120528,3.82,3.82,3.82,3.82,0
CAC,20120528,32.21,32.21,32.21,32.21,0
CACC,20120528,87.78,87.78,87.78,87.78,0
CAKE,20120528,32.34,32.34,32.34,32.34,0
CALM,20120528,18.255,18.255,18.255,18.255,0
CAMP,20120528,6.02,6.02,6.02,6.02,0
CAMT,20120528,2.25,2.25,2.25,2.25,0
CAR,20120528,14.83,14.83,14.83,14.83,0
CARV,20120528,4.28,4.28,4.28,4.28,0
CARZ,20120528,24.22,24.22,24.22,24.22,0
CASH,20120528,6.8333,6.8333,6.8333,6.8333,0
CASS,20120528,37.5,37.5,37.5,37.5,0
CASY,20120528,57.19,57.19,57.19,57.19,0
CATY,20120528,16.68,16.68,16.68,16.68,0
CBAN,20120528,5.16,5.16,5.16,5.16,0
CBNK,20120528,14.5,14.5,14.5,14.5,0
CBRL,20120528,59.82,59.82,59.82,59.82,0
CBSH,20120528,39,39,39,39,0
CCBG,20120528,6.76,6.76,6.76,6.76,0
CCMP,20120528,32.38,32.38,32.38,32.38,0
CCNE,20120528,14.82,14.82,14.82,14.82,0
CCOI,20120528,17.81,17.81,17.81,17.81,0
CCRN,20120528,4.03,4.03,4.03,4.03,0
CCXI,20120528,11.9,11.9,11.9,11.9,0
CDNS,20120528,10.29,10.29,10.29,10.29,0
CDXS,20120528,3.39,3.39,3.39,3.39,0
CDZI,20120528,7.89,7.89,7.89,7.89,0
CECE,20120528,7.15,7.15,7.15,7.15,0
CENT,20120528,9.15,9.15,9.15,9.15,0
CENTA,20120528,9.28,9.28,9.28,9.28,0
CENX,20120528,7.1,7.1,7.1,7.1,0
CERE,20120528,88.08,88.08,88.08,88.08,0
CERN,20120528,39.505,39.505,39.505,39.505,0
CERS,20120528,3.49,3.49,3.49,3.49,0
CEVA,20120528,15.98,15.98,15.98,15.98,0
CFBK,20120528,8.25,8.25,8.25,8.25,0
CFFI,20120528,34.67,34.67,34.67,34.67,0
CFFN,20120528,11.69,11.69,11.69,11.69,0
CG,20120528,21.51,21.51,21.51,21.51,0
CGEN,20120528,3.8,3.8,3.8,3.8,0
CGNX,20120528,9,9,9,9,0
CHCI,20120528,1.42,1.42,1.42,1.42,0
CHCO,20120528,32.88,32.88,32.88,32.88,0
CHDN,20120528,19.84,19.84,19.84,19.84,0
CHEF,20120528,19.87,19.87,19.87,19.87,0
CHKP,20120528,52.26,52.26,52.26,52.26,0
CHNR,20120528,6.88,6.88,6.88,6.88,0
CHRS,20120528,7.33,7.33,7.33,7.33,0
CHRW,20120528,59.69,59.69,59.69,59.69,0
CHSCP,20120528,30.14,30.14,30.14,30.14,0
CHTR,20120528,64.27,64.27,64.27,64.27,0
CIDM,20120528,15.9,15.9,15.9,15.9,0
CINF,20120528,35.66,35.66,35.66,35.66,0
CIZN,20120528,19.65,19.65,19.65,19.65,0
CJJD,20120528,0.97,0.97,0.97,0.97,0
CLDX,20120528,67.5,67.5,67.5,67.5,0
CLFD,20120528,4.3,4.3,4.3,4.3,0
CLIR,20120528,5.44,5.44,5.44,5.44,0
CLMT,20120528,22.84,22.84,22.84,22.84,0
CLNE,20120528,13.43,13.43,13.43,13.43,0
CLRO,20120528,3.75,3.75,3.75,3.75,0
CLSN,20120528,1.9,1.9,1.9,1.9,0
CLVS,20120528,18.55,18.55,18.55,18.55,0
CLWT,20120528,2.7333,2.7333,2.7333,2.7333,0
CMCO,20120528,15.16,15.16,15.16,15.16,0
CMCSA,20120528,14.425,14.425,14.425,14.425,0
CME,20120528,52.504,52.504,52.504,52.504,0
CMLS,20120528,22.64,22.64,22.64,22.64,0
CMTL,20120528,28.7,28.7,28.7,28.7,0
CNBKA,20120528,27.5,27.5,27.5,27.5,0
CNET,20120528,0.68,0.68,0.68,0.68,0
CNOB,20120528,10.11,10.11,10.11,10.11,0
CNSL,20120528,14.14,14.14,14.14,14.14,0
CNTY,20120528,2.95,2.95,2.95,2.95,0
COCO,20120528,2.82,2.82,2.82,2.82,0
COHR,20120528,45.53,45.53,45.53,45.53,0
COHU,20120528,9.35,9.35,9.35,9.35,0
COKE,20120528,60.75,60.75,60.75,60.75,0
COLB,20120528,18.13,18.13,18.13,18.13,0
COLM,20120528,24.45,24.45,24.45,24.45,0
CONN,20120528,17.71,17.71,17.71,17.71,0
COOL,20120528,87.36,87.36,87.36,87.36,0
CORT,20120528,4.04,4.04,4.04,4.04,0
COST,20120528,84.48,84.48,84.48,84.48,0
COWN,20120528,2.39,2.39,2.39,2.39,0
CPHC,20120528,12.98,12.98,12.98,12.98,0
CPIX,20120528,6.09,6.09,6.09,6.09,0
CPLP,20120528,7.54,7.54,7.54,7.54,0
CPRT,20120528,13.53,13.53,13.53,13.53,0
CPRX,20120528,0.56,0.56,0.56,0.56,0
CPSI,20120528,56.63,56.63,56.63,56.63,0
CPSS,20120528,2.05,2.05,2.05,2.05,0
CRAI,20120528,19.85,19.85,19.85,19.85,0
CREG,20120528,111,111,111,111,0
CRESW,20120528,0.06,0.06,0.06,0.06,0
CRESY,20120528,7.79,7.79,7.79,7.79,0
CRIS,20120528,23,23,23,23,0
CRMT,20120528,41.34,41.34,41.34,41.34,0
CRNT,20120528,8.42,8.42,8.42,8.42,0
CROX,20120528,17.44,17.44,17.44,17.44,0
CRTX,20120528,5.04,5.04,5.04,5.04,0
CRUS,20120528,27.45,27.45,27.45,27.45,0
CRVL,20120528,21.845,21.845,21.845,21.845,0
CRWS,20120528,5.54,5.54,5.54,5.54,0
CSCO,20120528,16.33,16.33,16.33,16.33,0
CSGP,20120528,72.67,72.67,72.67,72.67,0
CSGS,20120528,16.38,16.38,16.38,16.38,0
CSII,20120528,9.12,9.12,9.12,9.12,0
CSIQ,20120528,3.14,3.14,3.14,3.14,0
CSOD,20120528,19.86,19.86,19.86,19.86,0
CSPI,20120528,4.45,4.45,4.45,4.45,0
CSTE,20120528,11.81,11.81,11.81,11.81,0
CSTR,20120528,60.66,60.66,60.66,60.66,0
CSWC,20120528,21.8875,21.8875,21.8875,21.8875,0
CSX,20120528,21.37,21.37,21.37,21.37,0
CTAS,20120528,37.31,37.31,37.31,37.31,0
CTBI,20120528,33.24,33.24,33.24,33.24,0
CTHR,20120528,3.89,3.89,3.89,3.89,0
CTIB,20120528,4.83,4.83,4.83,4.83,0
CTIC,20120528,45.5,45.5,45.5,45.5,0
CTRN,20120528,14.11,14.11,14.11,14.11,0
CTSH,20120528,30,30,30,30,0
CTXS,20120528,60.0557,60.0557,60.0557,60.0557,0
CUBA,20120528,6.84,6.84,6.84,6.84,0
CUTR,20120528,6.94,6.94,6.94,6.94,0
CVBF,20120528,10.95,10.95,10.95,10.95,0
CVCO,20120528,43.46,43.46,43.46,43.46,0
CVCY,20120528,7.5,7.5,7.5,7.5,0
CVGI,20120528,8.78,8.78,8.78,8.78,0
CVGW,20120528,28.08,28.08,28.08,28.08,0
CVLT,20120528,47.97,47.97,47.97,47.97,0
CVLY,20120528,13.65,13.65,13.65,13.65,0
CVV,20120528,11.94,11.94,11.94,11.94,0
CWBC,20120528,2.52,2.52,2.52,2.52,0
CWCO,20120528,7.59,7.59,7.59,7.59,0
CWST,20120528,5.34,5.34,5.34,5.34,0
CXDC,20120528,4.93,4.93,4.93,4.93,0
CYAN,20120528,7.6,7.6,7.6,7.6,0
CYBE,20120528,8.34,8.34,8.34,8.34,0
CYCC,20120528,856.8,856.8,856.8,856.8,0
CYCCP,20120528,3.1,3.1,3.1,3.1,0
CYTK,20120528,5.58,5.58,5.58,5.58,0
CZNC,20120528,17.41,17.41,17.41,17.41,0
CZR,20120528,12.5,12.5,12.5,12.5,0
CZWI,20120528,6.15,6.15,6.15,6.15,0
DAIO,20120528,2.66,2.66,2.66,2.66,0
DAKT,20120528,7.15,7.15,7.15,7.15,0
DCOM,20120528,13.34,13.34,13.34,13.34,0
DCTH,20120528,384,384,384,384,0
DENN,20120528,4.16,4.16,4.16,4.16,0
DGICA,20120528,15.31,15.31,15.31,15.31,0
DGICB,20120528,16.85,16.85,16.85,16.85,0
DGII,20120528,8.6,8.6,8.6,8.6,0
DGLY,20120528,0.44,0.44,0.44,0.44,0
DHIL,20120528,67.7,67.7,67.7,67.7,0
DIOD,20120528,19.61,19.61,19.61,19.61,0
DISCA,20120528,50.56,50.56,50.56,50.56,0
DISCB,20120528,49.68,49.68,49.68,49.68,0
DISCK,20120528,23.515,23.515,23.515,23.515,0
DISH,20120528,28.24,28.24,28.24,28.24,0
DJCO,20120528,85,85,85,85,0
DLTR,20120528,51.1,51.1,51.1,51.1,0
DMLP,20120528,22.07,22.07,22.07,22.07,0
DMRC,20120528,24.94,24.94,24.94,24.94,0
DORM,20120528,24.02,24.02,24.02,24.02,0
DRIV,20120528,14.57,14.57,14.57,14.57,0
DRRX,20120528,0.93,0.93,0.93,0.93,0
DSGX,20120528,8.12,8.12,8.12,8.12,0
DSPG,20120528,6.12,6.12,6.12,6.12,0
DSWL,20120528,2.55,2.55,2.55,2.55,0
DVAX,20120528,36.4,36.4,36.4,36.4,0
DWSN,20120528,24.95,24.95,24.95,24.95,0
DXCM,20120528,10.79,10.79,10.79,10.79,0
DXPE,20120528,47.71,47.71,47.71,47.71,0
DXYN,20120528,3.75,3.75,3.75,3.75,0
DYNT,20120528,2.65,2.65,2.65,2.65,0
EA,20120528,14.22,14.22,14.22,14.22,0
EAC,20120528,6.8,6.8,6.8,6.8,0
EBAY,20120528,16.9895,16.9895,16.9895,16.9895,0
EBIX,20120528,17.93,17.93,17.93,17.93,0
EBMT,20120528,10.2,10.2,10.2,10.2,0
EBSB,20120528,5.3636,5.3636,5.3636,5.3636,0
EBTC,20120528,15.65,15.65,15.65,15.65,0
ECHO,20120528,17.01,17.01,17.01,17.01,0
ECOL,20120528,17.13,17.13,17.13,17.13,0
ECPG,20120528,24.16,24.16,24.16,24.16,0
EDAP,20120528,1.8,1.8,1.8,1.8,0
EDUC,20120528,2.325,2.325,2.325,2.325,0
EEFT,20120528,18.79,18.79,18.79,18.79,0
EEMA,20120528,47.66,47.66,47.66,47.66,0
EFSC,20120528,11.07,11.07,11.07,11.07,0
EGAN,20120528,3.82,3.82,3.82,3.82,0
EGBN,20120528,16.02,16.02,16.02,16.02,0
EGLE,20120528,9298.8,9298.8,9298.8,9298.8,0
EHTH,20120528,16.57,16.57,16.57,16.57,0
ELSE,20120528,4.19,4.19,4.19,4.19,0
ELTK,20120528,1.27,1.27,1.27,1.27,0
EMCB,20120528,72.85,72.85,72.85,72.85,0
EMCF,20120528,18.15,18.15,18.15,18.15,0
EMIF,20120528,29.85,29.85,29.85,29.85,0
EMKR,20120528,3.96,3.96,3.96,3.96,0
EML,20120528,16.76,16.76,16.76,16.76,0
ENDP,20120528,33.57,33.57,33.57,33.57,0
ENG,20120528,1.73,1.73,1.73,1.73,0
ENPH,20120528,7.79,7.79,7.79,7.79,0
ENSG,20120528,12.435,12.435,12.435,12.435,0
ENTG,20120528,7.64,7.64,7.64,7.64,0
ENVI,20120528,8.3,8.3,8.3,8.3,0
EPAY,20120528,18,18,18,18,0
EQIX,20120528,157.92,157.92,157.92,157.92,0
ERIC,20120528,8.58,8.58,8.58,8.58,0
ERIE,20120528,71.71,71.71,71.71,71.71,0
ERII,20120528,2.19,2.19,2.19,2.19,0
ESBK,20120528,19,19,19,19,0
ESCA,20120528,5.49,5.49,5.49,5.49,0
ESEA,20120528,9.84,9.84,9.84,9.84,0
ESGR,20120528,93.24,93.24,93.24,93.24,0
ESLT,20120528,34.21,34.21,34.21,34.21,0
ESSA,20120528,10.41,10.41,10.41,10.41,0
EUFN,20120528,14.42,14.42,14.42,14.42,0
EVK,20120528,1.73,1.73,1.73,1.73,0
EVOL,20120528,7.07,7.07,7.07,7.07,0
EWBC,20120528,22.24,22.24,22.24,22.24,0
EXAS,20120528,10.24,10.24,10.24,10.24,0
EXEL,20120528,4.61,4.61,4.61,4.61,0
EXLS,20120528,23.02,23.02,23.02,23.02,0
EXPD,20120528,38.47,38.47,38.47,38.47,0
EXPE,20120528,44.89,44.89,44.89,44.89,0
EXPO,20120528,11.63,11.63,11.63,11.63,0
EXTR,20120528,3.58,3.58,3.58,3.58,0
EZPW,20120528,24.08,24.08,24.08,24.08,0
FARM,20120528,6.9,6.9,6.9,6.9,0
FARO,20120528,46.99,46.99,46.99,46.99,0
FAST,20120528,22.2,22.2,22.2,22.2,0
FB,20120528,31.91,31.91,31.91,31.91,0
FBIZ,20120528,22.12,22.12,22.12,22.12,0
FBMS,20120528,9,9,9,9,0
FBNC,20120528,9.21,9.21,9.21,9.21,0
FCAL,20120528,6.87,6.87,6.87,6.87,0
FCAP,20120528,21,21,21,21,0
FCBC,20120528,12.59,12.59,12.59,12.59,0
FCCO,20120528,8,8,8,8,0
FCCY,20120528,9,9,9,9,0
FCEL,20120528,146.88,146.88,146.88,146.88,0
FCFS,20120528,36.63,36.63,36.63,36.63,0
FCNCA,20120528,166.83,166.83,166.83,166.83,0
FDUS,20120528,13.64,13.64,13.64,13.64,0
FEIM,20120528,7.78,7.78,7.78,7.78,0
FELE,20120528,25.155,25.155,25.155,25.155,0
FFBC,20120528,16.21,16.21,16.21,16.21,0
FFHL,20120528,1.04,1.04,1.04,1.04,0
FFIC,20120528,13.07,13.07,13.07,13.07,0
FFIN,20120528,8.0825,8.0825,8.0825,8.0825,0
FFIV,20120528,109.04,109.04,109.04,109.04,0
FFNW,20120528,7.57,7.57,7.57,7.57,0
FIBK,20120528,13.69,13.69,13.69,13.69,0
FISI,20120528,16.6,16.6,16.6,16.6,0
FISV,20120528,16.7925,16.7925,16.7925,16.7925,0
FITB,20120528,13.52,13.52,13.52,13.52,0
FITBP,20120528,139.11,139.11,139.11,139.11,0
FIZZ,20120528,14.01,14.01,14.01,14.01,0
FLDM,20120528,13.94,13.94,13.94,13.94,0
FLEX,20120528,6.42,6.42,6.42,6.42,0
FLIC,20120528,18.1733,18.1733,18.1733,18.1733,0
FLWS,20120528,2.98,2.98,2.98,2.98,0
FLXS,20120528,19.99,19.99,19.99,19.99,0
FMBI,20120528,10.22,10.22,10.22,10.22,0
FMNB,20120528,6.42,6.42,6.42,6.42,0
FNLC,20120528,14.06,14.06,14.06,14.06,0
FOLD,20120528,4.99,4.99,4.99,4.99,0
FONR,20120528,4.08,4.08,4.08,4.08,0
FORD,20120528,2.11,2.11,2.11,2.11,0
FORM,20120528,5.65,5.65,5.65,5.65,0
FORR,20120528,33.31,33.31,33.31,33.31,0
FORTY,20120528,16,16,16,16,0
FOSL,20120528,71.54,71.54,71.54,71.54,0
FRBK,20120528,1.91,1.91,1.91,1.91,0
FREE,20120528,18900000,18900000,18900000,18900000,0
FRGI,20120528,12.29,12.29,12.29,12.29,0
FRME,20120528,11.79,11.79,11.79,11.79,0
FSFG,20120528,18,18,18,18,0
FSII,20120528,3.75,3.75,3.75,3.75,0
FSLR,20120528,14.33,14.33,14.33,14.33,0
FSTR,20120528,27.66,27.66,27.66,27.66,0
FTEK,20120528,3.5,3.5,3.5,3.5,0
FTNT,20120528,21.84,21.84,21.84,21.84,0
FULT,20120528,10.24,10.24,10.24,10.24,0
FUNC,20120528,5.73,5.73,5.73,5.73,0
FUND,20120528,6.26,6.26,6.26,6.26,0
FWRD,20120528,31.63,31.63,31.63,31.63,0
GABC,20120528,12.2067,12.2067,12.2067,12.2067,0
GAIA,20120528,3.93,3.93,3.93,3.93,0
GAIN,20120528,7.16,7.16,7.16,7.16,0
GALT,20120528,2.38,2.38,2.38,2.38,0
GAME,20120528,4.29,4.29,4.29,4.29,0
GASS,20120528,5.82,5.82,5.82,5.82,0
GBCI,20120528,14.39,14.39,14.39,14.39,0
GBDC,20120528,14.5,14.5,14.5,14.5,0
GBLI,20120528,21.06,21.06,21.06,21.06,0
GCBC,20120528,9.045,9.045,9.045,9.045,0
GENC,20120528,4.7667,4.7667,4.7667,4.7667,0
GENE,20120528,96.4,96.4,96.4,96.4,0
GERN,20120528,1.42,1.42,1.42,1.42,0
GEVO,20120528,34620,34620,34620,34620,0
GFED,20120528,7.46,7.46,7.46,7.46,0
GGAL,20120528,4.95,4.95,4.95,4.95,0
GIFI,20120528,25.88,25.88,25.88,25.88,0
GIGM,20120528,5.75,5.75,5.75,5.75,0
GIII,20120528,12.35,12.35,12.35,12.35,0
GILD,20120528,25.245,25.245,25.245,25.245,0
GILT,20120528,3.27,3.27,3.27,3.27,0
GLAD,20120528,7.46,7.46,7.46,7.46,0
GLBS,20120528,14840,14840,14840,14840,0
GLBZ,20120528,10.55,10.55,10.55,10.55,0
GLDD,20120528,6.59,6.59,6.59,6.59,0
GLNG,20120528,34.43,34.43,34.43,34.43,0
GLRE,20120528,24.58,24.58,24.58,24.58,0
GNMA,20120528,50.67,50.67,50.67,50.67,0
GNOM,20120528,3,3,3,3,0
GNTX,20120528,11.285,11.285,11.285,11.285,0
GOOD,20120528,16.11,16.11,16.11,16.11,0
GOODN,20120528,25.7,25.7,25.7,25.7,0
GOODO,20120528,25,25,25,25,0
GOOG,20120528,295.765,295.765,295.765,295.765,0
GPRE,20120528,7.2,7.2,7.2,7.2,0
GPRO,20120528,81.19,81.19,81.19,81.19,0
GRFS,20120528,8.56,8.56,8.56,8.56,0
GRID,20120528,25.28,25.28,25.28,25.28,0
GRMN,20120528,43.19,43.19,43.19,43.19,0
GROW,20120528,5.14,5.14,5.14,5.14,0
GRPN,20120528,241,241,241,241,0
GRVY,20120528,7.44,7.44,7.44,7.44,0
GSBC,20120528,23.16,23.16,23.16,23.16,0
GSIT,20120528,4.2,4.2,4.2,4.2,0
GSM,20120528,11.85,11.85,11.85,11.85,0
GT,20120528,10.59,10.59,10.59,10.59,0
GTIM,20120528,2.33,2.33,2.33,2.33,0
GURE,20120528,8,8,8,8,0
GYRO,20120528,100.25,100.25,100.25,100.25,0
HA,20120528,5.68,5.68,5.68,5.68,0
HAFC,20120528,9.48,9.48,9.48,9.48,0
HAIN,20120528,27.975,27.975,27.975,27.975,0
HALL,20120528,7.28,7.28,7.28,7.28,0
HALO,20120528,8.31,8.31,8.31,8.31,0
HAS,20120528,34.91,34.91,34.91,34.91,0
HAYN,20120528,54.61,54.61,54.61,54.61,0
HBAN,20120528,6.46,6.46,6.46,6.46,0
HBANP,20120528,1151.17,1151.17,1151.17,1151.17,0
HBCP,20120528,16.69,16.69,16.69,16.69,0
HBIO,20120528,3.6,3.6,3.6,3.6,0
HBNC,20120528,7.4815,7.4815,7.4815,7.4815,0
HCCI,20120528,18.36,18.36,18.36,18.36,0
HCII,20120528,13.62,13.62,13.62,13.62,0
HCIIW,20120528,2.39,2.39,2.39,2.39,0
HCKT,20120528,5.12,5.12,5.12,5.12,0
HCSG,20120528,19.73,19.73,19.73,19.73,0
HDSN,20120528,3.85,3.85,3.85,3.85,0
HEES,20120528,16.04,16.04,16.04,16.04,0
HELE,20120528,31.85,31.85,31.85,31.85,0
HERO,20120528,3.69,3.69,3.69,3.69,0
HFBL,20120528,14.6,14.6,14.6,14.6,0
HFWA,20120528,13.43,13.43,13.43,13.43,0
HGSH,20120528,1.4,1.4,1.4,1.4,0
HIBB,20120528,57.05,57.05,57.05,57.05,0
HIFS,20120528,58.2,58.2,58.2,58.2,0
HIHO,20120528,1.48,1.48,1.48,1.48,0
HIMX,20120528,2.04,2.04,2.04,2.04,0
HLIT,20120528,4.25,4.25,4.25,4.25,0
HMNF,20120528,3.28,3.28,3.28,3.28,0
HMST,20120528,17.26,17.26,17.26,17.26,0
HNRG,20120528,7.19,7.19,7.19,7.19,0
HOFT,20120528,11.74,11.74,11.74,11.74,0
HOLI,20120528,9.16,9.16,9.16,9.16,0
HOLX,20120528,16.92,16.92,16.92,16.92,0
HOMB,20120528,7.1475,7.1475,7.1475,7.1475,0
HOVNP,20120528,3.39,3.39,3.39,3.39,0
HRZN,20120528,16.15,16.15,16.15,16.15,0
HSIC,20120528,75.53,75.53,75.53,75.53,0
HSII,20120528,16.53,16.53,16.53,16.53,0
HSKA,20120528,12.08,12.08,12.08,12.08,0
HSON,20120528,39.3,39.3,39.3,39.3,0
HSTM,20120528,21.95,21.95,21.95,21.95,0
HTBK,20120528,6.11,6.11,6.11,6.11,0
HTHT,20120528,2.945,2.945,2.945,2.945,0
HTLD,20120528,14.28,14.28,14.28,14.28,0
HTLF,20120528,19.13,19.13,19.13,19.13,0
HUBG,20120528,35.25,35.25,35.25,35.25,0
HURC,20120528,22.67,22.67,22.67,22.67,0
HURN,20120528,31.47,31.47,31.47,31.47,0
HWBK,20120528,9.13,9.13,9.13,9.13,0
HWKN,20120528,33.84,33.84,33.84,33.84,0
HZNP,20120528,4.02,4.02,4.02,4.02,0
IART,20120528,17.645,17.645,17.645,17.645,0
IBB,20120528,125.2,125.2,125.2,125.2,0
IBCP,20120528,3.35,3.35,3.35,3.35,0
IBKR,20120528,14.38,14.38,14.38,14.38,0
IBOC,20120528,18.5,18.5,18.5,18.5,0
ICAD,20120528,0.48,0.48,0.48,0.48,0
ICCC,20120528,5.95,5.95,5.95,5.95,0
ICFI,20120528,22.36,22.36,22.36,22.36,0
ICLN,20120528,7.04,7.04,7.04,7.04,0
ICLR,20120528,21.93,21.93,21.93,21.93,0
ICUI,20120528,52.01,52.01,52.01,52.01,0
IDCC,20120528,25.14,25.14,25.14,25.14,0
IDRA,20120528,8,8,8,8,0
IDXX,20120528,43.06,43.06,43.06,43.06,0
IEP,20120528,41.6,41.6,41.6,41.6,0
IESC,20120528,3.11,3.11,3.11,3.11,0
IFGL,20120528,26.79,26.79,26.79,26.79,0
IGOV,20120528,97.66,97.66,97.66,97.66,0
III,20120528,1.27,1.27,1.27,1.27,0
IIN,20120528,6.29,6.29,6.29,6.29,0
IIVI,20120528,19.16,19.16,19.16,19.16,0
IKNX,20120528,7.91,7.91,7.91,7.91,0
ILMN,20120528,43.84,43.84,43.84,43.84,0
IMGN,20120528,14.33,14.33,14.33,14.33,0
IMKTA,20120528,16.11,16.11,16.11,16.11,0
IMMR,20120528,5.54,5.54,5.54,5.54,0
IMOS,20120528,12.59,12.59,12.59,12.59,0
INCY,20120528,22.41,22.41,22.41,22.41,0
INDB,20120528,27.25,27.25,27.25,27.25,0
INDY,20120528,20.17,20.17,20.17,20.17,0
INFI,20120528,12.73,12.73,12.73,12.73,0
INFN,20120528,6.42,6.42,6.42,6.42,0
INMD,20120528,11.42,11.42,11.42,11.42,0
INOD,20120528,5.41,5.41,5.41,5.41,0
INSM,20120528,2.98,2.98,2.98,2.98,0
INTC,20120528,25.74,25.74,25.74,25.74,0
INTG,20120528,20.12,20.12,20.12,20.12,0
INTU,20120528,56.45,56.45,56.45,56.45,0
INVE,20120528,13.8,13.8,13.8,13.8,0
IOSP,20120528,26.87,26.87,26.87,26.87,0
IPAR,20120528,16,16,16,16,0
IPGP,20120528,42.84,42.84,42.84,42.84,0
IRBT,20120528,21.02,21.02,21.02,21.02,0
IRDM,20120528,8.62,8.62,8.62,8.62,0
IRIX,20120528,3.8,3.8,3.8,3.8,0
IROQ,20120528,12.31,12.31,12.31,12.31,0
IRWD,20120528,11.86,11.86,11.86,11.86,0
ISBC,20120528,5.9098,5.9098,5.9098,5.9098,0
ISHG,20120528,94.86,94.86,94.86,94.86,0
ISIG,20120528,1.89,1.89,1.89,1.89,0
ISLE,20120528,5.11,5.11,5.11,5.11,0
ISRG,20120528,526.55,526.55,526.55,526.55,0
ISSC,20120528,3.59,3.59,3.59,3.59,0
ITIC,20120528,51.57,51.57,51.57,51.57,0
ITRI,20120528,35.33,35.33,35.33,35.33,0
ITRN,20120528,12.67,12.67,12.67,12.67,0
IVAC,20120528,7.82,7.82,7.82,7.82,0
JACK,20120528,24.87,24.87,24.87,24.87,0
JAKK,20120528,175.7,175.7,175.7,175.7,0
JAZZ,20120528,45.86,45.86,45.86,45.86,0
JBHT,20120528,56.69,56.69,56.69,56.69,0
JBLU,20120528,4.75,4.75,4.75,4.75,0
JBSS,20120528,14.09,14.09,14.09,14.09,0
JCS,20120528,10.95,10.95,10.95,10.95,0
JCTCF,20120528,2.1925,2.1925,2.1925,2.1925,0
JJSF,20120528,54.9,54.9,54.9,54.9,0
JKHY,20120528,33.13,33.13,33.13,33.13,0
JOBS,20120528,23.13,23.13,23.13,23.13,0
JOUT,20120528,18.13,18.13,18.13,18.13,0
JRJC,20120528,16.6,16.6,16.6,16.6,0
JSM,20120528,19.47,19.47,19.47,19.47,0
JVA,20120528,7.59,7.59,7.59,7.59,0
KALU,20120528,49.46,49.46,49.46,49.46,0
KELYA,20120528,12.2,12.2,12.2,12.2,0
KELYB,20120528,13.26,13.26,13.26,13.26,0
KEQU,20120528,8.27,8.27,8.27,8.27,0
KFFB,20120528,8.62,8.62,8.62,8.62,0
KFRC,20120528,13.82,13.82,13.82,13.82,0
KINS,20120528,4.45,4.45,4.45,4.45,0
KIRK,20120528,10.33,10.33,10.33,10.33,0
KLAC,20120528,46.15,46.15,46.15,46.15,0
KLIC,20120528,10.82,10.82,10.82,10.82,0
KNDI,20120528,3,3,3,3,0
KOPN,20120528,3.09,3.09,3.09,3.09,0
KOSS,20120528,5.44,5.44,5.44,5.44,0
KRNY,20120528,9.32,9.32,9.32,9.32,0
KTCC,20120528,10.54,10.54,10.54,10.54,0
KTOS,20120528,5.4,5.4,5.4,5.4,0
KVHI,20120528,8.99,8.99,8.99,8.99,0
LAKE,20120528,7.95,7.95,7.95,7.95,0
LAMR,20120528,24.99,24.99,24.99,24.99,0
LANC,20120528,65.73,65.73,65.73,65.73,0
LARK,20120528,20.96,20.96,20.96,20.96,0
LAWS,20120528,9.31,9.31,9.31,9.31,0
LBAI,20120528,9.11,9.11,9.11,9.11,0
LBTYA,20120528,24.1748,24.1748,24.1748,24.1748,0
LBTYB,20120528,48.02,48.02,48.02,48.02,0
LBTYK,20120528,45.45,45.45,45.45,45.45,0
LCNB,20120528,13.49,13.49,13.49,13.49,0
LCUT,20120528,11.21,11.21,11.21,11.21,0
LECO,20120528,48.54,48.54,48.54,48.54,0
LEDS,20120528,3.14,3.14,3.14,3.14,0
LFUS,20120528,58.12,58.12,58.12,58.12,0
LGND,20120528,12.87,12.87,12.87,12.87,0
LHCG,20120528,16.83,16.83,16.83,16.83,0
LIFE,20120528,585.62,585.62,585.62,585.62,0
LINC,20120528,6.05,6.05,6.05,6.05,0
LIVE,20120528,2.0433,2.0433,2.0433,2.0433,0
LKFN,20120528,16.9133,16.9133,16.9133,16.9133,0
LKQ,20120528,17.765,17.765,17.765,17.765,0
LLNW,20120528,2.71,2.71,2.71,2.71,0
LMAT,20120528,5.17,5.17,5.17,5.17,0
LMNR,20120528,15.24,15.24,15.24,15.24,0
LNDC,20120528,7.07,7.07,7.07,7.07,0
LOAN,20120528,1.08,1.08,1.08,1.08,0
LOGI,20120528,10.62,10.62,10.62,10.62,0
LOPE,20120528,18.35,18.35,18.35,18.35,0
LORL,20120528,60.82,60.82,60.82,60.82,0
LPLA,20120528,31.51,31.51,31.51,31.51,0
LPSN,20120528,17.03,17.03,17.03,17.03,0
LPTH,20120528,1.16,1.16,1.16,1.16,0
LQDT,20120528,62.82,62.82,62.82,62.82,0
LRCX,20120528,38.37,38.37,38.37,38.37,0
LSBK,20120528,10,10,10,10,0
LSCC,20120528,4.52,4.52,4.52,4.52,0
LSTR,20120528,53.61,53.61,53.61,53.61,0
LTBR,20120528,120.6,120.6,120.6,120.6,0
LTRX,20120528,2.07,2.07,2.07,2.07,0
LULU,20120528,72.06,72.06,72.06,72.06,0
LUNA,20120528,1.62,1.62,1.62,1.62,0
LWAY,20120528,9.96,9.96,9.96,9.96,0
LXRX,20120528,11.2,11.2,11.2,11.2,0
LYTS,20120528,6.47,6.47,6.47,6.47,0
MACK,20120528,6.85,6.85,6.85,6.85,0
MANH,20120528,11.925,11.925,11.925,11.925,0
MANT,20120528,22.25,22.25,22.25,22.25,0
MARK,20120528,2.87,2.87,2.87,2.87,0
MARPS,20120528,23.24,23.24,23.24,23.24,0
MASI,20120528,19.32,19.32,19.32,19.32,0
MAT,20120528,31.26,31.26,31.26,31.26,0
MATW,20120528,30.08,30.08,30.08,30.08,0
MBWM,20120528,14.82,14.82,14.82,14.82,0
MCBC,20120528,3.25,3.25,3.25,3.25,0
MCHP,20120528,30.93,30.93,30.93,30.93,0
MCHX,20120528,3.29,3.29,3.29,3.29,0
MCRI,20120528,9.35,9.35,9.35,9.35,0
MDRX,20120528,10.99,10.99,10.99,10.99,0
MELI,20120528,74.73,74.73,74.73,74.73,0
MEOH,20120528,28.77,28.77,28.77,28.77,0
MERC,20120528,6.35,6.35,6.35,6.35,0
MGEE,20120528,30.24,30.24,30.24,30.24,0
MGIC,20120528,5.63,5.63,5.63,5.63,0
MGLN,20120528,42.29,42.29,42.29,42.29,0
MGPI,20120528,3.47,3.47,3.47,3.47,0
MGRC,20120528,24.66,24.66,24.66,24.66,0
MGYR,20120528,4.15,4.15,4.15,4.15,0
MHLD,20120528,7.9,7.9,7.9,7.9,0
MIDD,20120528,34.2067,34.2067,34.2067,34.2067,0
MIND,20120528,18.77,18.77,18.77,18.77,0
MITK,20120528,2.38,2.38,2.38,2.38,0
MKSI,20120528,25.81,25.81,25.81,25.81,0
MKTX,20120528,32.27,32.27,32.27,32.27,0
MLAB,20120528,47.91,47.91,47.91,47.91,0
MLHR,20120528,18.36,18.36,18.36,18.36,0
MLVF,20120528,8,8,8,8,0
MMLP,20120528,32.54,32.54,32.54,32.54,0
MMSI,20120528,13.25,13.25,13.25,13.25,0
MMYT,20120528,14.35,14.35,14.35,14.35,0
MNDO,20120528,1.67,1.67,1.67,1.67,0
MNKD,20120528,8.55,8.55,8.55,8.55,0
MNOV,20120528,1.75,1.75,1.75,1.75,0
MNRO,20120528,33.71,33.71,33.71,33.71,0
MNST,20120528,23.86,23.86,23.86,23.86,0
MNTX,20120528,8.27,8.27,8.27,8.27,0
MOFG,20120528,19.37,19.37,19.37,19.37,0
MORN,20120528,57.04,57.04,57.04,57.04,0
MOSY,20120528,598,598,598,598,0
MOVE,20120528,8.07,8.07,8.07,8.07,0
MPAA,20120528,4.37,4.37,4.37,4.37,0
MPAC,20120528,5.25,5.25,5.25,5.25,0
MPB,20120528,9.5,9.5,9.5,9.5,0
MPWR,20120528,18.5,18.5,18.5,18.5,0
MRCY,20120528,11.76,11.76,11.76,11.76,0
MRLN,20120528,14.11,14.11,14.11,14.11,0
MRTN,20120528,9.0889,9.0889,9.0889,9.0889,0
MRVL,20120528,13.07,13.07,13.07,13.07,0
MSEX,20120528,18.21,18.21,18.21,18.21,0
MSFT,20120528,29.06,29.06,29.06,29.06,0
MSON,20120528,2.08,2.08,2.08,2.08,0
MSTR,20120528,126.76,126.76,126.76,126.76,0
MTEX,20120528,3.35,3.35,3.35,3.35,0
MTRX,20120528,10.39,10.39,10.39,10.39,0
MTSI,20120528,15.56,15.56,15.56,15.56,0
MU,20120528,5.96,5.96,5.96,5.96,0
MVIS,20120528,1.23,1.23,1.23,1.23,0
MYGN,20120528,25.53,25.53,25.53,25.53,0
MYRG,20120528,16.03,16.03,16.03,16.03,0
NAII,20120528,7.48,7.48,7.48,7.48,0
NATH,20120528,24.54,24.54,24.54,24.54,0
NATI,20120528,25.84,25.84,25.84,25.84,0
NATR,20120528,13.16,13.16,13.16,13.16,0
NBIX,20120528,6.5,6.5,6.5,6.5,0
NBN,20120528,8.5,8.5,8.5,8.5,0
NBTB,20120528,20.24,20.24,20.24,20.24,0
NCMI,20120528,13.88,13.88,13.88,13.88,0
NCTY,20120528,135,135,135,135,0
NDAQ,20120528,22.06,22.06,22.06,22.06,0
NDSN,20120528,53.35,53.35,53.35,53.35,0
NECB,20120528,5.78,5.78,5.78,5.78,0
NEOG,20120528,19.13,19.13,19.13,19.13,0
NEON,20120528,47,47,47,47,0
NEPT,20120528,3.84,3.84,3.84,3.84,0
NEWT,20120528,6.65,6.65,6.65,6.65,0
NFBK,20120528,13.54,13.54,13.54,13.54,0
NFLX,20120528,10.0314,10.0314,10.0314,10.0314,0
NICE,20120528,37.21,37.21,37.21,37.21,0
NICK,20120528,12.6,12.6,12.6,12.6,0
NKSH,20120528,29,29,29,29,0
NKTR,20120528,6.96,6.96,6.96,6.96,0
NNBR,20120528,7.82,7.82,7.82,7.82,0
NRIM,20120528,21.9,21.9,21.9,21.9,0
NSEC,20120528,9.2,9.2,9.2,9.2,0
NSIT,20120528,15.49,15.49,15.49,15.49,0
NSSC,20120528,2.87,2.87,2.87,2.87,0
NSYS,20120528,3.51,3.51,3.51,3.51,0
NTAP,20120528,28.61,28.61,28.61,28.61,0
NTCT,20120528,19.35,19.35,19.35,19.35,0
NTES,20120528,11.452,11.452,11.452,11.452,0
NTGR,20120528,29.86,29.86,29.86,29.86,0
NTIC,20120528,6.125,6.125,6.125,6.125,0
NTRS,20120528,43.49,43.49,43.49,43.49,0
NTWK,20120528,4.9,4.9,4.9,4.9,0
NUAN,20120528,20.71,20.71,20.71,20.71,0
NURO,20120528,144,144,144,144,0
NUVA,20120528,19.12,19.12,19.12,19.12,0
NVAX,20120528,25.4,25.4,25.4,25.4,0
NVDA,20120528,3.1,3.1,3.1,3.1,0
NVEC,20120528,51.78,51.78,51.78,51.78,0
NVMI,20120528,7,7,7,7,0
NWBI,20120528,11.74,11.74,11.74,11.74,0
NWFL,20120528,27.55,27.55,27.55,27.55,0
NWLI,20120528,129.04,129.04,129.04,129.04,0
NWPX,20120528,21.83,21.83,21.83,21.83,0
NWS,20120528,19.63,19.63,19.63,19.63,0
NWSA,20120528,19.43,19.43,19.43,19.43,0
NXPI,20120528,21.84,21.84,21.84,21.84,0
NXST,20120528,6.77,6.77,6.77,6.77,0
NYMT,20120528,6.65,6.65,6.65,6.65,0
NYMX,20120528,7.62,7.62,7.62,7.62,0
OBAS,20120528,6,6,6,6,0
OBCI,20120528,2.14,2.14,2.14,2.14,0
OCC,20120528,2.7,2.7,2.7,2.7,0
OCFC,20120528,14.35,14.35,14.35,14.35,0
ODFL,20120528,29.3667,29.3667,29.3667,29.3667,0
OFED,20120528,12,12,12,12,0
OFIX,20120528,38.79,38.79,38.79,38.79,0
OFLX,20120528,11.29,11.29,11.29,11.29,0
OIIM,20120528,4.51,4.51,4.51,4.51,0
OMAB,20120528,14.75,14.75,14.75,14.75,0
OMCL,20120528,13.71,13.71,13.71,13.71,0
OMER,20120528,10,10,10,10,0
OMEX,20120528,39.96,39.96,39.96,39.96,0
ONCY,20120528,3.82,3.82,3.82,3.82,0
ONEQ,20120528,111.95,111.95,111.95,111.95,0
OPEN,20120528,38.4,38.4,38.4,38.4,0
OPHC,20120528,24.8,24.8,24.8,24.8,0
OPNT,20120528,26.52,26.52,26.52,26.52,0
OPOF,20120528,11.38,11.38,11.38,11.38,0
ORLY,20120528,96.3,96.3,96.3,96.3,0
ORRF,20120528,7.84,7.84,7.84,7.84,0
OSBC,20120528,1.43,1.43,1.43,1.43,0
OSIS,20120528,65.25,65.25,65.25,65.25,0
OSTK,20120528,6.7,6.7,6.7,6.7,0
OSUR,20120528,10.37,10.37,10.37,10.37,0
OTEX,20120528,12.24,12.24,12.24,12.24,0
OTTR,20120528,21.15,21.15,21.15,21.15,0
OVBC,20120528,20.1,20.1,20.1,20.1,0
OVLY,20120528,7.29,7.29,7.29,7.29,0
OXLC,20120528,13.64,13.64,13.64,13.64,0
PAAS,20120528,16.91,16.91,16.91,16.91,0
PACB,20120528,2.6,2.6,2.6,2.6,0
PACW,20120528,22.83,22.83,22.83,22.83,0
PANL,20120528,29.87,29.87,29.87,29.87,0
PATK,20120528,6.1733,6.1733,6.1733,6.1733,0
PAYX,20120528,30.29,30.29,30.29,30.29,0
PBCT,20120528,11.93,11.93,11.93,11.93,0
PBIP,20120528,5.32,5.32,5.32,5.32,0
PCAR,20120528,38.35,38.35,38.35,38.35,0
PCH,20120528,28.97,28.97,28.97,28.97,0
PCOM,20120528,11.09,11.09,11.09,11.09,0
PCRX,20120528,10.73,10.73,10.73,10.73,0
PCTI,20120528,5.95,5.95,5.95,5.95,0
PCYO,20120528,2.26,2.26,2.26,2.26,0
PDCO,20120528,34.04,34.04,34.04,34.04,0
PDEX,20120528,1.85,1.85,1.85,1.85,0
PDFS,20120528,8.87,8.87,8.87,8.87,0
PEBK,20120528,7.83,7.83,7.83,7.83,0
PEBO,20120528,19.22,19.22,19.22,19.22,0
PEGA,20120528,15.855,15.855,15.855,15.855,0
PENN,20120528,45.38,45.38,45.38,45.38,0
PERI,20120528,12.12,12.12,12.12,12.12,0
PESI,20120528,6.1,6.1,6.1,6.1,0
PETS,20120528,11.88,11.88,11.88,11.88,0
PFBC,20120528,12.04,12.04,12.04,12.04,0
PFIN,20120528,4.59,4.59,4.59,4.59,0
PFLT,20120528,11.67,11.67,11.67,11.67,0
PFSW,20120528,3.24,3.24,3.24,3.24,0
PGC,20120528,15.25,15.25,15.25,15.25,0
PKBK,20120528,4.8545,4.8545,4.8545,4.8545,0
PKOH,20120528,18.76,18.76,18.76,18.76,0
PLAB,20120528,5.8,5.8,5.8,5.8,0
PLBC,20120528,3.5,3.5,3.5,3.5,0
PLCE,20120528,47.7,47.7,47.7,47.7,0
PLPC,20120528,55.51,55.51,55.51,55.51,0
PLUG,20120528,1.19,1.19,1.19,1.19,0
PLUS,20120528,15.885,15.885,15.885,15.885,0
PLXS,20120528,28.53,28.53,28.53,28.53,0
PMBC,20120528,6.15,6.15,6.15,6.15,0
PMD,20120528,9.89,9.89,9.89,9.89,0
PNBK,20120528,17.5,17.5,17.5,17.5,0
PNFP,20120528,17.27,17.27,17.27,17.27,0
PNNT,20120528,9.72,9.72,9.72,9.72,0
PNQI,20120528,38.25,38.25,38.25,38.25,0
PNRG,20120528,22.14,22.14,22.14,22.14,0
PODD,20120528,18,18,18,18,0
POOL,20120528,36.54,36.54,36.54,36.54,0
POWI,20120528,20.865,20.865,20.865,20.865,0
POWL,20120528,34.81,34.81,34.81,34.81,0
PPBI,20120528,7.99,7.99,7.99,7.99,0
PRAA,20120528,23.08,23.08,23.08,23.08,0
PRFT,20120528,11.57,11.57,11.57,11.57,0
PRFZ,20120528,62.26,62.26,62.26,62.26,0
PRGS,20120528,20.32,20.32,20.32,20.32,0
PRIM,20120528,12.02,12.02,12.02,12.02,0
PROV,20120528,10.82,10.82,10.82,10.82,0
PRPH,20120528,1.05,1.05,1.05,1.05,0
PRTS,20120528,4.03,4.03,4.03,4.03,0
PSCC,20120528,33.28,33.28,33.28,33.28,0
PSCD,20120528,30.47,30.47,30.47,30.47,0
PSCE,20120528,31.11,31.11,31.11,31.11,0
PSCF,20120528,28.7,28.7,28.7,28.7,0
PSCH,20120528,33.34,33.34,33.34,33.34,0
PSCI,20120528,27.76,27.76,27.76,27.76,0
PSCM,20120528,26.36,26.36,26.36,26.36,0
PSCT,20120528,28.34,28.34,28.34,28.34,0
PSCU,20120528,28.96,28.96,28.96,28.96,0
PSEC,20120528,10.89,10.89,10.89,10.89,0
PSMT,20120528,69.97,69.97,69.97,69.97,0
PSTI,20120528,25.7,25.7,25.7,25.7,0
PTEN,20120528,15.75,15.75,15.75,15.75,0
PTIX,20120528,1.96,1.96,1.96,1.96,0
PTNR,20120528,4.46,4.46,4.46,4.46,0
PTSI,20120528,11.37,11.37,11.37,11.37,0
PWOD,20120528,25.2067,25.2067,25.2067,25.2067,0
PXLW,20120528,2.28,2.28,2.28,2.28,0
PZZA,20120528,23.51,23.51,23.51,23.51,0
QABA,20120528,24.66,24.66,24.66,24.66,0
QADA,20120528,11.87,11.87,11.87,11.87,0
QADB,20120528,11.79,11.79,11.79,11.79,0
QCLN,20120528,8.74,8.74,8.74,8.74,0
QCOM,20120528,57.32,57.32,57.32,57.32,0
QCRH,20120528,12.05,12.05,12.05,12.05,0
QDEL,20120528,15.23,15.23,15.23,15.23,0
QNST,20120528,8.07,8.07,8.07,8.07,0
QQEW,20120528,24.53,24.53,24.53,24.53,0
QQQ,20120528,62.07,62.07,62.07,62.07,0
QQQM,20120528,26.28,26.28,26.28,26.28,0
QQQX,20120528,14.67,14.67,14.67,14.67,0
QQXT,20120528,22.97,22.97,22.97,22.97,0
QTEC,20120528,24.64,24.64,24.64,24.64,0
QUIK,20120528,45.22,45.22,45.22,45.22,0
RADA,20120528,2.96,2.96,2.96,2.96,0
RAIL,20120528,20.55,20.55,20.55,20.55,0
RAND,20120528,24.84,24.84,24.84,24.84,0
RAVN,20120528,33.595,33.595,33.595,33.595,0
RBCAA,20120528,21.54,21.54,21.54,21.54,0
RBCN,20120528,89,89,89,89,0
RCII,20120528,33.75,33.75,33.75,33.75,0
RCKY,20120528,12.4,12.4,12.4,12.4,0
RCMT,20120528,5.69,5.69,5.69,5.69,0
RCON,20120528,11.75,11.75,11.75,11.75,0
RDCM,20120528,4.55,4.55,4.55,4.55,0
RDI,20120528,5.68,5.68,5.68,5.68,0
RDIB,20120528,6,6,6,6,0
RDNT,20120528,2.5,2.5,2.5,2.5,0
RDWR,20120528,19.17,19.17,19.17,19.17,0
REED,20120528,2.63,2.63,2.63,2.63,0
REFR,20120528,3.15,3.15,3.15,3.15,0
REGI,20120528,6.98,6.98,6.98,6.98,0
REGN,20120528,132.17,132.17,132.17,132.17,0
RELL,20120528,11.75,11.75,11.75,11.75,0
RENT,20120528,16.12,16.12,16.12,16.12,0
RFIL,20120528,3.44,3.44,3.44,3.44,0
RGCO,20120528,11.4,11.4,11.4,11.4,0
RGEN,20120528,4.37,4.37,4.37,4.37,0
RGLD,20120528,69.03,69.03,69.03,69.03,0
RICK,20120528,7.92,7.92,7.92,7.92,0
RIGL,20120528,7.51,7.51,7.51,7.51,0
RMBS,20120528,4.31,4.31,4.31,4.31,0
RMCF,20120528,10.45,10.45,10.45,10.45,0
RMTI,20120528,8.2,8.2,8.2,8.2,0
RNST,20120528,15.15,15.15,15.15,15.15,0
RNWK,20120528,8.81,8.81,8.81,8.81,0
ROCK,20120528,10.46,10.46,10.46,10.46,0
ROIC,20120528,12.06,12.06,12.06,12.06,0
ROLL,20120528,44.93,44.93,44.93,44.93,0
ROST,20120528,31.235,31.235,31.235,31.235,0
RPRX,20120528,9.01,9.01,9.01,9.01,0
RRGB,20120528,32.41,32.41,32.41,32.41,0
RUSHA,20120528,10.84,10.84,10.84,10.84,0
RUSHB,20120528,8.9667,8.9667,8.9667,8.9667,0
RUTH,20120528,6.51,6.51,6.51,6.51,0
RVSB,20120528,1.4,1.4,1.4,1.4,0
RYAAY,20120528,30.62,30.62,30.62,30.62,0
SAFM,20120528,54.31,54.31,54.31,54.31,0
SAFT,20120528,40.7,40.7,40.7,40.7,0
SAIA,20120528,14.4467,14.4467,14.4467,14.4467,0
SALM,20120528,4.76,4.76,4.76,4.76,0
SANM,20120528,7.22,7.22,7.22,7.22,0
SANW,20120528,5.49,5.49,5.49,5.49,0
SASR,20120528,17.38,17.38,17.38,17.38,0
SATS,20120528,22.6525,22.6525,22.6525,22.6525,0
SBAC,20120528,52.27,52.27,52.27,52.27,0
SBCF,20120528,7.5,7.5,7.5,7.5,0
SBGI,20120528,8.47,8.47,8.47,8.47,0
SBLK,20120528,55.5,55.5,55.5,55.5,0
SBNY,20120528,61.89,61.89,61.89,61.89,0
SBRA,20120528,14.21,14.21,14.21,14.21,0
SBSI,20120528,20.019,20.019,20.019,20.019,0
SBUX,20120528,27.28,27.28,27.28,27.28,0
SCHL,20120528,27.77,27.77,27.77,27.77,0
SCHN,20120528,27.13,27.13,27.13,27.13,0
SCKT,20120528,2.06,2.06,2.06,2.06,0
SCOR,20120528,18.01,18.01,18.01,18.01,0
SCSC,20120528,30.16,30.16,30.16,30.16,0
SCVL,20120528,21.54,21.54,21.54,21.54,0
SEAC,20120528,7.99,7.99,7.99,7.99,0
SEED,20120528,17.1,17.1,17.1,17.1,0
SEIC,20120528,18.13,18.13,18.13,18.13,0
SENEA,20120528,22.43,22.43,22.43,22.43,0
SENEB,20120528,22.25,22.25,22.25,22.25,0
SFNC,20120528,12.015,12.015,12.015,12.015,0
SFST,20120528,8.68,8.68,8.68,8.68,0
SGC,20120528,11.8,11.8,11.8,11.8,0
SGEN,20120528,20.57,20.57,20.57,20.57,0
SGMA,20120528,3.65,3.65,3.65,3.65,0
SGMO,20120528,4.61,4.61,4.61,4.61,0
SGMS,20120528,8.49,8.49,8.49,8.49,0
SGRP,20120528,1.3,1.3,1.3,1.3,0
SHBI,20120528,6.17,6.17,6.17,6.17,0
SHEN,20120528,5.17,5.17,5.17,5.17,0
SHIP,20120528,3240,3240,3240,3240,0
SHOO,20120528,17.8445,17.8445,17.8445,17.8445,0
SHY,20120528,84.43,84.43,84.43,84.43,0
SIEB,20120528,1.6,1.6,1.6,1.6,0
SIFY,20120528,2.2,2.2,2.2,2.2,0
SIGA,20120528,2.4,2.4,2.4,2.4,0
SIGI,20120528,17.04,17.04,17.04,17.04,0
SILC,20120528,13.77,13.77,13.77,13.77,0
SIMO,20120528,13.42,13.42,13.42,13.42,0
SINO,20120528,13,13,13,13,0
SIRI,20120528,1.93,1.93,1.93,1.93,0
SIVB,20120528,59.96,59.96,59.96,59.96,0
SKYW,20120528,7.49,7.49,7.49,7.49,0
SKYY,20120528,18.27,18.27,18.27,18.27,0
SLAB,20120528,34.17,34.17,34.17,34.17,0
SLGN,20120528,21.08,21.08,21.08,21.08,0
SLM,20120528,4.8464,4.8464,4.8464,4.8464,0
SLMBP,20120528,45.5,45.5,45.5,45.5,0
SLP,20120528,3.95,3.95,3.95,3.95,0
SLRC,20120528,21.73,21.73,21.73,21.73,0
SMBC,20120528,11.6,11.6,11.6,11.6,0
SMCI,20120528,16.06,16.06,16.06,16.06,0
SMED,20120528,3.43,3.43,3.43,3.43,0
SMIT,20120528,3.45,3.45,3.45,3.45,0
SMMF,20120528,5.5,5.5,5.5,5.5,0
SMSI,20120528,6.48,6.48,6.48,6.48,0
SMTC,20120528,24.08,24.08,24.08,24.08,0
SNCR,20120528,17.85,17.85,17.85,17.85,0
SNFCA,20120528,2.19,2.19,2.19,2.19,0
SNPS,20120528,29.89,29.89,29.89,29.89,0
SOCL,20120528,13.33,13.33,13.33,13.33,0
SOHU,20120528,43.84,43.84,43.84,43.84,0
SOXX,20120528,50.39,50.39,50.39,50.39,0
SPBC,20120528,12.75,12.75,12.75,12.75,0
SPLK,20120528,35.93,35.93,35.93,35.93,0
SPNS,20120528,3.81,3.81,3.81,3.81,0
SPPI,20120528,11.22,11.22,11.22,11.22,0
SPRO,20120528,1.8,1.8,1.8,1.8,0
SPSC,20120528,27.35,27.35,27.35,27.35,0
SPTN,20120528,16.88,16.88,16.88,16.88,0
SPWR,20120528,5.27,5.27,5.27,5.27,0
SQQQ,20120528,17244.8,17244.8,17244.8,17244.8,0
SRCE,20120528,21.72,21.72,21.72,21.72,0
SRCL,20120528,86.31,86.31,86.31,86.31,0
SRDX,20120528,14.43,14.43,14.43,14.43,0
SREV,20120528,12.24,12.24,12.24,12.24,0
SSBI,20120528,6.01,6.01,6.01,6.01,0
SSNC,20120528,23.18,23.18,23.18,23.18,0
SSYS,20120528,48.97,48.97,48.97,48.97,0
STAA,20120528,8.86,8.86,8.86,8.86,0
STBA,20120528,17.53,17.53,17.53,17.53,0
STFC,20120528,13.51,13.51,13.51,13.51,0
STKL,20120528,5.85,5.85,5.85,5.85,0
STLD,20120528,10.66,10.66,10.66,10.66,0
STRA,20120528,89.4,89.4,89.4,89.4,0
STRC,20120528,3.6,3.6,3.6,3.6,0
STRL,20120528,9.24,9.24,9.24,9.24,0
STRM,20120528,1.96,1.96,1.96,1.96,0
STRN,20120528,5.59,5.59,5.59,5.59,0
STRS,20120528,7.45,7.45,7.45,7.45,0
STRT,20120528,20.97,20.97,20.97,20.97,0
STSA,20120528,17.54,17.54,17.54,17.54,0
STX,20120528,26.18,26.18,26.18,26.18,0
SUMR,20120528,29.07,29.07,29.07,29.07,0
SUNS,20120528,16.47,16.47,16.47,16.47,0
SUPN,20120528,5.94,5.94,5.94,5.94,0
SURG,20120528,5.34,5.34,5.34,5.34,0
SVBI,20120528,2.69,2.69,2.69,2.69,0
SVVC,20120528,20.06,20.06,20.06,20.06,0
SWIR,20120528,8.46,8.46,8.46,8.46,0
SWKS,20120528,25.68,25.68,25.68,25.68,0
SYBT,20120528,15.1467,15.1467,15.1467,15.1467,0
SYNA,20120528,26.44,26.44,26.44,26.44,0
SYNL,20120528,12.01,12.01,12.01,12.01,0
SYPR,20120528,5.48,5.48,5.48,5.48,0
TACT,20120528,7.7,7.7,7.7,7.7,0
TAIT,20120528,1,1,1,1,0
TAST,20120528,5.49,5.49,5.49,5.49,0
TATT,20120528,4.58,4.58,4.58,4.58,0
TAYD,20120528,9.56,9.56,9.56,9.56,0
TBBK,20120528,9.24,9.24,9.24,9.24,0
TBNK,20120528,21.44,21.44,21.44,21.44,0
TCBI,20120528,38.42,38.42,38.42,38.42,0
TCBK,20120528,15.41,15.41,15.41,15.41,0
TCPC,20120528,14.14,14.14,14.14,14.14,0
TCX,20120528,6.4,6.4,6.4,6.4,0
TECH,20120528,69.09,69.09,69.09,69.09,0
TESS,20120528,19.74,19.74,19.74,19.74,0
TFSL,20120528,9.62,9.62,9.62,9.62,0
TGA,20120528,10.46,10.46,10.46,10.46,0
THFF,20120528,28.61,28.61,28.61,28.61,0
THRX,20120528,22.02,22.02,22.02,22.02,0
TIGR,20120528,2.2,2.2,2.2,2.2,0
TITN,20120528,31.92,31.92,31.92,31.92,0
TLT,20120528,123.4,123.4,123.4,123.4,0
TOPS,20120528,10570000,10570000,10570000,10570000,0
TOWN,20120528,12.4,12.4,12.4,12.4,0
TQQQ,20120528,3.8042,3.8042,3.8042,3.8042,0
TREE,20120528,9.09,9.09,9.09,9.09,0
TRIB,20120528,11.15,11.15,11.15,11.15,0
TRIP,20120528,45,45,45,45,0
TRIT,20120528,5.01,5.01,5.01,5.01,0
TRMB,20120528,23.83,23.83,23.83,23.83,0
TRMD,20120528,3.4,3.4,3.4,3.4,0
TRMK,20120528,24.66,24.66,24.66,24.66,0
TRNS,20120528,7.6,7.6,7.6,7.6,0
TROW,20120528,57.2,57.2,57.2,57.2,0
TRS,20120528,20.27,20.27,20.27,20.27,0
TRST,20120528,5.27,5.27,5.27,5.27,0
TSBK,20120528,4.85,4.85,4.85,4.85,0
TSCO,20120528,49.81,49.81,49.81,49.81,0
TSEM,20120528,12.6,12.6,12.6,12.6,0
TSLA,20120528,5.962,5.962,5.962,5.962,0
TSRI,20120528,4.19,4.19,4.19,4.19,0
TTEC,20120528,14.65,14.65,14.65,14.65,0
TTEK,20120528,25.2,25.2,25.2,25.2,0
TTGT,20120528,5.22,5.22,5.22,5.22,0
TTMI,20120528,9.39,9.39,9.39,9.39,0
TTWO,20120528,11.56,11.56,11.56,11.56,0
TW,20120528,60.73,60.73,60.73,60.73,0
TWIN,20120528,19.41,19.41,19.41,19.41,0
TXN,20120528,28.94,28.94,28.94,28.94,0
TXRH,20120528,18.03,18.03,18.03,18.03,0
TZOO,20120528,23.47,23.47,23.47,23.47,0
UBCP,20120528,8.59,8.59,8.59,8.59,0
UBFO,20120528,2,2,2,2,0
UBOH,20120528,8.87,8.87,8.87,8.87,0
UBSI,20120528,25.62,25.62,25.62,25.62,0
UCBI,20120528,8.47,8.47,8.47,8.47,0
UCTT,20120528,6.09,6.09,6.09,6.09,0
UEIC,20120528,13.06,13.06,13.06,13.06,0
UEPS,20120528,8.49,8.49,8.49,8.49,0
UFCS,20120528,21.14,21.14,21.14,21.14,0
UFPI,20120528,37.41,37.41,37.41,37.41,0
UFPT,20120528,16.24,16.24,16.24,16.24,0
UG,20120528,21.2,21.2,21.2,21.2,0
UHAL,20120528,87.17,87.17,87.17,87.17,0
ULBI,20120528,4.04,4.04,4.04,4.04,0
ULTA,20120528,90.95,90.95,90.95,90.95,0
UMBF,20120528,48.33,48.33,48.33,48.33,0
UMPQ,20120528,13.03,13.03,13.03,13.03,0
UNAM,20120528,10.63,10.63,10.63,10.63,0
UNB,20120528,19.08,19.08,19.08,19.08,0
UNTY,20120528,6,6,6,6,0
URBN,20120528,28.42,28.42,28.42,28.42,0
USAK,20120528,5.58,5.58,5.58,5.58,0
USAP,20120528,41.63,41.63,41.63,41.63,0
USEG,20120528,145.2,145.2,145.2,145.2,0
USLM,20120528,43.03,43.03,43.03,43.03,0
UTHR,20120528,44.05,44.05,44.05,44.05,0
UTMD,20120528,32.78,32.78,32.78,32.78,0
UTSI,20120528,3.69,3.69,3.69,3.69,0
UVSP,20120528,15.45,15.45,15.45,15.45,0
VALU,20120528,12.46,12.46,12.46,12.46,0
VBFC,20120528,20.8,20.8,20.8,20.8,0
VCIT,20120528,84.46,84.46,84.46,84.46,0
VCLT,20120528,87.82,87.82,87.82,87.82,0
VCSH,20120528,78.99,78.99,78.99,78.99,0
VECO,20120528,33.31,33.31,33.31,33.31,0
VGIT,20120528,66.06,66.06,66.06,66.06,0
VGLT,20120528,76.66,76.66,76.66,76.66,0
VGSH,20120528,60.96,60.96,60.96,60.96,0
VIA,20120528,52.16,52.16,52.16,52.16,0
VICR,20120528,6.19,6.19,6.19,6.19,0
VIRC,20120528,1.69,1.69,1.69,1.69,0
VIVO,20120528,19.18,19.18,19.18,19.18,0
VLGEA,20120528,25.09,25.09,25.09,25.09,0
VMBS,20120528,52.3,52.3,52.3,52.3,0
VNDA,20120528,4.18,4.18,4.18,4.18,0
VNET,20120528,11.62,11.62,11.62,11.62,0
VNQI,20120528,43.87,43.87,43.87,43.87,0
VOD,20120528,27.18,27.18,27.18,27.18,0
VONE,20120528,60.29,60.29,60.29,60.29,0
VONG,20120528,63.78,63.78,63.78,63.78,0
VONV,20120528,57.31,57.31,57.31,57.31,0
VOXX,20120528,10.63,10.63,10.63,10.63,0
VRA,20120528,24.39,24.39,24.39,24.39,0
VRNT,20120528,29.3,29.3,29.3,29.3,0
VRSK,20120528,47.96,47.96,47.96,47.96,0
VRSN,20120528,39.8,39.8,39.8,39.8,0
VRTS,20120528,71.57,71.57,71.57,71.57,0
VRTX,20120528,64.85,64.85,64.85,64.85,0
VSAT,20120528,42.2,42.2,42.2,42.2,0
VSEC,20120528,11.43,11.43,11.43,11.43,0
VSTM,20120528,9.32,9.32,9.32,9.32,0
VTHR,20120528,60.42,60.42,60.42,60.42,0
VTWG,20120528,63.55,63.55,63.55,63.55,0
VTWO,20120528,60.87,60.87,60.87,60.87,0
VTWV,20120528,57.75,57.75,57.75,57.75,0
VXUS,20120528,39.92,39.92,39.92,39.92,0
WABC,20120528,45.32,45.32,45.32,45.32,0
WAFD,20120528,16.75,16.75,16.75,16.75,0
WASH,20120528,23.53,23.53,23.53,23.53,0
WDC,20120528,34.21,34.21,34.21,34.21,0
WDFC,20120528,47.04,47.04,47.04,47.04,0
WEN,20120528,4.63,4.63,4.63,4.63,0
WERN,20120528,24.15,24.15,24.15,24.15,0
WETF,20120528,6.75,6.75,6.75,6.75,0
WEYS,20120528,22.97,22.97,22.97,22.97,0
WILC,20120528,4.4,4.4,4.4,4.4,0
WINA,20120528,52.29,52.29,52.29,52.29,0
WIRE,20120528,25.16,25.16,25.16,25.16,0
WLDN,20120528,1.72,1.72,1.72,1.72,0
WLFC,20120528,12.75,12.75,12.75,12.75,0
WOOD,20120528,35.76,35.76,35.76,35.76,0
WOOF,20120528,21.22,21.22,21.22,21.22,0
WPRT,20120528,25.64,25.64,25.64,25.64,0
WRLD,20120528,69.21,69.21,69.21,69.21,0
WSBC,20120528,20.39,20.39,20.39,20.39,0
WSBF,20120528,3.99,3.99,3.99,3.99,0
WSFS,20120528,12.56,12.56,12.56,12.56,0
WSTG,20120528,13.2,13.2,13.2,13.2,0
WTBA,20120528,9.31,9.31,9.31,9.31,0
WTFC,20120528,33.93,33.93,33.93,33.93,0
WVFC,20120528,7.72,7.72,7.72,7.72,0
WVVI,20120528,3.35,3.35,3.35,3.35,0
WWD,20120528,38.6,38.6,38.6,38.6,0
WYNN,20120528,102.04,102.04,102.04,102.04,0
XLNX,20120528,31.98,31.98,31.98,31.98,0
XOMA,20120528,47.6,47.6,47.6,47.6,0
XRAY,20120528,38.55,38.55,38.55,38.55,0
XRTX,20120528,11.52,11.52,11.52,11.52,0
YNDX,20120528,20.45,20.45,20.45,20.45,0
YORW,20120528,17.21,17.21,17.21,17.21,0
Z,20120528,40.27,40.27,40.27,40.27,0
ZBRA,20120528,34.2,34.2,34.2,34.2,0
ZEUS,20120528,16.78,16.78,16.78,16.78,0
ZGNX,20120528,12.88,12.88,12.88,12.88,0
ZION,20120528,18.87,18.87,18.87,18.87,0
ZIOP,20120528,5.13,5.13,5.13,5.13,0
ZIXI,20120528,2.71,2.71,2.71,2.71,0
ZNGA,20120528,6.61,6.61,6.61,6.61,0
ZUMZ,20120528,35.64,35.64,35.64,35.64,0
