AAME,20120621,2.71,2.72,2.7,2.72,5700
AAON,20120621,8.8,8.8222,8.3289,8.3955,81500
AAPL,20120621,20.9086,21.0079,20.6229,20.6311,11660800
AAWW,20120621,44,44.28,43.26,43.48,177200
AAXJ,20120621,52.28,52.28,50.87,50.93,1458300
ABCB,20120621,11.95,12.05,11.46,11.69,64200
ABIO,20120621,393.12,393.12,378,378,69400
ABMD,20120621,22.13,22.33,21.06,21.15,455500
ACAD,20120621,1.59,1.59,1.45,1.46,621200
ACET,20120621,8.92,8.97,8.55,8.56,69800
ACGL,20120621,12.72,12.7467,12.47,12.4733,404800
ACHC,20120621,17,17.2,16.3,16.8,287900
ACIW,20120621,14.2667,14.2933,13.77,13.8033,279400
ACLS,20120621,5,5.08,4.64,4.72,390800
ACNB,20120621,14.53,14.7,14.53,14.6,1900
ACOR,20120621,23.6,23.97,22.94,23.29,263500
ACRX,20120621,3.01,3.07,3.01,3.05,3500
ACTG,20120621,36.35,36.35,34.95,35.08,284200
ACWI,20120621,43.79,43.79,42.49,42.53,720800
ACWX,20120621,36.79,36.79,35.77,35.77,168200
ADBE,20120621,31.82,31.94,31.13,31.23,7167000
ADES,20120621,13.65,13.94,13.21,13.425,101300
ADI,20120621,38.14,38.22,37.26,37.32,2123100
ADP,20120621,48.762,48.7973,47.8401,47.8841,2270900
ADRE,20120621,37.79,37.79,36.56,36.56,25500
ADSK,20120621,34.69,34.69,32.98,33.05,1831600
ADTN,20120621,30.66,30.66,28.99,29.02,500200
ADUS,20120621,4.43,4.58,4.43,4.58,15100
AEHR,20120621,1.25,1.25,1.25,1.25,12000
AEIS,20120621,13.96,14.06,13.49,13.5,283100
AEY,20120621,2.2,2.2,2.2,2.2,100
AEZS,20120621,276,282,270,276,763600
AGEN,20120621,5.01,5.34,4.93,5.06,449200
AGNC,20120621,32.16,32.5,32.15,32.33,5998200
AGNCP,20120621,25.79,25.81,25.75,25.79,52800
AGYS,20120621,7.83,7.83,7.65,7.68,50100
AHPI,20120621,3.06,3.1,3.03,3.03,7900
AIMC,20120621,16.28,16.3,15.65,15.9,112200
AINV,20120621,22.56,22.65,22.29,22.44,2127000
AIRT,20120621,8.44,8.5,8.2,8.21,7100
AKAM,20120621,31.68,31.72,30.24,30.27,3056400
ALCO,20120621,27.6,28.27,27.08,28.21,17400
ALGN,20120621,34.27,34.51,32.6,32.81,1482700
ALGT,20120621,70.65,70.93,69.35,69.67,90600
ALIM,20120621,2.82,2.84,2.7,2.71,125600
ALKS,20120621,16.21,16.38,15.78,15.89,1035500
ALLT,20120621,28.04,28.32,25.36,25.93,692400
ALNY,20120621,11.61,11.85,11.28,11.33,207400
ALOT,20120621,8,8,8,8,0
ALRN,20120621,1.05,1.05,1.05,1.05,0
ALTR,20120621,34.39,34.46,32.79,32.85,2576900
ALVR,20120621,4.1,4.2,4.1,4.1,98700
AMAT,20120621,11.51,11.7,11.13,11.17,18374400
AMCX,20120621,39.55,39.62,37.86,38.06,174400
AMD,20120621,6.04,6.04,5.71,5.72,17212900
AMED,20120621,12.8,12.89,12.44,12.52,303700
AMGN,20120621,73.06,73.5,71.57,71.65,6063100
AMKR,20120621,4.89,4.95,4.73,4.73,1010900
AMNB,20120621,23.29,23.3,22.78,23.03,59100
AMOT,20120621,6.18,6.18,6.18,6.18,0
AMPL,20120621,2,2.4,2,2.4,4900
AMRN,20120621,12.79,13.21,12.62,12.84,4186300
AMRS,20120621,51.9,52.2,45.9,46.65,598800
AMSC,20120621,40.9,43.4,40.7,41.8,937800
AMSF,20120621,26.18,26.42,25.47,25.62,36400
AMSWA,20120621,8.24,8.42,8.19,8.4,106000
AMWD,20120621,17.59,17.81,17.18,17.24,25900
AMZN,20120621,223.84,226.03,220.52,220.57,2843100
ANAT,20120621,71.48,71.79,70.63,71.1,6700
ANDE,20120621,28.66,28.7133,27.52,27.6667,60600
ANGI,20120621,14.53,14.66,14.25,14.64,319200
ANGN,20120621,5.71,5.71,5.58,5.65,2500
ANGO,20120621,12.23,12.23,11.88,11.94,93800
ANIK,20120621,13.85,13.85,13.32,13.4,137700
ANSS,20120621,65.35,65.54,62.87,63.06,434200
AOSL,20120621,9.38,9.58,8.85,8.89,33800
APEI,20120621,30.78,31.03,29.95,30.12,128900
APOG,20120621,15.74,16.33,15.64,15.76,588600
APWC,20120621,2.7,2.7,2.7,2.7,3600
ARAY,20120621,5.98,6.26,5.98,6.1,614000
ARCC,20120621,15.68,15.72,15.42,15.44,1134200
ARCT,20120621,10.97,11.09,10.86,10.92,2098700
ARKR,20120621,14.13,14.45,14.13,14.14,1700
ARLP,20120621,27.495,27.585,26.98,27.205,58800
ARNA,20120621,107.5,117.1,106.5,116.8,60226200
AROW,20120621,24.15,24.16,23.51,23.57,36300
ARRY,20120621,3.42,3.47,3.33,3.43,625100
ARTNA,20120621,19.76,19.95,19.51,19.51,19900
ARTW,20120621,7.24,7.25,7.11,7.2,3500
ARWR,20120621,3.2,3.25,3.12,3.21,31200
ASML,20120621,52.27,52.42,50.35,50.53,2577900
ASPS,20120621,71.49,71.76,70.21,70.35,197300
ASRV,20120621,2.86,2.86,2.69,2.69,2600
ASTC,20120621,1.09,1.11,1.02,1.06,8300
ASTE,20120621,28.87,29.02,27.51,27.6,140400
ASUR,20120621,4.3,4.3,4.3,4.3,400
ASYS,20120621,4.34,4.34,4.2,4.22,166900
ATAI,20120621,3.77,3.89,3.75,3.75,1800
ATAX,20120621,5.4,5.4,5.31,5.34,191400
ATEC,20120621,20.28,20.64,20.04,20.4,100000
ATHX,20120621,1.4,1.47,1.39,1.44,71100
ATLO,20120621,22.73,22.73,22.02,22.07,7300
ATNI,20120621,34.5,34.85,33.48,33.51,29800
ATRC,20120621,9.52,9.57,9.41,9.56,50100
ATRI,20120621,200.74,201.49,198.9,200.5,3900
ATRO,20120621,23.3167,23.3167,22.425,22.5583,30500
ATRS,20120621,3.59,3.59,3.35,3.37,1228500
ATSG,20120621,5.16,5.16,5.01,5.02,102600
ATVI,20120621,11.61,11.66,11.42,11.44,4771800
AUBN,20120621,22.32,22.32,22.05,22.2,900
AUDC,20120621,1.86,1.86,1.77,1.79,43600
AVAV,20120621,25.5,26,25.41,25.77,476000
AVEO,20120621,122.5,124.1,117.9,120.2,297500
AVGO,20120621,35.25,35.39,34.39,34.48,2317200
AVID,20120621,7.08,7.14,6.96,7.07,121600
AVNW,20120621,34.32,34.32,33.6,33.84,141700
AWRE,20120621,6.11,6.29,6.03,6.28,65800
AXTI,20120621,3.92,3.92,3.75,3.75,117800
AZPN,20120621,22.82,22.85,21.83,22.2,1001800
BANF,20120621,40.36,40.87,39.26,39.75,16100
BANFP,20120621,27.01,27.01,27.01,27.01,1000
BANR,20120621,20.01,20.04,19.32,19.5,104900
BBBY,20120621,65.2,65.25,60.61,61.17,17360600
BBGI,20120621,5.97,6,5.68,5.99,23100
BBSI,20120621,20.17,20.44,19.86,20.44,32600
BCBP,20120621,10.3,10.3,10.03,10.06,2200
BCOR,20120621,12.58,12.68,12.28,12.3,144500
BCOV,20120621,15.61,15.98,14.98,15,95400
BCPC,20120621,32.32,32.46,30.77,31.13,104000
BCRX,20120621,3.8,3.82,3.69,3.73,238200
BDSI,20120621,3.91,4.04,3.69,3.93,172400
BEAT,20120621,2.32,2.34,2.12,2.12,177400
BECN,20120621,26.24,26.32,25.24,25.29,228000
BELFA,20120621,17.05,17.05,17.05,17.05,0
BELFB,20120621,16.38,16.42,15.64,15.68,24000
BFIN,20120621,7.3,7.35,7.26,7.31,41100
BGCP,20120621,6.45,6.48,6.22,6.23,755100
BGFV,20120621,6.48,6.55,6.21,6.32,88700
BIB,20120621,12.9313,12.9638,12.43,12.4375,13000
BICK,20120621,22.63,22.63,21.93,21.93,32500
BIDU,20120621,117.32,117.69,113,113.08,4197500
BIIB,20120621,131.8755,132.161,128.0252,128.2187,1368600
BIOC,20120621,152.7,155.1,150,155.1,6100
BIOL,20120621,10.2,10.25,9.2,9.2,374500
BIS,20120621,82.24,83.92,82.24,83.92,7000
BJRI,20120621,39.16,39.39,38.2,38.4,313700
BKCC,20120621,9.62,9.74,9.5,9.6,317500
BKEP,20120621,6.99,7.1,6.75,6.76,11500
BKEPP,20120621,8.5,8.5,8.5,8.5,5000
BKSC,20120621,11.11,11.14,11.1,11.13,2000
BLDP,20120621,1.16,1.17,1.12,1.12,50600
BLIN,20120621,415,422.5,410,422.5,25200
BLKB,20120621,25.99,26.16,25.04,25.1,171500
BLRX,20120621,37.8,40.35,37.2,38.55,63500
BMRC,20120621,18.975,18.975,18.04,18.165,6900
BMRN,20120621,37.69,37.69,36.49,36.65,1028900
BMTC,20120621,20.69,20.69,20.25,20.35,25200
BNSO,20120621,1.08,1.08,1.08,1.08,0
BOKF,20120621,56.72,57,55.93,56,61200
BOLT,20120621,14.66,14.71,14.08,14.2,61700
BOOM,20120621,17.24,17.3,16.07,16.47,64300
BOSC,20120621,3.48,3.48,3.48,3.48,0
BOTJ,20120621,5.37,5.37,5.37,5.37,0
BPOP,20120621,15.5,15.79,15.15,15.23,2297900
BPOPM,20120621,20.76,20.88,20.76,20.88,600
BPOPN,20120621,21.75,21.8,21.75,21.8,1900
BRID,20120621,7.79,7.79,7.79,7.79,600
BRKL,20120621,8.83,8.86,8.65,8.65,197100
BRKR,20120621,15.04,15.24,13.48,13.5,1203800
BRKS,20120621,9.82,9.82,9.27,9.28,216000
BRLI,20120621,25.13,25.54,24.77,25.2,216000
BSET,20120621,10.43,10.48,10.21,10.44,76200
BSQR,20120621,2.92,3,2.92,2.97,22900
BSRR,20120621,9.31,9.34,9.2,9.26,19200
BUSE,20120621,4.78,4.78,4.57,4.6,173800
BWEN,20120621,2.6,3.5,2.6,3,3453900
BYFC,20120621,1.28,1.28,1.28,1.28,0
CAAS,20120621,4.15,4.2,4.08,4.15,29500
CAC,20120621,34.35,34.8,33.72,34,15600
CACC,20120621,84.97,84.97,82.65,83.61,21700
CAKE,20120621,31.31,31.31,30.5,30.63,769500
CALM,20120621,18.995,18.995,18.53,18.575,36400
CAMP,20120621,8.05,8.09,7.53,7.72,450100
CAMT,20120621,2.24,2.27,2.24,2.24,3100
CAR,20120621,14.81,14.97,14.51,14.6,2156800
CARV,20120621,3.1,3.1,3.1,3.1,700
CARZ,20120621,25.02,25.02,25.02,25.02,0
CASH,20120621,6.9333,6.9333,6.9333,6.9333,100
CASS,20120621,38.55,38.67,37,37,27800
CASY,20120621,54.46,54.82,53.24,53.61,364800
CATY,20120621,16.25,16.32,15.51,15.54,504900
CBAN,20120621,5.7,5.9,5.51,5.57,1600
CBNK,20120621,14.32,14.32,14.32,14.32,600
CBRL,20120621,60.18,60.57,58.87,59,178800
CBSH,20120621,38.05,38.2,37.15,37.19,331500
CCBG,20120621,6.8,6.8,6.52,6.58,27900
CCMP,20120621,30.47,30.49,28.94,29.03,112400
CCNE,20120621,15.5,15.5,15.04,15.23,15700
CCOI,20120621,18.63,18.74,18.5,18.74,401400
CCRN,20120621,4.28,4.28,4.05,4.07,105400
CCXI,20120621,13.46,13.8,12.05,12.89,9700
CDNS,20120621,10.82,10.84,10.52,10.53,3478400
CDXS,20120621,3.62,3.73,3.42,3.5,112900
CDZI,20120621,7.65,8,7.65,7.82,71000
CECE,20120621,8.07,8.15,7.49,7.72,75200
CEMI,20120621,4.66,4.8,4.66,4.75,5100
CENT,20120621,9.09,9.09,8.78,8.85,27100
CENTA,20120621,9.48,9.52,9.15,9.25,126300
CENX,20120621,7.56,7.56,7.07,7.17,1667900
CERE,20120621,83.92,84.4,74.56,75.44,6300
CERN,20120621,41.49,41.79,39.77,39.85,2648800
CERS,20120621,3.37,3.4,3.3,3.31,299500
CEVA,20120621,18.21,18.25,17.11,17.19,110600
CFBK,20120621,8.25,8.25,8.25,8.25,300
CFFI,20120621,37.6,37.7,36.7,37.7,19100
CFFN,20120621,11.86,11.86,11.73,11.76,911200
CG,20120621,21.91,22.03,21.51,21.8,168100
CGEN,20120621,3.44,3.55,3.42,3.49,62400
CGNX,20120621,8.06,8.1025,7.885,7.925,220100
CHCI,20120621,1.24,1.24,1.21,1.21,7300
CHCO,20120621,32.27,32.44,31.52,31.65,51000
CHDN,20120621,19.5833,19.7233,19.28,19.41,36700
CHEF,20120621,17.98,18.28,17.72,17.95,213900
CHKP,20120621,50.33,50.66,49.09,49.16,1837800
CHNR,20120621,4.84,4.84,4.43,4.43,1900
CHRW,20120621,59.48,59.64,57.81,57.83,1037300
CHSCP,20120621,30.32,30.64,30.25,30.5,9100
CHTR,20120621,69.55,69.97,67.29,67.44,253600
CIDM,20120621,13.7,13.8,13.4,13.4,26900
CINF,20120621,37.41,37.65,36.55,36.57,617300
CIZN,20120621,19.1,19.1,19.1,19.1,0
CJJD,20120621,1.03,1.06,1.02,1.03,41400
CLDX,20120621,66.9,69,66.6,67.2,509900
CLFD,20120621,4.4,4.53,4.4,4.49,6200
CLIR,20120621,6.6,6.65,6.12,6.19,16900
CLMT,20120621,23.3,23.55,22.9,23.1,162900
CLNE,20120621,14.95,14.95,13.97,14.05,1244600
CLRO,20120621,4,4.13,3.97,3.99,8300
CLSN,20120621,2.45,2.65,2.28,2.61,1246100
CLVS,20120621,21.21,21.74,20.18,20.49,44000
CLWT,20120621,2.6333,2.6333,2.56,2.6333,300
CMCO,20120621,14.94,14.94,14.38,14.42,66500
CMCSA,20120621,15.655,15.67,15.32,15.335,14262100
CME,20120621,55.506,55.998,54.314,54.314,348400
CMLS,20120621,23.84,24,22.8,23.2,266500
CMTL,20120621,29,29.03,28.32,28.42,127600
CNBKA,20120621,28.1,28.1,27.31,27.31,2800
CNET,20120621,0.7,0.75,0.69,0.7,4500
CNOB,20120621,10.58,10.9,10.5,10.5,19500
CNSL,20120621,14.4,14.4,14.15,14.23,170000
CNTY,20120621,2.63,2.73,2.63,2.64,12100
COCO,20120621,2.71,2.78,2.63,2.68,669700
COHR,20120621,44.24,44.24,41.77,42,120400
COHU,20120621,9.47,9.56,8.94,8.96,67300
COKE,20120621,63.63,63.63,62.12,62.43,16600
COLB,20120621,18.28,18.35,17.75,17.79,266000
COLM,20120621,26.5,26.665,26.17,26.4,174400
CONN,20120621,16.87,16.9,16,16.14,193400
COOL,20120621,76.44,76.44,71.82,73.5,247400
CORT,20120621,4.27,4.27,4.08,4.09,218500
COST,20120621,91.5,92.35,90.28,90.4,2631600
COWN,20120621,2.64,2.67,2.55,2.56,238500
CPHC,20120621,12.15,12.2,11.14,11.43,14400
CPIX,20120621,6.12,6.18,5.91,6.07,190200
CPLP,20120621,7.23,7.52,7.23,7.43,158100
CPRT,20120621,11.98,11.99,11.62,11.715,977300
CPRX,20120621,0.56,0.58,0.5,0.54,136200
CPSI,20120621,56.05,56.72,53.4,53.72,55300
CPSS,20120621,1.9,1.98,1.87,1.92,16000
CRAI,20120621,14.51,14.65,14.11,14.16,64100
CREG,20120621,118,118,113,114,3300
CRESW,20120621,0.06,0.06,0.06,0.06,2300
CRESY,20120621,7.55,7.59,7.3,7.34,105900
CRIS,20120621,24.4,24.75,24.3,24.7,548500
CRMT,20120621,38.92,38.92,37.18,37.47,49700
CRNT,20120621,8.96,8.96,8.56,8.58,21200
CROX,20120621,16.13,16.13,15.61,15.67,1052800
CRTX,20120621,5.96,5.99,5.79,5.88,31100
CRUS,20120621,30.35,30.35,28.44,28.52,3025700
CRVL,20120621,23.075,23.075,22.13,22.255,91500
CRWS,20120621,5.51,5.55,5.33,5.5,25500
CSCO,20120621,17.51,17.55,16.87,16.92,44128700
CSGP,20120621,77.86,78.16,76.6,77.16,280200
CSGS,20120621,16.61,16.76,16.54,16.69,737900
CSII,20120621,9.27,9.35,8.96,9.04,35000
CSIQ,20120621,3.8,3.81,3.55,3.57,233200
CSOD,20120621,22.49,22.49,21.19,21.22,296800
CSPI,20120621,4.07,4.09,4.07,4.09,2000
CSTE,20120621,11.94,12.17,11.93,12.15,22600
CSTR,20120621,65.94,66.32,64.31,64.57,818200
CSWC,20120621,26.14,26.25,25.77,25.8525,11100
CSX,20120621,22.53,22.58,22,22.1,7548400
CTAS,20120621,37.42,37.46,36.55,36.65,344400
CTBI,20120621,33.04,33.04,32.61,32.84,70000
CTHR,20120621,3.82,3.89,3.8,3.87,13700
CTIB,20120621,4.97,4.97,4.86,4.86,5200
CTIC,20120621,35.5,35.5,33.5,33.5,2255900
CTRN,20120621,16.08,16.41,15.95,16.19,168800
CTSH,20120621,30.225,30.365,28.955,28.985,2531800
CTXS,20120621,64.6019,64.6019,62.0223,62.1417,2094200
CUBA,20120621,6.89,7,6.89,6.9,3800
CUTR,20120621,7.01,7.1,6.83,6.97,16400
CVBF,20120621,11.06,11.12,10.8,10.81,359300
CVCO,20120621,49.5,49.89,46.03,46.13,18700
CVCY,20120621,7.08,7.08,7.08,7.08,100
CVGI,20120621,8.72,8.79,8.23,8.34,244600
CVGW,20120621,24.65,24.72,23.85,24,46000
CVLT,20120621,45.86,45.86,43.98,44.23,243700
CVLY,20120621,13.65,13.65,13.65,13.65,0
CVV,20120621,13.06,13.06,12.36,12.4,27100
CWBC,20120621,2.33,2.5,2.22,2.22,9800
CWCO,20120621,8.08,8.13,7.94,7.95,35100
CWST,20120621,5.4,5.46,5.15,5.23,91400
CXDC,20120621,4.9,4.9,4.72,4.74,42200
CYAN,20120621,7.9,8.07,7.02,7.21,120900
CYBE,20120621,7.91,7.99,7.89,7.96,1900
CYCC,20120621,840,840,772.8,772.8,37100
CYCCP,20120621,2.5,2.5,2.5,2.5,0
CYTK,20120621,4.5,4.5,3.6,3.84,1758500
CZNC,20120621,17.91,18.2,17.86,18,22100
CZR,20120621,12.05,12.1,11.55,11.69,165200
CZWI,20120621,5.6,5.66,5.6,5.63,20000
DAIO,20120621,2.95,2.96,2.95,2.95,11100
DAKT,20120621,6.68,6.68,6.45,6.49,92900
DCOM,20120621,13.85,13.94,13.42,13.44,98700
DCTH,20120621,376.32,386.56,360.96,360.96,890100
DENN,20120621,4.34,4.37,4.22,4.23,392700
DGICA,20120621,14.15,14.25,13.27,13.34,16600
DGII,20120621,9.9,9.92,9.38,9.39,59600
DGLY,20120621,0.39,0.4,0.39,0.39,8400
DHIL,20120621,74.38,74.38,72.98,73.58,17100
DIOD,20120621,19.66,19.76,18.35,18.74,771000
DISCA,20120621,52.63,53.12,52.07,52.48,1845800
DISCB,20120621,52.47,52.54,52.47,52.54,2300
DISCK,20120621,24.88,25.08,24.625,24.76,807400
DISH,20120621,28.45,28.55,27.74,27.85,1149700
DJCO,20120621,93,93.43,86.35,93.43,2000
DLTR,20120621,55.81,55.93,53.77,54.13,1408700
DMLP,20120621,21.8,21.8,21.29,21.58,33400
DMRC,20120621,25.43,25.46,24.2,24.25,37700
DORM,20120621,23,23.17,22.81,23.1,201000
DRIV,20120621,15.19,15.27,14.44,14.45,278400
DRRX,20120621,0.82,0.87,0.81,0.82,487900
DSGX,20120621,8.59,8.59,8.39,8.57,11200
DSPG,20120621,6.09,6.31,6.02,6.11,82500
DSWL,20120621,2.67,2.67,2.62,2.62,6400
DVAX,20120621,42,43,41.1,42,2464400
DWSN,20120621,23.02,23.02,21.42,21.44,49200
DXCM,20120621,13.03,13.15,12.52,12.63,568100
DXPE,20120621,44.83,45.18,43.22,43.4,73800
DXYN,20120621,3.55,3.65,3.55,3.65,2300
DYNT,20120621,2.7,2.7,2.5,2.5,3000
EA,20120621,12.66,12.68,11.98,12,4727700
EAC,20120621,7.66,7.66,6.77,7.17,11600
EBAY,20120621,18.1179,18.1853,17.5411,17.6126,13123100
EBIX,20120621,17.78,17.78,17.03,17.3,233200
EBMT,20120621,10.05,10.05,10.05,10.05,0
EBSB,20120621,5.4412,5.6699,5.4126,5.4493,10100
EBTC,20120621,16.08,16.34,15.85,15.85,4200
ECHO,20120621,18.42,18.65,17.91,18.45,131800
ECOL,20120621,18.72,18.72,17.9,18.22,75500
ECPG,20120621,28.69,28.89,28.25,28.43,178400
EDAP,20120621,1.91,1.91,1.85,1.9,48400
EDUC,20120621,2.15,2.17,2.15,2.17,200
EEFT,20120621,16.26,16.62,15.91,15.99,465300
EEMA,20120621,49.47,49.61,49,49.05,1500
EFSC,20120621,10.92,10.99,10.68,10.75,34200
EGAN,20120621,4.51,4.57,4.29,4.36,11000
EGBN,20120621,15.71,15.78,15.38,15.45,39300
EGLE,20120621,9198,11264.4,9198,9853.2,1421000
EHTH,20120621,15.6,15.67,15.14,15.2,99100
ELSE,20120621,4.13,4.13,4.13,4.13,0
ELTK,20120621,1.29,1.29,1.27,1.28,22800
EMCB,20120621,75.07,75.11,75.07,75.07,2700
EMCF,20120621,19.47,19.47,19.47,19.47,200
EMIF,20120621,31.19,31.19,30.51,30.51,4300
EMKR,20120621,3.76,3.78,3.55,3.6,346400
EML,20120621,19.92,19.92,18.2,19.23,31200
ENDP,20120621,30.86,30.86,30.26,30.41,1547400
ENG,20120621,1.48,1.48,1.45,1.45,1800
ENPH,20120621,6.82,6.82,6.52,6.6,75400
ENSG,20120621,14,14,13.465,13.5,70500
ENTG,20120621,8.15,8.21,7.77,7.8,598600
ENVI,20120621,7.3,7.41,6.83,6.9,157700
EPAY,20120621,19.05,19.05,18.55,18.77,398800
EQIX,20120621,172.08,173.15,166.02,167.75,1170700
ERIC,20120621,9.21,9.22,8.78,8.79,3597800
ERIE,20120621,70.64,70.88,69.33,69.37,56600
ERII,20120621,2.47,2.5,2.43,2.44,164200
ESBK,20120621,19.5,19.5,19.5,19.5,700
ESCA,20120621,5.32,5.5,5.27,5.5,6500
ESEA,20120621,9.36,9.68,9.04,9.2,229800
ESGR,20120621,100.55,100.55,96.41,97.11,15000
ESLT,20120621,33.75,34.55,33.51,33.8,3600
ESSA,20120621,10.45,10.47,10.17,10.33,38700
EUFN,20120621,15.35,15.42,14.87,14.9,11000
EVK,20120621,1.59,1.59,1.51,1.51,200
EVOL,20120621,5.44,5.51,5.35,5.5,13500
EWBC,20120621,22.7,22.87,22.14,22.16,858800
EXAS,20120621,10.72,10.86,10.21,10.27,420300
EXEL,20120621,5.23,5.32,5.11,5.2,1412700
EXLS,20120621,23.35,24.25,23.02,23.32,544700
EXPD,20120621,40.01,40.18,38.61,38.67,1045000
EXPE,20120621,48.14,48.81,47.58,47.83,3601700
EXPO,20120621,12.565,12.565,12.2225,12.245,32700
EXTR,20120621,3.57,3.6,3.39,3.39,364600
EZPW,20120621,22.63,22.9,22.11,22.42,312400
FARM,20120621,7.54,7.66,7.31,7.36,27900
FARO,20120621,44.35,44.82,43.73,43.76,143400
FAST,20120621,20.275,20.38,19.425,19.455,1939800
FB,20120621,31.67,32.5,31.51,31.84,21875200
FBIZ,20120621,22,22,22,22,0
FBMS,20120621,9,9,9,9,500
FBNC,20120621,8.83,8.86,8.51,8.56,52000
FCAL,20120621,7.03,7.09,6.9,7,300900
FCAP,20120621,20.1,20.1,20.1,20.1,0
FCBC,20120621,13.35,13.49,13.03,13.16,39900
FCCO,20120621,7.75,7.75,7.75,7.75,600
FCCY,20120621,8.74,8.74,8.74,8.74,0
FCEL,20120621,149.76,154.08,149.76,151.2,953000
FCFS,20120621,38.59,38.59,37.48,37.78,195700
FCNCA,20120621,166.16,171.85,163.05,163.87,22300
FDUS,20120621,14.45,14.61,14.38,14.46,58200
FEIM,20120621,7.51,8.08,7.51,8,3100
FELE,20120621,24.935,25.04,24.095,24.235,65700
FFBC,20120621,15.84,15.89,15.27,15.35,206500
FFHL,20120621,1.21,1.3,1.14,1.27,6100
FFIC,20120621,13.15,13.26,12.98,13.1,102000
FFIN,20120621,8.15,8.23,7.955,7.98,64500
FFIV,20120621,100.84,101.12,95.25,95.49,2245100
FFNW,20120621,8.01,8.11,7.95,8.11,51000
FIBK,20120621,14.12,14.25,13.91,14,46200
FISI,20120621,16.45,16.51,15.77,15.83,27500
FISV,20120621,17.78,17.785,17.2175,17.2175,709500
FITB,20120621,13.18,13.25,12.95,13.04,17509500
FITBP,20120621,134.8,134.9,134.78,134.9,1100
FIZZ,20120621,14.61,14.61,14.13,14.17,25000
FLDM,20120621,14.58,14.94,14.46,14.55,87600
FLEX,20120621,6.61,6.62,6.27,6.29,4637400
FLIC,20120621,18.42,18.66,18.3,18.5533,29000
FLWS,20120621,3.35,3.36,3.16,3.17,78500
FLXS,20120621,19.92,20.09,19.82,20.03,33500
FMBI,20120621,10.5,10.56,10.21,10.21,241800
FMNB,20120621,6.77,6.85,6.61,6.85,149100
FNLC,20120621,16.04,16.15,15.8,16.02,17700
FOLD,20120621,5.22,5.56,5.09,5.1,177100
FONR,20120621,4.04,4.1,3.95,4.01,63100
FORD,20120621,1.77,1.77,1.72,1.76,9300
FORM,20120621,6.47,6.47,6.18,6.22,302200
FORR,20120621,32.97,32.97,32.28,32.5,41000
FORTY,20120621,16.59,16.59,16.14,16.14,3700
FOSL,20120621,76.65,77.37,75.5,75.75,2510000
FRBK,20120621,1.99,1.99,1.91,1.91,8100
FREE,20120621,21600000,26700000,21600000,22200000,159700
FRGI,20120621,13.03,13.03,12.67,12.75,87400
FRME,20120621,12.08,12.2,11.77,11.82,70100
FSFG,20120621,17.75,17.78,17.75,17.77,500
FSII,20120621,3.63,3.69,3.57,3.58,517100
FSLR,20120621,15,15.34,14.52,14.54,5843100
FSTR,20120621,27.75,27.75,26.66,26.92,19900
FTEK,20120621,4.97,5.06,4.71,4.74,252800
FTNT,20120621,22.57,22.74,21.83,21.94,1430900
FULT,20120621,9.94,10.07,9.7,9.7,649900
FUNC,20120621,4.99,4.99,4.52,4.52,700
FUND,20120621,6.35,6.35,6.14,6.23,37700
FWRD,20120621,33.2,33.2,32.58,32.85,111600
GABC,20120621,13.1733,13.1733,12.4533,12.5333,21800
GAIA,20120621,4.2,4.24,3.92,3.94,2600
GAIN,20120621,7.43,7.43,7.2,7.22,51600
GALT,20120621,2.1,2.15,2.07,2.14,9500
GAME,20120621,4.15,4.2,4.03,4.03,312100
GASS,20120621,5.8,5.87,5.6,5.79,18700
GBCI,20120621,14.98,15.08,14.52,14.54,372000
GBDC,20120621,14.98,15.05,14.64,14.74,63100
GBLI,20120621,19.6,19.72,19.08,19.16,38200
GCBC,20120621,9.36,9.36,9.33,9.33,200
GENC,20120621,4.6667,4.6667,4.66,4.66,200
GENE,20120621,74,76.6,70.6,76.6,154400
GERN,20120621,1.46,1.48,1.45,1.47,433800
GEVO,20120621,46500,47220,43620,44820,556500
GFED,20120621,8.17,8.17,8.17,8.17,0
GGAL,20120621,4.51,4.64,4.34,4.34,321900
GIFI,20120621,26.7,26.83,25.12,25.62,36000
GIGM,20120621,5.95,6,5.75,5.95,14200
GIII,20120621,12.525,12.54,12.195,12.25,152500
GILD,20120621,25.48,25.665,24.92,24.96,5029300
GILT,20120621,3.18,3.32,3.11,3.11,16300
GLAD,20120621,7.87,7.95,7.85,7.88,81500
GLBS,20120621,11960,11960,11600,11960,19600
GLBZ,20120621,11.39,11.39,11.39,11.39,200
GLDD,20120621,6.6,6.68,6.4,6.4,157800
GLNG,20120621,35.7,35.86,34.38,34.7,671600
GLRE,20120621,26,26,25.41,25.48,142500
GNMA,20120621,50.5,50.55,50.5,50.51,500
GNOM,20120621,2.08,2.09,1.88,1.91,810400
GNTX,20120621,10.8,10.815,10.28,10.31,774600
GOOD,20120621,16.57,16.57,16.3,16.47,24500
GOODN,20120621,25.6,25.6,25.5,25.5,3700
GOODO,20120621,25,25.03,25,25,800
GOOG,20120621,289.92,289.92,281.865,282.605,2011300
GPRE,20120621,7.26,7.26,6.89,6.92,267000
GPRO,20120621,82.1,82.16,81.98,82.01,1418300
GRFS,20120621,8.95,9.05,8.86,8.88,353300
GRID,20120621,25.81,25.81,25.4,25.4,300
GRMN,20120621,38.33,38.35,37.36,37.4,1015500
GROW,20120621,4.6,4.66,4.55,4.64,23800
GRPN,20120621,215.2,215.6,207.2,210,4396800
GRVY,20120621,7.52,7.64,6.96,6.96,17300
GSBC,20120621,25.39,25.45,24.58,24.78,31300
GSIT,20120621,4.85,4.85,4.65,4.66,61700
GSM,20120621,12.95,13.04,12.54,12.63,565300
GT,20120621,11.73,11.78,11.13,11.21,6707500
GTIM,20120621,2.48,2.48,2.26,2.34,12100
GURE,20120621,6.15,6.25,6,6.05,127900
GYRO,20120621,113.98,113.98,111.11,113.33,4600
HA,20120621,6.33,6.56,6.18,6.27,995400
HAFC,20120621,10.14,10.14,9.73,9.8,119100
HAIN,20120621,26.815,26.815,25.825,25.885,623200
HALL,20120621,8.07,8.07,7.73,7.76,18900
HALO,20120621,8.99,9.05,8.87,8.93,623600
HAS,20120621,34.74,34.9,33.84,33.95,1470400
HAYN,20120621,51.13,51.16,48.21,48.88,60000
HBAN,20120621,6.3,6.35,6.2,6.22,10598000
HBANP,20120621,1150,1151.03,1150,1151,200
HBCP,20120621,16.98,17.1,16.43,16.86,40300
HBIO,20120621,3.66,3.7,3.46,3.5,176600
HBNC,20120621,7.5259,7.6741,7.363,7.6652,18200
HCCI,20120621,17.97,18.14,17.72,17.83,30900
HCII,20120621,16.14,16.25,15.2,15.64,240100
HCIIW,20120621,3.6,3.61,3.45,3.45,19100
HCKT,20120621,5.23,5.29,4.94,4.98,105700
HCSG,20120621,19,19,18.75,18.8,581000
HDSN,20120621,3.72,3.82,3.53,3.62,62100
HEES,20120621,15.42,15.42,14.19,14.32,179600
HELE,20120621,32.07,32.21,31.2,31.31,159000
HERO,20120621,3.56,3.58,3.26,3.3,4778300
HFBL,20120621,14.13,14.13,14.13,14.13,100
HFWA,20120621,14.16,14.16,13.52,13.59,25700
HGSH,20120621,1.16,1.16,1.1,1.1,4800
HIBB,20120621,57.68,57.85,55.31,56.28,393000
HIFS,20120621,60.56,61,60.05,60.61,3800
HIHO,20120621,1.51,1.51,1.51,1.51,1100
HIMX,20120621,1.88,1.91,1.84,1.85,101500
HLIT,20120621,4.29,4.3,4.11,4.11,446600
HMNF,20120621,3.2,3.2,3.2,3.2,0
HMST,20120621,15.975,16.2,15.975,16.05,5600
HNRG,20120621,7.92,8,7.52,7.87,16900
HOFT,20120621,11.37,11.63,11.27,11.35,57000
HOLI,20120621,8.29,8.42,7.91,7.97,140800
HOLX,20120621,18.08,18.13,17.33,17.33,4816300
HOMB,20120621,7.34,7.34,7.1,7.1175,43400
HOVNP,20120621,5.05,5.1,4.75,4.99,8900
HRZN,20120621,16.38,16.4,15.88,16.11,44800
HSIC,20120621,78,78.46,76.01,76.39,708400
HSII,20120621,16.74,16.95,16.3,16.39,80000
HSKA,20120621,11.84,11.98,11.2,11.4,14900
HSON,20120621,37,37.7,35,35.5,48900
HSTM,20120621,23.25,23.36,22.47,22.55,114500
HTBK,20120621,6.06,6.08,5.95,5.96,70400
HTHT,20120621,2.8725,2.905,2.8025,2.825,46000
HTLD,20120621,14.38,14.43,13.96,13.97,299700
HTLF,20120621,22.54,22.82,22.12,22.3,26900
HUBG,20120621,36.11,36.3,34.99,35.13,143100
HURC,20120621,20.19,20.19,19.71,19.72,18800
HURN,20120621,29.64,29.66,28.94,29.29,92900
HWBK,20120621,9.2,9.2,9.06,9.2,3600
HWKN,20120621,35.89,35.89,33.47,33.71,20300
HZNP,20120621,4.75,5,4.7,4.99,832100
IART,20120621,18.46,18.585,18.04,18.06,112500
IBB,20120621,128.5,128.72,126.16,126.59,872900
IBCP,20120621,2.56,2.58,2.5,2.5,32200
IBKR,20120621,14.66,14.66,14.39,14.42,383600
IBOC,20120621,20.18,20.27,19.36,19.4,219900
ICAD,20120621,0.5,0.51,0.5,0.5,58100
ICCC,20120621,5.76,5.76,5.75,5.75,200
ICFI,20120621,22.94,22.94,22.41,22.57,51500
ICLN,20120621,7.22,7.23,7.08,7.1,19800
ICLR,20120621,22.61,22.73,21.95,21.97,88700
ICUI,20120621,52.63,52.92,51.24,51.36,51700
IDCC,20120621,27.67,28.08,26.81,26.84,861500
IDRA,20120621,8.48,8.64,8.16,8.64,5600
IDXX,20120621,47.37,47.975,45.715,45.77,546000
IEP,20120621,41.45,41.45,40.42,40.75,900
IESC,20120621,2.94,3.07,2.94,3.07,200
IFGL,20120621,27.77,27.77,27.19,27.19,44600
IGOV,20120621,97.84,97.84,97.09,97.09,59600
III,20120621,1.32,1.36,1.28,1.3,12100
IIN,20120621,6.89,6.89,6.89,6.89,0
IIVI,20120621,16.96,17.09,16.67,16.7,344000
IKNX,20120621,7.75,7.75,7.75,7.75,0
ILMN,20120621,41.21,41.48,38.66,38.91,1169500
IMGN,20120621,15.3,15.46,14.92,14.95,440700
IMKTA,20120621,16.07,16.19,15.61,15.72,29300
IMMR,20120621,7.04,7.04,6.41,6.68,196100
IMOS,20120621,11.63,11.63,10.85,10.92,114800
INCY,20120621,23,23.47,22.47,22.79,2302300
INDB,20120621,28.18,28.4,27.4,27.59,46500
INDY,20120621,20.97,20.97,20.38,20.38,54700
INFI,20120621,12.94,13.31,12.9,12.99,145700
INFN,20120621,7.05,7.06,6.7,6.72,530400
INMD,20120621,13.8,13.8,13.74,13.79,71400
INOD,20120621,6.85,7,6.61,6.94,219600
INSM,20120621,3.16,3.17,3,3,200200
INTC,20120621,27.51,27.59,26.61,26.71,47574600
INTG,20120621,20.4,21.48,20.4,21.1,1200
INTU,20120621,58.82,58.92,56.84,56.89,1987700
INVE,20120621,10.5,10.7,9.9,9.9,412600
IOSP,20120621,27.8,27.8,26.73,26.94,134300
IPAR,20120621,17.09,17.09,16.32,16.52,42500
IPGP,20120621,45.04,45.07,42.74,42.96,671000
IRBT,20120621,21.72,21.9,20.93,21.1,337700
IRDM,20120621,8.9,8.92,8.63,8.73,567500
IRIX,20120621,3.52,3.52,3.52,3.52,0
IROQ,20120621,13,13,12.5,12.5,3200
IRWD,20120621,14.13,14.34,13.96,14.21,836700
ISBC,20120621,5.8039,5.8235,5.6863,5.6902,136500
ISHG,20120621,94.67,94.67,93.91,93.91,4100
ISIG,20120621,1.91,1.94,1.87,1.93,1900
ISLE,20120621,5.25,5.37,5.02,5.08,71700
ISRG,20120621,550.31,556.77,536.83,537.03,269400
ISSC,20120621,3.53,3.57,3.32,3.32,10600
ITIC,20120621,54.47,55,53.26,54.66,11500
ITRI,20120621,40.3,40.31,38.2,38.53,479300
ITRN,20120621,11.31,11.31,11.2,11.29,7900
IVAC,20120621,8,8,7.51,7.55,74200
JACK,20120621,26.36,26.44,25.83,25.87,439200
JAKK,20120621,182.4,182.7,180.1,180.1,231200
JAZZ,20120621,46.57,46.87,44.71,45.06,956200
JBHT,20120621,59.19,59.43,57.5,57.67,1185900
JBLU,20120621,5.32,5.41,5.26,5.28,4144300
JBSS,20120621,15.82,15.85,15.25,15.51,39300
JCS,20120621,10.82,10.9,10.72,10.74,49200
JCTCF,20120621,2.2225,2.25,2.2225,2.25,300
JJSF,20120621,58.02,58.02,56.91,57.69,74700
JKHY,20120621,34.09,34.14,33.09,33.13,694400
JOBS,20120621,23.72,23.935,22.525,22.675,71900
JOUT,20120621,17.61,18.16,17.32,17.61,34800
JRJC,20120621,14.3,14.3,13.7,13.8,19000
JSM,20120621,21.05,21.44,20.77,20.94,67300
JVA,20120621,6.4,6.47,5.97,6.05,209600
KALU,20120621,50.14,50.14,48.13,48.36,110000
KELYA,20120621,13.33,13.33,12.65,12.74,109900
KELYB,20120621,13.49,13.49,13.05,13.05,200
KEQU,20120621,8.05,8.13,7.9,7.92,5500
KFFB,20120621,8.01,8.01,8.01,8.01,0
KFRC,20120621,13.21,13.21,12.63,12.8,98300
KINS,20120621,4.88,4.9,4.8,4.9,4500
KIRK,20120621,12.05,12.11,11.55,11.72,106000
KLAC,20120621,49.56,49.8,48.24,48.42,2086700
KLIC,20120621,9.49,9.6,9.12,9.16,1368300
KNDI,20120621,2.75,2.88,2.69,2.71,68800
KOPN,20120621,3.24,3.24,3.13,3.14,132400
KOSS,20120621,5.43,5.43,5.28,5.28,1300
KRNY,20120621,9.6,9.73,9.4,9.48,36500
KTCC,20120621,8.97,8.97,8.32,8.43,142800
KTOS,20120621,5.7,5.79,5.48,5.5,177600
KVHI,20120621,10.74,11,10.25,10.25,40000
LAKE,20120621,6.54,6.75,6.54,6.64,10500
LAMR,20120621,28.65,28.65,27.94,27.99,965400
LANC,20120621,69.06,69.15,67.56,67.7,73600
LARK,20120621,20,20,20,20,0
LAWS,20120621,9.12,9.12,8.61,8.81,30000
LBAI,20120621,9.92,10.03,9.58,9.84,66900
LBTYA,20120621,24.8084,24.9923,24.4813,24.4967,607700
LBTYB,20120621,48.51,48.51,48.51,48.51,100
LBTYK,20120621,46.83,47.21,46.28,46.31,321300
LCNB,20120621,13.25,13.3,13.25,13.3,700
LCUT,20120621,12.55,12.73,11.96,12.2,18100
LECO,20120621,44.07,44.31,41.81,42.09,786500
LEDS,20120621,2.71,2.8,2.6,2.69,20800
LFUS,20120621,57.22,57.56,55.89,56.11,142600
LGND,20120621,15.46,17.27,15.31,16.49,1441100
LHCG,20120621,16.94,17.07,16.65,16.68,85300
LIFE,20120621,613.9,621.88,590.8,591.22,1714700
LINC,20120621,6.1,6.12,5.88,5.89,109600
LIVE,20120621,2.4533,2.4533,2.17,2.3767,62200
LKFN,20120621,17.22,17.22,16.9067,17.0067,33800
LKQ,20120621,18.405,18.445,17.65,17.805,699300
LLNW,20120621,2.81,2.83,2.7,2.73,625300
LMAT,20120621,5.25,5.5,5.25,5.5,2500
LMNR,20120621,14.62,14.83,14.36,14.71,32300
LNDC,20120621,7.75,7.77,7.18,7.27,83100
LOAN,20120621,1.03,1.03,1.03,1.03,100
LOGI,20120621,10.67,10.79,10.43,10.48,339200
LOPE,20120621,19.1,19.11,18.72,18.86,243000
LORL,20120621,58.92,58.92,57.26,57.48,88900
LPLA,20120621,33.8,34.02,32.84,33.44,403700
LPSN,20120621,17.54,17.65,16.67,16.68,511400
LPTH,20120621,1.03,1.04,1.03,1.04,3800
LQDT,20120621,51.01,51.48,47.83,48.51,1880500
LRCX,20120621,38.5,38.99,37.75,37.8,3319300
LSBK,20120621,10.25,10.29,10.25,10.29,400
LSCC,20120621,3.74,3.77,3.65,3.72,1884700
LSTR,20120621,52.27,52.35,50.34,50.55,290500
LTBR,20120621,121.2,124.8,121.2,123,19900
LTRX,20120621,2.04,2.05,1.93,1.93,6400
LULU,20120621,64.5,64.8,62.91,63.2,2915500
LUNA,20120621,1.53,1.54,1.53,1.53,2200
LWAY,20120621,9.59,9.75,9.47,9.59,8800
LXRX,20120621,13.3,13.44,13.02,13.23,524300
LYTS,20120621,6.78,6.81,6.44,6.48,60600
MACK,20120621,7.18,7.18,6.95,7.1,99300
MANH,20120621,11.305,11.3575,11.045,11.075,119000
MANT,20120621,23.21,23.26,22.36,22.42,190000
MARK,20120621,2.44,2.85,2.44,2.45,16700
MARPS,20120621,22.31,23.24,22.31,23.16,3000
MASI,20120621,21.89,21.89,20.62,20.87,425200
MAT,20120621,32.6,32.74,31.94,32.02,1555400
MATW,20120621,32.1,32.1,30.89,30.94,136200
MAYS,20120621,19.35,19.35,18.5,18.5,600
MBWM,20120621,17.87,17.98,17.26,17.93,61600
MCBC,20120621,3.21,3.3,3.18,3.18,1700
MCHP,20120621,33.2,33.29,32.38,32.51,2044500
MCHX,20120621,3.53,3.53,3.39,3.45,132900
MCRI,20120621,8.77,8.77,8.42,8.69,48900
MDRX,20120621,10.61,10.64,10.03,10.09,4792100
MELI,20120621,70.91,71.42,68.78,69.49,481800
MEOH,20120621,29.36,29.48,28.04,28.11,352900
MERC,20120621,6.09,6.09,5.74,5.8,51700
MGEE,20120621,30.9667,31.2133,30.7067,30.7333,50200
MGIC,20120621,5.93,5.93,5.71,5.75,70700
MGLN,20120621,43,43.51,42.75,42.93,182600
MGPI,20120621,3.52,3.58,3.26,3.27,59800
MGRC,20120621,25.5,25.5,23.74,23.92,212800
MGYR,20120621,4.02,4.45,4.02,4.45,600
MHLD,20120621,8.66,8.69,8.41,8.43,124500
MIDD,20120621,33.1667,33.32,32.41,32.5433,109000
MIND,20120621,17.89,17.89,16.81,16.95,281200
MITK,20120621,4.3,4.75,4.15,4.24,2377700
MKSI,20120621,28.14,28.24,27.09,27.14,232300
MKTX,20120621,28.05,28.08,27.04,27.14,401900
MLAB,20120621,45.32,45.98,44.94,45.53,15600
MLHR,20120621,17.11,17.4,16.88,16.93,295800
MLVF,20120621,8.2,8.2,8.2,8.2,4000
MMLP,20120621,31.14,31.77,30.95,30.99,71400
MMSI,20120621,13.18,13.18,12.75,12.89,166500
MMYT,20120621,15.9,16.42,15.74,16.07,145600
MNDO,20120621,1.76,1.76,1.69,1.74,8900
MNKD,20120621,10.2,11.25,10.15,10.25,5099900
MNOV,20120621,1.71,1.73,1.65,1.65,10700
MNRO,20120621,32.93,33.12,32.46,32.65,292300
MNST,20120621,25.2567,25.3833,24.89,24.9133,1491600
MNTX,20120621,8.56,8.64,7.51,7.6,229400
MOFG,20120621,21.95,22,21.25,21.88,37900
MORN,20120621,58.3,58.58,57.64,57.64,77400
MOSY,20120621,622,636,602,628,66100
MOVE,20120621,9.09,9.22,8.67,8.7,204600
MPAA,20120621,4.17,4.22,4.09,4.14,150100
MPAC,20120621,5.2,5.26,5.01,5.05,12000
MPB,20120621,10.48,11.5,10.48,10.95,900
MPWR,20120621,20.42,20.42,19.71,19.79,196800
MRCY,20120621,13.19,13.37,12.57,12.63,76300
MRLN,20120621,15.39,15.64,15.17,15.33,30300
MRTN,20120621,9.8755,9.8978,9.6445,9.68,116900
MRVL,20120621,11.96,12,11.36,11.4,9567300
MSEX,20120621,18.6,18.61,18.18,18.21,25800
MSFT,20120621,30.96,31.14,30.06,30.14,48461200
MSON,20120621,2.24,2.25,2.17,2.23,2100
MSTR,20120621,129.32,129.97,123.85,124.6,131300
MTEX,20120621,6.15,6.55,6.1,6.55,4900
MTRX,20120621,10.88,10.98,10.28,10.34,65300
MTSI,20120621,17.67,17.74,15.94,17.5,180200
MU,20120621,5.92,5.97,5.61,5.64,51272100
MVIS,20120621,2.08,2.08,1.85,1.91,877000
MYGN,20120621,22.97,23.09,22.41,22.46,730900
MYRG,20120621,16.75,16.84,15.89,16.1,123300
NAII,20120621,7.66,7.66,7.52,7.52,4400
NATH,20120621,28.01,29.15,28.01,28.96,15100
NATI,20120621,27.13,27.22,26.23,26.31,277000
NATR,20120621,14.58,14.9,13.5,13.7,41800
NBIX,20120621,7.53,7.72,7.47,7.64,668000
NBN,20120621,8.51,8.51,8.38,8.47,10200
NBTB,20120621,20.92,21.05,20.38,20.5,89300
NCMI,20120621,14.25,14.25,13.78,13.94,189400
NCTY,20120621,183.6,189,180.3,184.5,15900
NDAQ,20120621,22.34,22.36,21.51,21.55,1632900
NDSN,20120621,53.19,53.33,50.72,50.8,204900
NECB,20120621,5.57,5.57,5.5,5.5,700
NEOG,20120621,21.855,21.92,21.435,21.805,140500
NEON,20120621,65.4,65.8,60.5,62.1,446700
NEPT,20120621,4.15,4.25,3.95,4.07,560100
NEWT,20120621,5.9,5.9,5.85,5.85,3400
NFBK,20120621,13.24,13.33,13.06,13.14,40200
NFLX,20120621,9.7514,9.7771,9.3929,9.4057,2527900
NICE,20120621,37.23,37.52,36.99,37.1,94100
NICK,20120621,12.5,12.78,12.5,12.61,16200
NKSH,20120621,29.8,29.96,29.39,29.45,8600
NKTR,20120621,7.86,7.94,7.73,7.81,931100
NNBR,20120621,9.49,9.58,9.3,9.36,149700
NRIM,20120621,21.47,21.8,21.11,21.49,34400
NSEC,20120621,8.16,8.16,8.16,8.16,500
NSIT,20120621,15.45,15.46,15.03,15.14,152200
NSSC,20120621,2.97,2.98,2.86,2.86,24000
NSYS,20120621,3.8,3.8,3.73,3.75,2100
NTAP,20120621,30.94,31.13,29.5,29.55,7497800
NTCT,20120621,21.65,21.65,21.08,21.1,266800
NTES,20120621,12.644,12.736,12.212,12.25,540700
NTGR,20120621,32.44,32.64,30.73,31.13,329900
NTIC,20120621,5.47,5.63,5.47,5.63,800
NTRS,20120621,44.61,44.82,43.27,43.29,1265600
NTWK,20120621,4.6,4.6,4.5,4.5,150000
NUAN,20120621,22.75,22.82,22.03,22.14,4188700
NURO,20120621,119.04,122.88,117.12,119.04,77600
NUVA,20120621,23.43,23.75,22.36,22.42,946200
NVAX,20120621,25.8,26,25.2,26,416700
NVDA,20120621,3.36,3.36,3.2025,3.21,12912300
NVEC,20120621,52.21,52.43,51.33,51.5,8900
NVMI,20120621,8.53,8.61,8.33,8.38,78500
NWBI,20120621,11.36,11.37,11.2,11.33,580900
NWFL,20120621,26.76,27.5,26.76,27.5,800
NWLI,20120621,138.98,138.99,137.01,137.95,8500
NWPX,20120621,23.98,24.14,23.53,23.64,49600
NWS,20120621,20.67,20.85,20.4,20.42,3942400
NWSA,20120621,20.49,20.61,20.13,20.16,12999700
NXPI,20120621,21.41,21.43,20.14,20.2,1266800
NXST,20120621,7.06,7.06,6.6,6.72,38500
NYMT,20120621,6.85,6.9,6.73,6.87,357900
NYMX,20120621,7.08,7.22,6.63,6.73,176300
OBAS,20120621,6.15,6.15,6.15,6.15,0
OBCI,20120621,2.52,2.53,2.43,2.43,13300
OCC,20120621,4.34,4.49,4.2,4.49,19300
OCFC,20120621,14.31,14.36,14.05,14.11,36800
ODFL,20120621,29.0667,29.1867,28.0333,28.1867,414000
OFED,20120621,12.61,12.61,12.61,12.61,0
OFIX,20120621,40.27,40.44,38.53,38.9,99600
OFLX,20120621,11.73,11.94,11.61,11.62,2300
OIIM,20120621,4.35,4.44,4.27,4.37,42800
OMAB,20120621,15.05,15.25,14.95,15.25,27800
OMCL,20120621,14.5,14.55,14.24,14.27,216900
OMER,20120621,12.91,13.2,12.71,12.99,240800
OMEX,20120621,43.44,43.44,42,42.48,657800
ONCY,20120621,3.31,3.33,3.08,3.14,272900
ONEQ,20120621,115.47,115.47,112.64,112.64,17600
OPEN,20120621,44.54,45.23,43.46,43.59,777200
OPHC,20120621,30.8,32,26.8,26.8,50400
OPNT,20120621,27.12,27.12,25.58,25.62,67800
OPOF,20120621,10.78,10.9,10.76,10.76,1800
ORLY,20120621,100.59,100.76,96.97,97.15,1227000
ORRF,20120621,7.56,7.68,7.52,7.55,50600
OSBC,20120621,1.34,1.34,1.28,1.28,13000
OSIS,20120621,63.34,63.48,62.3,62.45,97100
OSTK,20120621,6.96,6.99,6.69,6.71,89200
OSUR,20120621,10.7,10.71,10.16,10.2,177200
OTEX,20120621,12.3175,12.3175,11.9075,11.95,389500
OTTR,20120621,22.67,22.67,22.22,22.29,129600
OVBC,20120621,19.25,19.25,19.25,19.25,0
OVLY,20120621,6.7,6.74,6.6,6.66,4100
OXLC,20120621,13.87,14,13.85,13.92,6200
PAAS,20120621,18.65,18.66,17.73,17.75,1793900
PACB,20120621,2.05,2.05,1.98,2.02,303600
PACW,20120621,23.25,23.47,22.47,22.5,123500
PANL,20120621,31.5,32.45,30.92,31.11,1598500
PATK,20120621,6,6.2045,5.2222,5.3022,290800
PAYX,20120621,32.64,32.64,31.99,32.1,2718700
PBCT,20120621,11.81,11.86,11.58,11.6,2515800
PBIP,20120621,5.25,5.25,5.25,5.25,200
PCAR,20120621,40.1,40.3,38.31,38.39,2666000
PCH,20120621,29.97,30.04,29.58,29.63,166200
PCOM,20120621,11.84,11.9,11.22,11.27,30900
PCRX,20120621,15.25,15.94,15.09,15.4,860900
PCTI,20120621,6.78,6.98,6.68,6.76,96100
PCYO,20120621,2.22,2.22,2.13,2.2,2800
PDCO,20120621,34.23,34.41,33.57,33.6,462700
PDEX,20120621,2,2.05,1.98,1.98,8100
PDFS,20120621,9.87,9.87,9.27,9.31,56100
PEBK,20120621,8.02,8.02,8,8,1300
PEBO,20120621,20.12,20.36,19.85,20.05,32700
PEGA,20120621,16.26,16.26,15.33,15.365,110600
PENN,20120621,45.89,46.55,44.54,44.55,975700
PERI,20120621,12.03,12.21,11.85,12.12,21400
PESI,20120621,5.9,6,5.65,5.75,25900
PETS,20120621,11.99,12,11.7,11.72,99500
PFBC,20120621,12.92,13.15,12.65,13.04,122800
PFIN,20120621,4.31,4.66,4.31,4.6,5700
PFLT,20120621,11.9,11.9,11.72,11.89,54100
PFSW,20120621,2.79,2.86,2.6,2.66,27800
PGC,20120621,15.47,15.73,15.46,15.73,37800
PKBK,20120621,4.4273,4.5273,4.4273,4.5273,1500
PKOH,20120621,18.95,18.95,17.7,17.76,22000
PLAB,20120621,6.18,6.18,5.65,5.66,421500
PLBC,20120621,3.3,3.3,3.3,3.3,0
PLCE,20120621,44.86,45.08,43.88,44.2,231500
PLPC,20120621,57.69,57.69,54.51,54.88,3600
PLUG,20120621,1.15,1.16,1.12,1.12,92500
PLUS,20120621,16.8,16.8,15.845,15.845,4300
PLXS,20120621,29.57,29.75,27.15,27.63,471300
PMBC,20120621,7.2,7.25,7,7.13,65800
PMD,20120621,10.04,10.04,9.9,10.04,7300
PNBK,20120621,16.4,16.5,16.1,16.1,9500
PNFP,20120621,18.18,18.25,17.62,17.66,103100
PNNT,20120621,10.08,10.14,9.91,9.97,256100
PNQI,20120621,38.64,38.78,37.9,37.93,20400
PNRG,20120621,26.5,26.5,26.5,26.5,0
PODD,20120621,20.92,21,20.34,20.41,243200
POOL,20120621,39,39.05,37.93,38.06,235100
POWI,20120621,20.31,20.385,19.36,19.395,265500
POWL,20120621,37.59,37.59,35.96,35.99,26900
PPBI,20120621,7.98,8,7.97,7.97,9400
PRAA,20120621,28.0867,28.2867,27.7667,28.0367,284800
PRFT,20120621,11.21,11.3,10.85,11.03,123600
PRFZ,20120621,63.19,63.47,61.63,61.8,28500
PRGS,20120621,19.77,19.8,19.39,19.52,317800
PRIM,20120621,12.26,12.26,11.6,11.82,355500
PROV,20120621,11.43,11.49,10.96,11.37,46900
PRPH,20120621,1.08,1.1,1.04,1.05,6500
PRTS,20120621,4.26,4.32,4.2,4.25,24300
PSCC,20120621,33.99,33.99,33.21,33.23,3000
PSCD,20120621,29.51,29.6,29.11,29.12,3300
PSCE,20120621,29.55,29.7,29.03,29.03,1500
PSCF,20120621,28.91,28.91,28.56,28.56,3900
PSCH,20120621,34.99,35,34.27,34.35,14500
PSCI,20120621,28.01,28.01,27.44,27.47,2000
PSCM,20120621,26.36,26.36,26.36,26.36,200
PSCT,20120621,28.85,28.85,27.89,27.89,4700
PSCU,20120621,30.11,30.11,29.72,29.72,1200
PSEC,20120621,11.35,11.38,11.24,11.26,1023200
PSMT,20120621,66.9,66.91,63.8,64.37,299500
PSTI,20120621,24.3,24.3,23.2,23.6,47400
PTEN,20120621,14.79,14.8,13.69,13.76,3982100
PTIX,20120621,2.05,2.17,2.02,2.02,800
PTNR,20120621,4.35,4.37,4.22,4.24,121600
PTSI,20120621,10.14,10.14,9.96,9.96,1000
PWOD,20120621,25.8933,26.3333,25,25.2133,9000
PXLW,20120621,2.41,2.49,2.4,2.42,18400
PZZA,20120621,23.34,23.585,22.87,22.995,146300
QABA,20120621,24.51,24.67,24.02,24.02,1200
QADA,20120621,12.79,12.91,12.6,12.77,14100
QADB,20120621,13.11,13.35,13,13,700
QCLN,20120621,9.27,9.27,9,9,1900
QCOM,20120621,57.17,57.35,55.04,55.13,15252700
QCRH,20120621,14.34,14.49,14,14,2800
QDEL,20120621,15.26,15.27,14.99,15.05,140300
QNST,20120621,9.59,9.85,9.4,9.43,806700
QQEW,20120621,25.14,25.16,24.4,24.43,329700
QQQ,20120621,64.21,64.31,62.62,62.69,42492600
QQQM,20120621,25.75,25.75,25.75,25.75,0
QQQX,20120621,15.13,15.13,14.7,14.73,54200
QQXT,20120621,23.54,23.54,22.93,22.93,462700
QTEC,20120621,25.4,25.4,24.54,24.54,61200
QUIK,20120621,32.2,32.48,31.5,31.78,851200
RADA,20120621,2.52,2.52,2.52,2.52,0
RAIL,20120621,22.02,22.21,21.63,21.84,93600
RAND,20120621,23.4,23.85,23.22,23.31,8400
RAVN,20120621,34.05,34.14,32.715,32.8,33700
RBCAA,20120621,21.48,21.76,20.78,20.86,29400
RBCN,20120621,100.5,100.5,95.2,96.4,186300
RCII,20120621,35.13,35.35,33.68,33.83,575700
RCKY,20120621,13.39,13.55,12.81,13.05,20500
RCMT,20120621,5.68,5.73,5.49,5.49,6100
RCON,20120621,10.45,10.6,10.05,10.1,50000
RDCM,20120621,3.9,3.95,3.75,3.95,5500
RDI,20120621,5.47,5.51,5.4,5.5,105600
RDIB,20120621,5.32,5.32,5.32,5.32,0
RDNT,20120621,2.7,2.75,2.68,2.68,240500
RDWR,20120621,19.85,19.96,19.1,19.105,134700
REED,20120621,3.14,3.23,3.09,3.12,36000
REFR,20120621,2.99,3.1,2.98,2.98,10200
REGI,20120621,7.34,7.4,6.89,6.93,15000
REGN,20120621,115.39,116.68,114.29,114.66,531400
RELL,20120621,11.72,11.97,11.62,11.66,26400
RENT,20120621,19.24,19.24,18.46,18.46,33900
RFIL,20120621,3.68,3.83,3.65,3.83,3100
RGCO,20120621,11.98,12.0333,11.8333,11.8333,1400
RGEN,20120621,4.39,4.43,4.34,4.38,228800
RGLD,20120621,77.73,77.87,75.93,75.94,968200
RICK,20120621,8.75,8.78,8.57,8.74,23700
RIGL,20120621,8.79,8.85,8.65,8.78,345800
RMBS,20120621,5.63,5.67,5.39,5.48,1157200
RMCF,20120621,10.6,10.62,10.5,10.62,3600
RMTI,20120621,9.22,9.25,8.14,8.23,233400
RNST,20120621,15.78,15.98,15.26,15.28,36800
RNWK,20120621,8.44,8.44,8.22,8.26,60400
ROCK,20120621,10.16,10.22,9.6,9.7,92400
ROIC,20120621,12.09,12.13,11.95,11.97,306200
ROLL,20120621,46.1,46.1,45.35,45.67,92400
ROST,20120621,33.76,33.875,32.96,33.075,2205500
RPRX,20120621,8.07,8.79,8.07,8.43,255400
RRGB,20120621,30.74,30.89,29.91,29.97,125400
RUSHA,20120621,10.9667,11.0333,10.6467,10.66,316200
RUSHB,20120621,8.9467,8.9667,8.7333,8.8733,9600
RUTH,20120621,6.23,6.23,6,6.11,182100
RVSB,20120621,1.3,1.3,1.29,1.3,7100
RYAAY,20120621,31.35,31.35,30.35,30.42,137300
SAFM,20120621,52.09,52.45,51.25,51.36,218200
SAFT,20120621,41.65,41.95,40.59,40.64,31100
SAIA,20120621,14.8867,15.1,14.06,14.36,99200
SALM,20120621,5.5,5.5,5.35,5.44,56300
SANM,20120621,7.56,7.6,7.21,7.21,351300
SANW,20120621,5.72,5.95,5.72,5.86,13500
SASR,20120621,17.79,17.83,16.94,17.14,50400
SATS,20120621,22.7256,22.7256,21.8319,21.8644,89600
SBAC,20120621,54.85,54.85,53.75,54,927100
SBCF,20120621,7.15,7.3,6.95,6.95,188400
SBGI,20120621,8.54,8.57,8.3,8.41,415700
SBLK,20120621,54.75,56.25,54.75,54.75,100100
SBNY,20120621,60,60.19,58.17,58.25,438500
SBRA,20120621,16.94,16.94,16.48,16.52,778400
SBSI,20120621,20.1524,20.1524,19.5619,19.6762,29400
SBUX,20120621,27.91,27.985,27,27.035,6190100
SCHL,20120621,27.1,27.15,26.45,26.47,146200
SCHN,20120621,24.81,24.82,23.7,23.96,382000
SCKT,20120621,2.02,2.02,2.02,2.02,100
SCOR,20120621,16.92,16.92,16.14,16.18,164300
SCSC,20120621,32.22,32.22,30.77,31.03,117400
SCVL,20120621,20.37,20.66,19.6,20.08,165900
SEAC,20120621,8.18,8.2,7.84,7.88,101900
SEED,20120621,15.3,15.7,15,15.3,72500
SEIC,20120621,19.69,19.78,19.36,19.5,1342900
SENEA,20120621,25.21,25.24,24.92,24.98,16500
SENEB,20120621,25.02,25.02,25.02,25.02,0
SFNC,20120621,11.57,11.61,11.315,11.405,48400
SFST,20120621,8.05,8.05,8,8,900
SGC,20120621,11.73,11.73,11.48,11.53,900
SGEN,20120621,25.21,25.3,24.65,24.76,1088900
SGMA,20120621,3.51,3.51,3.09,3.35,10400
SGMO,20120621,5.26,5.29,4.98,5.03,304600
SGMS,20120621,8.71,8.72,8.28,8.41,506300
SGRP,20120621,1.25,1.25,1.25,1.25,0
SHBI,20120621,5.9,5.99,5.75,5.75,1200
SHEN,20120621,5.98,6.025,5.76,5.85,53500
SHIP,20120621,2820,3180,2808,2820,5700
SHOO,20120621,16.3822,16.5333,16.1245,16.2089,623800
SHY,20120621,84.36,84.38,84.36,84.37,700900
SIEB,20120621,1.62,1.62,1.62,1.62,0
SIFY,20120621,2.03,2.07,2.02,2.05,104500
SIGA,20120621,2.9,2.9,2.7,2.72,184200
SIGI,20120621,17.36,17.46,17.12,17.13,205400
SILC,20120621,13.71,13.89,13.69,13.89,1100
SIMO,20120621,14.57,14.6,13.89,13.97,365600
SINO,20120621,13.5,14.3,12.65,13,35900
SIRI,20120621,1.91,1.92,1.87,1.88,35704700
SIVB,20120621,58.11,58.77,55.57,55.67,332100
SKYW,20120621,6.97,7.1,6.72,6.74,499500
SKYY,20120621,18.72,18.72,18.05,18.07,40400
SLAB,20120621,38.03,38.05,36.24,36.36,140300
SLGN,20120621,22.36,22.545,22.055,22.07,249000
SLM,20120621,5.4,5.4214,5.2857,5.2893,3300600
SLMBP,20120621,43.5,43.5,43.5,43.5,0
SLP,20120621,4.18,4.18,4.1,4.1,1900
SLRC,20120621,21.63,21.68,21.43,21.5,161400
SMBC,20120621,11.015,11.03,11,11,4400
SMCI,20120621,15.32,15.49,15.23,15.27,140600
SMED,20120621,3.26,3.26,3.06,3.12,6600
SMIT,20120621,3.58,3.75,3.58,3.65,3800
SMMF,20120621,5.37,5.4,5.37,5.4,300
SMSI,20120621,7.36,7.44,6.8,6.8,319400
SMTC,20120621,24.43,24.57,23.22,23.28,291900
SNCR,20120621,19.22,19.23,18.13,18.17,247700
SNFCA,20120621,2.22,2.37,2.2,2.37,1600
SNPS,20120621,29.24,29.38,28.34,28.4,401600
SOCL,20120621,13.95,13.95,13.36,13.48,12600
SOHU,20120621,42,42.23,40.52,40.75,598900
SOXX,20120621,52.55,52.55,50.52,50.56,285200
SPBC,20120621,12.75,12.75,12.75,12.75,0
SPLK,20120621,31.52,32.02,29.32,29.54,569200
SPNS,20120621,4,4.04,3.95,4.01,59000
SPPI,20120621,13.94,14.27,13.4,13.49,2027000
SPRO,20120621,2.07,2.07,2.07,2.07,0
SPSC,20120621,27.21,27.89,26.28,27.58,78500
SPTN,20120621,17.61,17.61,17.25,17.27,77000
SPWR,20120621,5,5.09,4.92,4.92,922400
SQQQ,20120621,15200,16320,15129.6,16259.2,1755400
SRCE,20120621,21.83,21.83,21.12,21.21,60700
SRCL,20120621,90.45,90.58,88.65,88.68,553300
SRDX,20120621,17,17.14,16.87,17.02,51300
SREV,20120621,12.78,12.95,12.56,12.78,1082100
SSBI,20120621,6.03,6.03,6.03,6.03,0
SSNC,20120621,23.37,23.44,22.57,22.78,136000
SSYS,20120621,46.94,47.04,44.31,44.65,393100
STAA,20120621,7.9,8.07,7.79,7.86,110400
STBA,20120621,17.7,17.84,17.44,17.51,91800
STFC,20120621,14.13,14.21,13.87,14.02,128900
STKL,20120621,5.75,5.77,5.67,5.7,68100
STLD,20120621,12.02,12.03,11.26,11.28,3811800
STRA,20120621,93.09,94.14,91.07,92.59,103000
STRC,20120621,3.68,3.69,3.68,3.68,32300
STRL,20120621,9.5,9.59,9.19,9.31,44600
STRM,20120621,3.29,3.32,3.24,3.32,55600
STRN,20120621,5.1,5.1,5.1,5.1,0
STRS,20120621,8.67,8.67,8.67,8.67,0
STRT,20120621,21.21,21.86,21.19,21.5,500
STSA,20120621,18.4,18.42,18.12,18.17,125800
STX,20120621,23.95,24,22.61,22.68,11452800
SUMR,20120621,25.2,25.2,24.66,24.75,76100
SUNS,20120621,16.89,16.99,16.59,16.67,12100
SUPN,20120621,5,5.2,4.97,5.07,61700
SURG,20120621,3.76,3.86,3.68,3.69,242800
SVBI,20120621,3.1,3.1,3.1,3.1,0
SVVC,20120621,18.25,18.92,18.2,18.36,174600
SWIR,20120621,9.6,9.62,9.46,9.49,147200
SWKS,20120621,28.11,28.15,26.54,26.66,3890100
SYBT,20120621,15.44,15.4533,14.88,14.9867,20200
SYNA,20120621,29.23,29.27,28.5,28.82,1034000
SYNL,20120621,12.15,12.15,11.02,11.75,2700
SYPR,20120621,6.4,6.58,6.19,6.32,141500
TACT,20120621,7.67,7.81,7.66,7.7,2900
TAIT,20120621,0.96,0.96,0.96,0.96,0
TAST,20120621,5.87,5.87,5.69,5.73,208500
TATT,20120621,4.16,4.16,4.15,4.15,700
TAYD,20120621,9.49,9.49,9.49,9.49,0
TBBK,20120621,8.46,8.51,8.31,8.39,66200
TBNK,20120621,22.53,22.53,21.62,21.85,45600
TCBI,20120621,41.4,42.08,39.09,39.16,621300
TCBK,20120621,15.35,15.37,15.13,15.19,30300
TCPC,20120621,14.41,14.41,14.02,14.26,31700
TCX,20120621,4.4,4.68,4.4,4.6,142900
TECH,20120621,70.3,71.6,70.27,70.57,165800
TESS,20120621,20.55,20.87,20.42,20.61,68300
TFSL,20120621,9.48,9.49,9.37,9.37,388300
TGA,20120621,9.05,9.05,7.89,7.97,233700
THFF,20120621,28.72,28.93,28.02,28.12,49500
THRM,20120621,11.73,11.73,11.13,11.21,242800
THRX,20120621,19.44,20.07,19.1,19.25,537300
TIGR,20120621,2.03,2.03,2,2.01,26200
TITN,20120621,28.02,28.21,26.26,26.39,389300
TLT,20120621,125.95,127.25,125.89,126.71,9777300
TOPS,20120621,14350000,14490000,10850000,11270000,63100
TOWN,20120621,14,14.04,13.66,13.92,161900
TQQQ,20120621,4.2108,4.2275,3.8942,3.9108,1628800
TREE,20120621,9.85,10.27,9.78,10.14,120900
TRIB,20120621,11.88,11.95,11.64,11.94,39800
TRIP,20120621,43.64,43.85,42.35,43.01,978100
TRIT,20120621,4.08,4.29,3.9,4,54800
TRMB,20120621,24.585,24.665,23.525,23.565,514900
TRMD,20120621,3.5,3.6,3.2,3.2,14000
TRMK,20120621,24.41,24.46,23.54,23.59,296600
TRNS,20120621,7.49,7.77,7.45,7.45,2200
TROW,20120621,62.17,62.39,59.45,59.47,2156900
TRS,20120621,19.87,20,18.87,18.93,161800
TRST,20120621,5.39,5.39,5.22,5.24,186800
TSBK,20120621,4.85,4.85,4.85,4.85,0
TSCO,20120621,45.145,45.225,43.925,44.05,682000
TSEM,20120621,11.25,11.25,10.8,10.8,63500
TSLA,20120621,6.852,6.856,6.368,6.438,1891800
TSRI,20120621,4.1,4.1,4.1,4.1,500
TTEC,20120621,15.81,15.81,15.25,15.3,98000
TTEK,20120621,27.19,27.3,26.59,26.75,721700
TTGT,20120621,5.01,5.04,4.76,4.97,39500
TTMI,20120621,9.22,9.22,8.65,8.67,320400
TTWO,20120621,10.26,10.3,9.82,9.85,1242600
TW,20120621,60.06,60.13,59.17,59.21,225500
TWIN,20120621,18.95,19,18.13,18.33,54700
TXN,20120621,28.61,28.61,27.52,27.59,8264000
TXRH,20120621,18.06,18.22,17.41,17.45,692600
TZOO,20120621,22.11,22.32,21.57,21.88,146100
UBCP,20120621,9.25,9.25,8.75,8.95,8100
UBFO,20120621,2.38,2.38,2.38,2.38,0
UBOH,20120621,8.89,8.89,8.8,8.8,800
UBSI,20120621,26.17,26.47,25.62,25.83,289500
UCBI,20120621,9.04,9.09,8.75,8.75,145200
UCTT,20120621,6.8,6.88,6.32,6.37,139500
UEIC,20120621,12.1,12.12,11.83,11.85,49300
UEPS,20120621,8.32,8.32,8.08,8.25,46700
UFCS,20120621,21.72,21.72,20.81,20.9,67900
UFPI,20120621,38.24,38.56,36.73,36.91,72000
UFPT,20120621,17.44,18.08,17.03,17.45,62200
UG,20120621,19.72,20,19.72,19.99,8700
UHAL,20120621,91.38,92.38,87.65,87.94,35400
ULBI,20120621,4,4.04,4,4.01,4600
ULTA,20120621,97.4,97.42,94.51,95.05,1060600
UMBF,20120621,49.11,49.31,48.16,48.24,220500
UMPQ,20120621,12.54,12.65,12.23,12.23,608200
UNAM,20120621,9.78,10.55,9.48,9.75,15400
UNB,20120621,19.04,19.04,19.04,19.04,100
UNTY,20120621,5.99,5.99,5.99,5.99,0
URBN,20120621,28.48,28.54,27.53,27.68,2801800
USAK,20120621,4.76,4.89,4.61,4.66,6300
USAP,20120621,40.22,40.24,37.32,38.02,67700
USEG,20120621,149.4,149.4,133.8,133.8,236100
USLM,20120621,47.13,48.16,44.71,44.97,6500
UTHR,20120621,47.91,48.11,47.23,47.63,679100
UTMD,20120621,34.03,35,33.9,34.88,21100
UTSI,20120621,3.45,3.6,3.45,3.54,319200
UVSP,20120621,16.38,16.56,15.74,15.76,27300
VALU,20120621,12.51,12.94,12.41,12.54,7200
VBFC,20120621,20.8,21.92,20.8,21.92,2200
VCIT,20120621,85.32,85.47,85.21,85.3,221400
VCLT,20120621,89.37,89.71,89.1,89.1,89400
VCSH,20120621,78.94,79.12,78.94,79.08,204400
VECO,20120621,34.66,34.87,33.33,33.41,562500
VGIT,20120621,66.15,66.26,66.14,66.2,4600
VGLT,20120621,77.94,78.56,77.94,78.31,20500
VGSH,20120621,60.95,60.96,60.9,60.9,10000
VIA,20120621,53.56,53.96,52.19,52.72,15400
VICR,20120621,6.39,6.54,6.05,6.08,61000
VIRC,20120621,1.62,1.77,1.62,1.77,800
VIVO,20120621,20.2,20.23,19.52,19.66,136200
VLGEA,20120621,30.19,30.4,29.7,29.95,19200
VMBS,20120621,52.4,52.41,52.32,52.36,29600
VNDA,20120621,4.35,4.41,4.3,4.32,43200
VNET,20120621,11.61,12.07,11.58,11.9,882200
VNQI,20120621,46.48,46.48,45.35,45.38,177100
VOD,20120621,27.85,27.97,27.63,27.63,7770000
VONE,20120621,61.07,61.07,60.69,60.69,400
VONG,20120621,65.02,65.05,64.82,64.82,600
VONV,20120621,59.18,59.32,58.76,58.76,2000
VOXX,20120621,9.3,9.37,9.12,9.16,121900
VRA,20120621,23.85,23.88,22.66,22.73,696800
VRNT,20120621,28.65,28.87,28.12,28.34,215200
VRSK,20120621,48.38,48.93,48.27,48.45,952600
VRSN,20120621,43.67,43.84,42.69,42.82,1423400
VRTS,20120621,74.63,74.63,70.61,70.98,15900
VRTX,20120621,59.19,59.37,57.39,57.6,1267700
VSAT,20120621,37.26,37.35,35.75,36.08,342900
VSEC,20120621,12.175,12.34,12.085,12.15,9000
VSTM,20120621,10.21,10.24,9.9,9.91,4900
VTHR,20120621,62.02,62.02,60.74,60.74,6300
VTWG,20120621,64.81,64.81,63.95,63.95,2000
VTWO,20120621,62.36,62.36,60.83,60.89,182300
VTWV,20120621,58.8,58.8,58.21,58.22,5500
VXUS,20120621,41.99,41.99,40.76,40.76,75600
WABC,20120621,46.11,46.14,44.9,45.02,137500
WAFD,20120621,16.7,16.79,16.27,16.3,1700600
WASH,20120621,23.55,23.65,22.83,23.02,25500
WDC,20120621,30.5,30.76,29.3,29.37,4960200
WDFC,20120621,48.99,48.99,47.66,47.78,45300
WEN,20120621,4.57,4.59,4.49,4.51,1775700
WERN,20120621,24.63,24.65,24.13,24.33,512400
WETF,20120621,6.93,7,6.74,6.77,525600
WEYS,20120621,23.56,23.65,22.8,23.02,10800
WILC,20120621,4.55,4.55,4.5,4.51,8200
WINA,20120621,58.96,59.53,56.81,57.15,7800
WIRE,20120621,25.28,25.46,24.91,24.95,122800
WLDN,20120621,1.55,1.56,1.5,1.5,7800
WLFC,20120621,12.75,12.77,12.68,12.77,28400
WOOD,20120621,36.5,36.5,35.89,35.89,8200
WOOF,20120621,21.2,21.34,20.45,20.46,357300
WPRT,20120621,32.69,32.99,30.56,30.99,2140900
WRLD,20120621,68.08,68.13,65.05,65.2,103700
WSBC,20120621,21.33,21.35,20.66,20.8,56300
WSBF,20120621,3.76,3.8,3.66,3.79,47900
WSFS,20120621,12.8933,12.9167,12.61,12.7267,11800
WSTG,20120621,12.34,12.5,12.34,12.5,2300
WTBA,20120621,9.47,9.47,9.09,9.21,16700
WTFC,20120621,35.56,35.62,34.62,34.67,137100
WVFC,20120621,7.55,7.55,7.55,7.55,0
WVVI,20120621,3.49,3.55,3.49,3.55,300
WWD,20120621,39.06,39.44,37.86,37.92,398500
WYNN,20120621,105.16,107.57,101.95,102.05,2992300
XLNX,20120621,32.97,33.08,31.89,31.9,3465800
XOMA,20120621,54,54.6,52,53.2,639300
XRAY,20120621,38.48,38.49,37.27,37.29,1132300
XRTX,20120621,11.22,11.35,10.83,10.88,480700
YNDX,20120621,18.55,18.84,17.63,17.74,877900
YORW,20120621,17.38,17.42,17.12,17.15,30000
Z,20120621,33.58,35,33,33.28,377300
ZBRA,20120621,33.12,33.34,32.15,32.31,105100
ZEUS,20120621,16.24,16.24,15.52,15.58,57700
ZGNX,20120621,18.72,18.72,17.68,18.48,254200
ZION,20120621,19.65,19.8,18.94,18.98,2044400
ZIOP,20120621,5.79,5.85,5.71,5.79,382500
ZIXI,20120621,2.75,2.75,2.57,2.58,249400
ZNGA,20120621,5.95,6.11,5.64,5.72,16534100
ZUMZ,20120621,40.73,40.96,39.15,39.44,531900
