AAL,20180511,42.08,42.66,42.02,42.6,6066600
AAME,20180511,3,3,2.85,3,30600
AAOI,20180511,32.09,32.47,31.61,31.78,619900
AAON,20180511,29.8,29.9,29.35,29.55,101700
AAPL,20180511,47.3725,47.515,46.8625,47.1475,26212200
AAWW,20180511,68.6,69.2,67.25,68.05,134500
AAXJ,20180511,77.74,77.75,77.28,77.49,168900
ABCB,20180511,55.3,55.7,55,55.15,148600
ABEO,20180511,18.7,19.7,18.7,19.65,579300
ABIO,20180511,10.44,12.06,9.72,9.9,1637800
ABMD,20180511,368.71,374.75,367.79,372.68,588600
ABTX,20180511,42.25,43.25,42.05,42.25,16500
ABUS,20180511,6.3,6.5,6.175,6.4,205100
ACAD,20180511,18.15,18.64,18.05,18.55,1164900
ACBI,20180511,19.95,20.25,19.85,20.1,114800
ACER,20180511,18.6,18.7,18.31,18.33,6300
ACET,20180511,2.82,2.85,2.67,2.72,565600
ACGL,20180511,26.5,26.6567,26.4833,26.55,514700
ACGLO,20180511,24.05,24.3,23.97,24.3,24600
ACHC,20180511,42.19,42.39,41.39,41.71,855100
ACHV,20180511,240,244,202,214,308800
ACIU,20180511,9.98,9.98,9.6,9.85,7100
ACIW,20180511,23.24,23.31,22.44,22.55,1129200
ACLS,20180511,22.6,22.75,21.9,22.125,268000
ACMR,20180511,12.08,12.16,11.56,12.09,42400
ACNB,20180511,32,32,31.65,31.9,4500
ACOR,20180511,23.65,24.75,23.25,24.35,538700
ACRS,20180511,18.21,19,18.13,18.86,195800
ACRX,20180511,2.5,2.575,2.45,2.5,388700
ACST,20180511,5.12,5.28,5.12,5.28,87500
ACT,20180511,25.27,25.27,24.94,24.95,4000
ACTG,20180511,3.8,3.85,3.75,3.75,245800
ACWI,20180511,73.67,73.815,73.51,73.69,1153300
ACWX,20180511,50.77,50.83,50.64,50.68,132100
ADAP,20180511,13.11,13.35,12.82,13.15,410300
ADBE,20180511,241.03,241.93,238.79,241.88,2261700
ADES,20180511,11.2,11.66,11.165,11.38,211800
ADI,20180511,93.08,93.64,92.42,92.6,1359000
ADMA,20180511,4.81,5,4.8,4.99,83000
ADMP,20180511,3.8,3.95,3.55,3.8,735600
ADMS,20180511,29.94,31.55,29.21,31.5,859200
ADP,20180511,127.58,127.91,126.61,127.34,1578000
ADRE,20180511,45,45.03,44.74,44.74,3600
ADSK,20180511,136.56,136.94,135.33,136.21,1477200
ADTN,20180511,15.25,15.35,15.1,15.15,208000
ADUS,20180511,53.05,54,52.2,52.75,49200
ADVM,20180511,5.75,5.925,5.6,5.85,732800
ADXS,20180511,25.05,28.335,24.525,26.7,1152200
AEHR,20180511,2.28,2.31,2.25,2.28,64100
AEIS,20180511,65.7,66,64.215,64.81,254400
AEMD,20180511,20.1,20.4,19.95,20.25,50700
AERI,20180511,47.8,51,47.055,50.9,449500
AEY,20180511,1.3,1.32,1.3,1.32,3600
AEZS,20180511,1.68,1.85,1.66,1.79,231300
AFMD,20180511,2.2,2.4,2.15,2.2,529800
AGEN,20180511,3.49,3.56,3.42,3.56,936000
AGFS,20180511,7.12,7.21,6.89,6.98,115600
AGIO,20180511,84.41,87.26,84.02,87.1,235900
AGLE,20180511,10.06,10.25,9.87,9.94,107700
AGMH,20180511,10.51,11.03,9.955,10.3,79200
AGNC,20180511,19,19.11,18.98,19,2151100
AGNCN,20180511,25.35,25.4,25.3,25.33,17300
AGRX,20180511,2.69,2.88,2.59,2.68,369400
AGTC,20180511,5,5.25,4.9,4.9,56500
AGYS,20180511,12.25,12.26,11.81,12.01,30900
AGZD,20180511,48.07,48.12,48.07,48.08,3200
AHPA,20180511,10,10,9.99,9.99,7000
AHPAU,20180511,10.14,10.14,10.14,10.14,0
AHPAW,20180511,0.32,0.35,0.32,0.35,27300
AHPI,20180511,2.99,3.3,2.87,2.96,32900
AIA,20180511,68.52,68.52,68.15,68.39,64700
AIHS,20180511,7.85,7.85,7.64,7.71,79300
AIMC,20180511,43.15,44.74,42.75,43.05,60600
AINV,20180511,16.41,16.44,16.29,16.44,693400
AIRG,20180511,8.2,8.33,7.9,7.94,118300
AIRR,20180511,26.27,26.37,26.15,26.2,58800
AIRT,20180511,28.46,30,28.2,29,11500
AKAM,20180511,76.36,76.9,76.08,76.3,952800
AKBA,20180511,9.52,10,9.49,9.83,407100
AKTS,20180511,5.9,6.89,5.8,6.81,225300
AKTX,20180511,2.16,2.2,1.805,2.05,301400
ALBO,20180511,31,31.4,29.77,30.8,133500
ALCO,20180511,31.625,32.35,31.26,32.35,7800
ALDX,20180511,7.8,8.3,7.75,8.3,101400
ALGN,20180511,278.29,288.36,277.99,286.49,1471600
ALGT,20180511,160.75,163.75,159.8,162.6,110700
ALIM,20180511,0.94,0.97,0.8,0.82,413300
ALJJ,20180511,2.07,2.09,2.04,2.06,8800
ALKS,20180511,46.3,47.04,45.41,46.71,692400
ALLT,20180511,5.1,5.15,4.9,5.1,19500
ALNA,20180511,15.27,15.65,14.865,15.23,76200
ALNY,20180511,98.3,101.91,98.3,100.91,856700
ALOT,20180511,19.15,19.45,19.15,19.45,5200
ALPN,20180511,7.58,8.44,7.51,7.88,35200
ALRM,20180511,39.85,40.05,39.33,39.64,250200
ALRN,20180511,5.49,5.58,5.36,5.45,7300
ALT,20180511,0.58,0.58,0.48,0.53,1477000
ALTR,20180511,31.15,31.63,30.11,31.45,203700
ALTY,20180511,14.78,14.83,14.78,14.83,14300
AMAT,20180511,55.43,55.89,54.55,54.84,10897300
AMBA,20180511,52.47,52.47,51.2,51.75,493800
AMCX,20180511,57.8,57.8,55.94,56.99,1282600
AMD,20180511,11.89,12.03,11.69,11.95,43863700
AMED,20180511,71.93,72.35,70.58,71.81,251100
AMEH,20180511,16.73,17.48,16.73,17.25,4000
AMGN,20180511,170.38,174.35,170.03,173.89,3740500
AMKR,20180511,8.66,8.78,8.59,8.63,731600
AMNB,20180511,39.55,39.95,39,39.5,4100
AMOT,20180511,46.6,47.47,46.45,46.79,42800
AMPH,20180511,14.91,15.85,14.75,14.91,429300
AMRK,20180511,13.34,13.35,13.32,13.35,1100
AMRN,20180511,3.1,3.16,3.06,3.15,866300
AMRS,20180511,5.75,5.85,5.53,5.84,651200
AMSC,20180511,7,7.14,6.86,6.89,98500
AMSF,20180511,59.5,60.25,59.5,59.7,40300
AMSWA,20180511,13.27,13.32,13.235,13.26,26900
AMTX,20180511,1.85,1.85,1.75,1.83,73600
AMWD,20180511,83.5,84,81.75,82.15,168200
AMZN,20180511,1610.99,1611.1,1597.89,1602.91,2263900
ANAB,20180511,88,91.42,86.56,89.81,538000
ANAT,20180511,119.99,120.765,119.2,119.62,32200
ANDE,20180511,31.15,31.45,31,31.3,67100
ANGI,20180511,14.11,14.77,14.11,14.5,1288000
ANGO,20180511,19.64,19.74,19.51,19.57,63200
ANIK,20180511,37.09,37.3,36.715,37.07,159000
ANIP,20180511,61.55,62.39,61.145,61.96,112500
ANSS,20180511,172.56,173.2,171,172.13,553200
ANY,20180511,0.34,0.37,0.32,0.36,1415000
AOSL,20180511,15.4,15.53,15.24,15.35,86300
APDN,20180511,60,61.6,60,61.2,14900
APEI,20180511,39.25,40.15,39.25,39.4,100200
APEN,20180511,5.78,6.25,5.55,6.25,62600
APLS,20180511,24.17,25.14,22.55,24.49,1520300
APOG,20180511,42.64,42.69,41.64,41.91,172200
APOP,20180511,135,138,134.4,135.6,8300
APPF,20180511,57.05,57.65,56.65,56.85,94900
APPN,20180511,30,31.9,29.925,31.12,1223500
APPS,20180511,1.69,1.73,1.66,1.69,942400
APTO,20180511,3.33,3.36,3.23,3.27,186700
APVO,20180511,70.28,71.4,68.18,69.86,231900
APWC,20180511,2.5,2.55,2.5,2.51,2000
AQB,20180511,3.18,3.2,3.06,3.1,59700
AQMS,20180511,3.1,3.38,2.98,3.22,804900
ARAY,20180511,4.8,4.8,4.7,4.75,246800
ARCB,20180511,40,48.7,39.755,47.3,2344200
ARCC,20180511,16.55,16.64,16.55,16.6,1757700
ARCT,20180511,5.59,5.78,5.56,5.69,7600
ARDX,20180511,5.15,5.35,5.1,5.175,318500
ARGX,20180511,89.97,91.39,89.82,91.01,72200
ARKR,20180511,24.515,24.65,23.811,24.65,4600
ARLP,20180511,18.1,18.35,17.95,18.05,650600
ARNA,20180511,43.01,45.09,42.96,44.99,962600
AROW,20180511,37.3,37.45,36.6,36.7,13200
ARRY,20180511,14.37,15.1,14.18,15.04,3748700
ARTNA,20180511,38.74,39.06,38.4,39.06,10200
ARTW,20180511,2.65,2.7,2.65,2.65,7600
ARWR,20180511,9.15,9.89,8.92,9.88,2691000
ASET,20180511,28.335,28.335,28.275,28.28,7700
ASLN,20180511,6.36,6.5,6.2,6.5,78200
ASMB,20180511,40.19,41.16,39.68,40.61,159200
ASML,20180511,199.88,200.61,198.29,198.8,405000
ASND,20180511,65.16,67.46,65.16,65.5,223700
ASPS,20180511,28.27,28.64,27.77,27.97,71500
ASPU,20180511,8.06,8.31,8.06,8.28,20800
ASRV,20180511,4.25,4.25,4.205,4.25,4700
ASTC,20180511,2.06,2.06,1.96,2.01,19000
ASTE,20180511,57.02,57.21,55.93,56.5,42000
ASUR,20180511,19.1,19.78,17.12,18.01,477700
ASYS,20180511,7.94,8.85,7.75,8.22,512100
ATAI,20180511,5.3,5.3,5.3,5.3,1000
ATAX,20180511,6.45,6.45,6.4,6.425,54800
ATEC,20180511,3.7,3.7,3.4,3.43,145300
ATHX,20180511,2.09,2.17,2.06,2.08,550800
ATLC,20180511,2.05,2.11,2,2.01,3400
ATLO,20180511,28,28.4,27.9,28.4,3000
ATNI,20180511,52.26,52.58,51.96,52.27,33200
ATNX,20180511,16.84,17.57,16.8,17.49,253800
ATOM,20180511,5.87,5.93,5.75,5.92,24800
ATOS,20180511,4.3,4.3,3.98,4.11,140900
ATRA,20180511,40,42.85,40,42.75,422100
ATRC,20180511,23.54,23.83,23.17,23.74,110000
ATRI,20180511,599.33,609,591.5,594.75,11500
ATRO,20180511,33.85,34.91,33.75,34.85,187000
ATRS,20180511,2.47,2.545,2.44,2.52,874300
ATSG,20180511,22.06,22.92,21.75,21.92,341300
ATVI,20180511,72.77,72.78,71.27,71.7,4996200
ATXI,20180511,3.81,3.88,3.8,3.88,5600
AUBN,20180511,44,44,44,44,1600
AUDC,20180511,7.27,7.3,7.21,7.24,22600
AUPH,20180511,5.22,5.68,5.22,5.6,1027700
AUTO,20180511,3.6,3.6,3.17,3.21,327200
AVAV,20180511,60.73,61.12,59.65,59.86,222600
AVDL,20180511,6.68,6.91,6.54,6.86,827700
AVEO,20180511,22.2,22.3,21.4,21.7,1036700
AVGO,20180511,243.08,244.5,241.6,243.38,2405200
AVGR,20180511,12.3,12.5,12.2,12.4,233800
AVHI,20180511,18.05,18.05,17.65,17.9,112700
AVID,20180511,4.97,5.5,4.95,5.15,468800
AVNW,20180511,17.1,17.29,17.02,17.04,11100
AVT,20180511,40.68,41.09,40.41,40.75,575300
AVXL,20180511,2.08,2.19,1.96,2.18,460400
AWRE,20180511,4.05,4.25,4,4.2,19900
AXDX,20180511,19,20,18.5,19.9,823400
AXGN,20180511,44.55,44.8,43.95,44.6,339100
AXON,20180511,1.19,1.22,1.17,1.2,511800
AXSM,20180511,3.4,3.45,3.305,3.45,101800
AXTI,20180511,6.45,6.45,6.275,6.35,198000
AY,20180511,20.11,20.23,20.02,20.11,149700
AYTU,20180511,0.36,0.37,0.32,0.33,1458500
AZPN,20180511,94.21,95.085,93.84,94.24,237600
BAND,20180511,34.34,34.96,34.095,34.82,176200
BANF,20180511,58.75,59.7,58.3,58.65,15300
BANFP,20180511,27.32,27.32,27.32,27.32,0
BANR,20180511,58.62,59.11,58.515,58.7,88300
BANX,20180511,21.86,21.87,21.73,21.77,6400
BATRA,20180511,22.96,23.47,22.86,23.37,49000
BATRK,20180511,23.67,23.92,23.56,23.84,140300
BBBY,20180511,16.91,17.01,16.68,16.81,2121700
BBGI,20180511,10.75,10.75,10.2,10.2,14100
BBH,20180511,115,118.05,114.93,117.7,24900
BBSI,20180511,85.84,87.04,84.945,85.65,33800
BCAC,20180511,9.98,9.98,9.98,9.98,0
BCACU,20180511,10.55,10.55,10.55,10.55,0
BCACW,20180511,0.47,0.47,0.47,0.47,0
BCBP,20180511,15.3,15.35,15.2,15.3,10500
BCLI,20180511,3.59,3.65,3.48,3.64,62800
BCML,20180511,23.06,23.23,22.85,23.09,48200
BCOR,20180511,32.25,33.9,32.25,33.45,1026000
BCOV,20180511,10.25,10.3,9.9,10.05,186800
BCPC,20180511,93.81,94.57,93.58,93.65,77800
BCRX,20180511,5.18,5.52,5.12,5.5,675000
BDSI,20180511,1.8,1.8,1.7,1.7,405300
BEAT,20180511,42,42.05,39.65,40.15,509200
BECN,20180511,42.9,44.21,41.64,42.24,1407600
BELFA,20180511,17.45,17.45,17.45,17.45,0
BELFB,20180511,20.05,20.55,19.85,19.95,10900
BFIN,20180511,17.39,17.69,17.39,17.58,35700
BFIT,20180511,18.01,18.01,18,18,1600
BFRA,20180511,13.86,14.07,13.51,14.07,2900
BFST,20180511,24.75,24.75,24.14,24.65,12500
BGCP,20180511,12.31,12.38,12,12.15,2088800
BGFV,20180511,7.75,7.975,7.75,7.85,436300
BGNE,20180511,172,179.47,172,174.14,355400
BHF,20180511,48.88,49.24,48.03,48.11,740500
BHTG,20180511,3.8,3.9,3.56,3.69,12100
BIB,20180511,51.25,54.42,51.25,54.15,369400
BICK,20180511,30.06,30.19,29.84,30.19,1400
BIDU,20180511,270.92,271.49,266.37,269.91,2243100
BIIB,20180511,274.36,283.59,274.36,282.39,1908800
BILI,20180511,11.06,12.19,11.06,11.46,3152400
BIOC,20180511,2.1,2.25,2,2.2,951000
BIOL,20180511,1.67,2.98,1.52,1.55,695400
BIS,20180511,22.07,22.07,20.71,20.83,124900
BJRI,20180511,55.5,55.575,54.05,54.2,382600
BKCC,20180511,6.11,6.16,6.1,6.1,263900
BKEP,20180511,4,4,3.65,3.675,438300
BKEPP,20180511,6.63,6.81,6.59,6.63,39600
BKNG,20180511,2092.32,2095,2063.93,2071.99,479000
BKSC,20180511,21.15,21.45,20.81,21.45,6000
BKYI,20180511,2.44,2.49,2.34,2.41,18500
BL,20180511,42.28,42.48,41.53,41.6,352700
BLBD,20180511,23,23.6,21.5,21.8,225700
BLCM,20180511,77.8,80.5,77,79.5,528900
BLCN,20180511,23.45,23.46,23.34,23.46,29700
BLDP,20180511,3.12,3.17,3.1,3.13,853900
BLFS,20180511,8.5,8.5,7.69,7.96,124800
BLIN,20180511,79.5,81,73.5,79.5,9600
BLKB,20180511,101.55,101.68,100.72,101.2,189300
BLMN,20180511,23.87,24.03,23.26,23.35,1797800
BLNK,20180511,6.03,6.45,5.61,5.75,14499600
BLNKW,20180511,1.3,1.54,1.1,1.4,1269000
BLPH,20180511,33,33.45,32.55,33.15,18400
BLRX,20180511,12,12.75,12,12.6,124000
BLUE,20180511,177.2,188.75,175.405,186.4,549500
BMRA,20180511,3.6,3.63,3.56,3.6,3700
BMRC,20180511,38.4,38.425,37.5,37.65,15700
BMRN,20180511,89.43,89.97,87.55,88.41,1862600
BMTC,20180511,46.15,46.35,45.95,46.05,30000
BNDX,20180511,54.55,54.59,54.53,54.55,806000
BNFT,20180511,33.8,34.25,32.95,33.35,205300
BNSO,20180511,3.3,3.3,3.15,3.15,5900
BNTC,20180511,25.9,26.2,25.1,26.2,9300
BOKF,20180511,103.04,104.13,103.04,103.59,90900
BOMN,20180511,25.76,25.77,24.92,25.68,48600
BOOM,20180511,40.55,42.4,39.2,40.95,182700
BOSC,20180511,2.25,2.36,2.21,2.22,20300
BOTJ,20180511,14.9,15.14,14.9,15.14,700
BOTZ,20180511,23.87,24,23.855,23.91,734700
BOXL,20180511,5.27,7,5,6.67,512000
BPMC,20180511,76.2,81.62,76.2,81.51,844900
BPOP,20180511,46.08,46.24,45.64,46.1,407600
BPOPM,20180511,22.64,23.41,22.62,23.17,5200
BPOPN,20180511,24.88,25.045,24.88,24.94,13100
BPRN,20180511,33.51,33.63,32.96,33.6,3800
BPTH,20180511,35.4,35.6,35,35.4,40900
BRID,20180511,15,16,15,15.92,7500
BRKL,20180511,17.2,17.3,17.1,17.15,145500
BRKR,20180511,30.9,31.19,30.66,30.74,592000
BRKS,20180511,29.95,30.08,29.22,29.56,612500
BRQS,20180511,7.95,7.95,7.375,7.45,2000
BSET,20180511,27.8,28.2,27.8,28.05,34000
BSQR,20180511,4,4.13,4,4.1,3700
BSRR,20180511,28.37,28.37,28.1,28.2,16000
BTAI,20180511,9.96,10.17,8.9,9.99,19400
BTEC,20180511,32.87,33.03,32.87,33.03,900
BUSE,20180511,30.54,30.65,30.29,30.49,45400
BVXV,20180511,6.75,6.78,6.75,6.78,2600
BWB,20180511,13.12,13.23,12.9,12.99,139800
BWEN,20180511,2.42,2.57,2.41,2.43,64500
BWFG,20180511,31.4,31.43,30.55,31.06,15000
BYFC,20180511,2.11,2.13,1.95,1.99,13900
BYSI,20180511,27.54,27.93,27.53,27.8,900
BZUN,20180511,50.95,51,48.73,49.78,2043300
CAAS,20180511,4.36,4.43,4.17,4.23,14400
CAC,20180511,44.76,44.94,44.12,44.65,7200
CACC,20180511,341.68,346.535,339.875,344.9,81500
CACG,20180511,29.44,29.54,29.37,29.46,13800
CAKE,20180511,53.93,54.2,53.29,53.56,868600
CALA,20180511,6.25,6.255,5.8,5.925,760900
CALM,20180511,48,48.05,47.55,47.8,94800
CAMP,20180511,21.17,21.33,20.87,21.1,206300
CAMT,20180511,8.44,8.6,8.32,8.35,163900
CAPR,20180511,13,13.3,12.7,13.1,243700
CAR,20180511,43.25,43.72,42.8,43.4,1435800
CARA,20180511,12.1,12.18,12,12.14,766500
CARG,20180511,33.48,33.48,32.21,32.7,341400
CARV,20180511,2.95,2.95,2.95,2.95,600
CARZ,20180511,41.25,41.38,41.25,41.38,900
CASA,20180511,21.57,22.42,19.55,20.02,2695400
CASH,20180511,35.5667,36,35.55,35.55,25800
CASI,20180511,7.85,8.12,7.65,8.09,356100
CASS,20180511,61.33,61.75,60.46,61.75,27400
CASY,20180511,99.08,100.3,99.04,99.74,288700
CATC,20180511,87.07,87.07,86.55,86.55,1100
CATH,20180511,33.59,33.72,33.59,33.71,1500
CATY,20180511,41.82,42.17,41.64,41.76,238300
CBAN,20180511,16.7,16.7,16.7,16.7,1700
CBAY,20180511,10.96,11.14,10.52,10.66,883400
CBFV,20180511,34.4,34.9,33.75,34.7,11400
CBIO,20180511,25.27,25.65,24.91,25.44,143200
CBRL,20180511,162.44,163.06,160.66,160.77,256100
CBSH,20180511,65.48,65.68,65.26,65.46,232400
CBTX,20180511,29.03,29.44,28.75,29.35,80700
CCBG,20180511,23.9,24.13,23.28,23.49,11900
CCD,20180511,20.92,20.92,20.59,20.68,49100
CCLP,20180511,6.44,6.56,6.42,6.52,48100
CCMP,20180511,112.89,113.18,111.41,112.03,67300
CCNE,20180511,29.94,29.94,29.65,29.68,9600
CCOI,20180511,50.55,50.6,49.55,49.8,421000
CCRN,20180511,11.83,12.11,11.76,12.07,171600
CCXI,20180511,10.8,11.04,10.46,10.91,288500
CDC,20180511,45.78,45.91,45.7,45.76,47300
CDEV,20180511,20.35,20.52,19.54,19.54,1921100
CDK,20180511,65.23,65.26,64.37,64.47,910000
CDL,20180511,44.58,44.61,44.51,44.53,24100
CDLX,20180511,19.5,22.57,18.34,20.23,536700
CDMO,20180511,3.61,3.72,3.6,3.68,193200
CDNA,20180511,11.83,11.83,10.75,10.97,433200
CDNS,20180511,42.27,42.47,42.06,42.25,1911600
CDTX,20180511,4.05,4.15,3.85,4.1,118500
CDW,20180511,78.31,79,78,78.64,1057200
CDXC,20180511,3.58,3.72,3.33,3.48,592900
CDXS,20180511,12.4,13.25,12,12.65,637300
CDZI,20180511,12.8,12.9,12.65,12.75,134700
CECE,20180511,5.57,6.03,5.171,5.865,548000
CELC,20180511,19.54,20.15,19.5,19.99,23600
CELH,20180511,5.5,5.5,4.82,4.99,59700
CEMI,20180511,8.2,8.6,8.2,8.6,46100
CENT,20180511,38.41,39.86,38.41,39.76,69400
CENTA,20180511,36.5,37.88,36.025,37.69,212900
CENX,20180511,15.86,16.1,15.6,15.88,775100
CERN,20180511,60.49,60.95,60.32,60.83,3194700
CERS,20180511,6.26,6.7,6.25,6.58,1550900
CETX,20180511,21.92,21.92,20.92,20.96,45200
CETXP,20180511,5.01,5.01,5.01,5.01,300
CETXW,20180511,0.36,0.36,0.36,0.36,0
CEVA,20180511,30.1,31,30.1,30.8,259500
CEY,20180511,25.77,25.77,25.44,25.48,159100
CFA,20180511,49.66,49.77,49.53,49.63,44800
CFBK,20180511,13.365,13.42,13.31,13.31,48200
CFFI,20180511,59.82,60,58.85,58.85,1000
CFFN,20180511,12.94,12.98,12.84,12.86,277400
CFMS,20180511,1.38,1.44,1.38,1.39,161700
CFO,20180511,49.6,49.735,49.496,49.57,66100
CFRX,20180511,16.6,17.5,16.5,17.4,37500
CG,20180511,21.65,21.85,21.4,21.65,671600
CGBD,20180511,17.93,17.93,17.65,17.78,43000
CGEN,20180511,3.4,3.5,3.26,3.35,133300
CGNX,20180511,48.46,48.66,48.065,48.37,1271800
CGO,20180511,14.15,14.2,13.99,14.1,5700
CHCI,20180511,2.72,2.77,2.67,2.69,36300
CHCO,20180511,73.04,73.7,72.55,72.96,66400
CHDN,20180511,93.5,93.7083,92.7167,93,97100
CHEF,20180511,28.15,28.45,27.6,27.7,158700
CHEK,20180511,4.35,4.35,4.05,4.13,323100
CHEKZ,20180511,0.77,0.78,0.7,0.74,14000
CHI,20180511,11.48,11.48,11.36,11.38,169800
CHKP,20180511,100.07,100.8,99.55,100.23,1055200
CHMG,20180511,48.62,49,48.37,48.81,2700
CHNR,20180511,2.12,2.12,1.96,1.96,600
CHRS,20180511,14.95,16.7,14.855,16.5,1593000
CHRW,20180511,84.8,86.81,84.6,86.44,1383100
CHSCL,20180511,27.42,27.52,27.36,27.43,40500
CHSCM,20180511,26.52,26.57,26.41,26.54,19400
CHSCN,20180511,27.35,27.42,27.26,27.31,12100
CHSCO,20180511,28.6,28.63,28.56,28.56,15600
CHSCP,20180511,29.6,29.74,29.6,29.69,3700
CHTR,20180511,273.51,274.56,269.3,272.81,1825600
CHUY,20180511,30.05,30.15,28.8,29.1,187200
CHW,20180511,9.38,9.38,9.25,9.35,115500
CHY,20180511,12.2,12.22,12.07,12.1,227800
CIBR,20180511,26.86,26.86,26.55,26.61,248600
CID,20180511,36.92,36.92,35.9,35.9,6500
CIDM,20180511,1.65,1.66,1.63,1.65,34400
CIGI,20180511,71.25,71.3,70.05,70.15,43900
CIL,20180511,41.36,41.36,41.31,41.34,1800
CINF,20180511,71.92,72.33,71.225,71.88,353200
CIVB,20180511,23.01,23.27,22.86,23.26,138800
CIZ,20180511,35.72,35.79,35.61,35.73,12600
CIZN,20180511,22,22,21.99,21.99,300
CJJD,20180511,1.48,1.55,1.48,1.55,9900
CKPT,20180511,3.45,3.49,3.23,3.23,77900
CLAR,20180511,7.15,7.2,7.05,7.1,49800
CLBK,20180511,15.63,16,15.59,15.98,648400
CLBS,20180511,4.26,4.26,3.85,4.08,20600
CLDX,20180511,10.95,11.25,10.65,10.95,2955700
CLFD,20180511,11.8,11.9,11.3,11.55,50100
CLGN,20180511,4.7,5.6,4.7,5.6,2300
CLIR,20180511,1.8,2,1.8,1.925,92700
CLLS,20180511,27.85,28.16,27.25,28.08,205100
CLMT,20180511,7.2,7.3,7,7.2,289300
CLNE,20180511,2.3,2.3,1.91,1.96,2885400
CLRB,20180511,11,11.2,10.5,11.1,238600
CLRG,20180511,25.48,25.72,25.48,25.7,41500
CLRO,20180511,6,6.25,6,6.05,4500
CLSD,20180511,11.61,11.74,11.34,11.65,256200
CLSN,20180511,2.6,2.62,2.435,2.51,219400
CLVS,20180511,48.26,51.5,48.1,51.19,1908800
CLWT,20180511,2.1667,2.18,1.8667,1.9333,111100
CLXT,20180511,17.13,17.32,16.25,16.4,37800
CMCO,20180511,36.25,36.7,35.96,36.19,64400
CMCSA,20180511,31.54,31.95,31.51,31.9,14674100
CMCT,20180511,14.96,15.15,14.96,15.15,800
CME,20180511,159.83,160,158.5,159.29,1194900
CMPR,20180511,140.52,141.48,139.43,140.77,135400
CMRX,20180511,4.55,4.67,4.505,4.62,105000
CMTL,20180511,30.69,30.69,30.23,30.46,73600
CNBKA,20180511,79.8,80,79.7,80,1700
CNCE,20180511,18.64,19.36,18.62,19.22,120100
CNCR,20180511,26.7,27.44,26.7,27.37,15300
CNET,20180511,3.03,3.03,2.9,2.94,256200
CNFR,20180511,6.05,6.05,6.01,6.05,1600
CNOB,20180511,26.4,26.45,26.05,26.25,50600
CNSL,20180511,11.28,11.71,11.28,11.68,514000
CNTY,20180511,8.34,8.61,8.29,8.45,134700
CNXN,20180511,29.65,29.77,28.845,29.27,26800
COCP,20180511,1.97,1.97,1.88,1.93,41500
CODA,20180511,4.03,4.03,4,4.01,800
CODX,20180511,1.82,1.84,1.8,1.84,4800
COHR,20180511,178.52,178.52,173.82,174.32,379200
COHU,20180511,23.38,23.9,23.08,23.63,516900
COKE,20180511,137.82,139.85,130,130.85,156500
COLB,20180511,41.65,42.05,41.65,41.83,174400
COLL,20180511,25.79,26.99,24.63,25.49,540400
COLM,20180511,82.39,82.95,82.17,82.22,184400
COMM,20180511,29.63,29.96,29.27,29.9,1680200
COMT,20180511,39.46,39.61,39.38,39.44,58400
CONE,20180511,55.29,55.72,54.8,55.31,487400
CONN,20180511,25.2,25.45,24.8,25.1,535500
COOL,20180511,23.73,25.5,23.73,25.16,469900
CORT,20180511,15.73,16.62,15.64,16.2,1771900
COST,20180511,195.33,195.98,194.57,195.76,1296300
COUP,20180511,53.87,54.73,53.43,54.21,634000
COWN,20180511,15.8,15.8,15.5,15.65,207500
CPHC,20180511,14.91,15.5,14.75,14.75,1700
CPIX,20180511,5.92,6.07,5.53,5.98,18400
CPLP,20180511,3.14,3.2,3.13,3.13,299800
CPRT,20180511,54.5,55.31,54.22,55.26,1794800
CPRX,20180511,2.79,3.02,2.79,2.94,2381700
CPSH,20180511,1.35,1.35,1.35,1.35,1200
CPSI,20180511,32,32.05,31.4,31.85,84800
CPSS,20180511,3.51,3.51,3.42,3.42,31000
CPTAG,20180511,25.15,25.18,24.76,24.76,6700
CPTAL,20180511,25.25,25.25,25.195,25.195,1100
CRAI,20180511,56,57.02,56,56.71,44000
CRBP,20180511,5.95,6.05,5.05,5.475,3240700
CREG,20180511,16.5,18.1,15.5,16,258700
CRESY,20180511,16.9,17.32,16.41,16.58,191600
CRIS,20180511,2.6,2.7,2.55,2.6,1033000
CRMT,20180511,55.2,55.525,54.05,54.05,20100
CRNT,20180511,2.81,2.88,2.78,2.81,271700
CRON,20180511,5.69,6.25,5.64,6.12,3350600
CROX,20180511,16.19,16.28,15.83,16,822000
CRSP,20180511,52,54.1,51.45,52.73,942900
CRTO,20180511,27.11,27.28,26.68,26.69,531600
CRUS,20180511,39.56,39.815,38.86,38.92,645800
CRVL,20180511,52.15,52.15,50.6,51.3,12500
CRVS,20180511,9.92,10.26,9.67,9.85,53200
CRWS,20180511,5.87,5.91,5.85,5.85,17800
CSA,20180511,46.98,46.98,46.93,46.93,1900
CSB,20180511,43.9,44.195,43.9,44.12,4100
CSBR,20180511,4.5,4.5,4.27,4.29,15700
CSCO,20180511,46.09,46.27,45.78,45.93,17551500
CSF,20180511,45.98,46.13,45.88,45.88,3000
CSGP,20180511,394.44,394.65,390.42,392.13,118900
CSGS,20180511,39.21,39.57,38.37,39.32,237000
CSII,20180511,27.79,28.17,27.24,28.01,245200
CSIQ,20180511,16.74,16.87,16.45,16.65,453600
CSML,20180511,27.79,28.02,27.79,27.93,140100
CSPI,20180511,9.81,10.1,9.65,9.95,37700
CSQ,20180511,12.28,12.32,12.18,12.2,272400
CSSE,20180511,8.26,8.55,7.87,8.5,176400
CSTE,20180511,12.7,13.15,12.5,12.85,1100200
CSTR,20180511,19.56,19.88,19.15,19.5,23400
CSWC,20180511,17.11,17.25,17,17.25,8200
CSWI,20180511,45.1,45.6,45.1,45.4,14900
CSX,20180511,62.96,63.88,62.8,63.09,4599200
CTAS,20180511,181.44,183.99,181.31,183.91,338100
CTBI,20180511,49.95,50.35,49.6,49.65,40500
CTG,20180511,6.66,7.15,6.47,6.95,53100
CTHR,20180511,1.24,1.28,1.2,1.28,49100
CTIB,20180511,4.14,4.25,4,4.18,20400
CTIC,20180511,4.05,4.14,4.03,4.14,217300
CTMX,20180511,22.94,23.2,21.4,22.92,693200
CTRE,20180511,15.34,15.42,15.005,15.08,745800
CTRN,20180511,29.26,30.31,29.26,29.66,36900
CTSH,20180511,75.83,76.99,75.78,76.58,3678700
CTSO,20180511,7.9,8.1,7.8,8.05,157500
CTXR,20180511,2.52,2.63,2.52,2.63,5800
CTXRW,20180511,0.4,0.4,0.4,0.4,0
CTXS,20180511,108.08,108.08,107.03,107.47,1769400
CUBA,20180511,6.92,6.94,6.865,6.94,1400
CUE,20180511,13.6,14.43,13.59,14.31,64600
CUTR,20180511,35.6,37.6,34.755,37.45,659200
CVBF,20180511,22.96,23.11,22.815,22.89,175600
CVCO,20180511,174.45,178.25,173.45,177.4,34600
CVCY,20180511,20.805,21.07,20.705,20.88,10200
CVGI,20180511,8.2,8.39,8.16,8.23,222400
CVGW,20180511,94.65,94.95,93.75,94,96300
CVLT,20180511,70.35,70.35,68.95,69.65,195000
CVLY,20180511,29.41,29.56,29.26,29.53,5400
CVV,20180511,8.1,8.2,8,8.06,5400
CWBC,20180511,11.75,11.75,11.64,11.7,10700
CWBR,20180511,5.88,6.34,5.88,6.1,25700
CWCO,20180511,13.4,13.95,13.3,13.9,32800
CWST,20180511,24.52,24.71,24.16,24.21,132100
CXDC,20180511,4.1,4.25,3.91,4,15300
CXSE,20180511,44.235,44.27,44.095,44.215,7200
CYAD,20180511,33.55,33.55,33.55,33.55,200
CYAN,20180511,4.2,4.35,4.08,4.08,12500
CYBE,20180511,16.2,16.5,16.1,16.25,27900
CYBR,20180511,59.3,59.3,58.18,58.78,301400
CYCC,20180511,27,28,26.6,27.6,58900
CYCCP,20180511,5.9,5.9,5.9,5.9,0
CYRN,20180511,2.75,2.85,2.7,2.85,18600
CYRX,20180511,9.71,9.86,9.665,9.83,151100
CYTK,20180511,8.65,9,8.55,8.9,382700
CZNC,20180511,24.99,25.4,24.92,24.99,32900
CZR,20180511,12.15,12.225,11.825,11.9,5567300
CZWI,20180511,13.99,13.99,13.99,13.99,0
DAIO,20180511,7.31,7.5,7.29,7.48,44900
DAKT,20180511,9.34,9.43,9.315,9.35,103100
DARE,20180511,1.09,1.11,1.07,1.09,186700
DAX,20180511,31.43,31.43,31.28,31.34,600
DBVT,20180511,23.15,23.75,23.07,23.59,72700
DBX,20180511,31.95,32.38,30.59,31.28,7338600
DCOM,20180511,19.6,19.7,19.4,19.4,58700
DCPH,20180511,24.83,25.35,24.14,24.96,83300
DENN,20180511,15.79,15.87,15.51,15.52,128200
DERM,20180511,10.33,10.6,10.3,10.54,524400
DFFN,20180511,7.5,7.8,7.2,7.35,97200
DGICA,20180511,14.26,14.35,13.95,14.08,47100
DGICB,20180511,13,13,13,13,0
DGII,20180511,12.35,12.37,12,12.15,29700
DGLY,20180511,2.55,2.6,2.5,2.6,9100
DGRE,20180511,26.52,26.58,26.35,26.54,12300
DGRS,20180511,35.59,35.64,35.48,35.63,2200
DGRW,20180511,41.15,41.27,41.05,41.24,71600
DHIL,20180511,193.3,197.5,192.97,195.84,10000
DIOD,20180511,33.02,33.06,32.39,32.56,241300
DISCA,20180511,23.84,24.22,23.59,24.03,6370100
DISCB,20180511,28,28,28,28,0
DISCK,20180511,22.61,22.99,22.37,22.84,4939700
DISH,20180511,31.82,32.03,30.77,31.38,3538200
DJCO,20180511,235,235,235,235,0
DLHC,20180511,5.81,5.93,5.81,5.93,1000
DLPN,20180511,3.27,3.31,3.12,3.28,2500
DLTH,20180511,17.34,18.32,17.34,17.61,223000
DLTR,20180511,91.88,93.95,90.21,93.89,3140100
DMLP,20180511,18.2,18.4,18.1,18.35,184000
DMRC,20180511,29.5,29.79,28.7,28.9,31100
DNLI,20180511,20.43,20.43,19.03,19.44,305400
DOCU,20180511,44.56,45.89,44.01,44.37,762100
DOGZ,20180511,3.8,3.9,3.78,3.9,5600
DORM,20180511,65.52,66,64.68,65.1,84900
DOX,20180511,66.33,67.73,65,66.29,1500700
DRIO,20180511,1.76,1.85,1.76,1.82,13600
DRIV,20180511,15.41,15.46,15.36,15.39,9100
DRNA,20180511,14.15,14.77,13.33,14.46,478100
DRRX,20180511,1.77,1.83,1.62,1.75,553100
DSGX,20180511,30,30.45,29.9,30,34300
DSKE,20180511,9.17,9.35,9.04,9.3,289200
DSKEW,20180511,1,1.05,1,1.02,62400
DSPG,20180511,12.55,12.75,12.5,12.6,27800
DSWL,20180511,3.06,3.06,3,3.015,30600
DTEA,20180511,3.75,3.75,3.65,3.75,3200
DVAX,20180511,18.65,19.65,18.55,19.525,2601400
DVY,20180511,97.04,97.38,96.95,97.13,370700
DWAS,20180511,51.64,51.87,51.5,51.7,40800
DWAT,20180511,12.06,12.06,12.06,12.06,0
DWCR,20180511,30.2,30.2,30.2,30.2,700
DWPP,20180511,29.03,29.06,28.98,28.98,1400
DWSN,20180511,7.3,7.46,7,7.45,101100
DXCM,20180511,84.91,87.07,84.75,86.8,931500
DXGE,20180511,32.71,32.75,32.71,32.74,2800
DXJS,20180511,46.16,46.31,46.1,46.27,10500
DXLG,20180511,1.55,1.65,1.5,1.6,87000
DXPE,20180511,37.93,38.4,37.5,37.93,105000
DXYN,20180511,2.7,2.7,2.5,2.55,11300
DYNT,20180511,2.9,2.91,2.9,2.9,2700
DZSI,20180511,11.1,11.25,9.53,10.25,51500
EA,20180511,133.3,134.58,132.12,132.81,4364100
EAST,20180511,7.15,7.165,7.031,7.11,12500
EBAY,20180511,38.38,38.76,38.11,38.26,7455900
EBIX,20180511,79.9,80.25,79.2,79.75,189500
EBMT,20180511,19.5,19.8,19.3,19.75,4400
EBSB,20180511,19.35,19.5,19.2,19.275,297800
EBTC,20180511,36.66,36.9,36.43,36.66,6000
ECHO,20180511,27.95,28.6,27.95,28.1,354200
ECOL,20180511,58.55,59.525,58,59.2,96300
ECPG,20180511,45.25,46.055,44.7,44.95,252600
EDAP,20180511,2.48,2.48,2.3,2.3,27900
EDIT,20180511,33.5,35.35,33.5,35.18,874800
EDUC,20180511,12.685,12.875,12.125,12.35,41500
EEFT,20180511,83.95,84.49,82.45,82.53,457000
EEMA,20180511,74.44,74.745,74.31,74.52,39500
EFAS,20180511,18.32,18.41,18.32,18.345,3200
EFOI,20180511,11.6,11.65,11.35,11.6,6800
EFSC,20180511,53.05,53.45,53.025,53.2,109400
EGAN,20180511,10.5,10.95,10.48,10.5,256800
EGBN,20180511,60.75,61.25,60.25,60.5,54300
EGLE,20180511,37.17,39.83,37.17,39.55,537700
EGRX,20180511,61.79,66.69,61.79,65.57,337000
EHTH,20180511,18.81,18.87,18.16,18.54,129000
EIGR,20180511,9.35,10,9.155,10,53100
EKSO,20180511,22.8,24.6,22.8,23.85,441600
ELOX,20180511,14.45,16,14.14,14.76,65900
ELSE,20180511,3.88,3.88,3.725,3.8,8700
ELTK,20180511,4.23,4.23,4.11,4.12,12200
EMB,20180511,109.1,109.25,108.83,109.17,6017200
EMCB,20180511,69.68,69.68,69.68,69.68,400
EMCF,20180511,32.21,33.37,31.72,33.37,2000
EMIF,20180511,31.15,31.15,30.955,30.955,4100
EMKR,20180511,4.9,4.975,4.65,4.75,248700
EML,20180511,29.05,30.4,29.05,30.4,22400
EMXC,20180511,53.17,53.17,53.17,53.17,0
ENDP,20180511,5.95,6.16,5.94,6.1,3627000
ENG,20180511,0.9,0.95,0.9,0.95,33000
ENPH,20180511,5.21,5.21,4.88,5.09,1765300
ENSG,20180511,33.2,33.505,32.61,33.08,218400
ENTA,20180511,98.88,100.635,98.75,100.04,208700
ENTG,20180511,35.9,36.14,35.4,35.6,349000
ENZL,20180511,48.64,48.73,48.5,48.73,13000
EOLS,20180511,11.69,13.77,11.69,13.49,499700
EPAY,20180511,44.69,44.99,44.46,44.95,405200
EPIX,20180511,3.99,4.11,3.85,4.07,10800
EPZM,20180511,14.85,15.7,14.8,15.65,307500
EQBK,20180511,39.8,39.965,39.38,39.52,27000
EQIX,20180511,400,406.02,398.18,401.89,431800
EQRR,20180511,50.21,50.21,50.1,50.1,1300
ERIC,20180511,7.92,7.93,7.83,7.91,9956000
ERIE,20180511,113.73,114.44,112.22,113.44,14700
ERII,20180511,8.9,8.9,8.515,8.63,310100
ERYP,20180511,20.31,20.31,20.31,20.31,100
ESBK,20180511,20.4,20.5,20.4,20.5,1500
ESCA,20180511,13.35,13.5,13.3,13.4,6600
ESEA,20180511,16.24,17.2,16.24,17.12,43300
ESGD,20180511,69.34,69.39,69.25,69.33,22100
ESGE,20180511,36.935,36.96,36.73,36.7575,11700
ESGR,20180511,210.75,212.65,208.4,211.55,22000
ESGU,20180511,59.76,59.83,59.625,59.71,14400
ESLT,20180511,111.91,112.39,111.53,111.95,60800
ESPR,20180511,41.01,43.25,40.86,42.21,1179800
ESQ,20180511,24.36,24.6,24.04,24.5,4800
ESSA,20180511,14.92,14.96,14.76,14.87,16000
ESXB,20180511,8.95,8.95,8.55,8.75,487300
ETSY,20180511,29.34,30.2,29.32,30.01,2322400
EUFN,20180511,23.59,23.65,23.56,23.58,203200
EVBG,20180511,42.7,43.64,42.225,43.57,367800
EVFM,20180511,6.41,6.41,6.3,6.4,9300
EVGN,20180511,3.03,3.03,3.03,3.03,0
EVK,20180511,4,4.152,3.946,4.075,19000
EVLO,20180511,16.04,16.1,16,16,68100
EVLV,20180511,1.11,1.13,1.07,1.12,202900
EVOK,20180511,2.69,2.7,2.65,2.7,46900
EVOL,20180511,3.34,3.34,3.25,3.3,10400
EWBC,20180511,69.64,70.01,69.24,69.61,519100
EWZS,20180511,15.86,15.86,15.58,15.65,5900
EXAS,20180511,51.5,52.53,51.39,52.39,1205700
EXEL,20180511,19.03,19.585,18.68,19.55,6274700
EXLS,20180511,54.68,55.17,54.37,54.7,152600
EXPD,20180511,71.34,73.04,71.22,72.35,1520200
EXPE,20180511,113.68,114.22,112.94,113.91,1436300
EXPO,20180511,44.45,44.875,44.45,44.825,56300
EXTR,20180511,8.82,8.87,8.27,8.35,4060000
EYE,20180511,33.37,33.8,32.75,33.05,162000
EYEG,20180511,8.7,8.7,7.65,7.95,879300
EYEN,20180511,8.65,8.89,8.5,8.5,800
EYES,20180511,14,15.52,13.2,15.04,787900
EYESW,20180511,0.65,0.65,0.65,0.65,100
EYPT,20180511,2.05,2.22,1.84,2.01,2293500
EZPW,20180511,13.15,13.3,12.925,13.05,2338400
FAAR,20180511,29.87,29.87,29.84,29.85,1500
FAB,20180511,55.7,55.7,55.45,55.45,7700
FAD,20180511,71.27,71.28,70.8,71.1,37900
FALN,20180511,26.53,26.64,26.48,26.64,136700
FAMI,20180511,7.91,8.32,7.8,8.29,97000
FANG,20180511,130.29,130.97,123.17,123.82,3155100
FANH,20180511,25.92,25.985,25.45,25.91,114600
FARM,20180511,24.5,24.825,24.4,24.5,145600
FARO,20180511,53.85,54.1,53.2,53.8,52900
FAST,20180511,25.715,26.165,25.6825,25.89,1787500
FAT,20180511,6.15,6.48,6.15,6.39,5600
FATE,20180511,10.27,10.47,8.96,9.31,1810800
FB,20180511,184.85,188.32,184.18,186.99,21207800
FBIO,20180511,3.72,3.84,3.5,3.53,128700
FBIOP,20180511,22.87,22.87,21.8,21.8,7000
FBIZ,20180511,25.99,25.99,25.63,25.81,8700
FBMS,20180511,33.55,33.6,33.35,33.55,20600
FBNC,20180511,40.28,40.33,39.85,40.26,112000
FBZ,20180511,15.6,15.6,15.23,15.28,48600
FCA,20180511,31.95,31.97,31.95,31.97,1000
FCAL,20180511,50.35,50.38,50.3,50.3,1000
FCAP,20180511,36.88,37.46,36.8,37.1,9100
FCBC,20180511,31.81,32.44,31.81,32.22,53900
FCCO,20180511,24,24,23.35,23.5,17300
FCCY,20180511,21.7,21.7,21.55,21.55,10500
FCEF,20180511,21.7,21.7,21.7,21.7,600
FCEL,20180511,23.76,23.76,23.04,23.4,420900
FCNCA,20180511,446.9,449.5,441.3,443.9,25900
FCVT,20180511,30.05,30.08,29.93,30.01,41400
FDBC,20180511,49.75,50.99,49.36,50.99,2600
FDIV,20180511,48.93,49.12,48.93,48.98,9500
FDT,20180511,64.02,64.31,64.02,64.11,110700
FDTS,20180511,44.76,44.76,44.37,44.62,14100
FDUS,20180511,13.53,13.74,13.38,13.44,89800
FEIM,20180511,8.42,8.75,8.19,8.24,24900
FELE,20180511,44.55,45.45,43.7,45.2,83300
FEM,20180511,28.76,28.766,28.535,28.585,82200
FEMB,20180511,40.73,40.73,40.565,40.565,4000
FEMS,20180511,42.03,42.03,41.665,41.763,32300
FENC,20180511,11.56,11.84,11.37,11.69,19700
FEP,20180511,41.26,41.31,41.185,41.2,112500
FEUZ,20180511,45.989,46.299,45.985,46.1,8800
FEX,20180511,59.89,60.02,59.715,59.89,34100
FFBC,20180511,32.45,32.5,32.175,32.25,241300
FFBW,20180511,10.93,10.93,10.93,10.93,0
FFHL,20180511,3.43,3.75,3.15,3.5,7900
FFIC,20180511,26.07,26.26,25.98,25.98,62500
FFIN,20180511,26.25,26.4,26.15,26.2375,121000
FFIV,20180511,172.3,172.79,170.23,171.76,653900
FFNW,20180511,17.24,17.55,17.21,17.38,16400
FFWM,20180511,18.66,18.7,18.57,18.6,44700
FGBI,20180511,26.98,27.99,26.98,27.51,13800
FGEN,20180511,45.4,47.6,45.4,47.4,502700
FGM,20180511,52.19,52.19,52,52.06,5900
FHB,20180511,28.21,28.555,27.5,28.34,1909300
FIBK,20180511,41.7,42.05,41.3,41.8,149900
FINX,20180511,25.18,25.24,25.11,25.2,366500
FISI,20180511,32.18,32.2,31.7,31.8,19100
FISV,20180511,72.44,72.89,72.25,72.79,1518500
FITB,20180511,33.94,34.19,33.84,33.98,3717600
FITBI,20180511,28.24,28.46,28.01,28.46,30900
FIVE,20180511,71.38,71.5,70.7,71.01,620900
FIVN,20180511,31.45,31.53,30.85,30.97,258300
FIXD,20180511,49.24,49.25,49.16,49.16,40200
FIXX,20180511,20.67,21,19.97,20.18,76300
FIZZ,20180511,89.64,90.8,88.1,88.53,160400
FJP,20180511,59.25,59.35,59.1,59.19,9900
FKU,20180511,42.15,42.169,42,42.075,2700
FLDM,20180511,5.57,5.78,5.57,5.71,174800
FLEX,20180511,14.66,14.88,14.62,14.8,7472400
FLGT,20180511,3.79,3.8,3.76,3.8,800
FLIC,20180511,25.05,25.3,24.6,24.85,54800
FLL,20180511,3.36,3.4,3.25,3.4,56800
FLN,20180511,21.06,21.06,20.551,20.595,34200
FLNT,20180511,2.35,2.55,2.308,2.525,445100
FLWS,20180511,12.35,12.375,12.15,12.2,129700
FLXN,20180511,24.9,25.84,24.73,25.78,752500
FLXS,20180511,37.55,37.74,37.2,37.39,13600
FMAO,20180511,41.05,42.99,40,42.99,8600
FMB,20180511,52.64,52.7,52.57,52.58,67600
FMBH,20180511,37.5,37.98,37.31,37.49,20900
FMBI,20180511,25.36,25.54,25.305,25.35,343700
FMHI,20180511,50.15,50.15,50.15,50.15,0
FMNB,20180511,15.55,15.64,15.4,15.45,13500
FNCB,20180511,9.5,9.5,9.29,9.3,13200
FNHC,20180511,18.46,18.58,18.24,18.34,143800
FNK,20180511,35.42,35.42,35.33,35.33,1800
FNKO,20180511,9.36,9.79,9.3,9.57,268400
FNLC,20180511,28.08,28.385,27.81,28.11,9500
FNWB,20180511,16.8,16.97,16.6,16.66,13700
FNX,20180511,67.65,67.77,67.34,67.61,11700
FNY,20180511,42.694,42.835,42.61,42.74,5700
FOLD,20180511,13.82,14.3,13.54,14.01,2221700
FONR,20180511,26.5,28.15,26,26.075,49500
FORD,20180511,1.44,1.48,1.43,1.44,57100
FORM,20180511,13.2,13.275,12.95,13.05,292400
FORR,20180511,42.45,42.75,42,42.05,40000
FORTY,20180511,34.02,34.02,34.02,34.02,500
FOSL,20180511,18.15,19.19,17.9,18.57,3037000
FOX,20180511,37.45,37.595,37.185,37.48,1334700
FOXA,20180511,37.92,38.11,37.65,37.94,6280100
FOXF,20180511,35.55,36.15,35.5,35.8,116300
FPA,20180511,35.66,35.66,35.51,35.65,3200
FPAY,20180511,4.4,4.5,4.15,4.22,28300
FPXI,20180511,37.51,37.62,37.31,37.36,2900
FRBA,20180511,14.3,14.3,14.05,14.15,5700
FRBK,20180511,8.8,9.05,8.8,9,237900
FRGI,20180511,24.1,24.7,23.7,24.05,921300
FRME,20180511,44.79,44.98,44.38,44.64,69100
FRPH,20180511,59,59.4,57.3,57.6,22600
FRPT,20180511,20.9,21.05,20.7,20.85,216000
FRSH,20180511,5.47,5.64,5.22,5.5,47400
FRSX,20180511,3.18,3.27,3.15,3.15,78700
FRTA,20180511,8.15,8.96,8.15,8.83,734600
FSBC,20180511,17.4,17.4,17.4,17.4,0
FSBW,20180511,57.35,57.4,56.81,57.4,8800
FSFG,20180511,69.27,72.27,69.27,72.27,10700
FSLR,20180511,73.18,73.67,71.74,72.78,1181300
FSTR,20180511,22.6,23.15,22.5,22.7,12300
FSV,20180511,70.47,70.77,69.9,70.64,16300
FSZ,20180511,53.06,53.06,52.97,52.97,2800
FTA,20180511,52.95,53.11,52.87,52.96,51100
FTAG,20180511,27.415,27.43,27.415,27.415,600
FTC,20180511,66.43,66.75,66.3,66.53,131000
FTCS,20180511,51.22,51.35,51.08,51.24,76000
FTEK,20180511,1.3,1.31,1.16,1.23,204200
FTFT,20180511,2.15,2.2,2.06,2.16,56700
FTGC,20180511,21.51,21.52,21.45,21.49,44600
FTHI,20180511,22.51,22.57,22.46,22.57,5800
FTLB,20180511,22.23,22.26,22.2,22.25,1400
FTNT,20180511,60.18,60.57,59.34,60.38,1713400
FTRI,20180511,12.95,12.98,12.95,12.98,1300
FTSL,20180511,48.18,48.19,48.157,48.185,138600
FTSM,20180511,60.03,60.04,60.02,60.03,343800
FTXD,20180511,21.19,21.19,21.19,21.19,0
FTXG,20180511,19.205,19.205,19.205,19.205,0
FTXH,20180511,20.95,21.31,20.95,21.31,500
FTXL,20180511,33.28,33.34,32.89,32.98,7200
FTXN,20180511,24.42,24.42,24.16,24.23,7100
FTXO,20180511,30.62,30.92,30.62,30.77,43300
FTXR,20180511,24.9,24.9,24.9,24.9,300
FULT,20180511,17.45,17.675,17.4,17.45,678100
FUNC,20180511,20.8,22.9,20.75,22.55,277700
FUND,20180511,7.91,7.92,7.88,7.92,38400
FUSB,20180511,11.18,11.18,11.05,11.13,4200
FUV,20180511,2.77,2.99,2.7,2.96,26400
FV,20180511,30.08,30.15,29.94,30.02,259700
FVC,20180511,27.93,28.06,27.85,27.9,50400
FVE,20180511,1.15,1.25,1.15,1.25,42500
FWONA,20180511,28.57,29.36,28.49,29.34,318300
FWONK,20180511,30,30.69,29.73,30.68,1853600
FWP,20180511,2.18,2.23,2.12,2.17,8500
FWRD,20180511,56.16,57.28,56.15,56.95,101500
FYC,20180511,45.7,46.07,45.68,46.05,35700
FYT,20180511,37.35,37.389,37.095,37.15,4000
FYX,20180511,63.38,63.57,63.16,63.38,23200
GABC,20180511,35.81,35.9,35.18,35.35,24100
GAIA,20180511,17.1,17.55,17.1,17.35,52500
GAIN,20180511,11.22,11.26,11.21,11.25,128000
GAINN,20180511,25.32,25.55,25.32,25.55,1500
GALT,20180511,3.29,3.39,3.21,3.36,151800
GASS,20180511,4.09,4.18,4.09,4.15,11600
GBCI,20180511,38.75,39.02,38.63,38.7,162300
GBDC,20180511,18.4,18.49,18.39,18.41,208500
GBLI,20180511,39.99,40.05,38.12,39.54,19000
GBLIL,20180511,25.5,25.54,25.46,25.46,3400
GBT,20180511,47,49.5,46.85,49.5,610700
GCBC,20180511,32.2,32.2,31,31.4,3600
GDEN,20180511,29.09,29.71,27.39,28.65,364500
GDS,20180511,32.5,35.5,32,35.26,1212200
GECC,20180511,9.43,9.45,9.35,9.4,23400
GECCM,20180511,24.54,24.54,24.25,24.51,3300
GENC,20180511,15.6,15.7,15.5,15.55,4500
GENE,20180511,4.72,4.92,4.72,4.8,28200
GENY,20180511,36.041,36.075,36.002,36.075,900
GEOS,20180511,10.97,11.18,10.8,10.94,101400
GERN,20180511,3.5,3.75,3.25,3.47,6691200
GEVO,20180511,7.4,7.4,6.2,6.6,803400
GFED,20180511,23.05,23.49,23.05,23.49,500
GGAL,20180511,51.99,53,47.93,47.99,1119000
GIFI,20180511,10,10.15,9.9,10.05,78600
GIGM,20180511,2.79,2.9,2.79,2.82,39900
GIII,20180511,36.7,37.03,36.34,36.8,294100
GILD,20180511,65.22,66.75,64.84,66.16,10014000
GILT,20180511,7.77,7.88,7.7,7.82,23300
GLAD,20180511,8.97,9.01,8.95,8.97,75100
GLBS,20180511,780,810,770,810,79700
GLBZ,20180511,11.975,12,11.975,11.976,9100
GLDD,20180511,5.05,5.145,5,5.1,150300
GLDI,20180511,9.08,9.08,9.04,9.04,9300
GLMD,20180511,5.9,5.9,5.79,5.89,23500
GLNG,20180511,33.24,33.6,33.06,33.33,667800
GLPG,20180511,91.21,93.065,91.13,92.89,198000
GLPI,20180511,35.11,35.14,34.7,34.86,931200
GLRE,20180511,15.4,15.65,15.4,15.575,304400
GLYC,20180511,17.89,18.79,17.83,18.49,578400
GNCA,20180511,7.2,7.52,7.2,7.36,307400
GNMA,20180511,48.2,48.24,48.18,48.21,2800
GNPX,20180511,13.13,13.13,10.7,10.87,318800
GNTX,20180511,23.18,23.37,23.08,23.14,855400
GNTY,20180511,33,33,32.71,32.85,4100
GNUS,20180511,2.86,3.05,2.81,2.81,5300
GOGL,20180511,8.81,8.88,8.77,8.87,97300
GOGO,20180511,5.77,5.79,5.42,5.46,1963800
GOOD,20180511,18.56,18.57,18.3,18.36,73600
GOODO,20180511,26.3,26.3,25.96,25.96,2700
GOOG,20180511,1093.6,1101.33,1090.91,1098.26,1253600
GOOGL,20180511,1100.41,1109.01,1097.22,1103.38,1525200
GPP,20180511,16,16.36,15.95,16.35,75700
GPRE,20180511,18.9,19.5,18.49,19.3,463100
GPRO,20180511,5.54,5.76,5.46,5.74,2784200
GRBK,20180511,10.95,11.05,10.8,11.05,13500
GRFS,20180511,22.08,22.96,22.05,22.93,982700
GRID,20180511,52.78,52.81,52.61,52.61,4700
GRMN,20180511,59.11,59.58,59,59.29,709500
GROW,20180511,2.7,2.77,2.61,2.63,128800
GRPN,20180511,102.6,104.8,102,104,11532900
GRVY,20180511,34.25,34.4,31.99,32.8,34200
GSBC,20180511,56.55,56.55,55.45,55.65,18700
GSHD,20180511,16.98,17,16.38,16.83,55100
GSIT,20180511,7.58,7.66,7.45,7.47,19900
GSM,20180511,11.22,11.28,11.07,11.19,616300
GT,20180511,25.69,25.86,25.36,25.54,1896200
GTHX,20180511,49.2,52.44,47.57,48.09,219900
GTIM,20180511,3.2,3.3,3.2,3.285,10900
GTYH,20180511,9.96,9.96,9.96,9.96,0
GURE,20180511,7.25,7.25,6.9,7.1,54500
GVP,20180511,3.3,3.3,3.1,3.18,7900
GWGH,20180511,8,8.3,8,8.1,2100
GWRS,20180511,8.9,9.12,8.9,8.99,9200
GYRO,20180511,20.71,20.72,20.7,20.7,900
HA,20180511,36.75,37.8,36.65,37.25,617400
HAFC,20180511,28.3,28.5,28.175,28.2,115800
HAIN,20180511,28.25,28.49,27.73,27.91,1331000
HALL,20180511,9.84,9.86,9.7,9.74,14500
HALO,20180511,17.5,19.14,17.4,18.825,3505800
HAS,20180511,87.24,87.97,86.75,87.25,883300
HAYN,20180511,39.59,40.72,39.5,39.86,71900
HBAN,20180511,15.16,15.23,15.08,15.13,5570000
HBCP,20180511,44.13,44.43,44.05,44.21,27000
HBIO,20180511,4.9,5,4.8,4.9,86000
HBMD,20180511,17.95,17.95,17.75,17.85,9500
HBNC,20180511,19.9067,20.1133,19.6233,19.9333,30900
HBP,20180511,6.14,6.15,5.72,5.87,52000
HCCI,20180511,20.5,21,20.4,20.5,72100
HCKT,20180511,15.96,16.18,15.95,16.11,82100
HCM,20180511,34.17,34.69,33.88,34.34,40500
HCSG,20180511,37.93,38.27,37.63,38.06,547300
HDSN,20180511,3.02,3.02,2.56,2.625,1937100
HEAR,20180511,11.16,18.62,10.6,16.03,17152200
HEES,20180511,38.68,38.86,37.69,38.06,325600
HELE,20180511,91.15,92.35,88.4,91.7,181700
HEWG,20180511,29.16,29.25,29.16,29.2,165100
HFBL,20180511,31.61,31.61,31.61,31.61,0
HFWA,20180511,31.35,31.85,31.35,31.8,199100
HGSH,20180511,2.8,2.82,2.74,2.76,17800
HIBB,20180511,27.3,27.9,26.575,27.4,442400
HIFS,20180511,212.11,212.11,212.11,212.11,500
HIHO,20180511,4.9,4.935,4.8,4.867,8500
HIMX,20180511,6.94,7.04,6.76,6.81,2415900
HLG,20180511,73.89,79.16,73.89,78.24,207800
HLIT,20180511,3.75,3.85,3.75,3.8,309200
HLNE,20180511,45.1,45.93,43.97,45.78,161000
HMHC,20180511,6.9,7,6.7,6.8,471000
HMNF,20180511,19,19,18.7,19,900
HMST,20180511,27.3,27.55,27.1,27.25,224300
HMTV,20180511,11.6,11.8,11.6,11.75,29900
HNDL,20180511,23.93,24,23.93,23.98,6300
HNNA,20180511,19.4,19.661,19.07,19.295,4100
HNRG,20180511,7.43,7.61,7.31,7.38,40700
HOFT,20180511,37.75,38.16,37.6,37.75,23600
HOLI,20180511,22.53,22.53,21.81,21.84,381400
HOLX,20180511,38.2,38.56,37.95,38.26,1828700
HOMB,20180511,23.58,23.74,23.48,23.54,402600
HONE,20180511,10.1623,10.3016,10.1233,10.1511,46300
HOPE,20180511,18.17,18.29,18.08,18.13,1120200
HOVNP,20180511,6.54,6.54,6.54,6.54,1000
HQY,20180511,70.24,71.62,70.24,71.48,299400
HRTX,20180511,29.3,30.75,29.055,30.75,1135200
HRZN,20180511,10.11,10.3,10.11,10.24,84800
HSDT,20180511,11.5,11.5,11.2,11.37,34000
HSIC,20180511,72.74,73.43,71.97,72.94,1155400
HSII,20180511,38.65,39,38.275,38.6,99200
HSKA,20180511,92.35,93.37,91.18,92.89,121000
HSON,20180511,17.7,18.1,17.4,18,8100
HSTM,20180511,27.59,27.79,27.35,27.44,65600
HTBI,20180511,26.7,27.05,26.7,26.85,10900
HTBK,20180511,16.87,16.99,16.81,16.82,114900
HTBX,20180511,1.33,1.35,1.295,1.32,1376200
HTGM,20180511,3.76,3.79,3.45,3.54,1316100
HTHT,20180511,37.2875,38.11,37.2875,37.75,349300
HTLD,20180511,17.86,18.07,17.78,17.9,709800
HTLF,20180511,54.9,55.3,54.7,54.8,62000
HUBG,20180511,47.25,48.2,47.1,47.6,174000
HURC,20180511,45.7,46.25,45.7,46.15,5600
HURN,20180511,36.5,37.15,36.44,36.9,88300
HVBC,20180511,14.35,14.39,14.35,14.39,400
HWBK,20180511,22,22,22,22,200
HWKN,20180511,32.07,32.4,31.65,31.9,30200
HX,20180511,12,12.08,11.7,11.88,32600
HYAC,20180511,9.66,9.66,9.63,9.63,398200
HYACU,20180511,10.09,10.09,10.09,10.09,0
HYACW,20180511,0.8,0.8,0.8,0.8,0
HYLS,20180511,47.56,47.69,47.5,47.52,92800
HYZD,20180511,24.24,24.24,24.1,24.12,54600
HZNP,20180511,13.78,14.34,13.7,14.25,1576900
IAC,20180511,143,149.5,143,148.26,2100700
IART,20180511,64.08,65.03,62.77,64.79,633900
IBB,20180511,103.73,106.925,103.73,106.58,5060300
IBCP,20180511,24.65,24.85,24.65,24.7,65700
IBKR,20180511,79.67,80.2,79.28,79.7,537600
IBOC,20180511,42.05,42.45,41.85,42.25,146900
IBTX,20180511,76.5,77.725,76.15,76.9,79800
ICAD,20180511,3.69,3.74,3.65,3.74,24600
ICBK,20180511,28,28,27.69,28,4100
ICCC,20180511,8.11,8.49,7.93,8.1,30300
ICCH,20180511,14.76,14.78,14.76,14.78,1800
ICFI,20180511,65.7,66.15,64,65.6,77700
ICHR,20180511,26.03,27.48,25.92,26.02,1242600
ICLK,20180511,7.21,7.775,7.21,7.65,90400
ICLN,20180511,10.02,10.05,9.925,9.93,134700
ICLR,20180511,124,126.59,122.99,126.17,189000
ICPT,20180511,70.87,72.13,70.05,71,487700
ICUI,20180511,263.1,265.25,261.15,264.55,136800
IDCC,20180511,79.75,80.3,79.2,79.3,219700
IDLB,20180511,31.08,31.09,30.91,31.06,8500
IDRA,20180511,13.92,14.4,13.68,14.08,713700
IDXX,20180511,209.6,211.8,209.37,211.38,329000
IEA,20180511,9.5,9.76,9.3,9.6,12100
IEAWW,20180511,0.9,0.92,0.89,0.9,25000
IEF,20180511,101.47,101.47,101.3,101.41,2816300
IEI,20180511,119.27,119.28,119.2,119.23,174400
IEP,20180511,69.99,69.99,67.01,69.64,216100
IESC,20180511,17.65,17.65,17.41,17.5,11700
IEUS,20180511,60.03,60.19,59.95,60.12,36500
IFGL,20180511,30.48,30.565,30.45,30.49,22600
IFMK,20180511,6.44,6.71,6.25,6.38,5600
IFRX,20180511,33.8,35.205,31.31,34.17,92100
IFV,20180511,22.51,22.65,22.42,22.48,117300
IGF,20180511,44.07,44.18,43.93,44.01,184000
IGOV,20180511,49.97,50.03,49.87,49.89,139100
III,20180511,4.131,4.17,4.095,4.13,49800
IIN,20180511,28.8,30.545,28.706,29.7,152200
IIVI,20180511,45.8,45.8,44.65,44.9,536900
IJT,20180511,182.35,182.97,181.67,182.63,62900
IKNX,20180511,8.659,9.15,8.635,9.15,6000
ILMN,20180511,265.46,267.32,264.27,266.99,611700
ILPT,20180511,21.59,21.76,21.24,21.35,86900
IMGN,20180511,10.42,10.72,10.2,10.61,1899300
IMKTA,20180511,28.05,29.4,27.9,29,160600
IMMP,20180511,1.85,1.94,1.85,1.92,6200
IMMR,20180511,13,13.05,11.94,12.51,3045300
IMOS,20180511,14.48,14.58,14.42,14.45,79000
IMRN,20180511,8.76,8.76,8.5,8.6,4500
IMRNW,20180511,3.04,3.04,3.04,3.04,0
IMTE,20180511,12.25,13.06,11.24,11.58,159400
INBK,20180511,34,34.2,33.65,33.95,29200
INCY,20180511,65.39,66.91,64.61,66.45,2474100
INDB,20180511,74.9,75.3,74,74.6,52500
INDY,20180511,35.95,36.11,35.82,35.9,92600
INFI,20180511,2.02,2.08,1.97,2.02,344200
INFN,20180511,9.47,10.3,9.39,10.16,3461200
INFR,20180511,28.2,28.64,28.2,28.2,1400
INGN,20180511,181.77,184.66,179.08,184.04,98800
INO,20180511,4.4,4.58,4.39,4.56,736100
INOD,20180511,1.15,1.16,1.12,1.16,51000
INOV,20180511,9.35,9.9,9.2,9.75,1653500
INPX,20180511,684,738,666,702,1806700
INSE,20180511,6.2,6.35,6.2,6.3,16900
INSG,20180511,2,2,1.85,1.85,415300
INSM,20180511,26.77,27.38,26.33,27.33,391700
INTC,20180511,54.62,55.19,54.43,54.67,15405000
INTG,20180511,26.15,26.75,26.15,26.725,2100
INTU,20180511,194.19,196.28,193.46,194.2,1208100
INVA,20180511,14.73,14.93,14.65,14.75,606900
INVE,20180511,3.35,4.05,3.35,3.85,86600
IONS,20180511,43.03,46,43,45.95,1619300
IOSP,20180511,74.75,76.15,73.55,75.25,146900
IOVA,20180511,15.65,15.8,14.55,15.2,723800
IPAR,20180511,48.2,48.725,47.4,47.7,199100
IPDN,20180511,2.71,2.88,2.71,2.78,24900
IPGP,20180511,251.58,253,248.39,251.47,253200
IPKW,20180511,38.59,38.79,38.59,38.76,106900
IPWR,20180511,12.5,12.5,11.8,12.3,134100
IQ,20180511,21.81,22.4,20,20.52,12479700
IRBT,20180511,61.93,62.6,61.49,62.36,485100
IRCP,20180511,38,38.8,37.8,37.96,53800
IRDM,20180511,11.9,12.1,11.85,12,737800
IRIX,20180511,7.2,7.2,6.965,7.08,15100
IRMD,20180511,18.3,18.6,18.3,18.55,13600
IROQ,20180511,21.14,21.14,20.47,20.88,7100
IRTC,20180511,68.31,68.5,67.2,68.22,122900
IRWD,20180511,17.75,18.61,17.68,18.54,1122500
ISBC,20180511,13.5,13.53,13.42,13.47,1193300
ISHG,20180511,84.22,84.22,84.08,84.21,3000
ISIG,20180511,1.66,1.66,1.61,1.63,25700
ISRG,20180511,156.03,157.5933,154.7483,156.1167,615400
ISSC,20180511,3.025,3.05,3.025,3.049,2100
ISTB,20180511,48.99,48.99,48.95,48.96,103300
ISTR,20180511,26.1,26.325,25.9,26,6500
ITCI,20180511,20.02,20.39,19.72,20.35,230500
ITI,20180511,4.97,5.07,4.77,5.06,166200
ITIC,20180511,190.08,191.7,190.08,191.7,600
ITRI,20180511,67.45,68,65.6,66.25,460000
ITRN,20180511,31.35,31.35,31,31.1,11500
IUSB,20180511,49.23,49.31,49.23,49.29,94400
IUSG,20180511,57,57.15,56.84,57.08,174600
IUSV,20180511,54.28,54.44,54.16,54.31,198000
IVAC,20180511,4.85,4.9,4.7,4.75,217600
IXUS,20180511,64.35,64.4,64.145,64.21,351600
IZEA,20180511,2.01,2.1,2,2.01,75600
JACK,20180511,91.5,92,89.725,90.52,573100
JAGX,20180511,168,168,168,168,1237700
JAKK,20180511,25,25.5,25,25.5,39400
JAZZ,20180511,160.23,166.8,159.85,164.42,1103300
JBHT,20180511,123.12,125.42,123.12,124.66,690500
JBLU,20180511,18.81,19.01,18.76,18.98,4357200
JBSS,20180511,63.08,64.38,63.08,63.42,58100
JCS,20180511,3.45,3.68,3.43,3.43,5700
JCTCF,20180511,7.95,8.16,7.687,7.7475,5500
JD,20180511,37.02,37.2,36.69,36.95,6867100
JJSF,20180511,136.22,137.6,135.27,137.08,55100
JKHY,20180511,122.83,124.25,122.83,123.99,207000
JNCE,20180511,15.51,17.58,15.51,16.78,670700
JOBS,20180511,97.77,98.3,97.17,97.85,105500
JOUT,20180511,73.45,74.48,72.85,73.08,30600
JRJC,20180511,20.2,20.4,19.7,20.2,8800
JRSH,20180511,9.7,9.7,9.37,9.5,49000
JRVR,20180511,36.8,37.37,36.51,36.67,847300
JSM,20180511,22.13,23.16,22.09,22.5,18900
JSMD,20180511,42.25,42.25,41.65,41.66,3800
JSML,20180511,39.11,39.11,39.02,39.03,500
JVA,20180511,4.18,4.18,4.09,4.16,3000
JYNT,20180511,7.01,7.55,6.85,7.14,97400
KALA,20180511,16.97,17.3,16.61,16.72,178700
KALU,20180511,105.16,106.38,104.99,105.84,81900
KALV,20180511,8.96,9.13,8.825,9.02,8100
KBAL,20180511,16.17,16.29,15.88,16.19,53000
KBWB,20180511,57.24,57.58,57.12,57.26,123800
KBWD,20180511,23.16,23.19,23.1,23.12,50700
KBWP,20180511,60.87,61.52,60.87,61.22,57700
KBWR,20180511,59.51,59.51,59.18,59.31,4200
KBWY,20180511,32.97,33.09,32.8,32.86,65200
KE,20180511,18.15,18.3,18.005,18.2,23800
KELYA,20180511,25.1,25.2,24.49,24.495,300000
KEQU,20180511,33.661,33.825,33.46,33.65,5700
KFFB,20180511,8.6,8.6,8.6,8.6,1200
KFRC,20180511,32.5,32.85,32.3,32.65,271000
KHC,20180511,58.97,59.86,58.97,59.24,3980200
KIDS,20180511,19.52,19.75,19.25,19.31,41700
KINS,20180511,17.8,18.07,17.55,17.65,19400
KIRK,20180511,10.92,11.06,10.78,10.84,91000
KLAC,20180511,110.79,111.78,110.41,111.07,950100
KLIC,20180511,23.72,23.89,21.58,21.99,2280900
KMDA,20180511,4.65,4.7,4.6,4.65,4500
KMPH,20180511,5.7,6.05,5.025,5.9,113700
KNDI,20180511,6.25,6.25,5.9,6.15,426000
KNSL,20180511,52.71,53.98,52.4,52.84,79300
KOPN,20180511,3.33,3.34,3.23,3.33,359800
KOSS,20180511,2.25,2.78,2.1,2.39,448900
KPTI,20180511,17.12,18.46,17.12,17.98,1758600
KRMA,20180511,19.87,19.9,19.85,19.85,4000
KRNT,20180511,16.05,16.15,15.35,15.5,329600
KRNY,20180511,14.3,14.4,14.075,14.125,379400
KRYS,20180511,10.4,10.96,10.1,10.1,20600
KTCC,20180511,8.22,8.35,8.01,8.25,8600
KTOS,20180511,11.08,11.68,10.81,11.4,3051100
KURA,20180511,15.5,16.55,15.5,16.55,244800
KVHI,20180511,11.35,11.4,11.25,11.35,15600
KZIA,20180511,5.425,5.648,5.03,5.296,12900
LAKE,20180511,14.75,15.31,14.75,14.95,62200
LAMR,20180511,66.68,67.11,64.26,66.88,286600
LANC,20180511,127.17,129.2,127.17,127.96,59700
LAND,20180511,12.78,12.95,12.7,12.78,58900
LARK,20180511,28.17,28.24,27.95,28.01,5100
LASR,20180511,31.2,31.2,29.81,30.06,56500
LAUR,20180511,14.5,14.78,14.24,14.57,1261200
LAWS,20180511,24,25.25,23,24.8,7200
LAZY,20180511,9.1,9.18,8.89,8.9,14900
LBAI,20180511,19.85,20,19.75,19.85,69800
LBC,20180511,13.04,13.05,12.79,12.85,22500
LBRDA,20180511,70.87,71.1,70.28,70.73,131100
LBRDK,20180511,71.88,71.88,70.47,71.63,702800
LBTYA,20180511,30.74,31.07,29.59,29.61,3423000
LBTYB,20180511,30.55,30.55,30.55,30.55,0
LBTYK,20180511,29.93,30.26,28.9,28.92,4562000
LCA,20180511,10.08,10.08,10.08,10.08,100
LCAHU,20180511,10.66,10.66,10.66,10.66,200
LCAHW,20180511,0.58,0.58,0.55,0.55,18800
LCNB,20180511,19,19,18.8,18.95,11400
LCUT,20180511,10.85,11.15,10.7,11,33000
LE,20180511,19.3,19.65,18.85,18.9,141800
LECO,20180511,87.02,88.23,86.81,87.79,474400
LEDS,20180511,3.97,4.13,3.83,3.88,59600
LEGR,20180511,30.06,30.06,29.89,30.02,15700
LEVL,20180511,28.75,28.96,28.55,28.93,62700
LFUS,20180511,216.92,218,211.01,213.79,198000
LFVN,20180511,4.65,4.75,4.51,4.67,93700
LGIH,20180511,63.95,64.87,61.4,62.18,532500
LGND,20180511,172,179.8,171.6,178.2,374400
LHCG,20180511,72.56,73.3,72.1,73.23,173400
LIFE,20180511,30.8,32.2,29.4,32.2,30300
LILA,20180511,21.48,21.79,21.27,21.45,189200
LILAK,20180511,21.35,21.51,21,21.18,456800
LINC,20180511,1.89,1.89,1.8,1.82,347600
LIND,20180511,11.45,12.03,11.45,11.92,525100
LINK,20180511,4.67,4.67,4.58,4.65,1800
LITE,20180511,63.05,63.9,62.35,63.1,1115100
LIVE,20180511,14.16,14.17,13.85,13.86,30500
LIVN,20180511,86.38,87.14,84.94,85.69,263000
LJPC,20180511,30.3,31.25,28.01,29.11,1133900
LKFN,20180511,48.89,49.15,48.7,48.72,102100
LKQ,20180511,30.25,30.43,30.02,30.28,1970700
LLNW,20180511,5.4,5.4,5.3,5.36,490800
LMAT,20180511,34.12,34.48,33.13,33.48,115100
LMB,20180511,12.56,12.765,12.5,12.53,30500
LMBS,20180511,51.28,51.29,51.17,51.19,171100
LMFA,20180511,6.4,6.7,6,6.3,111800
LMNR,20180511,24.05,24.23,23.81,24.14,8900
LMRK,20180511,14.05,14.35,14.05,14.25,48900
LMRKN,20180511,23.5,23.5,23.3,23.3,2800
LMRKO,20180511,23.04,23.09,23.04,23.08,3000
LMRKP,20180511,23.65,23.65,23.26,23.26,2000
LNDC,20180511,13.3,13.45,13.05,13.2,28600
LNTH,20180511,14.9,15,14.15,14.9,357200
LOAN,20180511,7.25,7.693,7.105,7.6,66900
LOB,20180511,29.05,29.3,28.9,29.05,47000
LOCO,20180511,10.2,10.25,10,10.15,175600
LOGI,20180511,40.5,40.58,40.37,40.48,203000
LOOP,20180511,12.11,12.31,12.11,12.31,6300
LOPE,20180511,108.5,109.37,107.9,108.19,149400
LORL,20180511,39,39.75,38.83,39.2,65600
LPCN,20180511,1.07,1.13,1.05,1.1,448000
LPLA,20180511,69.88,70.365,69.39,69.6,516400
LPSN,20180511,18.3,18.45,18.1,18.3,400400
LPTH,20180511,2.11,2.14,2.09,2.11,54200
LPTX,20180511,7.2,7.46,6.95,7.42,57400
LQDT,20180511,5.75,5.8,5.65,5.75,36900
LRCX,20180511,202.42,204.76,200.89,201.55,1945400
LRGE,20180511,31.61,31.61,31.6,31.6,1200
LSBK,20180511,16.8,17.5,16.8,17.4,7900
LSCC,20180511,5.49,5.49,5.37,5.38,342500
LSTR,20180511,108.2,110.55,107.75,109.75,340600
LSXMA,20180511,43.92,44.16,43.65,43.94,204600
LSXMB,20180511,43.64,43.64,43.64,43.64,200
LSXMK,20180511,43.83,44.16,43.68,43.96,534100
LTBR,20180511,12.48,13.44,12.36,13.2,354800
LTRPA,20180511,12.4,12.5,12.17,12.35,466000
LTRPB,20180511,12.355,12.405,12.35,12.4,2900
LTRX,20180511,2.29,2.3,2.28,2.3,80800
LULU,20180511,97.77,98.7,97.55,98.54,910600
LUNA,20180511,2.98,3.03,2.8,2.96,136700
LVHD,20180511,29.35,29.53,29.35,29.43,157500
LWAY,20180511,4.97,4.99,4.81,4.87,14200
LX,20180511,17,17.37,16.74,16.77,126100
LXRX,20180511,9.31,9.64,9.22,9.49,660500
LYL,20180511,3.85,4.05,3.84,3.92,8800
LYTS,20180511,5.58,5.615,5.5,5.53,88200
MACK,20180511,8.45,8.61,8.28,8.48,91800
MACQ,20180511,10.4,10.4,10.4,10.4,0
MACQU,20180511,11.04,11.04,11.04,11.04,0
MACQW,20180511,0.8,0.85,0.8,0.85,123000
MANH,20180511,45.27,45.63,44.92,45.01,375400
MANT,20180511,54.1,54.3,53.93,54.1,143200
MAR,20180511,138.88,140.11,138.18,139.82,1509100
MARA,20180511,5.4,5.68,5.4,5.48,921100
MARK,20180511,6.35,6.46,6.09,6.17,263000
MARPS,20180511,3.41,3.74,3.41,3.73,6500
MASI,20180511,98.19,99.3,97.48,98.35,534100
MAT,20180511,14.47,15.11,14.33,14.88,4504900
MATW,20180511,52.1,52.4,51.95,52.25,144200
MAYS,20180511,40,40,40,40,0
MBB,20180511,103.62,103.63,103.55,103.6,277500
MBCN,20180511,26.475,26.475,25.675,25.95,6300
MBII,20180511,1.7,1.81,1.68,1.8,524700
MBIN,20180511,23.06,23.06,22.81,22.97,44700
MBIO,20180511,8.15,8.37,7.55,8.25,146800
MBOT,20180511,13.2,13.2,12.6,12.9,346100
MBRX,20180511,1.71,1.735,1.7,1.72,134700
MBUU,20180511,41.59,42.5,41.46,41.92,171200
MBWM,20180511,35.4,35.85,35.37,35.59,26700
MCBC,20180511,11.1,11.34,11.1,11.19,60300
MCEF,20180511,17.79,17.79,17.79,17.79,1100
MCFT,20180511,27.53,28.9,27.53,27.94,501200
MCHI,20180511,69.99,70.01,69.475,69.74,1998600
MCHP,20180511,46.75,47.11,46.255,46.475,1440700
MCHX,20180511,2.68,2.72,2.65,2.71,29200
MCRB,20180511,8.2,8.36,8.01,8.32,130700
MCRI,20180511,43.95,44.15,43.34,43.53,30000
MDB,20180511,41.41,44.42,41.37,43.21,1044400
MDGL,20180511,113.14,122.68,112.04,120.5,294100
MDGS,20180511,4.76,4.8,4.6,4.76,6800
MDIV,20180511,18.32,18.41,18.32,18.33,94800
MDLZ,20180511,39.21,39.36,38.96,39.23,7666100
MDRX,20180511,12.71,12.84,12.46,12.78,1246100
MDWD,20180511,5.7,6,5.55,5.95,107200
MDXG,20180511,7.1,7.36,6.62,6.97,3518700
MEDP,20180511,40.52,41.56,39.14,41.24,148200
MEIP,20180511,2.45,2.47,2.15,2.23,495600
MELI,20180511,315.43,321.29,308.17,309.01,835900
MEOH,20180511,68.65,70.6,68.35,69.45,653500
MERC,20180511,14.85,15.2,14.575,14.9,455300
MESO,20180511,5.5,5.54,5.46,5.54,15000
METC,20180511,7.35,7.7,7.29,7.36,76900
MFIN,20180511,3.65,3.78,3.59,3.76,126300
MGEE,20180511,58.5,58.75,58,58.1,60500
MGI,20180511,6.7,6.97,6.6,6.87,670300
MGIC,20180511,8.1,8.2,8.1,8.2,154500
MGLN,20180511,86.5,88.45,84.6,87.1,198800
MGNX,20180511,19.77,20.52,19.77,20.5,525700
MGPI,20180511,88.14,90.13,87.055,87.39,124100
MGRC,20180511,63.53,63.64,62.94,63.33,101300
MGYR,20180511,12.26,12.26,12.26,12.26,0
MHLD,20180511,8.4,8.4,8.125,8.175,248800
MICT,20180511,1.35,1.38,1.34,1.35,54200
MIDD,20180511,105.98,108.02,105.79,107.32,782600
MILN,20180511,20.8,20.84,20.68,20.83,5800
MIME,20180511,42.59,42.77,41.51,41.71,291300
MIND,20180511,3.54,3.7,3.51,3.64,347800
MINDP,20180511,23.37,23.37,23.37,23.37,300
MITK,20180511,8.65,8.7,8.525,8.65,153800
MKSI,20180511,115.55,115.55,112.9,113.8,259400
MKTX,20180511,204.5,206.095,203.55,205.73,79600
MLAB,20180511,173.545,173.545,171.38,172.52,3900
MLCO,20180511,32.02,32.02,31.16,31.42,1916400
MLHR,20180511,32.15,32.4,32,32.2,158300
MLVF,20180511,25.3,25.4,24.7,24.95,5200
MMLP,20180511,14.55,14.75,14.305,14.45,237100
MMSI,20180511,52.15,52.55,51.75,52,200600
MMYT,20180511,35.35,35.85,35,35.15,121000
MNDO,20180511,2.21,2.26,2.21,2.23,27400
MNKD,20180511,1.76,1.86,1.74,1.85,2666800
MNOV,20180511,10.22,10.28,9.94,10.15,94700
MNRO,20180511,52.85,55.175,52.8,54.2,390600
MNST,20180511,50.12,50.27,49,49.27,4638800
MNTX,20180511,11.78,11.78,11.3,11.38,32200
MOFG,20180511,33.07,33.39,32.82,33.09,19400
MOGO,20180511,2.7,2.85,2.43,2.74,220000
MOMO,20180511,38.54,38.54,37.05,37.73,1990300
MOR,20180511,26.86,27.4,26.31,27.4,17500
MORN,20180511,111.48,112.56,110.945,111.43,40800
MOSY,20180511,43.6,44.6,36.4,37.4,7529500
MOTS,20180511,4.32,4.48,4.32,4.48,5200
MOXC,20180511,13,13.5,12.9,13.4,10000
MPAA,20180511,21.22,21.49,21.18,21.28,63400
MPAC,20180511,9.79,9.79,9.79,9.79,0
MPACU,20180511,10.24,10.24,10.24,10.24,0
MPACW,20180511,0.47,0.47,0.47,0.47,0
MPB,20180511,36.2,36.2,35.05,35.7,5300
MPWR,20180511,128.44,128.79,126.51,126.56,157300
MRAM,20180511,8.76,8.965,8.315,8.58,189100
MRBK,20180511,17.55,17.55,17.55,17.55,0
MRCC,20180511,13.34,13.48,13.31,13.45,46900
MRCY,20180511,34.44,35.135,33.94,34.69,627700
MRLN,20180511,29.75,29.9,29.25,29.3,14600
MRNS,20180511,19.16,19.52,19,19.24,254200
MRSN,20180511,16.65,16.96,16.46,16.61,69100
MRTN,20180511,13.7667,14.0667,13.7333,13.9,139200
MRTX,20180511,35.15,36,34.25,35.75,319800
MRUS,20180511,17.09,17.24,16.88,16.99,8500
MRVL,20180511,21.31,21.39,20.82,21.02,6122500
MSBI,20180511,31.96,32.22,31.81,31.85,45500
MSEX,20180511,42.02,42.17,41.5,41.86,23200
MSFT,20180511,97.8,97.87,97.04,97.7,16778300
MSON,20180511,12.1,12.85,11.9,11.9,15500
MSTR,20180511,130.46,130.725,128.75,129.28,52200
MTBC,20180511,3.8,3.9,3.7,3.72,202100
MTBCP,20180511,25.65,25.79,25.65,25.74,14900
MTCH,20180511,38.8,40.85,38.7,40.5,5128100
MTEM,20180511,9.02,9.39,8.75,8.88,37300
MTEX,20180511,16.1,16.4,15.35,15.35,31300
MTLS,20180511,12.35,12.35,11.92,11.98,24200
MTP,20180511,37.5,40.5,37.5,39.25,57500
MTRX,20180511,16.95,18,16.95,18,116300
MTSI,20180511,22.82,22.95,22.22,22.77,640500
MU,20180511,52.38,52.8,51.68,51.82,27646300
MUDS,20180511,9.67,9.67,9.67,9.67,0
MUDSU,20180511,10.25,10.25,10.25,10.25,0
MUDSW,20180511,0.62,0.62,0.62,0.62,0
MVBF,20180511,19.64,19.74,18.94,19.14,5600
MVIS,20180511,1.38,1.41,1.35,1.395,354900
MYGN,20180511,33.84,35,33.45,34.86,1087600
MYRG,20180511,38.31,38.87,37.905,38.14,53500
MYSZ,20180511,1.21,1.23,1.18,1.19,517100
NAII,20180511,10.25,10.75,10.25,10.605,10700
NAKD,20180511,650,650,635,640,26000
NAOV,20180511,4.625,4.75,4.625,4.7,42600
NATH,20180511,79.75,80,78.45,78.45,9000
NATI,20180511,42.05,42.29,41.88,42.25,274500
NATR,20180511,9.8,10.45,9.05,9.1,18000
NAVI,20180511,13.6,13.69,13.44,13.47,2010700
NBEV,20180511,1.84,1.89,1.79,1.86,217100
NBIX,20180511,88.07,90.82,87.84,90.4,800700
NBN,20180511,21.15,21.6,21,21.5,14700
NBRV,20180511,4.74,5.075,4.74,4.85,334200
NBTB,20180511,38.04,38.06,37.72,37.8,53300
NCBS,20180511,55.78,56,55.32,55.54,21000
NCMI,20180511,7.1,7.24,7.05,7.23,638900
NCNA,20180511,23.52,23.84,22.46,23.69,36100
NCSM,20180511,16.99,17.37,16.89,17.27,271200
NCTY,20180511,15.1,15.1,13.3,13.6,403400
NDAQ,20180511,90.37,90.89,90.16,90.54,599000
NDLS,20180511,8.2,9.1,7.9,8.95,697900
NDRA,20180511,2.46,2.5,2.4,2.45,6100
NDRAW,20180511,0.72,0.72,0.72,0.72,0
NDSN,20180511,132.86,133.88,131.26,132.25,104400
NEO,20180511,11.04,11.18,10.76,10.88,858100
NEOG,20180511,72.5,74.16,72.5,72.96,160600
NEON,20180511,4.35,4.41,4.26,4.36,106500
NEPT,20180511,2.68,2.8,2.67,2.76,363000
NERV,20180511,6.15,6.65,6.1,6.5,162300
NESR,20180511,10.1,10.1,10.085,10.085,8800
NESRW,20180511,1.2,1.2,1.18,1.18,30200
NETE,20180511,8.26,8.29,7.91,8.05,117500
NEWT,20180511,18.75,18.87,18.69,18.79,48400
NEWTZ,20180511,25.94,25.94,25.72,25.73,800
NEXT,20180511,6.75,7.37,6.47,6.97,37100
NFBK,20180511,15.98,16.11,15.9,15.95,45300
NFLX,20180511,329.65,331.26,324.87,326.46,4589700
NFTY,20180511,38.21,38.21,37.6,37.88,2000
NH,20180511,3.1,3.29,3.1,3.23,55900
NHTC,20180511,21.21,21.67,20.88,21.48,105500
NICE,20180511,99,100.575,98.635,100.13,263900
NICK,20180511,8.7,9.04,8.7,8.8,10100
NKSH,20180511,45.2,47.4,45.2,47.35,37800
NKTR,20180511,75,80.4,70.69,79.44,4112200
NMIH,20180511,16.35,16.35,15.055,16.15,266100
NMRD,20180511,30.8,31.2,30.8,31,6200
NMRK,20180511,14.76,14.76,14.59,14.63,200100
NNBR,20180511,21.85,22.6,21.85,22.3,119600
NNDM,20180511,13.6,13.8,12.8,13.1,20100
NODK,20180511,16.5,16.5,16.42,16.44,9100
NOVN,20180511,3.13,3.15,3.12,3.14,12700
NOVT,20180511,63.2,63.9,62.35,63.05,137800
NRC,20180511,34.05,34.4,33.5,34.35,19400
NRIM,20180511,38.3,38.3,37.55,37.65,16600
NSEC,20180511,15.75,15.75,15.75,15.75,0
NSIT,20180511,45.8,46.25,45.33,45.55,261300
NSSC,20180511,12,12,11.55,11.7,18900
NSTG,20180511,10.86,11.16,10.84,11.08,126100
NSYS,20180511,3.16,3.35,3.14,3.33,11600
NTAP,20180511,72.25,72.81,71.81,72.27,1689700
NTCT,20180511,27.85,28.05,27.35,27.4,1023800
NTES,20180511,53.898,54,52.895,53.54,711800
NTGR,20180511,57.25,57.25,56.1,56.3,294400
NTIC,20180511,14.875,15.5,14.825,15.5,4800
NTLA,20180511,22.46,23.93,22.245,23.74,540200
NTNX,20180511,59.46,59.87,58.69,59.1,1758200
NTRA,20180511,11.96,12.08,11.6,11.72,122300
NTRS,20180511,107.5,109.16,107.5,108.92,910300
NTWK,20180511,4.8,4.9,4.75,4.8,60400
NUAN,20180511,13.5,13.63,12.81,12.93,8620000
NURO,20180511,1.38,1.43,1.36,1.4,30700
NUVA,20180511,49.78,50.04,49.24,49.61,270700
NVAX,20180511,32.6,33.4,31.8,33.2,5319200
NVCN,20180511,40,40,40,40,133432900
NVCR,20180511,29.5,30.025,29.4,30,884500
NVDA,20180511,63.195,64.9475,62.635,63.6325,30361400
NVEC,20180511,99.7,100.1,96.505,100.07,16200
NVEE,20180511,59.55,60.9,59.25,59.35,54800
NVFY,20180511,9.45,9.75,9.3,9.75,168300
NVIV,20180511,229.2,236.7,220.8,224.85,90700
NVMI,20180511,27.26,27.53,27.15,27.41,97900
NWBI,20180511,16.85,16.89,16.75,16.78,192500
NWFL,20180511,30.69,30.69,29.57,30.1,5300
NWLI,20180511,304.17,305.02,291.75,294.04,36700
NWPX,20180511,20.29,20.87,19.84,20.13,48300
NWS,20180511,16.75,16.75,15.35,15.5,962900
NWSA,20180511,16.1,16.56,15.18,15.18,3252900
NXPI,20180511,99.08,99.33,98.3,99.01,2280500
NXST,20180511,63.9,65.425,63.4,65.1,518500
NXTD,20180511,19,19.7,18.5,19.3,934200
NYMT,20180511,6.17,6.175,6.12,6.13,996900
NYMTN,20180511,23.35,23.37,23.12,23.16,3300
NYMTP,20180511,22.92,22.92,22.86,22.86,2800
NYMX,20180511,4.3,4.3,4.08,4.09,87600
OBAS,20180511,8.701,8.825,8.6,8.75,4000
OBCI,20180511,3.45,3.45,3.3,3.3,13200
OBNK,20180511,36.88,37.35,36.5,37.16,128200
OBSV,20180511,12.53,12.7,12.53,12.6,2000
OCC,20180511,2.8,3.05,2.8,3.05,12800
OCFC,20180511,27.35,27.45,27.25,27.34,95600
OCSL,20180511,4.76,4.895,4.7,4.87,771500
OCUL,20180511,6.92,7.19,6.9,7.14,404100
ODFL,20180511,145.58,147.95,145.58,147.09,483800
ODP,20180511,23.2,23.5,22.3,23.2,4866400
ODT,20180511,22.5,23.41,22.5,23.08,21200
OESX,20180511,0.8,0.8,0.78,0.8,9000
OFED,20180511,29.56,30.13,28.97,29.94,3500
OFIX,20180511,53.05,53.75,52.7,53.39,87500
OFLX,20180511,70.4,72.9,70.4,72.36,14800
OFS,20180511,10.99,11.23,10.95,11.16,42200
OIIM,20180511,1.48,1.52,1.47,1.48,15200
OKTA,20180511,50.22,51,49.56,50.5,1456000
OLED,20180511,97.85,99.7,97.6,98.1,655300
OLLI,20180511,65.15,66.5,64.85,66.3,609300
OMAB,20180511,41.52,41.95,40.93,41.29,92700
OMCL,20180511,47.45,47.7,47.05,47.65,151800
OMER,20180511,17.05,20.03,17.05,19.89,3988200
OMEX,20180511,7.1,7.195,7.01,7.09,26500
ON,20180511,23.29,23.82,23.27,23.39,3718700
ONB,20180511,17.65,17.85,17.65,17.7,460300
ONCS,20180511,15.8,16,15.5,15.9,304400
ONEQ,20180511,290.26,291.11,289.2,290.41,30500
ONTX,20180511,5.625,5.7,5.475,5.505,1600300
ONVO,20180511,1.36,1.49,1.32,1.47,1830200
OPBK,20180511,12,12.33,11.865,12,20400
OPGN,20180511,36.62,36.86,35.1,36,291400
OPHC,20180511,4.57,4.87,4.57,4.87,4600
OPK,20180511,4.37,4.57,4.265,4.52,7706100
OPNT,20180511,18.77,19,18.75,18.93,18200
OPOF,20180511,26.75,26.84,26.75,26.77,3200
OPTN,20180511,22.19,23.625,22.19,22.69,89500
ORGS,20180511,8.45,8.68,8.45,8.66,4300
ORLY,20180511,264.96,270.89,263.06,269.62,724300
ORMP,20180511,6.53,7.06,6.51,6.98,26700
ORRF,20180511,26.5,26.5,26,26.1,10000
OSBC,20180511,14.55,14.7,14.55,14.65,44800
OSIS,20180511,69.4,69.95,68.65,69.12,124800
OSS,20180511,4.53,4.53,4.5,4.5,300
OSTK,20180511,35.55,36.9,35.4,36.55,1156400
OSUR,20180511,16.21,16.35,15.67,15.81,535200
OTEX,20180511,34.89,35.52,34.8,34.84,951200
OTIC,20180511,4.1,4.625,4.1,4.55,469500
OTTR,20180511,44.45,44.75,44.2,44.25,83000
OVBC,20180511,47.55,48.47,47.25,48.2,8300
OVID,20180511,9,9.19,8.63,8.8,103800
OVLY,20180511,20.29,21,20.29,20.44,26200
OXBR,20180511,2.05,2.1,2.05,2.1,2800
OXBRW,20180511,0.07,0.07,0.07,0.07,2000
OXLC,20180511,11.03,11.19,11.03,11.17,250400
OXLCM,20180511,25.65,25.65,25.65,25.65,800
OXLCO,20180511,25.37,25.49,25.36,25.49,9300
OXSQ,20180511,6.63,6.72,6.52,6.65,353400
OXSQL,20180511,25.59,25.78,25.59,25.62,1500
PAAS,20180511,18.25,18.75,18.08,18.1,1661000
PACB,20180511,2.43,2.47,2.39,2.45,845700
PACW,20180511,53.49,53.83,53.24,53.38,435100
PAHC,20180511,43.6,44.15,43.3,43.8,46400
PANL,20180511,3.54,3.6,3.34,3.37,34900
PATI,20180511,18.6,18.71,18.6,18.71,500
PATK,20180511,59.65,60.45,58.2,58.8,293700
PAVM,20180511,1.58,1.6,1.46,1.59,60700
PAVMW,20180511,0.39,0.39,0.39,0.39,0
PAVMZ,20180511,0.55,0.55,0.55,0.55,0
PAYX,20180511,62.93,63.505,62.74,63.34,1568000
PBCT,20180511,18.68,18.75,18.61,18.64,1238100
PBCTP,20180511,25.57,25.65,25.5,25.63,28500
PBHC,20180511,15.25,15.5,15.25,15.25,2400
PBIP,20180511,18.25,18.25,17.95,18.06,5500
PBPB,20180511,13,13,12.7,12.95,118400
PBYI,20180511,52.64,54.25,52.1,53.15,1286900
PCAR,20180511,63.85,64.41,63.16,63.79,2403100
PCH,20180511,48.45,50.075,47.3,47.7,511200
PCOM,20180511,11,12.15,11,11.89,159400
PCRX,20180511,34.45,34.75,33.6,34.5,440300
PCSB,20180511,20.29,20.5,20.09,20.15,43400
PCTI,20180511,7.01,7.23,7.01,7.03,33700
PCTY,20180511,58.27,58.63,57.63,57.81,118800
PCYG,20180511,8,8.4,7.725,8.15,251600
PCYO,20180511,9.8,9.8,9.55,9.6,8500
PDBC,20180511,18.77,18.77,18.68,18.71,420600
PDCE,20180511,59.9,60.63,59.1,59.6,646000
PDCO,20180511,22.79,23.02,22.23,22.82,1196600
PDEX,20180511,6.8,6.884,6.8,6.875,11500
PDFS,20180511,10.82,11.47,10.75,11.38,279000
PDLB,20180511,15.86,16.15,15.67,16.14,27300
PDP,20180511,55.15,55.47,55.15,55.31,78700
PEBK,20180511,31.39,31.66,31,31.56,5500
PEBO,20180511,36.77,37,36.46,36.57,83800
PEGA,20180511,61.95,67.95,61.8,65.05,1282400
PENN,20180511,32.09,32.64,31.94,32.24,1566100
PEP,20180511,97.58,98.26,96.88,97.43,3507200
PERI,20180511,2.79,2.91,2.55,2.61,673100
PESI,20180511,4.55,4.65,4.5,4.6,4100
PETQ,20180511,18.78,19.43,18.58,19.38,207500
PETS,20180511,34.62,35.19,34.51,34.79,340900
PETZ,20180511,3.79,3.79,3.57,3.67,34700
PEY,20180511,17.13,17.22,17.13,17.18,58900
PEZ,20180511,52,52.23,52,52.19,3800
PFBC,20180511,63.25,63.85,63.2,63.44,66500
PFF,20180511,37.05,37.08,37,37.06,1889600
PFG,20180511,58.89,59.57,58.75,59.03,1111200
PFI,20180511,36.445,36.455,36.251,36.36,3500
PFIE,20180511,4.1,4.51,4.1,4.27,567300
PFIN,20180511,7.76,8.5,7.76,8.5,6900
PFIS,20180511,47.61,48.44,45.9,46.48,6800
PFLT,20180511,13.35,13.63,13.28,13.54,347200
PFM,20180511,25.5,25.6,25.5,25.55,6400
PFMT,20180511,3,3,2.8,2.91,23700
PFSW,20180511,9.5,10.45,9.27,10.34,159300
PGC,20180511,33.01,33.49,33,33.11,51000
PGJ,20180511,47.84,47.84,47.11,47.39,19000
PHO,20180511,30.81,30.91,30.71,30.82,29200
PI,20180511,18.34,18.38,16.88,17.08,794600
PID,20180511,16.03,16.07,16.01,16.04,87900
PIE,20180511,21.52,21.62,21.43,21.48,87800
PINC,20180511,31.95,32.4,31.12,32.2,587100
PIO,20180511,25.91,26.055,25.91,26,10100
PIRS,20180511,5.62,6.08,5.62,5.85,759100
PIXY,20180511,99.2,105.2,98.4,101.2,164900
PIZ,20180511,28.4,28.515,28.38,28.41,23500
PKBK,20180511,20.65,20.75,20.35,20.6,24400
PKOH,20180511,40.25,41.25,39.65,40.55,21200
PKW,20180511,57.21,57.53,57.1,57.46,47600
PLAB,20180511,8.2,8.2,8,8,249100
PLAY,20180511,41.53,41.935,40.95,41.19,524600
PLBC,20180511,28.7,29.15,28.7,29.15,2700
PLCE,20180511,128.7,131.65,127.15,130.8,575100
PLPC,20180511,69.67,74.19,66.68,70.67,7500
PLSE,20180511,16.4,16.4,14.69,15.19,210900
PLUG,20180511,2.02,2.18,2,2.16,7264700
PLUS,20180511,86.25,88.7,86.25,88.25,115100
PLW,20180511,31.38,31.38,31.26,31.31,28700
PLXP,20180511,4.45,4.5,4.3,4.35,4000
PLXS,20180511,58.75,60.17,58.75,59.12,236700
PLYA,20180511,10.82,10.83,10.64,10.77,110300
PMD,20180511,19.87,20.24,18.96,19.69,9300
PME,20180511,3.61,3.72,3.4,3.46,91500
PMTS,20180511,2.45,2.49,2.39,2.47,7400
PNBK,20180511,19.75,19.75,19.5,19.5,300
PNFP,20180511,65.25,65.75,65.25,65.45,301300
PNNT,20180511,6.93,7.04,6.93,7.02,391800
PNQI,20180511,133.82,134.11,133,133.63,25300
PNRG,20180511,69.71,69.71,69.71,69.71,0
PODD,20180511,85.96,87.58,85.71,86.35,286500
POLA,20180511,5.97,6.19,5.95,6.04,25700
POOL,20180511,147.96,150.99,140.4,149.7,258700
POWI,20180511,35.925,36.225,35.625,35.775,83400
POWL,20180511,36.69,36.69,35.89,36.16,38800
PPBI,20180511,41.15,41.6,41,41.35,365800
PPC,20180511,22.55,23.49,21.49,21.73,2018600
PPH,20180511,57.06,58.05,57.06,57.96,51100
PPIH,20180511,9.75,9.75,9.65,9.7,14800
PPSI,20180511,5.43,5.75,5.2,5.75,4100
PRAA,20180511,38.9,40.25,38.6,39.6,447700
PRFT,20180511,24.64,24.91,24.59,24.79,231200
PRFZ,20180511,135.19,135.53,134.86,135.21,36900
PRGS,20180511,38.25,38.69,37.96,38.24,156700
PRIM,20180511,24.72,25.13,24.68,24.92,368000
PRN,20180511,60.52,60.65,60.17,60.36,6000
PROV,20180511,18.54,18.54,18.36,18.43,4700
PRPH,20180511,4.4,4.5,4.03,4.11,46400
PRPL,20180511,10.41,10.44,9.98,10.25,10900
PRPO,20180511,6.15,6.15,5.7,5.7,150900
PRQR,20180511,4.5,4.5,4.4,4.5,32600
PRTA,20180511,14.72,15.97,14.55,15.72,1275900
PRTK,20180511,11.05,11.5,10.85,11.4,617700
PRTS,20180511,1.61,1.65,1.49,1.51,502500
PSC,20180511,33.96,33.96,32.46,32.47,700
PSCC,20180511,71.19,71.19,71.19,71.19,300
PSCD,20180511,62.09,62.09,61.93,61.99,1600
PSCE,20180511,17.32,17.46,17.24,17.29,29300
PSCF,20180511,56.09,56.34,55.93,56.01,4400
PSCH,20180511,119,121.31,119,121.17,47500
PSCI,20180511,65.86,66.1,65.7,66.1,2400
PSCM,20180511,52,52,51.99,51.99,1900
PSCT,20180511,81.83,81.83,80.87,81.3,15200
PSCU,20180511,52.85,52.85,52.73,52.73,800
PSEC,20180511,6.58,6.67,6.55,6.62,2810300
PSET,20180511,32.27,32.27,32.27,32.27,0
PSL,20180511,68.76,68.76,68.28,68.51,3500
PSMT,20180511,83.15,84.2,82.8,83.1,65700
PSTI,20180511,13.9,14.4,13.8,14.2,270100
PTC,20180511,87.41,88.515,87.11,88.05,638200
PTCT,20180511,29,29.98,28.85,29.73,821300
PTEN,20180511,22.56,22.82,22.47,22.59,2012300
PTF,20180511,60.666,60.935,60.361,60.483,5200
PTGX,20180511,6.55,6.76,6.5,6.53,179300
PTH,20180511,81.72,83.28,81.72,83.28,11300
PTNR,20180511,4.2,4.2,4.02,4.12,5300
PTSI,20180511,39.99,40,39.4,39.7,5900
PUI,20180511,27.11,27.155,27.11,27.11,1800
PULM,20180511,4.5,4.6,4.4,4.4,393400
PVBC,20180511,12.175,12.35,11.85,12.3,11500
PWOD,20180511,30,30.25,30,30.1867,4100
PXI,20180511,44.68,44.68,44.12,44.31,20100
PXLW,20180511,4.18,4.21,4.03,4.11,364800
PXS,20180511,1.2,1.339,1.2,1.295,133500
PY,20180511,32.34,32.34,32.26,32.26,1300
PYPL,20180511,79.25,79.39,78.08,79.2,9871200
PYZ,20180511,69.69,70,69.56,69.68,3100
PZZA,20180511,56.5,56.58,52.5,52.55,2835400
QABA,20180511,55.9,55.97,55.53,55.68,24100
QADA,20180511,46.65,46.65,45.6,46.6,55300
QADB,20180511,35.22,35.345,34.49,34.82,4800
QAT,20180511,16.52,16.68,16.52,16.61,7200
QCLN,20180511,20.17,20.25,20.075,20.14,18100
QCOM,20180511,54.76,55.79,54.62,55.23,9639100
QCRH,20180511,47.35,47.8,47.05,47.65,36500
QDEL,20180511,57.46,57.975,56.68,57.82,256500
QIWI,20180511,18.61,18.65,18.16,18.17,73600
QLYS,20180511,78.35,79,77.05,77.3,142400
QNST,20180511,13.18,13.45,13.02,13.26,560500
QQEW,20180511,60.09,60.27,59.86,60.08,14400
QQQ,20180511,169.35,169.86,168.72,169.46,24688800
QQQX,20180511,26.66,26.95,26.6,26.88,95300
QQXT,20180511,48.8,48.85,48.67,48.85,3800
QRHC,20180511,1.94,1.98,1.94,1.97,13100
QRTEA,20180511,14.5067,15,14.5,14.68,3564600
QRTEB,20180511,15.1733,15.1733,14.7867,14.9667,1300
QRVO,20180511,81.26,82.09,81.26,81.64,854100
QTEC,20180511,79.14,79.19,78.59,78.74,104900
QTNT,20180511,4.72,4.85,4.65,4.7,130800
QTRX,20180511,19.15,19.96,18.8,19.27,111000
QUIK,20180511,21.7,22.54,21.7,22.12,140900
QUMU,20180511,2.19,2.26,2.13,2.19,27600
QURE,20180511,32.15,32.44,31.15,32.01,269700
QYLD,20180511,24.58,24.6,24.52,24.6,94000
RADA,20180511,2.47,2.5,2.4,2.42,123000
RAIL,20180511,15.36,15.46,15.175,15.32,21800
RAND,20180511,22.77,22.95,22.68,22.68,4200
RARE,20180511,60.54,64.42,60.54,64.12,586600
RAVE,20180511,1.21,1.28,1.21,1.26,5600
RAVN,20180511,40.6,40.9,40.1,40.5,58600
RBB,20180511,28.07,28.26,27.9,28.13,55400
RBBN,20180511,5.75,5.85,5.69,5.7,198500
RBCAA,20180511,43.26,43.6,43.26,43.45,6400
RBCN,20180511,7,7,6.96,6.97,3800
RBNC,20180511,23.65,23.99,23.65,23.9,14500
RCII,20180511,9.49,9.92,9.37,9.73,957500
RCKT,20180511,17.61,18.19,16.34,17.97,311000
RCKY,20180511,26.55,27.35,26.35,26.65,76100
RCM,20180511,8.25,8.41,8.23,8.35,676100
RCMT,20180511,5.01,5.1,4.97,5.025,6800
RCON,20180511,6.95,7.1,6.8,7,72700
RDCM,20180511,20.15,20.45,19.7,19.8,25500
RDFN,20180511,21.75,23.22,21.55,22.94,1721800
RDHL,20180511,6.12,6.35,6.095,6.27,130200
RDI,20180511,15.65,16.07,15.65,15.82,36600
RDIB,20180511,22,22,22,22,400
RDNT,20180511,12.95,13.25,12.925,13.1,387500
RDUS,20180511,31.23,33.09,30.835,32.69,942700
RDVT,20180511,4.38,5.25,4.38,5.25,316500
RDVY,20180511,30.24,30.32,30.11,30.23,66700
RDWR,20180511,23.7,23.8,23.34,23.44,54400
REDU,20180511,16.4,18.18,16.17,17.15,647900
REFR,20180511,0.88,0.88,0.85,0.85,79600
REGI,20180511,13.65,13.825,13.65,13.75,442800
REGN,20180511,290.44,314.84,290.44,306.94,2944400
RELL,20180511,9.38,9.41,9.31,9.39,22800
REPH,20180511,10.72,10.94,10.65,10.9,394900
RESN,20180511,4.38,4.38,4.2,4.32,442000
RETA,20180511,30.18,31.9,30,31.76,279300
RETO,20180511,4.93,5.04,4.4,4.98,184400
RFDI,20180511,65.37,65.64,65.37,65.47,30900
RFEM,20180511,73.62,73.62,73.22,73.39,7800
RFEU,20180511,67.25,67.53,67.08,67.09,20400
RFIL,20180511,6.25,6.25,6.15,6.2,24400
RGCO,20180511,26.95,27.06,26.42,27.06,2200
RGEN,20180511,40.61,42.86,40.61,42.25,522200
RGLD,20180511,90.28,90.56,89.545,90.42,315500
RGLS,20180511,8.76,8.88,7.92,8.52,451900
RGNX,20180511,47.2,49.65,47.1,49.3,598600
RIBT,20180511,1.56,1.59,1.52,1.56,281800
RICK,20180511,31.5,32.01,30.16,31.63,91100
RIGL,20180511,3.73,3.89,3.71,3.89,1168200
RILY,20180511,21.7,21.85,21.45,21.6,20900
RILYL,20180511,25.59,25.59,25.56,25.56,1500
RILYZ,20180511,25.12,25.24,25.1,25.24,5100
RING,20180511,18.38,18.4,18.23,18.32,203700
RIOT,20180511,7.44,7.55,7.27,7.38,544500
RKDA,20180511,8.02,8.3,7.31,7.78,409000
RMBL,20180511,95,95.8,94.2,95.8,3400
RMBS,20180511,13.27,13.32,13.06,13.14,477600
RMCF,20180511,11.55,11.58,11.5,11.53,4100
RMNI,20180511,7,7.31,6.58,6.83,39800
RMR,20180511,81.15,83.2,80.125,82.2,72000
RMTI,20180511,5.58,5.81,5.29,5.57,370600
RNDB,20180511,15.99,15.99,15.98,15.98,800
RNDM,20180511,52.5,52.61,52.5,52.61,700
RNDV,20180511,21.4,21.4,21.36,21.36,1400
RNEM,20180511,52.94,52.94,52.94,52.94,0
RNLC,20180511,21.91,21.92,21.88,21.88,5200
RNMC,20180511,21.775,21.775,21.74,21.747,1400
RNSC,20180511,21.825,21.825,21.788,21.8,1100
RNST,20180511,47.49,47.69,46.92,47.16,129200
RNWK,20180511,3.52,3.66,3.52,3.62,63600
ROAD,20180511,12.05,12.06,12,12.03,152800
ROBT,20180511,30.01,30.01,29.88,29.92,10700
ROCK,20180511,37.15,37.45,36.85,37.3,121400
ROIC,20180511,17.53,17.58,17.35,17.43,892600
ROKU,20180511,33.76,35.18,31.78,35.14,12678100
ROLL,20180511,120.68,122.265,120.04,121.93,39500
ROSEU,20180511,8.04,8.04,8.04,8.04,0
ROST,20180511,81.44,82.44,81,81.94,1775400
RPD,20180511,31.98,32.43,30.9,31.08,352200
RRGB,20180511,64.1,64.25,62.45,62.55,179300
RRR,20180511,33.95,34.28,33.64,33.72,359500
RSLS,20180511,966,1113,966,966,127500
RUN,20180511,11.19,11.2,10.47,10.69,5553500
RUSHA,20180511,27.8067,28.3033,27.8067,28.2,115400
RUSHB,20180511,26.68,27.1933,26.6467,27.18,2500
RUTH,20180511,27.45,27.75,27.35,27.65,197100
RVNC,20180511,29.25,30.9,29.25,30.75,253500
RVSB,20180511,8.63,8.66,8.5,8.66,111600
RWLK,20180511,27.5,27.5,26.25,26.25,175300
RYAAY,20180511,111.21,112,110.76,111.5,329900
RYTM,20180511,26.66,27.59,24.5,25.33,230300
SABR,20180511,23.19,23.28,23.08,23.24,1325000
SAFM,20180511,114.89,116.23,113,113.67,215900
SAFT,20180511,82.5,83.7,82.45,82.5,21000
SAGE,20180511,163,172.24,163,170.62,481100
SAIA,20180511,75.05,77.15,74.775,76.95,181100
SAL,20180511,43.1,43.1,43.095,43.095,400
SALM,20180511,3.35,3.355,3.3,3.35,34600
SAMG,20180511,15.6,15.6,15.35,15.5,4100
SANM,20180511,30.7,30.75,30.3,30.55,178400
SANW,20180511,3.4,3.5,3.36,3.5,257900
SASR,20180511,40.73,41.27,40.58,40.78,98800
SATS,20180511,42.8594,44.0619,42.5506,42.6481,572000
SBAC,20180511,162.14,163.13,159.6,160.1,760300
SBCF,20180511,29,29.235,28.78,29.17,328900
SBFG,20180511,19.12,19.12,18.57,18.58,4300
SBGI,20180511,29.7,29.95,29.45,29.8,1005500
SBLK,20180511,13.17,13.43,13.15,13.4,121700
SBNY,20180511,130.36,131.7,130.03,130.62,213900
SBRA,20180511,20.2,20.41,19.93,20.16,2164800
SBSI,20180511,33.71,33.89,33.54,33.63,70300
SBT,20180511,13.48,13.81,13.4,13.65,61600
SBUX,20180511,57.72,57.86,57.07,57.27,5843400
SCHL,20180511,43.15,43.56,42.76,42.92,98800
SCHN,20180511,30.1,30.65,30.05,30.25,155900
SCKT,20180511,2.78,2.87,2.78,2.84,10300
SCPH,20180511,14.46,14.94,13.52,14.07,150700
SCSC,20180511,36.5,37.25,35.555,36.8,184200
SCVL,20180511,24.43,24.79,24.19,24.6,54600
SCWX,20180511,11.09,11.19,10.88,11.03,51400
SCYX,20180511,12.3,12.8,12.25,12.7,168800
SCZ,20180511,66.79,66.85,66.7,66.78,1002700
SDVY,20180511,20.89,20.89,20.86,20.86,1600
SEAC,20180511,3.17,3.21,3.115,3.14,79200
SECO,20180511,10.17,10.58,10.13,10.18,32800
SEDG,20180511,64.25,65.45,63.6,64.3,1171600
SEED,20180511,6.5,6.8,6.5,6.6,150200
SEIC,20180511,64,64.63,63.85,64.38,438900
SELB,20180511,10.78,11.38,10.72,11.29,147800
SELF,20180511,4.1,4.16,4.1,4.12,7600
SENEA,20180511,27.5,27.85,27.35,27.75,11300
SENEB,20180511,28.8,28.8,28.8,28.8,0
SFBC,20180511,38.9,38.99,38.76,38.76,5000
SFIX,20180511,23.56,23.87,22.41,23.11,407100
SFM,20180511,21.97,22.22,21.71,21.96,1441100
SFNC,20180511,30.95,31.1,30.75,30.8,204500
SFST,20180511,47.4,47.5,47.2,47.35,5200
SGBX,20180511,89.8,90.6,85,88.4,12400
SGC,20180511,24.42,24.735,23.65,24.32,25500
SGEN,20180511,55.34,57.19,55.25,56.92,497500
SGH,20180511,45.93,46.2,44.81,46.03,491000
SGLB,20180511,12.6,16.8,12.6,15.2,194400
SGLBW,20180511,0.52,0.52,0.52,0.52,0
SGMA,20180511,6.87,6.87,6.46,6.53,6600
SGMO,20180511,14.7,15.55,14.6,15.35,2621700
SGMS,20180511,53.25,54.05,52.91,53.35,644400
SGOC,20180511,1.11,1.12,1.11,1.11,2300
SGRP,20180511,1.219,1.287,1.205,1.259,39300
SGRY,20180511,18.75,19.9,18.55,19.35,1133500
SHBI,20180511,18.72,18.85,18.64,18.67,6200
SHEN,20180511,31.15,32.25,31,31.45,123900
SHIP,20180511,208.8,225.6,207.6,225.36,272000
SHIPW,20180511,0.1,0.1,0.07,0.07,7000
SHOO,20180511,32.6,32.8333,32.3667,32.5667,212300
SHV,20180511,110.3,110.3,110.28,110.3,960300
SHY,20180511,83.18,83.18,83.16,83.16,710100
SIEB,20180511,12.55,12.55,11.06,11.23,39500
SIEN,20180511,17.21,17.415,15.65,16.54,1387800
SIFY,20180511,1.91,1.95,1.86,1.93,35600
SIGA,20180511,5.95,6.5,5.93,6.47,119800
SIGI,20180511,55.95,56.45,55.95,56.2,77000
SILC,20180511,38.71,38.71,37.84,38.08,30100
SIMO,20180511,47.95,48.36,47.73,48.26,230300
SINO,20180511,6.85,6.95,6.15,6.55,126200
SIRI,20180511,6.83,6.875,6.77,6.79,11460200
SIVB,20180511,321.5,324.77,319.58,321.02,343200
SKOR,20180511,48.88,48.97,48.85,48.97,10500
SKYW,20180511,56.35,56.85,56.15,56.35,118000
SKYY,20180511,52.58,52.72,52.34,52.58,135700
SLAB,20180511,103.25,103.9,100.5,101.75,141100
SLDB,20180511,22.36,23.175,20.35,22.46,354300
SLGL,20180511,9.18,9.29,8.4,8.57,35300
SLGN,20180511,27.38,27.53,27.21,27.37,212400
SLM,20180511,11.58,11.65,11.51,11.54,1623700
SLMBP,20180511,71,71,71,71,300
SLNO,20180511,1.58,1.6,1.58,1.58,21600
SLP,20180511,19.2,19.35,18.95,19.05,21900
SLQD,20180511,49.54,49.57,49.54,49.56,71000
SLRC,20180511,21.4,21.47,21.32,21.44,42300
SLS,20180511,5.7,5.87,5.55,5.55,68300
SLVO,20180511,7.77,7.83,7.745,7.748,5200
SMBC,20180511,34.7,34.76,34.505,34.67,8100
SMBK,20180511,24.3,24.38,24.06,24.29,21100
SMCI,20180511,23.75,24.05,23.4,23.4,351000
SMCP,20180511,25.8,25.8,25.8,25.8,0
SMED,20180511,3.85,3.92,3.85,3.87,12000
SMIT,20180511,2.1,2.15,2,2.03,36100
SMMF,20180511,25.97,26.03,25.74,25.8,5100
SMMT,20180511,13.62,14.175,13.5,14,36900
SMPL,20180511,13.84,13.96,13.79,13.93,148800
SMSI,20180511,1.96,1.96,1.75,1.83,420600
SMTC,20180511,43.35,43.4,42.65,42.9,329800
SNBR,20180511,28.11,28.6,28.03,28.38,440800
SNCR,20180511,7.83,8.14,6.86,7,15095200
SND,20180511,6.4,6.6,6.35,6.395,1119300
SNDX,20180511,10.5,10.79,10.18,10.69,259800
SNES,20180511,8,8.4,8,8.2,37300
SNFCA,20180511,5.4,5.4,5.4,5.4,0
SNGX,20180511,1.65,1.73,1.58,1.65,99700
SNGXW,20180511,0.5,0.5,0.5,0.5,0
SNLN,20180511,18.27,18.32,18.27,18.28,121500
SNOA,20180511,33.3,34.29,33.3,34.2,5400
SNPS,20180511,91.05,91.64,90.66,91.02,1050700
SNSR,20180511,20.25,20.25,20.11,20.15,16100
SOCL,20180511,34.79,34.79,34.34,34.6,24200
SOHO,20180511,6.9,6.9,6.79,6.8,39700
SOHOB,20180511,25.19,25.19,25.19,25.19,100
SOHOO,20180511,25.25,25.7,24.94,25.15,1600
SOHU,20180511,36.46,37.12,35.47,35.7,243900
SOXX,20180511,183.5,184.91,182.87,183.2,619200
SP,20180511,35.9,36.3,35.75,35.8,49000
SPCB,20180511,2.4,2.42,2.28,2.3,161500
SPI,20180511,0.47,0.47,0.455,0.455,97600
SPLK,20180511,116.84,117.86,115.71,116.05,1026200
SPNE,20180511,12,12.56,11.6,12.54,42500
SPNS,20180511,9.39,9.4,9.32,9.37,2100
SPOK,20180511,14.55,14.8,14.45,14.55,59300
SPPI,20180511,17.31,18.49,17.23,18.34,1349200
SPRO,20180511,12.58,12.75,11.88,12.04,94700
SPSC,20180511,71.21,71.61,68.89,70.19,124100
SPTN,20180511,17.46,17.88,17.32,17.46,159500
SPWH,20180511,4.49,4.68,4.47,4.63,395600
SPWR,20180511,9,9,8.56,8.71,2497500
SQLV,20180511,28.52,28.52,28.51,28.51,1000
SQQQ,20180511,302.6,306,300,302,15005000
SRAX,20180511,4.33,4.44,4.05,4.35,81100
SRCE,20180511,53.17,53.66,53.1,53.15,22100
SRCL,20180511,64,64.38,63.86,64.25,478500
SRDX,20180511,44.8,46.65,44.62,46.5,72400
SRET,20180511,14.95,14.96,14.9,14.91,26100
SREV,20180511,3.89,3.98,3.89,3.91,795900
SRNE,20180511,7.3,7.65,6.975,7.6,2203200
SRPT,20180511,91.5,93.92,90.1,92.89,1829200
SRRA,20180511,98,98.4,83.4,88.2,913200
SRTS,20180511,6.75,6.75,6.75,6.75,1000
SSB,20180511,88,88.75,87.45,88.2,74800
SSBI,20180511,14.95,15,14.95,15,6000
SSKN,20180511,1.63,1.79,1.6,1.75,1492500
SSNC,20180511,49.11,49.66,48.95,49.19,3590300
SSNT,20180511,3.84,3.84,3.84,3.84,5800
SSRM,20180511,10.57,11.44,10.44,10.84,2075000
SSTI,20180511,31.41,31.53,29.27,29.9,128100
SSYS,20180511,20.68,20.89,20.1,20.22,505000
STAA,20180511,24.1,24.5,23.55,23.85,355400
STAF,20180511,1.64,1.73,1.6,1.6,20800
STBA,20180511,44.35,44.58,43.83,44.3,169000
STCN,20180511,1.84,1.84,1.71,1.755,26900
STFC,20180511,29.54,29.769,29.215,29.64,17100
STKL,20180511,7.25,7.3,7.1,7.15,377200
STKS,20180511,2.22,2.22,2.18,2.21,4000
STLD,20180511,48.07,48.83,47.78,48.23,2104800
STRA,20180511,102.94,104,102.38,103.4,85100
STRL,20180511,13.09,13.3,12.96,13.09,144200
STRM,20180511,1.54,1.56,1.53,1.56,2900
STRS,20180511,30.75,31.15,30.1,31.1,3400
STRT,20180511,33.05,33.95,32.75,33.95,10300
STX,20180511,57.4,57.78,56.63,56.71,2461900
STXB,20180511,21.39,21.48,21.1,21.38,13500
SUMR,20180511,8.37,8.73,8.37,8.73,14300
SUNS,20180511,17.25,17.32,17.11,17.14,22600
SUNW,20180511,8.33,8.54,8.05,8.4,160800
SUPN,20180511,50.7,57.95,50.7,57.05,2699900
SURF,20180511,14.19,14.725,13.6,14.05,159400
SUSB,20180511,24.51,24.53,24.5,24.53,10500
SUSC,20180511,24.28,24.28,24.23,24.27,3400
SVBI,20180511,7.6,7.75,7.45,7.55,22300
SVRA,20180511,9.37,9.7,9.22,9.66,86700
SVVC,20180511,11.3,11.54,11.3,11.36,12600
SWIR,20180511,18.1,18.35,17.95,18.05,208900
SWKS,20180511,96.88,97.73,96.57,97.01,1853400
SYBT,20180511,38.65,39.15,38.6,39,72600
SYBX,20180511,13,13.035,11.281,11.76,172200
SYNA,20180511,45.33,45.33,42.21,42.33,1144000
SYNH,20180511,39.15,41.4,38.4,41.25,1264200
SYNL,20180511,18.35,19,18.35,18.7,9400
SYPR,20180511,1.47,1.48,1.43,1.44,6100
SYRS,20180511,11.5,12.64,11.5,12.49,172100
TA,20180511,3.15,3.2,3.1,3.15,296900
TACO,20180511,11.56,11.65,11.43,11.51,164900
TACT,20180511,11.6,11.95,11.51,11.55,8400
TAIT,20180511,1.54,1.63,1.54,1.58,88100
TANH,20180511,3.11,3.25,3.1,3.18,623000
TANNI,20180511,23.13,23.4,22.17,23.22,40900
TANNL,20180511,23.22,23.79,23.15,23.57,8600
TANNZ,20180511,23.31,23.473,22.095,23.16,11000
TAST,20180511,12.05,12.25,11.9,12.2,290800
TATT,20180511,8.55,8.55,8.2,8.55,3300
TAYD,20180511,10.36,10.38,10.1,10.1,4200
TBBK,20180511,11.08,11.24,10.93,11.14,366300
TBK,20180511,39.9,40.15,39.45,39.65,106000
TBNK,20180511,30.2,30.37,30.14,30.22,6900
TBPH,20180511,25.1,25.8,24.58,25.28,224400
TCBI,20180511,101.55,102.25,101.25,102.1,327700
TCBK,20180511,37.51,38,37.09,37.64,78300
TCFC,20180511,37.25,37.25,36.82,36.82,1400
TCMD,20180511,45.57,46.42,44.985,45.69,441700
TCON,20180511,24.5,25.5,23.75,25.5,157400
TCPC,20180511,14.54,14.7,14.47,14.5,190800
TCX,20180511,62.05,63.7,61.2,63.45,98500
TDIV,20180511,36.8,36.88,36.63,36.72,28200
TEAM,20180511,65.43,66,64.715,64.87,1477800
TECH,20180511,149.59,151.75,148.98,151.47,113300
TEDU,20180511,10.08,10.24,10,10.11,63300
TELL,20180511,11.03,11.275,10.57,10.64,1068900
TENX,20180511,6.24,6.24,6.02,6.12,13400
TESS,20180511,18.7,18.863,18.325,18.65,24100
TFSL,20180511,15.38,15.38,15.12,15.17,107200
TGA,20180511,2.01,2.01,1.78,1.91,377400
TGLS,20180511,8.595,8.866,8.595,8.75,7700
TGTX,20180511,12.35,13.2,12.3,13.1,880600
THFF,20180511,43.15,43.25,42.6,42.8,10100
THRM,20180511,34.85,35.25,34.8,34.85,118600
TIG,20180511,42.21,42.21,41.71,41.81,20400
TILE,20180511,22.75,22.85,22.6,22.7,200900
TIPT,20180511,6.4,6.5,6.35,6.4,23600
TITN,20180511,19,19.43,18.87,19.08,182200
TLT,20180511,119.32,119.36,118.82,119.23,4273300
TMUS,20180511,57.05,57.34,56.24,56.39,2774200
TNDM,20180511,8.9,9,8.32,8.9,2541700
TNXP,20180511,287,287,270,276,167600
TOPS,20180511,835,835,800,810,465500
TOUR,20180511,6.68,6.71,6.57,6.63,220500
TOWN,20180511,31.15,31.35,30.95,31.05,76800
TPIC,20180511,27.54,27.54,26.2,26.44,1080900
TQQQ,20180511,55.3833,55.8733,54.7667,55.5,4987400
TREE,20180511,287.9,294.35,279.35,279.5,216000
TRHC,20180511,46.7,47.375,45.42,47.21,266400
TRIB,20180511,4.82,4.89,4.63,4.8,28900
TRIL,20180511,6.65,6.7,6.58,6.6,8400
TRIP,20180511,48.64,49.41,48.06,48.99,3684800
TRMB,20180511,34.4,34.93,34.25,34.53,963000
TRMD,20180511,7.75,7.75,7.75,7.75,0
TRMK,20180511,32.31,32.53,32.17,32.22,149100
TRNS,20180511,16.825,16.825,16.35,16.5,5100
TROW,20180511,117.86,118.8,116.66,118.22,844400
TRS,20180511,28.5,28.7,28.275,28.4,73500
TRST,20180511,8.75,8.8,8.65,8.75,183900
TRUE,20180511,9.65,9.79,9.48,9.59,1308400
TRUP,20180511,27.83,28.5,27.65,28.42,231700
TRVG,20180511,4.85,4.94,4.74,4.76,567000
TRVN,20180511,1.89,1.95,1.87,1.92,396600
TSBK,20180511,32.76,32.79,32,32.52,11900
TSC,20180511,25.85,26.1,25.7,25.75,37300
TSCAP,20180511,26.4,26.4,26.4,26.4,0
TSCO,20180511,68,69.7,67.99,69.62,1749500
TSEM,20180511,25.25,25.5,25.13,25.15,503000
TSLA,20180511,61.54,61.776,59.816,60.212,4679600
TSRI,20180511,5.35,5.45,5.3,5.3,10900
TTD,20180511,67.75,75.8,67.31,75.61,12762400
TTEC,20180511,32.75,33.2,32,33,49500
TTEK,20180511,53.1,53.35,52.25,52.6,189600
TTGT,20180511,22.87,23.54,22.79,23.5,541300
TTMI,20180511,16.24,16.43,16.165,16.26,543500
TTNP,20180511,4.08,4.2,4.08,4.14,58300
TTOO,20180511,7.1,7.72,7.1,7.31,535800
TTWO,20180511,117.15,117.37,115.35,116.09,1931000
TUR,20180511,34.87,34.98,34.35,34.61,280300
TURN,20180511,2.39,2.39,2.19,2.21,103700
TUSA,20180511,33.87,34.06,33.87,34,2900
TUSK,20180511,34.47,34.685,33.55,33.67,185400
TVTY,20180511,37.15,37.7,36.825,37.6,499600
TWIN,20180511,27.63,28.49,27.63,28.26,42900
TWNK,20180511,13.51,13.69,13.15,13.27,1424100
TWNKW,20180511,1.71,1.9,1.71,1.75,36900
TWOU,20180511,96.5,98.3,96,98.08,635500
TXMD,20180511,6.02,6.09,5.93,6.05,1497800
TXN,20180511,109.62,110.74,109,109.25,3583500
TXRH,20180511,62.67,62.97,61.7,61.98,625700
TYME,20180511,2.58,2.59,2.41,2.52,162000
TZOO,20180511,15.2,15.25,14.9,15.15,89100
UAE,20180511,15.9,16.04,15.9,16.03,6500
UBCP,20180511,13.43,13.49,13.43,13.49,300
UBFO,20180511,11.2,11.2,11.1,11.15,3600
UBOH,20180511,22.5,22.5,22.15,22.5,3200
UBSI,20180511,35,35.15,34.9,35,276400
UBX,20180511,16,16.14,15.43,15.49,92400
UCBI,20180511,33.13,33.72,33.13,33.24,335900
UCTT,20180511,18.02,18.02,17.59,17.82,576400
UEIC,20180511,27.45,29,27.25,28.8,227800
UEPS,20180511,9.3,10.7,9.25,10.19,1124100
UFCS,20180511,51.74,51.94,51.24,51.47,49800
UFPI,20180511,34.14,34.43,34.11,34.34,194100
UFPT,20180511,32.15,32.25,31.85,32,8700
UG,20180511,18.45,18.45,18.41,18.41,2000
UHAL,20180511,341.27,343.95,340.16,342.77,53700
UIHC,20180511,20.28,20.84,19.96,20.82,229300
ULBI,20180511,9.45,9.46,8.95,9.45,55500
ULH,20180511,23.2,23.5,22.81,23.5,34600
ULTA,20180511,247.26,250.12,246.1,250,539600
UMBF,20180511,79.05,79.43,78.59,78.91,182100
UMPQ,20180511,23.95,24,23.81,23.89,1116800
UNAM,20180511,7.55,7.55,7.55,7.55,1400
UNB,20180511,50.55,51,50.5,51,2400
UNIT,20180511,19.65,20.95,19.65,20.3,5249600
UNTY,20180511,23.35,23.35,23,23.15,2900
UONE,20180511,1.75,1.75,1.75,1.75,300
UONEK,20180511,1.85,1.85,1.7,1.8,13000
UPLD,20180511,31.94,32.26,31.11,31.38,175600
URBN,20180511,39.17,40.02,38.84,39.88,1341500
URGN,20180511,61.2,61.99,59.58,59.6,60200
USAK,20180511,25.7,26.38,25.45,25.77,82300
USAP,20180511,28.39,29.67,27.59,28.7,33800
USAU,20180511,13.5,14,13.3,13.5,55100
USEG,20180511,13.5,14.5,13.4,14.5,83800
USLB,20180511,31.319,31.319,31.23,31.235,5500
USLM,20180511,76.62,77.75,76.62,77.13,2500
USMC,20180511,25.99,25.99,25.95,25.96,4600
USOI,20180511,30,30,30,30,0
UTHR,20180511,101.63,103.5,100.57,102.9,357800
UTMD,20180511,102.1,104,102,103.9,6300
UTSI,20180511,4.91,4.99,4.8,4.94,52300
UVSP,20180511,29.75,29.9,29.6,29.7,42100
VALU,20180511,18.93,20.71,18.93,20.51,4100
VBFC,20180511,33.25,33.25,33.25,33.25,0
VBIV,20180511,3.22,3.26,2.85,2.98,349100
VBLT,20180511,2.15,2.2,2.15,2.15,42800
VBTX,20180511,29.34,29.63,28.8,29.4,79400
VC,20180511,129.47,129.7,128.15,128.36,182100
VCEL,20180511,13.15,13.35,12.9,13.3,676900
VCIT,20180511,83.53,83.53,83.42,83.49,672900
VCLT,20180511,88.71,88.95,88.52,88.7,105300
VCSH,20180511,78.03,78.06,78.01,78.04,807700
VCTR,20180511,10.54,10.63,10.36,10.36,145500
VCYT,20180511,6.48,6.55,6.28,6.43,117000
VECO,20180511,16.15,16.7,16,16.15,508500
VEON,20180511,2.68,2.705,2.64,2.69,2976100
VERI,20180511,21.74,22.5,21.23,22.18,163800
VERU,20180511,1.66,1.66,1.6,1.64,60100
VGIT,20180511,62.18,62.2,62.15,62.19,78500
VGLT,20180511,73.36,73.395,73.08,73.33,204500
VGSH,20180511,59.78,59.78,59.74,59.78,237200
VIA,20180511,35.2,35.65,34.875,35.25,10700
VIAV,20180511,9.85,9.9,9.76,9.81,1328500
VICR,20180511,38.35,39.2,37.5,38.75,268000
VIGI,20180511,66.81,66.9,66.49,66.7,32300
VIRC,20180511,4.15,4.3,4.12,4.3,7400
VIRT,20180511,28.75,29.5,28.35,29.2,12326200
VIVE,20180511,255,255,160,197,6119000
VIVO,20180511,14.05,14.3,13.8,14,266400
VKTX,20180511,4.6,4.75,4.36,4.5,853700
VLGEA,20180511,27.47,27.7,27.26,27.33,9700
VMBS,20180511,51.16,51.2,51.13,51.16,213000
VNDA,20180511,16.15,16.65,16.05,16.65,429900
VNET,20180511,5.17,5.25,5.08,5.1,273800
VNOM,20180511,31.25,31.35,29.86,30.2,882100
VNQI,20180511,61.65,61.85,61.55,61.64,450700
VOD,20180511,29.02,29.06,28.755,28.77,2623400
VONE,20180511,125.2,125.51,125.05,125.33,13900
VONG,20180511,145.56,146.08,145.29,145.85,27600
VONV,20180511,107.28,107.53,106.95,107.25,26800
VOXX,20180511,5.15,5.4,5.15,5.35,79900
VRA,20180511,10.47,10.62,10.39,10.41,144600
VRAY,20180511,8.48,8.49,7.02,7.31,2380900
VREX,20180511,36.41,36.62,35.93,36.39,397400
VRIG,20180511,25.15,25.18,25.15,25.18,91900
VRNA,20180511,16.5,16.87,15.86,16.22,12600
VRNS,20180511,73.95,74.3,72.74,72.75,234300
VRNT,20180511,42.5,42.8,41.9,41.9,186300
VRSK,20180511,106,106.58,105.32,105.88,734500
VRSN,20180511,124.7,125.81,123.8,125.65,750700
VRTS,20180511,121.6,123.8,121.4,123.45,45600
VRTX,20180511,150.75,157.53,150.62,155.97,2242800
VSAT,20180511,64.07,64.32,63.18,63.68,323500
VSDA,20180511,27.66,27.66,27.66,27.66,0
VSEC,20180511,49.49,50.04,49.4,49.62,5300
VSMV,20180511,27.58,27.58,27.58,27.58,0
VSTM,20180511,4.41,5,4.41,4.93,1922200
VTC,20180511,81.39,81.39,81.2,81.33,2000
VTGN,20180511,1.04,1.05,0.99,1.02,261400
VTHR,20180511,125.3,125.65,125.3,125.5,1400
VTIP,20180511,48.91,48.91,48.89,48.91,226100
VTNR,20180511,1.24,1.27,1.23,1.25,51200
VTSI,20180511,5.55,5.7,5.515,5.59,19900
VTVT,20180511,2.03,2.05,1.75,1.86,1156200
VTWG,20180511,144.86,145.29,144.265,145.23,14700
VTWO,20180511,128.22,128.53,127.88,128.43,47200
VTWV,20180511,112.12,112.12,111.72,111.77,1900
VUZI,20180511,6.15,6.15,5.85,5.9,386300
VVPR,20180511,2.4,3.1,2.39,2.55,687900
VWOB,20180511,76.38,76.59,76.32,76.45,66700
VXRT,20180511,5.08,5.24,5.02,5.13,12700
VXUS,20180511,57.7,57.74,57.54,57.6,417200
VYGR,20180511,17.99,18.87,17.51,18.21,740200
VYMI,20180511,67.43,67.45,67.2,67.22,39100
WABC,20180511,56.99,57.43,56.71,56.79,84500
WAFD,20180511,32.35,32.525,32.2,32.4,368800
WASH,20180511,57.65,57.95,57.35,57.45,13000
WATT,20180511,17.91,18.4,17.91,18.34,478400
WB,20180511,113.88,113.88,105,107.32,6091600
WBA,20180511,63.85,64.56,62.64,64.09,6189100
WDAY,20180511,138.23,138.34,134.74,135.74,1263700
WDC,20180511,79,79.83,78.58,78.8,3030400
WDFC,20180511,132.45,133.75,132.3,132.9,37900
WEN,20180511,16.58,16.86,16.52,16.63,3549800
WERN,20180511,36.2,37.2,36.1,36.85,1017900
WETF,20180511,11.62,11.67,11.51,11.58,997600
WEYS,20180511,32.17,33,31.85,31.95,21800
WHF,20180511,13.6,13.89,13.6,13.86,52800
WHLM,20180511,6.973,7.495,6.9,7.47,13300
WHLR,20180511,4.18,4.31,4.12,4.31,51600
WHLRD,20180511,17.79,17.92,17.69,17.88,33100
WHLRP,20180511,16.5,16.57,16.37,16.57,3700
WILC,20180511,7.2,7.2,6.73,6.83,6200
WINA,20180511,134.225,136.65,134.225,136.65,1500
WING,20180511,53.22,53.26,51.8,52.15,313100
WIRE,20180511,47.6,47.85,47.15,47.2,40900
WIX,20180511,83.05,87.05,80.65,86.75,754900
WKHS,20180511,2.82,2.84,2.7,2.75,141000
WLDN,20180511,27.03,27.47,26.53,27.44,50500
WLFC,20180511,32.9,33.15,32.23,32.58,58300
WLTW,20180511,155.22,156.13,154.04,155.37,638500
WNEB,20180511,11.1,11.1,10.95,11,18500
WOOD,20180511,81.76,81.99,81.6,81.67,46100
WPRT,20180511,2.84,2.84,2.5,2.61,1035100
WRLD,20180511,105.65,114.55,105.65,110.59,161100
WSBC,20180511,46.07,46.32,45.69,45.72,82400
WSBF,20180511,17.6,17.6,17.275,17.35,28100
WSC,20180511,12.65,12.65,12.4,12.6,342900
WSFS,20180511,51.75,52.05,51.3,51.5,46300
WSTG,20180511,14.25,14.37,14,14.37,4300
WTBA,20180511,24.95,24.95,24.45,24.65,10500
WTFC,20180511,93.05,93.485,92.8,92.95,198500
WTFCM,20180511,26.85,26.97,26.825,26.97,5100
WVE,20180511,40.7,40.7,39,39.2,147000
WVFC,20180511,16.15,16.15,16.15,16.15,0
WVVI,20180511,8.38,8.41,8.15,8.16,5700
WVVIP,20180511,4.74,4.75,4.74,4.75,4600
WWD,20180511,73.98,74.32,73.53,73.93,123500
WYNN,20180511,201.01,201.495,195.26,195.65,1899700
XBIO,20180511,23.34,23.34,22.2,22.68,3400
XBIT,20180511,4.36,4.41,4.32,4.38,17900
XEL,20180511,45.32,45.42,45.17,45.26,1970500
XELA,20180511,4.15,4.86,4.15,4.54,237800
XELB,20180511,2.51,2.65,2.51,2.65,2500
XENE,20180511,5.85,5.9,5.85,5.85,53200
XENT,20180511,39.85,40.5,38.15,39.75,299300
XLNX,20180511,69.46,69.98,69.02,69.2,1675700
XLRN,20180511,35,35.84,34.66,35.6,278800
XNCR,20180511,29.89,31.64,29.82,31.53,180600
XNET,20180511,13.08,13.33,12.96,13.01,509100
XOG,20180511,14.6,15.11,14.54,14.7,1303300
XOMA,20180511,22.63,23.86,22.14,23.46,132900
XONE,20180511,6.7,6.86,6.26,6.48,554200
XPER,20180511,21.1,21.1,20.6,20.65,304500
XRAY,20180511,46.51,47.27,46.11,46.93,2472900
XSPA,20180511,40.2,40.8,37.2,38.4,106200
XT,20180511,36.98,37.12,36.91,37.06,144900
XTLB,20180511,2.02,2.02,1.86,1.88,28800
YLDE,20180511,27.49,27.49,27.49,27.49,1100
YNDX,20180511,35.32,35.92,34.57,35.09,3425400
YORW,20180511,32.6,32.85,32.4,32.4,14400
YTEN,20180511,66,67.6,64.8,65.2,205300
YTRA,20180511,7.42,7.45,7.35,7.39,155900
YY,20180511,104.36,107.29,102.435,102.56,1988100
Z,20180511,55.25,55.82,54.52,54.91,2436400
ZBRA,20180511,153.49,155.7,152.91,155.57,445600
ZEAL,20180511,15.847,16.35,15.685,16.25,64500
ZEUS,20180511,22.25,22.49,22.14,22.23,87200
ZG,20180511,54.82,55.16,54.035,54.25,341900
ZGNX,20180511,37.45,38.75,36,38.7,574300
ZION,20180511,57.92,58.28,57.56,57.81,1436200
ZIOP,20180511,4.19,4.47,4.05,4.37,2928000
ZIXI,20180511,5.03,5.36,4.97,5.29,938500
ZKIN,20180511,6.59,6.68,6.59,6.65,6000
ZLAB,20180511,18,19.42,18,18.94,78900
ZNGA,20180511,3.91,3.97,3.86,3.96,8843700
ZS,20180511,28.25,29.46,28.01,29.32,604600
ZSAN,20180511,4.13,4.14,4.01,4.08,157300
ZUMZ,20180511,24.1,24.3,23.75,24.1,287400
ZYNE,20180511,8.77,9.24,8.75,9.23,206000
