AAL,20180416,46.13,46.94,45.81,46.4,4516300
AAME,20180416,3.15,3.15,3.15,3.15,1000
AAOI,20180416,29.93,30.42,28.44,29.97,1795100
AAON,20180416,34.6,35.4,34.25,35.3,153300
AAPL,20180416,43.7575,44.0475,43.7075,43.955,21578400
AAWW,20180416,63.25,65.45,63.2,64.5,284200
AAXJ,20180416,76.76,77.06,76.56,77.01,257000
ABCB,20180416,52.35,52.85,52.05,52.5,177800
ABEO,20180416,20.15,20.25,19.16,20.1,917700
ABIO,20180416,9.9,10.08,9.45,9.63,163600
ABMD,20180416,298,299.99,294.68,296.32,311900
ABTX,20180416,40.35,41.15,40.2,40.85,22200
ABUS,20180416,5.25,5.3,5.05,5.25,131400
ACAD,20180416,18.9,19.32,18.71,18.98,1568900
ACBI,20180416,18.9,19.2,18.9,19,118000
ACER,20180416,19.48,20.11,17.52,19.49,8900
ACET,20180416,7.08,7.33,7.01,7.3,461600
ACGL,20180416,27.07,27.4567,26.9933,27.38,468700
ACGLO,20180416,24.47,24.47,24.28,24.36,14500
ACHC,20180416,39.04,39.04,38.6,38.8,2653500
ACHV,20180416,272,274,262,264,11200
ACIU,20180416,8.91,9.29,8.51,8.8,31800
ACIW,20180416,24.41,24.61,24.27,24.52,251500
ACLS,20180416,24.65,24.8,24.15,24.45,217500
ACMR,20180416,13.83,14.18,12.44,12.7,49400
ACNB,20180416,29,29.5,28.95,29.3,7700
ACOR,20180416,23.65,23.65,23.15,23.35,161500
ACRS,20180416,17.66,17.8,17.32,17.78,195100
ACRX,20180416,2.4,2.45,2.25,2.4,1015300
ACST,20180416,8.88,8.96,8.68,8.8,54100
ACT,20180416,25.38,25.676,25.38,25.645,3900
ACTG,20180416,3.55,3.55,3.25,3.3,286100
ACWI,20180416,72.46,72.7,72.32,72.57,1998600
ACWX,20180416,50.28,50.28,50.06,50.21,1231400
ADAP,20180416,12.45,12.55,12.08,12.36,484300
ADBE,20180416,226.08,227.23,222.95,226.52,2130600
ADES,20180416,11.07,11.14,10.84,11.03,87900
ADI,20180416,93.18,93.58,92.48,93.14,2125300
ADMA,20180416,5.19,5.27,5.07,5.07,62400
ADMP,20180416,3.7,3.73,3.5,3.65,256000
ADMS,20180416,24.48,24.5,23.8,24.37,223100
ADP,20180416,116.44,117.51,115.8,116.91,2425300
ADRE,20180416,43.73,43.73,43.46,43.72,4300
ADSK,20180416,130.49,131.15,128.77,129.72,1707500
ADTN,20180416,15.55,15.625,15.3,15.55,351600
ADUS,20180416,52.6,54.2,52.6,53.75,39600
ADVM,20180416,6.5,6.5,6.35,6.35,272400
ADXS,20180416,25.95,27,25.05,26.4,432600
AEHR,20180416,2.66,2.67,2.54,2.58,155100
AEIS,20180416,67.08,67.4,66.16,67.25,472000
AEMD,20180416,19.5,19.95,19.2,19.8,128000
AERI,20180416,54,54,52.65,53.1,146800
AEY,20180416,1.28,1.29,1.21,1.23,69900
AEZS,20180416,1.4,1.51,1.38,1.49,94700
AFMD,20180416,2.15,2.2,2,2.125,429800
AGEN,20180416,4.73,4.8,4.05,4.11,2721900
AGFS,20180416,7.41,7.47,7.28,7.35,123300
AGIO,20180416,87.67,88.51,85.54,86.02,424100
AGLE,20180416,9.63,9.75,8.69,9.01,56800
AGNC,20180416,18.64,18.775,18.49,18.74,2623700
AGNCN,20180416,25.69,25.69,25.43,25.45,49800
AGRX,20180416,2.95,2.95,2.85,2.91,104600
AGTC,20180416,5.05,5.05,4.705,4.9,103500
AGYS,20180416,12.05,12.23,11.98,12.19,22500
AGZD,20180416,48.19,48.19,48.01,48.02,3800
AHPA,20180416,10,10,10,10,550000
AHPAW,20180416,0.3,0.3,0.3,0.3,0
AHPI,20180416,2.6,2.73,2.45,2.57,26600
AIA,20180416,67.44,67.69,67.21,67.69,105100
AIHS,20180416,6.62,6.89,6.46,6.5,84000
AIMC,20180416,45.45,46.2,45.25,45.55,181900
AINV,20180416,16.32,16.41,16.23,16.41,450600
AIRG,20180416,8.45,8.54,8.203,8.515,9300
AIRR,20180416,25.79,26.16,25.79,26.1,34400
AIRT,20180416,25.085,25.085,25.085,25.085,600
AKAM,20180416,71.98,72.24,71.42,71.64,882400
AKBA,20180416,9.84,10.07,9.69,9.95,447800
AKTS,20180416,5.08,5.08,4.86,4.91,64700
AKTX,20180416,2.07,2.1,1.97,1.97,59200
ALBO,20180416,33.69,34.25,33,33.1,16800
ALCO,20180416,31.75,31.8,31.2,31.75,8800
ALDX,20180416,7.05,7.35,6.95,7,30100
ALGN,20180416,264.77,268.32,263.02,265.5,533500
ALGT,20180416,145.8,149.25,141.65,146.4,1045900
ALIM,20180416,1.14,1.14,1.08,1.12,129000
ALJJ,20180416,2.14,2.23,2.12,2.19,10300
ALKS,20180416,47.77,48,43.62,44.43,6109200
ALLT,20180416,5.34,5.4,5.31,5.31,3000
ALNA,20180416,13.42,14.04,13.42,13.68,44400
ALNY,20180416,102.17,103.85,95.78,95.84,1065700
ALOT,20180416,16.75,18.1,16.75,17.85,99100
ALPN,20180416,7.8,7.9,7.74,7.75,3900
ALRM,20180416,39.71,40.69,39.43,40.25,317300
ALRN,20180416,6.89,7.08,6.75,6.96,15900
ALT,20180416,0.88,0.88,0.82,0.84,363600
ALTR,20180416,29.71,29.92,29.11,29.39,145800
ALTY,20180416,14.68,14.68,14.53,14.53,2100
AMAT,20180416,56.44,57.24,56.18,56.87,7982800
AMBA,20180416,52.13,53.2,51.47,51.66,815900
AMCX,20180416,51.05,52.29,50.7,51.74,1000100
AMD,20180416,10,10.17,9.9,10.09,28875000
AMED,20180416,65.44,66.66,65.44,66.32,124200
AMEH,20180416,13.87,14.44,13.38,13.52,22100
AMGN,20180416,172.75,173.13,171.07,171.38,2656300
AMKR,20180416,10.23,10.295,10.04,10.24,781100
AMNB,20180416,38.55,39.35,38,39.1,7300
AMOT,20180416,41.59,42,40.435,41.5,26000
AMPH,20180416,19.07,19.2,18.855,19.18,74400
AMRK,20180416,12.84,12.84,12.84,12.84,0
AMRN,20180416,3.05,3.115,3.001,3.04,1102800
AMRS,20180416,6.72,6.73,6.4,6.45,664000
AMSC,20180416,6.44,6.49,6.03,6.08,166300
AMSF,20180416,54.5,55.6,54.35,55.3,46400
AMSWA,20180416,13.01,13.25,12.89,13.09,46900
AMTX,20180416,1.66,1.74,1.6,1.71,60800
AMWD,20180416,95.8,98.45,95.3,96,128400
AMZN,20180416,1445,1447,1427.48,1441.5,2808600
ANAB,20180416,88.89,90.72,83.67,87.49,369400
ANAT,20180416,122.02,122.699,121.275,122.1,64800
ANDE,20180416,32.75,33.3,32.4,33.25,68200
ANGI,20180416,13.6,13.63,13.37,13.44,467600
ANGO,20180416,19.94,20.39,19.79,20.34,202800
ANIK,20180416,46.36,47.05,46.17,46.62,38600
ANIP,20180416,59.87,60.31,58.465,60.21,35000
ANSS,20180416,158.35,160.25,156.99,159.99,574300
ANY,20180416,0.62,0.62,0.51,0.53,2355200
AOSL,20180416,15.61,15.91,15.46,15.9,230000
APDN,20180416,60,60.8,54.8,57.2,160900
APEI,20180416,42.55,43.85,42.55,43,96000
APEN,20180416,5.96,5.98,5.63,5.87,12500
APLS,20180416,26.9,32,26.9,30,276200
APOG,20180416,40.28,41.99,40.17,41.37,647500
APOP,20180416,140,143.6,136.4,137.6,80200
APPF,20180416,44.35,44.9,42.92,44.6,103100
APPN,20180416,25.5,26.62,25.29,26.26,225400
APPS,20180416,1.7,1.76,1.63,1.75,1018700
APTO,20180416,3.41,3.7,3.35,3.56,967900
APVO,20180416,56,65.1,54.88,62.44,443400
APWC,20180416,2.55,2.55,2.47,2.55,2300
AQB,20180416,3.44,3.44,3.16,3.22,54400
AQMS,20180416,2.29,2.3,2.11,2.26,396200
ARAY,20180416,4.95,4.95,4.8,4.85,1112200
ARCB,20180416,32.9,34.55,32.55,34.5,273700
ARCC,20180416,16,16.02,15.91,15.975,1355500
ARCT,20180416,5.49,5.55,5.11,5.29,30400
ARDX,20180416,5.25,5.25,4.95,5.1,356900
ARGX,20180416,84.42,86,84.19,85.05,45000
ARKR,20180416,24.15,24.15,24.15,24.15,500
ARLP,20180416,16.55,16.65,16.45,16.55,182700
ARNA,20180416,35.8,35.945,33.65,34.3,795800
AROW,20180416,34.2,34.85,34.15,34.6,13500
ARRY,20180416,15.25,15.35,14.915,15.02,1287600
ARTNA,20180416,36.38,37.17,36.38,37,8700
ARTW,20180416,2.55,2.61,2.55,2.61,1500
ARWR,20180416,7.23,7.23,6.815,6.84,895600
ASET,20180416,27.84,27.86,27.835,27.835,1800
ASMB,20180416,44.85,45.6,42.2,44.93,378200
ASML,20180416,207.64,207.97,205.56,206.7,828600
ASND,20180416,62.4,62.71,61.72,62.51,61900
ASPS,20180416,25.55,25.9,25.28,25.7,84500
ASPU,20180416,6.25,6.75,6.25,6.69,24700
ASRV,20180416,4.1,4.125,4.07,4.1,16300
ASTC,20180416,2.39,2.45,2.37,2.41,22800
ASTE,20180416,56.28,57.24,55.41,57.09,95800
ASUR,20180416,13.96,14.32,13.71,14.24,96200
ASYS,20180416,7.78,7.815,7.58,7.64,77400
ATAI,20180416,5.28,5.3,5.28,5.3,20200
ATAX,20180416,6.25,6.25,6.15,6.2,83500
ATEC,20180416,3.55,3.59,3.52,3.58,88800
ATHX,20180416,1.97,1.98,1.89,1.94,258400
ATLC,20180416,2.13,2.13,2.13,2.13,0
ATLO,20180416,28.15,28.5,28.15,28.2,7300
ATNI,20180416,64.23,66.42,63.5,66.22,63000
ATNX,20180416,17.23,17.33,17.09,17.13,70300
ATOM,20180416,5.55,5.59,5.31,5.44,38200
ATOS,20180416,4.92,4.92,4.2,4.32,2302100
ATRA,20180416,41.05,41.6,38,39.3,503800
ATRC,20180416,21.14,21.25,20.64,21.09,184400
ATRI,20180416,612.05,617.7,603,606.65,16000
ATRO,20180416,36.93,37.97,36.8,37.97,74400
ATRS,20180416,2.34,2.39,2.31,2.35,640900
ATSG,20180416,22.11,22.5,22.02,22.13,919200
ATVI,20180416,66.53,66.85,65.76,66.56,5717800
ATXI,20180416,4.8,4.8,4.45,4.65,18800
AUBN,20180416,39.6,41.7,39.6,40.1,2600
AUDC,20180416,7.14,7.23,6.98,6.98,46600
AUPH,20180416,5.5,5.51,5.4,5.43,499500
AUTO,20180416,3.55,3.72,3.55,3.68,160300
AVAV,20180416,56.84,57.4,56.335,56.73,225500
AVDL,20180416,7.27,7.37,7.13,7.15,170800
AVEO,20180416,28.3,28.6,27,28,1739800
AVGO,20180416,249.09,249.89,245.68,249.37,2517100
AVGR,20180416,12.6,13.3,12.6,13.1,367200
AVHI,20180416,19.45,19.55,19.35,19.5,106500
AVID,20180416,4.63,4.72,4.56,4.58,319700
AVNW,20180416,17.46,17.46,17.31,17.31,4000
AVXL,20180416,2.17,2.25,2.08,2.23,203700
AWRE,20180416,4.05,4.2,4.05,4.11,4600
AXDX,20180416,24.45,24.9,23.76,24.3,133400
AXGN,20180416,38.4,39.1,37.55,38.9,253700
AXON,20180416,1.19,1.2,1.15,1.17,421300
AXSM,20180416,2.5,2.55,2.465,2.5,50200
AXTI,20180416,7.2,7.2,6.4,6.8,724000
AY,20180416,19.52,20.03,19.52,19.67,171300
AYTU,20180416,0.512,0.53,0.495,0.508,1444800
AZPN,20180416,84.35,85.93,83.03,85.54,475600
BAND,20180416,31.96,32.55,31.05,31.91,54400
BANF,20180416,53.65,54.95,53.65,54.65,26500
BANFP,20180416,27.69,27.69,27.69,27.69,0
BANR,20180416,55.7,56.05,55.18,55.95,174400
BANX,20180416,21.54,21.785,21.51,21.622,8800
BATRA,20180416,22.67,23.42,22.53,23.16,61200
BATRK,20180416,22.69,23.42,22.52,23.22,130000
BBBY,20180416,17.34,17.65,17.3,17.49,8027100
BBGI,20180416,10.1,10.8,10.1,10.65,9800
BBH,20180416,118.3,118.405,117.13,117.26,27000
BBSI,20180416,86.48,87.485,85.92,86.75,98600
BCAC,20180416,10,10,10,10,0
BCACU,20180416,10.72,10.72,10.72,10.72,0
BCACW,20180416,0.55,0.55,0.53,0.53,2000
BCBP,20180416,15.5,15.7,15.35,15.65,22500
BCLI,20180416,3.31,3.44,3.29,3.33,21400
BCOR,20180416,24.75,25.35,24.65,25.15,255000
BCOV,20180416,7.1,7.15,6.95,7.05,399600
BCPC,20180416,87.15,88.1,86.95,88,86800
BCRX,20180416,5.02,5.06,4.96,4.98,373400
BDSI,20180416,2.2,2.25,2.2,2.2,141300
BEAT,20180416,33.95,34.7,33.65,34.4,275900
BECN,20180416,51.08,52.49,50.93,52.05,514500
BELFA,20180416,17.23,17.23,17.23,17.23,100
BELFB,20180416,19.5,19.95,19.25,19.9,9800
BFIN,20180416,17.05,17.07,16.955,17,20500
BFIT,20180416,17.81,17.81,17.81,17.81,0
BFRA,20180416,14.1,14.17,13.9,13.9,900
BFST,20180416,27.05,27.05,27.05,27.05,100
BGCP,20180416,13.4,13.44,13.3,13.39,1276800
BGFV,20180416,7.85,8,7.8,7.9,521700
BGNE,20180416,168.83,169.23,165.05,166.62,181800
BHF,20180416,50.31,50.8,50.02,50.56,712200
BHTG,20180416,3.96,3.96,3.86,3.86,10100
BIB,20180416,54.5,54.52,52.88,53.08,87700
BICK,20180416,30.34,30.39,30.33,30.33,1800
BIDU,20180416,228.45,231.065,226.53,229.9,1913700
BIIB,20180416,267.44,269.26,262.205,263.11,1323200
BILI,20180416,11.41,11.5,11.33,11.33,562000
BIOC,20180416,2.5,2.5,2.4,2.4,601000
BIOL,20180416,1.6,1.65,1.6,1.65,147500
BIS,20180416,20.91,21.53,20.91,21.48,64600
BJRI,20180416,49.15,49.8,48.055,49.25,392700
BKCC,20180416,6.17,6.22,6.145,6.2,169500
BKEP,20180416,4.35,4.6,4.35,4.6,58100
BKEPP,20180416,7.05,7.05,6.85,6.88,408400
BKNG,20180416,2094.11,2117.64,2085.77,2096.59,194500
BKSC,20180416,20.4,20.4,20,20.34,15000
BKYI,20180416,2.22,2.22,2.01,2.06,34300
BL,20180416,40.54,40.89,40.19,40.61,429300
BLBD,20180416,24.2,24.5,24.1,24.4,96100
BLCM,20180416,89,89.8,85.3,89.7,900000
BLCN,20180416,22.72,22.748,22.575,22.68,34900
BLDP,20180416,3.51,3.635,3.5,3.54,568800
BLFS,20180416,7.34,7.5,7,7.12,305700
BLIN,20180416,94.5,96,94.5,95,19300
BLKB,20180416,106.43,107.395,105.375,106.84,189600
BLMN,20180416,23.34,23.94,23.34,23.65,1795900
BLNK,20180416,2.37,2.4,2.04,2.1,25100
BLNKW,20180416,0.36,0.36,0.35,0.35,1700
BLPH,20180416,31.5,31.5,30.45,30.75,53800
BLRX,20180416,12.6,12.975,12.6,12.765,73800
BLUE,20180416,177.7,177.7,169.1,170.2,444300
BMRA,20180416,3.89,4.04,3.89,3.97,10400
BMRC,20180416,35.325,35.775,34.875,35.5,19400
BMRN,20180416,84.28,84.31,82.29,82.69,911100
BMTC,20180416,44.25,44.795,43.9,44.6,40400
BNDX,20180416,54.61,54.65,54.59,54.64,1754400
BNFT,20180416,26.15,27.55,26,27.1,212900
BNSO,20180416,3.12,3.2,3.08,3.08,6300
BNTC,20180416,33,33.3,32.4,32.4,14700
BOKF,20180416,102.95,105.205,101.66,102.59,107600
BOMN,20180416,23.03,23.62,23.03,23.35,68400
BOOM,20180416,29.15,29.9,28.65,29.05,84300
BOSC,20180416,2.28,2.29,2.25,2.27,15900
BOTJ,20180416,15.09,15.1,14.79,15.08,2900
BOTZ,20180416,23.84,23.88,23.76,23.82,464500
BOXL,20180416,4.06,4.06,3.61,3.79,1300
BPMC,20180416,90.39,91,84,86.465,1720900
BPOP,20180416,44,44.39,43.505,43.9,685100
BPOPM,20180416,22.55,22.55,22.55,22.55,1300
BPOPN,20180416,24.4,24.47,24.4,24.47,5200
BPRN,20180416,34.34,34.35,34.02,34.02,1300
BPTH,20180416,34.6,35,32.9,33.2,128800
BRID,20180416,14.27,14.35,14.27,14.35,1700
BRKL,20180416,16.2,16.4,16.15,16.35,159300
BRKR,20180416,30.31,30.555,30.24,30.41,331500
BRKS,20180416,27.78,27.96,27.53,27.84,448100
BRQS,20180416,8.55,9.25,8.25,9.2,3100
BSET,20180416,29.4,29.5,29.3,29.35,66600
BSQR,20180416,4.3,4.3,4.15,4.15,2500
BSRR,20180416,27.37,27.76,26.2,27.44,24500
BTAI,20180416,9.28,9.475,8.92,9.26,21600
BTEC,20180416,32.81,32.81,32.18,32.18,400
BUSE,20180416,30.34,30.66,30.2,30.58,71300
BVXV,20180416,6.23,6.27,6,6.27,6200
BWB,20180416,13.25,13.5,13.25,13.46,67500
BWEN,20180416,2.95,2.96,2.9,2.94,65700
BWFG,20180416,31.7,32.51,31.63,31.78,17700
BYFC,20180416,2.07,2.19,2.07,2.155,600
BYSI,20180416,26.92,26.92,26.92,26.92,300
BZUN,20180416,46.15,47.1,45.34,46.06,1948200
CAAS,20180416,4.04,4.42,4.04,4.4,42100
CAC,20180416,44.34,44.65,43.83,44.47,26200
CACC,20180416,317.11,319,313.12,316.3,64600
CACG,20180416,28.77,28.77,28.7,28.76,3500
CAKE,20180416,52.28,53.11,51.87,52.35,994700
CALA,20180416,6.2,6.2,5.95,6.15,201900
CALM,20180416,47.8,49.25,47.625,48.35,503400
CAMP,20180416,23,23.32,22.9,23.17,222100
CAMT,20180416,7.44,7.5,7.36,7.43,80700
CAPR,20180416,16.5,16.7,15.4,15.5,348100
CAR,20180416,49.35,50.14,49.35,49.6,3353100
CARA,20180416,12.52,12.56,12.16,12.28,327500
CARG,20180416,32.36,33.22,31.5,32.54,1703000
CARV,20180416,2.95,3.18,2.76,2.96,7000
CARZ,20180416,41.8,41.8,41.8,41.8,200
CASA,20180416,30.65,30.94,29.815,30.76,345100
CASH,20180416,37.6,37.9833,37.45,37.5667,21400
CASI,20180416,6.6,7,6.44,6.52,699900
CASS,20180416,58.75,59.85,58.3,59.73,54600
CASY,20180416,101.88,103,100.14,101.86,369100
CATC,20180416,87.31,87.31,85.33,85.33,5600
CATH,20180416,32.96,33.01,32.78,32.98,7700
CATY,20180416,39.67,39.91,39.37,39.7,332300
CBAN,20180416,15.35,15.35,15.35,15.35,400
CBAY,20180416,13.84,13.95,12.93,13.12,959300
CBFV,20180416,32.4,32.4,32.4,32.4,0
CBIO,20180416,25.55,25.98,24.16,24.87,166400
CBRL,20180416,164.58,167.73,163.57,164.11,253500
CBSH,20180416,63.18,63.63,62.74,63.42,652200
CBTX,20180416,28.91,29.42,28.62,29.17,38200
CCBG,20180416,24.93,25.25,24.72,25.02,13300
CCD,20180416,19.92,19.95,19.84,19.95,33000
CCLP,20180416,7.4,7.56,7.31,7.37,109300
CCMP,20180416,112.11,112.79,111.35,111.8,108000
CCNE,20180416,29.15,29.23,28.4,29.15,21700
CCOI,20180416,46,46.9,45.505,46.7,186000
CCRN,20180416,11.33,11.7,11.14,11.66,114300
CCXI,20180416,11.7,11.7,10.81,10.98,224300
CDC,20180416,45.54,45.97,45.45,45.88,46400
CDEV,20180416,17.33,17.51,17.1,17.43,1606400
CDK,20180416,64.62,65.405,64.35,65.14,861200
CDL,20180416,44.41,44.7,44.32,44.66,6600
CDLX,20180416,14.32,14.63,13.95,14.44,108800
CDMO,20180416,3.45,3.49,3.265,3.28,629000
CDNA,20180416,9.06,9.24,8.87,8.95,169500
CDNS,20180416,37.58,37.59,37.23,37.54,2106800
CDTX,20180416,3.95,4,3.7,3.75,146200
CDW,20180416,69.68,70.85,69.05,70.65,573900
CDXC,20180416,4.1,4.44,4.1,4.31,274400
CDXS,20180416,11.45,11.45,11,11.1,267100
CDZI,20180416,13.5,13.65,13.45,13.5,69200
CECE,20180416,4.7,4.75,4.58,4.65,144100
CELC,20180416,17.73,17.73,17,17.075,16400
CELH,20180416,5.53,5.59,5.49,5.54,12900
CEMI,20180416,7.95,7.95,7.9,7.9,800
CENT,20180416,40.71,41.3,40.27,41.11,97300
CENTA,20180416,38.49,39.25,38.3,39.04,113100
CENX,20180416,18.3,18.47,17.7,18.03,2202600
CERN,20180416,57.3,58.19,56.98,57.94,1875700
CERS,20180416,5.44,5.48,5.33,5.35,489500
CETX,20180416,22.96,23.76,22.96,23.44,33700
CETXP,20180416,5.5,5.5,5.5,5.5,0
CETXW,20180416,0.39,0.5,0.39,0.5,9700
CEVA,20180416,36.6,36.8,36.25,36.35,119100
CEY,20180416,26.41,26.47,26.4,26.47,1900
CFA,20180416,49.18,49.42,49.01,49.33,24500
CFBK,20180416,12.815,13.145,12.815,13.035,5200
CFFI,20180416,53.15,53.5,53,53,4400
CFFN,20180416,12.6,12.74,12.6,12.66,413900
CFMS,20180416,1.5,1.56,1.48,1.51,286800
CFO,20180416,49.13,49.38,48.94,49.29,65100
CFRX,20180416,15.8,16.4,15.3,15.7,35500
CG,20180416,20.3,20.3,19.95,20.2,464200
CGBD,20180416,17.71,17.8,17.54,17.66,37700
CGEN,20180416,4.45,4.5,4.25,4.3,155000
CGNT,20180416,3.85,3.85,3.84,3.84,62100
CGNX,20180416,50.7,51.07,49.95,50.85,2064400
CGO,20180416,14.27,14.32,14.1,14.28,10200
CHCI,20180416,1.89,1.98,1.8,1.95,21300
CHCO,20180416,71.14,71.68,70.39,71.57,30300
CHDN,20180416,78.6667,81.2083,78.65,80.6333,73100
CHEF,20180416,23.9,24.4,23.8,24.05,136100
CHEK,20180416,4.14,4.47,4,4.14,58700
CHI,20180416,11.24,11.31,11.21,11.27,170600
CHKP,20180416,102.15,104.05,102.1,102.94,1194200
CHMG,20180416,46.18,46.18,45.67,46.01,1700
CHNR,20180416,2,2.14,2,2.12,1800
CHRS,20180416,12.85,12.85,12.3,12.75,297000
CHRW,20180416,97.05,98.66,96.03,97.62,2290900
CHSCL,20180416,27.54,27.66,27.4,27.63,15800
CHSCM,20180416,26.29,26.315,26.21,26.25,8700
CHSCN,20180416,27.53,27.53,27.25,27.35,8700
CHSCO,20180416,28.42,28.64,28.42,28.64,15800
CHSCP,20180416,29.72,29.8,29.65,29.68,5200
CHTR,20180416,308.84,315.4,304.35,312.84,1333600
CHUY,20180416,27.05,27.75,27,27.5,87600
CHW,20180416,9.12,9.14,9.06,9.07,114200
CHY,20180416,11.88,11.96,11.84,11.95,176100
CIBR,20180416,25.95,26.15,25.81,26,366500
CID,20180416,36.14,36.14,36.14,36.14,1200
CIDM,20180416,1.38,1.42,1.36,1.38,13900
CIGI,20180416,70.15,70.35,69.75,70.1,23700
CIL,20180416,41.16,41.16,41.04,41.04,600
CINF,20180416,74.09,75.06,73.32,74.74,537800
CIVB,20180416,23.05,23.39,22.68,23.21,37400
CIZ,20180416,35.52,35.6,35.44,35.6,13400
CIZN,20180416,22.2,22.23,22.2,22.23,500
CJJD,20180416,1.32,1.41,1.31,1.41,30800
CKPT,20180416,4.34,4.34,4.04,4.14,77600
CLAR,20180416,6.8,6.85,6.725,6.8,70700
CLBS,20180416,4.97,4.98,4.77,4.86,11100
CLDX,20180416,15.75,15.9,11.4,11.4,29243200
CLFD,20180416,13.35,13.485,13.25,13.35,6100
CLGN,20180416,6,6,6,6,0
CLIR,20180416,2,2.05,1.9,1.975,120200
CLLS,20180416,31,31.64,30.3,30.42,407200
CLMT,20180416,7.15,7.4,7.14,7.2,166200
CLNE,20180416,1.62,1.69,1.58,1.68,738900
CLRB,20180416,12.7,12.9,11.8,11.8,415700
CLRG,20180416,25.28,25.54,25.28,25.45,11700
CLRO,20180416,7,7,6.85,6.95,5100
CLSD,20180416,10.66,10.66,10.06,10.52,645800
CLSN,20180416,2.32,2.335,2.21,2.25,139400
CLVS,20180416,57.52,59.32,54.25,54.41,2841400
CLWT,20180416,1.6,1.6667,1.5667,1.6667,21000
CLXT,20180416,15.58,15.58,14.3,14.38,45700
CMCO,20180416,35.6,36.59,35.54,36.53,178600
CMCSA,20180416,33.34,33.745,32.979,33.53,15267200
CMCT,20180416,14.95,15.05,14.7,15,4200
CME,20180416,164.94,165.93,163.97,164.02,1022300
CMPR,20180416,151.66,153.2,150.63,152.19,148100
CMRX,20180416,5.04,5.07,4.96,4.97,75400
CMTL,20180416,31.51,31.86,31.12,31.68,196400
CNBKA,20180416,79.75,79.9,79.15,79.3,5900
CNCE,20180416,20.03,20.03,19.47,19.83,233300
CNCR,20180416,28.35,28.35,27.16,27.42,90300
CNET,20180416,2.31,2.5,2.22,2.47,343400
CNFR,20180416,5.8,5.8,5.8,5.8,100
CNOB,20180416,28.5,28.85,28.25,28.75,161000
CNSL,20180416,10.9,11.18,10.77,11.06,529500
CNTY,20180416,7.98,8.24,7.9,8.16,108200
CNXN,20180416,26.63,27.14,26.46,26.97,28400
COCP,20180416,4.52,4.52,4.01,4.21,31900
CODA,20180416,4.05,4.1,3.85,3.9,10200
CODX,20180416,1.98,1.98,1.82,1.87,4000
COHR,20180416,176.75,177.4,174.42,175.95,461000
COHU,20180416,23.56,23.56,23.12,23.44,105900
COKE,20180416,173.7,175.89,173.29,175.1,20800
COLB,20180416,43.4,43.74,42.975,43.65,215200
COLL,20180416,23.61,23.69,22.15,23.2,390400
COLM,20180416,79.91,80.56,79.49,79.86,242800
COMM,20180416,40.69,41,40.18,40.55,1157700
COMT,20180416,37.98,37.98,37.73,37.75,50600
CONE,20180416,49.25,50.02,49.06,49.91,634700
CONN,20180416,27.75,28.65,27.6,28.5,321800
COOL,20180416,16.57,17.24,16.17,16.46,312100
CORT,20180416,17,17.21,16.83,17.1,697700
COST,20180416,191.84,195.8,191.38,194.58,3026800
COUP,20180416,47.51,47.89,47.07,47.23,361500
COWN,20180416,14.65,14.85,14.5,14.8,258300
CPHC,20180416,15,15,15,15,0
CPIX,20180416,6.5,6.53,6.41,6.53,2100
CPLP,20180416,3.19,3.31,3.18,3.3,511800
CPRT,20180416,50.83,50.84,50.305,50.33,2136600
CPRX,20180416,2.57,2.59,2.52,2.55,437100
CPSH,20180416,1.3,1.39,1.29,1.39,2000
CPSI,20180416,29.05,29.5,28.92,29.4,166500
CPSS,20180416,3.77,3.83,3.76,3.79,28700
CPTAG,20180416,24.98,24.98,24.43,24.71,2600
CPTAL,20180416,25.02,25.22,25,25.19,3500
CRAI,20180416,55.45,56.2,55.26,55.68,84300
CRBP,20180416,6.4,6.75,6.2,6.6,486900
CREG,20180416,16.9,16.9,15.7,16.3,42100
CRESY,20180416,21.67,21.67,21.13,21.32,87500
CRIS,20180416,3.05,3.15,2.95,3,963300
CRMT,20180416,50.6,51.33,50.35,50.8,16400
CRNT,20180416,2.68,2.715,2.66,2.67,160600
CRON,20180416,7.5,7.8,7.2,7.73,4895400
CROX,20180416,15.63,16.07,15.32,16.05,1280300
CRSP,20180416,53.25,54.48,50.88,51.18,1055100
CRTO,20180416,27.57,28.11,27.24,27.82,436700
CRUS,20180416,39.76,40.05,38.88,39.52,891000
CRVL,20180416,48.75,50.95,48.75,50.25,15500
CRVS,20180416,11.16,11.2,9.93,10.83,33800
CRWS,20180416,5.705,5.9,5.705,5.8,6300
CSA,20180416,46.34,46.37,46.34,46.37,800
CSB,20180416,43.36,43.73,43.36,43.62,9500
CSBR,20180416,3.73,4.09,3.73,4.07,62500
CSCO,20180416,43.12,43.64,43.03,43.3,15807800
CSF,20180416,45.29,45.29,45.25,45.25,1000
CSGP,20180416,365.95,368.86,363.27,367.47,210200
CSGS,20180416,45.39,46.4,45.29,46.18,266300
CSII,20180416,23.01,23.02,22.595,22.69,116100
CSIQ,20180416,16.16,16.3,15.81,16.05,280800
CSML,20180416,27.61,27.92,27.5,27.9,18700
CSPI,20180416,11.5,11.54,11.4,11.54,5800
CSQ,20180416,11.95,11.96,11.875,11.96,189300
CSSE,20180416,6.81,7.19,6.8,7.17,30900
CSTE,20180416,19.85,19.87,19.55,19.65,119300
CSTR,20180416,17.73,17.94,17.39,17.61,20400
CSWC,20180416,16.91,17.03,16.73,16.85,2700
CSWI,20180416,45.4,45.7,45,45.225,27700
CSX,20180416,56.18,56.67,55.95,56.41,8621800
CTAS,20180416,171.63,173.05,170.71,172.91,344900
CTBI,20180416,45.75,46.5,45.35,46.35,49300
CTG,20180416,8.31,8.54,8.3,8.42,246500
CTHR,20180416,1.41,1.42,1.36,1.37,14000
CTIB,20180416,3.97,3.97,3.97,3.97,0
CTIC,20180416,3.9,3.9,3.8,3.82,64700
CTMX,20180416,28.79,29.37,26.55,27.29,402500
CTRE,20180416,13.21,13.49,13.18,13.41,632400
CTRN,20180416,31.56,31.98,30.93,31.6,75600
CTSH,20180416,81.49,82.255,81,81.77,2269300
CTSO,20180416,7.95,8.15,7.9,8.1,178700
CTXR,20180416,3.1,3.1,2.945,2.96,7000
CTXRW,20180416,0.45,0.45,0.45,0.45,0
CTXS,20180416,95.51,96.7,95.15,95.97,991600
CUBA,20180416,7.09,7.18,7.08,7.15,6700
CUE,20180416,14.15,14.43,13.69,14.13,45800
CUTR,20180416,53.2,54.95,53.2,54.6,144600
CVBF,20180416,22.62,22.73,22.44,22.63,273800
CVCO,20180416,175.1,179.35,171.2,176.25,26200
CVCY,20180416,19.97,20.43,19.97,20.15,13100
CVGI,20180416,7.35,7.7,7.25,7.65,210900
CVGW,20180416,96.25,97.5,95.25,97.25,123400
CVLT,20180416,68.8,69.6,68.6,68.65,357700
CVLY,20180416,28.33,28.33,27.78,28.02,2800
CVV,20180416,8.98,8.98,8.818,8.895,7900
CWBC,20180416,11.25,11.25,11.25,11.25,1500
CWBR,20180416,4.99,5.04,4.84,4.95,27900
CWCO,20180416,13.6,13.95,13.6,13.85,29300
CWST,20180416,24.21,24.65,23.8,24.52,124500
CXDC,20180416,4.1,4.1,4.1,4.1,500
CXSE,20180416,43.2,43.3975,43.03,43.37,38800
CYAD,20180416,31.43,31.89,31.43,31.5,3000
CYAN,20180416,4.55,4.55,4,4.2,41700
CYBE,20180416,18.4,18.55,18.15,18.3,56700
CYBR,20180416,52,52.39,51.68,52.03,246000
CYCC,20180416,34.2,34.2,30.8,31,276700
CYCCP,20180416,6.19,6.19,6.19,6.19,0
CYRN,20180416,3,3.05,2.9,2.95,134800
CYRX,20180416,8.29,8.43,8.25,8.28,61200
CYTK,20180416,7.6,7.85,7.45,7.75,174400
CZNC,20180416,24.14,24.295,23.546,24.01,13700
CZR,20180416,11.15,11.45,11.05,11.35,4777200
CZWI,20180416,13.87,13.91,13.87,13.91,2000
DAIO,20180416,7.79,7.86,7.62,7.79,42400
DAKT,20180416,9.09,9.25,9.08,9.19,84900
DARE,20180416,0.96,0.96,0.9,0.935,106200
DAX,20180416,31.08,31.165,31.08,31.115,2400
DBVT,20180416,23.79,24.28,23.67,24.11,106200
DBX,20180416,30.2,30.4,28,29.02,5727800
DCOM,20180416,18.75,18.85,18.55,18.8,101500
DCPH,20180416,25.83,26.04,24.01,24.13,78200
DENN,20180416,16.32,16.75,16.32,16.59,165500
DERM,20180416,8.09,8.58,7.97,8.5,848100
DFFN,20180416,8.97,9.225,8.55,8.58,84400
DGICA,20180416,15.28,15.65,15.28,15.56,13200
DGICB,20180416,15.55,15.55,15.55,15.55,0
DGII,20180416,10.75,10.8,10.55,10.75,45700
DGLY,20180416,2.4,2.8,2.2,2.7,92400
DGRE,20180416,26.78,26.95,26.78,26.9,16700
DGRS,20180416,34.64,35.08,34.64,34.97,12500
DGRW,20180416,40.77,41.01,40.67,40.87,86000
DHIL,20180416,200.54,202.41,198.99,199.98,9200
DIOD,20180416,30.98,30.98,30.46,30.5,243600
DISCA,20180416,22.9,23.465,22.46,23.4,4079000
DISCB,20180416,34.5,34.5,34.5,34.5,0
DISCK,20180416,21.1,21.53,20.67,21.49,3006400
DISH,20180416,38.71,39.32,38.4,38.97,2021600
DJCO,20180416,226,227.9,222.01,227.9,1300
DLHC,20180416,6.05,6.23,6.035,6.21,2900
DLPN,20180416,2.76,2.85,2.67,2.75,6300
DLTH,20180416,19.42,19.66,18.69,18.96,239100
DLTR,20180416,97.43,97.88,96.3,97.55,1727600
DMLP,20180416,17.1,17.5,17.075,17.45,79300
DMRC,20180416,26.75,26.75,26.3,26.3,29100
DNLI,20180416,19.42,19.5,18.28,18.62,106200
DOGZ,20180416,4.2,4.2,4.2,4.2,300
DORM,20180416,69.47,69.52,68.3,69.43,182700
DOX,20180416,66.41,66.9,66.15,66.78,379900
DRIO,20180416,1.8,1.8,1.7,1.73,93200
DRNA,20180416,10.7,10.76,10.28,10.31,144800
DRRX,20180416,2.46,2.52,2.42,2.51,529300
DSGX,20180416,29.15,29.45,29.025,29.35,63300
DSKE,20180416,9.03,9.31,8.97,9.17,569000
DSKEW,20180416,0.96,1,0.95,0.985,40000
DSPG,20180416,12.5,12.5,12.15,12.35,28000
DSWL,20180416,2.96,3.03,2.95,2.96,9600
DTEA,20180416,3.41,3.52,3.41,3.42,3900
DVAX,20180416,22.45,22.8,18.35,18.85,5471600
DVY,20180416,96.04,96.81,95.93,96.64,1091800
DWAS,20180416,50.04,50.34,49.81,50.11,13900
DWAT,20180416,11.71,11.71,11.71,11.71,0
DWCR,20180416,30.79,30.79,30.42,30.42,500
DWPP,20180416,28.58,28.78,28.58,28.75,2400
DWSN,20180416,6.3,6.43,6.18,6.32,38300
DXCM,20180416,72.85,73.49,72.38,73.07,683200
DXGE,20180416,31.56,31.68,31.48,31.55,6900
DXJS,20180416,44.66,44.67,44.47,44.52,10500
DXLG,20180416,1.8,1.85,1.75,1.75,77800
DXPE,20180416,36.68,37.44,36.18,37.09,94100
DXYN,20180416,2.85,2.9,2.85,2.9,29000
DYNT,20180416,3,3.005,3,3.005,1800
DZSI,20180416,11,11.15,11,11.15,7000
EA,20180416,121.42,122.795,121.28,122.19,1849300
EAST,20180416,7.14,7.14,6.82,6.82,1000
EBAY,20180416,40.22,40.66,39.81,40.19,6629200
EBIX,20180416,76.45,78.85,75.65,78.05,184000
EBMT,20180416,20.25,20.55,20.2,20.5,4100
EBSB,20180416,19.9,20,19.7,19.85,117500
EBTC,20180416,35.31,36.1,34.36,35.78,4800
ECHO,20180416,29.15,30.425,28.85,30.1,463700
ECOL,20180416,55.3,57,55.3,56.55,148400
ECPG,20180416,45.25,45.45,44.4,45.15,103200
EDAP,20180416,2.465,2.55,2.345,2.346,10900
EDIT,20180416,34.93,35.04,33.9,34.46,647900
EDUC,20180416,12.925,13.15,12.625,13.1,30500
EEFT,20180416,75.4,76.02,74.92,75.58,494200
EEMA,20180416,74.12,74.55,74.12,74.45,207300
EFAS,20180416,18.16,18.16,18.16,18.16,0
EFOI,20180416,11.5,12.45,11.5,12.45,2300
EFSC,20180416,47.55,48,47.35,47.85,86100
EGAN,20180416,8.65,8.75,8.35,8.6,111900
EGBN,20180416,60.3,60.4,58.8,58.95,148700
EGLE,20180416,35.42,36.015,35.07,35.49,199700
EGRX,20180416,52.76,54.69,52.5,53.56,258300
EHTH,20180416,15.58,15.95,15.09,15.66,76600
EIGR,20180416,11.05,11.35,10.9,11,96100
EKSO,20180416,25.35,25.5,24.15,24.75,127500
ELSE,20180416,4.05,4.05,4.05,4.05,500
ELTK,20180416,3.8,3.82,3.73,3.81,4300
EMB,20180416,112.26,112.28,112.05,112.27,1147900
EMCB,20180416,70.89,70.89,70.89,70.89,0
EMCF,20180416,33.5,33.5,33.5,33.5,300
EMIF,20180416,31.94,31.94,31.78,31.84,1600
EMKR,20180416,4.9,4.9,4.7,4.75,136800
EML,20180416,28,28,27.6,27.6,3400
EMXC,20180416,54.41,54.41,54.39,54.39,3000
ENDP,20180416,5.47,5.55,5.31,5.46,3944500
ENG,20180416,0.83,0.83,0.81,0.83,2700
ENPH,20180416,4,4.24,3.95,3.96,1580400
ENSG,20180416,27.69,28.14,27.3,27.97,129700
ENTA,20180416,86.45,86.98,84.27,85.95,93000
ENTG,20180416,37.2,37.25,36.8,36.9,883300
ENZL,20180416,49.91,50.09,49.81,50.05,21900
EOLS,20180416,9.33,9.73,9.25,9.38,47900
EPAY,20180416,39.58,40.37,39.47,40.11,491800
EPIX,20180416,3.4,3.8,3.4,3.6,5300
EPZM,20180416,15.7,16.25,15.5,15.9,236000
EQBK,20180416,40.15,40.81,39.91,40.69,54900
EQIX,20180416,404.96,406.63,401.01,405.52,396600
EQRR,20180416,47.39,47.64,47.39,47.64,39700
ERIC,20180416,6.38,6.39,6.28,6.33,2591100
ERIE,20180416,117.07,119.31,115.275,117.87,33300
ERII,20180416,8.25,8.33,8.11,8.14,284100
ERYP,20180416,20.58,20.73,20.55,20.69,1800
ESBK,20180416,20.42,20.5,20.4,20.5,1000
ESCA,20180416,13.76,14.2,13.76,14.2,7800
ESEA,20180416,16.96,17.2,16.96,17.12,14000
ESGD,20180416,68.55,68.55,68.34,68.45,9200
ESGE,20180416,37.17,37.24,37.09,37.225,48300
ESGR,20180416,213.05,216.5,210.375,215.6,24200
ESGU,20180416,58.72,58.83,58.61,58.67,3100
ESLT,20180416,126.31,126.37,125.06,125.5,48600
ESPR,20180416,76.03,76.74,74.43,74.49,436800
ESQ,20180416,24.57,24.73,24.25,24.25,4000
ESSA,20180416,14.61,14.69,14.525,14.64,8700
ESXB,20180416,8.8,8.95,8.75,8.8,65200
ETSY,20180416,29.12,29.9,29.05,29.39,3051900
EUFN,20180416,23.66,23.7,23.61,23.67,460600
EVBG,20180416,37.6,38.03,37.095,37.48,131800
EVFM,20180416,6.7,6.75,6.52,6.62,8500
EVGN,20180416,3.09,3.1,3.07,3.08,1200
EVK,20180416,3.7,3.8,3.7,3.8,5500
EVLV,20180416,0.85,0.87,0.83,0.85,110300
EVOK,20180416,2.43,2.5,2.4,2.455,93400
EVOL,20180416,4,4.1,3.95,3.95,32300
EWBC,20180416,62.26,62.35,61.33,61.81,450900
EWZS,20180416,16.6,16.6,16.22,16.3,46200
EXAS,20180416,45.19,45.77,44.4,44.88,1879700
EXEL,20180416,20.54,20.8,20.03,20.4,2838300
EXLS,20180416,57,58.06,56.48,57.78,94200
EXPD,20180416,64.13,65,64.13,64.54,1379200
EXPE,20180416,108.15,109.5,106.44,109.16,1373500
EXPO,20180416,40.625,41.25,40.4875,41.225,76300
EXTR,20180416,10.52,10.62,10.08,10.28,2299900
EYE,20180416,32.77,33.02,32.03,32.34,235000
EYEG,20180416,5.1,6.15,4.8,6,3115700
EYEN,20180416,8.54,9,8.5,8.72,11200
EYES,20180416,14.4,14.4,13.76,13.92,112400
EYESW,20180416,0.76,0.76,0.76,0.76,0
EYPT,20180416,1.45,1.45,1.31,1.35,449400
EZPW,20180416,13.45,13.55,13.3,13.35,171100
FAAR,20180416,29.37,29.41,29.37,29.41,3000
FAB,20180416,55.66,55.66,54.95,55.435,5000
FAD,20180416,68.55,68.69,68.2,68.6,13400
FALN,20180416,26.63,26.65,26.56,26.61,12900
FAMI,20180416,8.1,8.1,7.84,7.9,128400
FANG,20180416,118.8,119.445,117.282,119.04,1462300
FANH,20180416,26.49,26.98,26.03,26.87,135900
FARM,20180416,28.85,29.5,28.65,29.2,57500
FARO,20180416,61.65,64.15,61.55,64,143600
FAST,20180416,25.245,25.415,25.1,25.335,4112900
FAT,20180416,6.02,6.47,6.02,6.25,4100
FATE,20180416,11.59,11.62,10.96,11.15,413000
FB,20180416,165.72,165.78,163.39,164.83,18119400
FBIO,20180416,4.41,4.46,4.26,4.35,100600
FBIOP,20180416,22.697,22.7,22.625,22.625,300
FBIZ,20180416,25.29,25.73,25.11,25.61,3400
FBMS,20180416,31.5,32,31.05,31.75,49700
FBNC,20180416,36.19,36.7,35.23,36.57,56000
FBZ,20180416,15.8,15.82,15.8,15.82,300
FCA,20180416,30.98,31.13,30.98,31.08,1200
FCAL,20180416,50.4,50.44,50.37,50.37,1000
FCAP,20180416,38,40.61,37.485,40.61,5400
FCBC,20180416,30.95,31.45,30.95,31.15,26900
FCCO,20180416,22.75,22.85,22.55,22.7,14500
FCCY,20180416,21.6,22,21.375,21.9,11800
FCEF,20180416,21.47,21.5,21.44,21.5,3800
FCEL,20180416,24.12,24.48,23.52,24.36,866200
FCNCA,20180416,422.64,425.365,419.12,421.6,19200
FCVT,20180416,29.3,29.45,29.3,29.44,18000
FDBC,20180416,50.5,50.5,50.5,50.5,1300
FDIV,20180416,49.09,49.49,49.09,49.37,4200
FDT,20180416,62.91,62.91,62.65,62.83,56000
FDTS,20180416,44.4,44.72,44.4,44.47,7800
FDUS,20180416,13.04,13.09,12.98,13.06,54200
FEIM,20180416,8.95,9,8.8,8.87,9600
FELE,20180416,42.4,43.05,42.2,42.95,81100
FEM,20180416,28.86,28.93,28.73,28.93,103800
FEMB,20180416,42.92,42.99,42.845,42.98,7200
FEMS,20180416,43.9,43.97,43.59,43.96,50100
FENC,20180416,13.95,14.29,13.34,13.75,69100
FEP,20180416,40.64,40.64,40.43,40.52,145000
FEUZ,20180416,45.86,45.86,45.6,45.6,13400
FEX,20180416,58.82,59.21,58.65,59.02,63400
FFBC,20180416,28.9,29.15,28.75,29.05,448600
FFBW,20180416,10.862,10.9,10.735,10.75,7900
FFHL,20180416,3.18,3.18,3.18,3.18,300
FFIC,20180416,27.2,27.4,27.05,27.33,34100
FFIN,20180416,23.975,24.0875,23.775,24,140500
FFIV,20180416,156,156.3,153.98,155.25,970200
FFNW,20180416,16.4,17,16.4,16.93,14300
FFWM,20180416,18.26,18.38,18.08,18.3,123200
FGBI,20180416,26.45,26.45,25.99,26.24,3600
FGEN,20180416,48.5,48.725,46.95,47.4,302200
FGM,20180416,51.18,51.18,51.06,51.06,1800
FHB,20180416,27.84,28.05,27.64,27.97,205400
FIBK,20180416,39.75,40.1,39.5,39.95,78200
FINX,20180416,23.41,23.45,23.29,23.4,25100
FISI,20180416,31.05,31.35,30.6,31.2,21700
FISV,20180416,71.49,71.9,71.15,71.59,1091500
FITB,20180416,31.65,31.71,31.21,31.49,4422800
FITBI,20180416,28.86,28.86,28.75,28.82,6700
FIVE,20180416,75.49,76.85,74.65,76.39,1011500
FIVN,20180416,28.29,28.66,28.06,28.43,161600
FIXD,20180416,49.42,49.64,49.37,49.49,38700
FIXX,20180416,20.18,20.5,20,20.37,180200
FIZZ,20180416,90.84,94.14,90.15,92.52,455500
FJP,20180416,58.26,58.32,58.09,58.21,24100
FKU,20180416,41.13,41.13,41.05,41.07,800
FLDM,20180416,5.89,6.225,5.89,6.17,104900
FLEX,20180416,17.03,17.07,16.79,17.03,3716400
FLGT,20180416,3.93,4.01,3.88,4.01,1500
FLIC,20180416,27.45,27.65,27.3,27.55,49900
FLL,20180416,3.26,3.27,3.1,3.17,63600
FLN,20180416,22.24,22.24,21.8,21.84,4700
FLNT,20180416,3.5,3.5,2.57,2.75,71300
FLWS,20180416,12.8,13,12.625,12.95,114100
FLXN,20180416,25.17,25.75,24.83,25.38,345200
FLXS,20180416,38.39,39.48,38.235,39.14,10700
FMAO,20180416,40.13,40.13,39.61,39.61,2900
FMB,20180416,52.72,52.72,52.64,52.66,30200
FMBH,20180416,36,36.47,35.75,35.93,20500
FMBI,20180416,24.8,25.04,24.63,24.95,334600
FMHI,20180416,50.105,50.105,50.105,50.105,0
FMNB,20180416,14.1,14.5,14.1,14.25,24300
FNCB,20180416,9.25,9.6,9.05,9.58,13500
FNHC,20180416,16.83,16.96,16.7,16.82,33600
FNK,20180416,34.82,34.93,34.82,34.93,600
FNKO,20180416,8.19,8.25,8.12,8.16,94000
FNLC,20180416,28.03,28.2,27.36,28.05,8300
FNWB,20180416,16.38,17,16.38,16.93,7500
FNX,20180416,65.58,66.209,65.575,66.07,25700
FNY,20180416,40.83,41.18,40.82,41.1,4200
FOLD,20180416,14.75,14.79,14.2,14.39,1797500
FONR,20180416,29.2,29.9,28.85,29.7,19500
FORD,20180416,1.58,1.58,1.53,1.57,49100
FORM,20180416,14.3,14.64,14.025,14.55,566600
FORR,20180416,43.25,44.2,42.95,43.95,27500
FORTY,20180416,36.31,36.31,36.31,36.31,0
FOSL,20180416,14.97,15.39,14.82,15.24,1294300
FOX,20180416,36.71,36.77,36.31,36.51,2700300
FOXA,20180416,37.14,37.25,36.72,37.04,5975100
FOXF,20180416,35.35,35.575,35.05,35.3,124500
FPA,20180416,35.53,35.74,35.53,35.74,900
FPAY,20180416,3.25,3.25,3.25,3.25,0
FPXI,20180416,36.95,37,36.95,36.96,1300
FRBA,20180416,14.4,14.45,14.35,14.45,6600
FRBK,20180416,8.25,8.3,8.15,8.2,181000
FRGI,20180416,19.6,19.95,18.75,19.85,178700
FRME,20180416,42.17,42.64,42.02,42.54,84700
FRPH,20180416,56.85,57.5,55.85,57.35,25200
FRPT,20180416,18.25,18.75,18.125,18.7,176400
FRSH,20180416,5.04,5.15,4.91,4.98,41300
FRSX,20180416,2.91,2.98,2.9,2.98,4200
FRTA,20180416,8.38,8.65,8.31,8.62,239700
FSBC,20180416,16.93,17,16.93,17,900
FSBW,20180416,56.44,56.67,55.7,56.47,11500
FSFG,20180416,71.5,71.5,70,70,1900
FSLR,20180416,71.04,71.11,69.74,70.12,805400
FSTR,20180416,25,25.75,24.9,25.25,37100
FSV,20180416,70.82,71.02,70.42,70.89,12800
FSZ,20180416,51.91,52.09,51.89,51.89,4600
FTA,20180416,52.98,53.4,52.78,53.22,48400
FTAG,20180416,27.34,27.34,27.34,27.34,400
FTC,20180416,64.21,64.46,63.95,64.3,40600
FTCS,20180416,51.22,51.4,50.98,51.24,103500
FTEK,20180416,1.42,1.43,1.335,1.35,79900
FTFT,20180416,2.4,2.65,2.15,2.17,633700
FTGC,20180416,21.25,21.25,21.09,21.13,90500
FTHI,20180416,22.33,22.5,22.33,22.5,3200
FTLB,20180416,22.18,22.18,22.15,22.15,1100
FTNT,20180416,56.45,57.33,56.1,56.76,1161400
FTRI,20180416,12.61,12.64,12.6,12.64,2300
FTSL,20180416,48.23,48.27,48.22,48.22,204100
FTSM,20180416,60.04,60.05,60.01,60.04,279700
FTXD,20180416,20.905,20.905,20.905,20.905,0
FTXG,20180416,20.06,20.06,20.06,20.06,200
FTXH,20180416,21.45,21.45,21.105,21.105,5500
FTXL,20180416,32.94,33.02,32.63,32.93,11100
FTXN,20180416,21.52,21.78,21.52,21.78,2300
FTXO,20180416,29.47,29.56,29.205,29.4,126000
FTXR,20180416,25.215,25.215,25.215,25.215,0
FULT,20180416,17.65,17.75,17.475,17.65,640400
FUNC,20180416,18.57,19.15,18.57,19.1,4100
FUND,20180416,7.91,7.92,7.88,7.88,52100
FUSB,20180416,11.38,11.49,11.33,11.45,2000
FUV,20180416,2.97,2.97,2.86,2.9,11600
FV,20180416,28.93,29.04,28.77,28.97,622600
FVC,20180416,26.81,27.04,26.81,27,854500
FVE,20180416,1.25,1.3,1.25,1.25,24700
FWONA,20180416,28.08,28.8,27.83,28.64,124300
FWONK,20180416,29.46,30.09,29.1,29.97,803400
FWP,20180416,2.19,2.19,2.11,2.14,12100
FWRD,20180416,53.67,54.72,52.995,54.51,192600
FYC,20180416,44.21,44.515,43.98,44.41,25600
FYT,20180416,36.13,36.65,36.13,36.57,17600
FYX,20180416,61.37,61.82,61.23,61.71,22900
GABC,20180416,34.14,34.66,33.96,34.5,23900
GAIA,20180416,15.6,15.9,15.35,15.55,110300
GAIN,20180416,10.6,10.9,10.6,10.88,211800
GAINN,20180416,25.35,25.35,25.31,25.35,2700
GALT,20180416,4.17,4.2,3.55,3.58,991200
GASS,20180416,4.04,4.04,3.98,4.03,83200
GBCI,20180416,38.13,38.54,37.92,38.33,160800
GBDC,20180416,17.8,18.035,17.8,17.98,120600
GBLI,20180416,38.8,40.35,38.11,40.2,9900
GBLIL,20180416,25.7,25.7,25.7,25.7,0
GBT,20180416,45.75,46.275,45,45.3,524100
GCBC,20180416,36.55,36.655,36.55,36.6,1000
GDEN,20180416,23.25,24.26,23.23,24.14,335100
GDS,20180416,25.82,26.2,25.55,26.15,304200
GECC,20180416,9.29,9.29,9.19,9.19,6100
GECCM,20180416,24.31,24.35,24.27,24.27,1600
GENC,20180416,16.1,16.4,16.1,16.25,7500
GENE,20180416,5.64,5.64,5.44,5.48,68400
GENY,20180416,35.34,35.59,35.34,35.58,6400
GEOS,20180416,10.72,10.83,10.38,10.43,47000
GERN,20180416,4.07,4.13,3.66,3.79,6080100
GEVO,20180416,8.2,8.2,7,7.4,1116300
GFED,20180416,23.345,23.345,23.345,23.345,0
GGAL,20180416,65.62,66.5,63.75,63.81,206700
GIFI,20180416,8.45,8.7,8.45,8.6,45700
GIGM,20180416,2.8,2.8,2.7,2.72,12800
GIII,20180416,38.5,38.56,37.74,38.28,600400
GILD,20180416,75.87,75.98,74.24,74.69,4720500
GILT,20180416,8.49,8.55,8.39,8.43,63300
GLAD,20180416,8.69,8.69,8.6,8.62,61300
GLBS,20180416,740,750,730,750,40300
GLBZ,20180416,11.97,12.1,11.95,11.95,10700
GLDD,20180416,4.6,4.65,4.5,4.6,146000
GLDI,20180416,9.22,9.24,9.19,9.19,6900
GLMD,20180416,6.26,6.3,5.87,6.15,34300
GLNG,20180416,29.07,29.18,28.67,28.89,630700
GLPG,20180416,96.79,98.29,95.05,95.6,263300
GLPI,20180416,33.7,34.85,33.7,34.64,1940700
GLRE,20180416,15.55,15.8,15.305,15.65,217500
GLYC,20180416,17.63,17.69,17.06,17.21,353200
GNCA,20180416,7.52,7.52,7.36,7.44,271100
GNMA,20180416,48.5,48.6,48.43,48.6,6800
GNPX,20180416,5.15,5.25,4.57,4.85,26900
GNTX,20180416,24.23,24.44,24.07,24.35,1630200
GNTY,20180416,33.72,34.45,33.545,33.75,36000
GNUS,20180416,2.89,2.89,2.78,2.82,10700
GOGL,20180416,7.89,7.95,7.78,7.83,128700
GOGO,20180416,9.04,9.42,8.97,9.34,819700
GOOD,20180416,17.38,17.57,17.29,17.47,86400
GOODO,20180416,26.24,26.24,26.11,26.11,1100
GOOG,20180416,1037,1043.24,1026.74,1037.98,1211200
GOOGL,20180416,1045.55,1051.43,1033.92,1046.1,1488800
GPP,20180416,17.6,18,17.5,18,83000
GPRE,20180416,17.8,18.5,17.6,18.25,756300
GPRO,20180416,5.3,5.72,5.21,5.58,6619500
GRBK,20180416,10.55,10.65,10.45,10.45,22100
GRFS,20180416,21.2,21.3,20.91,20.95,474500
GRID,20180416,49.45,49.62,49.35,49.54,5100
GRMN,20180416,59.4,59.7,58.93,59.43,708700
GROW,20180416,3.17,3.17,3.06,3.12,47500
GRPN,20180416,91.2,94,89.7,93.6,5569700
GRVY,20180416,40,40.25,39.375,39.75,12000
GSBC,20180416,51.2,52.075,50.7,51.85,34600
GSIT,20180416,7.74,7.78,7.6,7.65,17600
GSM,20180416,11.34,11.46,11.15,11.26,536000
GT,20180416,28,28.34,27.9,28.21,1771600
GTHX,20180416,36.71,36.95,35.555,36.29,92800
GTIM,20180416,3.5,3.5,3.35,3.45,3500
GTYH,20180416,9.94,9.94,9.94,9.94,55500
GURE,20180416,7.25,7.4,7.1,7.3,32300
GWGH,20180416,8.3,8.3,8.3,8.3,100
GWRS,20180416,8.92,9.01,8.86,8.94,7900
GYRO,20180416,20.525,20.525,20.525,20.525,100
HA,20180416,39.5,39.9,39.15,39.4,565800
HAFC,20180416,30.95,31.3,30.85,31.2,128000
HAIN,20180416,31.51,32.3,31.305,31.89,1264200
HALL,20180416,9.76,10.26,9.755,10.14,37000
HALO,20180416,19.6,19.71,19.26,19.27,627200
HAS,20180416,88.43,88.68,87.89,88.04,1140700
HAYN,20180416,40.46,40.58,39.94,40.26,34700
HBAN,20180416,14.77,14.8,14.54,14.67,8275100
HBCP,20180416,44.14,44.25,42.83,43.41,21700
HBIO,20180416,5.6,6,5.45,5.85,244100
HBMD,20180416,19.05,19.25,19.05,19.25,9800
HBNC,20180416,19.7867,20,19.6233,19.92,36600
HBP,20180416,5.59,6.07,5.59,6.04,70400
HCCI,20180416,22.5,22.5,21.9,22.2,87300
HCKT,20180416,16.12,16.37,16.04,16.31,59900
HCM,20180416,31.97,32.77,31.77,32.66,74000
HCSG,20180416,40.51,40.82,38.26,40.64,3392000
HDSN,20180416,4.45,4.45,4.33,4.36,286100
HEAR,20180416,3.94,5.5,3.94,4.37,5943300
HEES,20180416,39.11,40.38,38.98,39.98,266300
HELE,20180416,86,87.125,85.35,86.35,124000
HEWG,20180416,27.98,28,27.89,27.96,251500
HFBL,20180416,31,31,31,31,200
HFWA,20180416,30.85,31.25,30.75,31.1,90200
HGSH,20180416,2.66,2.66,2.6,2.62,4500
HIBB,20180416,26.9,27.45,26.2,26.75,829000
HIFS,20180416,206.45,208,206.15,207.08,1900
HIHO,20180416,6.1,6.1,5.6,5.75,59400
HIMX,20180416,7.2,7.33,7.05,7.24,2050100
HLG,20180416,80.6,80.6,79.21,80.52,137200
HLIT,20180416,3.7,3.75,3.6,3.65,252900
HLNE,20180416,38.9,39.45,38.52,39.25,68500
HMHC,20180416,7.5,7.65,7.4,7.6,567500
HMNF,20180416,18.695,18.695,18.695,18.695,0
HMST,20180416,27.3,27.55,26.85,27.2,257900
HMTV,20180416,11,11.05,10.875,10.95,76700
HNDL,20180416,24.07,24.11,24.07,24.1,400
HNNA,20180416,19.43,19.43,18.4,19.06,24200
HNRG,20180416,6.81,6.81,6.43,6.54,83400
HOFT,20180416,38.3,39.25,38.1,39,29100
HOLI,20180416,24.09,24.22,23.98,24.04,146000
HOLX,20180416,37.3,37.85,37.3,37.69,1241900
HOMB,20180416,22.68,23,22.4,22.58,683900
HONE,20180416,9.9283,10.2849,9.8113,9.9951,94600
HOPE,20180416,18.18,18.37,18.08,18.32,361100
HOVNP,20180416,7.01,7.15,7,7.15,2000
HQY,20180416,63.72,64.87,63.44,64.2,475600
HRTX,20180416,30.7,31.05,29.6,30.2,915100
HRZN,20180416,10.5,10.53,10.35,10.47,105300
HSDT,20180416,7.81,7.83,7.75,7.75,9900
HSIC,20180416,69.27,70.86,68.81,69.94,1272000
HSII,20180416,31.6,31.75,31.3,31.75,261700
HSKA,20180416,78.42,80.29,78.4,78.92,64300
HSON,20180416,19.3,19.5,18.5,18.7,12300
HSTM,20180416,24.62,24.62,24.26,24.53,107000
HTBI,20180416,26.4,26.75,26.25,26.5,14900
HTBK,20180416,16.3,16.46,16.17,16.4,100000
HTBX,20180416,1.29,1.3,1.22,1.22,128900
HTGM,20180416,3.48,3.5,3.23,3.28,627600
HTHT,20180416,33.8275,34.7325,32.45,33.0175,487800
HTLD,20180416,18.17,18.7,18.12,18.56,459700
HTLF,20180416,53.45,53.85,53,53.7,68400
HUBG,20180416,42.05,44.925,41.25,44.45,484100
HURC,20180416,45.95,48,45.95,46.9,20600
HURN,20180416,39.1,39.5,38.9,39.25,48200
HVBC,20180416,14.21,14.21,14.21,14.21,2100
HWBK,20180416,22.07,22.07,22.07,22.07,0
HWKN,20180416,34,34.35,33.3,33.95,38000
HX,20180416,11.28,11.58,11.28,11.53,23300
HYAC,20180416,9.62,9.62,9.62,9.62,0
HYACU,20180416,9.9,10,9.9,10,1400
HYACW,20180416,0.78,0.78,0.78,0.78,0
HYLS,20180416,48.12,48.15,48.04,48.07,179700
HYZD,20180416,24.16,24.18,24.11,24.16,175200
HZNP,20180416,13.75,13.75,13.15,13.27,2689600
IAC,20180416,157.26,158.88,155.8,158.63,430100
IART,20180416,55.6,56.38,55.34,55.89,299100
IBB,20180416,106.56,106.8,104.86,105.24,2602100
IBCP,20180416,23.7,23.95,23.55,23.9,39300
IBKR,20180416,71.92,72.46,71.31,72.36,518200
IBOC,20180416,39.95,40.2,39.6,40.1,153000
IBTX,20180416,71.1,71.4,70.2,70.7,101800
ICAD,20180416,3.18,3.25,3.18,3.21,11300
ICBK,20180416,29.17,29.17,29.02,29.02,1200
ICCC,20180416,6.94,7.07,6.93,7.07,5000
ICCH,20180416,15.5,15.5,15.375,15.5,4700
ICFI,20180416,64.1,64.85,63.7,64.35,177000
ICHR,20180416,25.93,26.18,25.21,25.79,568600
ICLK,20180416,7.48,8.01,7.07,7.45,286300
ICLN,20180416,9.75,9.75,9.65,9.68,166000
ICLR,20180416,120.71,121.16,115.44,119.29,198400
ICPT,20180416,74,75.09,72.12,74.1,962000
ICUI,20180416,257.4,259.3,256.2,256.25,75800
IDCC,20180416,79.25,79.65,78.8,79.25,169500
IDLB,20180416,30.312,30.312,30.312,30.312,0
IDRA,20180416,15.12,15.2,14.16,14.16,613500
IDXX,20180416,193.44,197,191.32,195.62,291600
IEA,20180416,9.43,9.5,9.37,9.49,43900
IEAWW,20180416,0.91,0.93,0.85,0.905,54500
IEF,20180416,102.33,102.545,102.31,102.53,1637300
IEI,20180416,119.89,120.02,119.89,120.01,372200
IEP,20180416,62.07,62.15,61.47,61.81,82200
IESC,20180416,16.95,17.1,16.8,17.05,17600
IEUS,20180416,59.68,59.78,59.5,59.56,44000
IFGL,20180416,29.98,30.03,29.93,29.98,29400
IFMK,20180416,7.68,7.77,7.58,7.62,6700
IFRX,20180416,33.29,34.885,33.02,34.76,27800
IFV,20180416,22.19,22.23,22.09,22.18,82100
IGF,20180416,43.43,43.7,43.37,43.64,97400
IGOV,20180416,51.74,51.78,51.68,51.72,51100
III,20180416,4.19,4.24,4.16,4.17,88000
IIN,20180416,19.6,19.85,18.975,19.6,86500
IIVI,20180416,43.5,43.5,41.85,41.9,724700
IJT,20180416,177.07,178.53,176.51,178.18,126900
IKNX,20180416,9.18,9.2,9.17,9.17,500
ILMN,20180416,243.21,248.18,242.735,245.19,694300
ILPT,20180416,20.47,20.65,20.32,20.55,141300
IMGN,20180416,10.27,10.42,10.08,10.32,1588700
IMKTA,20180416,34.1,35.5,33.7,35,198600
IMMP,20180416,1.81,1.88,1.8,1.85,23800
IMMR,20180416,11.74,11.74,11.48,11.64,187500
IMOS,20180416,15.6,15.6,15.41,15.44,23200
IMRN,20180416,10.94,10.94,10.85,10.85,900
IMRNW,20180416,3.85,3.85,3.83,3.83,700
IMTE,20180416,3,3,3,3,0
INBK,20180416,36.35,37.4,36.1,37.25,29300
INCY,20180416,70.49,71.245,68.76,70.37,2217000
INDB,20180416,72.95,73.5,72.6,73.25,50900
INDY,20180416,35.99,36.11,35.93,36.03,56200
INFI,20180416,2.26,2.285,2.16,2.21,446300
INFN,20180416,11.33,11.37,10.975,11.02,1159000
INFR,20180416,27.73,27.96,27.62,27.96,2900
INGN,20180416,140.52,143,138.67,139.43,161000
INO,20180416,5.07,5.08,4.9,4.9,769700
INOD,20180416,1.1,1.12,1.06,1.1,54600
INOV,20180416,10.4,10.95,10.4,10.4,422000
INPX,20180416,1746,1782,1584,1638,337900
INSE,20180416,5.3,5.5,5.3,5.45,32300
INSG,20180416,2.16,2.21,2.08,2.1,236600
INSM,20180416,23.58,23.93,22.92,23.77,589000
INTC,20180416,52.29,52.53,51.79,52.4,18855400
INTG,20180416,23.25,23.35,23.25,23.25,1300
INTU,20180416,173.35,175.74,172.74,175.3,852300
INVA,20180416,16.24,16.43,16.03,16.05,1102400
INVE,20180416,3.77,3.88,3.71,3.73,8600
IONS,20180416,43.69,43.87,43.08,43.47,538000
IOSP,20180416,71,73.2,70.4,72.75,281700
IOVA,20180416,15.25,15.25,14.45,14.75,462600
IPAR,20180416,47.9,48.75,47.9,48.35,99700
IPDN,20180416,2.97,2.98,2.93,2.98,12900
IPGP,20180416,231.56,233.49,228.995,232.47,245400
IPKW,20180416,37.69,37.77,37.66,37.7,24900
IPWR,20180416,13.7,15.3,13.6,14.5,817900
IQ,20180416,19.5,19.94,19.1,19.74,6404700
IRBT,20180416,66.15,67.58,65.46,66.96,654800
IRCP,20180416,46.49,46.49,46,46.24,800
IRDM,20180416,12.25,12.575,12.15,12.45,533700
IRIX,20180416,5.81,5.92,5.7,5.84,34000
IRMD,20180416,16.45,16.45,15.61,15.8,12400
IROQ,20180416,20.12,20.13,20.1,20.12,1000
IRTC,20180416,63.08,63.73,61.08,62.17,141400
IRWD,20180416,17.19,17.27,16.75,17.04,1995100
ISBC,20180416,13.58,13.66,13.495,13.62,1221300
ISHG,20180416,86.87,86.87,86.71,86.72,600
ISIG,20180416,2.02,2.03,1.98,2.02,26300
ISRG,20180416,139.9,140.9733,139.2267,139.46,606500
ISSC,20180416,3.59,3.74,3.52,3.72,63600
ISTB,20180416,49.14,49.19,49.14,49.16,79400
ISTR,20180416,24.89,26,24.89,25.65,31400
ITCI,20180416,20.69,20.75,19.75,20.45,777200
ITI,20180416,4.88,5.16,4.77,5.1,210100
ITIC,20180416,195,195,195,195,500
ITRI,20180416,70.1,70.85,69.9,70.25,186900
ITRN,20180416,32.35,32.95,32.075,32.4,22400
IUSB,20180416,49.59,49.74,49.59,49.74,63500
IUSG,20180416,55.26,55.45,55.04,55.29,2407100
IUSV,20180416,53.75,54.13,53.66,53.94,727500
IVAC,20180416,6.35,6.4,6.3,6.375,110200
IXUS,20180416,63.76,63.79,63.57,63.73,568600
IZEA,20180416,2.08,2.28,2.03,2.21,63100
JACK,20180416,87.66,89.38,87.51,88.99,636100
JAGX,20180416,189,189,178.5,178.5,2902100
JAKK,20180416,24.5,24.5,23.5,23.5,38500
JAZZ,20180416,156.01,157.23,154.17,155.96,414700
JBHT,20180416,119.72,121.68,115,119.75,2312700
JBLU,20180416,19.6,20.1,19.6,19.77,3977900
JBSS,20180416,58.54,58.83,58,58.36,53200
JCS,20180416,3.79,3.79,3.66,3.69,3400
JCTCF,20180416,7.275,7.275,7.275,7.275,0
JD,20180416,39.89,40.07,39.49,39.93,5445200
JJSF,20180416,140,142.95,137.77,142.41,47600
JKHY,20180416,120.13,121.99,120.13,121.3,197300
JNCE,20180416,20.47,20.83,19.82,20.68,205900
JOBS,20180416,92.63,92.63,89.85,90.91,403400
JOUT,20180416,63.99,66.57,63.99,66.32,20600
JRJC,20180416,24.5,24.5,23.5,24.2,49000
JRVR,20180416,35.83,36.13,35.64,36.05,117900
JSM,20180416,22.82,23.03,22.78,22.88,3800
JSMD,20180416,40.028,40.4,40.028,40.345,1300
JSML,20180416,38.34,38.34,37.75,37.79,1600
JVA,20180416,4.31,4.39,4.31,4.39,5900
JYNT,20180416,6.95,7.15,6.95,7.04,66800
KALA,20180416,16.52,16.89,16.47,16.57,67300
KALU,20180416,105.41,107.7,105,107.11,69000
KALV,20180416,9.72,9.72,9.295,9.57,5600
KBAL,20180416,17.39,17.7,17.31,17.59,71700
KBWB,20180416,55.09,55.3,54.6,54.92,134300
KBWD,20180416,22.74,22.82,22.63,22.79,36700
KBWP,20180416,61.43,62.05,61.43,62.05,4000
KBWR,20180416,56.59,56.68,56.1,56.63,8700
KBWY,20180416,31.26,31.75,31.26,31.64,75900
KE,20180416,16.75,17.1,16.675,17,35000
KELYA,20180416,30.38,30.75,30.07,30.43,119600
KEQU,20180416,34.4,34.4,33.4,33.4,2900
KFFB,20180416,8.7,8.7,8.7,8.7,900
KFRC,20180416,27.8,28.87,27.65,28.5,432200
KHC,20180416,60.02,61.31,59.92,61.19,5445900
KIDS,20180416,19.39,20.02,18.32,19.51,92300
KINS,20180416,17.3,17.3,17.05,17.05,39400
KIRK,20180416,10.25,10.39,10.24,10.29,221500
KLAC,20180416,108.66,109.58,107.2,108.85,1027900
KLIC,20180416,26,26.15,25.74,26,241200
KMDA,20180416,4.65,4.75,4.6,4.7,32900
KMPH,20180416,6.55,6.7,6.25,6.6,55800
KNDI,20180416,4.85,5.05,4.8,5.05,106000
KNSL,20180416,52.07,53.66,51.93,53.35,41400
KOPN,20180416,3.37,3.41,3.26,3.34,217100
KOSS,20180416,1.84,1.89,1.75,1.75,1400
KPTI,20180416,14.13,14.275,13.74,14.05,456200
KRMA,20180416,19.69,19.72,19.64,19.66,7600
KRNT,20180416,13.8,14.6,13.65,14.45,403200
KRNY,20180416,13.25,13.35,13.175,13.25,562100
KRYS,20180416,9.93,10.3,9.93,10,5100
KTCC,20180416,7.16,7.16,7.01,7.11,11700
KTOS,20180416,10.94,11.08,10.87,10.92,876200
KURA,20180416,17.5,17.5,16.8,16.95,120200
KVHI,20180416,10.7,10.8,10.65,10.7,14300
KZIA,20180416,5.56,5.75,5.25,5.49,66400
LAKE,20180416,13.8,14,13.6,13.74,38900
LAMR,20180416,63.2,63.63,63.01,63.53,392900
LANC,20180416,123.93,125.58,122.59,124.76,47700
LAND,20180416,12.63,12.79,12.5,12.52,60700
LARK,20180416,28.51,28.845,28.25,28.6,3600
LAUR,20180416,14.46,14.505,14.16,14.35,182800
LAWS,20180416,25.2,26.85,25.05,25.5,5700
LAZY,20180416,10.3,10.3,9.95,9.95,13400
LBAI,20180416,19.9,19.95,19.7,19.85,105200
LBC,20180416,11.75,11.88,11.58,11.84,38300
LBRDA,20180416,81.24,83.21,81.01,82.88,150000
LBRDK,20180416,81.71,83.63,81.19,83.33,449900
LBTYA,20180416,31.04,31.12,30.48,30.84,1931200
LBTYK,20180416,29.98,30.06,29.52,29.74,2322500
LCA,20180416,10.05,10.1,10.05,10.07,100600
LCAHU,20180416,10.68,10.68,10.68,10.68,0
LCAHW,20180416,0.6,0.65,0.6,0.65,3900
LCNB,20180416,18.8,18.9,18.65,18.75,20200
LCUT,20180416,12.845,12.845,12,12,33500
LE,20180416,22,22.45,21.5,21.6,162000
LECO,20180416,91.07,91.81,90.64,91.49,412900
LEDS,20180416,3.92,3.97,3.5,3.5,201800
LEGR,20180416,29.08,29.11,28.945,29.063,7700
LFUS,20180416,205.85,205.895,202.785,203.91,119500
LFVN,20180416,3.99,3.99,3.82,3.83,9100
LGIH,20180416,70.61,71.43,69.77,70.45,197400
LGND,20180416,166.57,168.61,165.75,167.65,139200
LHCG,20180416,70.37,71.42,69.07,71.11,225600
LIFE,20180416,38.5,38.5,37.1,37.1,9200
LILA,20180416,19.36,19.49,19.18,19.37,213700
LILAK,20180416,18.97,19.11,18.83,18.99,364600
LINC,20180416,1.91,1.95,1.86,1.91,2500
LIND,20180416,10.87,11,10.83,10.96,66500
LINK,20180416,5.55,5.56,5.4,5.45,20500
LITE,20180416,58.95,60.5,57.1,58.475,5955700
LIVE,20180416,12.48,12.7,12.4,12.48,15300
LIVN,20180416,86.46,87.42,85.89,87.2,226500
LJPC,20180416,31.03,31.33,30.52,31.01,173100
LKFN,20180416,47.56,47.85,47.02,47.68,46200
LKQ,20180416,38.55,38.97,38.41,38.62,1298600
LLNW,20180416,3.89,3.89,3.69,3.72,1443800
LMAT,20180416,40.59,41.09,40.39,40.9,86100
LMB,20180416,13.55,13.67,13.44,13.62,39100
LMBS,20180416,51.34,51.39,51.31,51.35,230200
LMFA,20180416,6.5,7.3,6.4,6.7,124100
LMNR,20180416,23.12,24,23.12,23.89,8500
LMRK,20180416,16.3,16.4,16.14,16.2,26200
LMRKO,20180416,24.1,24.2,24,24.06,2600
LMRKP,20180416,24.99,24.99,24.75,24.75,1100
LNDC,20180416,13.8,14,13.75,13.9,45000
LNTH,20180416,16,16.6,15.35,16.45,271000
LOAN,20180416,7,7.1,6.93,7.1,21500
LOB,20180416,28.9,28.9,28.35,28.75,81200
LOCO,20180416,9.5,9.85,9.45,9.8,709000
LOGI,20180416,37.26,37.38,37.04,37.35,194300
LOOP,20180416,14.08,14.46,13.62,14.17,6600
LOPE,20180416,110.42,111.34,109.94,109.96,178900
LORL,20180416,40.15,40.15,39.75,39.9,131400
LPCN,20180416,1.72,1.75,1.65,1.7,98900
LPLA,20180416,57.67,58.19,57.6,57.85,1212600
LPSN,20180416,15.8,15.925,15.65,15.85,215000
LPTH,20180416,2.21,2.21,2.1,2.12,135300
LPTX,20180416,9.85,10.12,6.94,7.49,711500
LQDT,20180416,6,6.125,5.85,6,53300
LRCX,20180416,205.25,205.91,201.6,203.55,1941100
LRGE,20180416,29.19,29.19,29.19,29.19,0
LSBK,20180416,16.81,16.81,16.81,16.81,0
LSCC,20180416,5.62,5.62,5.47,5.53,511200
LSTR,20180416,107.85,110.125,107.5,109.3,693800
LSXMA,20180416,40.26,40.45,39.67,40.4,324200
LSXMB,20180416,41.89,43.58,41.89,43.58,400
LSXMK,20180416,40.12,40.43,39.6,40.33,543000
LTBR,20180416,14.4,15,14.04,14.64,1248100
LTRPA,20180416,10.45,10.95,10.3,10.7,384800
LTRX,20180416,2.24,2.24,2.21,2.215,19100
LULU,20180416,92,93.81,91.75,93.76,1981600
LUNA,20180416,3.25,3.43,3.21,3.4,216900
LVHD,20180416,29.5,29.78,29.5,29.74,68800
LWAY,20180416,5.75,5.95,5.66,5.74,11300
LX,20180416,13.36,13.86,13.245,13.58,241000
LXRX,20180416,8.24,8.5,8.18,8.28,417600
LYL,20180416,3.62,3.64,3.6,3.6,2800
LYTS,20180416,7.7,7.78,7.64,7.71,24000
MACK,20180416,8.71,8.71,8.42,8.5,71000
MACQ,20180416,10.35,10.35,10.35,10.35,0
MACQU,20180416,11,11,11,11,0
MACQW,20180416,0.77,0.8,0.75,0.77,36000
MANH,20180416,41.67,42.49,41.55,42.22,1021400
MANT,20180416,59.38,59.71,59.18,59.62,159300
MAR,20180416,132.05,134.28,131.92,133.47,1501500
MARA,20180416,6.08,6.16,5.44,5.64,1320500
MARK,20180416,5.76,5.93,5.55,5.91,392700
MARPS,20180416,3.525,3.525,3.525,3.525,400
MASI,20180416,86.26,87.2,85.62,86.73,237700
MAT,20180416,14.74,14.9,14.53,14.72,2766600
MATW,20180416,50.85,51.6,50.4,51.25,143400
MAYS,20180416,37.25,37.25,37.25,37.25,100
MBB,20180416,104.13,104.31,104.12,104.3,278000
MBCN,20180416,26.175,27.45,26,26.95,11700
MBII,20180416,2.15,2.22,1.86,1.95,684200
MBIN,20180416,20.5,21.125,20.5,20.64,30500
MBIO,20180416,10.66,10.77,10.06,10.19,82800
MBOT,20180416,11.7,11.7,11.25,11.55,79900
MBRX,20180416,1.9,1.9,1.85,1.88,131800
MBUU,20180416,35.14,35.84,34.84,35.42,106700
MBWM,20180416,34.21,34.87,33.985,34.61,36600
MCBC,20180416,10.37,10.48,10.34,10.46,28100
MCEF,20180416,17.81,17.81,17.81,17.81,200
MCFT,20180416,25.4,25.65,25.2,25.58,118500
MCHI,20180416,67.07,67.5,66.85,67.48,1548800
MCHP,20180416,44.1,44.1,42.98,43.115,3794300
MCHX,20180416,2.71,2.99,2.65,2.87,342100
MCRB,20180416,7.71,7.95,7.56,7.67,105500
MCRI,20180416,41.23,42.73,41.23,42.48,44500
MDB,20180416,39.95,39.97,38.12,39.46,641900
MDGL,20180416,116.15,116.15,103.08,115.45,458900
MDGS,20180416,4.92,5.04,4.84,4.96,5400
MDIV,20180416,18.04,18.14,17.96,18.14,76900
MDLZ,20180416,42.1,42.3,42.04,42.23,5820300
MDRX,20180416,12.1,12.32,11.99,12.22,876700
MDWD,20180416,5.35,5.55,5.1,5.1,25500
MDXG,20180416,7.07,7.48,7.02,7.41,2953800
MEDP,20180416,37.24,37.86,36.94,37.43,91700
MEIP,20180416,2.05,2.15,2.05,2.11,84300
MELI,20180416,331.28,332.01,321.81,322.78,822000
MEOH,20180416,66.6,67.75,66.05,67.4,485600
MERC,20180416,13.4,13.7,13.4,13.65,109900
MESO,20180416,6.08,6.24,6,6.1,13400
METC,20180416,6.5,6.59,6.21,6.28,39300
MFIN,20180416,4.3,4.37,4.2,4.23,57400
MGEE,20180416,56.15,57.4,55.96,57.4,146200
MGI,20180416,8.4,8.54,8.33,8.48,227200
MGIC,20180416,8.2,8.2,8.05,8.1,61700
MGLN,20180416,108.25,109.65,107.21,108.8,97200
MGNX,20180416,23.88,24.43,23.66,24.2,274400
MGPI,20180416,86.47,88.14,86.39,87.97,64000
MGRC,20180416,54.93,56.06,54.72,55.86,227900
MGYR,20180416,12.16,12.16,12.16,12.16,0
MHLD,20180416,6.95,7.15,6.85,7.05,334400
MICT,20180416,1.43,1.47,1.35,1.47,107400
MIDD,20180416,123.13,124.06,122.12,123.58,395300
MILN,20180416,20.13,20.14,19.99,20.12,12000
MIME,20180416,37.59,37.72,37.17,37.41,108300
MIND,20180416,3.02,3.12,3.02,3.05,8500
MINDP,20180416,23.52,23.54,23.31,23.46,2500
MITK,20180416,7.6,7.8,7.55,7.7,146400
MKSI,20180416,118,118.85,116.425,118.05,342300
MKTX,20180416,202.56,205.66,202.56,204.4,155300
MLAB,20180416,169.21,170.69,167.99,169.65,11400
MLCO,20180416,30.89,31.61,30.63,31.59,2238800
MLHR,20180416,32.75,33.4,32.65,33.1,538000
MLVF,20180416,24.45,24.7,24.45,24.65,2300
MMLP,20180416,14.1,14.5,14.05,14.3,124400
MMSI,20180416,45.25,46,44.975,45.9,461100
MMYT,20180416,35.4,35.5,34.63,34.85,189100
MNDO,20180416,2.26,2.26,2.19,2.21,65700
MNKD,20180416,1.66,1.68,1.61,1.65,1320500
MNOV,20180416,12.5,12.64,11.66,11.83,267400
MNRO,20180416,55.5,55.7,52.55,52.95,958900
MNST,20180416,57.19,57.35,56.67,56.98,1294400
MNTX,20180416,11.66,12.115,11.66,11.99,60900
MOFG,20180416,32.95,33,32.78,32.85,24500
MOMO,20180416,34.94,34.955,33.68,34.39,3437100
MORN,20180416,98.4,100,98.12,99.71,37600
MOSY,20180416,26.2,28.4,26.2,26.6,228500
MOTS,20180416,4.6,4.6,4.5,4.565,2500
MOXC,20180416,14.6,14.75,14.6,14.65,4600
MPAA,20180416,22.25,22.42,22,22.09,212600
MPAC,20180416,9.75,9.75,9.75,9.75,100
MPACU,20180416,10.25,10.25,10.24,10.25,8600
MPACW,20180416,0.5,0.5,0.5,0.5,900
MPB,20180416,35.3,35.3,35.25,35.3,2300
MPWR,20180416,121.51,122.77,120.26,122.01,228700
MRAM,20180416,8.29,8.3,8.06,8.3,28400
MRBK,20180416,17.76,18,17.66,17.66,4800
MRCC,20180416,12.5,12.565,12.39,12.43,89900
MRCY,20180416,46.48,46.6,45.66,45.91,416200
MRLN,20180416,29.1,29.225,28.75,28.95,18200
MRNS,20180416,19.12,19.68,18.52,19.6,367300
MRSN,20180416,16.92,16.99,16.495,16.81,54500
MRTN,20180416,15.3,15.7667,15.3,15.6667,460800
MRTX,20180416,31.55,31.625,29.4,30.95,318600
MRUS,20180416,18.25,18.25,17.725,17.82,9100
MRVL,20180416,22.19,22.22,21.625,21.76,5774000
MSBI,20180416,31.91,32.18,31.5,32.09,65500
MSEX,20180416,39.21,39.93,39.01,39.93,42400
MSFT,20180416,94.07,94.66,93.42,94.17,20288000
MSON,20180416,11.5,11.5,11.25,11.45,11500
MSTR,20180416,130.74,132.9,127.98,132.36,85200
MTBC,20180416,3.34,3.42,3.24,3.33,107700
MTBCP,20180416,24.3,24.76,24.3,24.61,8000
MTCH,20180416,45.03,46.3,44.6,46.16,1091900
MTEM,20180416,9.25,9.605,9.061,9.47,91600
MTEX,20180416,18.5,18.5,17.65,17.8,4200
MTLS,20180416,11.79,11.89,11.41,11.53,52100
MTP,20180416,39.5,40,39,40,6300
MTRX,20180416,15.5,15.55,15.25,15.45,149100
MTSI,20180416,18.29,18.617,17.27,17.525,1877200
MU,20180416,52.25,52.48,51.32,51.65,30879400
MUDS,20180416,9.6,9.6,9.6,9.6,96000
MUDSU,20180416,10.23,10.26,10.23,10.25,217500
MUDSW,20180416,0.65,0.65,0.65,0.65,110200
MVBF,20180416,19.5,19.75,19.32,19.75,4500
MVIS,20180416,1.2,1.34,1.2,1.3,1562900
MYGN,20180416,29.25,29.52,28.86,28.9,632100
MYRG,20180416,31.1,31.8,30.73,31.1,53600
MYSZ,20180416,1.33,1.48,1.32,1.45,1616400
NAII,20180416,10.4,10.4,9.2,10,46300
NAKD,20180416,735,735,695,725,76200
NAOV,20180416,4.6,4.75,4.6,4.75,1800
NATH,20180416,74.5,75.8,74,74.5,12400
NATI,20180416,50.95,51.05,50.42,50.5,453900
NATR,20180416,11,11,9.15,9.2,34100
NAVI,20180416,13.34,13.47,13.28,13.39,1865300
NBEV,20180416,1.83,1.94,1.78,1.88,471100
NBIX,20180416,75.85,76.08,74.5,75.3,592200
NBN,20180416,20.5,21.35,20.45,20.75,29900
NBRV,20180416,4.91,5.03,4.7,4.9,206400
NBTB,20180416,35.95,36.25,35.71,36.08,55100
NCBS,20180416,55.54,56.87,55,56.56,14500
NCMI,20180416,5.55,5.94,5.48,5.78,785600
NCNA,20180416,25.75,26.785,22.54,23.88,120000
NCSM,20180416,17.91,18.025,17.57,17.89,40500
NCTY,20180416,16.2,16.5,14.4,14.4,156000
NDAQ,20180416,86.5,86.98,85.81,85.98,773800
NDLS,20180416,7.5,7.6,7.35,7.4,65200
NDRA,20180416,2.28,2.47,2.28,2.47,1200
NDRAW,20180416,0.5,0.5,0.5,0.5,7800
NDSN,20180416,137.49,139.57,136.795,139.5,147900
NEO,20180416,9.25,9.25,8.95,9.05,325500
NEOG,20180416,68.98,69.85,68.14,68.96,289300
NEON,20180416,4.9,4.9,4.4,4.7,53500
NEPT,20180416,2.91,3.12,2.85,2.86,1198200
NERV,20180416,6.95,7,6.8,6.9,45600
NESR,20180416,10.04,10.07,10.02,10.03,819600
NESRW,20180416,1.05,1.1,1,1.05,37700
NETE,20180416,10.24,10.3,8.5,8.89,1171600
NEWT,20180416,17.99,18.03,17.92,17.93,28200
NEWTZ,20180416,25.68,25.68,25.68,25.68,0
NEXT,20180416,5.62,5.62,5.075,5.3,12800
NFBK,20180416,15.76,15.97,15.61,15.77,63100
NFLX,20180416,315.99,316.1,304,307.78,20307900
NH,20180416,3.06,3.15,3.025,3.13,53800
NHTC,20180416,19.39,19.53,19.21,19.41,20300
NICE,20180416,94.95,95.08,94.29,94.95,120200
NICK,20180416,8.8,8.85,8.76,8.76,4900
NKSH,20180416,43.85,46,43.85,45.9,14500
NKTR,20180416,101.62,101.91,81.26,93.47,7181800
NMIH,20180416,14.75,14.817,14.425,14.55,281800
NMRD,20180416,40,40.5,38.5,38.8,6000
NMRK,20180416,15.29,15.53,15.17,15.37,190600
NNBR,20180416,22,22.4,21.6,22.3,174900
NNDM,20180416,17.3,17.4,16.3,17.2,43900
NODK,20180416,16.38,16.48,16.38,16.42,11100
NOVN,20180416,3.02,3.14,3.02,3.11,9200
NOVT,20180416,57.55,58.4,56.525,58.3,427300
NRIM,20180416,35.8,35.85,35.6,35.75,5400
NSEC,20180416,16.1,16.75,16.1,16.75,2300
NSIT,20180416,34.79,35.29,34.71,35.09,222500
NSSC,20180416,10.8,10.99,10.8,10.85,14100
NSTG,20180416,9.32,9.47,9.1,9.27,163600
NSYS,20180416,3.12,3.12,3.05,3.05,600
NTAP,20180416,68.15,68.77,67.565,68.27,2042300
NTCT,20180416,27.05,27.15,26.45,26.7,1098300
NTES,20180416,54.332,55.116,53.758,54.536,724200
NTGR,20180416,61.2,62.1,60.7,61.85,324300
NTIC,20180416,13.3025,13.369,13,13,9500
NTLA,20180416,22.2,22.5,21.67,21.75,504800
NTNX,20180416,53.58,54.29,52.77,53.41,1891200
NTRA,20180416,10.33,10.74,10.29,10.64,73100
NTRS,20180416,104.88,105.22,103.64,104.89,1107000
NTWK,20180416,4.7,4.8,4.6,4.65,31200
NUAN,20180416,14.93,15.19,14.83,15.06,1427900
NURO,20180416,1.38,1.5,1.38,1.44,123600
NUVA,20180416,55.11,55.365,54.8,54.92,531000
NVAX,20180416,36.2,36.6,35,35.6,5512300
NVCN,20180416,50,50,40,50,150609700
NVCR,20180416,21.6,21.75,21.35,21.55,620300
NVDA,20180416,57.9425,58.21,56.92,57.8725,8769700
NVEC,20180416,82.2,82.2,79.84,79.89,10700
NVEE,20180416,61.55,62.6,60.5,61.85,77900
NVFY,20180416,8.5,8.75,8.45,8.65,32000
NVIV,20180416,264.75,268.5,247.5,251.25,402600
NVMI,20180416,28.91,28.96,28.46,28.55,77400
NWBI,20180416,16.56,16.65,16.485,16.64,263000
NWFL,20180416,29.93,29.93,29.37,29.66,3900
NWLI,20180416,315,320,314.96,319.85,15700
NWPX,20180416,19.45,19.73,19.18,19.52,31300
NWS,20180416,16.1,16.25,15.95,16.2,234200
NWSA,20180416,15.81,15.99,15.73,15.95,2730500
NXPI,20180416,113.47,113.64,112.65,112.83,2488700
NXST,20180416,62.7,65.95,62.4,65.6,1339200
NXTD,20180416,19.9,20.3,19,19,338800
NYMT,20180416,5.94,5.98,5.91,5.96,729300
NYMTN,20180416,23.35,23.45,23.25,23.305,8900
NYMTP,20180416,23.45,23.45,23.22,23.23,14100
NYMX,20180416,4.14,4.18,4.03,4.11,93500
OBAS,20180416,8.3,8.3,8.3,8.3,500
OBCI,20180416,3.49,3.66,3.41,3.46,19700
OBSV,20180416,13.2,13.43,13.01,13.02,10800
OCC,20180416,2.7,2.85,2.7,2.775,20700
OCFC,20180416,26.38,26.53,26.17,26.45,106700
OCSL,20180416,4.3,4.36,4.285,4.35,343300
OCUL,20180416,6.52,6.63,6.37,6.39,158100
ODFL,20180416,145.43,148.45,144.24,147.68,515500
ODP,20180416,20.5,21.2,20,20.8,3421600
ODT,20180416,21.74,21.8,20.96,21.21,53800
OESX,20180416,0.78,0.81,0.78,0.8,20600
OFED,20180416,28.04,28.95,28.04,28.95,500
OFIX,20180416,59.86,60.47,59.71,59.85,100800
OFLX,20180416,66.76,66.87,66.03,66.35,3600
OFS,20180416,10.77,10.77,10.72,10.72,19300
OIIM,20180416,1.37,1.38,1.36,1.36,17700
OKTA,20180416,41.11,41.11,40.19,40.6,1138900
OLED,20180416,99.3,99.7,96.6,98.6,749800
OLLI,20180416,60.55,61.85,60.2,61.8,753600
OMAB,20180416,42.8,43.85,42.56,43.82,121300
OMCL,20180416,45.1,45.4,44.65,45,340400
OMER,20180416,14.26,14.52,13.63,13.93,715100
OMEX,20180416,11,11.65,10.91,11.4,231900
ON,20180416,25.09,25.21,24.59,25.05,3515300
ONB,20180416,17,17.125,16.85,17.05,767700
ONCS,20180416,18,18,15.3,16.2,4095600
ONEQ,20180416,280.95,281.73,279.32,280.94,34900
ONTX,20180416,11.85,12.6,11.4,11.775,71700
ONVO,20180416,1.04,1.05,1.02,1.03,600300
OPBK,20180416,12.46,12.84,12.09,12.8,17900
OPGN,20180416,39,39,37.7,38.8,48300
OPHC,20180416,4.75,4.76,4.74,4.76,2900
OPK,20180416,3.02,3.05,2.91,3.02,2752600
OPNT,20180416,19.8,19.99,19.4,19.57,7000
OPOF,20180416,26.41,26.6,26.31,26.6,4200
OPTN,20180416,19.78,20.39,19.31,19.72,70300
ORGS,20180416,10.26,10.3,9.625,10.1,15900
ORLY,20180416,227.26,229.36,223.76,226.77,733700
ORMP,20180416,7.27,7.505,7.08,7.21,18200
ORRF,20180416,24.83,24.9,24.75,24.8,5000
OSBC,20180416,14.15,14.4,14,14.35,52400
OSIS,20180416,66.77,67.93,66.26,67.11,142600
OSS,20180416,4.41,4.62,4.32,4.6,7000
OSTK,20180416,37.35,37.546,35.875,36.95,1297600
OSUR,20180416,16.94,17.37,16.815,17.3,484200
OTEX,20180416,34.27,34.6,34.21,34.55,302000
OTIC,20180416,4.25,4.25,4,4.05,394300
OTTR,20180416,42.8,43.4,42.75,43.3,187500
OVBC,20180416,42.9,43.7,42.9,43.5,12500
OVID,20180416,9.12,9.43,9.06,9.34,41600
OVLY,20180416,22.36,22.4,21.95,22.2,6100
OXBR,20180416,2.175,2.175,2.15,2.15,3000
OXBRW,20180416,0.065,0.065,0.065,0.065,300
OXLC,20180416,10.63,10.75,10.59,10.72,242300
OXLCM,20180416,25.61,25.65,25.61,25.63,1100
OXLCO,20180416,25.45,25.45,25.4,25.4,700
OXSQ,20180416,6.15,6.15,6.08,6.08,118900
OXSQL,20180416,25.79,26.65,25.79,26.4,21900
PAAS,20180416,16.72,16.72,16.54,16.65,707000
PACB,20180416,2.52,2.6,2.5,2.59,365600
PACW,20180416,49.02,49.14,48.5,48.9,559100
PAHC,20180416,42.4,42.9,42.25,42.6,184900
PANL,20180416,3.26,3.365,3.051,3.2,26900
PATI,20180416,18.7,18.7,18.7,18.7,100
PATK,20180416,57.3,57.3,55.8,55.85,388600
PAVM,20180416,1.66,1.66,1.61,1.65,10600
PAVMW,20180416,0.26,0.26,0.26,0.26,0
PAVMZ,20180416,1.05,1.05,1.05,1.05,0
PAYX,20180416,61.93,62.48,61.68,62.24,1039800
PBCT,20180416,18.7,18.77,18.54,18.7,1966500
PBCTP,20180416,25.91,25.93,25.83,25.92,8000
PBHC,20180416,15.1,15.1,15.1,15.1,0
PBIP,20180416,18.01,18.14,18,18.03,4100
PBPB,20180416,12.35,12.575,12.15,12.2,122900
PBYI,20180416,66.8,67.2,65,66.1,287000
PCAR,20180416,68.55,69.78,68.18,69.52,2332000
PCH,20180416,52.7,52.9,52.45,52.65,702900
PCOM,20180416,10.55,10.8,10.42,10.7,53600
PCRX,20180416,33.85,35.75,33.4,35.75,1127500
PCSB,20180416,20.81,20.96,20.64,20.84,35100
PCTI,20180416,7.44,7.6,7.04,7.54,50200
PCTY,20180416,54.43,55.05,54.03,54.65,220300
PCYG,20180416,9.3,9.7,9.2,9.5,25400
PCYO,20180416,9.3,9.5,9.25,9.4,14900
PDBC,20180416,18.18,18.18,18.06,18.07,461000
PDCE,20180416,53.17,54.74,52.495,54.21,718100
PDCO,20180416,23.01,23.83,22.65,23.34,1343000
PDEX,20180416,7.05,7.1,6.8,6.95,16500
PDFS,20180416,11.75,11.75,11.45,11.67,85800
PDLB,20180416,14.76,14.98,14.72,14.98,1000
PDP,20180416,53.06,53.37,52.97,53.24,133500
PEBK,20180416,30.53,30.53,30.06,30.06,3300
PEBO,20180416,35.7,36.05,35.11,35.98,27000
PEGA,20180416,61.4,62.9,61.1,62.25,429400
PENN,20180416,26.67,27.15,26.59,26.76,1327600
PEP,20180416,109.75,110.64,109.52,109.92,2769700
PERI,20180416,2.22,2.295,2.22,2.28,54200
PESI,20180416,4.35,4.4,4.35,4.36,500
PETQ,20180416,22.46,23.14,22.01,22.92,412600
PETS,20180416,38.34,38.75,36.51,37,1417200
PETZ,20180416,4.44,4.45,4.14,4.27,32300
PEY,20180416,17.26,17.43,17.23,17.39,300000
PEZ,20180416,50.14,50.44,50.14,50.38,3800
PFBC,20180416,65.1,65.93,64.51,65.73,65900
PFF,20180416,37.2,37.27,37.17,37.24,1732300
PFG,20180416,60.96,61.53,60.6,61.06,1819200
PFI,20180416,34.96,34.96,34.88,34.88,1400
PFIE,20180416,3.27,3.31,3.22,3.25,277900
PFIN,20180416,8.23,8.35,8.15,8.17,3900
PFIS,20180416,43.62,45,43.62,44.05,2800
PFLT,20180416,13.39,13.42,13.32,13.39,81800
PFM,20180416,25.55,25.79,25.54,25.72,24400
PFMT,20180416,2.95,2.95,2.91,2.93,3100
PFSW,20180416,9.38,9.55,9.28,9.44,22800
PGC,20180416,34.06,34.23,33.7,34.11,47900
PGJ,20180416,45.83,45.83,45.26,45.45,37400
PHO,20180416,30.67,30.89,30.63,30.84,31100
PI,20180416,13.48,13.88,13.24,13.36,333300
PID,20180416,16,16.05,15.96,16.03,176600
PIE,20180416,21.43,21.49,21.34,21.48,60900
PINC,20180416,30.71,31.7,30.55,31.46,949700
PIO,20180416,26.06,26.11,25.93,26.1,6800
PIRS,20180416,6.49,6.51,6.33,6.43,247800
PIXY,20180416,143.6,143.6,126,126.8,184500
PIZ,20180416,28.21,28.25,28.13,28.22,25300
PKBK,20180416,19.0909,19.2727,19,19.1364,12600
PKOH,20180416,37.9,39.05,37.85,38.5,15300
PKW,20180416,57.04,57.82,56.94,57.47,68100
PLAB,20180416,8.4,8.4,8.15,8.25,286400
PLAY,20180416,42.67,43.33,42.42,42.75,1192600
PLBC,20180416,24.5,24.95,24.5,24.68,1100
PLCE,20180416,133.2,133.35,130.65,131.05,447000
PLPC,20180416,67.02,69.18,66,68,6600
PLSE,20180416,20.3,20.3,18.07,19.35,330200
PLUG,20180416,1.88,1.9,1.86,1.88,1691800
PLUS,20180416,80.85,81.4,79.95,81.1,33600
PLW,20180416,31.635,31.73,31.635,31.69,7100
PLXP,20180416,3.5,3.65,3.44,3.65,24200
PLXS,20180416,61.97,62.425,61.816,62.06,124800
PLYA,20180416,10.56,10.65,10.45,10.51,137900
PMD,20180416,21.2,21.2,20.4,20.83,8300
PME,20180416,4.03,4.11,3.72,4.01,223100
PMTS,20180416,2.47,2.83,2.46,2.59,77800
PNBK,20180416,19.3,19.3,19.3,19.3,0
PNFP,20180416,64.5,64.5,63.49,63.95,925300
PNNT,20180416,6.9,6.93,6.88,6.9,208800
PNQI,20180416,127.27,127.72,126.3,127.36,63000
PNRG,20180416,52.9,52.9,52.9,52.9,0
PODD,20180416,85.65,86.2,85.42,85.66,231500
POLA,20180416,6.06,6.1,5.86,6.07,13000
POOL,20180416,146.34,147.495,145.77,146.71,145800
POWI,20180416,34.475,34.725,34,34.425,128000
POWL,20180416,29.74,30.2,29.74,30.03,20300
PPBI,20180416,41.1,41.2,40.55,41.05,179200
PPC,20180416,24.03,24.3,23.96,24.07,824800
PPH,20180416,57.09,57.29,56.9,57.19,145100
PPIH,20180416,9.2,9.2,9.05,9.05,1700
PPSI,20180416,5.75,5.75,5.75,5.75,200
PRAA,20180416,39.15,39.35,38.4,38.8,632400
PRFT,20180416,23.7,23.98,23.56,23.86,181600
PRFZ,20180416,131.26,132.41,130.795,132.1,37800
PRGS,20180416,38.27,38.45,37.96,38.32,287800
PRIM,20180416,26.5,26.84,26.42,26.72,136800
PRN,20180416,60.67,60.83,60.65,60.83,1400
PROV,20180416,17.89,18.14,17.865,18.14,20200
PRPH,20180416,2.96,2.99,2.9,2.9,800
PRPL,20180416,8.21,8.41,8.11,8.11,12600
PRPO,20180416,7.35,7.35,6.3,6.75,788000
PRQR,20180416,3.5,3.55,3.4,3.45,36200
PRTA,20180416,38.1,38.63,37.76,38.08,283100
PRTK,20180416,14.1,14.15,13.15,13.35,442000
PRTS,20180416,1.89,2.06,1.89,2.04,390300
PSC,20180416,31.62,31.84,31.62,31.78,1800
PSCC,20180416,70.63,71.63,70.6,71.63,1900
PSCD,20180416,60.98,61.372,60.96,61.325,3900
PSCE,20180416,15.07,15.19,14.935,15.16,22500
PSCF,20180416,53.91,54.08,53.71,54.08,7400
PSCH,20180416,115.33,115.72,114.35,115.45,44100
PSCI,20180416,65.12,65.79,65.1,65.69,2400
PSCM,20180416,53.08,53.125,53.08,53.125,700
PSCT,20180416,79.49,79.7,78.92,79.47,6600
PSCU,20180416,51.45,51.71,51.45,51.71,6400
PSEC,20180416,6.48,6.48,6.37,6.39,1955700
PSET,20180416,32.72,32.72,32.72,32.72,15100
PSL,20180416,68.37,69.09,68.37,68.97,4900
PSMT,20180416,89.15,90.84,88.9,90.15,108400
PSTI,20180416,12.3,12.4,12.2,12.3,166300
PTC,20180416,81.27,81.82,80.66,81.43,740200
PTCT,20180416,26.53,26.92,25.95,26.65,403400
PTEN,20180416,20.11,20.28,19.81,20.01,3268000
PTF,20180416,57.61,57.95,57.4,57.95,4000
PTGX,20180416,8.95,9.29,8.82,8.93,166800
PTH,20180416,80.8,80.8,77.83,78.42,13400
PTNR,20180416,4.46,4.59,4.37,4.59,9700
PTSI,20180416,37.68,39.59,37.68,39.5,19900
PUI,20180416,26.08,26.34,26.08,26.25,3600
PULM,20180416,4.9,4.9,4.6,4.6,1829200
PVBC,20180416,12.25,12.25,12.05,12.2,2400
PWOD,20180416,28.5667,28.7133,28.4067,28.54,3200
PXI,20180416,40.03,40.63,39.98,40.6,9700
PXLW,20180416,4.4,4.62,4.2,4.27,413600
PXS,20180416,1.17,1.17,1.135,1.135,31300
PY,20180416,32.26,32.26,32.26,32.26,26400
PYPL,20180416,77.88,78.5,77.19,77.8,5101300
PYZ,20180416,68.34,69.1,68.34,69.04,3300
PZZA,20180416,61.46,61.8,60.49,60.77,587600
QABA,20180416,53.73,53.83,53.24,53.73,35800
QADA,20180416,44.9,45.35,44.8,44.95,46400
QADB,20180416,31.11,33.57,31.11,33.57,1100
QAT,20180416,16.81,16.87,16.81,16.85,6800
QCLN,20180416,19.75,19.78,19.66,19.75,11900
QCOM,20180416,55.94,55.99,54.57,54.77,7850400
QCRH,20180416,44.35,45.25,44.35,45.2,34200
QDEL,20180416,56.25,56.43,55.48,56.22,330900
QIWI,20180416,15.81,15.9,15.6,15.72,388100
QLYS,20180416,77.6,78.9,77.2,78.35,311000
QNST,20180416,10.94,11.09,10.71,10.8,780400
QQEW,20180416,59.22,59.52,59,59.37,41600
QQQ,20180416,162.45,163.19,161.48,162.6,28180700
QQQX,20180416,25.75,26.08,25.64,25.71,159500
QQXT,20180416,48.43,48.61,48.38,48.46,4900
QRHC,20180416,1.87,1.93,1.78,1.89,7000
QRTEA,20180416,16.5067,16.8967,16.3733,16.7933,1612300
QRTEB,20180416,15.6667,16.8,15.6667,16.8,500
QRVO,20180416,72.75,72.91,71.22,72.28,1075300
QTEC,20180416,77.05,77.36,76.46,77.06,130700
QTNT,20180416,4.55,4.69,4.33,4.44,212100
QTRX,20180416,15.67,16.17,15.3,16.08,48000
QUIK,20180416,19.32,20.72,19.04,20.02,171900
QUMU,20180416,1.83,1.89,1.83,1.85,2600
QURE,20180416,29.6,29.755,28.65,29.08,143400
QYLD,20180416,24.15,24.26,24,24.15,105600
RADA,20180416,2.47,2.5,2.37,2.43,139100
RAIL,20180416,13.46,13.57,13.24,13.54,69000
RAND,20180416,23.31,23.31,23.31,23.31,0
RARE,20180416,53.51,54.285,52.435,53.82,336700
RAVE,20180416,1.26,1.27,1.25,1.27,19100
RAVN,20180416,35.7,36.2,35.15,36.15,70200
RBB,20180416,27.94,28.33,27.75,27.76,86000
RBBN,20180416,5.3,5.36,5.28,5.35,218300
RBCAA,20180416,38.71,39.31,38.17,39.01,9700
RBCN,20180416,7.05,7.18,7.02,7.16,6600
RBNC,20180416,23.02,23.145,22.92,22.92,13400
RCII,20180416,10.35,10.58,10.21,10.35,1142000
RCKT,20180416,16.56,16.56,16,16.23,449300
RCKY,20180416,21.7,21.75,21.35,21.55,26600
RCM,20180416,7.31,7.35,7.18,7.24,308300
RCMT,20180416,5.7,5.8,5.46,5.5,13500
RCON,20180416,7.1,7.1,6.6,6.75,51500
RDCM,20180416,18.25,18.6,18,18.425,29400
RDFN,20180416,22.64,23.2,22.51,23.19,539700
RDHL,20180416,5.02,5.05,4.82,4.89,32800
RDI,20180416,16.25,16.45,15.96,16.02,190100
RDNT,20180416,14.05,14.45,14,14.35,419400
RDUS,20180416,34.2,34.46,33.58,33.94,571200
RDVT,20180416,7.86,7.86,6.935,7.11,46200
RDVY,20180416,30.18,30.2,29.94,30.1,56600
RDWR,20180416,22.24,22.39,22.09,22.27,69100
REDU,20180416,15.07,15.2,14.81,14.93,16800
REFR,20180416,1.04,1.04,0.98,0.99,27700
REGI,20180416,13.4,13.5,12.95,13.4,787900
REGN,20180416,324.4,324.4,317.63,318.2,816300
RELL,20180416,8.55,8.95,8.51,8.81,125900
REPH,20180416,11.04,11.57,11,11.49,214600
RESN,20180416,3.8,3.8,3.57,3.74,275500
RETA,20180416,21.35,22.36,20.91,21.97,203900
RETO,20180416,7.54,7.7,7.28,7.565,143400
RFDI,20180416,65.02,65.02,64.76,64.84,58800
RFEM,20180416,73.15,73.39,72.96,73.29,4200
RFEU,20180416,66.79,66.8,66.67,66.74,3300
RFIL,20180416,5.95,6.35,5.85,6,322500
RGCO,20180416,24.25,24.57,23.705,24.55,7600
RGEN,20180416,37.65,37.65,37.07,37.15,114300
RGLD,20180416,89.25,89.86,88.72,89.46,416600
RGLS,20180416,7.68,8.124,7.62,7.668,336200
RGNX,20180416,36,38.2,36,38,957700
RIBT,20180416,1.56,1.59,1.55,1.55,51300
RICK,20180416,27.9,28.75,27.75,28.55,24400
RIGL,20180416,4.09,4.12,3.65,3.73,3357100
RILY,20180416,19.55,19.9,19.45,19.8,35900
RILYL,20180416,25.47,25.47,25.35,25.4,12000
RILYZ,20180416,25.02,25.05,25,25.01,10000
RING,20180416,18.38,18.42,18.21,18.31,303400
RIOT,20180416,7.7,7.7,7.06,7.31,595400
RKDA,20180416,26.46,27.37,25,26.22,92100
RMBL,20180416,88,90,86,87,14800
RMBS,20180416,13.9,13.91,13.78,13.86,362200
RMCF,20180416,12.19,12.19,12.1,12.1,3300
RMNI,20180416,8.05,8.13,7.91,8.11,5400
RMR,20180416,76.3,78,76.05,77.85,26500
RMTI,20180416,5.86,5.9,5.68,5.75,132900
RNDB,20180416,16.49,16.49,16.26,16.26,1700
RNDM,20180416,52.09,52.09,52.09,52.09,0
RNDV,20180416,21.215,21.215,21.215,21.215,100
RNEM,20180416,55.12,55.12,55.11,55.11,200
RNLC,20180416,21.68,21.88,21.68,21.88,500
RNMC,20180416,21.25,21.25,21.25,21.25,0
RNSC,20180416,21.24,21.24,21.24,21.24,0
RNST,20180416,44.77,44.98,44.27,44.82,97100
RNWK,20180416,3.15,3.4,3.11,3.38,91900
ROBT,20180416,29.47,29.6,29.47,29.555,3500
ROCK,20180416,33.95,34.5,33.6,34.5,115000
ROIC,20180416,17.02,17.21,16.93,17.11,753900
ROKU,20180416,32.88,33.24,32.14,33.02,2325600
ROLL,20180416,124.39,126.735,122.9,125.99,52800
ROSEU,20180416,8.01,8.01,8.01,8.01,0
ROST,20180416,76.68,77.86,76.37,77.59,2146400
RPD,20180416,27.51,28.05,27.02,27.4,315600
RRGB,20180416,60.55,62.75,58.975,62.45,279100
RRR,20180416,28.94,29.85,28.94,29.56,675100
RSLS,20180416,1428,1428,1344,1386,174900
RUN,20180416,8.5,8.75,8.43,8.63,1503100
RUSHA,20180416,26.16,26.82,25.8033,26.68,246000
RUSHB,20180416,25.1667,25.6667,25.1667,25.5133,12800
RUTH,20180416,25.65,26.5,25.65,25.9,531500
RVNC,20180416,32.85,32.85,31.95,32.25,193100
RVSB,20180416,9.32,9.33,9.17,9.29,14000
RWLK,20180416,27.5,28.75,26.25,27.5,158600
RYAAY,20180416,122.25,123.19,121.64,121.84,98300
RYTM,20180416,22.27,22.88,21.44,22.43,57800
SABR,20180416,19.92,20.17,19.79,20.08,1258600
SAFM,20180416,113.13,115.68,113.13,115.25,276600
SAFT,20180416,77.7,79.575,76.45,79.2,26700
SAGE,20180416,171.42,171.83,161.71,162.95,410000
SAIA,20180416,73.95,76.85,73.35,76.55,157600
SAL,20180416,44.84,44.84,44.84,44.84,0
SALM,20180416,3.35,3.5,3.35,3.45,51300
SAMG,20180416,15.6,15.65,15.45,15.45,16000
SANM,20180416,28.7,28.7,28.05,28.2,494300
SANW,20180416,3.5,3.7,3.45,3.7,32900
SASR,20180416,38.99,39.34,38.77,39.2,73200
SATS,20180416,44.5331,44.8988,44.1594,44.8175,244800
SBAC,20180416,165.11,167.7,163.135,166.15,692500
SBCF,20180416,26.91,27.12,26.78,27.02,157600
SBFG,20180416,18.44,18.53,18.4,18.5,4500
SBGI,20180416,29.2,30.125,29.1,29.75,1937100
SBLK,20180416,11.33,11.58,11.055,11.39,231100
SBNY,20180416,139.33,141.05,138.005,140.71,326600
SBRA,20180416,17.3,17.55,17.17,17.47,1471400
SBSI,20180416,35.14,35.17,34.75,35.04,71400
SBT,20180416,13.23,13.415,13.18,13.36,66900
SBUX,20180416,59.13,59.69,58.84,59.43,6119100
SCHL,20180416,40.22,40.8,40.19,40.76,99900
SCHN,20180416,31,31.8,30.575,31.4,300700
SCKT,20180416,3.21,3.23,3.03,3.16,23300
SCPH,20180416,11.05,11.22,10.92,11.06,65300
SCSC,20180416,36.45,36.85,36.05,36.75,90400
SCVL,20180416,24.4,25.45,24.37,24.5,265800
SCWX,20180416,9.99,10.28,9.87,10.08,136700
SCYX,20180416,12.8,13.1,12.6,12.7,240000
SCZ,20180416,66.2,66.27,66.06,66.19,706100
SDVY,20180416,20.89,20.89,20.86,20.86,1000
SEAC,20180416,2.99,3.1,2.93,3.07,480800
SECO,20180416,11.5,11.54,11.18,11.46,92400
SEDG,20180416,54,54.05,51.7,53.1,1164200
SEED,20180416,7.9,8.1,7.2,7.2,210500
SEIC,20180416,70.01,71.22,70.01,70.8,651700
SELB,20180416,12.62,13.57,12.16,13.03,379900
SELF,20180416,4.24,4.3,4.21,4.21,2500
SENEA,20180416,28.5,29.4,28.35,29.3,8800
SENEB,20180416,32.55,32.55,32.55,32.55,0
SFBC,20180416,36.2,36.2,36.2,36.2,1000
SFIX,20180416,23.24,23.32,20.86,21.75,726500
SFM,20180416,23.89,24.665,23.83,24.59,1935300
SFNC,20180416,28.45,28.75,28.325,28.7,217400
SFST,20180416,45.6,45.75,45.15,45.7,3400
SGBX,20180416,93.8,95.8,93,95.8,21200
SGC,20180416,26.56,27.09,26.14,26.5,17400
SGEN,20180416,50.49,50.63,49.56,50.32,564900
SGH,20180416,45.25,45.53,41.25,42.55,950600
SGLB,20180416,12,12.5,12,12.1,21800
SGLBW,20180416,0.35,0.35,0.35,0.35,10100
SGMA,20180416,5.54,5.87,5.45,5.87,12000
SGMO,20180416,20.3,20.55,17.8,17.9,3488000
SGMS,20180416,44.05,46,43.5,45.65,615000
SGOC,20180416,1.04,1.08,1.04,1.06,3300
SGRP,20180416,1.41,1.42,1.37,1.41,48300
SGRY,20180416,16.55,17.1,16.3,16.9,164400
SHBI,20180416,18.73,18.99,18.72,18.9,11200
SHEN,20180416,37.6,38.05,36.4,38,133400
SHIP,20180416,196.8,196.8,189.6,189.6,82200
SHIPW,20180416,0.11,0.11,0.11,0.11,11700
SHOO,20180416,31.1333,31.2667,30.6,31.1,322800
SHV,20180416,110.3,110.3,110.28,110.3,835900
SHY,20180416,83.35,83.37,83.33,83.36,1155900
SIEB,20180416,7.82,8.13,7.59,7.75,9000
SIEN,20180416,10.42,10.75,10.2,10.6,222100
SIFY,20180416,2.13,2.14,2.08,2.11,31000
SIGA,20180416,6.29,6.31,6.19,6.24,55700
SIGI,20180416,59.4,60.8,59.4,60.45,178500
SILC,20180416,37.72,37.72,35.02,35.57,145900
SIMO,20180416,48.86,48.955,47.62,48.13,270600
SINO,20180416,5.6,5.75,5.55,5.7,63800
SIRI,20180416,6.2,6.21,6.12,6.17,14966000
SIVB,20180416,249.51,252.01,245.46,246.57,288200
SKOR,20180416,49.63,49.63,49.52,49.53,1800
SKYW,20180416,54.5,55.9,54.3,55.4,198900
SKYY,20180416,49.7,49.91,49.428,49.755,128300
SLAB,20180416,92.9,94.05,92.4,93.55,96300
SLDB,20180416,10.26,10.53,10.02,10.31,177000
SLGL,20180416,9.96,10.45,9.74,10,35100
SLGN,20180416,27.82,28.06,27.69,27.94,299000
SLM,20180416,11.48,11.665,11.417,11.59,4822100
SLMBP,20180416,70.8,71.2,70.76,70.76,800
SLNO,20180416,1.81,1.81,1.8,1.81,3400
SLP,20180416,16.85,17.15,16.825,17.05,52700
SLQD,20180416,49.7,49.72,49.66,49.71,90100
SLRC,20180416,20.44,20.52,20.37,20.5,50400
SLS,20180416,5.66,5.97,5.41,5.5,174000
SLVO,20180416,7.78,7.8,7.72,7.75,7500
SMBC,20180416,35.92,37.79,35.27,36.6,5900
SMBK,20180416,23.2,24,23.2,23.88,41800
SMCI,20180416,17.45,18.05,17.2,17.7,269400
SMCP,20180416,25.47,25.47,25.46,25.47,600
SMED,20180416,4.53,4.53,4.41,4.41,6600
SMIT,20180416,2.11,2.2,2.11,2.17,30100
SMMF,20180416,25.37,25.69,25.13,25.52,20500
SMMT,20180416,13.57,13.81,13.31,13.52,21300
SMPL,20180416,13.19,13.39,13,13.25,160800
SMSI,20180416,1.82,2.46,1.77,1.97,430200
SMTC,20180416,43.5,43.5,42.25,43.3,520800
SNBR,20180416,35.22,36.59,35.02,36.5,781500
SNCR,20180416,11.67,11.72,11.41,11.62,448400
SND,20180416,6.78,6.78,6.25,6.29,1083800
SNDX,20180416,11.37,11.6,10.7,10.76,238200
SNES,20180416,10.2,10.6,9.3,9.4,88700
SNFCA,20180416,5.25,5.33,5.25,5.3,7500
SNGX,20180416,1.703,1.79,1.693,1.775,14900
SNGXW,20180416,0.59,0.59,0.59,0.59,0
SNLN,20180416,18.27,18.3,18.26,18.28,477900
SNOA,20180416,35.55,35.55,35.01,35.28,29000
SNPS,20180416,84.06,84.56,83.37,84.48,889100
SNSR,20180416,20.25,20.31,20.18,20.25,23100
SOCL,20180416,33.57,33.69,33.24,33.61,64200
SOHO,20180416,6.7,6.85,6.7,6.8,34700
SOHOB,20180416,25,25.06,24.94,25.01,3800
SOHOO,20180416,25,25,25,25,700
SOHU,20180416,33.9,33.98,32.62,33.85,416300
SOXX,20180416,181.3,181.52,179.05,180.55,283100
SP,20180416,35.3,36.05,35.05,35.85,60700
SPCB,20180416,2.6,2.63,2.56,2.58,32100
SPI,20180416,0.524,0.53,0.505,0.52,117000
SPLK,20180416,105,105.44,102.72,103.86,1804000
SPNE,20180416,12.04,12.05,11.81,11.99,33200
SPNS,20180416,8.6,8.77,8.6,8.7,1700
SPOK,20180416,15.4,15.45,15.3,15.35,86700
SPPI,20180416,19.2,19.3,18.39,18.56,1461100
SPRO,20180416,15.69,15.69,13.33,13.52,46300
SPSC,20180416,64.4,64.95,63.465,64.72,61900
SPTN,20180416,17.97,18.44,17.765,18.35,207800
SPWH,20180416,5,5.05,4.9,4.99,205600
SPWR,20180416,8.18,8.19,7.95,8.07,1322700
SQLV,20180416,27.865,27.865,27.865,27.865,0
SQQQ,20180416,346.6,352.8,341.6,345.6,12676300
SRAX,20180416,5.05,5.07,4.9,4.92,79300
SRCE,20180416,51.38,51.945,51.25,51.76,53200
SRCL,20180416,59.5,60.36,58.82,60.18,988300
SRDX,20180416,39.2,39.2,38.1,38.35,27700
SRET,20180416,14.18,14.32,14.18,14.31,27500
SREV,20180416,3.77,3.79,3.74,3.78,352600
SRNE,20180416,5.9,6.6,5.9,6.5,4086800
SRPT,20180416,81.36,81.99,78.04,78.46,862600
SRRA,20180416,79.2,81.2,72.8,73.2,526000
SRTS,20180416,5.85,5.89,5.85,5.88,14100
SSB,20180416,85.65,86.65,85.15,86.45,82300
SSBI,20180416,13.6,13.6,13.6,13.6,0
SSKN,20180416,1.17,1.21,1.15,1.18,33600
SSNC,20180416,50.56,50.75,50.1,50.71,1603400
SSNT,20180416,4.1,4.18,4.1,4.18,1700
SSRM,20180416,10.04,10.15,9.93,10.14,653100
SSTI,20180416,31.71,32.31,31.27,31.88,74300
SSYS,20180416,20.77,21.05,20.54,20.94,406300
STAA,20180416,13.95,14.7,13.95,14.25,64700
STAF,20180416,1.77,1.77,1.63,1.63,36100
STBA,20180416,41.25,41.42,40.51,41.29,59500
STCN,20180416,1.96,2,1.93,2,30100
STFC,20180416,28.6,29.64,28.15,29.53,33200
STKL,20180416,7.5,7.6,7.4,7.5,86900
STKS,20180416,2.45,2.48,2.44,2.47,2700
STLD,20180416,44.9,45.14,44.48,45,1429700
STRA,20180416,105.39,107.21,105.16,106.6,53900
STRL,20180416,11.35,11.46,11.2,11.35,67100
STRM,20180416,1.62,1.64,1.62,1.62,21700
STRS,20180416,30.2,30.7,30.2,30.55,6000
STRT,20180416,33,33.4,32.05,33.4,25100
STX,20180416,60.89,61.4,60.29,61.15,2073600
SUMR,20180416,9.9,9.99,9.54,9.54,3000
SUNS,20180416,17.07,17.12,16.92,17.04,17000
SUNW,20180416,6.86,6.86,6.58,6.615,91400
SUPN,20180416,45.75,45.95,45.05,45.3,683700
SUSB,20180416,24.6,24.61,24.59,24.61,1300
SUSC,20180416,24.65,24.67,24.65,24.67,2100
SVBI,20180416,7.26,7.26,7.205,7.25,3400
SVRA,20180416,9.26,9.28,8.905,9.19,89300
SVVC,20180416,10.51,10.86,10.51,10.735,11700
SWIR,20180416,16.7,16.8,16.5,16.65,208600
SWKS,20180416,98.86,99.5,97.27,97.73,1837600
SYBT,20180416,35.95,36,35.45,35.6,265400
SYBX,20180416,11.46,11.55,11.09,11.38,48900
SYNA,20180416,46.53,47.35,45.98,47.05,298300
SYNH,20180416,37.9,38.85,37.6,37.7,548800
SYNL,20180416,16.6,16.995,16.55,16.6,5600
SYPR,20180416,1.58,1.6,1.58,1.6,13600
SYRS,20180416,13.42,13.61,13.07,13.16,156800
TA,20180416,3.6,3.65,3.45,3.5,166200
TACO,20180416,10.78,10.93,10.75,10.88,240200
TACT,20180416,12.75,13,12.675,12.9,3200
TAIT,20180416,1.43,1.43,1.4,1.41,6400
TANH,20180416,2.96,3.05,2.92,2.99,861100
TANNI,20180416,24.7,24.7,24.48,24.48,8800
TANNL,20180416,24.67,24.67,24.55,24.65,1900
TANNZ,20180416,24.34,24.34,24.15,24.22,3000
TAST,20180416,10.9,11.15,10.85,10.95,264600
TATT,20180416,9,9.155,9,9.155,1400
TAYD,20180416,9.71,10.65,9.71,10.22,4800
TBBK,20180416,10.68,10.78,10.51,10.6,167100
TBK,20180416,39.3,40.25,39.3,39.8,182300
TBNK,20180416,30,30.46,30,30.07,20400
TBPH,20180416,22.76,22.9,22.37,22.78,76500
TCBI,20180416,92.2,92.85,91.1,92.1,373100
TCBK,20180416,37.38,37.78,37.13,37.54,51200
TCFC,20180416,35.4,36.47,35.4,36.12,14900
TCMD,20180416,34.58,35.74,34.265,35.34,242000
TCON,20180416,29,30,29,29,69200
TCPC,20180416,14.24,14.29,14.2,14.29,147100
TCX,20180416,58.5,58.9,58.15,58.65,35000
TDIV,20180416,36.2,36.371,36.03,36.285,50600
TEAM,20180416,60.87,61.58,60.01,60.68,817500
TECH,20180416,149.8,150.99,148.82,149.93,169300
TEDU,20180416,10.98,10.98,10.72,10.72,61300
TELL,20180416,8.81,8.96,8.18,8.94,1010000
TENX,20180416,6.3,6.4,6.035,6.38,28500
TESS,20180416,20.4,21.8,19.45,19.95,58400
TFSL,20180416,15.09,15.19,15,15.14,68500
TGA,20180416,1.35,1.4,1.35,1.4,42200
TGLS,20180416,8.81,8.92,8.81,8.91,7200
TGTX,20180416,13.55,13.945,13.15,13.15,557700
THFF,20180416,43.45,44,43.3,43.7,11900
THRM,20180416,35.5,36.15,35.2,36.05,236600
TIG,20180416,43.56,43.56,43.31,43.31,600
TIL,20180416,3.9,4.1,3.85,4.01,5900
TILE,20180416,25.4,25.95,25.3,25.65,235500
TIPT,20180416,6.4,6.4,6.3,6.35,19700
TITN,20180416,21.4,21.87,21.15,21.63,128900
TLT,20180416,120.23,120.97,120.18,120.94,4491200
TMUS,20180416,62.35,63.035,61.81,62.75,1947100
TNDM,20180416,7.14,7.59,7.12,7.55,1814500
TNXP,20180416,314,317,301,314,63000
TOPS,20180416,880,895,855,860,541000
TOUR,20180416,6.24,6.31,6.15,6.24,83400
TOWN,20180416,28.7,29,28.45,28.9,68700
TPIC,20180416,22.77,22.77,21.86,21.99,353400
TQQQ,20180416,49.4733,50.13,48.5933,49.5533,4929000
TREE,20180416,313.35,318,307.95,308.65,123900
TRHC,20180416,40,41.07,40,40.57,208700
TRIB,20180416,4.97,5.01,4.97,4.99,31700
TRIL,20180416,7.1,7.1,6.8,7.05,44500
TRIP,20180416,40.8,41.98,40.26,41.14,1059600
TRMB,20180416,35.08,35.4,34.82,35.16,596300
TRMD,20180416,7.44,7.45,7.44,7.45,2400
TRMK,20180416,31.17,31.48,31.04,31.39,204900
TRNS,20180416,16.7,16.75,16.35,16.75,4900
TROW,20180416,108.05,108.45,107.06,107.95,1711200
TRS,20180416,27.25,27.5,27.15,27.45,285000
TRST,20180416,8.65,8.7,8.6,8.65,181900
TRUE,20180416,9.37,9.53,9.22,9.5,652100
TRUP,20180416,26.79,27.775,26.78,27.4,248200
TRVG,20180416,6.61,6.67,6.36,6.59,1061100
TRVN,20180416,1.63,1.63,1.55,1.56,726600
TSBK,20180416,31.29,31.99,31.29,31.58,32000
TSC,20180416,23.65,23.85,23.45,23.8,99900
TSCAP,20180416,26.04,26.04,25.88,26,23200
TSCO,20180416,60.22,60.5,59.3,59.77,3377200
TSEM,20180416,28.82,28.89,28.51,28.7,356200
TSLA,20180416,59.8,59.932,57.802,58.242,6338400
TSRI,20180416,5.95,5.95,5.55,5.55,600
TTD,20180416,52.64,53,52.05,52.56,627400
TTEC,20180416,31.35,31.95,31.15,31.8,28000
TTEK,20180416,51.3,51.8,51.05,51.7,171000
TTGT,20180416,19.6,19.75,19.17,19.69,353100
TTMI,20180416,15.59,15.77,15.46,15.7,355600
TTNP,20180416,5.82,6.12,5.82,5.94,42000
TTOO,20180416,6.92,7.01,6.77,6.82,91900
TTWO,20180416,97.93,98.87,97.27,98.47,1004900
TUR,20180416,39.03,39.42,38.93,39.36,292700
TURN,20180416,1.94,1.95,1.93,1.93,14200
TUSA,20180416,33.09,33.09,33.09,33.09,0
TUSK,20180416,33.45,33.58,32.92,33.37,177700
TVTY,20180416,39.35,40.3,39.325,39.7,428200
TWIN,20180416,22,22.59,21.695,21.94,64300
TWNK,20180416,14.53,14.66,14.375,14.5,489200
TWNKW,20180416,2.25,2.31,2.2,2.25,15600
TWOU,20180416,83.56,84.06,82.15,82.68,656100
TXMD,20180416,5.51,5.63,5.45,5.53,1534400
TXN,20180416,103.07,104.19,102.62,103.5,2831500
TXRH,20180416,61.75,62.69,61.58,62.4,651600
TYME,20180416,2.3,2.3,2.17,2.19,116000
TZOO,20180416,6.9,7.1,6.85,7.05,24600
UAE,20180416,16.77,16.79,16.76,16.79,1700
UBCP,20180416,12.545,12.545,12.475,12.478,1000
UBFO,20180416,11.2,11.25,11.05,11.2,13300
UBOH,20180416,21.45,21.45,20.8,20.8,2400
UBSI,20180416,34.7,34.85,34.45,34.75,315200
UCBI,20180416,32.18,32.26,31.76,32.17,464300
UCTT,20180416,18.82,19.11,18.51,18.96,343100
UEIC,20180416,50.05,50.05,49.25,49.7,36900
UEPS,20180416,9.04,9.105,8.785,8.93,207200
UFCS,20180416,48.8,49.46,47.83,49.09,85000
UFPI,20180416,33.17,33.64,32.9,33.41,329500
UFPT,20180416,32,32.3,31.65,31.65,11000
UG,20180416,18.2,18.2,18.15,18.2,1100
UHAL,20180416,348.93,356.91,346.555,351.16,61600
UIHC,20180416,18.48,18.99,18.39,18.95,74700
ULBI,20180416,10.4,10.4,9.55,9.95,64400
ULH,20180416,21.1,21.9,21.1,21.8,27700
ULTA,20180416,226.68,230.59,224.35,227.93,1555200
UMBF,20180416,73.46,74.16,73.1,73.98,108600
UMPQ,20180416,21.8,21.97,21.66,21.89,1128300
UNAM,20180416,7.55,7.55,7.255,7.45,15100
UNB,20180416,50,50.7,50,50.7,1100
UNIT,20180416,16.24,16.57,16.14,16.44,1111500
UNTY,20180416,22.55,24.245,22.55,23.15,14000
UONE,20180416,1.7,1.895,1.7,1.8,800
UONEK,20180416,1.85,1.95,1.85,1.9,9100
UPLD,20180416,28.61,28.61,27.12,28.11,288100
URBN,20180416,39.46,39.79,38.85,39.61,2051000
URGN,20180416,60.38,61.53,58.06,59.6,89200
USAK,20180416,26.22,27.54,26.22,27.32,49900
USAP,20180416,29.91,30.62,29.2,30.3,47500
USAU,20180416,14.1,14.1,13,13.4,158200
USEG,20180416,11.3,11.4,11,11.3,13800
USLB,20180416,30.565,30.565,30.565,30.565,0
USLM,20180416,73.8,74.97,73.8,74.24,7100
USMC,20180416,25.56,25.8,25.56,25.71,64000
USOI,20180416,28.79,28.79,28.71,28.71,300
UTHR,20180416,113.06,114.23,111.9,112.88,293600
UTMD,20180416,98.3,100.25,95.6,99.3,12700
UTSI,20180416,4.99,5.16,4.93,5.07,104900
UVSP,20180416,27.95,28.125,27.75,27.95,76600
VALU,20180416,19.31,19.31,19.31,19.31,0
VBFC,20180416,31.75,31.75,31.75,31.75,0
VBIV,20180416,3.41,3.5,3.19,3.27,164300
VBLT,20180416,2.4,2.45,2.2,2.25,207800
VBTX,20180416,27.55,27.95,27.245,27.94,140800
VC,20180416,114.13,116.9,112.82,115.57,297400
VCEL,20180416,11.7,11.995,11.2,11.85,706900
VCIT,20180416,84.37,84.49,84.37,84.46,875700
VCLT,20180416,90.84,91.08,90.8,91.01,136200
VCSH,20180416,78.22,78.32,78.22,78.32,1827500
VCTR,20180416,10.69,11,10.39,10.73,70000
VCYT,20180416,5.51,5.72,5.41,5.69,149700
VECO,20180416,17.3,17.425,17,17.15,196400
VEON,20180416,2.3,2.32,2.28,2.3,7252800
VERI,20180416,17.28,18.35,16.96,17.23,207500
VERU,20180416,1.81,1.82,1.77,1.77,48400
VGIT,20180416,62.57,62.66,62.57,62.65,114400
VGLT,20180416,73.93,74.37,73.86,74.37,66100
VGSH,20180416,59.89,59.92,59.87,59.9,268800
VIA,20180416,36,36.45,35.15,36.3,17300
VIAV,20180416,10.35,10.35,9.96,10.04,1776300
VICR,20180416,31.25,31.65,30.55,30.95,135400
VIGI,20180416,65.6,65.73,65.49,65.64,35400
VIRC,20180416,4.2,4.25,4.2,4.25,12700
VIRT,20180416,35.75,36.75,35.7,36.3,317500
VIVE,20180416,303,357,303,336,434400
VIVO,20180416,14.55,14.8,14.45,14.7,264000
VKTX,20180416,5.08,5.24,4.71,5.04,705800
VLGEA,20180416,26.25,27.495,26.2,27.18,24500
VMBS,20180416,51.38,51.46,51.35,51.45,347800
VNDA,20180416,15.2,15.3,15.05,15.05,360000
VNET,20180416,6.32,6.49,6.29,6.41,101300
VNOM,20180416,28.44,29.07,28.15,28.71,1365500
VNQI,20180416,61.3,61.38,61.16,61.33,286800
VOD,20180416,29.83,30.04,29.745,30,2638100
VONE,20180416,122.55,123.19,122.32,122.82,26300
VONG,20180416,141.19,141.91,140.92,141.47,33500
VONV,20180416,105.98,106.7,105.77,106.33,35800
VOXX,20180416,4.95,5.05,4.9,5.05,61100
VRA,20180416,10.93,11.12,10.84,10.96,180300
VRAY,20180416,7.34,7.46,7,7.085,347300
VREX,20180416,37.48,38.1,37.32,37.61,158700
VRIG,20180416,25.21,25.21,25.15,25.17,58700
VRNA,20180416,17.49,17.49,16.96,17.2,2900
VRNS,20180416,65.55,66.35,65.2,65.75,204400
VRNT,20180416,41,41.85,41,41.8,276800
VRSK,20180416,106.35,107.13,105.94,106.91,483600
VRSN,20180416,122.8,124.21,122.78,123.79,1003400
VRTS,20180416,116.3,119.25,114.775,118.65,105900
VRTX,20180416,163.01,163.71,158.07,158.7,1482900
VSAT,20180416,62.98,64.41,62.66,63.81,574400
VSDA,20180416,27.42,27.42,27.42,27.42,0
VSEC,20180416,50.28,51.54,49.96,51.23,25600
VSMV,20180416,27.63,27.63,27.63,27.63,0
VSTM,20180416,4.1,4.325,3.96,4.14,1534800
VTC,20180416,82.3,82.41,82.3,82.36,2000
VTGN,20180416,1.16,1.2,1.13,1.19,195600
VTHR,20180416,122.67,123.21,122.67,123.01,5100
VTIP,20180416,48.91,48.92,48.89,48.91,291400
VTNR,20180416,1.1,1.11,1.05,1.07,182800
VTSI,20180416,5.7,5.7,5.6,5.68,3600
VTVT,20180416,0.83,0.83,0.76,0.83,805400
VTWG,20180416,141.13,141.45,140.42,141.45,2700
VTWO,20180416,124.39,125.09,123.79,124.77,31500
VTWV,20180416,108.17,108.95,107.77,108.9,5700
VUZI,20180416,6.1,6.175,5.9,6.05,194100
VVPR,20180416,2.21,2.21,2.2,2.2,600
VWOB,20180416,77.9,78.04,77.9,78.04,50800
VXRT,20180416,5.37,5.37,4.98,5.02,31300
VXUS,20180416,57.19,57.22,57.02,57.16,633800
VYGR,20180416,18.99,19.07,18.06,18.68,262700
VYMI,20180416,66.91,66.91,66.66,66.89,78900
WABC,20180416,58.18,58.18,56.78,57.87,115100
WAFD,20180416,32.35,32.925,32.15,32.75,741900
WASH,20180416,55.45,55.7,54.85,55.5,24400
WATT,20180416,18.25,20.15,18.16,19.99,1515700
WB,20180416,114.14,118.58,113.99,116.55,1445800
WBA,20180416,64.19,68.15,63.92,66.22,9646000
WDAY,20180416,125.95,127.97,125.12,126.83,1341400
WDC,20180416,90.56,90.6,89.04,90.52,2525100
WDFC,20180416,132.25,136.45,130.355,136.2,54300
WEN,20180416,17.31,17.62,17.2,17.3,3663600
WERN,20180416,36.35,37.85,36.3,37.4,1256900
WETF,20180416,9.07,9.28,9.005,9.11,1168600
WEYS,20180416,35.58,36.57,35.2,36.25,13100
WHF,20180416,12.96,13.07,12.8,12.86,29000
WHLM,20180416,7.44,7.5,7,7.13,18700
WHLR,20180416,3.82,3.84,3.71,3.77,106800
WHLRD,20180416,15.73,15.95,15.715,15.8,3900
WHLRP,20180416,14.55,14.69,14.48,14.69,1300
WILC,20180416,6.98,6.98,6.69,6.8,5600
WINA,20180416,132.75,132.775,131,131.55,3000
WING,20180416,48.81,51.725,48.81,51.09,1408100
WIRE,20180416,56.45,56.95,55.85,56.75,47000
WIX,20180416,84.85,86.15,84.15,85.6,402800
WKHS,20180416,2.74,2.76,2.68,2.74,57100
WLDN,20180416,29.48,30.24,29.24,30.02,49600
WLFC,20180416,33.21,34.31,32.82,33.99,12000
WLTW,20180416,150.35,154.03,142.67,152.12,659700
WNEB,20180416,10.75,11,10.7,10.85,26600
WOOD,20180416,80.95,81.22,80.64,81.18,40300
WPRT,20180416,2.31,2.34,2.26,2.29,389800
WRLD,20180416,103.11,103.98,102.29,102.78,60300
WSBC,20180416,43.12,43.46,42.09,43.29,64900
WSBF,20180416,17.35,17.55,17.25,17.5,22000
WSC,20180416,13.65,13.65,13.55,13.6,80500
WSFS,20180416,49.2,49.6,48.85,49.5,86800
WSTG,20180416,13.445,13.5,12.802,13.4,6600
WTBA,20180416,25.75,26.2,25.75,26.15,15600
WTFC,20180416,88.58,89.49,87.91,89.14,332900
WTFCM,20180416,27.39,27.39,27.16,27.33,2100
WVE,20180416,41.3,41.85,39.7,41.1,76000
WVFC,20180416,16.25,16.25,16.25,16.25,0
WVVI,20180416,8,8,7.96,7.96,3600
WVVIP,20180416,4.75,4.75,4.75,4.75,200
WWD,20180416,73.93,75.03,72.81,75,207200
WYNN,20180416,184.49,188.76,182.375,188.7,1887800
XBIO,20180416,23.4,26.4,23.4,24.48,43100
XBIT,20180416,4.86,4.96,4.56,4.6,52700
XEL,20180416,44.65,45.38,44.49,45.28,3900600
XELA,20180416,4.75,4.89,4.67,4.71,226100
XELB,20180416,2.8,2.8,2.6,2.75,10000
XENE,20180416,5.3,5.55,5.3,5.45,205100
XENT,20180416,39.6,40.8,38.975,40.8,235200
XLNX,20180416,68.1,68.72,67.47,68.18,2524900
XLRN,20180416,37.76,37.76,36.85,37.48,114200
XNCR,20180416,30.24,30.47,29.74,30.05,259800
XNET,20180416,11.77,12.13,11.4,12.07,686900
XOG,20180416,12.78,13,12.45,13,1239600
XOMA,20180416,22.02,22.6,21.4,22.08,87900
XONE,20180416,7.49,7.53,7.32,7.47,90900
XPER,20180416,22.9,23.05,22.4,22.8,209500
XRAY,20180416,49.37,50.54,49.07,50.19,2875800
XSPA,20180416,42,42.6,39.3,41.34,70500
XT,20180416,36.74,36.78,36.57,36.67,134700
XTLB,20180416,1.72,1.72,1.72,1.72,0
YLDE,20180416,26.8,26.8,26.8,26.8,0
YNDX,20180416,32.7,34.13,32.02,33.63,26188200
YORW,20180416,31.7,32.6,31.45,32.45,23500
YTEN,20180416,72.4,73.92,70,71.4,159400
YTRA,20180416,7.39,7.39,7.11,7.31,84200
YY,20180416,91.99,93.56,90.69,92.94,1177600
Z,20180416,50.5,50.52,49.2,49.61,3072900
ZBRA,20180416,142.5,142.95,140.175,141.79,234900
ZEAL,20180416,15.59,15.59,15.01,15.01,4300
ZEUS,20180416,22.05,22.31,21.53,22.24,60300
ZG,20180416,50,50.2,48.89,49.03,1002800
ZGNX,20180416,40.15,40.4,39.35,40.25,465900
ZION,20180416,53.25,53.7,52.74,53.31,1459100
ZIOP,20180416,4.53,4.53,4.31,4.33,675800
ZIXI,20180416,4.64,4.84,4.61,4.79,421400
ZKIN,20180416,7.14,7.22,7.03,7.19,19300
ZLAB,20180416,21.73,22,21.16,21.61,68600
ZNGA,20180416,3.51,3.57,3.48,3.55,3668100
ZS,20180416,27.89,29,27.565,28.99,401000
ZSAN,20180416,4.67,4.68,4.24,4.24,774300
ZUMZ,20180416,24.35,24.5,23.9,24.1,374700
ZYNE,20180416,10.31,10.31,9.8,10.02,167500
