AAME,20091013,1.37,1.37,1.2,1.26,128475
AAON,20091013,5.5911,5.6445,5.3778,5.4341,177476
AAPL,20091013,6.8082,6.8275,6.775,6.7864,12429200
AAWW,20091013,34.41,35.33,33.93,35,564567
AAXJ,20091013,53.58,54.33,52.98,53.53,686115
ABCB,20091013,7.01,7.07,6.65,6.7,25460
ABIO,20091013,2540.16,2540.16,2457,2509.92,21800
ABMD,20091013,9.85,10.75,9.85,10.72,585979
ACAD,20091013,1.77,1.8,1.74,1.8,411800
ACET,20091013,6.58,6.6,6.48,6.54,203026
ACGL,20091013,7.72,7.79,7.6333,7.6589,910414
ACIW,20091013,5.7,5.8167,5.6733,5.8167,439716
ACLS,20091013,5.72,6.76,5.68,6.52,3917200
ACMR,20091013,3.87,4.35,3.75,4.23,275059
ACOR,20091013,17.24,17.25,15.52,16.74,4824800
ACTG,20091013,8.68,9.16,8.68,9.14,391138
ACWI,20091013,41.43,41.78,41.16,41.41,559194
ACWX,20091013,40.78,41.07,40.32,40.63,3580701
ADBE,20091013,34.25,34.71,34.16,34.62,4565500
ADES,20091013,1.7,1.81,1.685,1.78,30342
ADI,20091013,28.01,28.31,27.75,28.02,5956700
ADP,20091013,35.1274,35.1274,34.776,35.0307,2149700
ADPT,20091013,3.18,3.28,3.18,3.27,990058
ADRE,20091013,42.81,42.94,42.2,42.81,372781
ADSK,20091013,24.48,25.26,24.17,25.09,11037116
ADTN,20091013,24.21,25.29,24.15,25.25,2179600
AEHR,20091013,1.23,1.26,1.19,1.26,80805
AEIS,20091013,14.1,14.33,13.77,14.05,490854
AEY,20091013,2.21,2.26,2.2,2.26,7498
AEZS,20091013,726,726,678,684,415921
AGEN,20091013,2.11,2.12,2.03,2.11,2669554
AGNC,20091013,26.83,26.97,26.06,26.45,552000
AGYS,20091013,7.33,7.33,6.9,7.02,110305
AHPI,20091013,5.96,6.28,5.81,6.05,50228
AIMC,20091013,11.3,11.52,10.65,11.52,394206
AINV,20091013,28.5,29.22,28.38,28.83,2162570
AIRT,20091013,11.25,11.25,11.01,11.05,20853
AKAM,20091013,20.1,21.05,20.04,20.81,9147300
ALCO,20091013,29.83,30.2,28.95,29.29,17211
ALGN,20091013,16.18,16.34,15.87,16.08,1028391
ALGT,20091013,39.62,40.78,39.39,39.64,447835
ALKS,20091013,9.08,9.08,8.54,8.62,761300
ALLT,20091013,3.57,4.05,3.57,3.84,420736
ALNY,20091013,21.9,22.19,21.13,21.3,221707
ALOT,20091013,6.8,6.89,6.25,6.3,9736
ALTR,20091013,21.36,21.59,21.25,21.43,14093000
ALTU,20091013,0.19,0.19,0.18,0.18,800949
ALVR,20091013,45.5,46.3,44.4,44.6,299200
AMAT,20091013,13.69,13.7,13.4,13.44,19684700
AMD,20091013,6.21,6.22,6.06,6.08,29647000
AMED,20091013,44.04,45.37,43.42,44.47,1407871
AMGN,20091013,60.24,60.49,58.95,59.11,14674532
AMKR,20091013,7.42,7.73,7.28,7.58,6558376
AMNB,20091013,22.48,22.48,22.01,22.43,10628
AMOT,20091013,2.5,2.5,2.47,2.5,7800
AMPH,20091013,24.48,24.49,23.34,24.44,30596
AMPL,20091013,43.2,43.8,41.8,42.4,29163
AMRN,20091013,1.46,1.75,1.45,1.6,74600
AMSC,20091013,340,340,322.4,332.2,1018800
AMSF,20091013,17.68,17.86,17.3,17.51,139549
AMSWA,20091013,6.63,6.64,6.25,6.34,68645
AMWD,20091013,19.41,19.82,19.07,19.37,80420
AMZN,20091013,93.83,95.25,93.68,94.83,4721800
ANAT,20091013,88.97,88.97,84.53,87.74,45464
ANDE,20091013,24.1267,24.4733,23.72,24.1067,179185
ANGN,20091013,3.63,3.85,3.4,3.55,54093
ANGO,20091013,14.65,14.91,14.59,14.66,251496
ANIK,20091013,6.18,6.24,6.1,6.24,107960
ANSS,20091013,41.75,42.44,41.26,41.59,1631095
APAC,20091013,6.03,6.2,5.84,5.99,923617
APEI,20091013,36.89,37.08,35.79,36.66,675239
APOG,20091013,14.98,15.04,14.63,14.81,157400
ARAY,20091013,6.8,6.86,6.55,6.76,412287
ARCC,20091013,10.92,11.12,10.65,10.81,1344284
ARKR,20091013,16.06,17.15,14.45,16.7,101343
ARLP,20091013,19,19.345,18.885,19.185,247894
ARNA,20091013,41,41.7,40.7,41.3,1042300
AROW,20091013,27,27,26.28,26.51,19700
ARRY,20091013,2.62,2.62,2.4,2.43,345344
ARTL,20091013,5.33,5.36,5.33,5.36,1600
ARTNA,20091013,17.16,17.45,16.68,16.69,32975
ARTW,20091013,4.87,5.16,4.05,4.22,165447
ARWR,20091013,0.54,0.58,0.52,0.58,400157
ASML,20091013,32.22,32.37,31.6,31.65,3842300
ASPS,20091013,14.65,14.87,14.44,14.78,94794
ASRV,20091013,1.99,1.99,1.8,1.84,21635
ASTC,20091013,3.05,3.56,3.05,3.37,1165500
ASTE,20091013,25.72,26.45,25.72,26.35,496144
ASUR,20091013,0.24,0.2933,0.24,0.28,635500
ASYS,20091013,5.32,5.79,5.1,5.69,52000
ATAI,20091013,5.91,5.96,5.9,5.96,15387
ATAX,20091013,5.42,5.58,5.3,5.42,332580
ATEC,20091013,58.2,60.12,57.24,60,123495
ATHX,20091013,1.11,1.17,1.1,1.1,37054
ATLO,20091013,24.06,24.75,23.41,24.5,39456
ATNI,20091013,50.8,52.18,50.05,50.44,53417
ATRC,20091013,4.5,5.02,4.42,4.6,61340
ATRI,20091013,141.71,141.75,139.21,141.51,12790
ATRO,20091013,8,8.0333,7.55,7.8083,9090
ATSG,20091013,3.3,3.46,3.21,3.32,566581
ATVI,20091013,12.66,12.84,12.27,12.65,43634691
AUBN,20091013,24.77,25.44,24.77,25.16,1329
AUDC,20091013,2.4,2.69,2.36,2.57,371200
AVAV,20091013,28.59,28.8,27.92,28.17,193880
AVCT,20091013,24.87,24.87,24.79,24.8,2804500
AVGO,20091013,16.19,16.67,16.15,16.53,557200
AVID,20091013,14.93,15,14.5,14.88,293310
AWRE,20091013,2.28,2.3,2.24,2.28,12458
AXTI,20091013,1.86,1.9,1.77,1.8,208775
AZPN,20091013,10.5,10.63,10.32,10.5,18900
BANF,20091013,36.85,37.18,36.21,36.46,33802
BANFP,20091013,25.03,25.04,25.03,25.04,1100
BANR,20091013,18.2,18.55,17.85,18.27,246600
BBBY,20091013,36.82,37.09,36.58,36.72,5188200
BBGI,20091013,3.52,3.52,3.42,3.42,2600
BBSI,20091013,10.7,10.9,10.67,10.82,49138
BCBP,20091013,8.26,8.3,7.85,8.27,500
BCPC,20091013,19.1667,19.3,18.64,18.82,68947
BCRX,20091013,8.67,9.04,8.56,8.92,1845000
BDSI,20091013,5.16,5.25,4.92,5.05,506433
BEAT,20091013,7.25,7.29,6.9,6.91,1462858
BECN,20091013,16.02,16.03,15.62,15.78,493804
BELFA,20091013,19.54,19.54,18.29,18.62,750
BELFB,20091013,20.27,20.5,20,20.24,31758
BFIN,20091013,9.74,9.74,9.35,9.53,45448
BGCP,20091013,5.52,5.57,5.21,5.46,674181
BGFV,20091013,16.22,16.35,15.64,15.84,149081
BIDU,20091013,41.3,41.47,40.437,40.75,2736000
BIIB,20091013,44.7015,45.116,44.5634,44.9502,1382200
BIOC,20091013,132.6,135,127.5,128.1,136942
BITS,20091013,5.59,6.3,5.4,6.19,126489
BJRI,20091013,16.35,16.83,16.24,16.52,2842700
BKCC,20091013,7.72,8.04,7.61,7.69,346163
BKSC,20091013,11.84,12.09,11.84,12,800
BLDP,20091013,2.58,3.01,2.57,3,926193
BLKB,20091013,24.33,24.89,23.75,23.94,572006
BMRC,20091013,15.525,16.185,15.28,15.885,20575
BMRN,20091013,17.46,17.81,17.03,17.27,2117718
BMTC,20091013,17.96,18.02,13.91,13.91,21158
BNSO,20091013,1.37,1.37,1.37,1.37,0
BOKF,20091013,47.3,47.68,46.72,47.38,188901
BOLT,20091013,12.9,13.1,12.6,12.62,111795
BOOM,20091013,19.71,19.8,19.33,19.56,49900
BOSC,20091013,1.6,1.76,1.6,1.76,15134
BPOP,20091013,27.8,27.8,25.7,26.1,9791600
BPOPM,20091013,15.65,15.65,15.65,15.65,0
BPOPN,20091013,17.33,17.33,17.33,17.33,0
BRID,20091013,8.8,8.8,8.8,8.8,0
BRKL,20091013,9.65,9.74,9.41,9.56,573515
BRKR,20091013,11.12,11.31,11.09,11.15,356300
BRKS,20091013,8.21,8.42,8.06,8.17,372894
BRLI,20091013,17.475,17.475,17.05,17.295,168867
BSET,20091013,4.2,4.57,4.06,4.55,41800
BSQR,20091013,2.4,2.48,2.39,2.39,143144
BSRR,20091013,11.84,11.88,10.5,10.57,53586
BUSE,20091013,4.71,4.73,4.53,4.65,347239
BWEN,20091013,75,75,71.5,71.8,225558
BYFC,20091013,5.45,5.45,5.45,5.45,0
CAAS,20091013,10.87,10.96,10.5,10.6,156500
CAC,20091013,34.12,34.42,33.21,34.4,29865
CACC,20091013,36,36.5,34.45,34.45,69121
CAKE,20091013,18.25,18.89,18.21,18.59,3654215
CALM,20091013,12.595,12.9,12.595,12.81,399020
CAMP,20091013,2.8,3.14,2.65,2.89,1001775
CAMT,20091013,1.22,1.48,1.18,1.35,237634
CARV,20091013,6.1,6.12,6,6,1300
CASA,20091013,2.31,2.55,2.29,2.55,6206
CASH,20091013,7.9033,7.9033,7.9033,7.9033,200
CASS,20091013,31,31.38,30.27,30.55,51197
CASY,20091013,32.45,32.78,31.96,32.29,569723
CATY,20091013,8.89,9.65,8.76,9.54,3137900
CBAN,20091013,6.32,6.33,5.8,6.11,6401
CBNK,20091013,13.24,13.24,12.85,12.86,149298
CBRL,20091013,36,36.69,35.95,36.28,897585
CBSH,20091013,36.8,37.22,36.45,37.13,382700
CCBG,20091013,13.5,13.53,12.75,12.9,386599
CCMP,20091013,35.05,35.49,34.86,35.18,417312
CCNE,20091013,17.88,17.88,13.33,15.2,36834
CCOI,20091013,12.54,12.78,11.96,12.25,493157
CCRN,20091013,9.98,10.28,9.53,9.88,189968
CDNS,20091013,7.64,7.87,7.58,7.83,1498900
CDZI,20091013,11.93,12,11.64,11.78,55318
CECE,20091013,4.19,4.2,3.97,4.06,25158
CENT,20091013,11.7,11.75,10.92,11.1,404843
CENTA,20091013,11.17,11.21,10.43,10.66,1014524
CENX,20091013,10.5,10.79,10.21,10.65,3740700
CERN,20091013,21,21.515,20.7325,21.3025,5701857
CERS,20091013,2.25,2.3,2.2,2.3,304900
CEVA,20091013,10.98,10.99,10.69,10.91,112868
CFBK,20091013,64.075,70.95,64.075,70.95,2100
CFFI,20091013,19.54,20.01,19.54,20.01,461
CFFN,20091013,32.24,32.63,32.07,32.29,121700
CGEN,20091013,3.06,3.34,2.83,2.95,470700
CGNX,20091013,4.225,4.3175,4.1925,4.23,325659
CHCI,20091013,0.83,1.01,0.83,0.9,490565
CHCO,20091013,30.52,30.75,29.09,29.66,84995
CHDN,20091013,12.4333,12.6,12.3333,12.43,112721
CHKP,20091013,29.71,29.92,29.5,29.81,4955561
CHNG,20091013,14,15.1,13.95,14.66,2338548
CHNR,20091013,11,11.12,10.6,10.96,12800
CHRS,20091013,5.24,5.55,5.23,5.39,4035960
CHRW,20091013,58.45,59.28,58.14,59.12,2497904
CHSCP,20091013,27.36,27.59,27.29,27.59,24393
CIDM,20091013,11.7,12.5,11.5,12.5,103628
CINF,20091013,25.73,25.9,25.61,25.76,997400
CIZN,20091013,25.3,25.3,24.11,24.66,9423
CLDX,20091013,79.35,79.8,73.8,74.85,678221
CLFD,20091013,4.01,4.14,3.92,4.11,422831
CLMT,20091013,16.47,16.57,16.25,16.49,239854
CLNE,20091013,14.08,14.41,13.84,14.02,1071803
CLRO,20091013,2.85,2.94,2.77,2.77,6805
CLSN,20091013,3.43,3.51,3.4,3.4,27177
CLWT,20091013,10.3767,10.7433,9.0567,9.4967,681900
CMCO,20091013,15.01,15.09,14.38,14.67,141635
CMCSA,20091013,7.68,7.82,7.615,7.68,25896500
CME,20091013,59.364,60.964,59.028,60.844,1205200
CMLS,20091013,20.88,23.12,20.88,22.88,326153
CMTL,20091013,32.58,32.63,31.9,32.23,449000
CNBKA,20091013,24.5,24.5,23.47,23.95,44417
CNOB,20091013,7.86,8.08,7.65,7.65,41200
CNSL,20091013,17.04,17.19,15.22,15.67,1092677
CNTY,20091013,3.16,3.2,3.01,3.01,105201
COCO,20091013,18.29,18.33,16.7,16.8,4541241
COGT,20091013,9.76,9.81,9.27,9.57,775000
COHR,20091013,25.07,25.65,24.61,24.88,184873
COHU,20091013,13.4,13.8,13.11,13.23,115768
COIN,20091013,1.22,1.22,1.17,1.17,172700
COKE,20091013,49.44,49.49,48.88,49.1,17757
COLB,20091013,16.13,16.42,15.54,15.66,304673
COLM,20091013,20.92,21.245,20.745,21.09,346786
COMS,20091013,5.72,5.82,5.63,5.7,4574000
CONN,20091013,11.44,11.63,11.19,11.25,314789
COOL,20091013,58.8,62.16,56.7,62.16,420194
CORT,20091013,1.38,2,1.38,1.65,514603
COST,20091013,57.9,58.87,57.75,58.48,4733800
COWN,20091013,7.06,7.15,7.01,7.09,45245
CPHC,20091013,7,7,7,7,0
CPIX,20091013,15.36,15.36,14,14.88,186557
CPLP,20091013,9.92,9.95,9.53,9.73,243889
CPRT,20091013,8.52,8.52,8.345,8.395,592970
CPRX,20091013,0.92,0.97,0.89,0.89,94472
CPSI,20091013,42.66,43.75,42.41,43.42,442937
CPSS,20091013,1.17,1.2,1.12,1.15,38642
CRAI,20091013,23.8,24.61,23.15,23.82,159055
CRESW,20091013,0.15,0.16,0.15,0.16,54693
CRESY,20091013,12.99,13.19,12.84,13.02,128977
CRIS,20091013,10.75,11.15,10.25,10.5,827274
CRMT,20091013,23.7,24.24,23.65,24.2,240193
CRNT,20091013,9.52,9.78,9.33,9.71,266200
CROX,20091013,7.16,7.55,7.04,7.38,3734300
CRTX,20091013,6.24,6.4,5.89,6,125304
CRUS,20091013,5.66,5.73,5.48,5.6,1601391
CRVL,20091013,15.005,15.29,14.05,14.195,214000
CRWS,20091013,2.7,2.7,2.69,2.7,21700
CSCO,20091013,23.58,24.13,23.57,23.89,45600400
CSGP,20091013,43.31,43.96,42.57,42.99,336924
CSGS,20091013,16.02,16.11,15.97,16.06,193500
CSII,20091013,7,7.02,6.79,6.99,69232
CSIQ,20091013,17.98,18.02,17.21,17.54,1024800
CSPI,20091013,3.64,3.64,3.64,3.64,0
CSTR,20091013,35.58,35.74,35.01,35.16,290200
CSWC,20091013,19.1525,19.3975,18.8875,18.94,15729
CSX,20091013,15.0267,15.05,14.6167,14.76,4865900
CTAS,20091013,29.45,29.62,28.7,29.2,3273263
CTBI,20091013,27.08,27.08,25.94,26.24,48669
CTHR,20091013,0.49,0.51,0.45,0.45,150027
CTIB,20091013,2.3,2.31,2.3,2.3,3970
CTIC,20091013,58.5,58.5,55.5,56,11258900
CTRN,20091013,27.73,28.12,27.52,27.69,136246
CTSH,20091013,19.43,19.945,19.23,19.785,8298740
CTXS,20091013,33.8376,34.8567,33.328,34.0287,10640242
CUBA,20091013,6.75,6.8,6.61,6.7,42749
CUTR,20091013,8.81,9.03,8.78,8.87,53279
CVBF,20091013,7.64,7.75,7.34,7.52,1188433
CVCO,20091013,33.77,37.07,33.77,36.1,48815
CVCY,20091013,5.45,5.5,5.37,5.45,19216
CVGI,20091013,7.7,7.95,7.49,7.54,384224
CVGW,20091013,20.79,20.79,19,19,406089
CVLT,20091013,21.48,21.85,20.97,21.36,610389
CVLY,20091013,5.79,5.8,5.25,5.6,9847
CVV,20091013,4.1,4.3,4.1,4.3,4091
CWBC,20091013,2.55,2.55,2.55,2.55,0
CWCO,20091013,15.65,15.68,15.23,15.34,140555
CWST,20091013,2.85,2.91,2.85,2.89,233590
CYAN,20091013,2.69,2.78,2.45,2.71,22797
CYBE,20091013,7.08,7.45,6.79,7.36,14372
CYCC,20091013,1444.8,1612.8,1428,1562.4,257474
CYCCP,20091013,1.67,1.68,1.52,1.52,7600
CYTK,20091013,30.6,31.32,29.94,30.18,1161205
CZNC,20091013,13.42,13.7,12.89,13.03,42497
CZWI,20091013,4.48,4.48,4.48,4.48,0
DAIO,20091013,3.91,3.97,3.89,3.97,29139
DAKT,20091013,8.71,8.95,8.55,8.66,212136
DCOM,20091013,12.16,12.4,11.79,11.88,100600
DCTH,20091013,1423.36,1484.8,1400.32,1456.64,614200
DDMX,20091013,18,18.1,17.44,17.61,132096
DENN,20091013,2.84,2.88,2.7,2.78,1179389
DGICA,20091013,15.02,15.46,15.02,15.3,34688
DGICB,20091013,16.5,16.5,16.5,16.5,0
DGII,20091013,8.94,8.99,8.6,8.81,110148
DGLY,20091013,2.3,2.44,2.27,2.35,399345
DHIL,20091013,57.48,57.59,56.4,57.37,8711
DIOD,20091013,19.2,19.75,18.33,19.44,684659
DISCA,20091013,30.64,30.81,29.89,30.05,1783784
DISCB,20091013,30.38,30.38,30.38,30.38,0
DISCK,20091013,13.78,13.945,13.55,13.65,705810
DISH,20091013,20.19,20.26,19.07,19.48,9324850
DJCO,20091013,55,55,55,55,0
DLTR,20091013,16.2934,16.63,16.2267,16.6,3603059
DMLP,20091013,21.7,22.23,21.56,22.06,85370
DMRC,20091013,14.64,15.14,14.64,15.11,19845
DORM,20091013,7.22,7.405,6.93,6.95,72940
DRIV,20091013,26.27,26.37,25.15,26.06,4977400
DRRX,20091013,2.45,2.52,2.4,2.45,442652
DSGX,20091013,5.7,5.73,5.59,5.65,133688
DSPG,20091013,7.8,8.02,7.48,7.56,134676
DSWL,20091013,3.92,4.02,3.92,4,104369
DVAX,20091013,18.4,18.4,16.7,17.1,1787933
DWSN,20091013,29.1,29.55,27.62,27.79,139014
DXCM,20091013,7.93,8,7.52,7.63,538211
DXPE,20091013,11.55,11.72,11.36,11.48,15600
DXYN,20091013,3.07,3.15,2.94,3.12,16350
DYNT,20091013,3.45,3.8,3.4,3.7,47935
EBAY,20091013,10.5263,10.6821,10.4968,10.6021,20481500
EBIX,20091013,20.3333,20.3333,19.8333,20.2667,300700
EBSB,20091013,3.5948,3.6765,3.5335,3.5539,18069
EBTC,20091013,11.98,11.98,10.69,10.69,24166
ECHO,20091013,13.29,13.3,11.75,12.1,443577
ECOL,20091013,19.01,19.21,18.69,19.15,130743
ECPG,20091013,13.63,13.63,12.78,13.02,160796
EDAP,20091013,3.71,3.82,3.51,3.68,705779
EDUC,20091013,2.62,2.62,2.62,2.62,100
EEFT,20091013,24.12,24.55,23.83,24.22,312237
EFOI,20091013,4.65,4.75,4.6,4.7,64790
EFSC,20091013,9.03,9.41,8.69,8.7,43150
EGBN,20091013,9.43,9.48,9.1,9.14,91297
EGLE,20091013,52920,54432,52315.2,54432,2236000
EHTH,20091013,14.51,14.54,13.48,14.04,542924
ELSE,20091013,2.9,2.9,2.9,2.9,200
ELTK,20091013,1.25,1.28,1.17,1.26,20856
EMIF,20091013,28.49,28.76,28.35,28.68,50881
EMKR,20091013,5.24,5.24,5.08,5.16,335900
ENDP,20091013,23.87,24,23.66,23.83,3609860
ENG,20091013,4.08,4.14,4.05,4.07,78056
ENSG,20091013,7.625,7.74,7.5,7.74,171739
ENTG,20091013,5.19,5.35,4.98,5.12,2724151
EPAY,20091013,12.84,13.13,12.67,13.12,222917
EQIX,20091013,96.52,96.84,94.35,96.16,948455
ERES,20091013,7.44,7.47,7.25,7.41,576615
ERIC,20091013,10.12,10.14,9.96,10.02,5292000
ERIE,20091013,37.18,37.33,36.53,36.74,104948
ERII,20091013,6.1,6.32,6.07,6.18,542500
ESBK,20091013,13.9,14.48,13.85,13.85,4599
ESCA,20091013,2.75,2.92,2.56,2.7,11810
ESEA,20091013,35.36,35.36,33.84,34.16,148312
ESGR,20091013,66.89,69.89,65.01,65.84,94067
ESLT,20091013,67.58,68.31,66.28,66.73,202331
ESSA,20091013,13.2,13.2,12.81,13,46519
EVK,20091013,2.12,2.25,1.71,2.1,106096
EVOL,20091013,6.88,6.97,6.67,6.78,53611
EWBC,20091013,9.1,9.19,8.59,9.13,2862812
EXAS,20091013,2.66,2.7,2.66,2.68,16400
EXEL,20091013,6.33,6.42,6.06,6.22,475300
EXLS,20091013,15.02,15.29,14.87,15.14,52718
EXPD,20091013,33.55,34.15,33.47,33.95,4559188
EXPE,20091013,24.19,25.07,24.09,25.02,12446787
EXPO,20091013,7,7.035,6.855,6.895,79560
EXTR,20091013,2.66,2.73,2.63,2.68,1351019
EZPW,20091013,14.49,14.57,13.93,14.12,968998
FARM,20091013,21.04,21.09,20.3,20.83,31667
FARO,20091013,17.84,18,17.09,17.23,72319
FAST,20091013,9.82,10.4175,9.375,9.755,8187471
FBIZ,20091013,10.42,10.42,10.42,10.42,0
FBMS,20091013,5.75,5.75,5.75,5.75,0
FBNC,20091013,17.28,17.34,16.61,16.79,119402
FCAL,20091013,4.75,4.75,4.75,4.75,149
FCAP,20091013,17.01,17.01,17.01,17.01,0
FCBC,20091013,12.81,12.81,12.5,12.69,62988
FCCO,20091013,6.25,6.25,6.25,6.25,0
FCCY,20091013,7.35,7.41,7.35,7.41,400
FCEL,20091013,591.84,604.8,573.12,576,2056266
FCFS,20091013,17.71,17.81,17.08,17.29,564526
FCNCA,20091013,166,166.1,160.27,162.01,29983
FEIM,20091013,4.82,5.07,4.66,5.07,25100
FELE,20091013,14.085,14.185,13.46,13.625,378001
FFBC,20091013,13.56,13.57,12.89,13.14,456353
FFHL,20091013,1.16,1.21,1.1,1.21,32766
FFIC,20091013,11.36,11.51,11,11.16,328318
FFIN,20091013,8.325,8.4667,8.2817,8.4117,93719
FFIV,20091013,42.4,42.98,41.83,42.65,2183000
FFNW,20091013,6.11,6.26,6.01,6.13,55562
FISI,20091013,11.1,11.25,10.77,11.11,15515
FISV,20091013,12.195,12.3125,12.0675,12.1525,2100633
FITB,20091013,10.23,10.38,9.98,10.16,17838400
FITBP,20091013,121.28,121.28,121.13,121.21,682
FIZZ,20091013,11.4,11.95,10.94,11.46,80828
FLEX,20091013,7.59,7.75,7.36,7.64,11777700
FLIC,20091013,18.4733,19,18.22,18.5067,96226
FLWS,20091013,3.79,4.28,3.79,4.18,336655
FLXS,20091013,8.49,8.64,8.35,8.56,3979
FMBI,20091013,11.48,11.48,10.9,11.22,966521
FNLC,20091013,18.25,18.42,17.5,17.55,47656
FOLD,20091013,5.03,5.03,4.71,4.75,179037
FONR,20091013,2.5,2.84,2.45,2.67,260108
FORD,20091013,1.7,1.88,1.7,1.86,207954
FORM,20091013,20.67,20.93,20.33,20.37,868000
FORR,20091013,27.21,27.52,26.79,27.21,87004
FORTY,20091013,10,10.36,9.6,10.22,9790
FOSL,20091013,29.7,29.81,28.72,29.45,657499
FRBK,20091013,4.94,4.94,4.74,4.74,33502
FREE,20091013,255000000,262500000,250500000,255000000,311000
FREEW,20091013,0.19,0.19,0.18,0.18,1500
FRME,20091013,6.99,7.09,6.77,6.81,122079
FRPT,20091013,6.1,6.15,5.51,5.68,2166410
FSFG,20091013,10.75,10.75,10.75,10.75,0
FSII,20091013,1.72,2.4,1.55,1.69,4797938
FSLR,20091013,158.25,158.98,154.32,154.32,2841800
FSTR,20091013,30.91,31.33,29.87,30.63,65350
FTEK,20091013,11.09,11.14,10.52,10.69,158151
FULT,20091013,7.62,7.62,7.2,7.32,1754863
FUNC,20091013,11,11.27,11,11.27,25862
FUND,20091013,6.12,6.18,6.1,6.14,55407
FWRD,20091013,24.88,25.44,24.44,24.53,374248
GABC,20091013,10.2533,10.3667,10.2333,10.3067,22993
GAIA,20091013,7.28,8,7.28,7.77,236321
GAIN,20091013,5.07,5.15,4.92,4.94,56130
GALT,20091013,2.64,2.64,2.16,2.25,164900
GAME,20091013,10.33,10.41,9.74,9.85,5615200
GASS,20091013,7.33,7.57,7.2,7.5,319407
GBCI,20091013,14.75,14.75,14.22,14.44,2002683
GCBC,20091013,7.125,7.125,7.125,7.125,0
GENC,20091013,5.42,5.42,5.1733,5.18,7720
GENE,20091013,28.2,30,27,27.6,22042
GERN,20091013,6.84,6.91,6.47,6.51,1715100
GFED,20091013,5.53,5.53,5.53,5.53,0
GGAL,20091013,5.39,5.5,5.26,5.41,209500
GIFI,20091013,19.08,19.08,18.4,18.96,122468
GIGM,20091013,24.55,24.65,24.1,24.3,1157869
GIII,20091013,8.515,8.88,8.38,8.82,558505
GILD,20091013,22.615,22.81,22.57,22.785,6143700
GILT,20091013,4.46,4.49,4.35,4.45,73640
GLAD,20091013,9.5,9.5,9.24,9.28,144657
GLBL,20091013,8.9,9.02,8.48,8.85,3555824
GLBZ,20091013,8.7,8.7,8.7,8.7,0
GLDD,20091013,7.03,7.19,6.85,7,597150
GLNG,20091013,13.3,13.51,12.97,13.3,680993
GLRE,20091013,19.52,19.9,19.29,19.48,138372
GNTX,20091013,7.625,7.635,7.33,7.34,1729882
GOOD,20091013,14.19,14.19,13.77,13.88,41305
GOODO,20091013,17.9,17.9,17.9,17.9,0
GOOG,20091013,262.195,263.73,260.69,263.055,3042200
GPRE,20091013,7.2,7.32,6.98,7.07,175681
GPRO,20091013,44,44.39,43.13,43.27,1129405
GRMN,20091013,37.63,38.78,37.62,38.42,3415049
GROW,20091013,13.11,13.11,11.68,12.2,147300
GRVY,20091013,7.8,8.2,7.8,8.16,1287407
GSBC,20091013,24.12,24.21,23.64,24,68518
GSIT,20091013,4.14,4.19,4.02,4.1,42380
GSM,20091013,8.89,8.94,8.62,8.8,330441
GT,20091013,17.18,17.29,16.74,17.12,2741800
GTIM,20091013,1.12,1.12,1.1,1.1,5014
GYRO,20091013,41.04,41.04,40.01,40.01,700
HA,20091013,8.21,8.31,8.13,8.23,326900
HAFC,20091013,1.65,1.65,1.56,1.62,139933
HAIN,20091013,9.805,9.83,9.37,9.43,925665
HALL,20091013,8.32,8.47,8.2,8.28,67906
HALO,20091013,7.29,7.77,7.29,7.49,1039810
HAS,20091013,28.1,28.53,28.1,28.38,1152900
HAYN,20091013,33.57,33.87,31.76,32.05,114013
HBAN,20091013,4.57,4.62,4.52,4.53,18774300
HBANP,20091013,840,840,840,840,0
HBCP,20091013,12.4,12.4,12.05,12.17,27913
HBIO,20091013,3.81,3.99,3.75,3.79,104879
HBNC,20091013,3.2237,3.3363,3.2237,3.2632,4300
HCCI,20091013,12.52,12.77,12.5,12.73,19514
HCII,20091013,8.6,8.69,7.75,8.14,83493
HCIIW,20091013,1.29,1.29,0.95,0.99,40002
HCKT,20091013,3.15,3.16,2.9,3.1,116112
HCSG,20091013,12.5133,12.7267,12.34,12.4733,355822
HDSN,20091013,1.14,1.24,1.14,1.16,31358
HEES,20091013,11.5,11.7,11.22,11.59,217041
HELE,20091013,23.4,23.7,23.25,23.58,741914
HERO,20091013,5.29,5.29,5,5.12,2872200
HFWA,20091013,13.7,13.71,13.6,13.69,15576
HIBB,20091013,17.75,19.56,17.61,19.31,1946461
HIFS,20091013,30.7,31.88,29,29,1800
HIHO,20091013,1.8,1.8,1.7,1.75,4686
HIMX,20091013,3.23,3.27,3.05,3.27,623787
HLIT,20091013,6.4,6.54,6.32,6.49,1721678
HLTH,20091013,14.52,14.87,14.37,14.81,368539
HMNF,20091013,3.65,3.65,3.65,3.65,293
HOFT,20091013,13.77,13.89,13.34,13.41,39156
HOLI,20091013,9.3,10,9.02,9.29,542309
HOLX,20091013,16.68,16.92,16.53,16.65,6652006
HOMB,20091013,5.465,5.5975,5.41,5.575,286704
HOOK,20091013,3.29,3.36,3.21,3.35,30477
HOVNP,20091013,5.41,5.65,5.3,5.59,4200
HSIC,20091013,56.12,56.47,55.38,55.6,932930
HSII,20091013,23.79,23.89,23.41,23.77,517486
HSKA,20091013,0.44,0.48,0.42,0.44,163865
HSTM,20091013,4.26,4.4,4.1,4.19,131618
HTBK,20091013,4.38,4.4,4.19,4.27,47455
HTLD,20091013,14.92,15.11,14.58,14.7,1738917
HTLF,20091013,15.07,15.29,14.81,15.05,42182
HUBG,20091013,24.55,25.33,24.54,24.8,1057302
HURC,20091013,16.25,16.89,15.87,16.3,75014
HURN,20091013,26.25,26.68,26,26.06,539000
HWBK,20091013,10.4,10.4,10.4,10.4,0
HWKN,20091013,22.8,23,22.28,22.38,139331
IART,20091013,16.42,16.42,15.855,15.94,436713
IBB,20091013,80.85,80.97,79.13,79.51,725461
IBCP,20091013,1.71,1.8,1.71,1.79,46340
IBKR,20091013,20.69,20.73,20.15,20.34,434549
IBOC,20091013,16.8,16.81,16.24,16.67,834477
ICAD,20091013,2.01,2.04,1.94,2,304161
ICCC,20091013,3.25,3.25,3.2,3.25,1400
ICFI,20091013,29.77,30,29.26,29.9,269184
ICLN,20091013,23.04,23.32,22.85,22.85,54550
ICLR,20091013,22.58,22.8,21.84,22.6,694773
ICUI,20091013,36.34,36.72,35.75,35.99,241791
IDCC,20091013,23.99,24.16,23.25,23.6,815542
IDRA,20091013,63.44,64.64,60.8,64.32,44870
IDXX,20091013,25.3,25.36,24.645,24.77,388725
IESC,20091013,7.42,7.66,6.9,6.92,17004
IFGL,20091013,31.6,31.65,30.14,30.26,313019
IGOV,20091013,107.85,108.23,107.64,108.12,40286
III,20091013,3.9,3.91,3.6,3.73,205199
IIIIW,20091013,0.1,0.1,0.1,0.1,0
IIN,20091013,2.84,3.27,2.84,3.06,8280
IIVI,20091013,13.88,14.23,13.675,13.975,186937
IKNX,20091013,6.42,6.43,6.41,6.41,666
ILMN,20091013,43.09,43.61,41.89,42.02,3386322
IMGN,20091013,7.92,7.99,7.52,7.66,708510
IMKTA,20091013,16.15,16.29,15.91,16.23,70150
IMMR,20091013,4.85,4.96,4.58,4.75,236582
IMOS,20091013,0.9,0.94,0.9,0.92,382879
INCY,20091013,6.72,6.79,6.49,6.5,2976500
INDB,20091013,22.78,22.9,21.95,22.32,106728
INFI,20091013,6.15,6.26,5.85,6.11,68054
INFN,20091013,8.25,8.33,8.11,8.28,1443393
INMD,20091013,4.24,4.3,4.24,4.255,6580
INOD,20091013,7.78,8,7.61,7.69,211200
INSM,20091013,0.81,0.82,0.8,0.8,395800
INTC,20091013,20.51,20.69,20.35,20.49,116652600
INTG,20091013,10.74,10.94,10.74,10.94,1000
INTU,20091013,28.7,29.65,28.63,29.55,10792934
IOSP,20091013,15.53,15.64,14.68,15.06,113356
IPAR,20091013,12.61,12.72,12.34,12.53,165529
IPGP,20091013,15.73,16.08,15.35,15.42,243538
IRBT,20091013,11.5,11.73,11.41,11.5,144409
IRDM,20091013,8.7,9.34,8.42,8.67,1578826
IRIX,20091013,2.42,2.44,2.24,2.42,41498
ISBC,20091013,4.2235,4.2784,4.1961,4.2627,198900
ISHG,20091013,107.45,107.93,107.45,107.78,21906
ISIG,20091013,4.58,4.6,4.36,4.55,21300
ISLE,20091013,10.66,11,10.54,10.65,353558
ISRG,20091013,84.6167,86.0567,80.5333,83.2133,1643200
ISSC,20091013,4.97,5.1,4.88,4.99,67749
ITIC,20091013,32.45,32.45,32.45,32.45,500
ITRI,20091013,62.28,62.6,61.66,62.24,333700
ITRN,20091013,11.56,12.13,11.47,11.73,155346
IVAC,20091013,12.64,12.98,12.35,12.62,122940
JACK,20091013,20.74,21.04,20.63,20.75,1407763
JAKK,20091013,145.9,150.6,144.3,146.8,406408
JAZZ,20091013,8.08,8.08,7.71,7.75,264700
JBHT,20091013,33.85,34.57,33.5,33.68,4398141
JBLU,20091013,5.67,5.77,5.61,5.68,3815900
JBSS,20091013,12.51,12.99,12.13,12.71,70103
JCS,20091013,11.41,11.81,11.13,11.13,18157
JCTCF,20091013,1.4675,1.6475,1.4675,1.6475,2381
JJSF,20091013,43,43,41.57,42.12,104006
JKHY,20091013,24.02,24.24,23.85,24.06,617351
JOBS,20091013,7.11,7.5,7.05,7.405,53909
JOUT,20091013,9.39,9.39,9.05,9.05,900
JRJC,20091013,87.7,89.4,83,86,218702
KALU,20091013,39.53,39.94,38.8,39.77,93100
KELYA,20091013,13.34,13.5,12.56,12.6,243000
KELYB,20091013,13.33,13.33,13.33,13.33,0
KEQU,20091013,15.47,15.7,14.8,15.51,11719
KFFB,20091013,12.61,12.61,12.61,12.61,0
KFRC,20091013,11.98,11.98,11.39,11.45,213894
KINS,20091013,2.44,2.44,2.44,2.44,0
KIRK,20091013,14.85,14.9,14.55,14.76,161900
KLAC,20091013,37.25,37.5,36.83,37,4690300
KLIC,20091013,6.13,6.3,5.89,6.05,1482308
KNDI,20091013,2.44,2.48,2.03,2.4,102535
KOPN,20091013,4.96,5,4.89,4.98,186600
KOSS,20091013,5.785,5.905,5.74,5.74,900
KRNY,20091013,10.4,10.58,10.25,10.39,70922
KTCC,20091013,2.52,2.54,2.46,2.51,67149
KTOS,20091013,11.39,11.64,11.16,11.6,126512
KVHI,20091013,10.28,10.56,10.02,10.51,59111
LAKE,20091013,7.79,8.48,7.76,8.31,18196
LAMR,20091013,28.52,28.89,27.97,28.26,2152462
LANC,20091013,51.24,51.82,50.06,50.68,212071
LARK,20091013,15.6,15.6,15.5,15.52,600
LAWS,20091013,17.33,17.99,17.11,17.82,63434
LBAI,20091013,7.29,7.57,6.75,6.97,92554
LBTYA,20091013,11.5125,11.6454,11.1957,11.4665,3222615
LBTYB,20091013,22.19,22.38,22.19,22.38,300
LBTYK,20091013,22.5,22.64,21.76,22.3,1035227
LCUT,20091013,5.73,5.98,5.69,5.98,31300
LECO,20091013,23.475,23.795,22.9,22.955,500414
LFUS,20091013,26.28,26.96,25.59,26.22,94710
LGND,20091013,13.2,13.32,12.78,13.14,663995
LHCG,20091013,30.21,30.55,29.59,29.83,211790
LIFE,20091013,668.22,675.5,661.78,672.56,3447864
LINC,20091013,23.4,23.4,22.25,22.64,221300
LIVE,20091013,0.6667,0.6967,0.59,0.59,27932
LJPC,20091013,0.2,0.21,0.2,0.2,608200
LKFN,20091013,14.2067,14.3333,13.7533,14.0667,54589
LLNW,20091013,3.87,4.05,3.78,3.9,484100
LMAT,20091013,4.07,4.07,4.03,4.07,3928
LNDC,20091013,6.42,6.59,6.42,6.53,148022
LOAN,20091013,0.95,0.95,0.95,0.95,0
LOGC,20091013,1.12,1.12,1.12,1.12,2500
LOGI,20091013,17.92,17.95,17.64,17.78,463200
LOOP,20091013,9.83,10,9.6,10,163800
LOPE,20091013,18.51,18.52,18.09,18.52,81200
LORL,20091013,30.04,31.13,29.51,31.09,89698
LPSN,20091013,5.8,5.8,5.53,5.8,641395
LPTH,20091013,2.62,2.62,2.15,2.2,96435
LQDT,20091013,10.54,10.61,10.15,10.34,61977
LRCX,20091013,38.51,38.51,37.68,37.92,7603000
LSBK,20091013,7.85,7.85,7.85,7.85,0
LSCC,20091013,2.32,2.35,2.24,2.27,1999800
LSTR,20091013,38.66,38.97,37.2,37.48,1874510
LTBR,20091013,654,714,606.6,649.8,148876
LTRX,20091013,0.57,0.65,0.55,0.63,200237
LULU,20091013,11.845,12.65,11.845,12.395,797525
LUNA,20091013,2.05,2.19,1.95,2,298410
LWAY,20091013,11.84,12.14,11.57,11.57,93007
LXRX,20091013,10.92,11.06,10.43,10.71,5016974
LYTS,20091013,7.52,7.56,6.96,7.11,120506
MANH,20091013,5.1875,5.2275,5.1125,5.13,235484
MANT,20091013,48.8,48.89,47.18,47.4,225002
MARPS,20091013,14.8,15.39,14.77,15.39,1300
MASI,20091013,28.34,28.52,27.35,27.6,710647
MAT,20091013,18.76,19,18.73,18.87,3013000
MATW,20091013,36.57,37.28,36.4,37.15,314526
MAYS,20091013,13.75,13.75,13.75,13.75,0
MBRX,20091013,0.75,0.81,0.62,0.66,3114406
MBWM,20091013,4,4.33,3.84,3.85,10608
MCBC,20091013,2.6,2.69,2.5,2.63,37439
MCHP,20091013,13.12,13.375,13.01,13.375,6770977
MCHX,20091013,5.3,5.61,5.19,5.36,173268
MCRI,20091013,10.13,10.44,10.12,10.26,85243
MDRX,20091013,21.29,21.44,20.89,21.36,2718235
MELI,20091013,41.44,41.95,40.6,41.83,541600
MEOH,20091013,19.15,19.3,18.52,18.62,394284
MERC,20091013,3.42,3.7,3.3,3.7,202769
MESA,20091013,0.26,0.26,0.24,0.25,2790500
MGEE,20091013,24.42,24.58,24.1,24.2533,87620
MGIC,20091013,1.73,1.75,1.73,1.75,3500
MGLN,20091013,29.76,30.07,29.5,29.75,1096293
MGPI,20091013,4.29,4.58,3.95,4.51,138337
MGRC,20091013,22.39,22.49,22,22.04,100183
MGYR,20091013,3.79,4.49,3.76,4.49,3070
MHLD,20091013,7.83,7.9,7.55,7.59,185889
MIDD,20091013,17.3633,17.8333,17.24,17.4633,432450
MIND,20091013,6.85,7,6.76,6.89,153630
MKSI,20091013,19.65,20.17,19.36,19.91,553124
MKTX,20091013,12.5,12.97,12.11,12.55,150289
MLAB,20091013,22.88,23.75,22.88,23.61,2018
MLHR,20091013,16.34,16.59,15.82,16.18,947538
MLVF,20091013,9.63,9.63,9.63,9.63,0
MMLP,20091013,27.5,27.74,26.9,27.39,83068
MMSI,20091013,12.8,13.448,12.52,13.448,979993
MNDO,20091013,1.46,1.5,1.44,1.47,85090
MNKD,20091013,33.2,33.2,30.8,31.45,1634000
MNOV,20091013,6.5,6.51,6.2,6.2,5936
MNRO,20091013,21.44,21.9333,21.4,21.5333,2038247
MNST,20091013,6.2083,6.2733,6.1133,6.2567,1059800
MNTX,20091013,2.92,2.99,2.67,2.83,387855
MOFG,20091013,8.95,8.97,8.95,8.97,470
MORN,20091013,51.27,53.02,50.78,51.3,330069
MOSY,20091013,506,518,484,502,60130
MOVE,20091013,11.04,11.08,10.68,10.84,202200
MPAA,20091013,5.35,5.36,5.17,5.36,19370
MPAC,20091013,2.71,2.99,2.69,2.99,8000
MPB,20091013,14.06,14.06,14.06,14.06,212
MPWR,20091013,21.84,21.84,21.21,21.65,770603
MRCY,20091013,10.44,10.44,10.06,10.24,134760
MRLN,20091013,7.4,7.79,7.4,7.6,36753
MRNA,20091013,1.38,1.83,1.31,1.38,16992944
MRTN,20091013,8.1067,8.2489,7.8,7.9645,338287
MRVL,20091013,15.88,16.23,15.8,16,12908900
MSEX,20091013,15.33,15.63,15,15.08,52764
MSFT,20091013,25.59,25.94,25.52,25.81,37748900
MSON,20091013,2.52,2.56,2.45,2.46,7547
MSTR,20091013,72,72.99,70,70.43,240116
MTEX,20091013,37.9,38,36,36.2,74238
MTRX,20091013,10.24,10.33,9.96,10.21,447722
MTSI,20091013,5.65,5.7,5.65,5.67,9989
MU,20091013,8.75,8.88,8.58,8.66,25280600
MVIS,20091013,45.2,46,43.2,44.4,1966463
MYGN,20091013,26.84,27.27,25.37,25.55,2624996
MYRG,20091013,21.18,21.28,20.36,20.64,257777
NAII,20091013,7.7,7.7,7.7,7.7,0
NATH,20091013,14.58,14.71,14.58,14.71,500
NATI,20091013,18.6,18.7533,18.4867,18.54,587502
NATR,20091013,5.4,6.2,5.4,6.13,5186
NAVI,20091013,2.31,2.4,2.28,2.28,263613
NBIX,20091013,2.96,3,2.87,2.94,97240
NBN,20091013,8.79,8.79,8.79,8.79,0
NBTB,20091013,23.4,23.46,22.69,22.94,152549
NCMI,20091013,17.05,17.22,16.57,16.93,323180
NCTY,20091013,229.5,235.8,217.5,223.2,253647
NDAQ,20091013,20.46,20.57,20.19,20.25,5212353
NDSN,20091013,28.19,28.815,27.35,27.655,330823
NECB,20091013,6.99,6.99,6.55,6.7,15917
NEOG,20091013,10.4666,10.5334,10.1966,10.32,42200
NEPT,20091013,2.02,2.03,2.02,2.02,13200
NEWT,20091013,3.05,3.3,2.8,2.85,55982
NFBK,20091013,12.9,12.9,12.75,12.84,41165
NFLX,20091013,6.58,6.7086,6.5629,6.6414,644800
NICE,20091013,30.72,30.99,30.3,30.55,100000
NICK,20091013,6.9,6.96,6.54,6.76,8145
NKSH,20091013,27.45,27.75,27.05,27.57,43549
NKTR,20091013,9.4,9.81,9.4,9.61,1346556
NLTX,20091013,1.53,1.7,1.53,1.6,47123
NNBR,20091013,4.66,5.07,4.47,4.9,134994
NRIM,20091013,15.6,15.8,15.23,15.23,26526
NSEC,20091013,8.67,8.67,8.67,8.67,0
NSIT,20091013,13.19,13.43,13.04,13.42,147800
NSSC,20091013,1.54,1.54,1.51,1.53,10066
NSYS,20091013,2.81,2.98,2.8,2.98,8003
NTAP,20091013,28.36,29.18,28.12,28.99,9824800
NTCT,20091013,13.85,14.19,13.85,14,568160
NTES,20091013,7.784,8.18,7.7,8.122,6600800
NTGR,20091013,18.05,18.1,17.62,17.92,619846
NTIC,20091013,3.75,3.8,3.695,3.7,12898
NTRS,20091013,60.68,60.84,58.84,59.14,3957602
NTWK,20091013,11.3,11.3,10.5,11.3,167600
NUAN,20091013,15.3,15.56,15.11,15.27,4610400
NURO,20091013,564.48,574.08,520.32,533.76,167580
NUVA,20091013,42,42,39.27,41.07,3093631
NVAX,20091013,79.2,80.8,74.4,75.8,6846200
NVDA,20091013,3.5225,3.5625,3.4575,3.49,15053000
NVEC,20091013,53.15,53.49,49.75,50.2,178160
NVMI,20091013,3,3.25,2.83,3,266200
NWFL,20091013,30.57,31,30.57,30.95,4255
NWLI,20091013,186,186.36,181.55,186.36,6749
NWPX,20091013,34.82,35.2,33.74,34.37,132719
NWS,20091013,14.2,14.33,14.05,14.29,1999200
NWSA,20091013,12.22,12.32,12.08,12.28,11752100
NXST,20091013,2.8,3.05,2.8,3.02,46877
NYMT,20091013,8.04,8.1,7.8,7.81,121543
NYMX,20091013,4.66,4.93,4.63,4.89,58926
OBAS,20091013,6.05,6.3,5.8,6.05,18251
OBCI,20091013,0.83,0.9,0.83,0.9,20862
OCFC,20091013,12.5,12.5,12.04,12.26,59499
ODFL,20091013,13.3333,13.4845,13.1822,13.3111,1312649
OESX,20091013,3.15,3.19,3.13,3.15,278666
OFIX,20091013,31.25,31.3,29.9,30.28,110594
OFLX,20091013,17.38,17.38,16.75,17.04,6843
OIIM,20091013,4.95,4.98,4.85,4.98,239586
OMAB,20091013,12.47,12.8,12.27,12.52,44346
OMCL,20091013,10.01,10.39,10.01,10.38,1470061
OMER,20091013,8.41,8.76,7.29,7.4,523319
OMEX,20091013,22.2,22.2,20.4,21.6,223350
ONCY,20091013,3.5,3.52,3.33,3.38,174900
ONEQ,20091013,84.49,84.99,83.75,84.23,61401
OPEN,20091013,27.57,28,26.81,26.99,284987
OPHC,20091013,123.6,123.6,123.6,123.6,0
OPNT,20091013,11.31,11.5,11,11.27,66677
OPOF,20091013,15.74,15.74,14.83,14.89,14446
ORLY,20091013,35.4,35.59,34.32,34.74,12293806
ORRF,20091013,37.4,37.95,36.74,37.09,15127
OSBC,20091013,7,7.07,6.83,6.92,73918
OSIS,20091013,17.36,17.49,17.11,17.36,183548
OSTK,20091013,16.33,16.33,15.41,16.07,410840
OSUR,20091013,3.5,3.5,3.27,3.32,394521
OTEX,20091013,9.635,9.89,9.635,9.875,428000
OTTR,20091013,24.39,24.65,24.05,24.26,229146
OVBC,20091013,26.97,26.97,25.14,25.14,12237
OVLY,20091013,4.55,4.55,4.55,4.55,0
PAAS,20091013,25.75,26.47,25.46,25.92,1771200
PACW,20091013,18.71,19.55,18.52,18.78,705057
PANL,20091013,13.72,13.76,13.42,13.72,299600
PATK,20091013,1.3733,1.4978,1.3022,1.3067,39720
PAYX,20091013,28.88,28.93,28.37,28.53,4825690
PBCT,20091013,15.55,15.64,15.48,15.63,2727900
PBHC,20091013,7,7,7,7,200
PBIP,20091013,10.07,10.07,10.07,10.07,200
PCAR,20091013,37.48,37.72,36.47,36.85,5094325
PCTI,20091013,6.48,6.54,6.2,6.33,47061
PCYO,20091013,3.15,3.25,3.15,3.25,17670
PDCO,20091013,26.91,26.94,26.22,26.3,1883071
PDEX,20091013,0.52,0.72,0.5,0.72,15687
PDFS,20091013,3.9,4,3.82,3.99,80345
PEBK,20091013,6.52,6.52,6.52,6.52,0
PEBO,20091013,12.44,12.53,12.15,12.18,16900
PEGA,20091013,17.42,17.8,17.015,17.26,674158
PENN,20091013,26.25,26.52,26,26.19,1799936
PESI,20091013,11.9,12,11.55,11.9,75505
PETS,20091013,19.45,19.61,19.18,19.26,258700
PFBC,20091013,3.1,3.21,3.1,3.16,6826
PFIN,20091013,2.85,2.9,2.85,2.9,2900
PFSW,20091013,1.54,1.7,1.43,1.51,29912
PGC,20091013,15.75,15.85,14.57,14.61,11456
PKBK,20091013,8.3818,8.3818,8.3818,8.3818,200
PKOH,20091013,7.43,7.74,7.07,7.16,60117
PLAB,20091013,5,5.65,4.95,5.65,2146715
PLBC,20091013,3.99,4,3.9,4,1600
PLCE,20091013,35,35,33.72,34.07,3125696
PLPC,20091013,37.65,38.43,37.36,38.43,21949
PLUG,20091013,1.23,1.23,1.13,1.17,1095600
PLUS,20091013,7.78,7.99,7.75,7.87,16685
PLXS,20091013,27.14,27.93,26.9,27.14,513243
PMD,20091013,5.75,5.75,5.73,5.73,1200
PNBK,20091013,19.1,24.5,19.1,20.7,58400
PNFP,20091013,12.2,12.25,11.96,12.04,438272
PNNT,20091013,8.27,8.43,8.01,8.13,230591
PNQI,20091013,23.94,23.94,23.6,23.8,4780
PNRG,20091013,29.91,31.78,29.33,31.05,30519
PODD,20091013,10.9,11.03,10.45,11.01,535814
POOL,20091013,22.76,23.25,22.48,22.8,611941
POWI,20091013,16.52,17.115,16.485,17,476282
POWL,20091013,38.54,38.62,37.11,38.01,205949
PPBI,20091013,4.29,4.76,4.29,4.29,8683
PRAA,20091013,16.3667,16.3667,15.93,16.23,105991
PRFT,20091013,8.55,9.32,8.44,9.3,369100
PRFZ,20091013,50.98,51.26,50.1,50.6,103737
PRGS,20091013,15.6667,15.9533,15.3133,15.7733,422251
PRIM,20091013,7.19,7.35,7.11,7.2,187968
PROV,20091013,7.82,8.49,7.51,8.19,46938
PRPL,20091013,1.9,1.9,1.86,1.87,9200
PRTS,20091013,5.74,5.78,5.5,5.63,40204
PSEC,20091013,10.66,10.7,10.18,10.37,964100
PSMT,20091013,19.2,19.2,18.58,18.89,116243
PSTI,20091013,11,11.8,11,11.5,273070
PTEN,20091013,16.84,17.33,16.08,16.66,16934965
PTIX,20091013,2.95,3,2.93,3,2200
PTNR,20091013,19.85,20.03,19.64,20.02,145999
PTSI,20091013,7.69,8.45,7.62,8,17319
PWOD,20091013,21.3,22.9,21.3,21.8267,39249
PXLW,20091013,3.29,3.52,3.21,3.52,365787
PZZA,20091013,12.185,12.4,12.035,12.1,460050
QABA,20091013,22.41,22.41,22,22.19,5566
QCLN,20091013,15.55,15.75,15.34,15.42,39381
QCOM,20091013,41.63,41.84,41.08,41.29,15447200
QCRH,20091013,9.94,9.94,9.68,9.68,3100
QDEL,20091013,15.87,15.95,15.02,15.17,1094867
QQEW,20091013,18.85,18.94,18.72,18.78,38134
QQQ,20091013,42.54,42.75,42.37,42.58,70939200
QQQX,20091013,14.8,15.06,14.8,14.85,147745
QQXT,20091013,17.42,17.42,17.14,17.24,11964
QTEC,20091013,19.54,19.67,19.41,19.59,100719
QUIK,20091013,30.8,31.92,30.8,30.94,326653
RADA,20091013,5.48,5.5,5.48,5.5,1000
RAIL,20091013,25.83,25.97,24.8,25.71,536958
RAM,20091013,1.69,1.99,1.68,1.83,2821637
RAND,20091013,32.22,32.22,32.22,32.22,0
RAVN,20091013,13.92,14.205,13.585,13.755,89797
RBCAA,20091013,19.99,20.16,19.31,19.67,103137
RBCN,20091013,161.9,163.3,149.1,153.9,318324
RCII,20091013,20.12,20.17,19.35,19.82,1334016
RCKY,20091013,6.26,6.8,6.26,6.44,97758
RCMT,20091013,2.7,3.01,2.53,2.93,99836
RCON,20091013,40.8,41.1,38,39.05,71400
RDCM,20091013,1.1,1.14,1.01,1.13,11849
RDI,20091013,4.53,4.64,4.52,4.52,61179
RDIB,20091013,5.14,5.14,5.14,5.14,0
RDNT,20091013,3.06,3.39,3.06,3.18,692753
RDWR,20091013,5.965,6,5.75,5.96,62779
REED,20091013,1.83,1.87,1.78,1.78,74400
REFR,20091013,4.34,4.75,4.3,4.63,58260
REGN,20091013,18.41,19.35,18.41,18.89,1762524
RELL,20091013,5.68,5.8,5.55,5.67,147251
RENT,20091013,17.95,18.13,17.5,17.67,41099
RFIL,20091013,1.94,1.95,1.94,1.95,1500
RGCO,20091013,9.6633,9.6633,9.01,9.0867,1600
RGEN,20091013,4.95,5.05,4.88,4.95,99467
RGLD,20091013,48.52,49.71,47.97,49.32,974300
RICK,20091013,8.44,8.5,8.4,8.46,32200
RIGL,20091013,7.2,7.2,6.94,7,2265702
RMBS,20091013,18.66,18.87,18.21,18.49,1922000
RMCF,20091013,8.9,8.95,8.75,8.85,8760
RMTI,20091013,7.69,8.14,7.6,7.67,222702
RNST,20091013,14.51,14.94,14.03,14.51,106563
RNWK,20091013,4.2,4.48,4.1,4.26,3337629
ROCK,20091013,13.91,14.47,13.21,14.46,441634
ROLL,20091013,25.09,25.88,25.04,25.26,334148
ROST,20091013,11.385,11.6175,11.2925,11.52,6185291
RPRX,20091013,1.42,1.42,1.29,1.37,2184400
RRGB,20091013,21.14,21.14,19.2,19.42,1185495
RUSHA,20091013,8.5667,8.6467,8.4267,8.54,257092
RUSHB,20091013,7.1,7.24,6.9933,7.24,45128
RUTH,20091013,4.45,4.54,4.36,4.43,172163
RVSB,20091013,3.55,3.86,3.55,3.8,4507
RYAAY,20091013,29.47,29.47,28.97,29.18,458600
SAFM,20091013,38.36,38.54,37.35,38.04,901515
SAFT,20091013,33.87,34.15,33.15,33.3,93758
SAIA,20091013,10.92,10.9667,10.2667,10.36,112919
SALM,20091013,3.5,3.6,3.27,3.57,288921
SANM,20091013,8.78,8.79,8.42,8.54,910800
SASR,20091013,14,14.1,13.34,13.6,60208
SATS,20091013,15.7138,16.1038,15.5269,15.8681,311697
SBAC,20091013,28.29,28.62,28.12,28.42,2492037
SBCF,20091013,12.8,12.8,11.5,11.5,683751
SBGI,20091013,3.72,4.32,3.61,4.23,1963000
SBLK,20091013,267,270.75,263.25,267,326200
SBNY,20091013,29.27,29.78,28.95,29.68,754940
SBSI,20091013,21.3524,21.7238,20.5238,21.5333,48200
SBUX,20091013,10.215,10.215,10.015,10.095,6760100
SCHL,20091013,24.68,24.75,24.15,24.65,465926
SCHN,20091013,52.65,53.41,50.75,51.69,1643185
SCKT,20091013,2.81,2.92,2.75,2.75,6853
SCOR,20091013,18.89,19.13,17.9,18.51,529436
SCSC,20091013,30.1,30.57,29.67,30,291384
SCVL,20091013,10.9067,11,9.9467,10.86,44077
SEAC,20091013,8,8.07,7.75,7.83,609735
SEED,20091013,49.4,49.5,47.8,49.5,52200
SEIC,20091013,20.1,20.26,19.77,19.81,1589857
SENEA,20091013,27.41,28.49,26.72,28,61762
SENEB,20091013,27.02,27.95,27.02,27.95,1888
SFNC,20091013,14.72,14.735,14.2,14.45,21601
SFST,20091013,8,8,8,8,0
SGC,20091013,8.47,8.55,8.07,8.2,4360
SGEN,20091013,10.37,10.37,9.83,10.16,3152937
SGMA,20091013,3.4,3.55,3.4,3.55,7773
SGMO,20091013,7.35,7.35,6.9,7.14,799038
SGMS,20091013,16.65,17.22,16.47,17.16,3034909
SGRP,20091013,0.75,0.93,0.75,0.92,4893
SHBI,20091013,16.28,16.47,16.05,16.15,3391
SHEN,20091013,8.835,8.835,8.405,8.51,38434
SHIP,20091013,4920,4920,4920,4920,0
SHIPW,20091013,0.19,0.21,0.19,0.2,23000
SHOO,20091013,7.5378,7.6326,7.5081,7.6326,162046
SHY,20091013,83.96,84.03,83.96,84.03,886100
SIEB,20091013,2.55,2.55,2.55,2.55,0
SIFY,20091013,2.56,2.64,2.32,2.41,608448
SIGA,20091013,7.65,7.77,7.39,7.47,180200
SIGI,20091013,16.28,16.34,15.53,15.63,295983
SILC,20091013,9.15,9.68,9.15,9.6,41794
SIMO,20091013,3.66,3.75,3.6,3.69,491868
SINO,20091013,17.25,17.9,17.05,17.05,12647
SIRI,20091013,0.56,0.57,0.55,0.56,16381100
SIVB,20091013,44.04,44.21,42.62,43.17,855731
SKYW,20091013,16.89,17.08,16.19,16.68,559092
SLAB,20091013,45.87,47,45.71,46.3,1863346
SLGN,20091013,13.6975,13.6975,13.41,13.5325,531070
SLP,20091013,1.54,1.57,1.5,1.52,30654
SMBC,20091013,5.6,5.6,5.6,5.6,0
SMCI,20091013,8.5,8.59,8.07,8.14,222644
SMED,20091013,10.32,10.4,10,10.4,56576
SMIT,20091013,3.95,3.95,3.95,3.95,0
SMMF,20091013,4.42,4.42,4.42,4.42,0
SMSI,20091013,47.36,47.76,45.04,46.6,531987
SMTC,20091013,17.01,17.25,16.7,17.04,1423795
SNCR,20091013,12.3,12.68,12.05,12.66,169520
SNFCA,20091013,3.48,3.5,3.48,3.5,2400
SNPS,20091013,23.06,23.43,22.95,23.25,3110782
SOHU,20091013,64,64.45,62.63,64.25,2388294
SONO,20091013,28,28.45,27.28,27.42,472007
SPNS,20091013,1.19,1.19,1.06,1.1,26560
SPPI,20091013,4.86,4.88,4.51,4.56,4537000
SPRO,20091013,4.4,4.4,4.4,4.4,500
SPTN,20091013,14.6,14.79,14.44,14.79,256400
SRCE,20091013,16.21,16.3,15.46,15.49,41195
SRCL,20091013,48.45,48.72,47.84,48.6,1260723
SRDX,20091013,30.55,30.89,28.62,29.81,458877
SSBI,20091013,6.25,6.71,6.16,6.25,27565
SSTI,20091013,2.51,2.57,2.41,2.41,347515
SSYS,20091013,17.65,18.3,17.5,18.16,215929
STAA,20091013,3.86,3.9,3.71,3.81,351614
STBA,20091013,13.52,13.61,13.19,13.51,224064
STFC,20091013,18.06,18.37,17.71,18.12,71310
STKL,20091013,4.34,4.34,4.05,4.08,317953
STLD,20091013,15.21,15.48,15.02,15.44,4993200
STRA,20091013,223.16,224.63,219.06,222.31,204462
STRC,20091013,3,3,3,3,0
STRL,20091013,18.86,19.48,18.67,19.48,535705
STRM,20091013,2.27,2.43,2.23,2.34,33654
STRN,20091013,6,6.18,6,6.17,9200
STRS,20091013,9,9,9,9,0
STRT,20091013,14.22,14.28,13.93,14.24,6946
STSA,20091013,118.8,120.12,112.86,115.5,991700
STX,20091013,15.65,16.56,15.43,16.04,33571728
SUMR,20091013,47.07,47.25,46.08,46.71,84584
SURG,20091013,1.53,1.74,1.44,1.69,143500
SVBI,20091013,3.01,3.27,3.01,3.27,8937
SWIR,20091013,10.42,10.6,9.85,10.09,377591
SWKS,20091013,12.18,12.32,12,12.04,3194700
SYBT,20091013,15.7067,15.7467,15.2067,15.6333,25678
SYNA,20091013,22.02,22.33,20.9,21.25,6320300
SYNL,20091013,9.75,9.95,9.64,9.75,13553
SYPR,20091013,2.75,2.75,2.61,2.61,9409
TACT,20091013,5.63,5.63,5.4,5.42,18840
TAIT,20091013,1.19,1.33,1.14,1.21,7170
TAST,20091013,7.5,7.76,7.46,7.65,157794
TAYD,20091013,3.96,3.98,3.95,3.95,3056
TBBK,20091013,5.76,5.78,5.38,5.46,140926
TBNK,20091013,15.96,15.99,15.78,15.95,68593
TCBI,20091013,16.74,16.81,16.21,16.6,330563
TCBK,20091013,15.65,15.71,15.4,15.48,44293
TCX,20091013,2.32,2.36,2,2.12,160100
TEAM,20091013,7.81,7.85,7.5,7.68,11490
TECH,20091013,64.08,64.54,63.8,64.24,280506
TESS,20091013,11.1867,11.1867,10.74,10.9333,22505
TFSL,20091013,12.01,12.17,11.86,11.9,1183041
TGA,20091013,4,4.3,3.99,4.29,493179
THFF,20091013,29.87,31.27,29.01,29.37,89837
THRX,20091013,15.08,15.22,14.91,15.16,354551
TIGR,20091013,2.55,3,2.45,3,402438
TITN,20091013,12.13,12.25,11.72,12.06,277770
TLT,20091013,96.62,96.85,96.26,96.55,2886400
TNDM,20091013,21.91,22.04,21.43,21.89,1355358
TOPS,20091013,8960000,8960000,8400000,8540000,225938
TOWN,20091013,13.43,13.46,13.16,13.36,143488
TREE,20091013,7.86,8.24,7.78,8,183559
TRIB,20091013,3.95,4.01,3.84,3.91,46620
TRIT,20091013,18.52,19.88,17.76,19.48,427000
TRMB,20091013,10.955,11.045,10.81,11.02,2450742
TRMD,20091013,106,107.5,103.6,105.8,54871
TRMK,20091013,19.86,19.86,18.85,19.25,527043
TRNS,20091013,5.16,5.16,5.16,5.16,0
TROW,20091013,46.28,46.28,43.94,44.41,4891012
TRS,20091013,5.09,5.09,4.91,5.03,62552
TRST,20091013,6.59,6.59,6.35,6.43,515456
TRUE,20091013,2.8,3,2.71,2.76,87903
TSBK,20091013,4.72,4.72,4.72,4.72,200
TSCO,20091013,13.4725,13.625,13.2175,13.25,1131760
TSEM,20091013,16.65,16.8,15.6,15.9,1173400
TSRI,20091013,2.15,2.15,2.14,2.15,1800
TTEC,20091013,17.41,17.65,17.18,17.49,642872
TTEK,20091013,26.8,26.81,25.97,26.3,660670
TTGT,20091013,6.6,6.94,6.44,6.6,117994
TTMI,20091013,12.4,12.5,11.56,11.75,934406
TTWO,20091013,11.63,11.78,11.36,11.65,2711718
TWIN,20091013,12.4,13.2,12.34,13.11,129835
TXN,20091013,23.91,24.02,23.46,23.62,14915100
TXRH,20091013,10.9,11.26,10.52,10.57,1127770
TZOO,20091013,12.34,13.24,12.34,13.04,65980
UBCP,20091013,8.25,8.5,8.2,8.26,7664
UBFO,20091013,3.6,3.64,3.4,3.45,35326
UBOH,20091013,11,11,11,11,1074
UBSI,20091013,19.35,19.35,18.18,18.5,300877
UCBI,20091013,4.94,5.2,4.94,5.2,2038489
UCTT,20091013,6.95,6.96,6.58,6.73,321270
UEIC,20091013,20.87,21.4,20.35,20.5,216685
UEPS,20091013,21.55,21.75,20.69,21.05,286993
UFCS,20091013,20.54,21.3,20.12,20.51,232835
UFPI,20091013,40.06,41.58,39.33,40.26,345268
UFPT,20091013,6.2,6.35,6.19,6.23,43436
UG,20091013,9.53,9.8,9.53,9.8,5500
UHAL,20091013,44.75,47.86,44.21,45.79,46033
ULBI,20091013,5.35,5.5,5.12,5.19,281510
ULTA,20091013,17.41,17.84,16.12,17.06,1065553
UMBF,20091013,41.41,41.63,40.7,40.96,248195
UMPQ,20091013,10.56,10.64,10.11,10.41,1490703
UNAM,20091013,9.86,9.86,9.75,9.77,2200
UNB,20091013,16.14,16.14,16.14,16.14,0
UNTY,20091013,4.05,4.2,4,4.03,4889
URBN,20091013,31.4,31.85,30.89,31.5,4299645
USAK,20091013,12.72,12.86,12.6,12.76,27964
USAP,20091013,17.4,17.4,16.7,16.88,55091
USEG,20091013,235.2,235.8,219,222.6,428993
USLM,20091013,35,37.36,35,37.27,53059
UTHR,20091013,44.21,44.71,43.53,44.35,1710004
UTMD,20091013,27.8,29.09,27.8,28.5,41353
UTSI,20091013,6.36,6.57,6.18,6.21,1009715
UVSP,20091013,21.59,21.59,21.27,21.42,249986
VALU,20091013,31.14,32.4,31.03,31.4,8632
VBFC,20091013,63.84,63.84,62.4,62.4,3000
VECO,20091013,24.25,24.42,23.77,24.35,1969243
VIA,20091013,30.03,30.43,29.92,30.09,101000
VICR,20091013,7.76,7.88,7.6,7.82,54230
VIRC,20091013,3.04,3.05,2.99,2.99,7800
VIVO,20091013,24.9,24.9,23.95,24.18,308218
VLGEA,20091013,29.36,29.65,29,29.55,46094
VNDA,20091013,13.08,13.21,10.94,11.04,15780600
VOD,20091013,21.47,21.57,21.28,21.46,4400100
VOXX,20091013,6.97,7.98,6.94,7.98,181948
VRSK,20091013,26.67,27.26,26.54,27.19,3295900
VRSN,20091013,23.79,23.79,23.12,23.47,6830074
VRTS,20091013,16.18,16.22,15.85,16.13,11288
VRTX,20091013,33.92,37.36,33.32,33.62,3598207
VSAT,20091013,30,30.4,29.84,30,734844
VSEC,20091013,21.57,21.89,20.34,20.845,59183
WABC,20091013,51.3,51.39,50.37,50.9,234908
WAFD,20091013,16.73,16.82,16.4,16.59,739200
WASH,20091013,17.38,17.44,16.52,16.61,125844
WAVE,20091013,0.93,0.95,0.9,0.91,734600
WDC,20091013,37.64,38.25,37.45,37.81,3394900
WDFC,20091013,31.7,32.13,31.19,31.49,136085
WERN,20091013,18.79,18.92,18.27,18.3,2135728
WEYS,20091013,22.95,23.9,22.95,23.35,29225
WILC,20091013,5.69,5.69,5.21,5.4,96855
WINA,20091013,21.52,21.7,20.75,21.58,12790
WIRE,20091013,23.47,23.71,22.6,23.11,327713
WLDN,20091013,2.76,2.99,2.76,2.99,7100
WLFC,20091013,13.27,13.5,13.03,13.08,7333
WOOD,20091013,37.31,37.31,36.73,36.89,16200
WOOF,20091013,27.28,27.59,26.68,26.76,1041816
WPRT,20091013,12.25,12.65,11.87,12.01,599033
WRLD,20091013,26.67,26.76,26,26.36,87200
WSBC,20091013,15.78,15.85,15.19,15.41,82161
WSBF,20091013,5.01,5.05,4.61,4.76,17898
WSFS,20091013,9.1733,9.5367,9.11,9.4233,53045
WSTG,20091013,8.73,9.77,8.45,8.8,75732
WTBA,20091013,5.32,5.42,4.93,4.96,58831
WTFC,20091013,30.49,30.85,30,30.69,274500
WVVI,20091013,4.05,4.05,4.05,4.05,0
WYNN,20091013,65.22,67.53,65.06,66,4580100
XLNX,20091013,23.74,24.08,23.65,23.93,11429400
XOMA,20091013,15.8,16,15.6,16,1326200
XRAY,20091013,35.11,35.66,34.99,35.21,1831741
XRTX,20091013,153.84,155.88,142.92,145.32,849658
YORW,20091013,14.14,14.25,13.8,14.2,101477
ZBRA,20091013,25.98,26.59,25.77,25.87,929629
ZEUS,20091013,29.74,29.75,28.07,29.22,426355
ZION,20091013,17.2,18.2,17.06,18.02,8859600
ZIOP,20091013,2.91,3,2.89,2.89,160900
ZIXI,20091013,2.21,2.21,2.1,2.12,536000
ZUMZ,20091013,16.06,16.2,15.47,15.87,572126
