AAME,20090728,0.67,0.69,0.67,0.69,1400
AAON,20090728,5.7541,5.9526,5.7393,5.8993,77100
AAPL,20090728,5.6743,5.7179,5.6286,5.7143,12984000
AAWW,20090728,24.17,24.87,24,24.78,154100
AAXJ,20090728,49.26,49.7,49.02,49.6,266100
ABCB,20090728,6.41,6.72,6.34,6.72,27200
ABIO,20090728,2910.6,3250.8,2887.92,3099.6,285900
ABMD,20090728,7.65,7.68,7.54,7.6,236700
ACAD,20090728,4.59,4.63,3.97,4.38,3397500
ACET,20090728,6.9,7.04,6.89,6.97,93500
ACGL,20090728,6.9233,6.9989,6.8733,6.8911,314700
ACIW,20090728,4.9767,5.21,4.9433,5.1233,143700
ACLS,20090728,2.04,2.04,1.92,1.96,397000
ACMR,20090728,3.41,3.41,3.21,3.35,22800
ACOR,20090728,26.14,26.71,25.98,26.66,499000
ACTG,20090728,8.2,8.28,7.7,8.04,256400
ACWI,20090728,37.12,37.26,36.79,37.09,79900
ACWX,20090728,35.93,36.05,35.59,35.95,30700
ADBE,20090728,32.45,32.91,32.04,32.33,7579800
ADES,20090728,2.025,2.025,1.99,2,14300
ADI,20090728,27.35,27.84,27.15,27.55,3074400
ADP,20090728,32.3968,32.7569,32.2915,32.6953,2908900
ADPT,20090728,2.5,2.57,2.5,2.57,643200
ADRE,20090728,37.88,38,37.37,37.88,95800
ADSK,20090728,22.45,22.95,22.28,22.51,7932600
ADTN,20090728,24.73,24.93,24.02,24.36,1016000
AEHR,20090728,0.92,0.94,0.87,0.94,30400
AEIS,20090728,11.61,12.13,11.34,12.11,436200
AEY,20090728,1.8,1.9,1.8,1.85,8000
AEZS,20090728,1368,1368,1260,1302,320000
AGEN,20090728,2.34,3.09,2.25,2.99,15296900
AGNC,20090728,23.58,24.1,23.55,24,259100
AGYS,20090728,5.13,5.13,4.57,4.84,85800
AHPI,20090728,4.3,4.3,4.3,4.3,0
AIMC,20090728,8.83,9.17,8.52,9.15,131900
AINV,20090728,19.23,20.91,19.2,20.82,2836500
AIRT,20090728,8.57,8.7,8.45,8.65,9600
AKAM,20090728,20.21,20.63,20.09,20.45,4732300
ALCO,20090728,30.34,31,30.34,30.74,4200
ALGN,20090728,11.4,11.73,10.9,11.04,1022200
ALGT,20090728,42.52,43.52,42.15,43.43,284800
ALKS,20090728,11.55,11.58,11.08,11.28,509500
ALLT,20090728,3.92,3.94,3.8,3.86,27100
ALNY,20090728,23.14,23.8,22.77,23.75,206400
ALOT,20090728,5.74,5.97,5.4,5.4,21900
ALTR,20090728,18.95,19.24,18.76,18.92,7977300
ALTU,20090728,0.37,0.38,0.36,0.38,307600
ALVR,20090728,47,47.4,46.3,47.4,348200
AMAT,20090728,13.19,13.52,13.1,13.38,15455400
AMD,20090728,3.77,3.81,3.7,3.77,15671400
AMED,20090728,41.27,41.75,37.9,39,3067800
AMGN,20090728,62.71,62.84,61.42,62.42,18802000
AMKR,20090728,5.96,6.16,5.7,5.78,4113000
AMNB,20090728,22.62,22.71,22.35,22.71,8500
AMOT,20090728,2.02,2.02,1.93,1.93,2100
AMPH,20090728,22.15,22.66,22.15,22.66,9500
AMPL,20090728,51.8,53.6,51.6,53.6,13900
AMRN,20090728,1.22,1.22,1.15,1.15,9400
AMSC,20090728,273.6,274.8,262.5,268.6,670300
AMSF,20090728,16.15,16.5,15.88,16.34,143200
AMSWA,20090728,6.05,6.12,5.95,6.08,37600
AMWD,20090728,23.91,24.25,23.32,23.7,33400
AMZN,20090728,83.84,85.64,82.6,84.98,8774800
ANAT,20090728,79.28,80.42,77.53,79.37,33000
ANDE,20090728,21.0867,22.24,20.5667,21.8733,583400
ANGN,20090728,2.99,3,2.98,2.98,3300
ANGO,20090728,11.84,12.37,11.83,12.27,153600
ANIK,20090728,5.7,5.74,5.64,5.71,6600
ANSS,20090728,30.89,31.59,30.89,31.52,272900
APAC,20090728,4.95,5,4.67,4.89,368900
APEI,20090728,33.76,34.31,33.33,34.24,368400
APOG,20090728,14.09,14.35,14,14.3,217400
ARAY,20090728,6.89,7,6.6,6.92,190100
ARCC,20090728,8.57,8.83,8.51,8.81,482000
ARKR,20090728,12.76,13.83,12.67,13.56,27200
ARLP,20090728,18.08,18.28,17.5,17.65,195800
ARNA,20090728,50.4,51.8,48.6,49.7,2499000
AROW,20090728,27.76,27.81,27.33,27.72,27100
ARRY,20090728,3.94,4.05,3.78,4.02,297200
ARTL,20090728,4.5,4.78,4.3,4.7,12900
ARTNA,20090728,17.65,17.98,17.26,17.75,72700
ARTW,20090728,4.95,5.2,4.95,5,8000
ARWR,20090728,0.38,0.44,0.38,0.44,329000
ASML,20090728,23.87,24.42,23.87,24.36,1983300
ASRV,20090728,1.65,1.76,1.51,1.76,8200
ASTC,20090728,1.15,1.25,1.1,1.2,42700
ASTE,20090728,26.06,26.51,25.85,26.09,160000
ASUR,20090728,0.1133,0.12,0.1133,0.12,14000
ASYS,20090728,5.62,5.64,5.57,5.57,17400
ATAI,20090728,8.84,8.84,8.32,8.32,18600
ATAX,20090728,5.7,5.7,5.55,5.55,52300
ATEC,20090728,43.44,45.6,43.2,45.48,71900
ATHX,20090728,0.99,1.16,0.95,1.1,194400
ATLO,20090728,25.45,25.88,25.45,25.83,24300
ATNI,20090728,43.83,45.47,40.83,41.06,108500
ATRC,20090728,3.28,3.34,3.11,3.34,20400
ATRI,20090728,127.47,132.44,127.47,131.31,5900
ATRO,20090728,9.225,9.2917,9.1583,9.2833,24300
ATSG,20090728,3.2,3.39,3.19,3.35,616100
ATVI,20090728,11.1,11.4,10.79,11.38,28924000
AUBN,20090728,24.49,24.61,24.08,24.61,1300
AUDC,20090728,1.96,2.13,1.91,2.13,154800
AVAV,20090728,29.29,29.48,28.34,28.45,186500
AVCT,20090728,15.99,16.12,15.75,15.95,376300
AVID,20090728,12.36,12.47,12.24,12.45,160500
AWRE,20090728,2.61,2.65,2.6,2.65,2500
AXTI,20090728,1.83,1.9,1.74,1.87,91700
AZPN,20090728,9.75,9.75,9.6,9.7,27600
BANF,20090728,35.22,36.13,34.98,35.93,45100
BANFP,20090728,25.89,25.89,24.95,24.95,1300
BANR,20090728,21.21,22.4,21.21,22.26,157900
BBBY,20090728,34.43,34.78,34.09,34.69,2849600
BBGI,20090728,2.92,4.49,2.29,2.7,37500
BBSI,20090728,10.34,10.43,10.14,10.15,38300
BCBP,20090728,9.14,9.14,9.14,9.14,100
BCPC,20090728,17.8133,18.2667,17.6733,18.2667,69300
BCRX,20090728,11.12,11.46,10,10.77,4617000
BDSI,20090728,5.42,5.46,4.91,5.16,788100
BEAT,20090728,6.46,7.37,6.37,7.3,4683900
BECN,20090728,15.96,16.36,15.68,16.27,508100
BELFA,20090728,15.9,15.9,15.9,15.9,0
BELFB,20090728,17.68,18.3,17.68,18.12,25700
BFIN,20090728,10.76,10.98,10.76,10.95,55700
BGCP,20090728,4.72,4.75,4.51,4.6,418500
BGFV,20090728,13.01,13.33,12.4,12.57,170100
BIDU,20090728,35.43,35.79,34.902,35.111,1813100
BIIB,20090728,45.2634,45.8345,44.895,45.1529,2422600
BIOC,20090728,111,111,106.5,111,7900
BITS,20090728,5.6,5.64,5.55,5.64,3000
BJRI,20090728,16,16.33,15.95,16.26,177600
BKCC,20090728,7.88,8.31,7.88,8.24,52600
BKSC,20090728,12.7,12.7,12.7,12.7,0
BLDP,20090728,1.95,1.96,1.88,1.89,73300
BLKB,20090728,16.79,17.05,16.45,17.04,159700
BMRC,20090728,16.13,16.42,15.805,16.16,18400
BMRN,20090728,15.09,15.19,14.73,15.14,1101800
BMTC,20090728,18.32,18.45,18.24,18.35,12700
BNSO,20090728,1.11,1.12,1.05,1.05,16800
BOKF,20090728,39.65,40.88,39.54,40.02,181500
BOLT,20090728,12.07,12.14,11.75,12.05,38400
BOOM,20090728,16.8,17,16.08,16.77,335800
BOSC,20090728,1.36,1.4,1.32,1.4,106100
BPOP,20090728,12.5,12.8,11.5,11.9,4780300
BPOPM,20090728,12.5,12.5,12.5,12.5,2400
BPOPN,20090728,12.51,12.75,12.4,12.4,8800
BRID,20090728,8.25,8.25,7.58,8.02,5500
BRKL,20090728,11.24,11.56,11.22,11.45,419000
BRKR,20090728,9.11,9.2,8.99,9.12,567500
BRKS,20090728,6.17,6.36,5.88,6.15,141700
BRLI,20090728,16.475,16.95,16.18,16.39,336700
BSET,20090728,2.36,2.5,2.16,2.5,13600
BSQR,20090728,2.64,2.75,2.6,2.67,17300
BSRR,20090728,12,12.2,12,12.12,13300
BUSE,20090728,5.9,6,5.78,6,45200
BWEN,20090728,97.8,99,97.5,98.8,127200
BYFC,20090728,5.06,7.6,5.05,5.96,2400
CAAS,20090728,6.72,6.87,6.23,6.81,93500
CAC,20090728,34.55,34.7,34.26,34.67,6900
CACC,20090728,26.05,26.39,25.58,26.01,30300
CAKE,20090728,18.17,18.89,18.02,18.78,1569300
CALM,20090728,13.525,14.195,13.5,14.15,846300
CAMP,20090728,1.65,1.65,1.59,1.59,28900
CAMT,20090728,0.79,0.79,0.79,0.79,5000
CARV,20090728,6,6,5.98,5.98,5500
CASA,20090728,3.1,3.1,3.1,3.1,0
CASH,20090728,7.4767,7.4767,7.2833,7.2833,200
CASS,20090728,34.28,35.25,34.28,34.95,8700
CASY,20090728,27.54,27.77,26.88,27.41,350600
CATY,20090728,10.12,10.79,10.09,10.66,1046400
CBAN,20090728,7.46,8.47,7.46,8.04,8900
CBNK,20090728,13.23,13.44,13.12,13.44,13900
CBRL,20090728,30.26,30.77,29.59,29.78,412900
CBSH,20090728,35.07,35.95,35.07,35.68,441700
CCBG,20090728,15.73,15.94,15.67,15.9,22200
CCMP,20090728,33.11,33.72,32.52,33.57,202000
CCNE,20090728,17.17,17.9,17.01,17.75,33600
CCOI,20090728,8.71,8.78,8.39,8.75,233100
CCRN,20090728,7.62,8.06,7.32,7.94,128600
CDNS,20090728,6.12,6.25,6.05,6.23,1903200
CDZI,20090728,12.35,12.48,11.79,12.25,16400
CECE,20090728,3.6,3.83,3.59,3.8,10900
CENT,20090728,12.2,12.52,11.85,12.28,152400
CENTA,20090728,11.16,11.48,10.88,11.33,236600
CENX,20090728,7.59,7.78,7.17,7.58,4646400
CERN,20090728,16.1875,16.375,15.9325,16.045,1146300
CERS,20090728,2.84,2.88,2.16,2.3,2234700
CEVA,20090728,9.35,9.6,9.24,9.55,35300
CFBK,20090728,64.9,64.9,64.9,64.9,100
CFFI,20090728,16.5,18.39,16.5,18.39,5600
CFFN,20090728,37.23,37.54,37.01,37.41,152700
CGEN,20090728,2.22,2.49,2.13,2.17,197000
CGNX,20090728,4.035,4.0875,4.035,4.075,227200
CHCI,20090728,0.23,0.26,0.23,0.23,129300
CHCO,20090728,31.09,31.75,30.76,31.71,170100
CHDN,20090728,12.22,12.2933,11.9,12.1433,22600
CHKP,20090728,26.18,26.68,25.82,26.09,6704000
CHNG,20090728,8.98,9.29,8.58,8.88,131600
CHNR,20090728,12.48,12.48,12.03,12.11,12900
CHRS,20090728,4.61,4.78,4.53,4.74,357800
CHRW,20090728,53.26,53.82,53.01,53.65,1660000
CHSCP,20090728,26.4,26.43,26.35,26.35,6400
CIDM,20090728,9.2,9.3,8.8,9.3,19600
CINF,20090728,24.61,24.84,24.54,24.76,880100
CIZN,20090728,29.02,29.99,27.43,28.22,44100
CLDX,20090728,116.7,119.7,116.25,117.9,181300
CLFD,20090728,1.67,1.68,1.57,1.57,3200
CLMT,20090728,18.25,18.32,18,18.02,95700
CLNE,20090728,8.75,8.95,8.65,8.94,263700
CLRO,20090728,2.69,2.75,2.67,2.75,8800
CLSN,20090728,4.03,4.03,3.46,3.7,59000
CLWT,20090728,4.2533,4.51,4.1433,4.3267,24900
CMCO,20090728,13.04,13.21,12.73,13.12,222400
CMCSA,20090728,7.43,7.48,7.36,7.445,18750400
CME,20090728,53.2,53.6,51.658,53.312,1221100
CMLS,20090728,4.48,4.96,4.48,4.8,313500
CMTL,20090728,32.57,33.12,32.15,32.91,156200
CNBKA,20090728,21.16,21.5,21.1,21.24,28100
CNOB,20090728,8.79,8.9,8.79,8.84,22300
CNSL,20090728,11.87,12.19,11.84,12.11,167200
CNTY,20090728,3.04,3.32,3.01,3.3,109300
COCO,20090728,15.47,15.82,15.42,15.51,1189800
COGT,20090728,11.08,11.24,10.85,11.21,169900
COHR,20090728,19.56,19.99,19.43,19.86,137400
COHU,20090728,12.04,12.48,11.69,12.25,111900
COIN,20090728,1,1.03,0.98,0.99,335500
COKE,20090728,55.96,57.17,55.56,57.15,10500
COLB,20090728,11.77,12.1,11.52,11.93,107500
COLM,20090728,17.615,18.075,17.55,17.83,313600
COMS,20090728,3.69,3.75,3.62,3.75,6591700
CONN,20090728,12.62,13.01,12.6,12.69,105500
COOL,20090728,89.88,89.88,84.42,86.94,85800
CORT,20090728,1.32,1.32,1.18,1.23,41300
COST,20090728,48.44,48.92,48.1,48.84,3268800
COWN,20090728,7.44,7.44,7.21,7.3,41100
CPHC,20090728,7.4,7.4,7.4,7.4,0
CPLP,20090728,11.13,11.15,10.81,10.98,196300
CPRT,20090728,8.49,8.5875,8.385,8.5375,220300
CPRX,20090728,0.42,0.42,0.41,0.41,32100
CPSI,20090728,36.95,39.22,36.95,38.93,549000
CPSS,20090728,0.59,0.59,0.51,0.55,12600
CRAI,20090728,27.31,28.43,26.98,27.15,80700
CRESW,20090728,0.12,0.12,0.12,0.12,17600
CRESY,20090728,9.73,10,9.63,9.92,81000
CRIS,20090728,7.55,7.75,7.05,7.5,626200
CRMT,20090728,20.47,20.91,20.1,20.87,59800
CRNT,20090728,7.22,7.32,7.15,7.31,110600
CROX,20090728,3.47,3.65,3.43,3.61,1298900
CRTX,20090728,9.52,9.7,9.27,9.3,101400
CRUS,20090728,5.32,5.65,5.32,5.59,961700
CRVL,20090728,12.09,12.44,12.09,12.295,10100
CRWS,20090728,2.96,2.96,2.96,2.96,0
CSCO,20090728,21.62,21.99,21.37,21.93,40081600
CSGP,20090728,35.3,36.4,34.75,36.18,194800
CSGS,20090728,14.31,14.55,14.23,14.4,222300
CSII,20090728,9.64,9.64,9.19,9.35,67300
CSIQ,20090728,15.29,15.3,14.17,14.9,2295000
CSPI,20090728,3.75,3.86,3.75,3.86,300
CSTR,20090728,31.77,32.46,31.49,32.18,500600
CSWC,20090728,18.8125,19.125,18.5175,18.8525,4700
CSX,20090728,13.44,13.6167,13.05,13.23,5479500
CTAS,20090728,24.3,24.71,23.59,24.61,1471100
CTBI,20090728,27.14,27.84,27.14,27.56,28900
CTHR,20090728,0.38,0.46,0.38,0.42,15600
CTIB,20090728,2.18,2.18,1.9,1.9,7500
CTIC,20090728,70.5,71.5,69,71,10705200
CTRN,20090728,27.14,27.72,26.5,27.38,220300
CTSH,20090728,15.29,15.365,15.04,15.125,4775700
CTXS,20090728,27.6911,28.6306,27.6911,28.5589,2908900
CUBA,20090728,6.2,6.73,6.2,6.65,17500
CUTR,20090728,8.75,9.13,8.4,8.43,107700
CVBF,20090728,6.85,7.35,6.81,7.31,1372200
CVCO,20090728,35.58,36.72,35.58,36.09,21300
CVCY,20090728,5.35,5.35,5.35,5.35,0
CVGI,20090728,1.81,1.81,1.63,1.65,337500
CVGW,20090728,19.33,20.33,19.33,20.01,89800
CVLT,20090728,17.34,17.8,17.34,17.7,303600
CVLY,20090728,6.5,6.5,6.5,6.5,0
CVV,20090728,3.15,3.15,3.15,3.15,0
CWBC,20090728,2.4,2.5,2.31,2.31,19500
CWCO,20090728,17,18.04,16.73,17.97,83900
CWST,20090728,2.5,2.52,2.4,2.5,75800
CYAN,20090728,1.95,1.97,1.95,1.97,1600
CYBE,20090728,6.37,6.62,6.24,6.45,3400
CYCC,20090728,1898.4,2016,1814.4,1915.2,115500
CYCCP,20090728,1.21,1.22,1.21,1.22,1000
CYTK,20090728,17.82,18.36,17.7,18.36,434900
CZNC,20090728,21.43,21.79,21.12,21.55,11700
CZWI,20090728,5.74,5.75,5.74,5.75,700
DAIO,20090728,3.08,3.33,3.07,3.18,25100
DAKT,20090728,8.6,8.64,8.38,8.56,130000
DCOM,20090728,11.41,11.72,11.02,11.44,282900
DCTH,20090728,849.92,875.52,842.24,849.92,129500
DDMX,20090728,15.49,15.51,15.28,15.45,16600
DENN,20090728,2.22,2.34,2.22,2.34,912100
DGICA,20090728,15.93,15.98,15.71,15.96,13500
DGICB,20090728,14.91,14.91,14.91,14.91,0
DGII,20090728,10.32,10.6,10.26,10.52,98200
DGLY,20090728,2.99,3.01,2.95,2.99,38600
DHIL,20090728,51.32,54.55,51.32,54.47,25500
DIOD,20090728,17.92,18.62,17.92,18.38,185100
DISCA,20090728,23.89,24.45,23.75,24.4,1327900
DISCB,20090728,23.68,23.68,23.68,23.68,0
DISCK,20090728,10.895,11.265,10.895,11.215,214400
DISH,20090728,17.02,17.13,16.45,17.08,4156300
DJCO,20090728,48,52,46.2,46.8,2800
DLTR,20090728,15.0667,15.4734,15.0667,15.2634,794900
DMLP,20090728,22.78,23,22.12,22.98,40100
DMRC,20090728,13.41,13.7,12.83,13.7,9600
DORM,20090728,7.75,8.125,7.5,8.12,58200
DRIV,20090728,40.57,41.11,40.32,40.51,920200
DRRX,20090728,2.56,2.61,2.51,2.56,112100
DSGX,20090728,4.03,4.05,3.93,4.02,6100
DSPG,20090728,8.11,8.39,7.82,8.1,152600
DSWL,20090728,3.25,3.35,3.25,3.35,3900
DVAX,20090728,19.2,19.5,17.4,18.3,638200
DWSN,20090728,30.12,30.33,29.43,30.04,60800
DXCM,20090728,5.91,6.17,5.8,6.16,175300
DXPE,20090728,11.33,11.67,11,11.58,165500
DXYN,20090728,2.93,2.93,2.9,2.9,400
DYNT,20090728,4.25,4.25,4.25,4.25,0
EBAY,20090728,9.0105,9.2589,8.9895,9.1958,19270000
EBIX,20090728,13.42,13.42,12.8367,13.3167,51600
EBSB,20090728,3.7582,3.7663,3.6928,3.7173,9000
EBTC,20090728,13.42,14.5,13.34,14.5,12100
ECOL,20090728,16.7,17.03,15.93,16.29,457100
ECPG,20090728,12.79,13.12,12.61,13.08,109900
EDAP,20090728,1.45,1.49,1.4,1.44,10500
EDUC,20090728,2.28,2.45,2.28,2.45,2200
EEFT,20090728,20.8,21.33,20.67,21.03,354200
EFOI,20090728,3.2,3.3,3.15,3.3,16400
EFSC,20090728,10.37,11,10.17,11,34900
EGBN,20090728,9.18,9.21,8.95,9.2,20200
EGLE,20090728,63000,63000,59068.8,61387.2,2544600
EHTH,20090728,17.62,19.31,17.51,18.9,373100
ELSE,20090728,2.75,2.75,2.75,2.75,200
ELTK,20090728,1.22,1.22,1.22,1.22,0
EMIF,20090728,27.44,27.44,27.1,27.29,8100
EMKR,20090728,4.96,4.96,4.72,4.84,547100
ENDP,20090728,20.06,20.27,19.83,20.09,1996200
ENG,20090728,4.98,5,4.73,4.84,59000
ENSG,20090728,7.995,8.09,7.785,8.08,67200
ENTG,20090728,3.61,3.7,3.57,3.67,694700
EPAY,20090728,9.91,10.11,9.85,9.99,53700
EQIX,20090728,78.55,79.78,77.88,78.27,707600
ERES,20090728,5.93,6.17,5.88,6.15,246800
ERIC,20090728,9.21,9.32,9.13,9.32,4582500
ERIE,20090728,36.42,37.61,36.25,37.46,281500
ERII,20090728,7,7.07,6.84,6.92,153200
ESBK,20090728,15.69,16.49,15.69,16,1000
ESCA,20090728,0.72,1.07,0.72,1,8300
ESEA,20090728,42,43.2,40.72,41.28,107000
ESGR,20090728,60.32,61.51,60.32,61.22,34400
ESLT,20090728,68.8,68.8,67.05,67.32,10300
ESSA,20090728,13.4,13.62,13.31,13.51,26900
EVK,20090728,1.8,1.8,1.8,1.8,500
EVOL,20090728,2.49,2.49,2.49,2.49,0
EWBC,20090728,7.65,7.95,7.48,7.85,1647100
EXAS,20090728,2.93,3.05,2.87,2.98,250700
EXEL,20090728,5.68,6.01,5.61,5.87,1370400
EXLS,20090728,11.98,12.42,11.73,12.35,86900
EXPD,20090728,33.65,34.12,33.24,33.69,1489200
EXPE,20090728,18.2,18.89,17.99,18.84,6599800
EXPO,20090728,6.4475,6.65,6.445,6.5025,73700
EXTR,20090728,2.23,2.31,2.2,2.3,222300
EZPW,20090728,11.95,12.42,11.95,12.35,665700
FARM,20090728,22.48,22.63,22.24,22.55,5300
FARO,20090728,16.86,17.59,16.73,16.96,108300
FAST,20090728,8.825,8.9875,8.7025,8.8475,1381900
FBIZ,20090728,9.33,9.39,9.32,9.39,400
FBMS,20090728,8.72,8.72,8.72,8.72,0
FBNC,20090728,18,18.35,17.71,18.09,42800
FCAL,20090728,5.18,5.7,5.18,5.34,14900
FCAP,20090728,18.23,18.23,18.23,18.23,0
FCBC,20090728,13.11,13.33,13.07,13.17,71400
FCCO,20090728,6.75,6.75,6.45,6.45,200
FCCY,20090728,8.13,8.13,8.13,8.13,0
FCEL,20090728,597.6,603.36,558.72,583.2,645000
FCFS,20090728,18.21,18.61,18,18.61,139900
FCNCA,20090728,138,142.06,136.61,141.38,10300
FEIM,20090728,3.77,3.79,3.75,3.75,1100
FELE,20090728,14.38,16.525,13.58,16.43,215800
FFBC,20090728,8.23,8.52,8.08,8.51,230000
FFHL,20090728,1.36,1.39,1.35,1.39,900
FFIC,20090728,9.8,10.36,9.74,10.16,80600
FFIN,20090728,8.7467,8.7917,8.6,8.7417,127800
FFIV,20090728,36.94,37.4,36.02,36.56,1901100
FFNW,20090728,7.8,8.23,7.72,8.12,37000
FISI,20090728,13.98,14.56,13.78,14.56,15200
FISV,20090728,12.2625,12.415,12.105,12.3825,1229700
FITB,20090728,8.53,8.77,8.32,8.56,20521600
FITBP,20090728,104.44,104.44,101,102,1200
FIZZ,20090728,10.76,10.83,10.55,10.75,20700
FLEX,20090728,5.37,5.41,5.27,5.37,6620500
FLIC,20090728,17.4267,17.5933,17.3333,17.46,31900
FLWS,20090728,2.34,2.44,2.2,2.44,92900
FLXS,20090728,7.5,7.88,7.06,7.88,300
FMBI,20090728,7.47,7.89,7.42,7.69,301100
FNLC,20090728,19.25,19.5,19.1,19.32,15400
FOLD,20090728,10.6,11.29,10.13,10.83,16900
FONR,20090728,1.68,1.92,1.65,1.85,26600
FORD,20090728,1.62,1.63,1.58,1.63,28200
FORM,20090728,23.06,23.63,22.6,23,630500
FORR,20090728,23.93,24.65,23.31,24.64,37700
FORTY,20090728,7.7,7.9,7.55,7.9,4600
FOSL,20090728,24.8,25.3,24.51,25.24,420600
FRBK,20090728,7.08,7.14,7,7.12,12200
FREE,20090728,292500000,298500000,283500000,288000000,841000
FREEW,20090728,0.06,0.06,0.06,0.06,800
FRME,20090728,7.99,8.11,7.79,7.96,87800
FRPT,20090728,5.52,5.59,5.26,5.45,1367100
FSFG,20090728,10.2,10.2,10.18,10.18,700
FSII,20090728,0.86,0.89,0.83,0.86,92600
FSLR,20090728,168.25,170.61,163.8,167.9,2560700
FSTR,20090728,31.74,31.82,30,30.32,170200
FTEK,20090728,9.33,9.68,9.05,9.18,125400
FULT,20090728,6.33,6.68,6.22,6.52,1612900
FUNC,20090728,11.37,11.39,10.67,11.17,38500
FUND,20090728,5.34,5.43,5.34,5.39,109600
FWRD,20090728,21.45,21.81,20.86,21.6,105300
GABC,20090728,10.72,11.62,10.6067,11.5533,37000
GAIA,20090728,5.12,5.16,4.85,5.06,82400
GAIN,20090728,4.97,5.03,4.9,5,38200
GALT,20090728,2.58,2.7,2.58,2.7,36400
GASS,20090728,5.41,5.48,5.23,5.48,31000
GBCI,20090728,15.04,15.55,14.97,15.47,628000
GCBC,20090728,7.175,7.33,7.175,7.33,600
GENC,20090728,4.34,4.6333,4.3333,4.4733,1900
GENE,20090728,32,34.4,29.2,34,34800
GERN,20090728,8.9,8.96,8.53,8.77,4318600
GFED,20090728,6.93,6.93,6.93,6.93,700
GGAL,20090728,3.5,3.59,3.4,3.43,87300
GIFI,20090728,15.93,16.29,15.39,15.91,98400
GIGM,20090728,25,25.1,24.15,24.55,1116000
GIII,20090728,5.875,6.165,5.875,6.14,41500
GILD,20090728,24.5,24.91,24.4,24.865,7748100
GILT,20090728,4.96,4.99,4.85,4.89,12600
GLAD,20090728,10.08,10.22,9.9,10.06,126300
GLBL,20090728,6.87,6.98,6.62,6.89,906600
GLBZ,20090728,8.11,9,7.75,8.62,4600
GLDD,20090728,5.34,5.51,5.3,5.5,187000
GLNG,20090728,9.89,9.98,9.61,9.84,147500
GLRE,20090728,18.57,18.8,18.38,18.47,132300
GNTX,20090728,7.165,7.35,7.095,7.325,2072800
GOOD,20090728,14.07,14.28,13.87,14.19,28600
GOODO,20090728,15.9,16.51,15.51,16.11,900
GOOG,20090728,220.5,221.405,218.05,219.925,2541000
GPRE,20090728,8.2,8.22,7.88,8.08,39500
GPRO,20090728,41.15,42.21,41.15,41.84,686900
GRMN,20090728,27.17,27.4,26.59,27.21,1532400
GROW,20090728,12.73,12.75,12.25,12.69,118400
GRVY,20090728,5.6,6.16,5.6,6.12,33600
GSBC,20090728,20.62,21.4,20.58,21.21,60500
GSIT,20090728,4.24,4.3,4.21,4.29,19800
GT,20090728,14.13,14.42,13.86,14.38,5281700
GTIM,20090728,1.15,1.15,1.15,1.15,0
GYRO,20090728,37,37,37,37,0
HA,20090728,6.95,6.95,6.09,6.33,1403800
HAFC,20090728,1.38,1.45,1.38,1.45,193200
HAIN,20090728,7.89,8.12,7.89,8.105,203900
HALL,20090728,6.9,6.9,6.62,6.78,28300
HALO,20090728,7.01,7.13,6.83,7.12,215600
HAS,20090728,26.1,26.21,25.86,26.02,1505800
HAYN,20090728,23.8,24.22,23.47,23.78,191500
HBAN,20090728,3.89,4.03,3.81,4.01,26829200
HBANP,20090728,730,730,720.25,730,100
HBCP,20090728,12.35,12.5,12.35,12.45,21600
HBIO,20090728,4.09,4.26,3.88,4.12,58900
HBNC,20090728,3.2593,3.2593,3.2593,3.2593,0
HCCI,20090728,13.21,13.6,13.04,13.57,24400
HCII,20090728,6.75,6.94,6.7,6.7,10800
HCIIW,20090728,0.55,0.61,0.55,0.61,5100
HCKT,20090728,2.99,3.1,2.95,3.09,124600
HCSG,20090728,12.62,12.72,12.44,12.5867,152800
HDSN,20090728,1.18,1.33,1.17,1.26,27400
HEES,20090728,10.59,10.73,10.48,10.53,155500
HELE,20090728,21.93,22.31,21.88,22.22,270400
HERO,20090728,4.75,4.79,4.41,4.66,3424100
HFWA,20090728,12.33,12.98,11.86,12.94,34500
HIBB,20090728,18.2,18.66,18.07,18.59,205000
HIFS,20090728,31.1,31.1,31.1,31.1,0
HIHO,20090728,1.9,2.06,1.83,2.06,20200
HIMX,20090728,3.77,3.92,3.76,3.86,829900
HLIT,20090728,6.05,6.17,6.01,6.06,1171600
HLTH,20090728,13.85,14.04,13.63,13.77,318300
HMNF,20090728,3.85,3.88,3.71,3.71,1400
HOFT,20090728,13.37,13.87,13.37,13.83,24200
HOLI,20090728,6.77,6.85,6.51,6.54,33500
HOLX,20090728,14.66,14.91,14.34,14.67,2182000
HOMB,20090728,5.27,5.3625,5.18,5.34,56400
HOOK,20090728,1.84,1.96,1.84,1.86,11400
HOVNP,20090728,2.12,2.2,2.12,2.2,6800
HSIC,20090728,50.02,50.75,49.72,50.24,871800
HSII,20090728,19.62,19.79,18.35,19.12,703100
HSKA,20090728,0.4,0.4,0.37,0.39,20600
HSTM,20090728,3.15,3.29,3.1,3.25,113700
HTBK,20090728,3.25,3.5,3.25,3.48,99600
HTLD,20090728,15.05,15.25,14.93,15.24,598600
HTLF,20090728,15,15.49,14.9,15.3,52500
HUBG,20090728,20.31,20.68,19.82,20.24,191900
HURC,20090728,18.97,19.5,18.89,19.49,35200
HURN,20090728,43.76,44.04,43.3,43.99,158400
HWBK,20090728,10.2,10.2,10.2,10.2,900
HWKN,20090728,19.65,19.88,19.43,19.44,124600
IART,20090728,15.285,15.56,15.285,15.5,183900
IBB,20090728,78.48,79.44,78.18,79.44,710700
IBCP,20090728,1.55,1.67,1.46,1.64,61900
IBKR,20090728,17.36,17.97,17.31,17.93,1087300
IBOC,20090728,10.83,11.24,10.51,11.2,349900
ICAD,20090728,1.27,2.09,1.26,2.05,1945100
ICCC,20090728,2.5,2.5,2.5,2.5,2000
ICFI,20090728,25.45,26.1,25.26,26,153200
ICLN,20090728,24.11,24.11,23.12,23.71,33600
ICLR,20090728,21.66,22.17,21.66,22.06,191400
ICUI,20090728,38.75,39.39,38.62,39.35,200100
IDCC,20090728,27.74,28.23,27.58,27.82,632900
IDRA,20090728,51.6,55.12,50.48,52.32,32100
IDXX,20090728,24.685,25.25,24.465,24.595,323500
IESC,20090728,8.93,9.97,8.89,9.97,57500
IFGL,20090728,26.82,27.06,26.7,27.06,36800
IGOV,20090728,102.67,102.87,102.37,102.82,4400
III,20090728,3.3,3.37,3.29,3.32,77500
IIIIU,20090728,3.29,3.29,3.29,3.29,0
IIIIW,20090728,0.06,0.07,0.06,0.07,13700
IIN,20090728,3.38,3.38,3.33,3.36,1000
IIVI,20090728,11.185,11.48,11.185,11.425,156400
IKNX,20090728,6,6,6,6,600
ILMN,20090728,35.71,36.86,35.55,36.66,2300500
IMGN,20090728,9.88,10,9.73,9.88,416500
IMKTA,20090728,16.19,16.69,16.19,16.64,50900
IMMR,20090728,4.56,4.56,4.15,4.18,318800
IMOS,20090728,0.69,0.69,0.64,0.68,71800
INCY,20090728,5.85,6.16,5.72,5.88,2314800
INDB,20090728,20.7,20.94,20.37,20.61,98600
INFI,20090728,8.06,8.59,8.01,8.51,81300
INFN,20090728,7.51,7.6,7.31,7.34,658700
INMD,20090728,3.505,4.25,3.5,4.21,13500
INOD,20090728,4.98,5.19,4.9,5.17,132600
INSM,20090728,0.97,0.99,0.95,0.99,948900
INTC,20090728,19.29,19.46,19.05,19.37,60037000
INTG,20090728,9.84,9.84,9.84,9.84,0
INTU,20090728,29.3,29.73,29.11,29.61,3040700
IOSP,20090728,11.67,12.09,11.55,12,81400
IPAR,20090728,8.7,9.14,8.64,8.98,38700
IPGP,20090728,10.53,10.79,10.32,10.49,67800
IRBT,20090728,10.48,10.74,10.26,10.4,99800
IRIX,20090728,2.09,2.09,2.09,2.09,0
ISBC,20090728,3.8667,3.9176,3.8,3.9137,128800
ISHG,20090728,104.08,104.08,103.85,104.06,8600
ISIG,20090728,3,3,2.8,3,22300
ISLE,20090728,12.16,12.63,12.14,12.24,319600
ISRG,20090728,71.3333,74.85,71.0367,74.54,1324900
ISSC,20090728,4.12,4.33,4.12,4.32,13600
ITIC,20090728,26.95,29.96,26.95,29.96,400
ITRI,20090728,56.08,57.2,55.83,56.46,540800
ITRN,20090728,9.95,9.97,9.8,9.97,17800
IVAC,20090728,10.11,10.88,10.11,10.88,104400
JACK,20090728,22.45,22.47,21.78,21.99,1483600
JAKK,20090728,118.2,119.7,115.9,117,518000
JAZZ,20090728,6.61,7.65,6.37,6.58,11346400
JBHT,20090728,28.17,28.57,27.57,27.72,2590800
JBLU,20090728,5.04,5.24,5,5.19,14780200
JBSS,20090728,8.32,8.32,7.76,8.03,11000
JCS,20090728,11.66,12.15,11.49,12,20500
JCTCF,20090728,1.505,1.505,1.505,1.505,0
JJSF,20090728,43.03,43.72,42.66,43.57,132600
JKHY,20090728,21.34,21.54,21.19,21.42,525900
JOBS,20090728,5.815,5.815,5.625,5.695,16000
JOUT,20090728,5.74,5.91,5.74,5.88,1500
JRJC,20090728,120.9,123.6,116.1,121.5,116200
KALU,20090728,33.39,33.66,32.29,32.66,164400
KELYA,20090728,12.03,12.38,11.89,12.27,87400
KELYB,20090728,11.45,11.45,11.45,11.45,200
KEQU,20090728,11.74,11.75,11.73,11.73,1800
KFFB,20090728,14,14.25,13.9,14.25,3700
KFRC,20090728,9.39,9.53,9.35,9.44,76600
KINS,20090728,2.35,2.37,2.35,2.37,500
KIRK,20090728,14.05,14.15,12.3,13.18,1560900
KLAC,20090728,31.69,32.34,31.29,31.72,5123200
KLIC,20090728,4.91,5,4.86,4.99,527800
KNDI,20090728,1.51,1.51,1.4,1.4,4000
KOPN,20090728,4.15,4.24,4.07,4.18,154600
KOSS,20090728,7.135,7.135,7.135,7.135,0
KRNY,20090728,11.41,11.49,11.27,11.46,48100
KTCC,20090728,1.76,1.78,1.75,1.75,11400
KTOS,20090728,0.82,0.82,0.75,0.79,82500
KVHI,20090728,7.56,7.56,7.15,7.39,49900
LAKE,20090728,7.9,7.9,7.25,7.65,10800
LAMR,20090728,18.78,19.55,18.52,19.46,633500
LANC,20090728,45.76,46.23,45.51,46.21,82100
LARK,20090728,16.24,16.24,16.24,16.24,0
LAWS,20090728,15.33,15.74,14.34,14.97,14400
LBAI,20090728,9.12,9.23,8.75,9.12,44300
LBTYA,20090728,10.7307,10.7665,10.4599,10.6387,2595600
LBTYB,20090728,20,20,20,20,0
LBTYK,20090728,20.75,20.88,20.36,20.67,523200
LCUT,20090728,3.83,4.15,3.83,3.95,24900
LECO,20090728,21.48,22.185,21.01,21.55,892900
LFUS,20090728,24.03,25.21,23.92,25.21,164200
LGND,20090728,17.88,18.24,17.7,18.06,257800
LGVN,20090728,1.3,1.35,1.3,1.35,31300
LHCG,20090728,25.04,26.62,24.91,26.17,529000
LIFE,20090728,602.14,605.64,591.64,600.74,4007600
LINC,20090728,20.6,20.72,19.86,20.11,191300
LIVE,20090728,0.3433,0.3433,0.3433,0.3433,100
LJPC,20090728,0.29,0.29,0.24,0.27,4154200
LKFN,20090728,12.7733,13.2667,12.7733,13.0733,25800
LLNW,20090728,4.59,4.75,4.45,4.71,105200
LMAT,20090728,2.96,3,2.9,3,1700
LNDC,20090728,6.77,6.84,6.55,6.6,114500
LOAN,20090728,0.9,1,0.9,0.95,17700
LOGC,20090728,0.47,0.47,0.47,0.47,0
LOGI,20090728,15.91,16.44,15.9,16.35,1394900
LOOP,20090728,7.83,7.96,7.7,7.94,99400
LOPE,20090728,17.25,17.7,17.09,17.54,296900
LORL,20090728,21.28,21.28,19.72,20.48,163000
LPSN,20090728,4.1,4.37,4.02,4.35,295700
LPTH,20090728,1.5,1.75,1.4,1.4,9900
LQDT,20090728,11.34,11.57,10.9,11.42,131200
LRCX,20090728,32.54,33.17,32.12,32.47,2786600
LSBK,20090728,7.01,7.01,7.01,7.01,0
LSCC,20090728,2.04,2.17,2.02,2.08,1833000
LSTR,20090728,36.12,36.58,35.6,35.9,377100
LTRX,20090728,0.43,0.43,0.41,0.41,72600
LULU,20090728,8.645,8.745,8.34,8.555,811500
LUNA,20090728,0.46,0.46,0.41,0.41,28300
LWAY,20090728,12.95,12.95,12.34,12.59,19000
LXRX,20090728,10.36,10.43,9.38,10.15,315600
LYTS,20090728,6.38,6.39,6.1,6.32,26000
MANH,20090728,4.43,4.5475,4.415,4.53,154900
MANT,20090728,44.32,45.24,43.46,45.04,264800
MARPS,20090728,16.91,17,16.86,16.86,1000
MASI,20090728,24.41,24.65,24.14,24.25,316900
MAT,20090728,17.35,17.49,17.26,17.38,2286100
MATW,20090728,30.27,31.06,30.01,30.95,111900
MAYS,20090728,14.15,14.97,14.15,14.92,800
MBRX,20090728,0.57,0.64,0.54,0.56,291900
MBWM,20090728,3.55,3.7,3.55,3.7,15900
MCBC,20090728,2.61,2.64,2.5,2.55,10600
MCHP,20090728,13.43,13.675,13.375,13.535,3824500
MCHX,20090728,4.22,4.38,4.2,4.27,161500
MCRI,20090728,9.07,9.37,8.95,9.17,77200
MDRX,20090728,15.92,16.58,15.85,16.57,973600
MELI,20090728,30.21,30.9,27.46,28.09,1305300
MEOH,20090728,16.84,17.25,16.45,16.63,807600
MERC,20090728,0.58,0.58,0.52,0.58,113400
MESA,20090728,0.16,0.16,0.13,0.14,2898400
MGEE,20090728,24.0667,24.26,23.7333,24.08,48800
MGIC,20090728,1.89,1.92,1.8,1.86,29500
MGLN,20090728,30.79,32.13,30.79,31.8,480800
MGPI,20090728,2.99,3,2.9,2.96,8300
MGRC,20090728,18.55,19.55,18.55,19.24,77400
MGYR,20090728,4.35,4.35,4.3,4.3,300
MHLD,20090728,7.88,8.05,7.76,7.9,252600
MIDD,20090728,15.76,15.9967,15.7033,15.9533,100900
MIND,20090728,4.5,4.56,4.35,4.45,40400
MKSI,20090728,19.13,19.66,18.94,19.24,269700
MKTX,20090728,10.88,11.05,10.09,10.97,86400
MLAB,20090728,21.51,21.91,21.05,21.91,700
MLHR,20090728,16.74,16.94,16.42,16.8,419900
MLVF,20090728,10.1,10.1,10.1,10.1,0
MMLP,20090728,26,27.39,26,27.19,86200
MMSI,20090728,14.216,14.472,13.936,14.152,375400
MNDO,20090728,0.97,0.98,0.96,0.98,9400
MNKD,20090728,39.1,39.85,37.6,39.8,329200
MNOV,20090728,6.11,6.54,5.9,6.54,6200
MNRO,20090728,18.2867,18.2867,17.4,17.7333,351100
MNST,20090728,4.86,4.9733,4.8517,4.94,1386600
MNTX,20090728,1.51,1.65,1.2,1.5,350600
MOFG,20090728,7.26,7.3,7.26,7.3,2000
MORN,20090728,46.48,46.9,45.92,46.8,126200
MOSY,20090728,330,336,330,336,9700
MOVE,20090728,10.48,10.88,10.2,10.88,325000
MPAA,20090728,4.06,4.13,4.01,4.1,28500
MPAC,20090728,2.63,3.02,2.63,2.85,3400
MPB,20090728,16.23,16.23,16.23,16.23,0
MPWR,20090728,23.34,23.61,22.79,22.95,562600
MRCY,20090728,11.25,11.78,11.17,11.68,149700
MRLN,20090728,6.01,6.01,5.98,5.98,13700
MRNA,20090728,1.6,1.63,1.55,1.6,178800
MRTN,20090728,7.7511,8,7.6533,7.8845,196500
MRVL,20090728,13.67,14.15,13.65,14.11,10710600
MSEX,20090728,15.1,15.4,15,15.19,23100
MSFT,20090728,22.99,23.55,22.9,23.47,70288300
MSON,20090728,1.71,1.72,1.68,1.72,4600
MSTR,20090728,57.57,58.71,57.57,58.56,129800
MTEX,20090728,37.3,37.7,36.2,37.6,27900
MTRX,20090728,10.1,10.3,9.69,9.89,201300
MTSI,20090728,5.61,5.94,5.5,5.59,13000
MU,20090728,6.28,6.47,6.21,6.4,17323900
MVIS,20090728,27.36,28.64,26,28.32,656800
MYGN,20090728,28.07,28.44,27.82,28.08,1493300
MYRG,20090728,18.64,18.81,17.78,18.55,234600
NAII,20090728,6.49,6.49,6.49,6.49,0
NATH,20090728,12.91,12.91,12.56,12.63,6600
NATI,20090728,17.3333,17.86,17.2733,17.3333,445900
NAVI,20090728,1.4,1.4,1.35,1.39,61000
NBIX,20090728,3.21,3.32,3.21,3.3,108800
NBN,20090728,9.2,9.2,8.5,8.9,1000
NBTB,20090728,22.89,22.99,22.34,22.79,91400
NCMI,20090728,14.39,15.14,13.91,14.88,231700
NCTY,20090728,249,257.4,249,254.7,59100
NDAQ,20090728,20.12,20.37,20,20.25,1534300
NDSN,20090728,21.855,22.21,21.62,22.025,146800
NECB,20090728,7.79,8.25,7.79,8.2,5300
NEOG,20090728,9.6034,9.8933,9.5767,9.8333,68600
NEPT,20090728,2.02,2.02,1.83,2,2800
NEWT,20090728,1.8,1.95,1.8,1.9,18000
NFBK,20090728,11.9,12.11,11.8,11.98,46300
NFLX,20090728,5.8414,6.0671,5.8214,6.0486,1669300
NICE,20090728,26.65,26.68,26,26.18,551600
NICK,20090728,5.9,6.06,5.89,6.05,4200
NKSH,20090728,26.5,26.79,25.94,26.5,20600
NKTR,20090728,7.39,7.47,7.16,7.22,1089400
NLTX,20090728,2.09,2.09,2.02,2.06,11100
NNBR,20090728,2.35,2.35,2.01,2.21,144000
NOVN,20090728,16.5,16.56,16.5,16.54,344600
NRIM,20090728,14.44,14.7,14.25,14.62,9600
NSEC,20090728,7.8,7.8,7.8,7.8,0
NSIT,20090728,9.99,10.24,9.96,10.11,228700
NSSC,20090728,1.25,1.34,1.25,1.29,33900
NSYS,20090728,2.83,2.83,2.75,2.75,300
NTAP,20090728,22.84,23.6,22.77,23.56,7520300
NTCT,20090728,9.21,9.98,9.2,9.94,647500
NTES,20090728,8.17,8.486,8.084,8.34,1991700
NTGR,20090728,15.7,16.5,15.57,16.48,277800
NTIC,20090728,4.725,4.875,4.5,4.5,3600
NTRS,20090728,57.36,58.35,56.82,57.83,1784100
NTWK,20090728,10.5,10.6,10,10.4,152800
NUAN,20090728,13.53,13.71,13.48,13.61,2515700
NURO,20090728,374.4,382.08,326.4,347.52,66100
NUVA,20090728,40.7,41.48,40.5,41.12,374000
NVAX,20090728,84.8,88,79.4,85.2,12098200
NVDA,20090728,3.2325,3.295,3.205,3.26,14084100
NVEC,20090728,54.5,54.74,52.57,54.05,105500
NVMI,20090728,1.22,1.22,1,1.15,113200
NWFL,20090728,32.75,32.75,32.74,32.75,1600
NWLI,20090728,128.27,128.28,126.87,128.28,900
NWPX,20090728,38.79,39.15,38.45,38.65,72500
NWS,20090728,11.9,12.05,11.69,11.92,6384200
NWSA,20090728,10.25,10.47,10.04,10.32,16976500
NXST,20090728,0.66,0.71,0.66,0.71,30900
NYMT,20090728,5.69,5.85,5.63,5.81,50800
NYMX,20090728,4.78,4.85,4.65,4.65,10500
OBAS,20090728,5.45,5.7,5.35,5.7,1500
OBCI,20090728,0.98,0.99,0.98,0.99,2500
OCFC,20090728,11.58,11.94,11.43,11.94,20300
ODFL,20090728,14.5111,14.68,14.1689,14.3511,407700
OESX,20090728,3.47,3.5,3.32,3.49,66900
OFIX,20090728,23.46,24.32,23.3,24.19,123100
OFLX,20090728,16.78,16.78,16.09,16.66,4100
OIIM,20090728,5.1,5.4,5.03,5.4,330500
OMAB,20090728,10.84,11.98,10.81,11.16,112200
OMCL,20090728,12.75,13.18,12.34,12.51,168300
OMEX,20090728,23.76,23.88,23.04,23.28,546700
ONCY,20090728,1.89,1.91,1.85,1.9,119100
ONEQ,20090728,77.38,78,76.95,77.66,4800
OPEN,20090728,29.99,30.52,29.03,30.08,21100
OPHC,20090728,156,156,156,156,0
OPNT,20090728,8.89,9.19,8.81,9.03,48700
OPOF,20090728,16.7,17.25,16.7,17.25,7600
ORLY,20090728,39.7,40.93,39.7,40.85,1476600
ORRF,20090728,36.5,36.98,36.12,36.98,15300
OSBC,20090728,4.69,4.8,4.52,4.59,43600
OSIS,20090728,20.78,20.88,20.14,20.76,69900
OSTK,20090728,13.24,14,12.9,13.54,128000
OSUR,20090728,2.92,2.95,2.83,2.92,73900
OTEX,20090728,9.175,9.33,9.175,9.24,309800
OTTR,20090728,24.59,24.8,23.98,24.22,245200
OVBC,20090728,30,30,29.02,29.55,5200
OVLY,20090728,3.87,3.87,3.86,3.86,500
PAAS,20090728,19.47,19.84,18.66,19.26,948500
PACW,20090728,15.27,16.01,15.14,15.99,265300
PANL,20090728,11.9,12.18,11.6,11.8,146000
PATK,20090728,0.7689,0.7778,0.7333,0.7333,3000
PAYX,20090728,26.32,26.83,26.28,26.63,3720500
PBCT,20090728,16.22,16.36,16.01,16.23,4464900
PBHC,20090728,7.25,7.25,7.25,7.25,0
PBIP,20090728,11.79,12,11.64,11.8,4100
PCAR,20090728,32.99,33.83,30.97,32.71,10442300
PCTI,20090728,5.99,6.25,5.99,6.23,34800
PCYO,20090728,3.37,3.47,3.2,3.2,19200
PDCO,20090728,24.24,24.53,24.06,24.41,1336000
PDEX,20090728,0.43,0.43,0.43,0.43,100
PDFS,20090728,2.22,2.28,2.01,2.26,29600
PEBK,20090728,5.93,6.1,5.93,6.1,3900
PEBO,20090728,17.38,18.33,17.38,18.09,37300
PEGA,20090728,13.085,13.245,12.83,13.16,260100
PENN,20090728,33.12,33.81,32.61,33.67,675900
PESI,20090728,13.5,13.5,12.75,13.35,291300
PETS,20090728,17.69,18.27,17.44,18.17,568700
PFBC,20090728,3.58,3.75,3.55,3.7,20200
PFIN,20090728,1.5,1.7,1.5,1.7,7800
PFSW,20090728,1.34,1.35,1.34,1.35,4000
PGC,20090728,18.43,18.95,18.43,18.82,6300
PKBK,20090728,7.6818,7.6818,7.2727,7.6727,900
PKOH,20090728,3.83,3.92,3.51,3.89,41200
PLAB,20090728,4.95,5.03,4.7,5,167600
PLBC,20090728,4.01,4.01,4.01,4.01,0
PLCE,20090728,30.2,30.52,29.51,29.68,634500
PLPC,20090728,35.43,35.43,34.06,34.58,2100
PLUG,20090728,0.82,0.82,0.76,0.81,449400
PLUS,20090728,7.555,7.73,7.555,7.675,23500
PLXS,20090728,24.86,25.74,24.85,25.5,342700
PMD,20090728,6.7,6.74,6.7,6.71,3000
PNBK,20090728,29,29,29,29,2500
PNFP,20090728,13.84,14.6,13.56,14.49,489700
PNNT,20090728,7.48,7.81,7.46,7.81,109500
PNQI,20090728,20.92,21.13,20.69,21.02,3600
PNRG,20090728,29.07,29.67,28.36,28.75,3300
PODD,20090728,7.26,7.45,6.99,7.32,95300
POOL,20090728,22.3,22.8,22.15,22.63,1516700
POWI,20090728,13.38,13.585,13.32,13.565,261000
POWL,20090728,35.58,36.6,35.36,36.23,106300
PPBI,20090728,4.02,4.02,4.02,4.02,0
PRAA,20090728,14.3,14.3667,13.92,14.2533,129900
PRFT,20090728,7,7.29,6.85,7.27,58700
PRFZ,20090728,41.38,41.65,40.88,41.61,9800
PRGS,20090728,14.7667,15.0067,14.5867,15.0067,163700
PRIM,20090728,7.9,7.91,7.78,7.9,22500
PROV,20090728,6.41,6.66,6.02,6.66,27900
PRPL,20090728,3.1,3.1,2.35,2.53,49800
PRTS,20090728,4.74,4.99,4.55,4.89,46000
PSEC,20090728,9.72,9.87,9.62,9.86,390600
PSMT,20090728,15.91,16.13,15.67,16.09,89300
PSTI,20090728,15.5,15.8,15,15.5,43600
PTEN,20090728,14.71,14.76,14.22,14.6,4277600
PTIX,20090728,2.91,2.91,2.86,2.86,300
PTNR,20090728,18.42,18.95,18.33,18.89,220300
PTSI,20090728,7.33,7.35,7.33,7.35,500
PWOD,20090728,22.3533,22.6667,22.2333,22.64,32400
PXLW,20090728,1.62,1.67,1.62,1.64,91900
PZZA,20090728,13.315,13.455,13.05,13.135,164200
QABA,20090728,20.75,21.05,20.7,21.05,3100
QCLN,20090728,14.91,15.02,14.6,14.97,22100
QCOM,20090728,46.34,46.52,45.95,46.36,15059700
QCRH,20090728,10.18,10.25,10.15,10.21,2200
QDEL,20090728,14.81,15.4,14.66,14.9,458100
QQEW,20090728,16.82,16.82,16.64,16.74,34900
QQQ,20090728,39.18,39.59,38.93,39.08,111564200
QQQX,20090728,13.92,14.06,13.69,14.05,51700
QQXT,20090728,15.06,15.18,15.06,15.18,500
QTEC,20090728,17.81,17.89,17.55,17.84,43400
QUIK,20090728,17.5,17.5,16.94,17.22,56400
RADA,20090728,5.26,5.76,5.22,5.76,800
RAIL,20090728,19.99,21,19.89,20.3,275600
RAM,20090728,0.7,0.71,0.67,0.67,181800
RAND,20090728,33.21,33.21,30.24,30.87,2200
RAVN,20090728,14.42,14.495,14.045,14.435,38100
RBCAA,20090728,23.9,24.53,23.27,24.27,50800
RBCN,20090728,114.9,123.2,108,120,573000
RCII,20090728,19.86,21.74,19.8,21.53,1652800
RCKY,20090728,3.8,3.82,3.75,3.75,19500
RCMT,20090728,2.24,2.24,2.22,2.22,4200
RDCM,20090728,0.48,0.48,0.48,0.48,2200
RDNT,20090728,2.87,3,2.86,3,117000
RDWR,20090728,4.505,4.505,4.33,4.475,47500
REED,20090728,2.24,2.25,2.15,2.25,13200
REFR,20090728,3.96,3.96,3.4,3.65,44100
REGN,20090728,20.96,21.83,20.62,21.71,693900
RELL,20090728,3.45,3.71,3.42,3.6,7700
RENT,20090728,19.07,19.34,18.97,19.12,25700
RFIL,20090728,2.2,2.2,2.15,2.15,5700
RGCO,20090728,8.6733,8.6767,8.6667,8.6767,600
RGEN,20090728,5.44,5.5,5.28,5.42,80900
RGLD,20090728,41.44,41.51,39.89,40.93,512500
RICK,20090728,7.61,7.66,7.46,7.54,52000
RIGL,20090728,10,10.03,9.44,9.66,873100
RMBS,20090728,16.34,16.79,16.12,16.55,1818100
RMCF,20090728,8.15,8.15,8.15,8.15,900
RMTI,20090728,8.75,8.75,8.55,8.74,113300
RNST,20090728,13.35,14.4,13.35,14.36,121900
RNWK,20090728,3.12,3.24,3.12,3.16,485800
ROCK,20090728,7.31,8.1,7.31,7.9,526000
ROLL,20090728,24.14,24.29,22.9,23.25,167400
ROST,20090728,10.9525,11.1225,10.9,11.0425,2189100
RPRX,20090728,2.31,2.58,2.25,2.32,2323000
RRGB,20090728,19.12,19.3,18.66,18.93,226600
RUSHA,20090728,8.2333,8.4933,8.06,8.3933,64800
RUSHB,20090728,7.14,7.1733,6.8467,7.1,4500
RUTH,20090728,3.58,3.64,3.45,3.54,90000
RVSB,20090728,3.06,3.45,3.03,3.29,25600
RYAAY,20090728,28.48,28.9,28.22,28.72,631400
SAFM,20090728,40.06,41.08,39.33,40.82,754300
SAFT,20090728,32.59,32.76,32.11,32.6,79500
SAIA,20090728,10.2067,10.6867,10.2067,10.5267,105400
SALM,20090728,0.89,0.9,0.89,0.9,3900
SANM,20090728,0.55,0.59,0.53,0.59,3036700
SASR,20090728,16.27,16.91,15.88,16.17,43500
SATS,20090728,12.1794,12.2688,12.0819,12.1063,404600
SBAC,20090728,26.76,26.86,26.14,26.78,1205000
SBCF,20090728,9.55,10.9,9.5,10,248600
SBGI,20090728,1.59,1.68,1.59,1.66,199900
SBLK,20090728,294,299.25,276,280.5,992600
SBNY,20090728,30.19,31.97,29.95,31.39,540100
SBSI,20090728,21.781,22.2952,21.6,21.9048,44300
SBUX,20090728,8.56,8.745,8.54,8.68,8616400
SCHL,20090728,22.23,23,22.12,22.43,257900
SCHN,20090728,51.79,52.7,50.32,51.62,609500
SCKT,20090728,3.07,3.21,3.01,3.21,1400
SCOR,20090728,15.02,15.2,14.48,14.78,139500
SCSC,20090728,27.91,28.72,27.86,28.54,260600
SCVL,20090728,8.0333,8.1333,7.9,8.0867,11100
SEAC,20090728,8.91,9.08,8.89,9.08,91000
SEED,20090728,45.6,45.9,43.5,45.2,84400
SEIC,20090728,18.98,19.3,18.97,19.21,977500
SENEA,20090728,23.5,24.33,23.28,24.3,215800
SENEB,20090728,23.83,24.06,23.8,24.05,400
SFNC,20090728,14.93,15.125,14.745,15.125,67500
SFST,20090728,7.24,7.26,7,7.24,2900
SGC,20090728,8.78,8.78,7.5,7.5,800
SGEN,20090728,11.38,11.93,11.26,11.88,1039100
SGMA,20090728,2.07,2.2,2.07,2.14,15000
SGMO,20090728,5.39,5.8,5.34,5.78,254900
SGMS,20090728,15.6,15.78,15.47,15.68,620100
SGRP,20090728,0.36,0.36,0.36,0.36,0
SHBI,20090728,20,20.24,19.49,20.21,18700
SHEN,20090728,9.935,10.25,9.845,10.1,33800
SHIP,20090728,4572,4572,3564,4536,7700
SHIPW,20090728,0.23,0.23,0.2,0.23,12500
SHOO,20090728,5.7284,5.8173,5.6494,5.7837,197800
SHY,20090728,83.67,83.72,83.56,83.59,763100
SIEB,20090728,1.85,1.85,1.85,1.85,0
SIFY,20090728,2.07,2.07,1.71,1.86,266000
SIGA,20090728,8.1,8.25,7.75,7.85,376000
SIGI,20090728,14.81,15.12,14.72,14.99,142900
SILC,20090728,7.95,7.95,7.5,7.9,13100
SIMO,20090728,4.02,4.02,3.85,3.99,226300
SINO,20090728,14.5,14.8,14.5,14.5,4000
SIRI,20090728,0.41,0.43,0.41,0.43,20551100
SIVB,20090728,34.16,36.46,34.01,35.99,1174800
SKYW,20090728,11.81,12.3,11.57,12.25,342100
SLAB,20090728,39.47,40.05,39.36,39.81,1194400
SLGN,20090728,12.7625,12.94,12.6575,12.735,287900
SLP,20090728,1.5,1.53,1.5,1.52,30400
SMBC,20090728,5.875,5.915,5.765,5.765,8400
SMCI,20090728,7.71,8.04,7.71,8.01,44600
SMED,20090728,8.49,8.5,8.35,8.5,42600
SMIT,20090728,5.1,5.1,4.35,4.49,9700
SMMF,20090728,7.09,8.62,7.09,8.06,5000
SMSI,20090728,43,43.84,42.48,43.44,184600
SMTC,20090728,18.05,18.63,18.05,18.25,368300
SNCR,20090728,13.16,13.5,13.07,13.42,126600
SNFCA,20090728,2.75,2.75,2.38,2.38,3800
SNPS,20090728,19.48,19.85,19.44,19.84,1242700
SOHU,20090728,59.75,62.63,59.75,62.05,2425600
SONO,20090728,19.75,20.61,19.35,20.14,268200
SPNS,20090728,0.95,1.02,0.95,1.02,7100
SPPI,20090728,6.68,6.91,6.56,6.75,1455100
SPRO,20090728,4.35,4.35,4.35,4.35,1000
SPTN,20090728,14.43,15.06,14.29,15.04,288100
SRCE,20090728,15.85,16.36,15.76,16.35,29700
SRCL,20090728,52.9,53.37,52.7,53.18,831600
SRDX,20090728,24.71,25.14,24.28,24.9,93200
SSBI,20090728,7.05,7.08,6.72,6.88,14200
SSTI,20090728,2.11,2.18,2.02,2.05,781600
SSYS,20090728,11.98,12.6,11.98,12.49,150400
STAA,20090728,2.91,2.91,2.7,2.8,186200
STBA,20090728,12.54,13.15,12.47,12.91,167300
STFC,20090728,17.72,18.13,17.55,17.79,40900
STKL,20090728,2.22,2.24,2.19,2.24,92100
STLD,20090728,16.19,17.14,16.16,17.01,11594100
STRA,20090728,214.11,220.32,214.11,217.75,141200
STRC,20090728,1.57,1.9,1.57,1.65,14300
STRL,20090728,15.94,17,15.94,16.93,158300
STRM,20090728,2.75,2.87,2.75,2.85,13700
STRN,20090728,6.25,6.25,6.21,6.25,700
STRS,20090728,4.99,5.11,4.95,5,13700
STRT,20090728,14.53,14.98,14.51,14.98,4800
STSA,20090728,155.1,165.66,154.44,165.66,639100
STX,20090728,12.23,12.76,12.22,12.61,17527100
SUMR,20090728,22.5,22.5,21.6,21.6,47700
SURG,20090728,1.21,1.21,1.19,1.2,23900
SVBI,20090728,2.66,2.75,2.66,2.75,12300
SWIR,20090728,6.24,6.9,6.15,6.9,648200
SWKS,20090728,11.89,12.05,11.7,11.95,3209600
SYBT,20090728,16.1333,16.5,16.0133,16.2867,29900
SYNA,20090728,35.51,36.27,35.4,36.24,1365000
SYNL,20090728,8.25,8.61,7.93,8.61,5300
SYPR,20090728,1.95,2.04,1.9,2,39600
TACT,20090728,5.27,5.38,5.12,5.22,14800
TAIT,20090728,0.87,0.87,0.81,0.81,11300
TAST,20090728,6.72,6.72,6.31,6.67,98200
TAYD,20090728,3.36,3.36,3.1,3.2,9100
TBBK,20090728,6.67,6.86,6.65,6.85,14800
TBNK,20090728,14.88,15.1,14.85,15.05,123700
TCBI,20090728,15.84,16.34,15.84,16.2,211100
TCBK,20090728,15.24,17.13,15.24,17.08,77000
TCX,20090728,1.68,1.76,1.64,1.68,92300
TEAM,20090728,6.24,6.24,6.22,6.22,1000
TECH,20090728,62.69,63.66,62.53,63.46,177400
TESS,20090728,9.0733,9.2133,8.7467,9.1467,6700
TFSL,20090728,10.66,11.12,10.64,11.12,611700
TGA,20090728,3,3.04,2.96,3.02,188900
THFF,20090728,32.47,32.99,32.47,32.99,15100
THRX,20090728,15.34,15.97,15.14,15.56,365300
TIGR,20090728,2.37,2.38,2.3,2.31,11700
TITN,20090728,12.09,12.28,11.82,12.25,168900
TLT,20090728,90.72,91.82,90.43,91.2,3324900
TNDM,20090728,28.83,30.17,28.75,30.11,385900
TOPS,20090728,13930000,13930000,13020000,13370000,19300
TOWN,20090728,13.56,13.6,13.35,13.5,60700
TPTX,20090728,0.12,0.23,0.12,0.18,3797200
TREE,20090728,9.78,10.61,9.78,10.51,131600
TRIB,20090728,4.56,4.71,4.47,4.65,166600
TRIN,20090728,188.06,188.85,186.11,187.32,19600
TRMB,20090728,10.63,10.77,10.485,10.66,1024000
TRMD,20090728,107.9,108.5,105.8,107.8,10700
TRMK,20090728,18.68,19.34,18.32,19.34,671600
TRNS,20090728,5.48,5.48,5.48,5.48,0
TROW,20090728,46.08,46.65,45.45,45.98,2591600
TRST,20090728,5.82,5.92,5.72,5.92,258400
TRUE,20090728,4.8,4.82,4.79,4.79,600
TSBK,20090728,4.66,4.75,4.66,4.74,1900
TSCO,20090728,11.455,11.725,11.2925,11.7125,603200
TSEM,20090728,9.3,9.3,8.4,9.15,383900
TSRI,20090728,2.1,2.1,2.1,2.1,700
TTEC,20090728,15.49,15.75,14.91,15.39,273200
TTEK,20090728,30.41,30.9,30.4,30.61,277100
TTGT,20090728,5.65,5.65,5.39,5.51,42500
TTMI,20090728,9.5,9.69,9.26,9.67,121300
TTWO,20090728,9.21,9.53,9.21,9.37,3141400
TWIN,20090728,9.06,9.06,8.8,8.99,88100
TXN,20090728,23.87,24.24,23.66,24.19,16723600
TXRH,20090728,10.99,11.31,10.7,11.04,479600
TZOO,20090728,13.05,14.24,12.91,13.93,59600
UBCP,20090728,7.9,8.1,7.85,7.85,1000
UBFO,20090728,4.99,5.25,4.88,4.88,25000
UBOH,20090728,11.67,11.99,11.67,11.94,4200
UBSI,20090728,18.42,19.25,18.1,19.15,282600
UCBI,20090728,6,6.25,5.92,6.17,235500
UCTT,20090728,3.51,3.75,3.37,3.72,50800
UEIC,20090728,20.45,20.94,20.13,20.35,31600
UEPS,20090728,14.75,14.97,14.75,14.95,327100
UFCS,20090728,17.03,17.59,16.85,17.02,256100
UFPI,20090728,43.78,44.36,42.81,43.8,544700
UFPT,20090728,4.55,4.6,4.55,4.6,7500
UG,20090728,9.1,9.1,8.9,8.9,1900
UHAL,20090728,44.22,45.02,42.35,44.91,61500
ULBI,20090728,6.28,6.55,6.17,6.48,123100
ULTA,20090728,11.15,11.34,10.9,11.33,119800
UMBF,20090728,41.4,42.29,40.45,41.62,216700
UMPQ,20090728,8.59,9.18,8.1,9.15,650500
UNAM,20090728,8.02,8.03,8.02,8.03,400
UNB,20090728,15.25,15.25,15.25,15.25,0
UNTY,20090728,4.24,4.3,4.23,4.3,2800
URBN,20090728,22.47,22.66,21.89,22.56,3546700
USAK,20090728,14.44,14.6,14.13,14.5,28700
USAP,20090728,17.68,18.26,17.68,18,15000
USEG,20090728,126,127.2,124.2,126,112800
USLM,20090728,45,45.06,42.87,43.94,11300
UTHR,20090728,43.25,43.93,43,43.1,460400
UTMD,20090728,28.51,28.75,28.29,28.75,7200
UTSI,20090728,5.07,5.28,4.95,5.22,281700
UVSP,20090728,24.02,25.05,24.02,25.05,18700
VALU,20090728,31.85,31.85,30.84,31.42,4100
VBFC,20090728,80.8,95.52,76.96,95.52,1800
VECO,20090728,18.16,20.11,17.86,20.11,3598700
VIA,20090728,25.3,26.48,24.25,25.15,179800
VICR,20090728,7.07,7.46,7.07,7.45,160500
VIRC,20090728,3.17,3.17,3.17,3.17,0
VIVO,20090728,22.28,22.32,22.07,22.2,240500
VLGEA,20090728,29.37,29.37,28.9,29.32,10300
VNDA,20090728,15.29,15.35,14.3,14.8,709400
VOD,20090728,19.49,19.77,19.44,19.74,4051700
VOXX,20090728,7.11,7.42,6.8,7.37,40500
VRSN,20090728,20.09,20.21,19.72,20.17,1975800
VRTS,20090728,16.39,16.39,15.91,16,3900
VRTX,20090728,35.85,36.12,35.47,36.09,981600
VSAT,20090728,26.23,27.2,26.11,27.04,291900
VSEC,20090728,13.73,13.915,13.515,13.7,29200
WABC,20090728,50.96,52.44,49.76,51.49,326800
WAFD,20090728,13.71,14.03,13.62,13.97,621800
WASH,20090728,17.77,18.1,17.51,17.9,22500
WAVE,20090728,0.49,0.49,0.44,0.45,318700
WDC,20090728,31.47,31.58,30.66,30.81,8088400
WDFC,20090728,30.5,31.49,30.5,31,43300
WERN,20090728,18.03,18.06,17.46,17.8,1715200
WEYS,20090728,23.67,24.49,23.67,24.23,7100
WILC,20090728,3.15,3.25,3.15,3.25,1000
WINA,20090728,18.25,18.5,18.2,18.5,10100
WIRE,20090728,21.42,21.73,20.88,21.38,94000
WLDN,20090728,1.8,1.8,1.8,1.8,0
WLFC,20090728,14.06,14.22,13.74,13.79,19300
WOOD,20090728,32.28,32.43,31.87,32.41,5000
WOOF,20090728,26,26.37,25.97,26.11,424200
WPRT,20090728,8.67,8.78,8.59,8.77,82500
WRLD,20090728,24.9,25.2,24.02,24.58,591300
WSBC,20090728,15.56,16.56,15,16.4,121500
WSBF,20090728,4.68,5.05,4.65,5,38400
WSFS,20090728,8.97,9.22,8.86,9.21,25000
WSTG,20090728,7.12,7.4,7.12,7.26,1600
WTBA,20090728,6.01,6.25,5.82,6.24,22300
WTFC,20090728,17.26,19.61,17.02,19.52,701400
WVFC,20090728,15.79,15.96,15.79,15.96,400
WVVI,20090728,3.4,3.5,3.36,3.36,1100
WYNN,20090728,46.61,47.37,45.44,46.59,3258000
XLNX,20090728,21.36,21.89,21.24,21.74,11102400
XOMA,20090728,16.4,20,16.2,20,15421900
XRAY,20090728,30.56,31.04,30.51,30.8,656400
XRTX,20090728,74.16,76.2,69.48,74.4,92000
YORW,20090728,17.37,17.89,17.06,17.72,26000
ZBRA,20090728,24.91,25.43,24.84,25.38,185900
ZEUS,20090728,23.48,23.83,22.21,23.33,377700
ZION,20090728,12.51,13.04,12.35,12.8,5640400
ZIOP,20090728,1.4,1.4,1.33,1.38,20200
ZIXI,20090728,1.81,1.81,1.75,1.79,196300
ZUMZ,20090728,8.93,9.14,8.83,9.12,83600
