AAME,20091027,1.29,1.5,1.26,1.5,4000
AAON,20091027,5.6089,5.7007,5.6089,5.6326,91000
AAPL,20091027,7.2022,7.2432,7.0161,7.0489,27019600
AAWW,20091027,28.97,30,27,27.06,1282400
AAXJ,20091027,54.1,54.1,53.27,53.48,100600
ABCB,20091027,6.12,6.58,6.12,6.16,34000
ABIO,20091027,2298.24,2366.28,2063.88,2154.6,45500
ABMD,20091027,10,10.19,9.84,9.92,280900
ACAD,20091027,1.49,1.5,1.45,1.48,380200
ACET,20091027,6.07,6.18,6,6,77500
ACGL,20091027,7.5589,7.7667,7.5589,7.6044,938200
ACIW,20091027,5.6533,5.7267,5.5833,5.6033,122300
ACLS,20091027,4.16,4.48,3.6,4.12,2505800
ACMR,20091027,5.12,5.19,5.04,5.04,37600
ACOR,20091027,22.77,23.09,22.56,22.7,512900
ACTG,20091027,8.54,8.83,8.47,8.49,124100
ACWI,20091027,41.43,41.43,41,41.07,99200
ACWX,20091027,40.59,40.59,40,40.07,16500
ADBE,20091027,34.54,34.91,33.79,33.95,4267200
ADES,20091027,1.545,1.545,1.175,1.245,88300
ADI,20091027,27.21,27.6,26.51,26.59,3648500
ADP,20091027,35.5225,35.9086,35.2327,35.3205,2804300
ADPT,20091027,3.25,3.28,3.22,3.25,562400
ADRE,20091027,42.83,42.96,42.13,42.16,174700
ADSK,20091027,26.21,26.5,25.68,25.78,3055400
ADTN,20091027,24.32,24.41,23.53,23.57,795000
AEHR,20091027,1.4,1.5,1.39,1.42,31100
AEIS,20091027,12.98,13.16,12.52,12.77,349600
AEY,20091027,2.48,2.48,2.4,2.4,4600
AEZS,20091027,630,672,630,636,98600
AGEN,20091027,1.25,1.26,1.18,1.2,1691300
AGNC,20091027,26.45,26.6,25.97,26.04,5866000
AGYS,20091027,5.46,5.67,5,5.05,232100
AHPI,20091027,6.53,6.53,6.5,6.5,1700
AIMC,20091027,9.79,9.94,9.54,9.56,46600
AINV,20091027,28.8,29.16,28.44,28.44,1049800
AIRT,20091027,10.51,10.68,10.32,10.35,1300
AKAM,20091027,21.26,21.49,20.6,20.96,4310300
ALCO,20091027,29.01,29.49,28.95,29.16,5400
ALGN,20091027,16.96,17.23,16.53,16.81,1327900
ALGT,20091027,36.99,36.99,35.44,36.03,348100
ALKS,20091027,8.51,8.6,8.33,8.41,865200
ALLT,20091027,4.05,4.19,4.05,4.15,88100
ALNY,20091027,17.85,18.22,17.64,17.91,204200
ALOT,20091027,6.29,6.33,6.25,6.25,1000
ALTR,20091027,20.95,21.16,20.35,20.5,7258200
ALTU,20091027,0.11,0.13,0.11,0.12,594800
ALVR,20091027,43,43.3,41.6,42.2,345100
AMAT,20091027,12.92,13.13,12.6,12.62,15776100
AMD,20091027,5.42,5.47,5.07,5.15,31154100
AMED,20091027,40.85,42.25,38.72,40.38,2624900
AMGN,20091027,54,54.85,53.8,54.41,8858400
AMKR,20091027,6.82,6.99,6.62,6.74,3071300
AMNB,20091027,20.1,20.48,19.98,20.29,15000
AMOT,20091027,2.3,2.37,2.26,2.26,8800
AMPH,20091027,24.1,24.32,23.51,23.93,10600
AMPL,20091027,49.2,53,48.2,48.4,35600
AMRN,20091027,1.45,1.54,1.45,1.54,5700
AMSC,20091027,314.6,323,309.1,310,1112600
AMSF,20091027,18.47,19,18.47,18.82,136900
AMSWA,20091027,6.5,6.59,6.43,6.55,28200
AMWD,20091027,19.38,20.24,19.38,19.69,24900
AMZN,20091027,122.93,124.26,119.42,122.07,20304100
ANAT,20091027,87.1,87.6,85.73,85.73,19600
ANDE,20091027,22.6,23.2,22.04,22.7533,274800
ANGN,20091027,3.67,3.67,3.37,3.51,2500
ANGO,20091027,15.55,15.9,15.1,15.76,296800
ANIK,20091027,6.05,6.56,6.05,6.31,94800
ANSS,20091027,43.26,43.55,42.69,42.75,760400
APAC,20091027,6.59,6.9,6.59,6.81,629800
APEI,20091027,35.13,35.65,34.56,34.61,72700
APOG,20091027,14.59,14.77,14.25,14.34,206400
ARAY,20091027,5.84,5.91,5.7,5.74,208600
ARCC,20091027,11.75,12.07,11.5,11.73,2902600
ARKR,20091027,14.8,16,14.8,15.5,19400
ARLP,20091027,18.91,19.095,18.695,18.94,63100
ARNA,20091027,45.3,46.1,42,42.2,4186200
AROW,20091027,25.74,26.05,25.71,25.75,11400
ARRY,20091027,1.87,1.93,1.81,1.82,148000
ARTL,20091027,5.43,5.43,5.43,5.43,0
ARTNA,20091027,16.52,16.71,16.18,16.18,9600
ARTW,20091027,4.01,4.19,3.95,3.98,16200
ARWR,20091027,0.55,0.56,0.53,0.53,102200
ASML,20091027,29.07,29.32,28.2,28.22,2654900
ASPS,20091027,15.97,15.97,14.9,15.1,234400
ASRV,20091027,1.75,1.88,1.65,1.88,8400
ASTC,20091027,2.4,2.4,2.12,2.14,367000
ASTE,20091027,23.95,24.37,23.14,23.17,367000
ASUR,20091027,0.1733,0.2,0.1667,0.1933,259200
ASYS,20091027,5.91,5.97,5.8,5.91,139700
ATAI,20091027,5.12,5.38,5.12,5.38,1100
ATAX,20091027,5.45,5.5,5.31,5.39,56500
ATEC,20091027,58.2,58.68,57,57.6,48100
ATHX,20091027,1.19,1.22,1.08,1.12,77600
ATLO,20091027,22.04,22.49,22.01,22.25,10700
ATNI,20091027,48.44,48.95,47.16,47.18,57600
ATRC,20091027,4.23,4.31,4.2,4.31,24300
ATRI,20091027,128.46,128.5,120.7,120.98,5400
ATRO,20091027,6.9333,7.2167,6.9333,6.9833,7500
ATSG,20091027,2.95,3.04,2.93,2.94,234000
ATVI,20091027,12.05,12.17,11.61,11.69,19216300
AUBN,20091027,22.51,22.51,21.24,21.24,1500
AUDC,20091027,2.95,3.04,2.86,2.95,86900
AVAV,20091027,28.43,28.82,27.88,27.95,164500
AVCT,20091027,24.92,24.94,24.87,24.87,2059700
AVGO,20091027,15.95,15.99,15.26,15.45,328700
AVID,20091027,13.37,13.55,13.17,13.18,316800
AWRE,20091027,2.32,2.5,2.32,2.48,21200
AXTI,20091027,2.03,2.09,1.93,1.96,149800
AZPN,20091027,10.45,10.53,10,10.5,59800
BANF,20091027,36.29,37.26,36.06,36.66,45400
BANFP,20091027,25.25,25.25,25.25,25.25,1100
BANR,20091027,19.81,20.65,19.81,19.81,242400
BBBY,20091027,36.16,36.42,35.55,35.87,4275500
BBGI,20091027,3.54,3.7,3.54,3.7,500
BBSI,20091027,12,12.15,11.8,11.99,180000
BCBP,20091027,8.1,8.69,7.98,8.14,4600
BCPC,20091027,18.6533,19.0467,18.5933,18.68,27000
BCRX,20091027,10.9,10.94,10.24,10.55,3201600
BDSI,20091027,4.35,4.46,4.23,4.24,106100
BEAT,20091027,6.39,6.44,6.21,6.22,404300
BECN,20091027,14.95,15.35,14.75,14.91,510100
BELFA,20091027,18,18,18,18,0
BELFB,20091027,18.99,19.88,18.98,18.99,24400
BFIN,20091027,9.69,9.75,9.42,9.5,68000
BGCP,20091027,5.3,5.57,5.23,5.38,354100
BGFV,20091027,15.88,15.88,14.6,14.61,291300
BIDU,20091027,35.571,38.82,35.303,38.366,10752700
BIIB,20091027,40.7868,41.5513,40.7592,41.0355,4735100
BIOC,20091027,138,142.5,138,140.4,21200
BITS,20091027,6.33,6.33,6.28,6.29,500
BJRI,20091027,16.45,16.45,15.78,16,678800
BKCC,20091027,7.49,7.69,7.36,7.49,113800
BKSC,20091027,10.99,10.99,10.99,10.99,0
BLDP,20091027,2.5,2.56,2.5,2.5,210400
BLKB,20091027,22.73,23.01,22.08,22.21,224200
BMRC,20091027,16.965,16.965,16.5,16.555,14900
BMRN,20091027,16.73,16.9,16.63,16.79,3067700
BMTC,20091027,15.99,16.43,15.5,15.91,13500
BNSO,20091027,1.32,1.32,1.32,1.32,0
BOKF,20091027,45,46.11,44.92,45.15,141300
BOLT,20091027,11.42,11.74,11.3,11.42,71900
BOOM,20091027,19.45,19.53,18.35,18.73,183600
BOSC,20091027,1.48,1.64,1.48,1.6,16500
BPOP,20091027,24.5,25,23.5,23.6,6284300
BPOPM,20091027,15.85,15.85,15.85,15.85,2900
BPOPN,20091027,16.75,16.75,16.75,16.75,0
BRID,20091027,9.26,9.26,9.26,9.26,0
BRKL,20091027,9.78,10.17,9.63,9.93,556100
BRKR,20091027,10.57,10.85,10.51,10.74,606700
BRKS,20091027,7.89,8.08,7.55,7.72,340700
BRLI,20091027,17.275,17.455,17.075,17.105,80500
BSET,20091027,3.94,4.05,3.75,3.75,38000
BSQR,20091027,2.45,2.57,2.45,2.53,3200
BSRR,20091027,9.96,10,9.39,9.47,17600
BUSE,20091027,4.26,4.33,4.23,4.29,314300
BWEN,20091027,62.5,62.9,60,60.3,150000
BYFC,20091027,5.5,5.5,5.5,5.5,500
CAAS,20091027,11.47,11.47,10.07,10.55,414100
CAC,20091027,32.69,33.7,31.99,32.15,18000
CACC,20091027,36,36.04,35,35,34200
CAKE,20091027,19.67,19.8,18.82,18.83,2168200
CALM,20091027,13.62,14.115,13.545,13.895,310700
CAMP,20091027,3.46,3.58,3.3,3.36,114500
CAMT,20091027,1.36,1.4,1.35,1.4,32200
CARV,20091027,6.67,6.9,6.67,6.9,2100
CASA,20091027,2.49,2.49,2.49,2.49,0
CASH,20091027,7.5,7.5,7.5,7.5,400
CASS,20091027,30.92,31.26,30.37,30.37,13300
CASY,20091027,32.59,32.67,31.79,32.23,584100
CATY,20091027,9.22,9.48,9.14,9.29,1186700
CBAN,20091027,5.7,5.7,5.7,5.7,100
CBNK,20091027,12.82,12.82,12.7,12.75,4500
CBRL,20091027,35.18,35.35,34.46,34.85,194600
CBSH,20091027,39.38,39.79,38.87,39,271600
CCBG,20091027,11.69,12.87,11.69,12.42,50700
CCMP,20091027,34,34.5,33.59,33.74,104400
CCNE,20091027,16.51,16.55,16.2,16.23,5500
CCOI,20091027,11.5,11.71,11.31,11.46,284500
CCRN,20091027,9.01,9.24,8.8,8.81,77200
CDNS,20091027,7.65,7.85,7.35,7.35,2880100
CDZI,20091027,11.19,11.46,11.19,11.45,18700
CECE,20091027,4.03,4.03,3.87,3.95,16200
CENT,20091027,11.05,11.05,10.5,10.7,274500
CENTA,20091027,10.48,10.48,10.08,10.13,239900
CENX,20091027,9.78,9.86,9.02,9.05,5819100
CERN,20091027,20.4775,20.4775,19.7275,19.9825,1291000
CERS,20091027,1.99,2.05,1.8,1.99,438800
CEVA,20091027,10.4,10.67,10.25,10.31,77800
CFBK,20091027,59.125,61.875,59.125,59.125,1300
CFFI,20091027,17.99,18,17.7,17.7,900
CFFN,20091027,30.94,31.27,30.7,30.72,110300
CGEN,20091027,2.89,2.89,2.72,2.83,72000
CGNX,20091027,4.225,4.275,4.1725,4.1925,130100
CHCI,20091027,0.7,0.75,0.68,0.7,148500
CHCO,20091027,30.95,31.62,30.77,30.87,78600
CHDN,20091027,12.0833,12.0833,11.7567,11.7567,30600
CHKP,20091027,31.79,31.9,30.95,31.31,1751800
CHNG,20091027,12.17,12.37,11.81,12.1,346100
CHNR,20091027,11.25,11.4,11,11,8300
CHRS,20091027,5.63,5.73,5.13,5.31,2415600
CHRW,20091027,57,57.43,56.25,56.49,1564700
CHSCP,20091027,27.51,27.76,27.51,27.76,9600
CIDM,20091027,13.6,13.6,12.6,13.1,27000
CINF,20091027,25.46,25.55,25.16,25.18,786200
CIZN,20091027,21.28,21.47,20.79,20.79,3300
CLDX,20091027,67.05,67.95,65.55,66.3,272500
CLFD,20091027,4.03,4.3,3.86,4.12,244100
CLMT,20091027,17.01,17.28,16.93,17.28,151100
CLNE,20091027,12.8,12.97,11.92,12.11,1113000
CLRO,20091027,2.67,2.74,2.66,2.66,4000
CLSN,20091027,3.44,3.45,3.35,3.35,16100
CLWT,20091027,6.6,8.0667,6.49,6.7833,421900
CMCO,20091027,16.86,17.24,16.86,16.98,127100
CMCSA,20091027,7.455,7.565,7.305,7.355,18204600
CME,20091027,64.328,64.734,63.084,63.3,702600
CMLS,20091027,21.04,21.44,19.92,19.92,80300
CMTL,20091027,33.26,33.45,32.78,32.87,257100
CNBKA,20091027,24.32,24.66,24.01,24.33,9400
CNOB,20091027,7.98,7.99,7.9,7.91,34500
CNSL,20091027,14.75,14.96,14.61,14.66,141700
CNTY,20091027,2.98,2.99,2.96,2.96,15500
COCO,20091027,17.44,17.63,17.23,17.41,1827100
COGT,20091027,10.05,10.24,10.05,10.16,927000
COHR,20091027,26.02,26.61,25.92,26.41,113000
COHU,20091027,12.61,12.65,12.39,12.45,117900
COIN,20091027,0.91,0.91,0.84,0.84,1617400
COKE,20091027,45.1,46.38,45.1,45.21,17000
COLB,20091027,14.47,14.78,14.3,14.53,94800
COLM,20091027,20.105,20.155,19.175,19.4,703000
COMS,20091027,5.31,5.47,5.25,5.36,6451200
CONN,20091027,7.2,7.29,6.77,6.79,373400
COOL,20091027,48.3,50.4,42,44.52,576300
CORT,20091027,2.53,2.53,2.05,2.26,169100
COST,20091027,57.61,57.82,56.77,57.15,2876700
COWN,20091027,7.47,7.5,7.41,7.49,19300
CPHC,20091027,7.4,7.4,7.4,7.4,0
CPIX,20091027,13.76,13.76,13.15,13.18,27600
CPLP,20091027,10.27,10.46,10.1,10.29,190500
CPRT,20091027,8.1875,8.2375,8.11,8.12,225700
CPRX,20091027,0.95,0.95,0.86,0.9,37100
CPSI,20091027,43.29,43.58,42.37,42.85,134700
CPSS,20091027,1.24,1.3,1.24,1.28,17000
CRAI,20091027,25.19,25.8,25,25.01,42200
CRESW,20091027,0.16,0.16,0.16,0.16,0
CRESY,20091027,12.74,12.96,12.62,12.81,98300
CRIS,20091027,10.75,11.15,10.6,10.6,225300
CRMT,20091027,24.29,24.52,22.53,22.56,128800
CRNT,20091027,10.09,10.09,9.65,9.88,286000
CROX,20091027,7.47,7.63,7.05,7.1,3411700
CRTX,20091027,6.24,6.25,6.02,6.21,38100
CRUS,20091027,5.41,5.49,5.25,5.32,465900
CRVL,20091027,14.075,14.22,13.955,13.96,11700
CRWS,20091027,3,3.35,3,3.05,5800
CSCO,20091027,23.72,23.95,23.4,23.54,42703500
CSGP,20091027,41.3,41.96,40.43,40.52,305800
CSGS,20091027,16.42,16.65,16.04,16.15,321100
CSII,20091027,5.5,5.5,5.21,5.22,60500
CSIQ,20091027,15.5,16,14.86,15,1080500
CSPI,20091027,3.73,3.73,3.59,3.59,7700
CSTR,20091027,33.7,34.18,33.16,33.27,522500
CSWC,20091027,19.3475,19.3475,19.0625,19.065,3200
CSX,20091027,14.5,14.6467,14.0633,14.1867,5948200
CTAS,20091027,28.41,28.63,28.22,28.3,1084100
CTBI,20091027,25.03,25.43,24.9,25.1,37900
CTHR,20091027,0.58,0.65,0.56,0.65,51500
CTIB,20091027,2.25,2.45,2.2,2.22,2000
CTIC,20091027,50.5,53,50,51,11996900
CTRN,20091027,29.23,29.24,27.43,27.44,251800
CTSH,20091027,20.155,20.395,19.955,20.04,3817100
CTXS,20091027,31.051,31.2898,30.5016,30.5812,2759500
CUBA,20091027,6.51,6.51,6.38,6.4,10200
CUTR,20091027,8.87,8.97,8.8,8.94,48200
CVBF,20091027,8.71,9,8.49,8.52,1984700
CVCO,20091027,33.09,33.59,32.81,32.95,9400
CVCY,20091027,5.4,5.5,5.4,5.5,12400
CVGI,20091027,7.39,7.58,7.16,7.21,133500
CVGW,20091027,19.41,19.41,18.72,18.82,33900
CVLT,20091027,20.8,20.85,20.04,20.32,388600
CVLY,20091027,5.9,6,5.83,6,3400
CVV,20091027,4.7,4.94,4.48,4.67,15900
CWBC,20091027,2.51,2.51,2.51,2.51,1000
CWCO,20091027,14.46,14.83,14.4,14.65,56900
CWST,20091027,2.77,2.78,2.68,2.68,82300
CYAN,20091027,2.27,2.33,2.27,2.3,12600
CYBE,20091027,6.31,6.42,6.27,6.29,1700
CYCC,20091027,1596,1646.4,1596,1596,79200
CYCCP,20091027,1.36,1.36,1.33,1.33,2200
CYTK,20091027,26.64,27,26.04,26.34,286900
CZNC,20091027,12.82,13,12.5,12.5,19800
CZWI,20091027,4.35,4.35,4.35,4.35,100
DAIO,20091027,3.99,3.99,3.76,3.76,44300
DAKT,20091027,7.78,7.97,7.74,7.74,239700
DCOM,20091027,11.42,11.49,11.13,11.19,118300
DCTH,20091027,1303.04,1331.2,1226.24,1287.68,656600
DDMX,20091027,19.09,19.26,18.81,19.06,15000
DENN,20091027,2.65,2.68,2.63,2.63,463500
DGICA,20091027,14.96,15.44,14.69,15.01,16800
DGICB,20091027,17.53,17.53,17.53,17.53,0
DGII,20091027,8.73,8.79,8.39,8.49,146100
DGLY,20091027,2.5,2.5,2.42,2.46,66100
DHIL,20091027,57.79,58.01,56.05,57.03,5700
DIOD,20091027,18.68,18.85,17.78,17.8,256200
DISCA,20091027,29.85,29.92,28.98,29.05,662200
DISCB,20091027,30.07,30.07,30.07,30.07,0
DISCK,20091027,13.26,13.275,12.79,12.795,409200
DISH,20091027,17.75,18.05,17.3,17.7,3503300
DJCO,20091027,56,56,56,56,0
DLTR,20091027,15.7267,15.7334,15.19,15.3067,1193000
DMLP,20091027,22.78,23.22,22.43,22.67,22000
DMRC,20091027,14.84,14.84,14.31,14.42,13200
DORM,20091027,6.775,6.845,6.35,6.645,17000
DRIV,20091027,23.38,23.6,22.5,22.7,1131300
DRRX,20091027,2.33,2.38,2.21,2.21,200600
DSGX,20091027,5.28,5.39,5.28,5.34,9200
DSPG,20091027,7.44,7.44,6.59,6.61,115800
DSWL,20091027,4.48,4.72,4.48,4.53,13000
DVAX,20091027,12.9,14.1,11.6,13.7,1564500
DWSN,20091027,27.38,27.74,27,27.19,101700
DXCM,20091027,7.33,7.5,7.16,7.33,308800
DXPE,20091027,11.81,12.06,11.65,11.89,38100
DXYN,20091027,3.38,3.38,2.85,2.95,24400
DYNT,20091027,3,3.45,3,3.45,11300
EBAY,20091027,9.7474,9.9663,9.6126,9.7474,16011100
EBIX,20091027,21.9967,22.1267,20.8,20.8333,408900
EBSB,20091027,3.5743,3.6846,3.5743,3.6724,13900
EBTC,20091027,11,11.03,10.64,10.65,10900
ECHO,20091027,12.63,13,12.61,12.96,97000
ECOL,20091027,17.64,19.14,17.57,18.25,143800
ECPG,20091027,13.34,13.34,12.38,12.57,63900
EDAP,20091027,3.51,3.64,3.41,3.5,106400
EDUC,20091027,2.485,2.505,2.485,2.505,500
EEFT,20091027,24.5,24.95,24.36,24.52,286300
EFOI,20091027,3.8,4.25,3.8,3.95,25500
EFSC,20091027,8.35,8.85,8.29,8.61,42600
EGBN,20091027,9.27,9.27,9.1,9.15,65000
EGLE,20091027,55137.6,56044.8,50904,52012.8,2679400
EHTH,20091027,13.82,14.09,13.76,13.8,188000
ELSE,20091027,2.91,2.91,2.91,2.91,400
ELTK,20091027,1.2,1.2,1.2,1.2,0
EMIF,20091027,29.24,29.24,28.76,28.76,10400
EMKR,20091027,4.32,4.52,4.28,4.28,511000
ENDP,20091027,23.05,23.2,22.8,22.82,1720900
ENG,20091027,3.41,3.51,3.36,3.39,123200
ENSG,20091027,7.445,7.505,7.315,7.335,23300
ENTG,20091027,4.55,4.59,3.95,3.98,3609300
EPAY,20091027,14.95,15.25,14.61,15.15,523000
EQIX,20091027,91.62,91.99,89.84,90.62,978300
ERES,20091027,7.37,7.51,7.36,7.4,226100
ERIC,20091027,10.3,10.32,10.15,10.24,6954000
ERIE,20091027,36.22,36.95,36.18,36.18,79200
ERII,20091027,5.47,5.78,5.42,5.55,168000
ESBK,20091027,15.67,15.89,15.63,15.89,2800
ESCA,20091027,2.74,2.94,2.73,2.94,3600
ESEA,20091027,32.8,33.6,32.08,32.32,90400
ESGR,20091027,65.08,65.97,63.85,64.65,21100
ESLT,20091027,63.65,64.15,63.32,63.74,12400
ESSA,20091027,12.16,12.46,12.16,12.29,16200
EVK,20091027,2.29,2.3,2.26,2.28,9400
EVOL,20091027,6.75,6.85,6.5,6.53,40800
EWBC,20091027,9.43,10.11,9.27,9.8,2412900
EXAS,20091027,2.58,2.6,2.49,2.57,75100
EXEL,20091027,5.83,5.89,5.69,5.77,580500
EXLS,20091027,14.75,15.05,14.33,14.37,34300
EXPD,20091027,32.93,33.39,32.58,32.71,1762900
EXPE,20091027,26.65,26.78,24.72,25.24,7354000
EXPO,20091027,7.1425,7.215,7.005,7.0275,30800
EXTR,20091027,2.15,2.32,1.96,2.2,1374800
EZPW,20091027,13.93,14.12,13.76,13.8,259600
FARM,20091027,19.32,19.55,19.27,19.35,14000
FARO,20091027,17.3,17.48,17.07,17.07,25100
FAST,20091027,9.3275,9.425,9.1,9.125,1080200
FBIZ,20091027,9.99,9.99,9.99,9.99,0
FBMS,20091027,7.49,7.5,7.46,7.46,3600
FBNC,20091027,15.13,15.31,14.95,15.03,26500
FCAL,20091027,4.57,4.6,4.5,4.5,5700
FCAP,20091027,16.76,16.76,16.76,16.76,0
FCBC,20091027,11.82,12.04,11.76,11.92,35100
FCCO,20091027,7,7,6.97,6.97,600
FCCY,20091027,6.66,6.66,6.66,6.66,500
FCEL,20091027,531.36,544.32,522.72,527.04,505800
FCFS,20091027,18.24,18.65,18.19,18.21,196900
FCNCA,20091027,150.19,152.77,148.73,150.05,8300
FEIM,20091027,4.8,4.92,4.6,4.6,22400
FELE,20091027,13.91,14.345,13.36,14.295,415600
FFBC,20091027,13,13.38,12.91,13.3,424700
FFHL,20091027,1.1,1.16,1.1,1.16,600
FFIC,20091027,11.53,11.59,11.32,11.36,140000
FFIN,20091027,8.1634,8.3284,8.155,8.25,92100
FFIV,20091027,47.66,47.76,45.73,45.98,1602300
FFNW,20091027,6.1,6.29,6.1,6.26,75200
FISI,20091027,10.75,11.49,10.75,11.01,13700
FISV,20091027,12.235,12.39,12.165,12.27,1594200
FITB,20091027,9.62,9.69,9.06,9.17,22570200
FITBP,20091027,117.24,117.24,115.6,116.86,10300
FIZZ,20091027,10.95,11.16,10.95,11,23100
FLEX,20091027,7.18,7.32,6.68,6.73,15813500
FLIC,20091027,17.4667,17.56,17.0133,17.0133,7800
FLWS,20091027,4.65,4.87,4.6,4.81,409000
FLXS,20091027,8.3,8.49,8.3,8.3,1600
FMBI,20091027,10.6,11.13,10.39,10.92,805600
FNLC,20091027,16.58,17.12,16.51,16.69,8900
FOLD,20091027,4.3,4.61,4.18,4.27,300300
FONR,20091027,2.61,2.63,2.52,2.52,22600
FORD,20091027,1.98,2.01,1.9,1.99,60200
FORM,20091027,18.25,18.47,17.9,18.07,511600
FORR,20091027,25.83,26.47,25.83,26.29,74200
FORTY,20091027,11.52,11.61,11.52,11.61,3400
FOSL,20091027,29.32,29.47,27.84,28.21,557600
FRBK,20091027,4.39,5.05,4.35,4.35,16000
FREE,20091027,241500000,241500000,217500000,223500000,644900
FREEW,20091027,0.17,0.17,0.11,0.11,38300
FRME,20091027,6.13,6.49,6.13,6.23,42000
FRPT,20091027,4.99,5.04,4.79,4.81,885600
FSFG,20091027,10.5,10.5,10.4,10.5,1500
FSII,20091027,1.5,1.55,1.32,1.35,219300
FSLR,20091027,153.94,156,148.45,150.22,2104700
FSTR,20091027,29.57,29.99,29.18,29.19,67100
FTEK,20091027,11.01,11.64,11.01,11.28,205500
FULT,20091027,8.38,8.74,8.33,8.52,1579100
FUNC,20091027,11.05,11.05,11,11,300
FUND,20091027,5.99,5.99,5.86,5.91,34500
FWRD,20091027,23.5,23.75,22.38,22.54,371400
GABC,20091027,10.1867,10.1867,9.5,9.5,14900
GAIA,20091027,6.98,7.32,6.78,6.82,41900
GAIN,20091027,4.99,5.19,4.96,4.98,53400
GALT,20091027,2.1,2.34,2.1,2.1,124500
GAME,20091027,9.5,9.74,9.35,9.56,2162200
GASS,20091027,6.11,6.28,6.11,6.26,42800
GBCI,20091027,13.38,13.59,13.25,13.38,584600
GCBC,20091027,7.18,7.495,7.18,7.495,300
GENC,20091027,5.2467,5.3,5.1333,5.3,8900
GENE,20091027,29.6,29.8,29.6,29.8,1700
GERN,20091027,6.22,6.24,6.11,6.17,1185600
GFED,20091027,6.24,6.24,6.24,6.24,0
GGAL,20091027,5.99,6.13,5.95,6.02,139100
GIFI,20091027,19.92,20.34,19.6,19.83,56900
GIGM,20091027,22.4,22.95,21.4,21.75,642400
GIII,20091027,8.19,8.28,7.88,7.97,233900
GILD,20091027,21.715,22,21.45,21.56,7204200
GILT,20091027,4.8,4.8,4.65,4.67,26500
GLAD,20091027,8.68,8.95,8.63,8.68,47400
GLBL,20091027,8.2,8.35,8.03,8.11,1327900
GLBZ,20091027,9.76,9.76,9.76,9.76,0
GLDD,20091027,6.1,6.34,5.94,6.21,250200
GLNG,20091027,13,13.28,12.66,12.72,125200
GLRE,20091027,19.37,19.67,19.33,19.47,85500
GNTX,20091027,8.495,8.565,8.255,8.305,1218900
GOOD,20091027,13.68,13.74,13.42,13.48,23500
GOODO,20091027,18.88,18.88,18.21,18.4,1600
GOOG,20091027,275.485,277.28,272.08,274.145,3218000
GPRE,20091027,7.06,7.3,7.05,7.16,27800
GPRO,20091027,42.64,43.2,42.41,42.56,984400
GRMN,20091027,38.42,38.92,37.44,37.78,1593500
GROW,20091027,11.03,11.12,10.45,10.9,135800
GRVY,20091027,6.4,6.44,6.08,6.32,67200
GSBC,20091027,24.19,24.36,23.9,23.99,21600
GSIT,20091027,3.7,3.78,3.6,3.71,31400
GSM,20091027,8.36,8.36,8.15,8.17,95700
GT,20091027,17.24,17.37,16.67,16.74,5537800
GTIM,20091027,1.11,1.11,1.11,1.11,0
GYRO,20091027,42.99,42.99,42.99,42.99,100
HA,20091027,7.71,7.76,7.5,7.55,438900
HAFC,20091027,1.65,1.75,1.51,1.69,800600
HAIN,20091027,9.13,9.385,8.91,9.335,434500
HALL,20091027,8.35,8.41,8.22,8.24,77900
HALO,20091027,6.76,6.87,6.63,6.78,411100
HAS,20091027,28.21,28.28,27.66,27.73,2068700
HAYN,20091027,31.03,31.36,30.5,30.6,112700
HBAN,20091027,4.11,4.17,3.95,4.04,32866800
HBANP,20091027,860,865,856,856,200
HBCP,20091027,12.09,12.17,12.05,12.07,5200
HBIO,20091027,3.63,3.75,3.57,3.6,84100
HBNC,20091027,3.358,3.3778,3.3521,3.3778,10600
HCCI,20091027,12.5,12.5,12.28,12.4,17800
HCII,20091027,8.5,8.68,7.7,8.68,16700
HCIIW,20091027,1.08,1.1,1.05,1.1,3500
HCKT,20091027,3.41,3.42,3.33,3.39,61400
HCSG,20091027,13.0467,13.3333,12.94,13.3067,332800
HDSN,20091027,1.26,1.26,1.17,1.24,11100
HEES,20091027,11.51,11.87,11.51,11.74,75400
HELE,20091027,23.24,23.4,22.65,22.94,122300
HERO,20091027,5.65,5.88,5.42,5.83,6109400
HFWA,20091027,12.76,13.29,12.74,13,15600
HIBB,20091027,19.95,20.04,19.43,19.51,370600
HIFS,20091027,29.75,29.75,29.75,29.75,0
HIHO,20091027,1.77,1.81,1.72,1.74,14600
HIMX,20091027,3,3,2.9,2.93,225400
HLIT,20091027,6.3,6.35,6.17,6.18,737500
HMNF,20091027,5.73,6.28,5.14,5.7,20000
HOFT,20091027,13.33,13.82,13.33,13.58,19400
HOLI,20091027,7.8,9.59,7.79,9.51,409800
HOLX,20091027,15.59,15.77,15.18,15.25,3370300
HOMB,20091027,5.5825,5.6375,5.54,5.565,72300
HOOK,20091027,3.52,3.52,3.4,3.4,11300
HOVNP,20091027,5.12,5.65,5.1,5.65,2900
HSIC,20091027,55.3,55.68,54.88,55.07,720600
HSII,20091027,28.19,29,27.89,28.15,778500
HSKA,20091027,0.45,0.48,0.4,0.4,144500
HSTM,20091027,4.19,4.2,4,4.16,250100
HTBK,20091027,3.9,3.9,3.75,3.75,40600
HTLD,20091027,13.95,14.1,13.74,13.89,877200
HTLF,20091027,14.03,14.56,14,14.03,33900
HUBG,20091027,25.8,26.02,25.35,25.45,336000
HURC,20091027,17.02,17.15,16.39,16.95,19300
HURN,20091027,23.62,24.15,23.62,23.78,387400
HWBK,20091027,9.9,9.9,9.9,9.9,0
HWKN,20091027,22.51,22.64,21.71,21.72,76100
IART,20091027,15.495,15.71,15.395,15.6,180600
IBB,20091027,75.84,76.42,75.41,75.69,898600
IBCP,20091027,1.13,1.15,0.89,0.97,770500
IBKR,20091027,16.62,16.63,16.21,16.37,945600
IBOC,20091027,16.37,16.6,16.15,16.22,307400
ICAD,20091027,2.19,2.22,2.05,2.07,215500
ICCC,20091027,4.11,4.15,4.05,4.1,8700
ICFI,20091027,29.46,29.7,29.02,29.03,25700
ICLN,20091027,21.81,22,21.43,21.55,10400
ICLR,20091027,26.07,26.25,25.63,25.69,293600
ICUI,20091027,36.51,36.8,35.83,35.9,67600
IDCC,20091027,19.09,19.35,18.89,18.94,630300
IDRA,20091027,53.84,54.88,50,50.16,21500
IDXX,20091027,27.06,27.4,26.77,26.985,282500
IESC,20091027,6.91,6.91,6.55,6.7,16800
IFGL,20091027,30.3,30.38,29.91,29.96,140800
IGOV,20091027,107.07,107.07,106.51,106.61,8200
III,20091027,3.69,3.72,3.68,3.68,74100
IIIIW,20091027,0.11,0.11,0.11,0.11,0
IIN,20091027,3.2,3.25,3.06,3.25,1500
IIVI,20091027,14.285,14.4,13.9,13.92,96300
IKNX,20091027,6.42,6.42,6.42,6.42,100
ILMN,20091027,41.03,42.13,41,41.66,5651800
IMGN,20091027,7.68,7.8,7.55,7.6,232400
IMKTA,20091027,15.48,15.79,15.42,15.42,23400
IMMR,20091027,4.04,4.1,3.91,4,163400
IMOS,20091027,0.8,0.8,0.8,0.8,13500
INCY,20091027,5.46,5.8,5.41,5.78,4073500
INDB,20091027,22.46,22.6,21.84,21.92,58000
INFI,20091027,5.97,6.09,5.91,6,18500
INFN,20091027,7.86,7.99,7.79,7.79,455500
INMD,20091027,4.29,4.35,4.28,4.3,2000
INOD,20091027,7.05,7.3,7.02,7.2,211100
INSM,20091027,0.78,0.8,0.75,0.75,647500
INTC,20091027,20.01,20.13,19.67,19.74,68171400
INTG,20091027,11.2,11.5,9,11.5,500
INTU,20091027,30.07,30.3,29.7,29.92,4871700
IOSP,20091027,14.08,14.69,13.94,14.1,51100
IPAR,20091027,11.57,12.09,11.57,11.66,29300
IPGP,20091027,14.59,14.87,14.21,14.22,89900
IRBT,20091027,14.45,14.66,14.12,14.4,187600
IRDM,20091027,9.73,9.9,9.3,9.81,280700
IRIX,20091027,2.37,2.38,2.37,2.38,200
ISBC,20091027,4.2078,4.302,4.2078,4.2431,233600
ISHG,20091027,107.31,107.31,107.15,107.2,18400
ISIG,20091027,4.34,4.42,4.29,4.4,19600
ISLE,20091027,9.43,9.57,8.8,8.88,212800
ISRG,20091027,86.5867,86.8867,85.1867,86,535900
ISSC,20091027,5.12,5.16,4.95,4.95,11600
ITIC,20091027,31.82,31.97,31.82,31.97,200
ITRI,20091027,59.2,61.38,58.81,59.65,1518300
ITRN,20091027,12.49,12.49,12,12.07,23300
IVAC,20091027,11.34,12.03,11.21,11.74,129100
JACK,20091027,18.88,18.95,18.5,18.68,1065000
JAKK,20091027,157.1,162.6,150.5,152.3,519700
JAZZ,20091027,6.83,7.08,6.54,6.71,456300
JBHT,20091027,32.17,32.56,31.44,31.64,1435600
JBLU,20091027,5.29,5.39,5.17,5.28,5666100
JBSS,20091027,13.75,13.91,13.7,13.86,12300
JCS,20091027,11.05,11.1,10.8,10.84,10900
JCTCF,20091027,1.6525,1.7375,1.6525,1.725,600
JJSF,20091027,41.23,41.5,40.91,41.06,32000
JKHY,20091027,24.21,24.4,23.76,23.88,464400
JOBS,20091027,8.095,8.225,7.925,7.93,58000
JOUT,20091027,9.12,9.12,9.12,9.12,1100
JRJC,20091027,85.6,88.1,84.5,85.6,64600
KALU,20091027,40.19,40.51,39.09,39.4,88300
KELYA,20091027,12.26,12.61,12.25,12.35,74300
KELYB,20091027,13.33,13.33,13.33,13.33,0
KEQU,20091027,14.25,14.25,13.58,13.58,5400
KFFB,20091027,11.55,11.56,10.85,10.9,3000
KFRC,20091027,11.69,11.83,11.59,11.65,52300
KINS,20091027,2.25,2.25,2.25,2.25,100
KIRK,20091027,13.68,13.68,12.5,12.56,500600
KLAC,20091027,35.02,35.41,34.15,34.38,3303300
KLIC,20091027,4.97,5.09,4.81,4.83,489900
KNDI,20091027,3.43,3.44,2.97,3.04,209600
KOPN,20091027,4.67,4.71,4.55,4.58,277200
KOSS,20091027,6.205,6.205,6.205,6.205,0
KRNY,20091027,10,10.03,9.86,9.95,76200
KTCC,20091027,2.41,2.46,2.41,2.41,9200
KTOS,20091027,10.21,10.4,9.93,10.1,30900
KVHI,20091027,10.41,10.57,10.41,10.5,74800
LAKE,20091027,7.89,8.16,7.86,7.91,5500
LAMR,20091027,28.86,28.97,27.23,27.36,1399800
LANC,20091027,49.41,49.84,48.98,49.07,125200
LARK,20091027,16.29,16.29,16.29,16.29,0
LAWS,20091027,17.55,18.39,17.55,17.67,8400
LBAI,20091027,6.16,6.49,6.13,6.24,59800
LBTYA,20091027,10.9402,11.2672,10.93,11.0118,1635000
LBTYB,20091027,21.53,21.53,21.53,21.53,100
LBTYK,20091027,21.28,21.97,21.28,21.39,305200
LCUT,20091027,6.2,6.23,6.02,6.11,20200
LECO,20091027,23.105,23.4,22.405,22.505,389300
LFUS,20091027,25.09,25.42,24.81,25.14,105200
LGND,20091027,11.46,11.82,11.28,11.28,399900
LHCG,20091027,32,32,30.94,31.65,191500
LIFE,20091027,689.78,699.16,670.18,672,7097500
LINC,20091027,23.75,23.96,23.08,23.2,145600
LIVE,20091027,0.6967,0.7,0.5933,0.5933,4900
LJPC,20091027,0.07,0.08,0.07,0.07,2175900
LKFN,20091027,14.1,14.2,13.3533,13.5267,67200
LLNW,20091027,3.62,3.7,3.6,3.6,105400
LMAT,20091027,4.14,4.14,4.12,4.12,500
LNDC,20091027,6.63,6.8,6.52,6.54,97400
LOAN,20091027,1.09,1.1,1.05,1.05,5400
LOGC,20091027,1.05,1.06,1.05,1.06,3900
LOGI,20091027,18.58,18.84,18.11,18.2,1170400
LOOP,20091027,9.48,9.61,9.25,9.29,177600
LOPE,20091027,18.53,19.01,18.5,18.56,160300
LORL,20091027,30.11,30.11,29.37,29.76,75900
LPSN,20091027,5.61,5.76,5.48,5.63,418200
LPTH,20091027,1.91,1.95,1.77,1.92,24000
LQDT,20091027,10.22,10.38,10.06,10.11,28100
LRCX,20091027,36.11,36.57,34.51,34.65,2366100
LSBK,20091027,7.8,7.82,7.8,7.8,1700
LSCC,20091027,2.08,2.18,2.04,2.04,1932500
LSTR,20091027,36.4,36.66,35.78,35.96,490300
LTBR,20091027,486,487.8,438,444,86000
LTRX,20091027,0.63,0.64,0.6,0.64,124000
LULU,20091027,13.42,14.43,13.34,13.95,3311700
LUNA,20091027,1.57,1.62,1.55,1.55,56500
LWAY,20091027,11.6,12.35,11.42,11.78,30100
LXRX,20091027,10.85,11.06,10.78,10.85,1028500
LYTS,20091027,7.32,7.5,7.21,7.25,47800
MANH,20091027,5.85,6.0975,5.825,5.845,226700
MANT,20091027,46.92,47.36,46.56,46.85,134000
MARPS,20091027,14.9,14.91,14.62,14.8,700
MASI,20091027,28.79,28.81,28.05,28.16,311300
MAT,20091027,19.6,19.68,19.12,19.18,4029700
MATW,20091027,38.3,38.72,38.08,38.36,134200
MAYS,20091027,13.56,13.56,13.54,13.55,1200
MBRX,20091027,0.49,0.52,0.37,0.38,8611400
MBWM,20091027,3.51,4.09,3.51,4.05,2700
MCBC,20091027,2.14,2.23,2.03,2.08,54600
MCHP,20091027,12.525,12.63,12.31,12.385,2577100
MCHX,20091027,4.63,4.92,4.33,4.71,69000
MCRI,20091027,8.28,8.28,7.61,7.64,72300
MDRX,20091027,20.93,21.14,20.19,20.31,784200
MELI,20091027,40.23,40.33,37.13,37.89,920600
MEOH,20091027,18.46,18.46,17.88,17.94,401900
MERC,20091027,2.82,2.88,2.43,2.59,52000
MESA,20091027,0.24,0.24,0.22,0.23,3681000
MGEE,20091027,23.8533,24.0267,23.72,23.7467,32300
MGIC,20091027,1.83,2.03,1.77,1.98,44600
MGLN,20091027,29.9,30.75,29.87,30.35,336900
MGPI,20091027,4.65,4.65,4.55,4.55,19300
MGRC,20091027,21.54,22.22,21.07,21.17,60100
MGYR,20091027,3.84,4.3,3.84,4.1,5000
MHLD,20091027,7.38,7.64,7.3,7.31,116500
MIDD,20091027,16.3867,16.61,16.03,16.1067,165500
MIND,20091027,7.98,8.27,7.74,7.83,52300
MKSI,20091027,17.25,17.32,16.19,16.26,504700
MKTX,20091027,12.37,12.37,12.05,12.08,24700
MLAB,20091027,24.44,24.44,23.84,24.05,500
MLHR,20091027,16.31,16.56,15.98,16.02,251300
MLVF,20091027,9.64,9.64,9.64,9.64,0
MMLP,20091027,27.73,28.58,27.34,27.95,21200
MMSI,20091027,13.48,13.704,13.36,13.36,275100
MNDO,20091027,1.46,1.5,1.42,1.49,15300
MNKD,20091027,27,27.25,26.25,26.85,1359700
MNOV,20091027,6.15,6.15,6.15,6.15,0
MNRO,20091027,21.3067,21.5,21.0333,21.2533,303000
MNST,20091027,6.2933,6.3183,6.2133,6.2383,480800
MNTX,20091027,2.12,2.2,1.96,2.19,113500
MOFG,20091027,8.36,8.36,8.25,8.35,11500
MORN,20091027,53.58,53.99,51.93,51.93,48800
MOSY,20091027,484,484,472,478,14700
MOVE,20091027,9.36,9.8,9.04,9.12,274100
MPAA,20091027,5.3,5.3,5.28,5.3,9100
MPAC,20091027,2.75,2.9,2.69,2.9,1300
MPB,20091027,14.25,14.25,14.25,14.25,0
MPWR,20091027,20.31,20.58,20.02,20.29,351900
MRCY,20091027,10.34,10.62,10.3,10.41,42600
MRLN,20091027,7.5,7.55,7.28,7.49,10600
MRNA,20091027,1.12,1.12,1.01,1.04,485200
MRTN,20091027,8.1911,8.2711,7.9555,8,192400
MRVL,20091027,15.03,15.34,14.42,14.44,16600000
MSEX,20091027,15.4,15.78,15.3,15.31,44500
MSFT,20091027,28.73,28.88,28.44,28.59,69685700
MSON,20091027,2.69,2.69,2.56,2.58,7500
MSTR,20091027,75.72,76.76,74.5,75.43,126200
MTEX,20091027,33.5,34.3,33.5,33.6,50300
MTRX,20091027,9.43,9.69,9.27,9.31,203300
MTSI,20091027,5.54,5.55,5.51,5.51,3200
MU,20091027,7.39,7.5,7.03,7.05,23848800
MVIS,20091027,34.48,37.44,32.48,33.44,2401600
MYGN,20091027,24.98,25.14,24.66,24.7,1993600
MYRG,20091027,17.26,18.1,17.15,17.41,73500
NAII,20091027,7.73,7.73,7.73,7.73,0
NATH,20091027,14.4,14.79,14.32,14.32,7600
NATI,20091027,17.9133,18.1867,17.6067,17.7933,243300
NATR,20091027,8.04,9.1,8.03,9.1,4500
NAVI,20091027,2.07,2.11,1.91,1.96,205000
NBIX,20091027,2.49,2.54,2.46,2.48,78900
NBN,20091027,9.5,9.5,9.5,9.5,0
NBTB,20091027,22.14,22.65,22.06,22.31,81100
NCMI,20091027,16.51,16.74,16.25,16.56,248600
NCTY,20091027,238.5,239.7,234,237,33100
NDAQ,20091027,19.41,19.47,18.57,18.61,2950300
NDSN,20091027,28.06,28.525,27.4,27.605,222000
NECB,20091027,6.71,7.49,6.71,6.81,4300
NEOG,20091027,10.9166,10.97,10.64,10.6766,46400
NEPT,20091027,1.97,1.97,1.93,1.97,1500
NEWT,20091027,3.75,4.25,3.65,4.05,129600
NFBK,20091027,12.78,12.87,12.71,12.78,30000
NFLX,20091027,7.89,7.9186,7.7286,7.7486,1322600
NICE,20091027,33.22,33.39,32.1,32.63,266200
NICK,20091027,6.8,6.8,6.8,6.8,0
NKSH,20091027,26.8,27.42,26.64,26.8,14200
NKTR,20091027,8.58,8.83,8.31,8.39,995400
NLTX,20091027,1.4,1.44,1.35,1.35,15700
NNBR,20091027,4.9,5,4.79,4.82,33600
NRIM,20091027,15.14,15.79,15.14,15.28,16200
NSEC,20091027,8.5,8.5,7.97,7.97,1200
NSIT,20091027,11.28,11.64,11.08,11.11,368600
NSSC,20091027,1.96,2.04,1.95,2.02,21200
NSYS,20091027,3.01,3.01,2.98,2.98,500
NTAP,20091027,28.69,29.07,27.8,27.9,6910100
NTCT,20091027,13.12,13.3,12.8,13.21,316700
NTES,20091027,7.402,7.46,7.084,7.142,2676800
NTGR,20091027,19.33,19.58,18.8,18.91,665100
NTIC,20091027,3.76,4,3.755,3.995,800
NTRS,20091027,51.76,52.55,51.59,51.62,2704400
NTWK,20091027,10.5,10.6,9.2,9.6,336800
NUAN,20091027,14.31,14.5,14.03,14.09,2569200
NURO,20091027,554.88,554.88,512.64,514.56,19200
NUVA,20091027,39.64,39.99,39.03,39.08,339100
NVAX,20091027,89,89.4,84.2,86,3313500
NVDA,20091027,3.23,3.2775,3.1025,3.135,14795900
NVEC,20091027,42.01,42.19,40.35,40.65,132600
NVMI,20091027,3.03,3.07,2.89,2.98,26600
NWFL,20091027,28.78,29.18,28.63,28.64,5900
NWLI,20091027,183.91,186.29,183.4,183.41,4200
NWPX,20091027,32.88,33.44,32.75,32.87,67600
NWS,20091027,14.42,14.59,14,14.08,4017200
NWSA,20091027,12.3,12.48,11.89,11.99,18939400
NXST,20091027,2.82,2.85,2.66,2.66,2500
NYMT,20091027,7.35,7.5,6.5,6.8,163300
NYMX,20091027,5.06,5.06,4.87,4.91,6400
OBAS,20091027,5.9,6.2,5.9,6.05,9800
OBCI,20091027,0.91,0.91,0.91,0.91,0
OCFC,20091027,10.85,10.95,10.16,10.24,101600
ODFL,20091027,12,12.1289,11.8178,11.9378,718700
OESX,20091027,3.12,3.2,3.12,3.16,65400
OFIX,20091027,32,32.42,31.46,32.03,214000
OFLX,20091027,15.79,15.84,15.69,15.76,10400
OIIM,20091027,4.5,4.5,4.28,4.32,177800
OMAB,20091027,12.37,12.38,11.83,12.28,26000
OMCL,20091027,10.15,10.33,10.07,10.12,293500
OMER,20091027,6.44,6.44,5.79,6.01,202600
OMEX,20091027,19.2,20.4,18.84,19.08,219600
ONCY,20091027,3.1,3.1,3.02,3.06,79400
ONEQ,20091027,84.17,84.64,83.26,83.48,16200
OPEN,20091027,26.2,26.34,26,26.03,28200
OPHC,20091027,126,126,126,126,0
OPNT,20091027,10.24,10.51,10.1,10.18,29000
OPOF,20091027,14.8,14.97,14.76,14.77,2200
ORLY,20091027,35.08,35.38,34.36,34.69,2680600
ORRF,20091027,36.39,36.58,35.61,35.63,6800
OSBC,20091027,6.3,6.33,6,6.02,55400
OSIS,20091027,18.2,18.75,18.16,18.67,205800
OSTK,20091027,16.3,16.4,15.25,15.4,75500
OSUR,20091027,3.28,3.43,3.25,3.32,116500
OTEX,20091027,9.9125,9.9325,9.7325,9.9125,541600
OTTR,20091027,23.73,24.02,23.5,23.55,99700
OVBC,20091027,23.64,24,23.25,23.25,3100
OVLY,20091027,4.65,4.65,4.65,4.65,0
PAAS,20091027,21.74,21.95,21.1,21.42,1510600
PACW,20091027,18.36,19.45,18.2,18.77,392800
PANL,20091027,13.08,13.3,12.61,12.67,260100
PATK,20091027,1.1645,1.1645,1.0045,1.0045,19700
PAYX,20091027,29.25,29.6,29.05,29.15,3779900
PBCT,20091027,16.44,16.67,16.36,16.4,4202000
PBHC,20091027,7,7,7,7,0
PBIP,20091027,9.91,10.18,9.91,9.99,2200
PCAR,20091027,38.54,38.89,36.63,37.63,6061700
PCTI,20091027,5.69,5.88,5.52,5.54,71700
PCYO,20091027,2.76,2.8,2.76,2.8,1400
PDCO,20091027,26.74,26.83,26.37,26.65,1142200
PDEX,20091027,0.62,0.62,0.58,0.62,9600
PDFS,20091027,3.8,3.88,3.69,3.72,31100
PEBK,20091027,6.43,6.43,6.23,6.23,2700
PEBO,20091027,11.43,11.71,11.22,11.5,29700
PEGA,20091027,16.62,16.675,14.835,15.35,712800
PENN,20091027,27.21,27.21,25.92,25.99,1737500
PESI,20091027,11.6,11.9,11.5,11.7,93500
PETS,20091027,16.12,16.2,15.85,15.86,473600
PFBC,20091027,3.08,3.08,3.01,3.06,2000
PFIN,20091027,2.89,2.89,2.87,2.87,1100
PFSW,20091027,1.65,1.67,1.57,1.67,1700
PGC,20091027,14.53,14.95,14.52,14.52,6900
PKBK,20091027,8.1909,8.4,8.1818,8.4,1000
PKOH,20091027,7.27,7.28,6.76,6.76,37400
PLAB,20091027,4.67,4.77,4.55,4.59,615300
PLBC,20091027,3.76,4.6,3.76,4.6,1000
PLCE,20091027,34.56,34.62,32.87,33.17,775000
PLPC,20091027,39.33,39.89,38.41,39.36,5600
PLUG,20091027,0.97,1.01,0.9,0.9,821700
PLUS,20091027,7.75,7.765,7.59,7.61,5900
PLXS,20091027,25.77,26.37,25.4,25.56,189800
PMD,20091027,5.25,5.33,5.25,5.25,5600
PNBK,20091027,20.1,20.1,18.5,18.5,400
PNFP,20091027,12.62,13.5,12.51,12.97,475100
PNNT,20091027,8.12,8.23,8,8.11,106100
PNQI,20091027,24.17,24.23,23.75,23.88,47900
PNRG,20091027,30.6,30.71,29.98,30.47,1900
PODD,20091027,9.7,11.15,9.6,10.66,1695900
POOL,20091027,20.57,21.78,20.13,20.49,1739700
POWI,20091027,17.445,17.595,16.33,16.415,411100
POWL,20091027,38.81,39.74,38.64,39.36,54300
PPBI,20091027,3.7,3.7,3.2,3.4,12800
PRAA,20091027,16.0933,16.0933,15.6267,15.66,68600
PRFT,20091027,8.46,8.47,8.06,8.17,85700
PRFZ,20091027,48.87,48.87,47.65,47.65,101300
PRGS,20091027,15.8733,16.02,15.66,15.9,213900
PRIM,20091027,7.36,7.68,7.21,7.36,14000
PROV,20091027,7,7,6.9,6.9,3000
PRPL,20091027,1.82,1.82,1.8,1.8,7900
PRTS,20091027,5.45,5.52,5.35,5.36,35700
PSEC,20091027,10.55,10.57,10.33,10.35,496800
PSMT,20091027,19.57,19.57,19.03,19.25,85600
PSTI,20091027,10,10.5,9.7,9.9,123100
PTEN,20091027,16.33,16.69,15.96,16.33,5687700
PTIX,20091027,3,3.01,2.95,3,5800
PTNR,20091027,19.8,19.87,19.65,19.77,49300
PTSI,20091027,7.96,8.45,7.51,7.76,8500
PWOD,20091027,21.4,21.5,21.22,21.3267,4200
PXLW,20091027,2.92,3.05,2.74,2.74,155200
PZZA,20091027,11.92,12.145,11.725,11.82,170000
QABA,20091027,21.53,21.93,21.53,21.79,2400
QCLN,20091027,14.6,14.61,14.28,14.32,23700
QCOM,20091027,40.81,41.32,40.69,41,15087500
QCRH,20091027,9.93,10,9.93,10,1000
QDEL,20091027,15.05,15.26,14.94,14.96,430100
QQEW,20091027,18.6,18.65,18.28,18.37,11400
QQQ,20091027,42.95,43.11,42.18,42.34,121438100
QQQX,20091027,14.67,14.84,14.25,14.55,101800
QQXT,20091027,16.88,17.06,16.85,16.88,4300
QTEC,20091027,19.35,19.51,19,19.06,90000
QUIK,20091027,42.14,44.38,37.8,38.5,405300
RADA,20091027,4.68,5.48,4.68,5.44,3800
RAIL,20091027,25.09,25.67,24.21,24.53,173300
RAM,20091027,1.6,1.63,1.46,1.58,395500
RAND,20091027,34.65,35.55,34.65,35.55,6400
RAVN,20091027,13.025,13.265,12.93,13.025,53300
RBCAA,20091027,19.22,19.54,19.06,19.11,57100
RBCN,20091027,170.7,171.9,160.4,171.2,230900
RCII,20091027,18.92,19.39,18.22,18.5,2426300
RCKY,20091027,8.45,8.45,7.87,8.22,27900
RCMT,20091027,2.78,2.83,2.7,2.8,11500
RCON,20091027,32.5,32.85,31.2,31.55,33800
RDCM,20091027,2.23,2.33,1.66,1.87,66700
RDI,20091027,4.11,4.21,4.07,4.1,15500
RDIB,20091027,6.66,6.66,6.66,6.66,0
RDNT,20091027,2.9,2.94,2.62,2.7,123600
RDWR,20091027,6.005,6.085,5.8,6,38100
REED,20091027,1.62,1.63,1.43,1.55,82100
REFR,20091027,4.15,4.2,3.99,4.05,20300
REGN,20091027,17.49,17.71,17.19,17.2,428600
RELL,20091027,6,6.15,5.94,5.98,56300
RENT,20091027,16.83,16.86,16.36,16.39,12600
RFIL,20091027,2.195,2.195,1.975,1.995,7800
RGCO,20091027,9.3233,9.65,8.89,9.65,2300
RGEN,20091027,5.07,5.11,5.01,5.03,31600
RGLD,20091027,45.41,46.23,45.03,45.63,487000
RICK,20091027,8.03,8.04,7.85,7.91,51900
RIGL,20091027,6.29,6.52,6.14,6.16,831000
RMBS,20091027,17.71,17.87,17,17.18,1799200
RMCF,20091027,9,9,8.89,8.89,8700
RMTI,20091027,6.79,7.24,6.79,7.05,108000
RNST,20091027,14.82,15.12,14.64,14.75,69100
RNWK,20091027,4.18,4.18,4.01,4.03,507300
ROCK,20091027,13.39,13.55,12.84,13.01,227200
ROLL,20091027,24.66,25.27,23.92,23.99,89300
ROST,20091027,11.475,11.58,11.2075,11.2625,2291000
RPRX,20091027,1.17,1.17,1.1,1.12,578300
RRGB,20091027,17.82,18,17.15,17.2,280400
RUSHA,20091027,7.7467,7.9733,7.66,7.6667,76800
RUSHB,20091027,6.44,6.4533,6.2467,6.4,2100
RUTH,20091027,3.93,4,3.74,3.74,182800
RVSB,20091027,3.25,3.26,3.2,3.21,3000
RYAAY,20091027,28.18,28.31,27.58,27.71,771700
SAFM,20091027,36.92,37.82,36.92,37.48,198200
SAFT,20091027,33.96,34.33,33.69,33.86,40300
SAIA,20091027,9.4333,9.62,9.3933,9.42,239300
SALM,20091027,3.98,4.01,3.86,3.89,44400
SANM,20091027,7.93,8.07,7.14,7.21,1298200
SASR,20091027,11.56,11.78,11.22,11.23,21300
SATS,20091027,15.8356,15.9981,15.5756,15.6244,163100
SBAC,20091027,30.37,30.47,29.34,29.36,2353500
SBCF,20091027,8.5,9.15,8.25,8.45,365900
SBGI,20091027,4.46,4.46,4.08,4.18,301700
SBLK,20091027,258,258,240,244.5,482000
SBNY,20091027,29.93,31.18,29.92,30.38,982800
SBSI,20091027,20.3333,20.5714,20.0095,20.0381,21400
SBUX,20091027,9.99,10.025,9.495,9.545,16997600
SCHL,20091027,26.3,26.82,25.48,25.56,396500
SCHN,20091027,50,50.3,47.21,47.38,1355800
SCKT,20091027,3.33,3.45,3.3,3.3,4300
SCOR,20091027,17.57,18.24,16.78,16.84,106400
SCSC,20091027,26.73,27.31,26.36,26.78,173400
SCVL,20091027,10.9533,11.2,10.4,10.4133,21000
SEAC,20091027,6.98,7.1,6.94,6.94,331500
SEED,20091027,50.7,51,48.9,49.4,55900
SEIC,20091027,18.11,18.21,17.73,17.77,969700
SENEA,20091027,28.25,28.34,27.5,28.3,18400
SENEB,20091027,27.75,28.23,27.41,27.82,3900
SFNC,20091027,14.63,14.92,14.62,14.65,27400
SFST,20091027,8.02,8.02,7.65,7.65,9900
SGC,20091027,8.88,8.97,8.88,8.94,1200
SGEN,20091027,9.71,9.95,9.62,9.68,492800
SGMA,20091027,3.68,3.68,3.68,3.68,0
SGMO,20091027,6.06,6.24,5.98,6.15,242500
SGMS,20091027,15.3,15.5,12.86,13.85,9346400
SGRP,20091027,0.85,0.85,0.85,0.85,0
SHBI,20091027,15.86,16.11,15.71,15.93,7900
SHEN,20091027,8.39,8.73,8.39,8.615,31700
SHIP,20091027,4788,4848,4728,4848,700
SHIPW,20091027,0.2,0.22,0.2,0.22,9200
SHOO,20091027,8.2923,8.3773,7.8005,7.9467,426400
SHY,20091027,83.76,83.9,83.74,83.87,1267400
SIEB,20091027,2.4,2.4,2.4,2.4,1100
SIFY,20091027,2.12,2.12,2.07,2.08,94300
SIGA,20091027,6.92,7.03,6.75,6.76,145200
SIGI,20091027,15.79,16.14,15.74,15.77,240700
SILC,20091027,8.96,9.42,8.36,8.61,47300
SIMO,20091027,3.81,4.06,3.75,3.9,362700
SINO,20091027,16.75,16.85,16.1,16.1,2500
SIRI,20091027,0.6,0.6,0.56,0.59,23051900
SIVB,20091027,43.28,43.62,42.34,42.45,561700
SKYW,20091027,14.75,15.24,14.66,14.82,292300
SLAB,20091027,42.26,42.49,41.32,41.38,917700
SLGN,20091027,13.7575,13.8,13.4,13.425,348200
SLP,20091027,1.58,1.62,1.55,1.59,11000
SMBC,20091027,5.57,5.57,5.57,5.57,100
SMCI,20091027,8.41,8.58,8.4,8.42,29100
SMED,20091027,11.98,13,10.5,10.64,252000
SMIT,20091027,3.82,3.82,3.82,3.82,0
SMMF,20091027,4.28,4.29,3.75,3.75,5300
SMSI,20091027,39.44,40,36.88,37.64,353900
SMTC,20091027,16.05,16.15,15.77,15.77,627400
SNCR,20091027,12.26,12.75,12.14,12.2,60500
SNFCA,20091027,3.32,3.69,3.3,3.66,1900
SNPS,20091027,23.14,23.24,22.73,22.77,1723000
SOHU,20091027,58.4,58.57,56.41,57.3,2372800
SONO,20091027,26.68,27.19,26.23,26.48,129500
SPNS,20091027,1.28,1.45,1.28,1.4,8600
SPPI,20091027,4.18,4.19,4.01,4.12,1829100
SPRO,20091027,4.65,4.65,4.65,4.65,0
SPTN,20091027,15.03,15.24,14.96,15.07,86100
SRCE,20091027,14.75,15,14.58,14.67,18500
SRCL,20091027,52.02,53.4,52,53.35,1389700
SRDX,20091027,26.77,26.95,26.21,26.22,423900
SSBI,20091027,6.58,6.8,6.16,6.45,7200
SSTI,20091027,2.15,2.22,2.12,2.17,175900
SSYS,20091027,16.94,16.99,16.36,16.52,133000
STAA,20091027,4.04,4.24,4.04,4.06,71800
STBA,20091027,16.5,16.92,16.17,16.22,419000
STFC,20091027,17.06,17.17,16.5,16.87,87600
STKL,20091027,3.72,3.85,3.71,3.76,159100
STLD,20091027,14.63,14.8,14.11,14.35,10581500
STRA,20091027,218.56,221.47,216.59,218.71,130500
STRC,20091027,2.25,2.25,2.25,2.25,0
STRL,20091027,17.39,17.84,16.95,17.15,64900
STRM,20091027,2.34,2.5,2.25,2.5,18200
STRN,20091027,6.05,6.1,5.95,6.1,6100
STRS,20091027,9.55,10.01,9.36,9.39,2100
STRT,20091027,14.28,14.28,14.04,14.05,2800
STSA,20091027,47.52,50.16,40.92,41.58,3392400
STX,20091027,15.83,15.98,15.31,15.32,8128500
SUMR,20091027,45.63,45.99,45.54,45.54,5700
SURG,20091027,1.51,1.61,1.36,1.47,43400
SVBI,20091027,3.11,3.5,3.11,3.5,300
SWIR,20091027,9.31,9.39,9.17,9.3,136200
SWKS,20091027,10.62,10.72,10.16,10.37,7067600
SYBT,20091027,14.8667,15.1267,14.7667,14.8867,20300
SYNA,20091027,24.24,24.4,23.61,23.88,1377600
SYNL,20091027,9.72,9.75,9.6,9.75,9400
SYPR,20091027,2.68,3.48,2.58,3.48,62900
TACT,20091027,5.96,5.96,5.57,5.71,18900
TAIT,20091027,1.27,1.3,1.27,1.3,2000
TAST,20091027,7.08,7.2,6.87,6.88,83000
TAYD,20091027,4.75,4.75,4.5,4.7,12000
TBBK,20091027,5.25,5.5,5.16,5.31,78600
TBNK,20091027,16.22,16.4,16.14,16.18,20300
TCBI,20091027,15.65,15.85,15.5,15.53,202000
TCBK,20091027,15.36,15.78,15.27,15.38,38900
TCX,20091027,2.16,2.2,2.04,2.12,83000
TEAM,20091027,7.7,8.02,7.7,7.73,10700
TECH,20091027,63.75,64.5,63.12,63.12,155100
TESS,20091027,11.4533,11.4667,11.2667,11.2667,900
TFSL,20091027,11.62,11.8,11.55,11.55,434800
TGA,20091027,4.2,4.22,4.09,4.11,122500
THFF,20091027,27.79,28.14,27.36,27.39,18300
THRX,20091027,14.77,15.04,14.48,14.75,350600
TIGR,20091027,2.91,2.95,2.78,2.9,17000
TITN,20091027,12.3,12.61,11.43,11.46,296800
TLT,20091027,93.97,95.11,93.92,95,4476200
TNDM,20091027,23.1,23.25,22.5,22.64,370000
TOPS,20091027,8120000,8120000,6790000,7350000,230400
TOWN,20091027,12.26,12.54,11.76,12.04,43600
TREE,20091027,7.54,7.67,7.38,7.49,88500
TRIB,20091027,3.79,3.88,3.56,3.67,54300
TRIT,20091027,15.84,16.12,13.7,13.81,329000
TRMB,20091027,10.75,10.82,10.58,10.65,776000
TRMD,20091027,106.5,106.7,105,105,11600
TRMK,20091027,18.65,19.14,18.4,18.68,402400
TRNS,20091027,5.92,6.44,5.92,6.44,300
TROW,20091027,53.61,53.99,51.89,51.94,2965000
TRS,20091027,4.78,5.05,4.73,4.74,21800
TRST,20091027,6.09,6.23,6.06,6.06,252200
TRUE,20091027,2.57,2.57,2.55,2.55,900
TSBK,20091027,4.55,4.62,4.31,4.62,11900
TSCO,20091027,11.5875,11.6875,11.235,11.5,846900
TSEM,20091027,16.35,16.5,15.9,15.9,261800
TSRI,20091027,2.15,2.15,2.15,2.15,2000
TTEC,20091027,16.78,17.28,16.6,16.81,415500
TTEK,20091027,27.07,27.47,26.93,27.01,469000
TTGT,20091027,6.41,6.62,6.24,6.35,20100
TTMI,20091027,10.87,10.98,10.63,10.74,187000
TTWO,20091027,11.98,12.33,11.83,12.17,2466900
TWIN,20091027,10.09,10.43,10.05,10.21,35700
TXN,20091027,24.03,24.35,23.69,23.8,29337500
TXRH,20091027,10.06,10.12,9.91,10.02,709600
TZOO,20091027,13.66,13.98,12.88,12.97,61700
UBCP,20091027,8.25,8.25,7.82,8.16,7100
UBFO,20091027,3.01,3.18,2.77,2.77,8600
UBOH,20091027,10.4,10.4,10.4,10.4,400
UBSI,20091027,18.49,19.54,18.4,18.82,567400
UCBI,20091027,4.26,4.35,4.15,4.16,1384000
UCTT,20091027,6.2,6.86,5.92,6.5,639300
UEIC,20091027,21.09,21.1,20.8,20.95,55200
UEPS,20091027,18.74,19.1,18.1,18.2,475900
UFCS,20091027,18.65,19.22,18.39,18.4,134100
UFPI,20091027,38.59,39.35,38.11,38.28,210100
UFPT,20091027,6.19,6.29,6.18,6.25,3500
UG,20091027,10,10,9.99,10,400
UHAL,20091027,45.77,46.1,44.61,44.61,27000
ULBI,20091027,3.92,4.02,3.91,3.94,136200
ULTA,20091027,15.91,16.12,15.6,15.73,265400
UMBF,20091027,39.18,41.47,39.1,40.95,296800
UMPQ,20091027,9.72,10.44,9.72,10.09,1457200
UNAM,20091027,9.52,10.24,9.51,9.99,3400
UNB,20091027,16.27,16.27,16.27,16.27,200
UNTY,20091027,4.1,4.49,4.1,4.49,7900
URBN,20091027,33.12,33.29,31.54,31.9,2815600
USAK,20091027,11.8,11.85,11.53,11.61,20000
USAP,20091027,15.73,16.18,15.01,15.51,99400
USEG,20091027,364.8,369.6,362.4,363,293800
USLM,20091027,36.65,37.31,35.78,35.85,7100
UTHR,20091027,41.61,42.36,41.45,42.16,484800
UTMD,20091027,29.61,29.61,29.36,29.36,3400
UTSI,20091027,6.39,6.45,6.3,6.3,432100
UVSP,20091027,20.1,20.52,19.88,19.95,13100
VALU,20091027,31.22,31.76,31.15,31.4,1800
VBFC,20091027,64,64,64,64,500
VECO,20091027,25.42,27.35,24.64,26.36,2576900
VIA,20091027,30.4,30.43,29.56,29.72,90700
VICR,20091027,7.07,7.25,6.99,6.99,36000
VIRC,20091027,2.75,2.75,2.74,2.74,3400
VIVO,20091027,22.56,23.08,22.5,22.78,128600
VLGEA,20091027,30.12,30.75,29.55,30.14,6700
VNDA,20091027,10.18,10.2,9.95,9.98,1162700
VOD,20091027,22.68,22.8,22.39,22.58,6288900
VOXX,20091027,7.28,7.28,6.72,6.72,40800
VRSK,20091027,28.54,29.25,27.93,28.56,1579000
VRSN,20091027,23.55,24.03,23.23,23.48,2203400
VRTS,20091027,14.99,15.2,14.61,15.02,5100
VRTX,20091027,32.19,33.7,31.93,33.37,3858400
VSAT,20091027,30.22,30.72,30.15,30.25,206000
VSEC,20091027,22.735,23.465,22,22.69,36800
WABC,20091027,48.65,49.36,48.36,48.92,224200
WAFD,20091027,17.79,17.95,17.42,17.5,2047800
WASH,20091027,16,16.05,15.49,15.49,99100
WAVE,20091027,0.71,0.72,0.68,0.68,484000
WDC,20091027,35.31,35.91,34.46,34.55,3942300
WDFC,20091027,33.46,33.93,32.91,33.09,95700
WERN,20091027,19.52,19.7,19.28,19.47,1029100
WEYS,20091027,22.43,22.72,22.4,22.44,6500
WILC,20091027,5.1,5.5,5.1,5.35,17200
WINA,20091027,22,22,21.9,21.9,9300
WIRE,20091027,21.09,21.82,20.78,21.43,270100
WLDN,20091027,3.02,3.02,3.02,3.02,1100
WLFC,20091027,11.9,11.9,11.67,11.67,11200
WOOD,20091027,36.81,36.86,36.5,36.67,3200
WOOF,20091027,23.19,24.19,23,24.04,1301600
WPRT,20091027,10.75,10.75,9.93,10.4,344600
WRLD,20091027,25.31,25.31,24.1,24.48,253100
WSBC,20091027,14.74,15,14.5,14.6,53800
WSBF,20091027,3.56,3.67,3.36,3.45,16200
WSFS,20091027,9.2133,9.5833,9.2133,9.2867,23300
WSTG,20091027,8.05,8.09,7.99,7.99,2100
WTBA,20091027,4.73,4.75,4.36,4.48,35400
WTFC,20091027,32,32,28.02,29.59,1208700
WVFC,20091027,14.5,14.5,14.5,14.5,0
WVVI,20091027,3.84,3.84,3.84,3.84,100
WYNN,20091027,61.32,61.33,55.2,56.13,14311200
XLNX,20091027,23.02,23.31,22.4,22.57,4705600
XOMA,20091027,15.6,15.6,14.2,14.6,3591700
XRAY,20091027,36.13,36.8,35.8,35.91,1490500
XRTX,20091027,137.4,140.64,132.48,134.16,368000
YORW,20091027,14.25,14.66,14.23,14.35,24800
ZBRA,20091027,25.46,25.72,25.2,25.39,212400
ZEUS,20091027,29.2,29.2,27.69,28.28,204000
ZION,20091027,15.68,15.93,15.18,15.29,6759700
ZIOP,20091027,3.15,3.25,2.75,2.88,390400
ZIXI,20091027,1.99,2.04,1.92,2.01,692700
ZUMZ,20091027,13.94,13.95,13.42,13.48,166600
