AAME,20091123,1.25,1.26,1.25,1.25,1300
AAON,20091123,5.8311,5.9615,5.7985,5.84,71700
AAPL,20091123,7.25,7.3572,7.2482,7.3529,16970500
AAWW,20091123,30.41,31.2,30.28,30.85,461600
AAXJ,20091123,55.79,56.5,55.79,56.15,96200
ABCB,20091123,6.34,6.58,6.25,6.3,47500
ABIO,20091123,2177.28,3402,2079,3265.92,3557400
ABMD,20091123,8.28,8.56,8.28,8.54,152900
ACAD,20091123,1.33,1.39,1.3,1.34,252900
ACET,20091123,5.3,5.34,5.13,5.24,140300
ACGL,20091123,7.7744,7.7789,7.7078,7.7222,362600
ACIW,20091123,5.7733,5.95,5.72,5.86,59900
ACLS,20091123,4.68,4.88,4.68,4.72,414000
ACMR,20091123,3.41,3.41,3.11,3.38,123200
ACOR,20091123,24.15,24.69,23.86,24.26,461900
ACTG,20091123,7.5,7.99,7.49,7.51,127700
ACWI,20091123,42.34,42.84,42.34,42.53,222600
ACWX,20091123,41.62,41.7,41.34,41.4,78300
ADBE,20091123,36.05,36.68,35.98,36.44,3085400
ADES,20091123,1.3,1.5,1.3,1.45,46500
ADI,20091123,27.99,27.99,27.65,27.94,4722600
ADP,20091123,38.3671,38.9552,38.3407,38.8412,3052200
ADPT,20091123,3.2,3.25,3.13,3.14,810000
ADRE,20091123,45.01,45.16,44.6,44.71,152800
ADSK,20091123,24.16,24.62,23.97,24.36,5076200
ADTN,20091123,22.09,22.4,21.54,21.73,1317600
ADUS,20091123,8.03,8.25,7.85,8.15,43100
AEHR,20091123,1.47,1.55,1.45,1.52,12000
AEIS,20091123,11.68,12.01,11.66,11.77,204500
AEY,20091123,2.06,2.21,1.98,2.2,8900
AEZS,20091123,600,618,588,594,31300
AGEN,20091123,0.89,0.9,0.66,0.76,2096500
AGNC,20091123,26.49,26.5,26.12,26.2,228600
AGYS,20091123,8.65,8.92,8.3,8.76,170600
AHPI,20091123,5.28,5.51,5.28,5.42,600
AIMC,20091123,11.82,12.18,11.72,11.9,172100
AINV,20091123,28.53,28.92,28.23,28.38,1119800
AIRT,20091123,9.67,10.38,9.67,9.79,18900
AKAM,20091123,24.32,24.83,24.32,24.59,2995000
ALCO,20091123,26.85,26.9,26.54,26.8,5000
ALGN,20091123,15.65,16.25,15.64,15.81,239300
ALGT,20091123,41.1,41.82,41.1,41.65,73100
ALKS,20091123,8.78,8.9,8.63,8.65,1023100
ALLT,20091123,3.91,4,3.89,3.94,36200
ALNY,20091123,17.1,17.5,16.81,16.95,107000
ALOT,20091123,6.39,6.53,6.39,6.4,5400
ALTR,20091123,20.95,21.14,20.77,20.83,5292100
ALVR,20091123,39,39.3,38.8,39,325600
AMAT,20091123,12.41,12.59,12.33,12.4,13601500
AMD,20091123,7.03,7.15,6.94,7,29284200
AMED,20091123,38.21,39.31,38.1,38.97,560100
AMGN,20091123,55.82,56.59,55.75,56.25,5033500
AMKR,20091123,5.87,6,5.71,5.76,1767700
AMNB,20091123,21.42,21.75,21.38,21.6,12800
AMOT,20091123,2.39,2.39,2.25,2.38,6700
AMPH,20091123,23.52,24.54,23.52,24.19,15800
AMPL,20091123,59.2,66,59.2,62.6,186900
AMRN,20091123,1.35,1.35,1.18,1.2,42400
AMSC,20091123,330.7,343.2,330.7,340.3,1226400
AMSF,20091123,17.56,18.03,17.56,17.9,70100
AMSWA,20091123,6.18,6.35,6.18,6.31,33200
AMWD,20091123,19.56,20.12,19.4,19.59,16300
AMZN,20091123,131.05,133,131,133,6878000
ANAT,20091123,100.71,101.69,99.85,101.34,37200
ANDE,20091123,18.9867,19.5933,18.9867,19.2267,261900
ANGN,20091123,3.75,3.75,3.54,3.54,600
ANGO,20091123,15.82,16.2,15.81,15.99,115300
ANIK,20091123,8.02,8.25,8.02,8.15,35400
ANSS,20091123,40.09,40.99,39.91,40.46,351600
APAC,20091123,5.55,5.69,5.48,5.48,148900
APEI,20091123,32.43,32.87,32.38,32.8,51700
APOG,20091123,14.28,14.71,14.16,14.46,145100
ARAY,20091123,5.63,5.75,5.51,5.6,112000
ARCC,20091123,12,12.13,11.84,11.89,1067200
ARKR,20091123,13.5,14.25,13.5,13.78,8300
ARLP,20091123,19.75,19.87,19.385,19.425,63200
ARNA,20091123,36.2,36.5,34,34.8,2139100
AROW,20091123,25.42,25.76,25.2,25.66,8800
ARRY,20091123,2.07,2.13,1.93,1.94,225200
ARTNA,20091123,16.77,17.06,16.55,16.76,16800
ARTW,20091123,3.95,4.14,3.9,4.14,1800
ARWR,20091123,0.69,0.69,0.62,0.68,78000
ASML,20091123,30.52,31.07,30.52,30.77,1890500
ASPS,20091123,16.68,16.82,16.5,16.5,49100
ASRV,20091123,1.62,1.62,1.62,1.62,0
ASTC,20091123,1.59,1.59,1.51,1.57,145500
ASTE,20091123,25.7,26.76,25.64,25.93,124600
ASUR,20091123,0.16,0.1667,0.1533,0.1533,153000
ASYS,20091123,6.18,6.36,5.98,6.36,26200
ATAI,20091123,4.95,5.35,4.77,5.24,30300
ATAX,20091123,5.49,5.5,5.4,5.4,49200
ATEC,20091123,50.52,53.04,49.8,52.08,120800
ATHX,20091123,1.02,1.02,1,1,10100
ATLO,20091123,19.65,20.96,19.65,20.36,6300
ATNI,20091123,50.63,52.1,49.45,49.91,34500
ATRC,20091123,5.86,5.99,5.58,5.65,18300
ATRI,20091123,139,142.71,139,142.22,2700
ATRO,20091123,6.75,6.8917,6.6083,6.625,22200
ATSG,20091123,2.4,2.45,2.31,2.38,222800
ATVI,20091123,11.55,11.57,11.36,11.45,13703800
AUBN,20091123,19.56,19.85,19.28,19.62,4500
AUDC,20091123,2.6,2.63,2.55,2.55,54400
AVAV,20091123,28.41,29.13,28.41,28.69,49300
AVCT,20091123,24.95,24.97,24.95,24.96,350200
AVGO,20091123,15.54,15.61,15.15,15.19,465200
AVID,20091123,11.88,12.31,11.88,12.14,118500
AWRE,20091123,2.27,2.27,2.14,2.18,7700
AXTI,20091123,2.25,2.33,2.25,2.29,209500
AZPN,20091123,9.65,9.65,9.55,9.61,27700
BANF,20091123,37.65,38.61,37.65,38.2,9800
BANFP,20091123,25.03,25.3,25.03,25.3,900
BANR,20091123,20.16,21.14,19.67,21,209500
BBBY,20091123,37.48,38.11,37.4,37.6,2319000
BBGI,20091123,3.61,3.61,3.2,3.2,4600
BBSI,20091123,11.19,11.25,11.02,11.05,19600
BCBP,20091123,8.12,8.72,8.08,8.08,800
BCPC,20091123,20.8467,21.3133,20.8467,21.2667,156300
BCRX,20091123,9.63,9.7,8.83,8.9,3971400
BDSI,20091123,4.26,4.28,4.05,4.08,100600
BEAT,20091123,5.12,5.17,5,5.03,478900
BECN,20091123,15.58,15.9,15.43,15.71,357700
BELFA,20091123,18.18,18.39,18.13,18.23,8400
BELFB,20091123,18.3,19.11,18.02,19.05,24500
BFIN,20091123,9.37,9.69,9.36,9.55,29700
BGCP,20091123,4.52,4.6,4.46,4.5,103300
BGFV,20091123,16.7,17.27,16.7,16.93,78100
BIDU,20091123,43.388,43.988,43.316,43.9,1432300
BIIB,20091123,42.9883,43.4764,42.6935,43.0988,2437500
BIOC,20091123,123,123,120,122.7,1900
BITS,20091123,6.94,6.94,6.58,6.73,7600
BJRI,20091123,17.27,17.72,17.26,17.6,213800
BKCC,20091123,8.27,8.27,8.05,8.12,339000
BKSC,20091123,11,11,11,11,200
BLDP,20091123,2.39,2.43,2.31,2.33,106200
BLKB,20091123,21.89,22.3,21.77,21.95,131300
BMRC,20091123,16.48,16.56,16.425,16.56,12200
BMRN,20091123,17.19,17.27,16.91,16.97,517100
BMTC,20091123,15.26,15.49,14.88,15.24,17100
BNSO,20091123,1.06,1.08,1.06,1.08,2300
BOKF,20091123,45.29,46.45,45.06,46.05,79400
BOLT,20091123,10.2,10.39,10.11,10.15,26500
BOOM,20091123,20.2,20.96,20.12,20.21,102100
BOSC,20091123,1.24,1.4,1.2,1.28,13700
BPOP,20091123,24.4,25.9,24.4,25.1,4408600
BPOPM,20091123,15.62,15.62,15.6,15.6,1000
BPOPN,20091123,17,17,15.26,15.44,10200
BRID,20091123,9.64,9.73,8.59,9.5,10600
BRKL,20091123,9.51,9.71,9.4,9.51,258900
BRKR,20091123,11.84,12,11.56,11.75,526500
BRKS,20091123,7.59,7.75,7.57,7.66,235700
BRLI,20091123,16.14,16.555,16.14,16.375,44400
BSET,20091123,3.5,3.69,3.42,3.48,31800
BSQR,20091123,2.26,2.26,2.25,2.25,1200
BSRR,20091123,7.5,7.5,7.29,7.34,10900
BUSE,20091123,3.12,3.33,3.12,3.28,189200
BWEN,20091123,71,72.5,70.5,72,145900
BYFC,20091123,6.5,6.5,6.5,6.5,0
CAAS,20091123,17.15,17.43,16.75,16.83,423900
CAC,20091123,32.67,33,32.62,33,7400
CACC,20091123,34.83,35.43,34.66,34.98,32100
CAKE,20091123,19,19.42,18.9,19.02,775600
CALM,20091123,13.99,14.295,13.99,14.21,146300
CAMP,20091123,3.15,3.24,3,3.23,40800
CAMT,20091123,1.32,1.34,1.27,1.34,7500
CARV,20091123,8.01,8.01,8.01,8.01,0
CASA,20091123,2.5,2.5,2.5,2.5,900
CASH,20091123,7,7,7,7,100
CASS,20091123,29.12,30.73,29.12,30.54,13100
CASY,20091123,31.18,31.65,31.15,31.4,323000
CATY,20091123,8.1,8.15,7.93,8,838700
CBAN,20091123,5.34,5.52,5.05,5.05,1000
CBNK,20091123,12.95,12.97,12.65,12.91,11300
CBRL,20091123,35.29,35.86,34.86,35.37,283100
CBSH,20091123,41.18,41.77,40.98,41.52,196300
CCBG,20091123,12.13,12.77,12.08,12.21,19200
CCMP,20091123,31.61,31.83,31.18,31.43,53200
CCNE,20091123,16.58,17.36,16.58,17.31,5200
CCOI,20091123,8.5,8.79,8.42,8.46,708000
CCRN,20091123,8.82,9.11,8.82,8.89,93400
CDNS,20091123,6.16,6.31,6.09,6.11,2082600
CDZI,20091123,11.21,11.95,11.21,11.9,68500
CECE,20091123,3.66,3.81,3.61,3.73,19100
CENT,20091123,9.65,9.8,8.84,8.84,681700
CENTA,20091123,8.97,8.97,8.37,8.41,539900
CENX,20091123,10.16,10.23,9.66,9.78,3738800
CERN,20091123,19.0025,19.545,19.0025,19.4175,922200
CERS,20091123,2,2,1.94,1.98,287100
CEVA,20091123,11.29,11.54,11.28,11.36,34400
CFBK,20091123,45.375,46.75,35.75,38.225,5900
CFFI,20091123,18.1,18.1,18.1,18.1,0
CFFN,20091123,29.86,29.95,29.62,29.76,72100
CGEN,20091123,2.75,2.88,2.75,2.8,21100
CGNX,20091123,4.355,4.4325,4.355,4.4,110700
CHCI,20091123,0.76,0.81,0.76,0.8,16800
CHCO,20091123,33.03,33.47,32.32,32.83,207200
CHDN,20091123,11.4467,11.7433,11.4267,11.5567,61500
CHKP,20091123,32.65,33.2,32.61,33.19,2037100
CHNG,20091123,9.67,9.69,9.5,9.56,245200
CHNR,20091123,10.84,10.84,10.44,10.45,7900
CHRS,20091123,4.97,5.1,4.87,4.99,930000
CHRW,20091123,57.68,58.17,56.96,57.1,1352200
CHSCP,20091123,28.24,28.25,27.9,27.9,6700
CIDM,20091123,12.5,15,12.5,15,70700
CINF,20091123,25.68,25.93,25.54,25.73,843800
CIZN,20091123,22.12,23.31,22.11,22.99,7300
CLDX,20091123,74.7,75.75,71.25,72.3,212500
CLFD,20091123,3.32,3.4,3.17,3.21,73200
CLMT,20091123,17.26,17.28,17.17,17.25,71000
CLNE,20091123,12.12,12.38,11.94,12.04,351200
CLRO,20091123,2.76,2.76,2.7,2.7,1100
CLSN,20091123,3.15,3.16,3.1,3.15,27900
CLWT,20091123,7.5167,7.9933,7.37,7.81,60400
CMCO,20091123,16.2,16.9,16.2,16.54,63200
CMCSA,20091123,7.58,7.675,7.4,7.545,37134900
CME,20091123,65.214,65.98,64.228,64.738,584800
CMLS,20091123,18,18.4,17.44,17.84,47200
CMTL,20091123,30.45,30.69,29.64,29.68,746800
CNBKA,20091123,23.88,24.37,22.83,23.23,15700
CNOB,20091123,8.33,8.53,8.33,8.48,30900
CNSL,20091123,14.2,14.63,14.2,14.36,101500
CNTY,20091123,2.83,2.84,2.58,2.79,16100
COCO,20091123,15.61,15.74,15.1,15.29,1784200
COGT,20091123,9.07,9.24,8.92,8.93,927700
COHR,20091123,26.5,26.61,26.21,26.5,172900
COHU,20091123,11.8,12.26,11.61,11.77,53700
COIN,20091123,0.73,0.86,0.71,0.79,6583200
COKE,20091123,46.56,47,46.42,46.55,10600
COLB,20091123,14.78,15.18,14.72,15,205400
COLM,20091123,19.49,19.645,19.22,19.41,173500
COMS,20091123,7.48,7.49,7.45,7.46,7511000
CONN,20091123,6.6,6.67,6.51,6.55,225300
COOL,20091123,36.96,38.22,36.96,38.22,189600
CORT,20091123,2.09,2.11,2.08,2.11,5500
COST,20091123,60.1,60.86,59.93,60.57,2750500
CPHC,20091123,6.63,6.65,6.63,6.65,400
CPIX,20091123,15.49,15.49,14.5,15.15,34200
CPLP,20091123,7.6,7.74,7.5,7.53,149400
CPRT,20091123,8.25,8.3325,8.205,8.25,362100
CPRX,20091123,0.68,0.78,0.68,0.76,11800
CPSI,20091123,44.64,46.03,44.04,45.96,82700
CPSS,20091123,1.16,1.18,0.99,1.03,72500
CRAI,20091123,24.34,24.75,24.34,24.65,48800
CRESW,20091123,0.21,0.21,0.19,0.19,7300
CRESY,20091123,13.98,14.11,13.69,14.04,117500
CRIS,20091123,11.75,13.7,11.55,13.5,1582900
CRMT,20091123,24.46,24.82,24.44,24.58,70100
CRNT,20091123,9.66,9.92,9.66,9.83,161200
CROX,20091123,5.56,5.63,5.34,5.38,1508800
CRTX,20091123,5.77,6.07,5.77,6.07,26500
CRUS,20091123,5.22,5.51,5.22,5.5,642700
CRVL,20091123,15.25,16.12,15.245,15.91,34000
CRWS,20091123,2.8,2.9,2.75,2.75,126300
CSCO,20091123,23.69,23.91,23.65,23.9,29301100
CSGP,20091123,41,41.66,40.56,41.64,223700
CSGS,20091123,17.01,17.48,17.01,17.35,128300
CSII,20091123,5.13,5.13,4.93,4.98,42100
CSIQ,20091123,21.5,22.43,21.47,21.99,1763200
CSPI,20091123,3.47,3.48,3.47,3.48,2600
CSTR,20091123,26.86,27.27,26.3,26.48,602300
CSWC,20091123,19.3275,19.4975,19.2525,19.4975,6600
CSX,20091123,16.3733,16.6,16.1233,16.2267,4319300
CTAS,20091123,28.23,28.7,28.04,28.59,1108600
CTBI,20091123,23.98,24.64,23.98,24.31,20800
CTHR,20091123,1.34,1.48,1.2,1.38,461700
CTIB,20091123,2.14,2.16,2.14,2.14,2100
CTIC,20091123,54.5,56,53,56,8343600
CTRN,20091123,27.73,28.15,27.34,27.99,239800
CTSH,20091123,22.04,22.55,22.005,22.305,3669300
CTXS,20091123,30.3742,31.051,30.2468,30.7564,1653200
CUBA,20091123,6.69,6.75,6.42,6.64,18800
CUTR,20091123,9.15,9.24,9.08,9.17,15700
CVBF,20091123,7.92,7.96,7.7,7.8,1113700
CVCO,20091123,35.5,36.48,35.35,35.8,7300
CVCY,20091123,5.59,5.81,5.53,5.54,7200
CVGI,20091123,5.26,5.39,5.16,5.35,168300
CVGW,20091123,18.94,19,18.43,18.71,65200
CVLT,20091123,21.7,22.11,21.35,21.82,237000
CVLY,20091123,5.91,6,5.91,6,1000
CVV,20091123,3.32,3.32,3.32,3.32,0
CWBC,20091123,3,3,3,3,300
CWCO,20091123,13.03,13.73,13.03,13.62,59100
CWST,20091123,3.23,4.17,3.23,4.05,1690000
CYAN,20091123,2.78,3.55,2.78,3.47,115900
CYBE,20091123,5.82,6.14,5.82,6.04,4700
CYCC,20091123,1360.8,1377.6,1276.8,1344,74100
CYCCP,20091123,1.5,1.5,1.5,1.5,0
CYTK,20091123,20.58,21.12,20.4,20.88,167900
CZNC,20091123,9.5,9.99,9.18,9.3,19500
CZWI,20091123,3.99,3.99,3.99,3.99,0
DAIO,20091123,3.91,4.08,3.87,3.9,2400
DAKT,20091123,8.17,8.43,8.11,8.39,115300
DCOM,20091123,11.84,12.1,11.73,11.8,59100
DCTH,20091123,1272.32,1305.6,1251.84,1277.44,641800
DDMX,20091123,18.63,18.87,18.49,18.76,15000
DENN,20091123,2.22,2.29,2.16,2.27,1178500
DGICA,20091123,15.16,15.28,15.1,15.25,44900
DGICB,20091123,16.78,16.78,16.78,16.78,100
DGII,20091123,7.82,7.94,7.75,7.9,67400
DGLY,20091123,1.79,1.79,1.69,1.7,55000
DHIL,20091123,67,69.74,67,68.36,13900
DIOD,20091123,18.15,18.66,18.08,18.18,144200
DISCA,20091123,31.88,32.4,31.31,31.64,1086400
DISCB,20091123,32,32.44,31.64,31.64,800
DISCK,20091123,13.965,14.23,13.705,13.855,318500
DISH,20091123,20.16,20.61,20.05,20.37,3207200
DJCO,20091123,54.12,54.12,54.12,54.12,200
DLTR,20091123,16.44,16.56,16.24,16.3667,1577100
DMLP,20091123,20.82,21.51,20.82,21.03,30500
DMRC,20091123,14.54,14.6,14.43,14.55,7600
DORM,20091123,8,8.315,7.96,8.315,48100
DRIV,20091123,26.39,26.69,26.27,26.44,810800
DRRX,20091123,2.15,2.21,2.08,2.21,152200
DSGX,20091123,4.97,5.11,4.95,5.04,15300
DSPG,20091123,6.29,6.4,6.08,6.19,65000
DSWL,20091123,4.17,4.19,4.05,4.14,11000
DVAX,20091123,12.9,13.4,12.6,13.1,225000
DWSN,20091123,22.37,22.94,21.83,22.06,58600
DXCM,20091123,7.39,7.54,7.34,7.39,128700
DXPE,20091123,12.24,12.45,12.04,12.13,21700
DXYN,20091123,2.52,2.73,2.31,2.51,28900
DYNT,20091123,3.65,3.7,3.25,3.5,21900
EBAY,20091123,9.6758,9.9032,9.6505,9.8737,11698700
EBIX,20091123,16.8,17.3333,16.77,17.14,415600
EBSB,20091123,3.5049,3.6356,3.5049,3.5866,15000
EBTC,20091123,11.05,11.66,10.85,11.09,8000
ECHO,20091123,12.81,13.23,12.76,13.07,17200
ECOL,20091123,16.5,17.19,16.49,16.9,34400
ECPG,20091123,16.81,17.15,16.65,16.79,59200
EDAP,20091123,3.32,3.39,3.26,3.3,38000
EDUC,20091123,2.725,2.725,2.725,2.725,0
EEFT,20091123,22.62,23.23,22.56,23.1,173400
EFOI,20091123,3.85,3.85,3.65,3.75,13700
EFSC,20091123,8.18,8.39,8,8.12,17100
EGBN,20091123,9.43,9.8,9.43,9.8,26800
EGLE,20091123,62193.6,63000,58262.4,58867.2,4926300
EHTH,20091123,13.58,13.68,13.38,13.47,104700
ELSE,20091123,3,3,2.91,3,2500
ELTK,20091123,1.11,1.14,1.08,1.14,700
EMCF,20091123,15,15,14.99,14.99,500
EMIF,20091123,29.78,29.78,29.47,29.5,6800
EMKR,20091123,4.08,4.2,3.72,3.8,537300
ENDP,20091123,22.42,22.88,22.1,22.75,1053300
ENG,20091123,2.85,3.18,2.8,3.17,238100
ENSG,20091123,7.345,7.5,7.345,7.42,25200
ENTG,20091123,4.16,4.33,4.14,4.3,789200
EPAY,20091123,15.94,16.33,15.86,16.11,225900
EQIX,20091123,95.79,97.65,95.3,96.66,484300
ERES,20091123,5.9,5.98,5.74,5.79,370800
ERIC,20091123,10.26,10.31,10.12,10.15,5060000
ERIE,20091123,36.82,37.35,36.79,37.02,33900
ERII,20091123,5.62,5.79,5.57,5.76,201700
ESBK,20091123,16.09,16.11,16.08,16.08,500
ESCA,20091123,2.43,2.44,2.19,2.19,10900
ESEA,20091123,38.32,38.32,36.72,37.76,107300
ESGR,20091123,73.19,75,73.07,74.67,19100
ESLT,20091123,60.14,60.84,60.14,60.46,28800
ESSA,20091123,12.9,13.3,12.79,13.19,41900
EVK,20091123,2.4,2.55,2.4,2.55,3100
EVOL,20091123,6.19,6.19,6,6.13,19400
EWBC,20091123,14.27,14.63,14.2,14.45,1261400
EXAS,20091123,2.59,2.6,2.52,2.54,44000
EXEL,20091123,6.78,6.92,6.7,6.81,737800
EXLS,20091123,16.95,17.24,16.82,17.05,183000
EXPD,20091123,32.53,33.18,32.42,32.7,1227600
EXPE,20091123,25.22,25.92,25.17,25.75,4029300
EXPO,20091123,6.73,7.0375,6.73,6.9475,43100
EXTR,20091123,2.28,2.38,2.28,2.31,479400
EZPW,20091123,14.93,15.27,14.93,15.24,356000
FARM,20091123,17.54,18.27,17.37,18.21,15300
FARO,20091123,18.74,19.25,18.74,19.21,40300
FAST,20091123,9.395,9.64,9.3375,9.42,974100
FBIZ,20091123,9.9,9.9,9.9,9.9,0
FBMS,20091123,7.3,7.3,7.3,7.3,0
FBNC,20091123,14.23,14.48,14.02,14.27,48000
FCAL,20091123,3.59,3.75,3.54,3.63,15900
FCAP,20091123,15,15,15,15,100
FCBC,20091123,11.23,11.59,10.58,11.06,73000
FCCO,20091123,6.45,6.45,6.01,6.04,2400
FCCY,20091123,6.62,6.89,6.62,6.89,1700
FCEL,20091123,476.64,482.4,468,472.32,284100
FCFS,20091123,18.91,19.34,18.88,19,178200
FCNCA,20091123,154.23,155.96,154.23,155.59,4900
FEIM,20091123,4.54,4.54,4.5,4.52,3600
FELE,20091123,13.94,14.33,13.875,14.11,79600
FFBC,20091123,13.21,13.75,13.12,13.56,367900
FFHL,20091123,1.23,1.29,1.23,1.25,5600
FFIC,20091123,11.11,11.4,11.03,11.21,115400
FFIN,20091123,8.5717,8.7417,8.57,8.7084,67300
FFIV,20091123,47.29,48.29,47.29,48.27,864100
FFNW,20091123,6.79,6.98,6.79,6.94,34300
FISI,20091123,11.26,11.76,11.26,11.55,10700
FISV,20091123,11.9775,12.09,11.86,11.9775,1551300
FITB,20091123,10.04,10.17,9.96,10.17,18773500
FITBP,20091123,122.99,123.27,122.15,123.27,51300
FIZZ,20091123,11,11.04,10.73,10.94,23300
FLEX,20091123,7.26,7.49,7.25,7.47,11835700
FLIC,20091123,15.9667,16.2733,15.8333,16.1267,11200
FLWS,20091123,2.64,2.72,2.63,2.66,78300
FLXS,20091123,8.62,8.62,8.05,8.33,2500
FMBI,20091123,10.08,10.42,10.04,10.31,435500
FNLC,20091123,16.05,16.5,15.95,16.5,13300
FOLD,20091123,3.86,4.01,3.86,3.94,41300
FONR,20091123,2.35,2.49,1.81,1.9,305000
FORD,20091123,2.04,2.05,2.02,2.02,25400
FORM,20091123,17.76,18.14,17.6,17.66,390300
FORR,20091123,25.21,25.94,25.21,25.7,215100
FORTY,20091123,11.01,11.25,10.85,11.15,5300
FOSL,20091123,32.21,33.4,31.99,32.9,657200
FRBK,20091123,4.05,4.1,3.98,3.99,35900
FREE,20091123,255000000,255000000,237000000,237000000,200000
FREEW,20091123,0.1,0.1,0.1,0.1,0
FRME,20091123,6.04,6.5,6.04,6.21,51400
FRPT,20091123,5.27,5.39,5.18,5.35,731200
FSFG,20091123,10.25,10.5,10.25,10.5,5000
FSII,20091123,1.42,1.42,1.3,1.32,110100
FSLR,20091123,123.65,124.93,120.8,121.42,1594300
FSTR,20091123,29.45,29.92,29.12,29.53,19900
FTEK,20091123,9.79,10,9.66,9.82,153200
FTNT,20091123,8.53,8.585,8.3,8.45,1185700
FULT,20091123,8.6,8.75,8.58,8.69,1002900
FUNC,20091123,7.86,7.93,7.5,7.55,16100
FUND,20091123,5.89,5.99,5.89,5.91,25800
FWRD,20091123,23.72,24.63,23.69,23.99,176600
GABC,20091123,11.06,11.3933,11.02,11.3067,15000
GAIA,20091123,7.5,7.5,7.31,7.42,37600
GAIN,20091123,4.58,4.81,4.54,4.61,32800
GALT,20091123,1.83,1.86,1.8,1.8,78900
GAME,20091123,10.64,10.66,10.4,10.5,447800
GASS,20091123,5.86,5.89,5.7,5.88,73200
GBCI,20091123,13.25,13.65,13.12,13.4,638800
GCBC,20091123,7.295,7.295,7.295,7.295,0
GENC,20091123,4.9067,4.9333,4.9067,4.92,1100
GENE,20091123,27,28.8,27,28.8,3500
GERN,20091123,5.6,5.7,5.36,5.46,1572400
GFED,20091123,6,6,6,6,100
GGAL,20091123,5.58,5.79,5.58,5.73,75000
GIFI,20091123,21,22.72,21,21.56,56000
GIGM,20091123,20.55,21,20.2,20.25,411200
GIII,20091123,9.08,9.17,8.83,8.845,318900
GILD,20091123,23.465,23.565,23.27,23.505,4848100
GILT,20091123,4.45,4.47,4.38,4.44,39900
GLAD,20091123,7.85,8.05,7.85,8.01,90200
GLBL,20091123,6.02,6.24,6.02,6.06,1570300
GLBZ,20091123,8.55,8.55,8.55,8.55,0
GLDD,20091123,6.46,6.61,6.25,6.28,177200
GLNG,20091123,12.71,13.2,12.71,12.8,127800
GLRE,20091123,23.52,23.99,23.52,23.71,85300
GNTX,20091123,8.58,8.86,8.555,8.66,1024200
GOOD,20091123,13.8,13.96,13.7,13.75,31200
GOODO,20091123,18.5,18.5,18.1,18.15,2300
GOOG,20091123,288.245,293.3,287.93,291.175,2548500
GPRE,20091123,12,12,10.93,11.75,178100
GPRO,20091123,42,42.9,41.8,42.4,208800
GRID,20091123,30.13,30.28,29.8,30.04,29300
GRMN,20091123,31.25,32,31.25,31.74,1779400
GROW,20091123,13.65,14.66,13.25,14.1,160800
GRVY,20091123,5.96,6.04,5.64,5.76,43800
GSBC,20091123,23.91,24.08,23.66,23.88,25000
GSIT,20091123,3.6,3.67,3.55,3.65,15700
GSM,20091123,8.78,8.83,8.52,8.54,96100
GT,20091123,14.47,14.5,13.82,13.94,3267900
GTEC,20091123,13.25,13.25,13,13.19,60200
GTIM,20091123,1.05,1.05,1.05,1.05,0
GYRO,20091123,37.75,37.75,37.75,37.75,0
HA,20091123,6.6,6.81,6.6,6.7,224400
HAFC,20091123,1.26,1.34,1.2,1.28,517100
HAIN,20091123,9.48,9.665,9.405,9.5,480900
HALL,20091123,7.85,7.95,7.84,7.92,86500
HALO,20091123,6.45,6.49,6.19,6.25,262800
HAS,20091123,29.71,30.18,29.08,29.25,2505100
HAYN,20091123,27.44,28.56,26.95,27.58,88200
HBAN,20091123,3.85,3.88,3.78,3.8,19312600
HBANP,20091123,865,865,855,865,100
HBCP,20091123,12.3,12.3,12.2,12.28,10800
HBIO,20091123,3.65,3.74,3.65,3.67,79500
HBNC,20091123,3.0065,3.0123,3.0065,3.0123,4500
HCCI,20091123,10.56,11.12,10.56,11.12,800
HCII,20091123,8.05,8.05,7.9,7.99,5300
HCIIW,20091123,1,1.19,0.99,1.19,8100
HCKT,20091123,3.04,3.08,2.96,3.01,76700
HCSG,20091123,13.3667,13.68,13.2533,13.44,104600
HDSN,20091123,1.19,1.24,1.19,1.21,22300
HEES,20091123,10.03,10.39,10.03,10.12,36700
HELE,20091123,21.87,22.5,21.87,22.07,105100
HERO,20091123,5.25,5.38,5.12,5.15,2893400
HFWA,20091123,13,13,12.74,13,5800
HIBB,20091123,19.71,20.34,19.51,19.99,473200
HIFS,20091123,31,31,31,31,0
HIHO,20091123,1.9,1.98,1.9,1.91,20100
HIMX,20091123,2.3,2.45,2.3,2.44,403600
HLIT,20091123,5.29,5.45,5.28,5.34,447300
HMNF,20091123,4.17,4.23,4.1,4.23,9800
HOFT,20091123,12.32,12.89,12.18,12.42,14700
HOLI,20091123,12.07,12.49,12.01,12.22,167000
HOLX,20091123,14.45,14.9,14.19,14.28,4559800
HOMB,20091123,5.66,5.8175,5.66,5.715,81200
HOOK,20091123,2.85,2.94,2.85,2.89,1900
HOVNP,20091123,5.36,5.36,4.97,5.25,6800
HSIC,20091123,50.68,52,50.68,51.62,915300
HSII,20091123,28.94,29.89,28.87,29.33,44000
HSKA,20091123,0.4,0.42,0.39,0.42,9700
HSTM,20091123,4.23,4.32,4.17,4.22,47300
HTBK,20091123,4,4.04,3.55,3.57,78800
HTLD,20091123,15.13,15.37,15.05,15.23,946400
HTLF,20091123,13.39,13.98,13.39,13.78,17100
HUBG,20091123,27.05,27.65,26.93,27.08,123800
HURC,20091123,15.25,15.49,14.86,15.38,10600
HURN,20091123,23.34,24.02,23.11,23.76,242300
HWBK,20091123,10.1,10.19,9.44,9.44,1300
HWKN,20091123,21.56,22.13,21.41,22.11,29800
IART,20091123,16,16.44,16,16.255,151200
IBB,20091123,77.74,78.87,77.74,78.17,665200
IBCP,20091123,0.8,0.81,0.71,0.71,65500
IBKR,20091123,17.05,17.18,16.84,16.9,319000
IBOC,20091123,16.47,16.89,16.41,16.74,463000
ICAD,20091123,1.46,1.54,1.46,1.51,64700
ICCC,20091123,3.94,3.94,3.94,3.94,200
ICFI,20091123,28.21,28.21,27.74,27.83,27300
ICLK,20091123,4.8,4.91,4.67,4.85,98800
ICLN,20091123,21.79,22,21.61,21.61,20800
ICLR,20091123,23,23.24,22.77,22.88,236700
ICUI,20091123,33.6,34.08,33.51,33.61,90400
IDCC,20091123,23.85,24.2,23.78,24.11,864000
IDRA,20091123,39.36,42.24,39.04,40,31400
IDXX,20091123,25.545,26.095,25.46,25.62,179900
IESC,20091123,7,7.07,6.77,7.07,16900
IFGL,20091123,30.04,30.34,30.04,30.24,28000
IGOV,20091123,108.19,108.19,107.57,107.62,45000
III,20091123,3.38,3.41,3.28,3.4,24900
IIIIU,20091123,2.14,2.14,2.14,2.14,200
IIIIW,20091123,0.06,0.06,0.06,0.06,0
IIN,20091123,3.3,3.39,3.15,3.39,1400
IIVI,20091123,14.435,14.995,14.42,14.685,113400
IKNX,20091123,6.95,6.95,6.95,6.95,200
ILMN,20091123,26.96,26.97,25.59,26.5,7018400
IMGN,20091123,8.59,8.82,8.41,8.6,595800
IMKTA,20091123,15.93,16.37,15.86,16.11,16300
IMMR,20091123,4.05,4.14,4.03,4.12,144900
IMOS,20091123,0.71,0.75,0.71,0.71,95600
INCY,20091123,7.66,7.83,6.82,7.54,1727000
INDB,20091123,21.2,21.68,21.11,21.22,131200
INDY,20091123,25.41,25.53,25.23,25.26,20800
INFI,20091123,6.01,6.28,6.01,6.19,10500
INFN,20091123,8.08,8.23,7.98,8.19,765200
INMD,20091123,4,4.035,3.9,4,12300
INOD,20091123,5.32,5.48,5.23,5.32,183800
INSM,20091123,0.8,0.8,0.78,0.78,340200
INTC,20091123,19.48,19.5,19.32,19.4,42995500
INTG,20091123,10.5,10.5,10.3,10.3,800
INTU,20091123,29.75,30.16,29.69,29.93,2822800
IOSP,20091123,10.8,11.06,10.69,10.96,61800
IPAR,20091123,11.67,12.08,11.67,11.9,32100
IPGP,20091123,14.73,15.34,14.71,15.24,101100
IRBT,20091123,14.46,14.79,14.3,14.73,112800
IRDM,20091123,8.64,8.67,8.44,8.53,169100
IRIX,20091123,2.83,3.1,2.83,3,19000
ISBC,20091123,4.2706,4.3137,4.251,4.2941,227900
ISHG,20091123,108.48,108.73,108.35,108.44,15700
ISIG,20091123,4.34,4.65,4.33,4.46,36600
ISLE,20091123,8.88,8.98,8.33,8.4,150000
ISRG,20091123,92.6933,94.3533,92.41,93.6,468300
ISSC,20091123,4.68,4.7,4.54,4.56,28100
ITIC,20091123,30.6,30.6,30.6,30.6,0
ITRI,20091123,62.78,63.5,62.37,62.69,187900
ITRN,20091123,13.16,13.36,13.09,13.36,11600
IVAC,20091123,12.38,13.05,12.38,12.71,67600
JACK,20091123,18.53,19.29,18.51,19.26,1302200
JAKK,20091123,128.7,130.1,127.2,129.6,204600
JAZZ,20091123,7.15,7.24,7.05,7.08,154500
JBHT,20091123,32.4,32.83,32.27,32.43,1524700
JBLU,20091123,5.3,5.35,5.26,5.3,2667400
JBSS,20091123,13.97,15.8,13.97,15.5,125800
JCS,20091123,11.29,11.47,11.06,11.42,6200
JCTCF,20091123,1.6625,1.6625,1.6625,1.6625,400
JJSF,20091123,39.08,39.72,39.03,39.54,32800
JKHY,20091123,23.58,23.83,23.33,23.72,513200
JOBS,20091123,9.41,10.25,9.055,9.5,315900
JOUT,20091123,9.62,9.65,9.62,9.65,3500
JRJC,20091123,92.9,93,90.5,90.9,63100
KALU,20091123,41.23,42.14,40.69,40.89,39400
KELYA,20091123,10.96,11.04,10.74,10.84,87400
KEQU,20091123,14.49,14.5,14.48,14.5,1800
KFFB,20091123,12.46,12.46,12.19,12.19,2600
KFRC,20091123,13.71,13.94,13.48,13.58,131700
KINS,20091123,1.49,1.96,1.49,1.96,1100
KIRK,20091123,15.95,16.64,15.66,16.22,576800
KLAC,20091123,32.2,32.7,32,32.16,2039700
KLIC,20091123,4.52,4.74,4.45,4.7,1024800
KNDI,20091123,4.39,4.64,4.33,4.35,240500
KOPN,20091123,4.72,4.87,4.66,4.78,262800
KOSS,20091123,6.45,6.45,5.815,6.45,3400
KRNY,20091123,9.74,10.04,9.74,9.98,19500
KTCC,20091123,2.65,2.74,2.62,2.65,3300
KTOS,20091123,10.5,10.7,10.32,10.62,42900
KVHI,20091123,12.49,13.34,12.31,12.51,120800
LAKE,20091123,7.16,7.16,7.01,7.07,2000
LAMR,20091123,29,29.5,28.55,28.69,433700
LANC,20091123,49.67,49.98,49.04,49.23,118900
LARK,20091123,16,16,14.94,14.94,900
LAWS,20091123,15.8,15.83,14.34,14.65,42700
LBAI,20091123,6.22,6.39,6.12,6.21,37000
LBTYA,20091123,10.5876,10.8533,10.511,10.5416,1511500
LBTYB,20091123,21.55,21.55,21.55,21.55,0
LBTYK,20091123,20.53,21.17,20.48,20.55,219100
LCUT,20091123,6.78,6.8,6.72,6.73,17000
LECO,20091123,26.125,26.715,25.915,26.295,170900
LFUS,20091123,27.44,28.39,27.44,28.35,60000
LGND,20091123,13.2,14.34,12.96,13.2,403400
LHCG,20091123,31.65,32.16,31.08,31.43,118600
LIFE,20091123,703.22,705.74,692.86,697.62,774300
LINC,20091123,22.24,22.48,22.12,22.23,92100
LIVE,20091123,0.6567,0.6667,0.6567,0.6633,9300
LJPC,20091123,0.06,0.07,0.06,0.07,650500
LKFN,20091123,11.52,11.5333,11.36,11.4333,107000
LLNW,20091123,3.5,3.58,3.49,3.57,182500
LMAT,20091123,4.89,4.89,4.86,4.88,5600
LNDC,20091123,6.34,6.52,6.34,6.5,59200
LOAN,20091123,1.03,1.04,1.02,1.03,7300
LOGC,20091123,1.21,1.21,1.21,1.21,0
LOGI,20091123,17.15,17.36,17.07,17.16,640900
LOOP,20091123,10.22,10.48,10.19,10.28,92600
LOPE,20091123,19.69,19.71,19.5,19.54,219600
LORL,20091123,32.45,34.2,31.16,33.24,312400
LPSN,20091123,6.27,6.43,6.26,6.41,229700
LPTH,20091123,1.62,1.66,1.49,1.66,7400
LQDT,20091123,8.3,8.45,8.25,8.29,45100
LRCX,20091123,34.55,35.37,34.48,34.75,1447500
LSBK,20091123,7.6,7.62,7.6,7.6,400
LSCC,20091123,2.26,2.31,2.15,2.3,771300
LSTR,20091123,37.65,38.28,37.47,37.65,306200
LTBR,20091123,345,373.8,343.8,373.8,56000
LTRX,20091123,0.48,0.53,0.47,0.51,46100
LULU,20091123,13.415,13.73,13.215,13.26,546700
LUNA,20091123,1.38,1.44,1.37,1.4,10100
LWAY,20091123,11.67,11.9,11.59,11.85,14300
LXRX,20091123,10.85,11.34,10.57,11.2,669900
LYTS,20091123,7.27,7.39,7.2,7.27,25100
MANH,20091123,6.0775,6.185,6.065,6.1075,80200
MANT,20091123,44.33,45.35,44.33,44.97,184000
MARPS,20091123,15.07,15.8,15.07,15.8,8600
MASI,20091123,27.17,27.44,26.52,27.12,169500
MAT,20091123,20.1,20.54,20.03,20.46,3292300
MATW,20091123,34.9,35.56,34.51,35.03,247400
MAYS,20091123,12.51,14.94,12.5,14.94,400
MBRX,20091123,0.38,0.4,0.38,0.38,84000
MBWM,20091123,3.37,3.48,3.3,3.31,6100
MCBC,20091123,2.28,2.39,2.22,2.36,60300
MCHP,20091123,12.92,13.07,12.855,12.93,2464600
MCHX,20091123,4.73,4.83,4.58,4.77,187700
MCRI,20091123,8.04,8.15,7.93,8,147000
MDRX,20091123,20.31,20.75,20.18,20.45,700100
MELI,20091123,45.75,49.45,45.75,48.51,1296900
MEOH,20091123,18.02,18.11,17.78,17.91,112900
MERC,20091123,2.43,2.55,2.4,2.41,75800
MESA,20091123,0.12,0.13,0.12,0.12,2051600
MGEE,20091123,23.5467,23.7667,23.36,23.52,59100
MGIC,20091123,2,2.06,2,2.06,3900
MGLN,20091123,36.47,37.19,36.46,36.72,157600
MGPI,20091123,5.58,5.8,5.58,5.79,45200
MGRC,20091123,20.69,21.48,20.69,21.32,66200
MGYR,20091123,3.74,3.74,3.74,3.74,0
MHLD,20091123,7.57,7.85,7.51,7.56,347300
MIDD,20091123,15.6467,15.9633,15.4033,15.4533,161500
MIND,20091123,7.14,7.25,7.14,7.15,8100
MKSI,20091123,15.91,16.25,15.67,15.93,125500
MKTX,20091123,12.92,13.17,12.89,13.1,101300
MLAB,20091123,24.5,24.58,23.59,24.39,4600
MLHR,20091123,15.45,15.99,15.45,15.6,248000
MLVF,20091123,9.4,9.4,9.4,9.4,0
MMLP,20091123,27.05,27.7,26.5,26.56,39500
MMSI,20091123,13.888,14.248,13.72,13.928,73000
MNDO,20091123,1.63,1.69,1.62,1.62,457300
MNKD,20091123,34.5,35.4,34,35,993800
MNOV,20091123,6.5,6.5,6.5,6.5,2000
MNRO,20091123,20.1533,20.36,19.98,20.1,85500
MNST,20091123,5.995,6.0633,5.9317,5.95,1088600
MNTX,20091123,1.77,1.89,1.7,1.86,38500
MOFG,20091123,7.9,7.9,7.9,7.9,0
MORN,20091123,48.1,48.8,47.61,47.88,56000
MOSY,20091123,578,594,560,594,126700
MOVE,20091123,6.76,6.92,6.76,6.84,340300
MPAA,20091123,5.31,5.31,5.23,5.31,79000
MPAC,20091123,3.87,4.33,3.87,4.33,200
MPB,20091123,12.05,12.05,10.8,10.8,2300
MPWR,20091123,22.08,22.64,22.08,22.58,281400
MRCY,20091123,11.01,11.48,11.01,11.38,34200
MRLN,20091123,7.1,7.14,7.08,7.09,1800
MRNA,20091123,0.82,0.9,0.8,0.88,214600
MRTN,20091123,8.0755,8.1733,7.6845,7.7378,137000
MRVL,20091123,15.5,15.67,15.44,15.61,9349200
MSEX,20091123,16.13,16.5,16.13,16.29,28400
MSFT,20091123,29.84,30.01,29.7,29.94,41836300
MSON,20091123,1.9,1.91,1.85,1.91,7000
MSTR,20091123,90.11,91.42,89.97,91.38,74300
MTEX,20091123,29.9,30,28.9,29.3,18900
MTRX,20091123,9.11,9.48,9.11,9.32,171800
MTSI,20091123,5.65,5.66,5.61,5.66,43100
MU,20091123,7.35,7.57,7.29,7.52,25303400
MVIS,20091123,27.2,27.84,26.64,27.44,977300
MYGN,20091123,24.27,24.27,23.62,23.81,1625500
MYRG,20091123,15.83,15.9,15.5,15.68,143200
NAII,20091123,7.25,7.33,7.25,7.33,2200
NATH,20091123,14.9,15.27,14.7,14.85,8800
NATI,20091123,18.9067,19.3333,18.9067,19.14,282900
NATR,20091123,7.1,7.6,7,7.59,14200
NAVI,20091123,1.97,2,1.91,2,42600
NBIX,20091123,2.17,2.22,2.15,2.17,153500
NBN,20091123,9.31,9.31,9.3,9.3,400
NBTB,20091123,20.85,21.16,20.76,21.01,75100
NCMI,20091123,15.01,15.46,14.43,15.23,88400
NCTY,20091123,225.3,227.7,221.1,226.5,164400
NDAQ,20091123,19.51,19.9,19.28,19.51,4250600
NDSN,20091123,27.98,28.71,27.885,28.03,149100
NECB,20091123,6.74,6.77,6.59,6.66,8000
NEOG,20091123,11.2667,11.3933,11.1533,11.2267,33400
NEPT,20091123,2.18,2.19,2.18,2.19,3000
NEWT,20091123,4.75,4.75,4.5,4.6,30800
NFBK,20091123,12.9,12.99,12.73,12.95,44200
NFLX,20091123,8.6429,8.7114,8.58,8.6257,693200
NICE,20091123,30.15,30.39,30.11,30.36,197800
NICK,20091123,7.27,7.37,6.89,7.37,10000
NKSH,20091123,28.15,28.75,28.1,28.5,8900
NKTR,20091123,8.76,8.77,8.59,8.76,581700
NLTX,20091123,1.5,1.5,1.4,1.4,11300
NNBR,20091123,3.85,4.13,3.8,3.94,34700
NRIM,20091123,15.89,16,15.73,15.98,7800
NSEC,20091123,9.21,9.5,7.9,8,19100
NSIT,20091123,11.31,12,11.29,11.82,240800
NSSC,20091123,1.67,1.7,1.66,1.66,9800
NSYS,20091123,3,3,3,3,0
NTAP,20091123,30.7,31.3,30.63,30.9,4477300
NTCT,20091123,12.59,12.97,12.55,12.6,129600
NTES,20091123,7.73,7.8,7.5,7.57,1566000
NTGR,20091123,20.46,21.04,20.37,20.62,262900
NTIC,20091123,3.75,3.76,3.75,3.75,2900
NTRS,20091123,47.76,48.49,47.59,48.16,1928100
NTWK,20091123,9.5,9.5,9.1,9.4,32700
NUAN,20091123,13.91,14.16,13.65,13.75,3190900
NURO,20091123,495.36,495.36,451.2,472.32,40500
NUVA,20091123,34.24,35.09,30.63,31.56,4742600
NVAX,20091123,66,66.6,59.8,63.4,7273700
NVDA,20091123,3.2725,3.3325,3.235,3.25,9774500
NVEC,20091123,40.12,40.85,39.34,39.34,25800
NVMI,20091123,3.15,3.85,3.1,3.6,1705000
NWFL,20091123,26.8,27.25,26.74,26.86,9800
NWLI,20091123,175,177.48,174.91,175,4200
NWPX,20091123,26.4,27.21,26.3,26.45,54300
NWS,20091123,14.24,14.54,14.11,14.19,3005300
NWSA,20091123,12.08,12.38,11.94,12.01,15803300
NXST,20091123,3.15,3.15,2.99,3.03,5600
NYMT,20091123,7,7.05,6.95,6.99,29000
NYMX,20091123,4.98,5.25,4.59,4.59,117800
OBAS,20091123,6.45,6.9,6.45,6.85,13400
OBCI,20091123,0.95,0.95,0.86,0.93,6900
OCFC,20091123,10.59,10.87,10.57,10.67,42200
ODFL,20091123,12.48,12.6133,12.1511,12.2533,336600
OESX,20091123,3.6,3.82,3.6,3.66,263000
OFIX,20091123,30.06,31.13,30.06,30.98,52700
OFLX,20091123,17.01,17.64,16.94,17.13,51300
OIIM,20091123,4.39,4.43,4.18,4.3,623200
OMAB,20091123,12.15,12.54,12.15,12.29,11300
OMCL,20091123,10.33,10.73,10.15,10.59,120800
OMER,20091123,7.6,7.6,6.94,7.05,48300
OMEX,20091123,18.6,20.04,18.36,19.08,278500
ONCY,20091123,2.75,2.9,2.75,2.79,323600
ONEQ,20091123,85.03,86.23,85.03,85.66,27200
OPEN,20091123,27.25,27.83,27.02,27.73,95900
OPHC,20091123,82,82,82,82,0
OPNT,20091123,10.5,10.9,10.4,10.78,37800
OPOF,20091123,16.33,17,15.84,15.84,11100
ORLY,20091123,39.16,39.72,39.07,39.24,1254200
ORRF,20091123,31.24,33.12,31.24,32.47,7100
OSBC,20091123,6.1,6.1,5.71,5.8,41500
OSIS,20091123,19.24,20.1,19.24,20,154700
OSTK,20091123,15.93,16.39,15.93,16.1,73900
OSUR,20091123,4.15,4.32,4.11,4.28,184100
OTEX,20091123,9.2225,9.2325,9.14,9.17,176400
OTTR,20091123,23.59,23.96,23.54,23.69,96500
OVBC,20091123,21.97,22.56,21.75,22.45,3800
OVLY,20091123,4.75,4.75,4.75,4.75,0
PAAS,20091123,25.63,26.14,24.96,25.26,1761900
PACW,20091123,17.6,17.98,17.57,17.93,253200
PANL,20091123,11.61,12.07,11.58,11.68,195300
PATK,20091123,1.0933,1.0978,1.0667,1.0755,5700
PAYX,20091123,31.53,31.85,31.29,31.69,3579700
PBCT,20091123,17,17.16,15.62,16.03,19149100
PBHC,20091123,6,6,6,6,0
PBIP,20091123,10.01,10.1,9.81,10.1,1500
PCAR,20091123,38.89,39.7,38.72,38.94,1753900
PCTI,20091123,5.87,6.16,5.87,5.88,48900
PCYO,20091123,2.13,2.3,2.13,2.27,10000
PDCO,20091123,26.01,26.4,26.01,26.22,1072400
PDEX,20091123,0.61,0.62,0.61,0.62,300
PDFS,20091123,3.61,3.61,3.27,3.42,22900
PEBK,20091123,5.02,5.6,4.78,5.6,5100
PEBO,20091123,9.65,10.76,9.65,10.01,23200
PEGA,20091123,15.47,15.55,15.22,15.41,110700
PENN,20091123,27.94,28.31,27.3,27.56,954400
PESI,20091123,11.85,12.5,11.8,12.05,89200
PETS,20091123,16.41,16.68,16.41,16.59,185500
PFBC,20091123,2.09,2.25,1.93,2.01,11700
PFIN,20091123,2.93,2.93,2.9,2.91,6800
PFSW,20091123,1.36,1.4,1.22,1.36,47300
PGC,20091123,12.37,12.37,11.99,12.35,17500
PKBK,20091123,7.7091,7.7091,7.1091,7.6273,600
PKOH,20091123,4.91,5.09,4.71,4.76,92200
PLAB,20091123,4.17,4.17,3.97,4.08,412200
PLBC,20091123,3.8,3.81,3.8,3.8,2300
PLCE,20091123,33.61,34.5,33.16,33.3,567400
PLPC,20091123,40.93,41,40,40.59,2500
PLUG,20091123,0.82,0.84,0.81,0.81,210700
PLUS,20091123,7.905,8.065,7.905,8.01,15400
PLXS,20091123,27.32,28.13,27.32,28.09,295700
PMD,20091123,5.88,5.88,5.7,5.82,16900
PNBK,20091123,18.2,18.2,18.2,18.2,6500
PNFP,20091123,12.16,12.48,12.02,12.1,183200
PNNT,20091123,8.26,8.54,8.25,8.5,206400
PNQI,20091123,24.79,25.06,24.79,24.97,10500
PNRG,20091123,35.15,36.57,34.16,36.44,3900
PODD,20091123,12.55,13.29,12.38,12.56,531400
POOL,20091123,19.3,19.45,18.73,18.82,701000
POWI,20091123,17.125,17.5,16.955,17.42,401000
POWL,20091123,35.65,36.37,35.11,36.06,59500
PPBI,20091123,3.42,3.5,3.36,3.36,9500
PRAA,20091123,15.86,15.8833,15.5167,15.7667,77300
PRFT,20091123,8.68,9.01,8.56,8.97,132700
PRFZ,20091123,47.82,48.44,47.62,47.75,33400
PRGS,20091123,16.5333,16.74,16.4933,16.7067,127700
PRIM,20091123,8.15,8.32,7.8,7.8,37100
PROV,20091123,4.1,4.1,3.59,4.1,9200
PRPL,20091123,0.35,0.38,0.33,0.33,27800
PRTS,20091123,4.93,5.18,4.73,4.99,106800
PSEC,20091123,10.86,11.12,10.86,11.03,970300
PSMT,20091123,19.61,19.89,19.45,19.64,51300
PSTI,20091123,11.5,11.5,10.1,10.2,130700
PTEN,20091123,15.28,15.75,15.13,15.2,3967000
PTIX,20091123,2.7,2.87,2.7,2.75,900
PTNR,20091123,18.31,18.31,18.02,18.23,248100
PTSI,20091123,10.56,10.56,10.09,10.24,3400
PWOD,20091123,20.4667,21.2533,20.46,21.1667,3200
PXLW,20091123,2.75,2.75,2.63,2.72,49900
PZZA,20091123,11.145,11.42,11.11,11.285,169800
QABA,20091123,21.94,21.94,21.87,21.87,500
QCLN,20091123,14.4,14.6,14.33,14.36,28200
QCOM,20091123,45.25,45.9,45.25,45.55,9403100
QCRH,20091123,8.79,9.41,8.31,8.67,21700
QDEL,20091123,13.4,13.51,12.84,13.21,710300
QQEW,20091123,18.71,18.99,18.71,18.77,28400
QQQ,20091123,43.87,44.4,43.86,44.14,91621400
QQQX,20091123,14.79,14.79,14.4,14.57,58300
QQXT,20091123,17.21,17.33,17.11,17.11,6000
QTEC,20091123,19.58,19.8,19.58,19.69,48400
QUIK,20091123,22.68,23.66,21.7,22.54,542900
RADA,20091123,5.4,5.5,5.4,5.4,6200
RAIL,20091123,18.84,19.25,18.47,18.57,123400
RAM,20091123,1.66,1.7,1.5,1.63,322200
RAND,20091123,36.45,36.45,36.45,36.45,0
RAVN,20091123,13.66,14.485,13.66,14.42,63800
RBCAA,20091123,18.91,19.41,18.78,18.98,26200
RBCN,20091123,159.4,167.5,156.5,159.4,98600
RCII,20091123,18.38,18.62,18.28,18.37,539100
RCKY,20091123,7.85,8.09,7.84,7.89,9500
RCMT,20091123,2.4,2.52,2.4,2.5,8100
RCON,20091123,34,35.2,32.95,34.8,14000
RDCM,20091123,1.66,1.84,1.66,1.7,10800
RDI,20091123,4.05,4.2,4.05,4.2,8700
RDIB,20091123,9.03,9.03,9.03,9.03,0
RDNT,20091123,2.11,2.25,2.01,2.17,125300
RDWR,20091123,7,7,6.735,6.785,29800
REED,20091123,1.49,1.6,1.44,1.54,26000
REFR,20091123,4.1,4.12,3.88,4,8800
REGN,20091123,18.57,19.09,18.46,18.58,318600
RELL,20091123,6.38,6.42,6.26,6.31,40300
RENT,20091123,15.58,15.67,15.4,15.59,10500
RFIL,20091123,2.04,2.055,2.04,2.055,800
RGCO,20091123,9.3367,9.42,9.03,9.3333,1000
RGEN,20091123,4.8,4.93,4.72,4.8,92300
RGLD,20091123,54.57,55.55,53.95,54.08,780100
RICK,20091123,7.5,7.52,7.11,7.29,47500
RIGL,20091123,8.16,8.52,8.03,8.05,1663100
RMBS,20091123,18.06,18.38,16.62,16.72,6329500
RMCF,20091123,8.74,8.99,8.43,8.72,15700
RMTI,20091123,6.5,6.5,6.25,6.31,46200
RNST,20091123,14.86,15.07,14.7,14.84,48900
RNWK,20091123,3.49,3.64,3.47,3.57,410700
ROCK,20091123,15.28,15.55,15.07,15.24,158400
ROIC,20091123,10.37,10.42,10.34,10.35,17800
ROLL,20091123,23.09,24.42,23.09,23.49,116100
ROST,20091123,11.025,11.18,10.9625,10.9875,2142700
RPRX,20091123,0.72,0.73,0.68,0.7,559600
RRGB,20091123,16.01,16.33,15.99,16.14,254500
RUSHA,20091123,7.22,7.52,7.1,7.3467,138300
RUSHB,20091123,6.8133,6.8133,6.2533,6.2733,3900
RUTH,20091123,2.5,2.51,2.28,2.3,394900
RVSB,20091123,2.89,3,2.78,2.86,10500
RYAAY,20091123,26.39,27.08,26.28,26.74,774700
SAFM,20091123,39.75,40.63,39.47,40.45,179900
SAFT,20091123,36.65,37.71,36.59,37.37,37300
SAIA,20091123,10.12,10.42,10.06,10.12,41600
SALM,20091123,5.3,5.31,4.97,5.09,53300
SANM,20091123,8.35,8.67,8.29,8.37,750100
SASR,20091123,9.66,10.1,9.62,10.04,60600
SATS,20091123,16.445,16.6563,16.3638,16.5831,157700
SBAC,20091123,32.18,32.77,31.38,31.65,1132400
SBCF,20091123,8.7,8.7,7.25,7.3,497300
SBGI,20091123,3.75,3.86,3.53,3.56,278800
SBLK,20091123,268.5,268.5,256.5,261.75,621400
SBNY,20091123,31.04,31.68,30.97,31.17,202300
SBSI,20091123,20.3143,21.0286,20.0095,20.9429,94900
SBUX,20091123,10.905,11.05,10.765,10.805,12693900
SCHL,20091123,26.85,27.4,26.38,26.49,95400
SCHN,20091123,48,48,45.11,45.19,1287100
SCKT,20091123,2.83,2.98,2.81,2.98,1100
SCOR,20091123,16.3,16.97,16.3,16.84,124900
SCSC,20091123,25.54,25.92,25.01,25.19,111500
SCVL,20091123,11.5933,12.1067,11.3467,11.8533,217300
SEAC,20091123,5.76,6.03,5.75,5.93,318900
SEED,20091123,68.5,105.8,68.1,104.5,45519500
SEIC,20091123,17.86,17.98,17.7,17.84,710400
SENEA,20091123,22.88,23.79,22.74,23.65,74300
SENEB,20091123,23.48,23.49,23.36,23.47,600
SFNC,20091123,12.48,12.6,12.365,12.495,60500
SFST,20091123,6.41,7.15,6.14,6.25,8800
SGC,20091123,10.16,10.66,9,9,73300
SGEN,20091123,9.4,9.6,9.18,9.4,746400
SGMA,20091123,3.53,3.65,3.53,3.57,6900
SGMO,20091123,5.58,5.76,5.33,5.36,179200
SGMS,20091123,14.75,15.14,14.29,14.55,1380100
SGRP,20091123,1.01,1.09,1.01,1.09,9600
SHBI,20091123,14.76,15,14.68,14.97,13700
SHEN,20091123,8.615,9.025,8.61,8.92,39800
SHIP,20091123,4248,4656,4080,4080,6100
SHIPW,20091123,0.22,0.22,0.22,0.22,900
SHOO,20091123,7.5141,7.7729,7.4173,7.4529,151500
SHY,20091123,84.1,84.15,84.09,84.15,745500
SIEB,20091123,2.28,2.28,2.26,2.27,1100
SIFY,20091123,1.96,1.99,1.93,1.95,22800
SIGA,20091123,7.32,7.72,7.22,7.59,676200
SIGI,20091123,15.69,16.12,15.65,15.9,128400
SILC,20091123,8.25,8.47,8.01,8.29,7600
SIMO,20091123,2.99,3.1,2.95,3.03,282000
SINO,20091123,18.25,18.25,17,17.5,3700
SIRI,20091123,0.63,0.64,0.62,0.63,20094900
SIVB,20091123,38.5,39.04,38.28,38.45,975000
SKYW,20091123,15.28,15.47,14.87,15.08,205900
SLAB,20091123,42.36,43.24,42.27,42.84,395500
SLGN,20091123,13.8725,13.985,13.715,13.7875,339000
SLP,20091123,1.53,1.54,1.46,1.46,7500
SMBC,20091123,5.6,5.6,5.6,5.6,100
SMCI,20091123,9.94,10.08,9.92,10,311300
SMED,20091123,8.82,9.1,8.75,9,57800
SMIT,20091123,3.33,3.5,3.33,3.41,1500
SMMF,20091123,4.03,4.03,4.01,4.01,1200
SMSI,20091123,27,27.6,26.68,27.44,583700
SMTC,20091123,16.16,16.6,16.08,16.31,523900
SNCR,20091123,13.49,13.79,13.44,13.76,95400
SNFCA,20091123,3.45,3.53,3.45,3.53,1100
SNPS,20091123,22.69,23.24,22.69,22.94,733500
SOHU,20091123,54.66,55.47,53.76,53.86,1119400
SONO,20091123,23.68,24.08,23.12,23.27,161400
SPNS,20091123,1.89,1.89,1.75,1.82,4500
SPPI,20091123,4.86,4.96,4.62,4.71,1466000
SPRO,20091123,3.62,3.62,3.51,3.51,2900
SPTN,20091123,13.67,14.15,13.67,13.97,103100
SRCE,20091123,14.59,14.82,14.36,14.69,23600
SRCL,20091123,54.63,55.87,54.58,55,544400
SRDX,20091123,23.11,23.68,22.94,23.17,46000
SSBI,20091123,4.54,4.69,4.54,4.54,6000
SSTI,20091123,2.45,2.45,2.29,2.38,647400
SSYS,20091123,15.83,16.27,15.83,16.11,65600
STAA,20091123,3.76,3.82,3.7,3.75,35500
STBA,20091123,16.03,16.49,15.97,16.31,125100
STFC,20091123,16.86,17.44,16.7,17.31,41800
STKL,20091123,3.75,3.83,3.75,3.8,287800
STLD,20091123,16.46,16.91,16.46,16.61,7164100
STRA,20091123,190.49,194.62,188.52,191.69,153600
STRC,20091123,1.63,1.63,1.61,1.61,12000
STRL,20091123,17.22,17.69,17.19,17.45,45400
STRM,20091123,2.4,2.5,2.25,2.25,13700
STRN,20091123,7.49,7.5,7.21,7.21,3800
STRS,20091123,10.25,10.25,9.53,10.18,12500
STRT,20091123,14.6,14.91,14.6,14.66,3600
STSA,20091123,38.28,43.56,37.62,43.56,1747500
STX,20091123,15.86,16.23,15.8,15.92,9164700
SUMR,20091123,40.68,40.68,38.88,40.5,21900
SURG,20091123,1.48,1.48,1.39,1.42,23500
SVBI,20091123,2.74,2.79,2.74,2.79,500
SWIR,20091123,8.7,8.87,8.67,8.8,65000
SWKS,20091123,12.41,12.55,12.22,12.43,4670100
SYBT,20091123,15.02,15.4733,14.7667,14.9667,18600
SYNA,20091123,25.85,26.48,25.73,26.17,851200
SYNL,20091123,8.71,9.14,8.17,8.57,11600
SYPR,20091123,3.2,3.2,2.93,2.94,18500
TACT,20091123,6.43,6.46,6.19,6.35,32600
TAIT,20091123,1.4,1.4,1.33,1.33,1000
TAST,20091123,6.56,6.87,6.55,6.73,39800
TAYD,20091123,4.69,4.76,4.69,4.75,1100
TBBK,20091123,5.84,5.95,5.76,5.88,107500
TBNK,20091123,17.26,17.4,17.1,17.14,26000
TCBI,20091123,14.23,14.72,14.23,14.42,82500
TCBK,20091123,16.46,17.1,16.46,16.72,30000
TCX,20091123,2.44,2.44,2.32,2.32,153200
TEAM,20091123,6.89,7.05,6.76,6.87,7100
TECH,20091123,67.74,68.17,66.94,67.53,82900
TESS,20091123,10.2533,10.3133,9.7933,9.8333,5600
TFSL,20091123,11.18,11.22,11,11.04,378900
TGA,20091123,3.6,3.7,3.58,3.6,165100
THFF,20091123,28.35,29.91,28.18,29.72,31500
THRX,20091123,14.25,14.39,13.4,13.66,275000
TIGR,20091123,3.38,3.67,3.37,3.37,400
TITN,20091123,11.49,11.73,11.32,11.49,132100
TLT,20091123,94.54,95.1,94.34,95,3219200
TNDM,20091123,23.86,24.07,23.67,24.02,267900
TOPS,20091123,8470000,8610000,7140000,7140000,133500
TOWN,20091123,12.26,12.73,12.25,12.6,86300
TREE,20091123,7.04,7.05,6.99,7.01,33000
TRIB,20091123,4.15,4.23,4,4.05,38200
TRIT,20091123,18.9,19.13,17.5,18.24,109100
TRMB,20091123,11.8,11.91,11.705,11.825,692400
TRMD,20091123,109.9,111.5,107.5,108,39300
TRMK,20091123,19.48,20.03,19.39,19.54,230500
TRNS,20091123,5.99,6.74,4.83,5.66,3400
TROW,20091123,48.88,49.83,48.88,49.48,1607300
TRS,20091123,5.02,5.2,4.56,4.68,112400
TRST,20091123,6.2,6.34,6.2,6.28,262000
TRUE,20091123,1.61,1.73,1.61,1.65,2800
TSBK,20091123,4.17,4.29,3.8,4.23,78600
TSCO,20091123,12.0975,12.2675,11.9525,12.09,302200
TSEM,20091123,16.8,16.95,15.9,16.35,2326200
TSRI,20091123,2.31,2.31,2.3,2.3,400
TTEC,20091123,18.93,19.52,18.93,19.39,132600
TTEK,20091123,26.66,27.37,26.31,27.19,422600
TTGT,20091123,6.28,6.34,6.14,6.21,11000
TTMI,20091123,10.52,10.95,10.47,10.89,251800
TTWO,20091123,11.36,11.66,11.34,11.42,698400
TWIN,20091123,10,10.12,9.65,9.74,39900
TXN,20091123,24.93,25.39,24.89,25.14,9020100
TXRH,20091123,10.55,10.78,10.55,10.67,1142300
TZOO,20091123,14.47,14.75,14.32,14.48,24200
UBCP,20091123,7.63,7.87,7.63,7.84,6200
UBFO,20091123,5.17,5.47,5.1,5.25,800
UBOH,20091123,9.4,9.4,9.05,9.06,2500
UBSI,20091123,16.9,17.41,16.88,17.32,257400
UCBI,20091123,3.94,4.08,3.91,4.01,444000
UCTT,20091123,6.09,6.28,5.94,6.03,40900
UEIC,20091123,22.49,23,22.44,22.94,199300
UEPS,20091123,19.2,19.44,19.11,19.39,615000
UFCS,20091123,17.4,17.93,17.4,17.53,62500
UFPI,20091123,36.81,38.69,36.81,37.31,136800
UFPT,20091123,6.58,6.75,6.44,6.56,36500
UG,20091123,10.75,10.85,10.5,10.5,7900
UHAL,20091123,51.32,52.21,51.32,51.96,20600
ULBI,20091123,4.14,4.26,3.95,4.02,160600
ULTA,20091123,17.06,17.41,17.06,17.28,159200
UMBF,20091123,39.94,40.6,39.8,40.12,172300
UMPQ,20091123,11,11.44,10.91,11.11,737400
UNAM,20091123,9.31,9.31,9.31,9.31,200
UNB,20091123,16.5,17.06,16.31,16.5,1500
UNTY,20091123,4.06,4.09,3.98,4.08,1000
URBN,20091123,32.47,32.71,31.34,31.48,3272500
USAK,20091123,11.23,11.62,11.16,11.53,34400
USAP,20091123,16.39,16.96,16.39,16.75,11600
USEG,20091123,366.6,379.8,364.2,364.2,315700
USLM,20091123,35.97,35.97,34.06,35.4,2200
UTHR,20091123,45.37,45.99,44.32,44.7,711600
UTMD,20091123,29.5,29.5,29.41,29.5,5500
UTSI,20091123,5.79,6.03,5.7,5.82,302800
UVSP,20091123,16,16.11,15.89,16.04,63900
VALU,20091123,28.47,28.71,27.23,27.76,10600
VBFC,20091123,53.28,54.4,53.28,54.4,700
VCIT,20091123,75.04,75.16,75.04,75.16,2300
VCLT,20091123,75.26,75.26,75.26,75.26,100
VCSH,20091123,75.17,75.26,75.17,75.26,29300
VECO,20091123,26.56,27.52,26.3,26.9,563600
VGIT,20091123,60,60.04,60,60.03,1500
VGSH,20091123,60.01,60.03,60.01,60.03,17600
VIA,20091123,31.97,32.26,31.65,31.82,45000
VICR,20091123,8.25,8.64,8.12,8.49,72300
VIRC,20091123,3,3.07,2.99,3.07,14500
VIVO,20091123,21.14,21.25,20.34,20.81,377900
VLGEA,20091123,31,31.18,30.99,31,11000
VMBS,20091123,50.11,50.15,50.1,50.15,2000
VNDA,20091123,10.37,10.53,10.28,10.42,443700
VOD,20091123,22.76,22.8,22.48,22.57,5598800
VOXX,20091123,7.14,7.69,7.14,7.43,32700
VRSK,20091123,28.68,28.68,27.67,28.4,447500
VRSN,20091123,21.74,22.33,21.74,22.02,6953200
VRTS,20091123,15.73,16.71,15.73,16.02,4200
VRTX,20091123,38.96,39.73,38.66,39.36,1437100
VSAT,20091123,30.81,31.25,30.54,31.12,180700
VSEC,20091123,21.775,22.5,21.44,22.46,37700
WABC,20091123,52.44,53.65,52.36,52.67,130900
WAFD,20091123,19.09,19.19,18.96,19.05,2822500
WASH,20091123,15.08,15.44,14.94,15.22,20600
WAVE,20091123,0.57,0.58,0.55,0.56,208900
WDC,20091123,37.45,38.26,37.45,38.15,3199200
WDFC,20091123,33.45,34.38,33.16,33.51,32800
WERN,20091123,18.92,19.25,18.79,18.79,1232100
WEYS,20091123,23.41,23.8,23.04,23.68,7800
WILC,20091123,6.08,6.1,5.86,6.04,22000
WINA,20091123,21.59,22.21,21.57,21.85,2100
WIRE,20091123,20.65,21.06,20.53,20.75,105200
WLDN,20091123,2.35,2.35,2.35,2.35,200
WLFC,20091123,13.11,13.27,13.11,13.27,13300
WOOD,20091123,37.7,37.85,37.68,37.79,3300
WOOF,20091123,23.42,23.75,23.17,23.48,449100
WPRT,20091123,12.6,12.74,12.39,12.46,169700
WRLD,20091123,28.48,30.15,28.28,29.85,305900
WSBC,20091123,13.15,13.35,12.82,12.99,58900
WSBF,20091123,2,2.1,1.89,1.9,67900
WSFS,20091123,9.0967,9.1533,8.8,9.07,18200
WSTG,20091123,7.84,7.97,7.71,7.71,12500
WTBA,20091123,5.02,5.2,4.91,5.18,20200
WTFC,20091123,27.14,27.67,27.03,27.18,191400
WVFC,20091123,15.24,15.24,15.24,15.24,0
WVVI,20091123,4.01,4.25,4.01,4.08,5700
WYNN,20091123,65.09,65.26,63.65,63.78,2529100
XLNX,20091123,22.55,22.77,22.37,22.52,4448100
XOMA,20091123,14.6,14.8,14.2,14.6,1234600
XRAY,20091123,32.99,33.58,32.88,33.2,981200
XRTX,20091123,147.36,148.08,141.36,141.6,178700
YORW,20091123,14.02,14.52,14.02,14.41,18400
ZBRA,20091123,27.51,27.77,27.41,27.52,114700
ZEUS,20091123,27.54,28.22,27.52,27.94,113400
ZION,20091123,13.7,14.71,13.59,14.12,17847200
ZIOP,20091123,3.6,3.75,3.36,3.53,154800
ZIXI,20091123,1.73,1.79,1.69,1.71,176200
ZUMZ,20091123,12.23,12.57,11.59,11.7,638800
