AAME,20090618,0.71,0.89,0.71,0.88,6200
AAON,20090618,5.7807,5.8074,5.6622,5.6919,62000
AAPL,20090618,4.8625,4.9286,4.8425,4.8529,15274200
AAWW,20090618,22.66,23.61,21.71,23.41,256600
AAXJ,20090618,42.92,43.19,42.5,43.05,983000
ABCB,20090618,6.52,6.85,6.39,6.77,5200
ABIO,20090618,2532.6,2819.88,2313.36,2313.36,151500
ABMD,20090618,7.99,8.41,7.86,8.19,396100
ACAD,20090618,2.24,2.3,2.11,2.2,117800
ACET,20090618,6.17,6.48,6,6.14,122200
ACGL,20090618,6.2433,6.3411,6.2,6.3167,581300
ACIW,20090618,4.8167,4.8167,4.6933,4.71,126300
ACLS,20090618,2,2.12,1.88,2.08,1509000
ACMR,20090618,3.56,3.71,3.39,3.59,42900
ACOR,20090618,25.45,26.06,25.25,25.95,218000
ACTG,20090618,6.41,6.69,6.41,6.68,148400
ACWI,20090618,34.5,34.82,34.3,34.57,82900
ACWX,20090618,33.38,33.59,33.09,33.21,286800
ADBE,20090618,28.95,28.95,28.2,28.72,7367900
ADES,20090618,1.56,1.665,1.5,1.645,22100
ADI,20090618,24.62,24.77,24.24,24.41,2989300
ADP,20090618,31.1239,31.7207,30.9132,31.0712,6095500
ADPT,20090618,2.52,2.57,2.51,2.56,288800
ADRE,20090618,34.37,34.64,34.06,34.34,253400
ADSK,20090618,20.99,21,20.51,20.72,2006900
ADTN,20090618,19.4,19.67,19.27,19.42,485700
AEHR,20090618,0.89,0.91,0.89,0.91,6600
AEIS,20090618,9.47,9.68,9.11,9.29,158500
AEY,20090618,1.75,1.93,1.75,1.93,3200
AEZS,20090618,1266,1266,1176,1176,81100
AGEN,20090618,2,2.1,1.96,2.02,1528000
AGNC,20090618,20.25,20.75,19.95,20.45,202400
AGYS,20090618,5.57,5.85,5.17,5.36,116500
AHPI,20090618,4.5,4.5,4.5,4.5,7600
AIMC,20090618,7.32,8.15,7.25,8.1,328900
AINV,20090618,19.26,19.59,18.9,19.32,869500
AIRT,20090618,8.73,8.83,8.6,8.6,4400
AKAM,20090618,20.7,20.9,20.1,20.31,4645000
ALCO,20090618,27.6,27.6,26.26,26.64,9000
ALGN,20090618,9.75,9.94,9.54,9.83,443000
ALGT,20090618,36.2,36.53,35.51,35.85,167300
ALKS,20090618,9.55,9.65,9.34,9.62,948100
ALLT,20090618,2.99,3.05,2.96,3.01,27400
ALNY,20090618,21.68,21.92,21.1,21.37,167400
ALOT,20090618,5.47,5.73,5.47,5.73,600
ALTR,20090618,16.59,16.59,16.03,16.15,6355100
ALTU,20090618,0.58,0.58,0.5,0.5,826900
ALVR,20090618,42,43.2,40.3,41.8,1587400
AMAT,20090618,10.99,11.04,10.81,10.84,13071400
AMD,20090618,4.03,4.07,3.81,3.85,29208600
AMED,20090618,30.11,31.31,29.74,30.82,421000
AMGN,20090618,53.07,53.28,52.22,53.03,9186100
AMKR,20090618,4.81,4.93,4.59,4.66,3190700
AMNB,20090618,17.8,18.11,17.33,18.11,3900
AMOT,20090618,2.09,2.09,2.09,2.09,100
AMPH,20090618,20.34,20.34,19.9,20.08,30300
AMPL,20090618,54.2,55.8,54,54.2,18500
AMRN,20090618,1.46,1.5,1.41,1.44,8100
AMSC,20090618,247.9,257.1,241,251.3,580700
AMSF,20090618,15.44,15.84,15.4,15.71,100700
AMSWA,20090618,5.35,5.47,5.25,5.38,34600
AMWD,20090618,23.12,23.67,22.76,23.43,50000
AMZN,20090618,82.81,82.95,81,81.6,5453100
ANAT,20090618,74,75.47,73.3,74.95,77400
ANDE,20090618,19.1733,19.42,18.6133,18.7867,372600
ANGN,20090618,2.83,2.92,2.83,2.92,4600
ANGO,20090618,13.16,13.77,13.16,13.76,316800
ANIK,20090618,5.28,5.28,5.02,5.07,31600
ANSS,20090618,31.95,32.54,31.79,32.33,536600
APAC,20090618,4.91,5,4.78,4.91,356700
APEI,20090618,37.81,38.8,37.15,38.4,225500
APOG,20090618,13.33,13.33,12.79,13,170200
ARAY,20090618,7.7,7.72,7.5,7.64,170700
ARCC,20090618,7.77,8.09,7.75,8.05,743600
ARKR,20090618,12.55,12.8,12.25,12.35,8100
ARLP,20090618,17.395,17.395,16.91,17.14,74100
ARNA,20090618,51.9,54.3,50.7,52.8,3080000
AROW,20090618,25.66,26.18,25.35,25.99,13600
ARRY,20090618,3.26,3.26,3.16,3.22,99100
ARTL,20090618,4.89,4.9,4.89,4.9,2700
ARTNA,20090618,15.43,15.43,14.61,14.61,14600
ARTW,20090618,5.31,5.49,5.25,5.49,1000
ARWR,20090618,0.45,0.47,0.45,0.45,186100
ASML,20090618,20.34,20.56,20.21,20.33,2016300
ASRV,20090618,1.78,1.78,1.75,1.76,2400
ASTC,20090618,1.2,1.27,1.2,1.23,11200
ASTE,20090618,28.85,29.32,28.18,29.12,246500
ASUR,20090618,0.2,0.2,0.14,0.16,1047700
ASYS,20090618,5.43,5.52,5.25,5.33,11800
ATAI,20090618,7.08,7.35,6.87,7.35,11200
ATAX,20090618,5.3,5.5,5.3,5.42,91100
ATEC,20090618,35.76,36.96,35.4,35.88,55100
ATHX,20090618,0.91,0.94,0.9,0.94,9500
ATLO,20090618,22.75,23.58,22,23.03,65300
ATNI,20090618,39.32,39.32,38.21,38.65,143200
ATRC,20090618,3.36,3.56,3.36,3.52,26500
ATRI,20090618,118.29,124.85,112.01,124.38,9500
ATRO,20090618,8.2,8.875,8,8.6667,101000
ATSG,20090618,2.17,2.37,2.1,2.11,716800
ATVI,20090618,12.68,12.75,12.4,12.56,6985000
AUBN,20090618,26,26.5,26,26.44,2100
AUDC,20090618,1.37,1.4,1.32,1.33,27400
AVAV,20090618,27.5,27.75,27.03,27.6,106600
AVCT,20090618,14.75,14.86,14.43,14.77,185000
AVID,20090618,13.28,13.43,13.09,13.13,187700
AWRE,20090618,2.5,2.6,2.49,2.55,8400
AXTI,20090618,1.25,1.35,1.25,1.33,81300
AZPN,20090618,9.2,9.2,9,9.1,259100
BANF,20090618,36.5,36.54,35.22,36.27,51500
BANFP,20090618,24.2,24.2,24.2,24.2,0
BANR,20090618,38.64,38.64,36.47,36.75,150200
BBBY,20090618,28.16,28.38,27.69,27.82,3377000
BBGI,20090618,2.24,2.35,2.15,2.15,1900
BBSI,20090618,11.4,11.51,11,11.11,22100
BCBP,20090618,8.97,8.97,8.97,8.97,0
BCPC,20090618,16.0267,16.0733,15.5333,15.84,85500
BCRX,20090618,4.09,4.12,3.8,3.9,377900
BDSI,20090618,6.28,6.64,6.28,6.39,576600
BEAT,20090618,16.98,17.35,16.98,17.11,518700
BECN,20090618,14,14.01,13.58,13.86,259900
BELFA,20090618,14.9,14.91,14.9,14.9,1700
BELFB,20090618,16.62,16.62,15.82,16.09,14900
BFIN,20090618,9,9,8.84,8.98,6600
BGCP,20090618,3.4,3.63,3.33,3.57,107000
BGFV,20090618,11.44,12.24,11.24,11.97,122400
BIDU,20090618,29.749,29.749,29.127,29.404,1480900
BIIB,20090618,48.4689,48.4689,47.3359,47.8886,1704000
BITS,20090618,4.68,4.78,4.58,4.78,8100
BJRI,20090618,14.94,15.47,14.94,15.26,112300
BKCC,20090618,6.66,6.68,6.42,6.62,69500
BKSC,20090618,10.51,11,10.51,10.55,3000
BLDP,20090618,1.64,1.68,1.56,1.56,196700
BLKB,20090618,15.23,15.59,15.12,15.47,111700
BMRC,20090618,13.42,13.51,13.42,13.5,59300
BMRN,20090618,14.73,15.05,14.71,15.02,960400
BMTC,20090618,18.86,19,18.86,18.98,10500
BNSO,20090618,1.07,1.07,1.07,1.07,1000
BOKF,20090618,37.15,38.78,36.9,38.24,226100
BOLT,20090618,12.23,12.23,11.88,12.02,34100
BOOM,20090618,19.35,19.84,18.75,19.72,290000
BOSC,20090618,1.68,1.68,1.68,1.68,0
BPOP,20090618,24.5,24.5,22.6,23.7,2343100
BPOPM,20090618,15.35,15.4,15.35,15.4,2500
BPOPN,20090618,15.51,15.52,15.32,15.5,11800
BRID,20090618,7.82,8.3,7.71,8.1,7400
BRKL,20090618,9.23,9.39,9.11,9.23,434900
BRKR,20090618,8.05,8.5,8.01,8.43,548600
BRKS,20090618,4.77,4.86,4.62,4.66,226900
BRLI,20090618,15.36,16.175,15.36,15.805,203100
BSET,20090618,2.69,2.69,2.37,2.4,23400
BSQR,20090618,2.37,2.4,2.33,2.33,8000
BSRR,20090618,14.24,14.79,13.2,13.45,44900
BUSE,20090618,7.52,7.79,7.21,7.72,28900
BWEN,20090618,90.3,90.3,80.6,81.9,174000
BYFC,20090618,6.25,6.25,6.25,6.25,0
CAAS,20090618,5.53,5.87,5.53,5.81,25900
CAC,20090618,31.3,31.61,29.59,29.99,19100
CACC,20090618,21.66,23.25,21.66,22.43,39200
CAKE,20090618,16.97,17.49,16.94,17.33,2088700
CALM,20090618,12.23,12.485,12.055,12.305,351500
CAMP,20090618,1.02,1.03,0.96,0.96,63900
CAMT,20090618,0.47,0.49,0.47,0.48,9600
CARV,20090618,6.2,6.2,6.2,6.2,200
CASA,20090618,2.41,2.85,2.41,2.85,200
CASH,20090618,7.0833,7.0833,7.0833,7.0833,500
CASS,20090618,31.62,32.33,31.35,31.83,14500
CASY,20090618,26.29,27.13,26.04,26.94,277100
CATY,20090618,9.23,9.49,9.1,9.42,265000
CBAN,20090618,6.62,7.02,6.56,6.95,8200
CBNK,20090618,12.9,13.22,12.89,13.04,21600
CBRL,20090618,26.67,27.75,26.16,27.66,694800
CBSH,20090618,30.51,31.31,30.51,31.21,455500
CCBG,20090618,16.58,16.99,16.53,16.76,15700
CCMP,20090618,31.55,31.71,31.04,31.26,216400
CCNE,20090618,13.57,13.98,13.3,13.55,24200
CCOI,20090618,8.45,8.51,8.24,8.3,512500
CCRN,20090618,7.71,7.89,7.44,7.75,147100
CDNS,20090618,6.03,6.09,5.95,6.06,1571400
CDZI,20090618,11.58,12,11.15,11.5,58200
CECE,20090618,3.41,3.46,3.41,3.44,5100
CENT,20090618,10.91,10.91,10.45,10.55,310200
CENTA,20090618,9.92,10.03,9.55,9.64,300300
CENX,20090618,6.8,6.82,6.35,6.48,4698800
CERN,20090618,14.995,15.065,14.79,14.98,682000
CERS,20090618,1.01,1.06,1,1.04,50200
CEVA,20090618,8.66,8.69,8.27,8.45,34900
CFBK,20090618,82.5,82.5,82.5,82.5,0
CFFI,20090618,15.25,17.71,15.25,17.71,2800
CFFN,20090618,38.87,40.14,38.44,38.77,142600
CGEN,20090618,1.22,1.25,1.19,1.25,59000
CGNX,20090618,3.5025,3.5625,3.4825,3.53,101300
CHCI,20090618,0.23,0.24,0.2,0.22,49900
CHCO,20090618,31.54,32.28,31.14,31.67,61000
CHDN,20090618,11.97,12.3667,11.86,12.2333,40700
CHKP,20090618,23.92,23.96,23.14,23.35,2537700
CHNG,20090618,10.5,10.64,9.71,10.25,23700
CHNR,20090618,12.27,12.46,12,12,19700
CHRS,20090618,3.63,3.69,3.47,3.65,729600
CHRW,20090618,49.74,50.58,49.05,50.18,988000
CHSCP,20090618,26.52,26.6,26.48,26.48,15800
CIDM,20090618,8.9,11,8.8,10,31600
CINF,20090618,22.51,22.91,22.39,22.67,1170300
CIZN,20090618,27.53,28.95,27.39,28.95,900
CLDX,20090618,132.6,152.25,132,144,388700
CLFD,20090618,1.62,1.65,1.57,1.59,11100
CLMT,20090618,14.61,15.19,14.43,15.01,112600
CLNE,20090618,9.42,9.48,9.11,9.32,211400
CLRO,20090618,2.83,3.02,2.83,2.91,800
CLSN,20090618,4.51,4.59,4.31,4.46,1000
CLWT,20090618,5.2433,5.5733,5.2067,5.2067,8800
CMCO,20090618,12.28,12.86,12.15,12.52,113400
CMCSA,20090618,6.935,7.05,6.865,6.935,16295100
CME,20090618,65.592,66.26,64.952,65.812,736200
CMLS,20090618,9.04,9.44,9.04,9.04,20500
CMTL,20090618,30.06,30.69,29.97,30.04,296200
CNBKA,20090618,17.39,17.67,17.39,17.67,400
CNOB,20090618,8.33,8.33,8.15,8.19,7100
CNSL,20090618,11.63,11.9,11.6,11.85,119600
CNTY,20090618,2.78,2.91,2.75,2.91,65400
COCO,20090618,16.39,16.93,16.05,16.81,1112800
COGT,20090618,10.39,10.58,10.3,10.47,386300
COHR,20090618,20.7,21.13,20.46,20.77,54500
COHU,20090618,9.48,9.61,9.31,9.36,81100
COIN,20090618,1.25,1.4,1.2,1.28,1592200
COKE,20090618,56.4,56.97,55.71,56.42,14900
COLB,20090618,10.26,10.57,9.95,10.15,86500
COLM,20090618,15.72,16.12,15.595,15.9,80600
COMS,20090618,4.49,4.53,4.37,4.48,5701400
CONN,20090618,12.78,12.97,12.37,12.93,153100
COOL,20090618,79.8,79.8,72.24,73.08,170800
COOP,20090618,1.33,1.33,1.3,1.3,10700
CORT,20090618,0.98,0.98,0.91,0.91,1600
COST,20090618,46.77,46.86,45.9,46.24,4628400
COWN,20090618,7.86,8.26,7.7,8.16,91600
CPHC,20090618,6.53,6.53,6.53,6.53,100
CPLP,20090618,9.1,9.72,8.96,9.16,75300
CPRT,20090618,8.5825,8.6575,8.5075,8.62,302800
CPRX,20090618,0.7,0.75,0.7,0.7,38400
CPSI,20090618,39.71,39.76,38.82,39.47,116300
CPSS,20090618,0.83,0.83,0.8,0.81,4500
CRAI,20090618,29.15,29.38,28.31,29.03,36400
CRESW,20090618,0.11,0.11,0.11,0.11,5000
CRESY,20090618,9.25,9.37,9.05,9.27,154500
CRIS,20090618,7.45,7.6,7.2,7.5,352000
CRMT,20090618,17.87,18.05,17.45,17.65,102500
CRNT,20090618,6.35,6.35,6.21,6.29,46900
CROX,20090618,3.36,3.73,3.25,3.52,3095500
CRTX,20090618,8.46,8.54,8.33,8.5,77700
CRUS,20090618,4.47,4.54,4.42,4.52,212400
CRVL,20090618,11.33,11.58,10.77,10.855,28700
CRWS,20090618,2.01,2.01,2.01,2.01,0
CSCO,20090618,19.23,19.29,18.92,18.99,37569800
CSGP,20090618,38.58,38.58,37.9,38.14,117000
CSGS,20090618,13.78,13.96,13.62,13.79,131000
CSII,20090618,6.24,6.24,6.01,6.13,52700
CSIQ,20090618,13.18,13.57,12.81,13.33,1461900
CSPI,20090618,3.51,3.51,3.45,3.46,4200
CSTR,20090618,26.74,27.21,26.16,27.07,627700
CSWC,20090618,18.125,18.92,18.0575,18.1325,16300
CSX,20090618,11.31,11.3667,11.01,11.2933,5188900
CTAS,20090618,22.43,22.46,22.21,22.41,1132600
CTBI,20090618,27.06,27.47,26.72,27.2,15000
CTHR,20090618,0.52,0.52,0.52,0.52,300
CTIB,20090618,2.05,2.05,1.84,1.91,7300
CTIC,20090618,65.5,67,63,65.5,21742100
CTRN,20090618,24.95,25.6,23.95,25.12,168100
CTSH,20090618,13.045,13.045,12.69,12.81,3797800
CTXS,20090618,26.8471,26.9029,25.9873,26.0908,5892400
CUBA,20090618,6.34,6.58,6.2,6.26,27200
CUTR,20090618,8.3,8.39,8.16,8.34,29600
CVBF,20090618,6.1,6.4,6.01,6.1,830600
CVCO,20090618,23.88,23.88,22.21,23.2,20200
CVCY,20090618,5.55,5.95,5.55,5.95,300
CVGI,20090618,1.23,1.31,1.17,1.25,163000
CVGW,20090618,17.98,19.64,17.78,19.49,306000
CVLT,20090618,16.94,16.99,16.46,16.57,598900
CVLY,20090618,7,7,6.5,6.5,3100
CVV,20090618,3.09,3.09,3.09,3.09,0
CWBC,20090618,2.45,2.45,2.45,2.45,0
CWCO,20090618,17.1,17.43,16.87,17.25,45400
CWST,20090618,2.36,2.4,2.25,2.25,175500
CYAN,20090618,2.06,2.06,2.05,2.06,600
CYBE,20090618,5.2,5.64,4.85,5.17,7200
CYCC,20090618,1982.4,2100,1864.8,1915.2,303500
CYCCP,20090618,1.15,1.15,1.15,1.15,0
CYTK,20090618,16.08,17.04,15.36,15.78,479000
CZNC,20090618,19.02,20,18.83,20,5100
CZWI,20090618,5.46,5.46,5.46,5.46,100
DAIO,20090618,2.83,3.02,2.82,3.02,1200
DAKT,20090618,7.67,7.82,7.58,7.62,351800
DCOM,20090618,8.32,8.78,8.2,8.48,126000
DCTH,20090618,929.28,929.28,870.4,911.36,76000
DDMX,20090618,16.25,16.36,15.7,15.85,19600
DENN,20090618,2.19,2.22,2.16,2.21,186200
DGICA,20090618,15.2,15.56,15.1,15.26,11000
DGICB,20090618,15.2,15.45,13.8,14.34,2000
DGII,20090618,10.27,10.3,9.87,10.23,80200
DGLY,20090618,2.43,2.43,2.34,2.35,12900
DHIL,20090618,40.38,40.38,39.66,40.06,5500
DIOD,20090618,14.76,15.03,14.51,14.93,471700
DISCA,20090618,21.3,21.49,21.04,21.17,922900
DISCB,20090618,23.49,23.49,23.49,23.49,200
DISCK,20090618,9.62,9.77,9.595,9.64,220700
DISH,20090618,14.82,15.16,14.71,15.09,3533900
DJCO,20090618,50,50,50,50,0
DLTR,20090618,14.1134,14.1134,13.8467,13.91,761200
DMLP,20090618,21.89,21.91,21.23,21.62,11200
DMRC,20090618,12.36,13.88,12.26,13.69,60600
DORM,20090618,6.9,7.15,6.875,7.05,55600
DRIV,20090618,37.69,37.98,37.11,37.79,499000
DRRX,20090618,2.38,2.39,2.31,2.36,100600
DSGX,20090618,3.81,3.91,3.8,3.88,2500
DSPG,20090618,7.02,7.26,6.92,7.09,39300
DSWL,20090618,3.4,3.44,3.39,3.39,17300
DVAX,20090618,15,15,14.4,14.8,292300
DWSN,20090618,27.31,28.69,27.17,28.13,88400
DXCM,20090618,6.77,6.82,6.27,6.28,372600
DXPE,20090618,15.63,15.71,14.95,15.42,115700
DXYN,20090618,3.18,3.19,3.1,3.11,1700
DYNT,20090618,2.65,2.85,2.5,2.85,10000
EBAY,20090618,7.1832,7.2589,7.1074,7.2084,15117800
EBIX,20090618,10.78,10.78,10.28,10.6867,37900
EBSB,20090618,3.2353,3.2761,3.2353,3.268,9100
EBTC,20090618,13.2,13.5,13.07,13.5,2000
ECOL,20090618,18.91,19.92,18.7,19.83,181800
ECPG,20090618,11.44,11.83,11.44,11.64,64300
EDAP,20090618,1.61,1.8,1.43,1.67,23600
EDUC,20090618,2.375,2.375,2.375,2.375,0
EEFT,20090618,19.23,19.88,19.22,19.68,495900
EFOI,20090618,3.55,3.55,3.25,3.5,19300
EFSC,20090618,8.51,9.12,8.51,9.1,12900
EGBN,20090618,8.04,8.05,7.61,7.8,3800
EGLE,20090618,55339.2,55339.2,52012.8,53424,3737100
EHTH,20090618,16.84,16.94,16.48,16.5,123900
ELSE,20090618,2.5,2.76,2.5,2.76,400
ELTK,20090618,1.48,1.48,1.48,1.48,0
EMKR,20090618,5.28,5.28,4.96,5.16,918100
ENDP,20090618,17.34,17.92,17.25,17.65,1395800
ENG,20090618,5.02,5.19,4.99,5.12,34800
ENSG,20090618,7,7.3,7,7.13,160300
ENTG,20090618,3.08,3.08,2.61,2.71,2057700
EPAY,20090618,8.47,8.57,8.19,8.35,21500
EQIX,20090618,69.54,70.89,68.81,70.45,662400
ERES,20090618,5.59,5.87,5.48,5.76,356400
ERIC,20090618,9.56,9.61,9.45,9.56,8672100
ERIE,20090618,34.7,35.5,34.7,35.34,125900
ERII,20090618,6.91,6.93,6.42,6.76,176200
ESBK,20090618,15.03,15.03,15.03,15.03,0
ESCA,20090618,1.12,1.12,1.12,1.12,200
ESEA,20090618,39.52,42.72,39.2,41.44,142600
ESGR,20090618,55.01,59.31,55.01,57.92,32100
ESLT,20090618,60,60,59.4,59.57,4700
ESSA,20090618,13.32,13.45,13.22,13.31,15600
EVK,20090618,1.89,1.96,1.86,1.92,12000
EVOL,20090618,2.22,2.3,2.1,2.26,46300
EWBC,20090618,7.12,7.53,6.85,7.31,539900
EXAS,20090618,2.25,2.34,2.2,2.21,107500
EXEL,20090618,4.94,4.99,4.87,4.92,980200
EXLS,20090618,9.66,10,9.66,9.83,28900
EXPD,20090618,33,33.45,32.46,33.18,1325500
EXPE,20090618,15.36,16.07,15.09,15.87,3392700
EXPO,20090618,6.4225,6.4225,6.255,6.3,44800
EXTR,20090618,1.92,1.92,1.85,1.88,207400
EZPW,20090618,10.22,10.5,10.18,10.41,678400
FARM,20090618,22.78,22.95,22.64,22.89,1400
FARO,20090618,16.75,17.06,16.63,16.75,46000
FAST,20090618,8.405,8.5375,8.25,8.4325,1774200
FBIZ,20090618,11.24,13.95,11,13.95,3800
FBMS,20090618,9.06,9.06,9.06,9.06,0
FBNC,20090618,12.8,13,12.76,12.85,48500
FCAL,20090618,6.59,6.76,6.59,6.76,700
FCAP,20090618,16.56,16.56,16.5,16.5,1400
FCBC,20090618,12.6,13,12.6,12.79,107100
FCCO,20090618,7.5,7.5,7.5,7.5,100
FCCY,20090618,7.9,7.9,7.9,7.9,0
FCEL,20090618,551.52,583.2,537.12,567.36,2574900
FCFS,20090618,16.18,16.33,16.09,16.19,121700
FCNCA,20090618,133.13,134.7,131.54,133.17,24300
FEIM,20090618,3.81,3.81,3.65,3.66,5800
FELE,20090618,11.75,11.95,11.745,11.8,138800
FFBC,20090618,7.53,7.81,7.48,7.7,132400
FFHL,20090618,1.51,1.54,1.46,1.47,21000
FFIC,20090618,10.28,10.66,10.07,10.31,38900
FFIN,20090618,8.2734,8.3317,8.145,8.2284,147500
FFIV,20090618,34.74,34.9,33.9,34.1,1757000
FFNW,20090618,8.06,8.12,7.93,8,32600
FISI,20090618,13.77,14.37,13.56,14.23,6400
FISV,20090618,11.53,11.545,11.3,11.3775,1915000
FITB,20090618,6.87,7.35,6.65,7.24,31588400
FITBP,20090618,89,93,89,93,9500
FIZZ,20090618,10.02,10.43,9.85,10.33,37300
FLEX,20090618,4.07,4.26,4,4.24,5446400
FLIC,20090618,16.0667,16.6667,16.04,16.6667,3200
FLWS,20090618,2.5,2.56,2.4,2.4,56800
FLXS,20090618,7.08,7.5,7.08,7.5,2200
FMBI,20090618,6.22,6.4,6.1,6.18,631100
FNLC,20090618,16.59,17.5,16.15,17.5,31700
FOLD,20090618,8.19,8.34,7.75,7.9,17800
FONR,20090618,2.22,2.34,2.16,2.27,19300
FORD,20090618,1.65,1.7,1.62,1.63,14500
FORM,20090618,20.64,20.7,19.72,19.93,731500
FORR,20090618,24.54,24.57,24.11,24.47,39700
FORTY,20090618,6.95,6.95,6.88,6.95,1200
FOSL,20090618,22.54,22.91,22.05,22.6,256500
FRBK,20090618,7.69,7.69,7.64,7.68,6200
FREE,20090618,450000000,450000000,414000000,415500000,194000
FREEW,20090618,0.11,0.11,0.11,0.11,0
FRME,20090618,8.44,8.5,8.27,8.34,70600
FRPT,20090618,8.3,8.39,7.9,7.98,1052100
FSFG,20090618,9.85,9.85,9.85,9.85,0
FSII,20090618,0.43,0.44,0.42,0.42,12500
FSLR,20090618,169.71,172.42,165.62,170.25,2237100
FSTR,20090618,28.08,28.8,27.87,28.58,73400
FTEK,20090618,10.06,10.2,9.8,9.96,92300
FULT,20090618,5.08,5.23,5.03,5.06,1785300
FUNC,20090618,10.95,11.41,10.25,10.25,8300
FUND,20090618,5.45,5.5,5.4,5.45,32100
FWRD,20090618,22.09,22.79,21.72,22.4,158400
GABC,20090618,9.4467,9.4467,8.94,9.1933,3800
GAIA,20090618,6.26,6.27,6.13,6.14,31200
GAIN,20090618,4.28,4.29,4.09,4.1,39900
GALT,20090618,2.16,2.16,2.1,2.1,57800
GASS,20090618,4.9,5.06,4.9,4.92,43800
GBCI,20090618,14.57,15.1,14.53,15.09,336800
GCBC,20090618,7.74,7.74,7.12,7.12,200
GENC,20090618,4.74,4.8533,4.7333,4.7733,4700
GENE,20090618,34.2,35.6,30,30,5700
GERN,20090618,6.56,6.68,6.38,6.67,1070000
GFED,20090618,7.5,7.5,7.5,7.5,0
GGAL,20090618,2.86,2.99,2.86,2.94,107100
GIFI,20090618,14.81,15.13,14.41,14.89,99000
GIGM,20090618,27.35,27.5,26.5,26.85,435100
GIII,20090618,5.555,5.6,5.405,5.53,155100
GILD,20090618,22.89,23.475,22.665,23.25,9200500
GILT,20090618,3.92,3.95,3.81,3.87,15500
GLAD,20090618,7.52,7.56,7.3,7.33,61600
GLBL,20090618,6.33,6.43,6.06,6.2,1004700
GLBZ,20090618,8.15,8.15,8.05,8.05,800
GLDD,20090618,5.28,5.37,5.14,5.31,133000
GLNG,20090618,7.48,7.64,7.36,7.53,90000
GLRE,20090618,17.32,17.51,17.09,17.19,81800
GNTX,20090618,6.025,6.135,5.585,5.735,3223200
GOOD,20090618,13.92,13.92,13.41,13.62,19000
GOODO,20090618,16.99,17.05,16.99,17.05,800
GOOG,20090618,207.84,209.345,206.5,207.03,3087600
GPRE,20090618,5.84,5.85,5.45,5.65,43800
GPRO,20090618,42.58,43.47,42.58,42.75,390600
GRMN,20090618,21.87,21.98,21.32,21.46,2344900
GROW,20090618,8.52,8.6,8.15,8.32,97600
GRVY,20090618,4.28,4.4,4.28,4.4,600
GSBC,20090618,19.83,19.98,18.99,19.5,56600
GSIT,20090618,3.46,3.46,3.37,3.41,11400
GT,20090618,11.85,12.25,11.5,12.08,5609300
GTIM,20090618,1.5,1.5,1.5,1.5,100
GYRO,20090618,36,36,36,36,200
HA,20090618,5.4,5.5,5.2,5.43,344000
HAFC,20090618,2.12,2.21,1.93,2,925300
HAIN,20090618,8.1,8.305,8.095,8.195,207900
HALL,20090618,6.93,6.97,6.86,6.94,18400
HALO,20090618,7.22,7.4,7.07,7.27,272700
HAS,20090618,24.87,25.09,24.61,24.77,1492200
HAYN,20090618,23.83,24.41,23.23,24.14,48400
HBAN,20090618,4.13,4.39,4.11,4.33,26685300
HBANP,20090618,720,748.87,720,722.35,200
HBCP,20090618,11.74,12.09,11.63,12,7400
HBIO,20090618,3.58,3.7,3.51,3.52,51200
HBNC,20090618,3.7373,3.7413,3.6346,3.7413,1000
HCCI,20090618,10.24,10.24,10,10,700
HCII,20090618,5.2,5.36,5.1,5.35,11900
HCIIW,20090618,0.5,0.5,0.5,0.5,1500
HCKT,20090618,2.28,2.29,2.23,2.28,56400
HCSG,20090618,12.38,12.9133,12.3,12.8133,171900
HDSN,20090618,1.39,1.39,1.35,1.35,13600
HEES,20090618,7.57,7.87,7.38,7.79,99200
HELE,20090618,17.72,17.77,17.39,17.47,111200
HERO,20090618,4.39,4.4,3.71,3.93,8591200
HFWA,20090618,12.02,12.05,11.91,12,5100
HIBB,20090618,16.77,17.25,16.75,17.04,270100
HIFS,20090618,29.64,29.64,29.64,29.64,0
HIHO,20090618,1.13,1.19,1.06,1.19,600
HIMX,20090618,3.13,3.37,3.12,3.3,501300
HLIT,20090618,6.08,6.38,6.07,6.24,1025400
HLTH,20090618,11.88,13.26,11.86,13.26,5539300
HMNF,20090618,5.75,5.75,5.52,5.58,4800
HOFT,20090618,12.51,12.51,11.99,12.22,32800
HOLI,20090618,5.42,5.8,5.3,5.71,87600
HOLX,20090618,13.61,14.03,13.56,13.9,2362600
HOMB,20090618,4.9375,5.04,4.8825,4.9625,54300
HOOK,20090618,2.12,2.24,2.01,2.01,8300
HOVNP,20090618,1.74,1.74,1.74,1.74,1300
HSIC,20090618,44.32,45.56,44.1,45.34,811800
HSII,20090618,17.62,17.62,17.18,17.52,85900
HSKA,20090618,0.43,0.44,0.43,0.43,1200
HSTM,20090618,2.65,2.65,2.51,2.59,2300
HTBK,20090618,4.5,4.56,4.01,4.05,106400
HTLD,20090618,14.59,14.94,14.28,14.67,669800
HTLF,20090618,14.25,14.66,14.25,14.32,12300
HUBG,20090618,20.5,20.84,19.97,20.49,446300
HURC,20090618,14.89,15.11,14.29,14.81,25500
HURN,20090618,49.71,50.28,48.82,49,123600
HWBK,20090618,10.14,10.14,10.12,10.12,300
HWKN,20090618,20.96,21.32,20.61,20.96,62100
IART,20090618,13.115,13.34,13.065,13.1,231200
IBB,20090618,70.18,70.93,69.66,70.71,817100
IBCP,20090618,1.35,1.47,1.35,1.35,41000
IBKR,20090618,14.56,14.68,14.4,14.49,402600
IBOC,20090618,10.35,10.8,10.13,10.74,369800
ICAD,20090618,1.16,1.19,1.12,1.12,81600
ICCC,20090618,2.35,2.35,2.35,2.35,1200
ICFI,20090618,25.52,25.67,25.08,25.4,74200
ICLN,20090618,23.05,23.05,22.66,22.8,49500
ICLR,20090618,21.28,22,21.28,21.85,790400
ICUI,20090618,41.52,42.31,41.38,41.87,213600
IDCC,20090618,24.34,24.59,23.22,24.07,979300
IDRA,20090618,56.16,59.68,54.64,55.92,37600
IDXX,20090618,22.49,22.76,22.455,22.655,189800
IESC,20090618,8.3,8.55,8.14,8.44,10800
IFGL,20090618,24.59,24.82,24.51,24.69,11000
IGOV,20090618,100.02,100.02,99.32,99.42,6100
III,20090618,3.48,3.5,3.38,3.49,44100
IIIIW,20090618,0.08,0.08,0.06,0.06,1100
IIN,20090618,3,3,2.96,2.96,600
IIVI,20090618,11.51,11.675,11.36,11.56,71200
IKNX,20090618,6.35,6.49,6.25,6.25,1500
ILMN,20090618,36.28,36.64,35.7,36.35,1378600
IMGN,20090618,7.04,7.14,6.97,7.1,1499000
IMKTA,20090618,14.77,15.12,14.7,14.82,32300
IMMR,20090618,5.05,5.1,4.97,5.06,82100
IMOS,20090618,0.76,0.78,0.76,0.76,179100
INCY,20090618,3.24,3.24,3.06,3.1,1065300
INDB,20090618,20.07,20.14,19.74,19.94,241900
INFI,20090618,5.62,5.62,5.27,5.36,19700
INFN,20090618,9.62,9.62,9.35,9.45,369900
INMD,20090618,3.6,3.775,3.6,3.77,1200
INOD,20090618,4.3,4.32,4.09,4.24,44900
INSM,20090618,2.18,2.45,2.16,2.42,5397900
INTC,20090618,16.16,16.22,15.84,15.87,57990400
INTG,20090618,12.4,12.4,12.4,12.4,10800
INTU,20090618,28.06,28.24,27.57,27.89,2979800
IOSP,20090618,9.8,10.21,9.64,10.07,94400
IPAR,20090618,8.55,8.82,8.3,8.51,105400
IPGP,20090618,11.24,11.33,11,11.18,99600
IRBT,20090618,12.79,13,12.7,12.96,60400
IRIX,20090618,2.25,2.42,2.25,2.27,400
ISBC,20090618,3.5686,3.6549,3.549,3.5686,430100
ISHG,20090618,102.11,102.15,101.65,101.65,800
ISIG,20090618,2.75,2.76,2.24,2.5,15400
ISLE,20090618,12.01,12.29,11.43,12.13,348900
ISRG,20090618,52.5533,52.9767,51.6333,52.1933,778000
ISSC,20090618,4.43,4.45,4.07,4.24,24200
ITIC,20090618,33.02,33.5,33.02,33.02,1700
ITRI,20090618,56.98,57.76,56.29,56.6,378000
ITRN,20090618,8.15,8.59,8.05,8.25,12300
IVAC,20090618,8.22,8.33,7.99,8.24,23600
JACK,20090618,23.26,24.28,23.01,23.87,864900
JAKK,20090618,121.8,121.8,119.1,120.1,326900
JAZZ,20090618,3.8,4.15,3.41,3.72,4077000
JBHT,20090618,31.3,32,30.78,31.52,2374300
JBLU,20090618,4.16,4.2,4.02,4.2,5308300
JBSS,20090618,7,7.58,6.97,7.27,7700
JCS,20090618,9.77,9.86,9.3,9.8,25500
JCTCF,20090618,1.23,1.23,1.23,1.23,200
JJSF,20090618,36.58,37.15,36.51,37.04,19000
JKHY,20090618,18.9,19.46,18.76,19.44,957100
JOBS,20090618,4.15,4.155,4.08,4.115,15000
JOUT,20090618,7.2,7.25,6.75,6.83,3300
JRJC,20090618,102.3,103.5,99.3,100.7,226000
KALU,20090618,33.89,35.45,33.47,34.91,197300
KELYA,20090618,12.47,12.53,12.22,12.34,156200
KEQU,20090618,10.45,10.55,10.17,10.26,3100
KFFB,20090618,11.48,11.5,11.42,11.5,4700
KFRC,20090618,8.4,8.61,8.25,8.52,88000
KIRK,20090618,8.7,9.04,8.53,9.01,404300
KLAC,20090618,25.18,25.51,24.94,25.07,3382500
KLIC,20090618,3.75,3.77,3.65,3.67,211700
KNDI,20090618,1.49,1.49,1.36,1.4,6100
KOPN,20090618,3.83,3.92,3.73,3.9,132800
KOSS,20090618,6.4,6.575,5.92,6.08,2700
KRNY,20090618,10.81,11.16,10.81,11.14,34900
KTCC,20090618,1.65,1.65,1.65,1.65,400
KTOS,20090618,0.84,0.91,0.81,0.81,99700
KVHI,20090618,7.22,7.32,7.12,7.25,38000
LAKE,20090618,7.94,7.96,7.73,7.73,500
LAMR,20090618,15.92,15.92,15.37,15.64,759900
LANC,20090618,44.44,45.19,44.03,45.03,89900
LARK,20090618,15,15,15,15,600
LAWS,20090618,14.57,14.57,13.45,13.99,10700
LBAI,20090618,8.91,9.18,8.91,9.18,17200
LBTYA,20090618,7.6341,7.7159,7.4093,7.7006,2033400
LBTYB,20090618,15.06,15.06,15.06,15.06,0
LBTYK,20090618,14.78,14.94,14.41,14.9,610200
LCUT,20090618,4.07,4.16,3.9,3.96,22700
LECO,20090618,18.705,18.705,18.19,18.54,276600
LFUS,20090618,19.73,20,19.5,19.59,94200
LGND,20090618,16.62,17.7,16.56,17.7,304100
LGVN,20090618,1.06,1.06,1.06,1.06,0
LHCG,20090618,21.59,21.75,21.06,21.68,201600
LIFE,20090618,557.48,570.64,554.4,567.56,1911000
LINC,20090618,17.98,18.85,17.8,18.63,273600
LIVE,20090618,0.4133,0.4133,0.4133,0.4133,400
LJPC,20090618,0.22,0.23,0.19,0.2,4745700
LKFN,20090618,12.5267,12.8467,12.34,12.7067,5600
LLNW,20090618,5.04,5.06,4.31,4.45,820400
LMAT,20090618,3.16,3.25,3.15,3.25,300
LNDC,20090618,6.69,6.95,6.68,6.76,46000
LOAN,20090618,1.05,1.05,1.05,1.05,0
LOGC,20090618,0.5,0.5,0.5,0.5,0
LOGI,20090618,13.63,13.66,13.41,13.6,531700
LOOP,20090618,7.3,7.6,7.3,7.51,84600
LOPE,20090618,15.25,15.65,15.03,15.57,426700
LORL,20090618,26.23,28.34,25.22,27.84,39200
LPSN,20090618,3.41,3.41,3.17,3.2,179700
LPTH,20090618,1.18,1.37,1.07,1.14,25800
LQDT,20090618,9.46,9.75,9.18,9.29,37000
LRCX,20090618,24.66,24.87,24.18,24.45,1679500
LSBK,20090618,7.5,7.5,7.25,7.4,5200
LSCC,20090618,1.96,1.99,1.92,1.95,271200
LSTR,20090618,35.85,36.58,35.13,35.93,439000
LTRX,20090618,0.48,0.51,0.48,0.49,38400
LULU,20090618,6.58,6.75,6.38,6.615,1381900
LUNA,20090618,0.57,0.6,0.56,0.59,15300
LWAY,20090618,12.38,12.68,12.3,12.55,10400
LXRX,20090618,8.33,9.17,8.33,8.89,78700
LYTS,20090618,4.66,4.73,4.54,4.61,26800
MANH,20090618,4.52,4.595,4.47,4.5275,88800
MANT,20090618,42.68,42.71,41.8,42.49,206900
MARPS,20090618,17.62,17.62,17.62,17.62,0
MASI,20090618,23.88,24.36,23.7,24.1,499900
MAT,20090618,15.75,16.4,15.73,16.36,3987200
MATW,20090618,30.84,30.84,30.45,30.67,126100
MAYS,20090618,8.05,8.05,8.05,8.05,0
MBRX,20090618,0.55,0.55,0.48,0.49,189200
MBWM,20090618,3.3,3.31,3.03,3.19,30400
MCBC,20090618,3.2,3.31,3.04,3.25,26400
MCHP,20090618,11.38,11.38,11.105,11.155,2637900
MCHX,20090618,3.33,3.47,3.27,3.31,377100
MCRI,20090618,7.18,7.24,7.02,7.22,132900
MDRX,20090618,14.74,15,14.65,14.86,946300
MELI,20090618,23.54,23.81,23,23.64,245200
MEOH,20090618,12.87,13.17,12.61,12.77,404200
MERC,20090618,0.87,0.96,0.87,0.96,63900
MESA,20090618,0.13,0.13,0.1,0.11,3932800
MGEE,20090618,22.06,22.38,21.9733,22.3667,36600
MGIC,20090618,1.4,1.45,1.38,1.45,3400
MGLN,20090618,30.51,32.06,30.51,31.92,316500
MGPI,20090618,2.73,2.79,2.44,2.47,31100
MGRC,20090618,18.42,18.77,18.21,18.47,61500
MGYR,20090618,5.08,5.18,5.05,5.18,700
MHLD,20090618,5.85,5.93,5.76,5.92,184800
MIDD,20090618,15.3733,15.49,15.15,15.37,231900
MIND,20090618,5.33,5.48,5.15,5.47,64800
MKSI,20090618,13.67,13.68,13.37,13.43,151400
MKTX,20090618,9.32,9.76,9.17,9.54,101700
MLAB,20090618,20.01,20.01,20.01,20.01,0
MLHR,20090618,15.01,15.3,14.62,14.93,204500
MLVF,20090618,9.75,9.75,9.75,9.75,0
MMLP,20090618,20.56,20.99,20.01,20.35,42700
MMSI,20090618,12.568,12.856,12.552,12.768,77500
MNDO,20090618,1.12,1.14,1.09,1.14,14100
MNKD,20090618,40.5,41.3,40.5,41.05,443900
MNOV,20090618,2.5,2.5,2.5,2.5,0
MNRO,20090618,16.2867,16.7133,16.24,16.6467,444500
MNST,20090618,5.0067,5.1333,4.9417,5.1167,1439600
MNTX,20090618,0.86,0.91,0.8,0.81,14100
MOFG,20090618,6.87,7.39,6.8,7.39,2800
MORN,20090618,39.47,39.47,38.5,39.04,210900
MOSY,20090618,324,336,320,330,7300
MOVE,20090618,8.04,8.44,8.04,8.28,343700
MPAA,20090618,3.87,4.01,3.87,3.95,39600
MPAC,20090618,1.89,1.89,1.88,1.88,300
MPB,20090618,16.5,18.45,16.15,16.97,3100
MPWR,20090618,22.04,22.1,21.55,21.8,416300
MRCY,20090618,7.98,8.33,7.51,8,74800
MRLN,20090618,4.41,4.41,4.14,4.3,2400
MRNA,20090618,1.6,1.65,1.53,1.65,658400
MRTN,20090618,9.24,9.7645,9.2133,9.5378,107000
MRVL,20090618,11.75,11.77,11.17,11.27,18644300
MSEX,20090618,14.02,14.18,13.88,14.07,22400
MSFT,20090618,23.62,23.69,23.3,23.5,58852100
MSON,20090618,2.01,2.27,2,2.2,11400
MSTR,20090618,46.88,50.31,46,50.25,282000
MTEX,20090618,33.2,33.8,32,33,34400
MTRX,20090618,11.87,12.23,11.26,11.53,201400
MTSI,20090618,5.49,5.94,5.48,5.94,3600
MU,20090618,5.31,5.44,5.15,5.26,14768600
MVIS,20090618,19.28,20,18.96,19.84,425400
MYGN,20090618,36.75,36.86,34.76,36.5,867500
MYRG,20090618,21.32,21.88,20.56,21.58,85300
NAII,20090618,6.31,6.59,6.22,6.42,311100
NATH,20090618,13.43,13.6,13.43,13.6,800
NATI,20090618,15.3733,15.3733,15.0867,15.1733,256300
NAVI,20090618,1.68,1.69,1.35,1.36,327500
NBIX,20090618,3.35,3.42,3.31,3.4,50000
NBN,20090618,8.53,8.53,8.53,8.53,0
NBTB,20090618,21.69,22.22,21.66,21.9,107400
NCMI,20090618,13.14,13.75,12.9,13.72,196300
NCTY,20090618,296.1,303.3,289.5,294.6,156500
NDAQ,20090618,20.44,20.99,20.33,20.84,2002800
NDSN,20090618,18.9,19.38,18.7,19.195,253500
NECB,20090618,8.96,9.2,8.96,9.2,12200
NEOG,20090618,8.6033,8.8466,8.46,8.83,47600
NEPT,20090618,2.01,2.08,2.01,2.08,2100
NEWT,20090618,2.25,2.45,2.25,2.45,5600
NFBK,20090618,11,11,10.77,10.96,32200
NFLX,20090618,5.8571,5.94,5.7429,5.9014,1767500
NICE,20090618,22.1,22.93,22.02,22.7,314700
NICK,20090618,5.1,5.1,5.1,5.1,0
NKSH,20090618,23.95,24.49,23.5,24.48,22900
NKTR,20090618,5.6,5.75,5.5,5.63,479100
NLTX,20090618,0.8,0.85,0.77,0.79,21100
NNBR,20090618,1.55,1.67,1.55,1.56,51400
NOVN,20090618,11.69,11.75,11.58,11.65,92100
NRIM,20090618,15.12,15.23,14.62,15.23,38300
NSEC,20090618,9,9,9,9,200
NSIT,20090618,8.51,9.09,8.49,8.99,186600
NSSC,20090618,1.25,1.25,1.22,1.22,2100
NSYS,20090618,2.75,2.75,2.75,2.75,200
NTAP,20090618,19.21,19.21,18.76,18.83,3841400
NTCT,20090618,8.68,9.04,8.52,8.9,314900
NTES,20090618,7.02,7.1,6.854,7.07,1828200
NTGR,20090618,15.52,15.65,15.4,15.51,216400
NTIC,20090618,3,3.275,3,3.275,5900
NTRS,20090618,51.57,52.94,51.28,52.5,2619700
NTWK,20090618,5.5,6,5.4,5.8,70900
NUAN,20090618,12.95,13,11.76,12.9,2031600
NURO,20090618,387.84,441.6,387.84,426.24,72100
NUVA,20090618,41.88,44,41.87,43.42,471300
NVAX,20090618,47.2,52.8,46.8,52.6,3093300
NVDA,20090618,2.81,2.8625,2.735,2.765,14163400
NVEC,20090618,45.28,45.28,43.63,44.11,87000
NVMI,20090618,0.77,0.77,0.77,0.77,600
NWFL,20090618,30.38,30.39,30.38,30.39,600
NWLI,20090618,117.43,119.7,116.7,116.81,5000
NWPX,20090618,34.86,35.08,34.31,34.88,50800
NWS,20090618,10.8,10.83,10.55,10.61,2779000
NWSA,20090618,9.43,9.61,9.31,9.38,11402000
NXST,20090618,0.78,0.88,0.78,0.82,29100
NYMT,20090618,5.1,5.1,5.01,5.05,27200
NYMX,20090618,5,5.05,4.99,5.04,36100
OBAS,20090618,6.75,6.75,6.75,6.75,0
OBCI,20090618,0.88,0.88,0.88,0.88,500
OCFC,20090618,11.83,12.19,11.66,12.04,14100
ODFL,20090618,14.2978,14.8667,13.52,14.1911,1345000
OESX,20090618,3.52,3.68,3.52,3.62,50800
OFIX,20090618,26.37,27.07,26.26,26.85,49600
OFLX,20090618,14.27,14.92,14.27,14.75,5900
OIIM,20090618,5.3,5.6,4.84,5.22,485800
OMAB,20090618,10.2,10.26,10.05,10.23,3900
OMCL,20090618,10.71,11.03,10.67,10.85,117300
OMEX,20090618,21.96,22.2,21.48,22.08,362500
ONCY,20090618,1.82,1.82,1.77,1.77,20100
ONEQ,20090618,71.18,71.57,70.47,71.39,12700
OPEN,20090618,27.62,27.8,27.35,27.75,48700
OPHC,20090618,180,180,180,180,0
OPNT,20090618,8.97,9.14,8.84,9,10300
OPOF,20090618,18.78,18.9,18.5,18.9,2400
ORLY,20090618,36.8,37.5,36.71,37.32,1588600
ORRF,20090618,36.71,36.75,36.41,36.75,900
OSBC,20090618,6.34,6.49,6.08,6.45,30700
OSIS,20090618,17.27,18,17.07,17.85,212800
OSTK,20090618,11.03,11.47,10.79,11.41,190400
OSUR,20090618,3.47,3.6,3.41,3.57,42900
OTEX,20090618,9.14,9.1525,8.9075,9.0725,268300
OTTR,20090618,21.24,21.55,21.07,21.39,110900
OVBC,20090618,29.49,29.76,29.48,29.76,10600
OVLY,20090618,4.25,4.25,4.25,4.25,0
PAAS,20090618,20.36,20.36,18.4,18.59,3890200
PACW,20090618,13.29,13.85,13.04,13.71,186300
PANL,20090618,9.44,9.94,9.35,9.84,160300
PATK,20090618,0.3333,0.4222,0.3333,0.4,79200
PAYX,20090618,26.47,26.88,26.42,26.8,5493900
PBCT,20090618,15.13,15.25,15.08,15.19,2615400
PBHC,20090618,7.99,8,7.99,8,200
PBIP,20090618,12.4,12.4,12.2,12.3,303300
PCAR,20090618,30.92,31.62,30.5,30.97,2382800
PCTI,20090618,5.99,6.24,5.93,6.15,34400
PCYO,20090618,2.85,2.9,2.85,2.9,8200
PDCO,20090618,20.28,20.63,20.13,20.52,1170700
PDEX,20090618,0.43,0.44,0.42,0.44,3700
PDFS,20090618,2.44,2.44,2.25,2.3,19700
PEBK,20090618,6.6,6.6,6.6,6.6,0
PEBO,20090618,16.59,16.89,16.39,16.56,4000
PEGA,20090618,12.535,12.565,12.27,12.43,116900
PENN,20090618,28.86,29.21,28.06,28.54,680800
PESI,20090618,12.25,12.25,11.05,11.55,77900
PETS,20090618,14.62,14.65,14.23,14.35,659600
PFBC,20090618,4.08,4.12,4.05,4.09,4900
PFIN,20090618,1.6,1.7,1.54,1.7,5200
PFSW,20090618,1.41,1.45,1.35,1.36,15700
PGC,20090618,16.75,17.45,16.5,17.07,6100
PKBK,20090618,8.9091,8.9091,8.4091,8.5818,2600
PKOH,20090618,3.84,3.9,3.7,3.79,25400
PLAB,20090618,3.89,3.92,3.71,3.83,301100
PLBC,20090618,4.01,4.01,4.01,4.01,200
PLCE,20090618,29.18,29.36,27.82,27.89,813700
PLPC,20090618,47.9,47.9,45.88,45.88,3500
PLUG,20090618,0.94,0.96,0.9,0.9,431500
PLUS,20090618,7.075,7.26,6.95,7.215,7100
PLXS,20090618,21.95,22.09,21.5,21.93,167100
PMD,20090618,6.75,6.76,6.62,6.66,5400
PNBK,20090618,28.5,28.5,26,26,1900
PNFP,20090618,13.65,14.27,13.52,14.25,286000
PNNT,20090618,7.26,7.53,7.26,7.45,115000
PNQI,20090618,18.83,18.95,18.83,18.88,1000
PNRG,20090618,36.91,37.5,36.53,37.5,2000
PODD,20090618,6.82,7.3,6.7,6.96,147600
POOL,20090618,17.69,17.8,17.08,17.14,250700
POWI,20090618,11.765,12.205,11.765,12.03,210100
POWL,20090618,38.81,40.01,38.67,39.42,73700
PPBI,20090618,5.5,5.5,5.5,5.5,0
PRAA,20090618,12.1367,12.2567,11.9867,12.15,62800
PRFT,20090618,7.02,7.1,6.62,6.98,134800
PRFZ,20090618,37.36,37.7,37.15,37.48,17500
PRGS,20090618,15.1667,15.4933,14.8133,15.1533,177100
PRIM,20090618,6.82,6.84,6.79,6.83,20500
PROV,20090618,5.81,5.81,5.81,5.81,900
PRPL,20090618,2.31,2.31,2.31,2.31,0
PRTS,20090618,3.29,3.36,3.29,3.33,5500
PSEC,20090618,9.42,9.52,9.2,9.52,458200
PSMT,20090618,16.61,16.61,16.19,16.23,86600
PSTI,20090618,13.2,13.2,12.9,13,13300
PTEN,20090618,12.5,12.89,12.27,12.54,3555100
PTIX,20090618,2.56,2.87,2.56,2.84,27700
PTNR,20090618,16.35,16.49,16.12,16.29,131600
PTSI,20090618,5.03,5.35,5.01,5.01,8300
PWOD,20090618,20.3067,20.3067,20.0133,20.0467,1500
PXLW,20090618,1.51,1.61,1.51,1.59,34700
PZZA,20090618,12.31,12.68,12.125,12.505,104900
QCLN,20090618,13.93,14.04,13.72,13.92,21500
QCOM,20090618,45.02,45.66,44.34,45.28,18881700
QCRH,20090618,9.81,10.07,9.81,10.07,2900
QDEL,20090618,13.29,13.55,12.87,13.25,355600
QQEW,20090618,14.94,15.14,14.93,15.09,19900
QQQ,20090618,35.83,36.06,35.57,35.82,126266700
QQQX,20090618,12.33,12.45,12.2,12.28,78100
QQXT,20090618,13.82,13.95,13.8,13.88,14000
QTEC,20090618,15.73,15.73,15.48,15.57,6900
QUIK,20090618,19.6,19.88,19.32,19.88,12400
RADA,20090618,3.9,3.9,3.9,3.9,300
RAIL,20090618,17.18,17.56,17.1,17.27,110500
RAM,20090618,0.89,0.9,0.85,0.88,201100
RAND,20090618,31.5,31.5,31.5,31.5,0
RAVN,20090618,13.58,13.785,13.385,13.455,60000
RBCAA,20090618,24.4,26.43,24.4,25.91,99500
RBCN,20090618,113.7,116.9,107.7,116.7,40200
RCII,20090618,18.22,18.44,17.77,17.98,797100
RCKY,20090618,4,4.14,3.95,4.14,16800
RCMT,20090618,1.98,2.18,1.98,2.18,56300
RDCM,20090618,0.45,0.45,0.45,0.45,0
RDNT,20090618,2.55,2.6,2.49,2.51,100400
RDWR,20090618,3.865,3.94,3.835,3.88,20300
REED,20090618,1.89,2.09,1.88,1.9,7900
REFR,20090618,3.59,3.59,3.52,3.59,9500
REGN,20090618,16.51,17.35,16.46,17.32,609500
RELL,20090618,3.62,3.83,3.56,3.83,6600
RENT,20090618,15.1,15.62,14.51,15.08,81600
RFIL,20090618,2.09,2.095,1.93,1.93,3800
RGCO,20090618,8.65,8.9333,8.5833,8.9333,600
RGEN,20090618,4.58,4.72,4.52,4.72,83600
RGLD,20090618,43.63,43.63,41.77,41.98,678600
RICK,20090618,6.21,6.21,6.02,6.11,43900
RIGL,20090618,11.59,11.59,11.19,11.49,506200
RMBS,20090618,18.85,19,18.09,18.26,2466900
RMCF,20090618,7.92,8.2,7.74,8.2,3900
RMTI,20090618,6.5,6.74,6.37,6.74,72700
RNST,20090618,13.73,14.74,13.73,14.56,39100
RNWK,20090618,2.74,2.74,2.67,2.71,423400
ROCK,20090618,6.66,6.74,6.39,6.67,232600
ROLL,20090618,20.38,20.83,20.2,20.59,83800
ROST,20090618,9.765,9.86,9.625,9.7375,1559800
RPRX,20090618,7.59,7.59,7.05,7.43,44200
RRGB,20090618,18.01,18.2,17.83,17.91,182500
RUSHA,20090618,7.6533,7.88,7.4867,7.6667,82700
RUSHB,20090618,6.2333,6.52,6.1533,6.28,6800
RUTH,20090618,2.97,3.42,2.9,3.33,273800
RVSB,20090618,2.97,3.21,2.97,3.13,2800
RYAAY,20090618,27.68,28.29,27.2,27.76,535700
SAFM,20090618,47.99,48.79,47.99,48.57,172600
SAFT,20090618,31.14,31.7,30.88,31.06,59800
SAIA,20090618,10.6267,12.3133,10.42,11.8733,567800
SALM,20090618,1,1,0.97,0.97,4500
SANM,20090618,0.53,0.55,0.53,0.55,1183800
SASR,20090618,14.64,15.49,14.57,14.94,49300
SATS,20090618,12.2606,12.4394,12.1956,12.3988,112300
SBAC,20090618,22.92,23.1,22.56,22.94,1324600
SBCF,20090618,15.65,16.3,15.05,15.45,53400
SBGI,20090618,1.9,1.9,1.86,1.86,128700
SBLK,20090618,311.25,314.25,297,302.25,484600
SBNY,20090618,26.45,26.89,26.01,26.39,428000
SBSI,20090618,22.1238,22.619,21.5905,22.3714,42700
SBUX,20090618,7.125,7.265,7.05,7.055,8661200
SCHL,20090618,21.08,21.58,20.85,21.33,202600
SCHN,20090618,57.11,59.68,55.77,58.75,616700
SCKT,20090618,3.1,3.14,2.62,3.14,300
SCOR,20090618,12.53,12.85,12.39,12.6,57100
SCSC,20090618,26.55,27,26.48,26.55,89600
SCVL,20090618,7.9067,8.1933,7.8267,8.1533,22400
SEAC,20090618,7.22,7.53,7.14,7.45,136800
SEED,20090618,47.9,49.6,44.5,46.1,181500
SEIC,20090618,17.7,17.7,17.46,17.6,1450400
SENEA,20090618,26.18,26.18,25.85,26.01,5400
SENEB,20090618,26.04,26.04,26.04,26.04,0
SFNC,20090618,13.47,13.51,13.24,13.485,20000
SFST,20090618,6.99,6.99,6.99,6.99,500
SGC,20090618,6.9,6.9,6.9,6.9,900
SGEN,20090618,9.21,9.27,9.08,9.21,219800
SGMA,20090618,1.97,2.05,1.97,2.05,3400
SGMO,20090618,4.16,4.29,4.05,4.28,120300
SGMS,20090618,18.11,18.16,17.69,17.91,356400
SGRP,20090618,0.65,0.65,0.45,0.45,9700
SHBI,20090618,17.5,18.44,17.5,18.09,21700
SHEN,20090618,9.985,10.155,9.815,9.975,20400
SHIP,20090618,4092,4092,4092,4092,100
SHIPW,20090618,0.24,0.24,0.22,0.22,3600
SHOO,20090618,5.4953,5.5269,5.363,5.4005,130100
SHY,20090618,83.47,83.47,83.31,83.37,619800
SIEB,20090618,2,2,2,2,0
SIFY,20090618,1.61,1.7,1.58,1.66,45800
SIGA,20090618,7.18,7.38,7.18,7.23,275200
SIGI,20090618,13.02,13.21,12.8,13.05,107300
SILC,20090618,6.62,6.62,6.45,6.52,2800
SIMO,20090618,3.56,3.59,3.18,3.26,525100
SINO,20090618,15.75,15.9,15.65,15.7,1300
SIRI,20090618,0.43,0.44,0.34,0.34,110520700
SIVB,20090618,27.71,29.03,27.71,29,402000
SKYW,20090618,10.08,10.35,9.75,10.2,360300
SLAB,20090618,37.5,37.9,36.41,36.55,1716700
SLGN,20090618,11.3675,11.6175,11.275,11.5225,198800
SLP,20090618,1.5,1.59,1.42,1.42,19000
SMBC,20090618,4.8,4.8,4.8,4.8,0
SMCI,20090618,7.93,8.13,7.7,7.79,134400
SMED,20090618,5.21,5.3,5.21,5.25,6800
SMIT,20090618,2.95,2.95,2.95,2.95,2000
SMMF,20090618,5.52,5.84,5.5,5.84,3300
SMSI,20090618,37.8,38.6,37.4,38.32,306400
SMTC,20090618,16.3,16.39,15.97,16.15,432700
SNCR,20090618,12.5,12.75,12.47,12.56,88900
SNFCA,20090618,3.15,3.15,2.36,2.57,46500
SNPS,20090618,19.25,19.45,19.14,19.36,998600
SOHU,20090618,64.07,64.81,62.98,63.49,997600
SONO,20090618,20.01,20.36,19.98,20.12,107100
SPNS,20090618,0.97,0.97,0.97,0.97,0
SPPI,20090618,5.81,5.92,5.67,5.87,702800
SPRO,20090618,3.25,3.3,3.25,3.3,1300
SPTN,20090618,14.02,14.35,13.67,14.09,266100
SRCE,20090618,17.27,18.2,17.27,17.56,21300
SRCL,20090618,50.02,50.86,49.83,50.73,589800
SRDX,20090618,19.68,20.87,19.64,20.78,201800
SSBI,20090618,6.63,6.94,6.6,6.94,900
SSTI,20090618,1.88,1.9,1.84,1.87,58800
SSYS,20090618,13.04,14.1,13.04,13.94,294200
STAA,20090618,1.9,2.12,1.82,2.01,611300
STBA,20090618,12.87,13.15,12.65,13.09,175300
STFC,20090618,17.48,17.48,17.1,17.27,25800
STKL,20090618,1.98,2.08,1.97,2.05,341000
STLD,20090618,15.2,15.66,14.75,15.26,7254400
STRA,20090618,209.28,216.79,207.44,216.09,202700
STRC,20090618,1.4,1.4,1.4,1.4,100
STRL,20090618,14.7,14.75,13.39,13.51,258100
STRM,20090618,2.9,2.96,2.83,2.85,15400
STRN,20090618,4.99,5.18,4.86,5.15,3500
STRS,20090618,7.1,7.17,6.81,6.82,27300
STRT,20090618,13.87,13.9,12.76,13.88,19700
STSA,20090618,221.1,225.72,205.92,215.82,495300
STX,20090618,9.38,9.52,9.02,9.26,10791000
SUMR,20090618,23.49,23.76,22.59,22.59,4400
SURG,20090618,1.3,1.34,1.27,1.33,83900
SVBI,20090618,3,3,3,3,900
SWIR,20090618,5.47,5.64,5.4,5.51,173100
SWKS,20090618,9.78,9.96,9.57,9.73,2771900
SYBT,20090618,15.94,16.5133,15.6133,16.3867,44600
SYNA,20090618,38.33,38.58,37.02,38.24,934100
SYNL,20090618,8.05,8.05,7.87,8,30600
SYPR,20090618,1.25,1.25,1.17,1.18,2000
TACT,20090618,5.14,5.25,5.14,5.25,11100
TAIT,20090618,0.95,0.95,0.95,0.95,0
TAST,20090618,6.38,6.68,6.36,6.66,85000
TAYD,20090618,3.17,3.32,3.15,3.15,1300
TBBK,20090618,6.74,7.02,6.63,7,66700
TCBI,20090618,14.39,14.86,14.3,14.68,94000
TCBK,20090618,14.77,15.06,14.65,14.8,25200
TCX,20090618,1.76,1.8,1.68,1.72,25200
TEAM,20090618,6.12,6.12,6.12,6.12,200
TECH,20090618,62.87,63.8,62.39,63.7,78000
TESS,20090618,7.08,7.7467,6.9933,7.3333,7700
TFSL,20090618,10.98,11,10.82,10.89,732000
TGA,20090618,2.72,2.72,2.66,2.68,39900
THFF,20090618,33.65,33.7,33.3,33.52,14000
THRX,20090618,13.92,14.17,13.66,13.99,305400
TIGR,20090618,2.65,2.68,2.65,2.68,3900
TITN,20090618,12.22,12.75,12,12.71,244900
TLT,20090618,91.25,91.58,90.11,90.45,6794600
TNDM,20090618,27.6,28.04,26.95,27.63,945000
TOPS,20090618,15680000,16870000,15540000,16660000,36700
TOWN,20090618,15.8,16,15.28,15.38,101700
TPTX,20090618,0.17,0.19,0.16,0.16,132100
TREE,20090618,8.39,9.16,8.21,8.49,77800
TRIB,20090618,4.3,4.5,4.3,4.41,111300
TRIN,20090618,163.27,166.18,162.25,165.41,9800
TRMB,20090618,10.185,10.225,9.98,10.02,1143400
TRMD,20090618,106.2,109.1,106,108,6700
TRMK,20090618,19.37,19.96,19.28,19.8,276900
TRNS,20090618,5.5,5.5,5.5,5.5,0
TROW,20090618,41.05,41.73,40.6,41.26,2338200
TRST,20090618,5.81,6,5.71,5.97,176500
TRUE,20090618,5.3,5.3,5.3,5.3,0
TSBK,20090618,4.76,4.76,4.76,4.76,0
TSCO,20090618,9.6225,10.0175,9.59,9.9075,669800
TSEM,20090618,4.8,4.8,4.5,4.8,744500
TSRI,20090618,2.02,2.02,1.87,1.87,6500
TTEC,20090618,13.68,13.86,13.62,13.78,165700
TTEK,20090618,28.82,29.8,28.67,29.21,916200
TTGT,20090618,4.01,4.11,4,4,37600
TTMI,20090618,7.78,7.82,7.51,7.66,579300
TTWO,20090618,7.87,8.1,7.75,8.02,2081300
TWIN,20090618,6.53,6.56,6.47,6.56,30100
TXN,20090618,21.4,21.52,21.08,21.33,20651300
TXRH,20090618,10.82,10.98,10.75,10.95,776500
TZOO,20090618,9.97,10.12,9.75,9.97,24400
UBCP,20090618,8.01,8.01,8.01,8.01,0
UBFO,20090618,5.06,5.19,4.99,5.05,19000
UBOH,20090618,11.33,11.33,11.3,11.3,1400
UBSI,20090618,20.57,21.43,20.23,20.73,173200
UCBI,20090618,6.85,7.13,6.73,6.75,114500
UCTT,20090618,2.37,2.42,2.16,2.16,86100
UEIC,20090618,19.73,19.74,18.94,19.03,73100
UEPS,20090618,13.08,13.17,12.82,13.02,133900
UFCS,20090618,17.14,17.34,17.05,17.19,139300
UFPI,20090618,32.5,34.73,32.14,34.28,210200
UFPT,20090618,4.05,4.08,4.05,4.07,3100
UG,20090618,9.48,9.52,9.48,9.52,1700
UHAL,20090618,37.8,39.27,36.71,38.82,44300
ULBI,20090618,6.71,6.73,6.51,6.52,86200
ULTA,20090618,9.71,9.71,9.11,9.31,289300
UMBF,20090618,37.3,38.41,37,38.15,144600
UMPQ,20090618,7.88,8.38,7.75,8.38,945500
UNAM,20090618,7.65,7.65,7.65,7.65,0
UNB,20090618,14.93,14.98,14.5,14.98,2400
UNTY,20090618,3.75,3.75,3.7,3.7,3000
URBN,20090618,20.88,21.09,20.45,20.82,2869300
USAK,20090618,14.1,14.57,14.03,14.08,20000
USAP,20090618,14.16,16.24,13.52,15.18,37900
USEG,20090618,139.2,141,136.8,137.4,29300
USLM,20090618,38,39,37.01,37.62,4700
UTHR,20090618,41.855,42.105,41.32,41.515,382300
UTMD,20090618,23.69,24,23.2,24,3100
UTSI,20090618,5.07,5.07,4.83,5.01,326600
UVSP,20090618,19.5,19.85,19.5,19.57,10000
VALU,20090618,30.58,31.03,29.7,30.99,12900
VBFC,20090618,76,76,76,76,200
VECO,20090618,11.92,12.47,11.9,12.36,406700
VIA,20090618,23.59,24.53,23.59,24.39,68600
VICR,20090618,6.95,7.01,6.77,6.89,29500
VIRC,20090618,3.54,3.54,3.53,3.53,1800
VIVO,20090618,21.01,21.5,20.82,21.44,251000
VLGEA,20090618,29.18,30.75,29.18,30.51,14500
VNDA,20090618,10.96,11.39,10.94,11.13,439700
VOD,20090618,19.6,20.08,19.44,19.88,6864700
VOXX,20090618,6.09,6.39,5.88,6.09,35700
VRSN,20090618,18.2,18.74,17.54,18.52,11506800
VRTS,20090618,14.47,15.46,14.45,14.75,5600
VRTX,20090618,31.74,32.8,31.46,32.77,1589600
VSAT,20090618,25.72,25.95,25.24,25.39,171500
VSEC,20090618,12.29,12.375,12.015,12.185,15000
WABC,20090618,48.98,49.43,48.5,49,216700
WAFD,20090618,13.12,13.16,12.93,13.09,569900
WASH,20090618,18.35,20.75,18.07,18.22,27100
WAVE,20090618,0.42,0.42,0.38,0.4,591800
WDC,20090618,24.39,24.8,24.07,24.64,3826200
WDFC,20090618,28.65,28.72,28.17,28.33,46000
WERN,20090618,18,18.52,17.63,18.2,1176300
WEYS,20090618,23.8,24.54,23.5,23.99,7500
WILC,20090618,2.03,2.03,2.02,2.02,400
WINA,20090618,16.11,16.66,15.7,15.7,3700
WIRE,20090618,20.9,21.19,20.74,21,127600
WLDN,20090618,1.99,1.99,1.99,1.99,900
WLFC,20090618,12.49,12.49,12.1,12.23,12100
WOOD,20090618,29,29.19,28.78,28.83,9800
WOOF,20090618,24.15,24.51,24.07,24.39,537900
WPRT,20090618,7.65,7.9,7.39,7.61,140200
WRLD,20090618,16.91,17.62,16.75,17.53,352400
WSBC,20090618,15.11,15.53,15.11,15.43,74700
WSBF,20090618,3.5,3.5,3.39,3.46,800
WSFS,20090618,9.19,9.2567,8.97,9.0767,5700
WSTG,20090618,6.95,7.03,6.82,7.02,4700
WTBA,20090618,5.62,6.2,5.62,6.2,15600
WTFC,20090618,15.37,15.98,14.79,15.77,143300
WVFC,20090618,16.78,16.78,16.78,16.78,0
WVVI,20090618,3.55,3.55,3.55,3.55,0
WYNN,20090618,37.14,37.58,35.01,35.6,2651400
XLNX,20090618,20.31,20.31,19.75,19.88,5332500
XOMA,20090618,19.6,19.6,18.4,18.8,1653200
XRAY,20090618,29.16,29.9,29.08,29.71,760100
XRTX,20090618,46.44,46.44,45.6,45.6,35500
YORW,20090618,13.87,13.9,13.77,13.9,3900
ZBRA,20090618,23.28,23.36,22.93,23.01,205700
ZEUS,20090618,25,25.74,24.14,25.16,447200
ZION,20090618,13.1,13.6,12.91,13.2,3227400
ZIOP,20090618,1.66,1.78,1.55,1.74,31900
ZIXI,20090618,1.57,1.59,1.56,1.58,169800
ZUMZ,20090618,8.36,8.36,8.03,8.09,278700
