AAME,20091028,1.4,1.4,1.34,1.34,300
AAON,20091028,5.6415,5.7007,5.4193,5.437,54000
AAPL,20091028,7.0611,7.0722,6.825,6.8714,29228000
AAWW,20091028,26.72,27.76,25.53,25.89,1604000
AAXJ,20091028,52.27,52.64,51.25,51.48,212300
ABCB,20091028,6.12,6.2,6.03,6.03,25800
ABIO,20091028,2124.36,2169.72,2010.96,2041.2,25500
ABMD,20091028,9.8,9.8,9.35,9.39,285000
ACAD,20091028,1.46,1.49,1.32,1.32,797000
ACET,20091028,6.02,6.08,5.69,5.73,111700
ACGL,20091028,7.57,7.6356,7.4867,7.4889,664400
ACIW,20091028,5.6067,5.6233,5.3767,5.3833,104100
ACLS,20091028,4.16,4.32,3.8,4.12,896000
ACMR,20091028,5,5.15,4.91,5.15,74000
ACOR,20091028,22.61,22.77,21.85,21.96,866400
ACTG,20091028,8.44,8.54,8,8,171300
ACWI,20091028,40.73,40.8,39.77,39.88,726500
ACWX,20091028,39.73,39.73,38.77,38.77,216300
ADBE,20091028,33.72,33.79,32.7,32.83,6169000
ADES,20091028,1.265,1.33,1.025,1.08,82900
ADI,20091028,26.37,26.73,25.79,25.79,5546900
ADP,20091028,35.3381,35.4435,35.1011,35.1274,3811100
ADPT,20091028,3.24,3.26,3.15,3.18,987300
ADRE,20091028,41.87,41.87,40.14,40.19,461100
ADSK,20091028,25.87,26.07,25.48,25.48,4904100
ADTN,20091028,23.5,23.66,23.12,23.16,808200
ADUS,20091028,9.4,9.5,8.37,8.49,2471400
AEHR,20091028,1.44,1.5,1.35,1.42,78927
AEIS,20091028,12.77,12.83,11.8,12.17,585400
AEY,20091028,2.31,2.31,2.28,2.28,4800
AEZS,20091028,630,636,600,600,2237100
AGEN,20091028,1.24,1.24,1.07,1.07,1724800
AGNC,20091028,26.02,26.6,26.02,26.15,2108400
AGYS,20091028,5.05,5.14,4.7,4.8,147700
AHPI,20091028,6.25,6.25,6,6,4800
AIMC,20091028,9.52,9.76,8.81,8.83,92000
AINV,20091028,28.35,28.71,27.15,27.18,2136900
AIRT,20091028,10.26,10.45,9.66,9.66,15400
AKAM,20091028,20.77,21.02,20.06,20.16,6850700
ALCO,20091028,28.92,29.5,28.85,29,6200
ALGN,20091028,16.84,17,15.99,16.05,1099400
ALGT,20091028,35.68,36.19,35.36,35.89,535100
ALKS,20091028,8.37,8.45,8.23,8.26,1007600
ALLT,20091028,4.15,4.19,4.05,4.09,73900
ALNY,20091028,17.94,18.39,16.98,17.01,324700
ALOT,20091028,6.31,6.32,6.31,6.31,600
ALTR,20091028,20.51,20.68,20.02,20.04,9119500
ALTU,20091028,0.12,0.34,0.12,0.26,5176400
ALVR,20091028,41.8,42.1,39.5,39.9,292100
AMAT,20091028,12.56,12.74,11.48,12.37,17468600
AMD,20091028,4.98,5.02,4.75,4.85,30672800
AMED,20091028,41.7,42.97,40.35,40.67,1534100
AMGN,20091028,54.35,54.79,53.69,53.71,6697900
AMKR,20091028,6.4,6.69,5.81,5.87,6262700
AMNB,20091028,20.03,21.72,19.8,21.45,20300
AMOT,20091028,2.26,2.26,2.25,2.25,1000
AMPH,20091028,24.09,24.15,23.03,24.02,18400
AMPL,20091028,48.4,49,44.6,45.6,36700
AMRN,20091028,1.55,1.55,1.42,1.43,6500
AMSC,20091028,306,308.1,287.6,288.4,1267900
AMSF,20091028,18.74,19.17,18.61,18.69,153700
AMSWA,20091028,6.5,6.57,6.21,6.52,46900
AMWD,20091028,19.64,19.99,19.53,19.62,30300
AMZN,20091028,121.57,125.12,120.76,121.64,16887600
ANAT,20091028,85.77,86.73,83.87,84.01,30000
ANDE,20091028,22.7333,22.9533,22.36,22.42,251600
ANGN,20091028,3.52,3.6,3.5,3.59,3300
ANGO,20091028,15.79,16,15.26,15.26,230200
ANIK,20091028,6.63,7.6,6.58,7.27,407300
ANSS,20091028,42.56,42.78,40.8,40.93,557400
APAC,20091028,6.83,6.99,6.52,6.55,724100
APEI,20091028,32.85,34.24,32,33.15,406600
APOG,20091028,14.34,14.46,13.51,13.56,285200
ARAY,20091028,5.74,5.83,5.6,5.65,391900
ARCC,20091028,11.75,11.75,10.51,10.61,4321700
ARKR,20091028,15.53,15.53,14.58,15.09,18800
ARLP,20091028,18.625,18.755,18.11,18.26,107600
ARNA,20091028,42.5,42.9,38.4,38.5,3681400
AROW,20091028,25.69,26.03,25.64,25.8,14800
ARRY,20091028,1.83,1.83,1.72,1.72,256900
ARTL,20091028,5.41,5.41,5.41,5.41,300
ARTNA,20091028,16.67,16.67,16.01,16.01,13100
ARTW,20091028,3.95,3.99,3.68,3.96,18200
ARWR,20091028,0.54,0.55,0.52,0.54,137600
ASML,20091028,27.64,27.89,26.64,26.67,3240300
ASPS,20091028,15.1,15.18,14.53,14.85,58500
ASRV,20091028,1.88,1.88,1.88,1.88,0
ASTC,20091028,2.1,2.19,2,2,297200
ASTE,20091028,23.01,23.32,22.95,23.01,254300
ASUR,20091028,0.1933,0.2,0.1467,0.1667,453200
ASYS,20091028,5.96,6.01,5.5,5.53,57900
ATAI,20091028,5.29,5.3,5.18,5.26,7800
ATAX,20091028,5.4,5.4,5.3,5.34,48800
ATEC,20091028,57.36,58.2,56.4,56.88,88300
ATHX,20091028,1.07,1.08,1.05,1.05,48900
ATLO,20091028,22.28,23.25,22.28,22.31,23600
ATNI,20091028,47.05,47.41,44.54,44.7,71700
ATRC,20091028,4.21,4.29,3.94,4.04,34100
ATRI,20091028,124.39,124.39,120.79,121.64,5500
ATRO,20091028,7,7.2083,6.9,6.9583,19700
ATSG,20091028,2.98,2.98,2.64,2.66,507600
ATVI,20091028,11.71,11.74,11.35,11.39,17980800
AUBN,20091028,21.61,21.61,20.25,20.3,8000
AUDC,20091028,2.86,2.86,2.57,2.69,109300
AVAV,20091028,27.8,27.92,26.78,26.81,151300
AVCT,20091028,24.87,24.92,24.83,24.83,2370500
AVGO,20091028,15.5,15.5,14.89,14.93,621900
AVID,20091028,13.19,13.53,12.8,12.96,606700
AWRE,20091028,2.44,2.44,2.35,2.35,1100
AXTI,20091028,1.99,2,1.86,1.9,173600
AZPN,20091028,10.55,10.55,10.15,10.25,12500
BANF,20091028,36.76,37.08,36.11,36.22,27700
BANFP,20091028,25.55,25.55,25.55,25.55,500
BANR,20091028,20.09,20.3,19.25,19.53,180300
BBBY,20091028,35.82,35.97,34.89,34.93,3390600
BBGI,20091028,3.67,3.69,3.41,3.41,500
BBSI,20091028,12.44,12.47,11.45,11.48,67400
BCBP,20091028,8.1,8.79,7.98,8.79,8868
BCPC,20091028,18.7067,18.82,18.3333,18.4533,34900
BCRX,20091028,10.56,10.6,8.91,9.18,3097300
BDSI,20091028,4.23,4.26,4.01,4.06,162300
BEAT,20091028,6.15,6.26,5.9,6.04,624300
BECN,20091028,14.81,14.82,14.45,14.5,306700
BELFA,20091028,17.22,18.13,17.22,17.74,1200
BELFB,20091028,19,19.26,18.65,18.71,30900
BFIN,20091028,9.51,9.74,9.51,9.7,57400
BGCP,20091028,5.35,5.47,5.23,5.24,319400
BGFV,20091028,14.64,15,14.45,14.64,179500
BIDU,20091028,38.367,39.937,38.336,39.683,4781100
BIIB,20091028,40.6394,41.4132,40.0499,40.096,3396100
BIOC,20091028,141,141,135,136.5,22600
BITS,20091028,6.28,6.37,6.11,6.16,5700
BJRI,20091028,15.93,16.35,15.87,16,727800
BKCC,20091028,7.45,7.58,7.2,7.24,87900
BKSC,20091028,10.99,10.99,10.99,10.99,0
BLDP,20091028,2.5,2.53,2.22,2.25,387300
BLKB,20091028,22.11,22.21,21,21.18,210200
BMRC,20091028,16.525,17,16.495,16.75,21100
BMRN,20091028,16.8,16.8,15.61,15.68,2019800
BMTC,20091028,15.93,16.25,15.62,15.94,17300
BNSO,20091028,1.32,1.32,1.32,1.32,0
BOKF,20091028,46.28,46.48,44.59,45.15,903669
BOLT,20091028,11.36,11.41,10.45,10.45,56000
BOOM,20091028,18.93,19.07,17.51,17.54,182000
BOSC,20091028,1.48,1.64,1.48,1.56,25058
BPOP,20091028,23.3,23.9,22.1,22.5,8304400
BPOPM,20091028,16.05,16.09,16.02,16.02,500
BPOPN,20091028,16.75,16.75,16.75,16.75,0
BRID,20091028,9.26,9.26,9.26,9.26,0
BRKL,20091028,9.88,10.18,9.77,9.91,446500
BRKR,20091028,10.69,10.86,10.04,10.05,721600
BRKS,20091028,7.73,7.87,7.23,7.28,244500
BRLI,20091028,17.165,17.2,16.58,16.695,125800
BSET,20091028,3.81,3.92,3.58,3.71,34000
BSQR,20091028,2.54,2.55,2.4,2.42,26300
BSRR,20091028,9.5,9.72,9.17,9.17,23500
BUSE,20091028,4.41,4.47,3.96,4.13,559000
BWEN,20091028,60.5,60.8,54.3,54.3,309300
BYFC,20091028,5.5,5.5,5.5,5.5,0
CAAS,20091028,10.49,10.95,10,10.02,244100
CAC,20091028,33.19,33.19,31.8,31.84,16700
CACC,20091028,34.94,35.72,34.54,34.74,39300
CAKE,20091028,18.74,19.35,18.48,18.51,1913700
CALM,20091028,13.895,13.895,13.65,13.73,247300
CAMP,20091028,3.3,3.3,2.95,2.96,381600
CAMT,20091028,1.4,1.41,1.25,1.3,10000
CARV,20091028,6.9,6.9,6.9,6.9,0
CASA,20091028,2.25,2.25,2.25,2.25,200
CASH,20091028,7.51,7.5133,7.1767,7.1767,2100
CASS,20091028,30.2,30.83,30,30.07,13700
CASY,20091028,32.29,32.35,31.58,31.68,486900
CATY,20091028,9.29,9.35,8.98,9.17,954400
CBAN,20091028,5.7,5.7,5.7,5.7,0
CBNK,20091028,12.77,12.77,12.7,12.7,3800
CBRL,20091028,34.8,35.34,33.96,34.03,255100
CBSH,20091028,39.1,39.44,38.55,38.86,388200
CCBG,20091028,12.4,12.78,12.19,12.22,32300
CCMP,20091028,33.79,34.14,32.85,32.88,149700
CCNE,20091028,16.01,16.23,15.9,16,6600
CCOI,20091028,11.38,11.39,10.3,10.35,678000
CCRN,20091028,8.79,8.96,8.38,8.41,69900
CDNS,20091028,7.29,7.37,7,7.03,3013600
CDZI,20091028,11.56,11.56,10.98,11.06,23100
CECE,20091028,3.9,3.97,3.79,3.79,16000
CENT,20091028,10.7,10.7,10.01,10.36,367500
CENTA,20091028,10.08,10.2,9.55,9.76,401300
CENX,20091028,9.06,9.1,8.26,8.29,10265500
CERN,20091028,19.82,19.97,19.14,19.215,1357300
CERS,20091028,1.94,1.94,1.79,1.82,315600
CEVA,20091028,10.24,10.58,9.76,9.78,102100
CFBK,20091028,59.125,59.125,59.125,59.125,300
CFFI,20091028,18.43,18.43,17.02,17.02,1400
CFFN,20091028,30.72,31.03,30.6,30.6,120300
CGEN,20091028,2.82,2.85,2.63,2.63,66300
CGNX,20091028,4.1975,4.2425,4.095,4.1125,151500
CHCI,20091028,0.68,0.68,0.6,0.63,125800
CHCO,20091028,30.97,31.2,30.64,30.95,82400
CHDN,20091028,11.76,11.9,11.4833,11.5333,47700
CHKP,20091028,30.98,31.46,30.5,30.73,2398000
CHNG,20091028,12,12.25,11.05,11.25,391900
CHNR,20091028,11,11,10.3,10.34,35900
CHRS,20091028,5.28,5.28,4.86,4.88,1983700
CHRW,20091028,57.12,57.12,55.96,56.05,1094400
CHSCP,20091028,27.6,27.95,27.6,27.75,6600
CIDM,20091028,13.1,15,12,13,80700
CINF,20091028,25.22,25.35,25.05,25.16,1586400
CIZN,20091028,20.69,21.34,20.69,21.17,4100
CLDX,20091028,65.85,66,62.4,63,508900
CLFD,20091028,4.07,4.19,3.8,3.85,175500
CLMT,20091028,17.3,17.32,16.52,16.56,129900
CLNE,20091028,11.95,11.97,10.95,11.3,2036900
CLRO,20091028,2.67,2.71,2.62,2.7,3800
CLSN,20091028,3.39,3.39,3.25,3.26,22700
CLWT,20091028,6.7467,7.1133,6.2333,6.5267,96900
CMCO,20091028,17,17.3,16.91,17.08,253800
CMCSA,20091028,7.35,7.395,7.2,7.325,23295300
CME,20091028,63.068,63.8,61.476,61.604,739000
CMLS,20091028,19.36,19.84,16.24,18.08,252000
CMTL,20091028,32.68,33.11,32.17,32.2,1260800
CNBKA,20091028,24.25,24.43,23.64,24.05,18900
CNOB,20091028,7.99,8.03,7.85,7.9,21000
CNSL,20091028,14.61,14.63,14.11,14.26,228300
CNTY,20091028,2.97,3.01,2.86,2.88,80965
COCO,20091028,16.54,17.63,16.5,16.7,3559300
COGT,20091028,10.06,10.14,9.64,9.64,558200
COHR,20091028,26.29,26.58,25.67,25.71,120300
COHU,20091028,12.39,12.58,11.42,11.46,119900
COIN,20091028,0.84,0.85,0.75,0.75,1252000
COKE,20091028,45.65,46.22,45.38,45.38,15700
COLB,20091028,14.42,14.72,14.25,14.33,168900
COLM,20091028,19.415,19.52,18.78,18.8,270400
COMS,20091028,5.3,5.38,5.25,5.3,7961900
CONN,20091028,6.95,7.16,6.41,6.51,490000
COOL,20091028,45.78,46.2,40.74,44.1,352900
CORT,20091028,2.31,2.35,2.13,2.14,41600
COST,20091028,57.05,57.5,56.72,56.72,3027000
COWN,20091028,7.39,7.48,7.35,7.4,60300
CPHC,20091028,6.9,6.98,6.9,6.98,900
CPIX,20091028,13.11,13.16,11.78,11.95,56700
CPLP,20091028,10.4,10.4,9.75,9.82,233000
CPRT,20091028,8.1125,8.13,7.9875,7.995,413900
CPRX,20091028,0.88,0.88,0.8,0.81,84400
CPSI,20091028,42.67,42.92,41.75,41.89,108400
CPSS,20091028,1.24,1.3,1.07,1.07,44500
CRAI,20091028,25.05,25.26,24.09,24.11,53700
CRESW,20091028,0.15,0.15,0.13,0.13,100000
CRESY,20091028,12.81,12.81,12.07,12.18,108400
CRIS,20091028,10.4,10.45,9.75,9.8,482500
CRMT,20091028,22.41,22.41,20.73,20.88,154700
CRNT,20091028,9.73,9.87,9.09,9.14,647000
CROX,20091028,7.05,7.09,6.17,6.31,7011800
CRTX,20091028,6.18,6.18,5.76,5.79,48000
CRUS,20091028,5.3,5.39,5.01,5.01,541500
CRVL,20091028,14.005,14.155,13.86,13.875,18300
CRWS,20091028,2.96,3,2.9,2.9,79900
CSCO,20091028,23.37,23.53,22.97,23.02,47534400
CSGP,20091028,40.25,40.9,39.34,39.35,206700
CSGS,20091028,16.1,16.81,16.04,16.62,369100
CSII,20091028,5.24,5.24,4.93,4.96,88700
CSIQ,20091028,14.82,15,13.78,13.91,1770900
CSPI,20091028,3.58,3.58,3.43,3.43,4500
CSTR,20091028,33.25,33.41,31.76,31.85,804400
CSWC,20091028,19.055,19.055,18.39,18.39,13200
CSX,20091028,14.21,14.5833,13.96,13.9867,6109000
CTAS,20091028,28.34,28.43,27.85,27.9,1262200
CTBI,20091028,25.13,25.66,24.93,25.04,24300
CTHR,20091028,0.61,0.61,0.57,0.57,20600
CTIB,20091028,2.21,2.21,2.2,2.2,600
CTIC,20091028,49.5,50,46,46,15955700
CTRN,20091028,27.48,27.48,26.63,26.71,201700
CTSH,20091028,20.1,20.135,19.745,19.755,4978700
CTXS,20091028,30.5175,30.5892,29.7691,29.8567,2409700
CUBA,20091028,6.41,6.43,6.28,6.28,11300
CUTR,20091028,9,9.1,8.98,9,74600
CVBF,20091028,8.48,8.52,8.07,8.14,1848400
CVCO,20091028,33.04,33.04,31.51,31.88,18500
CVCY,20091028,5.47,5.47,5.45,5.45,4700
CVGI,20091028,7.17,7.22,5.92,5.95,448200
CVGW,20091028,18.75,18.99,18.21,18.26,57000
CVLT,20091028,20.7,20.94,19.59,19.59,1044000
CVLY,20091028,6,6,6,6,0
CVV,20091028,4.57,4.57,4.44,4.44,6800
CWBC,20091028,2.72,3,2.72,2.76,7500
CWCO,20091028,14.49,14.79,14.43,14.55,75400
CWST,20091028,2.65,2.72,2.58,2.63,60300
CYAN,20091028,2.27,2.35,2.27,2.35,4600
CYBE,20091028,6.28,6.3,6.1,6.1,1700
CYCC,20091028,1831.2,1848,1629.6,1663.2,772600
CYCCP,20091028,1.36,1.42,1.35,1.42,2100
CYTK,20091028,26.4,26.76,25.44,25.62,389000
CZNC,20091028,12.61,13.52,12.5,12.6,55186
CZWI,20091028,4.35,4.35,4.35,4.35,0
DAIO,20091028,3.78,3.78,3.65,3.65,13400
DAKT,20091028,7.75,7.86,7.38,7.38,228600
DCOM,20091028,11.11,11.11,10.67,10.87,129000
DCTH,20091028,1318.4,1318.4,1192.96,1203.2,350600
DDMX,20091028,18.98,19.04,18.32,18.36,69300
DENN,20091028,2.63,2.63,2.5,2.5,594900
DGICA,20091028,14.98,15.05,14.93,14.97,15900
DGICB,20091028,17.6,17.75,17.58,17.75,2600
DGII,20091028,8.5,8.64,8.3,8.49,145500
DGLY,20091028,2.43,2.45,2.4,2.4,7700
DHIL,20091028,56.88,57.14,55.5,55.65,16900
DIOD,20091028,17.68,17.96,16.56,16.61,436900
DISCA,20091028,28.39,28.75,27.86,27.98,1453400
DISCB,20091028,30.07,30.07,30.07,30.07,0
DISCK,20091028,12.695,12.695,12.22,12.26,543600
DISH,20091028,17.59,17.77,17.06,17.28,4476300
DJCO,20091028,57,57,54.5,54.75,1800
DLTR,20091028,15.3367,15.5367,15.1567,15.2334,1498100
DMLP,20091028,22.34,23.07,22.05,22.25,48100
DMRC,20091028,14.25,14.64,13.2,13.87,60000
DORM,20091028,6.65,6.65,6.365,6.365,31700
DRIV,20091028,22.74,22.95,22.24,22.32,879000
DRRX,20091028,2.21,2.24,2.17,2.18,207900
DSGX,20091028,5.32,5.32,5.11,5.17,25600
DSPG,20091028,6.58,6.67,6.06,6.16,105800
DSWL,20091028,4.51,4.51,4.21,4.28,22700
DVAX,20091028,14,14,12.4,12.5,861100
DWSN,20091028,27,27.35,25.33,25.34,121900
DXCM,20091028,7.34,7.4,6.96,6.97,220600
DXPE,20091028,11.81,11.89,11.23,11.25,59800
DXYN,20091028,2.98,3.04,2.6,3.04,11700
DYNT,20091028,3.4,3.45,2.85,3.45,45545
EBAY,20091028,9.6421,9.9326,9.5495,9.5789,19593300
EBIX,20091028,20.6667,20.7233,19.5933,19.64,523400
EBSB,20091028,3.6683,3.6887,3.6029,3.6356,73000
EBTC,20091028,11.11,11.11,10.67,10.67,8800
ECHO,20091028,12.84,12.95,12.5,12.9,89200
ECOL,20091028,17.82,18.02,16.6,16.76,468800
ECPG,20091028,12.39,12.39,11.79,11.91,107800
EDAP,20091028,3.49,3.49,3.13,3.19,241700
EDUC,20091028,2.5,2.57,2.48,2.57,1100
EEFT,20091028,24.49,25.1,23.34,23.52,639600
EFOI,20091028,3.95,4.05,3.85,3.85,22600
EFSC,20091028,8.56,8.91,8.56,8.69,19600
EGBN,20091028,9.14,9.61,9.14,9.52,31700
EGLE,20091028,51408,51408,48384,48484.8,3190800
EHTH,20091028,14.2,15.3,14.01,14.38,433800
ELSE,20091028,2.98,2.98,2.91,2.91,500
ELTK,20091028,1.1,1.15,1.1,1.15,1200
EMIF,20091028,28.47,28.5,27.67,27.72,16100
EMKR,20091028,4.28,4.28,4.04,4.08,820800
ENDP,20091028,22.86,22.86,21.87,21.94,1822400
ENG,20091028,3.39,3.39,3.19,3.19,112900
ENSG,20091028,7.335,7.41,7.01,7.015,57400
ENTG,20091028,3.97,4.11,3.69,3.71,1761600
EPAY,20091028,15.05,15.44,14.91,15.09,406300
EQIX,20091028,89.41,90.56,87.32,87.87,1108400
ERES,20091028,7.4,7.52,7.31,7.39,538500
ERIC,20091028,10.32,10.45,10.3,10.33,8107100
ERIE,20091028,35.95,36.28,35.77,35.78,83600
ERII,20091028,5.55,5.67,5.5,5.52,208200
ESBK,20091028,15.97,15.99,15.4,15.81,5300
ESCA,20091028,2.81,2.81,2.67,2.72,2800
ESEA,20091028,32.56,32.64,31.2,31.28,145500
ESGR,20091028,64.35,64.93,63.44,63.71,30300
ESLT,20091028,62.7,62.73,60.76,60.8,85600
ESSA,20091028,12.31,12.48,12.22,12.24,22700
EVK,20091028,2.15,2.24,1.8,2.24,21300
EVOL,20091028,6.5,6.67,5.89,5.9,164400
EWBC,20091028,9.83,9.84,9.29,9.57,1847500
EXAS,20091028,2.54,2.54,2.45,2.45,45800
EXEL,20091028,5.74,5.74,5.31,5.33,797300
EXLS,20091028,14.36,14.49,13.79,13.86,31200
EXPD,20091028,32.6,33.12,32.5,32.59,2494700
EXPE,20091028,25.3,25.57,23.94,24.34,8482200
EXPO,20091028,6.98,7.0575,6.8525,6.8525,51900
EXTR,20091028,2.18,2.26,2.09,2.09,457800
EZPW,20091028,13.8,13.84,13.48,13.5,349600
FARM,20091028,19.54,19.54,19.11,19.11,9100
FARO,20091028,16.99,17.22,16.27,16.4,43400
FAST,20091028,9.125,9.18,8.9475,8.95,1533200
FBIZ,20091028,9.99,9.99,9.99,9.99,0
FBMS,20091028,7.3,7.3,7.3,7.3,500
FBNC,20091028,14.96,15.17,14.37,14.37,41600
FCAL,20091028,4.6,4.6,4.39,4.39,9700
FCAP,20091028,16.76,16.76,16.76,16.76,0
FCBC,20091028,11.93,12.14,11.56,11.56,71600
FCCO,20091028,6.08,6.75,6.08,6.35,1500
FCCY,20091028,6.66,6.66,6.66,6.66,0
FCEL,20091028,531.36,540,498.24,498.24,528700
FCFS,20091028,18.19,18.32,17.65,17.71,168600
FCNCA,20091028,150,150.88,148.76,148.97,9400
FEIM,20091028,4.61,4.61,4.6,4.6,5800
FELE,20091028,14.085,14.52,14.085,14.165,246200
FFBC,20091028,13.3,13.38,12.99,13.25,298900
FFHL,20091028,1.07,1.07,1.06,1.06,700
FFIC,20091028,11.37,11.53,11.17,11.3,210000
FFIN,20091028,8.2667,8.4067,8.2667,8.2917,88500
FFIV,20091028,45.62,46.54,45.33,45.34,1457400
FFNW,20091028,6.23,6.26,6.05,6.05,105700
FISI,20091028,10.95,11.65,10.95,11.39,24800
FISV,20091028,12,12.05,11.5,11.535,3353500
FITB,20091028,9.2,9.24,8.76,8.84,19796900
FITBP,20091028,116.61,116.61,112.98,113.25,30500
FIZZ,20091028,11,11.24,10.91,11,35900
FLEX,20091028,6.69,6.77,6.42,6.43,20957700
FLIC,20091028,17.0667,17.0733,16.72,16.74,11300
FLWS,20091028,4.88,4.88,4.61,4.66,275900
FLXS,20091028,8.25,8.35,8.25,8.35,4200
FMBI,20091028,10.84,10.97,10.34,10.69,719600
FNLC,20091028,16.64,16.65,16.5,16.5,13700
FOLD,20091028,4.28,4.32,4.1,4.18,277800
FONR,20091028,2.56,2.56,2.28,2.3,82900
FORD,20091028,2.03,2.03,1.95,1.98,27100
FORM,20091028,18.3,18.86,17.87,17.87,1145000
FORR,20091028,26.08,26.55,25.97,26.11,56800
FORTY,20091028,11.6,11.6,11,11,9000
FOSL,20091028,28.21,28.21,26.77,26.87,548000
FRBK,20091028,4.44,4.44,4.3,4.33,24000
FREE,20091028,223500000,223500000,198000000,198000000,586200
FREEW,20091028,0.11,0.11,0.11,0.11,1000
FRME,20091028,6.2,6.34,6.07,6.14,93800
FRPT,20091028,4.77,4.79,4.34,4.37,1052800
FSFG,20091028,10.32,10.32,10.32,10.32,600
FSII,20091028,1.33,1.33,1.05,1.1,587100
FSLR,20091028,148.91,154.37,148.8,151.58,5374100
FSTR,20091028,29.1,29.29,28.17,28.45,76700
FTEK,20091028,11.29,11.57,11.07,11.1,121100
FULT,20091028,8.52,8.59,8.2,8.51,1898600
FUNC,20091028,11.1,11.1,11,11,600
FUND,20091028,5.89,5.89,5.65,5.69,47700
FWRD,20091028,22.57,22.79,21.86,21.92,201300
GABC,20091028,9.4933,9.8667,9.4933,9.76,16600
GAIA,20091028,6.79,6.83,6.32,6.45,60000
GAIN,20091028,4.95,5.03,4.9,4.95,77000
GALT,20091028,2.1,2.16,1.98,2.1,57600
GAME,20091028,9.45,9.5,8.76,8.79,3120900
GASS,20091028,6.2,6.2,6.04,6.08,174600
GBCI,20091028,13.31,13.42,13.05,13.12,641000
GCBC,20091028,7.495,7.495,7.495,7.495,0
GENC,20091028,5.3,5.3,5.0467,5.0667,6600
GENE,20091028,28,29.6,26.4,27.2,11200
GERN,20091028,6.14,6.19,5.73,5.75,1886300
GFED,20091028,5.98,6,5.98,6,900
GGAL,20091028,5.94,6.03,5.5,5.6,269800
GIFI,20091028,19.95,20.22,19.06,19.19,89000
GIGM,20091028,21.9,21.9,20.35,20.5,1109400
GIII,20091028,7.93,7.955,7.66,7.72,107000
GILD,20091028,21.545,21.75,21.24,21.29,7853900
GILT,20091028,4.61,4.62,4.48,4.52,16000
GLAD,20091028,8.68,8.78,8.11,8.21,89700
GLBL,20091028,8.07,8.1,7.65,7.66,1846500
GLBZ,20091028,9.76,9.76,9.76,9.76,0
GLDD,20091028,6.22,6.32,5.95,6,232800
GLNG,20091028,12.65,12.65,11.66,11.7,330100
GLRE,20091028,19.5,19.78,18.85,18.89,177400
GNTX,20091028,8.325,8.385,8.08,8.09,1823500
GOOD,20091028,13.5,13.69,13.25,13.26,17200
GOODO,20091028,18.18,18.3,18.18,18.3,200
GOOG,20091028,273.935,275,269.125,270.15,2568600
GPRE,20091028,7.22,7.35,7.05,7.05,35700
GPRO,20091028,42.65,42.67,41.19,41.57,1048800
GRMN,20091028,36.02,36.07,30.85,31.59,11084000
GROW,20091028,10.9,11,10.14,10.22,180200
GRVY,20091028,6.16,6.24,6.04,6.24,156000
GSBC,20091028,23.92,24.3,23.85,23.94,85400
GSIT,20091028,3.7,3.88,3.6,3.6,21000
GSM,20091028,8.1,8.15,7.61,7.71,200000
GT,20091028,16.22,16.48,12,13.46,43620700
GTIM,20091028,1.11,1.11,1.11,1.11,500
GYRO,20091028,42.99,42.99,42.99,42.99,0
HA,20091028,7.53,7.71,7.17,7.19,468600
HAFC,20091028,1.7,1.7,1.57,1.58,160900
HAIN,20091028,9.275,9.395,9.09,9.125,410400
HALL,20091028,8.29,8.29,7.89,8.03,120600
HALO,20091028,6.77,6.8,6.23,6.25,363200
HAS,20091028,27.84,27.94,27.01,27.12,2800100
HAYN,20091028,30.62,30.98,29.11,29.18,102200
HBAN,20091028,4.03,4.08,3.8,3.81,29543500
HBANP,20091028,852,853,852,852,800
HBCP,20091028,12.12,12.25,12.05,12.06,7900
HBIO,20091028,3.56,3.64,3.53,3.64,68500
HBNC,20091028,3.2691,3.3955,3.2632,3.3284,2500
HCCI,20091028,12.29,12.56,12.26,12.45,5200
HCII,20091028,8.54,8.68,7.7,8.15,30630
HCIIW,20091028,1.07,1.07,1.05,1.05,12000
HCKT,20091028,3.39,3.41,3.31,3.35,124100
HCSG,20091028,13.3133,13.34,13.08,13.0933,227400
HDSN,20091028,1.23,1.24,1.18,1.24,16700
HEES,20091028,11.68,11.84,11.22,11.3,88900
HELE,20091028,22.87,22.96,22.29,22.57,191100
HERO,20091028,5.73,6.17,5.42,5.49,11632700
HFWA,20091028,12.85,13.07,12.6,12.65,34700
HIBB,20091028,19.58,19.58,18.5,18.55,423600
HIFS,20091028,29.28,29.28,29.28,29.28,200
HIHO,20091028,1.75,1.75,1.63,1.71,7500
HIMX,20091028,2.89,2.91,2.86,2.9,762400
HLIT,20091028,6.19,6.27,5.91,5.94,980400
HMNF,20091028,6,6.22,4.85,5.23,20400
HOFT,20091028,13.52,13.52,13.01,13.24,77000
HOLI,20091028,8.75,9.18,8.4,8.66,904300
HOLX,20091028,15.27,15.37,14.8,14.82,2892900
HOMB,20091028,5.5975,5.5975,5.4125,5.515,188800
HOOK,20091028,3.45,3.45,3.31,3.31,6600
HOVNP,20091028,5.12,5.43,4.9,5.43,31600
HSIC,20091028,55.06,55.5,53.9,54.02,873900
HSII,20091028,28.24,28.63,27.64,27.67,326600
HSKA,20091028,0.4,0.45,0.4,0.42,32100
HSTM,20091028,4.2,4.25,3.91,4.09,98000
HTBK,20091028,3.73,3.74,3.41,3.46,25800
HTLD,20091028,13.91,13.98,13.66,13.7,683500
HTLF,20091028,14.22,14.28,13.89,13.96,35900
HUBG,20091028,25.31,25.52,24.42,24.5,292400
HURC,20091028,16.43,16.87,15.29,15.36,66900
HURN,20091028,23.57,24.12,22.76,22.86,472500
HWBK,20091028,9.76,9.76,9.62,9.62,674
HWKN,20091028,21.66,22.51,20.27,21.85,196600
IART,20091028,15.625,15.635,15.155,15.185,154400
IBB,20091028,75.15,75.19,73,73.31,1688300
IBCP,20091028,1,1.04,0.9,1,296400
IBKR,20091028,16.2,16.41,16.08,16.22,628300
IBOC,20091028,16.33,16.44,15.9,15.98,496800
ICAD,20091028,2.03,2.04,1.94,1.98,182200
ICCC,20091028,4.1,4.1,4.1,4.1,0
ICFI,20091028,28.88,29.2,28.66,28.98,119900
ICLN,20091028,21.48,21.48,20.56,20.56,39400
ICLR,20091028,25.6,25.78,24.95,25.15,352000
ICUI,20091028,35.77,36.32,35.19,35.25,104400
IDCC,20091028,19.01,19.3,18.41,18.57,1335300
IDRA,20091028,50.24,50.24,45.2,45.2,57100
IDXX,20091028,27.06,27.085,26.68,26.81,364400
IESC,20091028,6.71,6.92,6.59,6.6,13900
IFGL,20091028,29.49,29.51,28.75,28.76,19600
IGOV,20091028,106.8,107.29,106.39,107,12900
III,20091028,3.7,3.8,3.52,3.56,21000
IIIIW,20091028,0.09,0.09,0.09,0.09,75000
IIN,20091028,3.03,3.6,3,3.5,18300
IIVI,20091028,13.86,14.075,13.7,13.855,149900
IKNX,20091028,6.6,6.6,6.31,6.31,500
ILMN,20091028,34.41,35.44,33.24,33.37,16251000
IMGN,20091028,7.57,7.63,7.33,7.41,276800
IMKTA,20091028,15.44,15.63,15.36,15.36,22900
IMMR,20091028,3.97,4,3.86,3.88,155600
IMOS,20091028,0.8,0.8,0.7,0.72,104900
INCY,20091028,6.01,6.19,5.56,5.62,4792100
INDB,20091028,21.84,22.01,21.53,21.62,84300
INFI,20091028,6,6.07,5.94,5.96,29800
INFN,20091028,7.8,7.9,7.6,7.61,711800
INMD,20091028,4.21,4.3,4.21,4.3,400
INOD,20091028,7.05,7.05,6.44,6.49,601300
INSM,20091028,0.74,0.77,0.71,0.71,757200
INTC,20091028,19.6,19.75,19.02,19.03,87595100
INTG,20091028,8.84,11.6,8.75,11.6,900
INTU,20091028,29.88,30.04,29.33,29.43,4515000
IOSP,20091028,14.02,14.14,13.7,13.86,67700
IPAR,20091028,11.83,11.99,11.77,11.86,76000
IPGP,20091028,14.22,14.48,13.46,13.51,148900
IRBT,20091028,14.31,14.43,13.76,13.79,162300
IRDM,20091028,9.8,9.99,9.25,9.25,209800
IRIX,20091028,2.38,2.4,2.28,2.38,2500
ISBC,20091028,4.251,4.2941,4.1922,4.2196,252500
ISHG,20091028,107.33,107.39,107,107,10400
ISIG,20091028,4.23,4.43,4.2,4.34,15100
ISLE,20091028,8.83,9,7.79,7.85,399700
ISRG,20091028,85.4167,86,82.3667,82.5033,434500
ISSC,20091028,5,5.05,4.88,4.88,5800
ITIC,20091028,30.75,32,30.31,32,700
ITRI,20091028,59.9,59.9,57.43,57.61,1003200
ITRN,20091028,12.21,12.38,12.07,12.19,16100
IVAC,20091028,11.68,11.72,11.31,11.35,106100
JACK,20091028,18.59,18.63,18.29,18.42,793300
JAKK,20091028,150,150.1,145.4,145.8,339400
JAZZ,20091028,6.64,6.76,6.01,6.03,770600
JBHT,20091028,31.7,31.95,30.72,30.81,1768800
JBLU,20091028,5.27,5.33,5.07,5.09,6319400
JBSS,20091028,13.69,14.04,13.24,13.79,28200
JCS,20091028,11.06,11.06,10.66,10.66,6300
JCTCF,20091028,1.7375,1.7375,1.5,1.625,2500
JJSF,20091028,40.76,41.26,40.37,40.37,61900
JKHY,20091028,23.96,23.97,23.24,23.25,467400
JOBS,20091028,7.84,7.98,7.65,7.745,30400
JOUT,20091028,9.15,9.15,9.08,9.08,14100
JRJC,20091028,84.6,85.2,79.2,79.5,107100
KALU,20091028,39.13,39.62,38.97,39.19,155200
KELYA,20091028,12.36,12.72,12.02,12.04,175500
KELYB,20091028,13.33,13.33,13.33,13.33,0
KEQU,20091028,13.5,13.5,13.03,13.12,8700
KFFB,20091028,10.53,10.6,10.5,10.5,1500
KFRC,20091028,11.6,11.84,11.43,11.62,195400
KINS,20091028,2.25,2.26,1.9,1.91,800
KIRK,20091028,12.47,12.53,11.25,11.75,369400
KLAC,20091028,34.28,34.76,33.25,33.25,4378600
KLIC,20091028,4.79,4.85,4.56,4.6,800300
KNDI,20091028,2.95,3.19,2.84,2.99,171300
KOPN,20091028,4.54,4.64,4.36,4.36,333300
KOSS,20091028,6.205,6.205,6.205,6.205,0
KRNY,20091028,9.93,10.04,9.9,9.94,81800
KTCC,20091028,2.41,2.47,2.29,2.29,87672
KTOS,20091028,10.01,10.1,9.45,9.49,49100
KVHI,20091028,10.5,10.54,10.2,10.41,119000
LAKE,20091028,7.9,8.05,7.37,8.05,4300
LAMR,20091028,27.38,27.43,24.98,25.18,1733600
LANC,20091028,49.31,49.84,49.01,49.33,128800
LARK,20091028,16.29,16.29,16.29,16.29,0
LAWS,20091028,17.55,17.55,16.9,16.9,11300
LBAI,20091028,6.25,6.41,6.23,6.33,58800
LBTYA,20091028,10.9504,11.0322,10.557,10.5979,1601900
LBTYB,20091028,21.53,21.53,21.53,21.53,0
LBTYK,20091028,21.22,21.46,20.57,20.69,600200
LCUT,20091028,6.13,6.22,6.13,6.2,25800
LECO,20091028,22.505,22.635,21.58,21.645,344000
LFUS,20091028,24.98,25.34,24.37,24.4,121100
LGND,20091028,11.28,11.4,11.1,11.22,393500
LHCG,20091028,31.7,31.7,30.26,30.6,223800
LIFE,20091028,675.5,677.46,650.44,652.54,2756500
LINC,20091028,23.01,23.01,20.73,20.9,594500
LIVE,20091028,0.7,0.7,0.6333,0.6667,4100
LJPC,20091028,0.06,0.08,0.06,0.06,2221100
LKFN,20091028,13.5733,14.1133,13.54,13.9267,51400
LLNW,20091028,3.61,3.68,3.45,3.46,251200
LMAT,20091028,4.23,4.25,4.13,4.14,64200
LNDC,20091028,6.51,6.7,6.51,6.64,67700
LOAN,20091028,1.04,1.04,1.04,1.04,400
LOGC,20091028,1.06,1.06,1.06,1.06,0
LOGI,20091028,17.93,17.96,16.82,16.87,2522500
LOOP,20091028,9.25,9.29,8.29,8.4,483000
LOPE,20091028,17.05,17.77,16.61,17.14,921500
LORL,20091028,29.53,29.81,27.27,27.35,43900
LPSN,20091028,5.65,5.65,5.08,5.2,597100
LPTH,20091028,1.85,2.03,1.77,1.86,73668
LQDT,20091028,10.18,10.37,9.62,9.85,68600
LRCX,20091028,34.74,34.9,33.4,33.47,2885500
LSBK,20091028,7.8,7.8,7.8,7.8,800
LSCC,20091028,2.05,2.12,1.94,1.95,1543400
LSTR,20091028,36.08,36.26,35.58,35.6,496800
LTBR,20091028,443.4,450,427.8,430.2,53300
LTRX,20091028,0.64,0.65,0.62,0.63,8900
LULU,20091028,13.9,13.94,12.45,12.555,2066900
LUNA,20091028,1.52,1.52,1.27,1.32,177400
LWAY,20091028,11.83,12.2,11.67,11.82,23100
LXRX,20091028,10.78,11.13,10.5,10.99,908700
LYTS,20091028,7.21,7.4,7.03,7.08,97500
MANH,20091028,5.82,5.9125,5.675,5.6925,205000
MANT,20091028,46.28,47.04,45.92,46.02,248400
MARPS,20091028,14.6,14.9,14.6,14.9,5300
MASI,20091028,28.21,28.21,27.32,27.35,334100
MAT,20091028,19.1,19.26,18.41,18.43,11262300
MATW,20091028,38.46,38.8,37.9,38.27,192600
MAYS,20091028,13.55,13.55,13.55,13.55,0
MBRX,20091028,0.39,0.45,0.36,0.4,1431900
MBWM,20091028,4.05,4.06,3.68,3.8,7000
MCBC,20091028,2.05,2.14,2,2,46900
MCHP,20091028,12.42,12.515,12.16,12.18,2751800
MCHX,20091028,4.51,5.01,4.51,4.63,96200
MCRI,20091028,7.61,7.66,7.24,7.24,95200
MDRX,20091028,20.35,20.35,19.43,19.81,1386800
MELI,20091028,37.5,38.08,34.81,35.6,1231100
MEOH,20091028,17.27,17.62,16.75,17.19,765300
MERC,20091028,2.58,2.58,2.04,2.26,182900
MESA,20091028,0.23,0.23,0.22,0.22,3154300
MGEE,20091028,23.8267,24.08,23.7133,23.7133,72700
MGIC,20091028,1.95,1.98,1.89,1.92,39900
MGLN,20091028,30.41,30.61,30.11,30.29,473300
MGPI,20091028,4.54,4.55,4.25,4.31,31400
MGRC,20091028,21.08,21.3,20.21,20.22,69900
MGYR,20091028,4.1,4.1,4.1,4.1,0
MHLD,20091028,7.32,7.33,7.02,7.11,148400
MIDD,20091028,16.03,16.13,15.2733,15.4267,200800
MIND,20091028,7.68,7.68,7.11,7.15,104900
MKSI,20091028,16.28,16.51,16.07,16.11,504700
MKTX,20091028,12.09,12.97,12.09,12.49,125400
MLAB,20091028,24.26,24.4,23.79,24.38,1200
MLHR,20091028,16.03,16.15,15.27,15.31,310800
MLVF,20091028,9.64,9.64,9.64,9.64,0
MMLP,20091028,28.36,28.36,26.75,26.98,43200
MMSI,20091028,13.696,13.848,13.456,13.6,543000
MNDO,20091028,1.47,1.5,1.46,1.47,9400
MNKD,20091028,27.5,27.75,25.8,26.05,1170800
MNOV,20091028,5.97,6.28,5.97,6.1,16700
MNRO,20091028,21.4133,21.4533,20.5333,20.5667,216600
MNST,20091028,6.2033,6.265,6.105,6.11,672200
MNTX,20091028,2.19,2.19,1.94,2,155300
MOFG,20091028,8.35,8.35,8.28,8.3,10900
MORN,20091028,51.53,52.11,50.83,50.83,47600
MOSY,20091028,498,500,440,476,178200
MOVE,20091028,9.12,9.48,8.32,8.4,859800
MPAA,20091028,5.3,5.31,5.24,5.24,13400
MPAC,20091028,2.7,2.85,2.68,2.68,2100
MPB,20091028,14.25,14.28,14.25,14.28,500
MPWR,20091028,20.19,20.42,19.37,19.55,879100
MRCY,20091028,10.27,10.76,10.23,10.5,103500
MRLN,20091028,7.51,7.6,7.13,7.17,33165
MRNA,20091028,1.01,1.08,1,1.06,548500
MRTN,20091028,8.0222,8.0889,7.9245,7.9733,149200
MRVL,20091028,14.23,14.51,13.67,13.73,19795600
MSEX,20091028,15.33,15.65,15.29,15.31,35200
MSFT,20091028,28.24,28.77,27.95,28.02,73542300
MSON,20091028,2.76,2.76,2.58,2.58,2300
MSTR,20091028,74.95,76.48,73.89,73.9,149300
MTEX,20091028,33.5,33.8,32.9,33.5,37900
MTRX,20091028,9.32,9.45,8.88,8.91,191100
MTSI,20091028,5.51,5.52,5.35,5.42,13900
MU,20091028,7.03,7.03,6.69,6.83,37956100
MVIS,20091028,33.84,33.84,30,30.16,1538500
MYGN,20091028,24.63,24.65,23.75,24.01,2113300
MYRG,20091028,17.49,17.64,17.15,17.53,137300
NAII,20091028,7.61,7.75,7.55,7.55,2800
NATH,20091028,14.23,14.63,14.22,14.26,6000
NATI,20091028,18.8267,18.9267,18.0267,18.0267,1482500
NATR,20091028,9.1,9.1,8,8.16,8990
NAVI,20091028,1.91,1.95,1.77,1.81,183700
NBIX,20091028,2.48,2.52,2.21,2.28,171200
NBN,20091028,9.5,9.5,9.5,9.5,0
NBTB,20091028,22.43,22.74,22.19,22.27,111800
NCMI,20091028,16.48,16.59,15.84,16,232200
NCTY,20091028,235.5,236.1,225.9,229.8,232100
NDAQ,20091028,19.14,19.14,18.17,18.25,5051800
NDSN,20091028,27.6,27.66,26.595,26.68,193500
NECB,20091028,7,7.02,6.88,6.9,5500
NEOG,20091028,10.6967,10.6967,10.2533,10.26,46700
NEPT,20091028,1.9,1.98,1.9,1.9,3800
NEWT,20091028,4.35,4.35,3.95,4.2,53800
NFBK,20091028,12.8,12.85,12.54,12.72,105900
NFLX,20091028,7.8271,7.9057,7.5743,7.6486,1585100
NICE,20091028,32.32,32.36,30.82,30.92,433900
NICK,20091028,6.78,6.78,6.37,6.75,1800
NKSH,20091028,26.76,27.47,26.64,26.99,8500
NKTR,20091028,8.33,8.41,7.97,8.07,969200
NLTX,20091028,1.4,1.49,1.3,1.3,37874
NNBR,20091028,4.79,4.82,4.38,4.4,109700
NRIM,20091028,15.35,15.75,14.94,14.94,18500
NSEC,20091028,8.11,8.11,7.8,7.8,5200
NSIT,20091028,11.03,11.22,10.5,10.51,194300
NSSC,20091028,2.02,2.04,1.9,1.95,12500
NSYS,20091028,2.98,2.98,2.68,2.8,4600
NTAP,20091028,27.78,27.99,26.94,26.99,7956000
NTCT,20091028,13.12,13.25,12.6,12.64,283700
NTES,20091028,7.2,7.32,7.118,7.2,1884500
NTGR,20091028,18.83,19.13,18.7,18.89,496500
NTIC,20091028,4.045,4.045,4.045,4.045,200
NTRS,20091028,51.53,51.72,49.96,49.98,2364800
NTWK,20091028,9.9,9.9,9.1,9.4,216100
NUAN,20091028,14.02,14.1,13.34,13.35,3131000
NURO,20091028,516.48,533.76,503.04,503.04,32000
NUVA,20091028,37.95,38.03,36.63,36.9,1169500
NVAX,20091028,87.6,88,78.6,79,4099800
NVDA,20091028,3.065,3.1325,2.99,3.005,19343100
NVEC,20091028,40.1,40.23,36.77,37.3,222700
NVMI,20091028,2.88,2.9,2.74,2.75,57300
NWFL,20091028,28.73,29.29,28.73,28.95,2800
NWLI,20091028,184.07,186.41,181.04,181.75,7400
NWPX,20091028,32.53,32.67,31,31.03,87500
NWS,20091028,14.04,14.19,13.51,13.54,4031000
NWSA,20091028,12,12.04,11.51,11.53,16211600
NXST,20091028,2.57,2.57,2.35,2.41,16600
NYMT,20091028,6.71,6.72,5.95,6.15,134500
NYMX,20091028,4.82,5.06,4.81,4.91,14200
OBAS,20091028,5.9,6.1,5.9,6.1,300
OBCI,20091028,0.82,0.91,0.82,0.9,12300
OCFC,20091028,10.25,10.54,9.64,9.65,137700
ODFL,20091028,11.8845,12,11.5155,11.7245,820700
OESX,20091028,3.2,3.65,3.2,3.54,332200
OFIX,20091028,32.08,32.88,30.87,30.99,201900
OFLX,20091028,15.79,15.88,15.47,15.69,5800
OIIM,20091028,4.7,4.76,4.28,4.32,359179
OMAB,20091028,12.03,12.32,11.8,12.17,62700
OMCL,20091028,10.08,10.19,9.85,9.87,272400
OMER,20091028,6,6,5.63,5.71,90800
OMEX,20091028,19.56,19.68,17.88,17.88,148800
ONCY,20091028,3.04,3.06,3,3.04,91300
ONEQ,20091028,83.01,83.07,81.05,81.22,33800
OPEN,20091028,26.03,26.2,26,26,85500
OPHC,20091028,106.8,116,106,116,1800
OPNT,20091028,10.13,10.34,10.11,10.14,38200
OPOF,20091028,14.76,14.99,14.75,14.8,4000
ORLY,20091028,34.74,35.1,33.61,33.68,3926100
ORRF,20091028,36.04,36.04,35,35.2,20500
OSBC,20091028,6.15,6.5,5.53,5.8,59700
OSIS,20091028,19.22,20.1,19.01,19.24,189400
OSTK,20091028,15.41,15.69,14.54,14.85,96500
OSUR,20091028,3.26,3.31,3.22,3.22,137700
OTEX,20091028,9.7425,9.84,9.2075,9.3325,950800
OTTR,20091028,23.44,23.66,22.76,22.76,125900
OVBC,20091028,23.24,23.49,22.99,22.99,2600
OVLY,20091028,4.65,4.65,4.65,4.65,0
PAAS,20091028,21.07,21.57,20.35,20.47,2243700
PACW,20091028,18.33,18.62,17.61,18.15,460600
PANL,20091028,12.67,12.78,11.41,11.46,649000
PATK,20091028,0.9733,0.9733,0.8489,0.9067,14700
PAYX,20091028,29.05,29.42,28.92,29.04,4104100
PBCT,20091028,16.2,16.45,16.2,16.26,3515100
PBHC,20091028,7,7,7,7,0
PBIP,20091028,10.17,10.18,9.96,9.96,3400
PCAR,20091028,37.61,38.16,36.89,36.98,4443000
PCTI,20091028,5.55,5.66,5.38,5.51,86300
PCYO,20091028,2.77,2.78,2.45,2.45,2700
PDCO,20091028,26.66,26.72,26.1,26.1,1036900
PDEX,20091028,0.58,0.6,0.55,0.59,8600
PDFS,20091028,3.81,3.81,3.48,3.75,48900
PEBK,20091028,6.23,6.23,6,6,1900
PEBO,20091028,11.5,11.5,11.18,11.32,81700
PEGA,20091028,15.02,15.205,14.13,14.175,630800
PENN,20091028,25.79,26.12,25,25.16,912100
PESI,20091028,11.75,12.05,11.7,11.85,101400
PETS,20091028,15.8,15.88,15.56,15.58,600500
PFBC,20091028,3,3.12,2.92,3.05,7900
PFIN,20091028,2.86,2.93,2.64,2.92,12300
PFSW,20091028,1.63,1.68,1.58,1.58,10600
PGC,20091028,14.53,15.32,14.45,14.75,15000
PKBK,20091028,8.1909,8.3909,8.1818,8.3636,1000
PKOH,20091028,6.9,7.29,6.33,6.34,17000
PLAB,20091028,4.59,4.63,4,4.15,740700
PLBC,20091028,4.77,4.79,4.22,4.5,6400
PLCE,20091028,32.8,32.8,31.2,31.27,1046600
PLPC,20091028,39.42,39.42,38.25,38.25,2900
PLUG,20091028,0.88,0.91,0.84,0.84,683600
PLUS,20091028,7.55,7.55,7.375,7.535,21300
PLXS,20091028,25.59,25.66,23.96,24.09,345100
PMD,20091028,5.36,5.39,5.25,5.36,7700
PNBK,20091028,18.6,20,18.4,20,9300
PNFP,20091028,12.91,13.16,12.55,13.1,286500
PNNT,20091028,8.41,8.41,7.89,7.97,176400
PNQI,20091028,24.73,24.92,23.38,23.38,82079
PNRG,20091028,30.28,32.17,29.1,31,10300
PODD,20091028,10.66,11.02,10.55,10.97,381700
POOL,20091028,20.3,20.3,18.81,19.19,1460800
POWI,20091028,16.34,16.62,15.85,15.89,303700
POWL,20091028,39.36,39.36,37.61,38.11,71300
PPBI,20091028,3.41,3.53,3.41,3.42,2900
PRAA,20091028,15.3667,15.76,15.0533,15.0733,98100
PRFT,20091028,8.08,8.26,7.94,7.99,262800
PRFZ,20091028,47.5,47.5,45.51,45.67,81600
PRGS,20091028,15.92,16.0067,15.5533,15.5733,233200
PRIM,20091028,7.75,7.75,7.21,7.4,42088
PROV,20091028,6.9,6.9,6.9,6.9,0
PRPL,20091028,1.8,1.8,1.8,1.8,0
PRTS,20091028,5.35,5.48,5.07,5.07,29100
PSEC,20091028,10.31,10.38,10,10.03,641800
PSMT,20091028,19.06,19.61,19.06,19.22,83400
PSTI,20091028,10.2,10.4,9.6,9.6,95600
PTEN,20091028,16.27,16.27,15.34,15.62,7844900
PTIX,20091028,3,3,2.88,2.9,3200
PTNR,20091028,19.65,19.66,18.98,19.01,61600
PTSI,20091028,7.74,7.79,7.53,7.78,1700
PWOD,20091028,21.2733,21.5333,21.1,21.1667,4700
PXLW,20091028,2.71,2.71,2.32,2.43,338000
PZZA,20091028,11.77,11.945,11.47,11.51,135400
QABA,20091028,21.58,21.58,21.42,21.42,2200
QCLN,20091028,14.33,14.34,13.81,13.82,22000
QCOM,20091028,41.08,41.98,41,41.63,22601800
QCRH,20091028,9.95,9.95,9.93,9.93,1100
QDEL,20091028,15.01,15.08,14.52,14.55,402600
QQEW,20091028,18.24,18.26,17.74,17.78,111000
QQQ,20091028,42.19,42.32,41.3,41.39,143553500
QQQX,20091028,14.15,14.55,13.85,13.96,135600
QQXT,20091028,16.71,16.71,16.27,16.27,9600
QTEC,20091028,18.95,19.08,18.53,18.53,64500
QUIK,20091028,37.8,40.46,31.5,31.5,593900
RADA,20091028,5.5,5.5,4.8,5.5,10600
RAIL,20091028,24.43,24.72,23.65,23.74,208100
RAM,20091028,1.58,1.59,1.42,1.43,412300
RAND,20091028,35.55,35.55,35.55,35.55,0
RAVN,20091028,12.895,13.085,12.545,12.555,56100
RBCAA,20091028,19.13,19.37,18.81,18.92,74300
RBCN,20091028,170,171,151.5,155,276300
RCII,20091028,18.75,19.13,18.31,18.37,1845400
RCKY,20091028,8.17,8.3,7.97,8.12,22400
RCMT,20091028,2.73,2.73,2.57,2.58,30600
RCON,20091028,31.5,33.45,31.5,32.55,109800
RDCM,20091028,2.03,2.03,1.72,1.75,36300
RDI,20091028,4.09,4.4,4.09,4.24,15600
RDIB,20091028,6,6,5,5,300
RDNT,20091028,2.69,2.69,2.43,2.48,257000
RDWR,20091028,5.975,5.995,5.8,5.85,22200
REED,20091028,1.51,1.51,1.12,1.45,70800
REFR,20091028,4.02,4.02,3.61,3.75,40500
REGN,20091028,17.23,17.23,16.51,16.54,474600
RELL,20091028,5.94,5.99,5.39,5.62,56700
RENT,20091028,16.65,16.65,15.53,15.65,26600
RFIL,20091028,2.11,2.11,1.98,2.005,3800
RGCO,20091028,9.5967,9.5967,9.44,9.44,200
RGEN,20091028,5.04,5.09,4.87,4.88,95400
RGLD,20091028,45.55,46.2,43.72,43.83,750000
RICK,20091028,7.9,7.9,7.2,7.2,114700
RIGL,20091028,6.18,6.37,6.04,6.08,1055000
RMBS,20091028,17.07,17.29,16.02,16.1,2993200
RMCF,20091028,8.92,8.92,8.6,8.6,9400
RMTI,20091028,7.14,7.14,6.8,6.9,62600
RNST,20091028,14.68,14.9,14.54,14.75,60800
RNWK,20091028,4.01,4.06,3.76,3.78,1149400
ROCK,20091028,12.95,13.19,11.74,11.8,268400
ROLL,20091028,23.98,24.25,22.93,23,83500
ROST,20091028,11.285,11.35,10.94,10.9475,2139400
RPRX,20091028,1.1,1.1,1,1,1128400
RRGB,20091028,17.15,17.73,17.03,17.09,249700
RUSHA,20091028,7.6733,7.76,7.4133,7.48,98200
RUSHB,20091028,6.5333,6.5467,6.18,6.22,42347
RUTH,20091028,3.72,3.78,3.58,3.58,135500
RVSB,20091028,3.21,3.26,3.21,3.26,6900
RYAAY,20091028,26.97,27.4,26.61,26.69,1333700
SAFM,20091028,37.25,38.34,37.25,37.59,249600
SAFT,20091028,33.91,34.15,33.21,33.34,46500
SAIA,20091028,9.4333,9.5533,9.2133,9.3733,245000
SALM,20091028,3.95,4.05,3.61,3.7,181690
SANM,20091028,7.09,7.19,6.45,6.75,2231700
SASR,20091028,11.23,11.49,11.11,11.17,35900
SATS,20091028,15.6488,15.6569,14.6494,14.69,228600
SBAC,20091028,29.43,29.43,28.65,28.86,1965400
SBCF,20091028,8.65,8.65,7.6,7.8,434100
SBGI,20091028,4.15,4.22,3.68,3.73,637600
SBLK,20091028,246,246,219.75,225,833800
SBNY,20091028,30.48,31.39,30.48,31.02,498600
SBSI,20091028,20.0095,20.3333,19.6476,19.6762,52300
SBUX,20091028,9.59,9.745,9.345,9.37,13505600
SCHL,20091028,25.44,25.55,25.08,25.29,434900
SCHN,20091028,46.68,46.84,43.03,43.29,1459500
SCKT,20091028,3.1,3.26,3.1,3.18,1600
SCOR,20091028,16.76,17.28,16.58,16.99,279000
SCSC,20091028,26.66,26.74,25.04,25.28,197000
SCVL,20091028,10.4333,10.6467,9.9333,10.0133,54600
SEAC,20091028,6.93,7,6.78,6.78,203500
SEED,20091028,49,49.1,45,45.3,180800
SEIC,20091028,17.79,17.86,17.17,17.26,1697200
SENEA,20091028,28.17,28.17,27.54,28,38800
SENEB,20091028,27.83,27.83,27.83,27.83,100
SFNC,20091028,14.67,14.91,14.515,14.54,31700
SFST,20091028,7.65,7.65,7.65,7.65,0
SGC,20091028,8.94,8.97,8.94,8.97,1100
SGEN,20091028,9.65,9.75,9.24,9.28,656800
SGMA,20091028,3.55,3.56,3.5,3.5,4900
SGMO,20091028,6.07,6.19,5.83,5.88,382500
SGMS,20091028,13.74,13.96,12.78,12.98,3391700
SGRP,20091028,0.85,0.85,0.85,0.85,0
SHBI,20091028,15.84,16.26,15.84,15.95,6400
SHEN,20091028,8.625,9.085,8.525,8.525,78700
SHIP,20091028,4848,4848,4848,4848,0
SHIPW,20091028,0.2,0.2,0.19,0.2,9000
SHOO,20091028,7.9309,7.9802,7.6563,7.6741,250900
SHY,20091028,83.94,84,83.89,83.99,795400
SIEB,20091028,2.4,2.4,2.4,2.4,0
SIFY,20091028,2.02,2.05,1.95,1.96,161500
SIGA,20091028,6.8,6.9,6.2,6.23,464600
SIGI,20091028,15.69,15.92,15.49,15.62,202200
SILC,20091028,8.49,8.53,8.11,8.25,22700
SIMO,20091028,3.83,3.87,3.73,3.76,128000
SINO,20091028,16.15,16.4,16.15,16.4,300
SIRI,20091028,0.58,0.58,0.56,0.56,23421400
SIVB,20091028,42.45,42.67,41.4,41.75,562000
SKYW,20091028,14.75,14.99,14.27,14.33,268400
SLAB,20091028,41.34,42.91,40.56,41.05,2609500
SLGN,20091028,13.4475,13.5175,13.32,13.32,294600
SLP,20091028,1.59,1.6,1.55,1.55,11200
SMBC,20091028,5.555,5.555,5.525,5.525,800
SMCI,20091028,8.87,8.99,8.25,8.29,215300
SMED,20091028,10.52,10.85,8.29,8.9,381200
SMIT,20091028,3.82,3.82,3.82,3.82,0
SMMF,20091028,3.98,4,3.76,3.76,2300
SMSI,20091028,37.68,38.32,36.12,36.64,301300
SMTC,20091028,15.8,16,15.26,15.34,1403500
SNCR,20091028,12.14,12.21,11.79,11.9,111000
SNFCA,20091028,3.31,3.44,3.31,3.43,1900
SNPS,20091028,22.8,22.81,22.18,22.25,910500
SOHU,20091028,57.7,58.75,55.6,55.81,1517900
SONO,20091028,25.9,26.2,24.64,25.15,355400
SPNS,20091028,1.42,1.42,1.25,1.42,6300
SPPI,20091028,4.16,4.16,3.97,4.1,2207900
SPRO,20091028,4.21,4.21,4.16,4.16,400
SPTN,20091028,15.13,15.26,14.85,14.85,196400
SRCE,20091028,14.59,15,14.53,14.53,24300
SRCL,20091028,52.05,53.44,51.65,53.16,1389700
SRDX,20091028,26.27,26.87,26.03,26.09,144900
SSBI,20091028,6.25,6.35,5.87,5.91,5100
SSTI,20091028,2.2,2.28,2.12,2.13,336000
SSYS,20091028,16.42,16.52,15.56,15.85,104300
STAA,20091028,4.1,4.13,3.81,3.85,90100
STBA,20091028,16.11,16.48,15.87,16.32,210800
STFC,20091028,16.45,17.01,16.43,16.66,32000
STKL,20091028,3.74,3.8,3.59,3.59,235800
STLD,20091028,14.28,14.3,13.49,13.64,9749600
STRA,20091028,215.02,217.2,210,211.84,273300
STRC,20091028,2.3,2.4,2.3,2.34,9100
STRL,20091028,17.04,17.27,16.6,16.67,62100
STRM,20091028,2.49,2.5,2.31,2.49,14800
STRN,20091028,6.01,6.1,5.9,6.09,6600
STRS,20091028,9.42,9.56,9.4,9.51,1900
STRT,20091028,13.9,13.95,13.75,13.85,5400
STSA,20091028,42.24,52.14,42.24,46.2,5503700
STX,20091028,15.26,15.31,14.34,14.44,14265400
SUMR,20091028,45.27,45.54,37.08,45,152600
SURG,20091028,1.43,1.59,1.43,1.55,22200
SVBI,20091028,3.12,3.14,2.97,2.97,10100
SWIR,20091028,9.17,9.29,9.07,9.25,218200
SWKS,20091028,10.37,10.77,10.15,10.27,6978900
SYBT,20091028,14.9067,15.06,14.7667,14.7667,37500
SYNA,20091028,23.93,24.13,23.37,23.52,1896700
SYNL,20091028,9.56,9.7,9.45,9.7,16500
SYPR,20091028,3.41,3.41,3,3.15,65600
TACT,20091028,5.61,5.71,5.2,5.71,26000
TAIT,20091028,1.25,1.33,1.25,1.33,2200
TAST,20091028,6.9,6.9,6.67,6.68,57600
TAYD,20091028,4.57,4.57,4.46,4.5,8200
TBBK,20091028,5.34,5.39,5.1,5.11,143300
TBNK,20091028,16.29,16.35,16.11,16.17,48600
TCBI,20091028,15.46,15.55,15,15.05,260900
TCBK,20091028,15,15.63,14.97,14.98,89000
TCX,20091028,2.12,2.6,2.04,2.36,1013800
TEAM,20091028,7.97,8.02,7.71,7.9,1500
TECH,20091028,63.25,63.8,62.4,62.57,204900
TESS,20091028,11.2667,11.36,10.6733,11.16,10100
TFSL,20091028,11.59,11.75,11.58,11.59,470500
TGA,20091028,4.1,4.1,3.84,3.88,203600
THFF,20091028,27.42,28.1,27.4,27.89,41900
THRX,20091028,14.5,14.79,14.11,14.17,437600
TIGR,20091028,3.19,3.19,2.78,2.97,102359
TITN,20091028,11.48,11.73,10.96,11.02,217800
TLT,20091028,95.14,95.8,94.96,95.45,4585300
TNDM,20091028,22.96,23.31,22.19,22.25,651200
TOPS,20091028,7140000,7700000,6650000,7000000,116400
TOWN,20091028,12,12.17,11.71,11.83,68800
TREE,20091028,7.5,8.05,7.46,7.48,46000
TRIB,20091028,3.64,3.66,3.33,3.47,51100
TRIT,20091028,13.63,13.85,12.08,12.21,418600
TRMB,20091028,10.66,10.88,10.495,10.625,2692400
TRMD,20091028,103.7,104,99.9,99.9,30100
TRMK,20091028,19,19.95,18.86,19.5,1006500
TRNS,20091028,6.44,6.44,6.44,6.44,0
TROW,20091028,51.85,52.1,49.86,49.87,3365200
TRS,20091028,4.75,4.81,4.57,4.73,32900
TRST,20091028,6.07,6.13,6.02,6.03,246000
TRUE,20091028,2.55,2.57,2.48,2.48,3695
TSBK,20091028,4.61,4.61,4.55,4.55,3100
TSCO,20091028,11.285,11.52,11.1775,11.1825,654600
TSEM,20091028,15.75,15.75,14.4,14.7,847600
TSRI,20091028,2.14,2.14,2.14,2.14,700
TTEC,20091028,16.7,16.8,16.16,16.19,248700
TTEK,20091028,26.78,26.9,26.07,26.12,349700
TTGT,20091028,6.3,6.58,6.3,6.38,26500
TTMI,20091028,10.69,10.79,9.97,9.99,207400
TTWO,20091028,12.09,12.09,11.3,11.43,3320300
TWIN,20091028,10.16,10.3,9.6,9.67,61400
TXN,20091028,23.93,24.56,23.41,23.44,28937800
TXRH,20091028,10.01,10.12,9.72,9.76,1096200
TZOO,20091028,13.39,13.64,13.05,13.26,61600
UBCP,20091028,8,8,7.82,7.82,6600
UBFO,20091028,2.95,2.97,2.75,2.76,24500
UBOH,20091028,10.2,10.2,10.2,10.2,700
UBSI,20091028,18.85,19.28,18.42,19,415700
UCBI,20091028,4.17,4.17,3.95,4.1,1453200
UCTT,20091028,6.52,6.8,5.86,6.01,95500
UEIC,20091028,20.85,21.06,20.59,20.75,64800
UEPS,20091028,17.94,17.94,17.19,17.51,675900
UFCS,20091028,18.31,18.52,18.08,18.14,136800
UFPI,20091028,38.07,38.32,35.42,35.62,313800
UFPT,20091028,6.24,6.3,6,6,27903
UG,20091028,9.95,9.95,9.73,9.93,500
UHAL,20091028,44.42,44.44,42.7,42.79,20200
ULBI,20091028,3.95,4.02,3.85,3.88,205800
ULTA,20091028,15.63,15.82,15.38,15.4,332900
UMBF,20091028,40.76,41.42,40.12,40.3,242100
UMPQ,20091028,10.04,10.32,9.9,10.06,1622600
UNAM,20091028,9.67,9.67,9.67,9.67,100
UNB,20091028,16.27,16.27,16.27,16.27,0
UNTY,20091028,4.29,4.3,4.15,4.3,1900
URBN,20091028,32.04,32.11,30.64,30.74,3594300
USAK,20091028,11.68,11.82,11.26,11.34,21300
USAP,20091028,15.43,15.51,15.09,15.09,24200
USEG,20091028,361.8,364.8,319.8,320.4,720200
USLM,20091028,35.99,35.99,33,33.75,6800
UTHR,20091028,42.11,42.11,40.33,40.63,794000
UTMD,20091028,29.01,29.64,29.01,29.25,9000
UTSI,20091028,6.3,6.33,5.73,5.79,794000
UVSP,20091028,19.93,20.29,18.67,18.74,58200
VALU,20091028,30.85,30.98,30.2,30.2,3500
VBFC,20091028,64,64,64,64,100
VECO,20091028,26,26.54,24.1,24.22,1551200
VIA,20091028,29.6,29.71,28.8,28.91,208900
VICR,20091028,6.97,7.03,6.71,6.84,40600
VIRC,20091028,2.74,2.74,2.74,2.74,0
VIVO,20091028,22.65,22.97,22.32,22.34,188300
VLGEA,20091028,29.95,30.75,29.55,29.98,18669
VNDA,20091028,9.98,9.98,9.45,9.59,1449000
VOD,20091028,22.66,22.82,22.47,22.51,7778100
VOXX,20091028,6.72,6.98,6.06,6.29,79100
VRSK,20091028,28.21,28.55,27.56,27.69,1153400
VRSN,20091028,23.41,23.52,22.48,22.52,3417300
VRTS,20091028,14.97,14.97,14.61,14.63,18600
VRTX,20091028,33.6,34.66,33.09,33.1,3756100
VSAT,20091028,30.05,30.39,29.29,29.45,310000
VSEC,20091028,22.725,22.9,21.5,21.5,30200
WABC,20091028,48.92,49.34,48.01,48.36,145100
WAFD,20091028,17.5,17.82,17.5,17.58,1707100
WASH,20091028,15.5,15.5,14.87,15.02,47400
WAVE,20091028,0.68,0.7,0.62,0.63,843400
WDC,20091028,34.48,35.05,33.54,33.58,4529300
WDFC,20091028,32.87,33.14,32.24,32.24,91100
WERN,20091028,19.35,19.61,18.96,19,1122200
WEYS,20091028,22.48,22.94,22.3,22.32,57000
WILC,20091028,5.2,5.21,4.74,4.82,49700
WINA,20091028,22.02,22.23,22,22,4000
WIRE,20091028,21.46,21.71,21.12,21.24,175600
WLDN,20091028,3.08,3.08,2.94,2.96,4700
WLFC,20091028,11.65,11.72,11.03,11.03,20700
WOOD,20091028,36.26,36.26,34.71,34.82,9900
WOOF,20091028,24.01,24.14,23.42,23.46,754400
WPRT,20091028,10.28,10.35,9.23,9.34,410300
WRLD,20091028,24.26,24.44,23.61,23.9,300400
WSBC,20091028,14.54,14.82,14.29,14.36,71500
WSBF,20091028,3.46,3.5,3.42,3.42,7100
WSFS,20091028,9.3,9.3733,9.0833,9.2033,14300
WSTG,20091028,8.06,8.06,7.57,7.78,31600
WTBA,20091028,4.49,4.92,4.28,4.34,45900
WTFC,20091028,29.27,30.06,28.54,29.39,689700
WVFC,20091028,14.5,14.5,14.5,14.5,0
WVVI,20091028,3.84,3.84,3.84,3.84,0
WYNN,20091028,56.99,57.25,53.15,53.87,7422100
XLNX,20091028,22.68,22.75,22.08,22.1,5226500
XOMA,20091028,14.6,14.8,14,14.2,2056000
XRAY,20091028,35.97,36.14,35.25,35.35,1112400
XRTX,20091028,132.24,132.36,123.84,127.8,543600
YORW,20091028,14.32,14.36,14.09,14.25,35300
ZBRA,20091028,25.46,25.63,25.16,25.23,381600
ZEUS,20091028,28.13,28.5,26.21,26.5,269400
ZION,20091028,15.3,15.48,14.43,14.57,9067800
ZIOP,20091028,2.88,3.2,2.88,3.19,168100
ZIXI,20091028,1.98,2.02,1.83,1.89,1121900
ZUMZ,20091028,13.3,13.63,12.55,12.6,247000
