AAL,20170214,47.26,47.28,46.45,46.57,6271600
AAME,20170214,3.74,4.2,3.7,3.95,21600
AAOI,20170214,34.01,36.7,34.01,36.38,1006000
AAON,20170214,34.75,34.75,34.15,34.45,89700
AAPL,20170214,33.3675,33.7725,33.3125,33.755,33226200
AAWW,20170214,52.35,52.8,52.15,52.3,136000
AAXJ,20170214,60.4,60.43,59.97,60.43,778200
ABCB,20170214,47.05,47.75,47,47.6,136900
ABEO,20170214,5.25,5.68,5.2,5.5,716900
ABIO,20170214,46.8,47.7,45.9,45.9,7300
ABMD,20170214,107.6,109.48,107.6,108.96,362300
ABTX,20170214,33.75,34,33.55,33.95,9900
ABUS,20170214,2.65,2.71,2.6,2.65,62400
ACAD,20170214,36.96,39.75,36.27,39.69,4859000
ACBI,20170214,19.1,19.45,19.05,19.35,29900
ACET,20170214,15.42,15.66,15.14,15.56,390000
ACGL,20170214,30.9433,31.2533,30.9433,31,678500
ACHC,20170214,39.31,40.29,38.91,40.24,968000
ACIU,20170214,12.15,13.18,11.88,12.94,114700
ACIW,20170214,19.56,19.56,19.3,19.52,450700
ACLS,20170214,16.15,16.4,16.05,16.05,180600
ACNB,20170214,29,29.6,28.8,29.55,12900
ACOR,20170214,23.65,24.8,23.25,23.85,1499600
ACRS,20170214,27.52,28.34,27.28,28.3,129900
ACRX,20170214,3.15,3.2,2.95,3,144400
ACST,20170214,1.26,1.32,1.26,1.29,39000
ACTG,20170214,5.75,5.95,5.7,5.9,132400
ACWI,20170214,62,62.18,61.78,62.15,2269500
ACWX,20170214,42.4,42.46,42.2,42.45,475400
ADAP,20170214,4.11,4.2,4.04,4.19,77000
ADBE,20170214,117.65,117.79,116.67,117.58,1556600
ADES,20170214,11.75,11.95,11.45,11.75,65200
ADI,20170214,77.84,77.97,77.07,77.84,2589500
ADMA,20170214,4.77,5.03,4.77,5,6000
ADMP,20170214,3.35,3.65,3.3,3.55,627400
ADMS,20170214,16.62,17.12,16.52,17.07,90300
ADP,20170214,98.42,99.6,98.32,99.44,1615000
ADRE,20170214,36.13,36.17,35.9,36.15,28800
ADSK,20170214,84.25,84.59,82.81,84.54,4043400
ADTN,20170214,21.6,21.88,21.45,21.55,266900
ADUS,20170214,35.7,36.15,35.3,35.45,35600
ADVM,20170214,3,3,2.85,2.9,170800
ADXS,20170214,130.35,138.6,129.9,136.35,527600
AEHR,20170214,3.84,3.85,3.56,3.82,463200
AEIS,20170214,62.05,62.85,61.45,61.94,215900
AEMD,20170214,57.3,58.8,56.25,56.4,12000
AERI,20170214,47.3,47.57,46.2,46.3,347500
AEY,20170214,1.89,1.92,1.76,1.81,45400
AEZS,20170214,3.4,3.44,3.25,3.3,272900
AFMD,20170214,2.15,2.2,2.1,2.2,311400
AGEN,20170214,4.6,4.78,4.23,4.4,6627000
AGFS,20170214,2.69,2.69,2.61,2.69,86800
AGIO,20170214,46.22,46.69,45.56,46.38,441800
AGLE,20170214,4.94,5.23,4.75,5.18,340300
AGNC,20170214,19.42,19.47,19.17,19.29,2232400
AGNCP,20170214,25.56,25.58,25.5,25.54,5800
AGRX,20170214,2.24,2.35,2.2,2.34,204500
AGTC,20170214,7.3,7.38,6.7,7.2,228000
AGYS,20170214,9.41,9.52,9,9.51,78600
AGZD,20170214,48.18,48.28,48.07,48.23,4200
AHPA,20170214,9.9,9.9,9.9,9.9,0
AHPAU,20170214,10.44,10.45,10.44,10.45,600
AHPAW,20170214,0.53,0.53,0.53,0.53,0
AHPI,20170214,2.12,2.8,2.12,2.31,606700
AIA,20170214,50.4,50.41,50.06,50.36,17100
AIMC,20170214,39.9,40.3,39.5,40.25,122900
AINV,20170214,18.36,18.57,18.24,18.51,796400
AIQ,20170214,10.25,10.3,10.2,10.3,9800
AIRG,20170214,16.65,16.65,15.86,16.08,243100
AIRR,20170214,24.31,24.31,24,24.21,104000
AIRT,20170214,21.52,22.2,21.4,21.4,600
AKAM,20170214,63.75,64.13,63.37,63.55,2180900
AKBA,20170214,10.11,10.24,10.01,10.14,249800
AKTX,20170214,7.06,7.06,6.8,7.01,4000
ALBO,20170214,19.5,20.16,18.84,19.99,9700
ALCO,20170214,26.15,26.15,25.65,25.75,8800
ALDX,20170214,4.65,4.7,4.5,4.5,723500
ALGN,20170214,97.67,99.28,97.31,98.39,791100
ALGT,20170214,173.7,174.9,171.3,174.85,111300
ALIM,20170214,1.19,1.29,1.19,1.24,2285400
ALJJ,20170214,4,4.24,3.92,3.95,132400
ALKS,20170214,54.4,57.72,53.04,57.21,1284400
ALLT,20170214,4.85,4.87,4.8,4.85,32300
ALNY,20170214,45.11,46.3,44.5,46.11,479900
ALOT,20170214,13.72,13.85,13.72,13.85,7200
ALRM,20170214,28.48,28.71,28.12,28.65,103300
ALTY,20170214,15.7,15.7,15.42,15.42,9200
AMAT,20170214,35.5,35.55,35.12,35.23,9956500
AMBA,20170214,54.2,55.41,54,55.05,413100
AMCX,20170214,55.24,56.51,55.1,55.9,832300
AMD,20170214,13.43,13.49,13.19,13.26,40479000
AMED,20170214,46.44,48.08,46.4,47.77,325500
AMGN,20170214,167.07,168.07,165.57,168.05,3116600
AMKR,20170214,9.35,9.91,9.05,9.61,8905900
AMNB,20170214,35.95,36.2,35.9,36.1,8000
AMOT,20170214,22.33,22.73,21.93,22.24,47900
AMPH,20170214,17.16,17.55,17.1,17.51,243500
AMRK,20170214,21.23,21.41,20.97,21.24,11300
AMRN,20170214,3.32,3.43,3.32,3.41,1551700
AMRS,20170214,9,9,8.4,8.4,4855400
AMSC,20170214,6.89,6.9,6.68,6.74,138400
AMSF,20170214,64.55,65,64.35,64.75,56600
AMSWA,20170214,10.27,10.3,10.2,10.28,21000
AMTX,20170214,1.25,1.26,1.1,1.22,71800
AMWD,20170214,77.75,78.05,76.3,77.4,74100
AMZN,20170214,837,838.31,831.45,836.39,2792400
ANAB,20170214,23.41,23.59,22.65,23.59,64500
ANAT,20170214,120.54,122.15,118.52,121.5,15400
ANDE,20170214,37.4,38,37.15,37.75,78700
ANGI,20170214,6.05,6.33,5.84,6.31,1686300
ANGO,20170214,16.65,16.84,16.58,16.6,152100
ANIK,20170214,51.48,51.96,51.34,51.59,88800
ANIP,20170214,62.86,64.68,62.04,64.11,118300
ANSS,20170214,97.2,98.38,96.68,98.36,469500
ANY,20170214,0.31,0.31,0.29,0.3,490500
AOSL,20170214,21.09,21.71,21.05,21.48,111300
APDN,20170214,62,66,58,60,141000
APEI,20170214,23.95,24,23.3,23.55,60100
APEN,20170214,12.37,12.72,12,12,12000
APOG,20170214,59.06,59.43,58.02,59.17,187900
APOP,20170214,25.6,33.75,25.6,30.6,1555800
APPF,20170214,24.55,24.55,23.75,24,11200
APPS,20170214,0.7,0.72,0.69,0.7,719700
APTO,20170214,1.25,1.25,1.16,1.2,293500
APVO,20170214,26.46,27.02,25.9,26.18,243800
APWC,20170214,2.7,2.82,2.65,2.7,6800
AQB,20170214,14,15.5,13.75,14.1,27400
AQMS,20170214,17.25,17.74,16.16,17.05,534700
ARAY,20170214,5.4,5.53,5.35,5.45,747200
ARCB,20170214,31.4,31.9,30.8,31.1,203800
ARCC,20170214,17.55,17.62,17.5,17.59,4442100
ARDX,20170214,11.1,11.48,11,11.45,81700
ARKR,20170214,24.95,25.49,24.94,25,8000
ARLP,20170214,23.45,23.51,22.6,23.2,288300
ARNA,20170214,14.5,14.8,14.4,14.6,902200
AROW,20170214,34.88,35.6,34.7,35.6,20800
ARRY,20170214,11.77,12.11,11.66,12,3914600
ARTNA,20170214,31.39,31.66,31.21,31.5,23200
ARTW,20170214,3.6,3.75,3.53,3.75,5000
ARWR,20170214,1.94,2.03,1.9,2.01,687500
ASET,20170214,26.05,26.19,26.05,26.19,3700
ASMB,20170214,19.8,19.87,19.48,19.8,31600
ASML,20170214,126.08,126.5,125.62,126.25,1825900
ASND,20170214,24.45,26.98,24.27,26.01,164900
ASPS,20170214,29.99,31.06,29.85,31,360000
ASRV,20170214,3.9,3.95,3.85,3.95,40800
ASTC,20170214,1.52,1.55,1.45,1.47,90800
ASTE,20170214,71.62,72.06,70.89,71.88,85000
ASUR,20170214,12.8,12.8,12.29,12.44,57200
ASYS,20170214,6.22,6.33,6.01,6.32,71700
ATAI,20170214,3.79,3.79,3.66,3.75,3700
ATAX,20170214,5.65,5.65,5.6,5.65,37600
ATEC,20170214,3.09,3.09,2.89,2.93,21900
ATHX,20170214,1.21,1.21,1.17,1.2,585300
ATLC,20170214,2.66,2.87,2.66,2.81,14300
ATLO,20170214,32.5,32.65,32.25,32.25,5700
ATNI,20170214,79.25,79.71,77.68,79.44,53600
ATOM,20170214,5.65,5.8,5.65,5.68,2300
ATOS,20170214,17.64,20.16,17.04,19.32,169300
ATRA,20170214,15.05,15.81,14.9,15.75,132700
ATRC,20170214,16.78,17.18,16.78,17.1,123300
ATRI,20170214,471.55,478.5,470,472.95,3100
ATRO,20170214,34.26,34.44,33.93,34.2,72500
ATRS,20170214,2.27,2.43,2.26,2.41,1158100
ATSG,20170214,16.5,16.65,16.4,16.61,302600
ATVI,20170214,45.25,45.84,44.75,44.98,15305600
AUBN,20170214,33.34,33.34,33.34,33.34,0
AUDC,20170214,7.12,7.25,7.1,7.17,164100
AUPH,20170214,3.75,3.78,3.51,3.66,3048500
AVAV,20170214,26.59,27.22,26.4,26.87,162500
AVDL,20170214,9.42,9.9,9.3,9.72,76500
AVEO,20170214,6.4,7.4,6.4,7.3,504900
AVGO,20170214,206.99,207,204.8,205.33,1735700
AVGR,20170214,960,1040,940,960,371200
AVID,20170214,5.56,5.72,5.56,5.7,437700
AVIR,20170214,0.67,0.74,0.65,0.68,1958700
AVNW,20170214,14.23,14.94,14.1,14.83,67400
AVXL,20170214,6.17,6.3,5.9,6.13,966600
AWRE,20170214,5,5.2,4.8,5.1,92300
AXDX,20170214,23.5,23.8,23.2,23.65,102200
AXGN,20170214,10.55,10.6,10.4,10.5,70700
AXSM,20170214,5.35,5.35,4.62,4.75,215100
AXTI,20170214,6.8,7.05,6.75,6.9,947000
AZPN,20170214,56,56.19,55.73,56.16,506400
BANF,20170214,96.5,96.5,94.82,95.75,26200
BANFP,20170214,27.85,27.85,27.85,27.85,0
BANR,20170214,57.25,58.28,56.62,58.03,154300
BANX,20170214,19.5,19.58,19.5,19.58,2900
BATRA,20170214,21.27,21.41,20.76,21.15,78300
BATRK,20170214,21.37,21.64,20.85,21.21,107800
BBBY,20170214,40.23,41.25,40.23,41.02,1652400
BBGI,20170214,10.85,11.45,9.15,10.35,45800
BBH,20170214,117.98,118.87,117.17,118.73,57300
BBSI,20170214,62.1,63.84,61.5,63.5,54000
BCBP,20170214,13.9,14.2,13.8,14.05,22800
BCLI,20170214,3.3,3.32,3.21,3.29,49200
BCOR,20170214,14.8,15,14.5,14.8,407200
BCOV,20170214,7,7.1,6.95,7,239100
BCPC,20170214,85.25,85.25,83.18,83.69,132600
BCRX,20170214,5.84,5.89,5.6,5.78,817000
BDSI,20170214,2,2.05,1.99,2.05,301500
BECN,20170214,45.11,45.35,44.53,45.32,294100
BELFA,20170214,24.89,24.89,24.76,24.76,1200
BELFB,20170214,30.25,31,30,30.8,36500
BFIN,20170214,14.73,14.79,14.44,14.7,27300
BFIT,20170214,14.82,14.82,14.82,14.82,100
BGCP,20170214,11.52,11.67,11.5,11.6,1238000
BGFV,20170214,15.3,15.4,14.35,14.45,2224600
BGNE,20170214,36.14,37.81,36.07,37.63,275400
BHACU,20170214,15.3,15.3,13.6,13.6,500
BIB,20170214,46.23,47.37,45.91,47.27,604700
BICK,20170214,24.55,24.55,24.11,24.27,12100
BIDU,20170214,184.01,185.66,182.28,182.77,1932000
BIIB,20170214,279.86,286.06,279.01,285.14,2404500
BIOC,20170214,21,21.6,19.8,21.1,2071100
BIOL,20170214,7.9,7.9,7.55,7.6,113400
BIS,20170214,29.66,29.82,28.86,28.93,143200
BJRI,20170214,37,37.45,36.9,37.3,333500
BKCC,20170214,7.67,7.71,7.62,7.64,330900
BKEP,20170214,7.05,7.05,7,7,49200
BKEPP,20170214,7.82,7.82,7.76,7.76,2400
BKSC,20170214,21,21.05,20.75,20.95,2000
BL,20170214,27.44,27.54,27.04,27.54,52500
BLBD,20170214,17.05,17.15,16.9,17,332100
BLCM,20170214,129.3,132.5,127.8,131.8,176100
BLDP,20170214,2,2.04,1.96,2,1032700
BLFS,20170214,2.1,2.12,1.91,1.96,130800
BLIN,20170214,38,38,34.5,35,359700
BLKB,20170214,70.93,72.26,70.14,72.16,333500
BLMN,20170214,18.08,18.3,17.97,18.05,1733900
BLPH,20170214,11.25,17.1,11.1,15.3,8226100
BLRX,20170214,17.85,17.85,15.9,16.95,820000
BLUE,20170214,76.15,80.2,75.8,79.3,821800
BMRA,20170214,2.55,2.58,2.52,2.52,8700
BMRC,20170214,33.7,34.35,33.375,34.1,9100
BMRN,20170214,90.46,91.6,90.09,91.19,787100
BMTC,20170214,40.5,41.3,40.3,41.2,53100
BNDX,20170214,53.84,53.87,53.68,53.78,1320200
BNFT,20170214,28.5,29.55,28.2,29.5,160400
BNSO,20170214,2.37,2.4,2.35,2.39,18400
BNTC,20170214,27.5,32.3,26.8,30.5,270800
BOKF,20170214,83.1,84.72,83.02,84.46,104000
BOOM,20170214,16.3,16.6,16.25,16.35,21800
BOSC,20170214,2.46,2.49,2.44,2.46,21300
BOTJ,20170214,15.86,15.86,15.86,15.86,200
BOTZ,20170214,16.59,16.62,16.45,16.62,52800
BPMC,20170214,34.13,34.96,34.03,34.35,168900
BPOP,20170214,44.97,45.96,44.84,45.75,553200
BPOPM,20170214,21.66,21.75,21.55,21.71,7100
BPOPN,20170214,23.86,24.1,23.86,24.1,4800
BPTH,20170214,174,180,170,178,96600
BRID,20170214,11.52,11.52,11.52,11.52,0
BRKL,20170214,15.8,16.15,15.7,16,360400
BRKR,20170214,24.28,25.25,23.35,24.53,2275400
BRKS,20170214,21.53,21.84,21.07,21.58,534800
BSET,20170214,26.75,26.9,26.45,26.65,25100
BSQR,20170214,5.95,6.05,5.9,5.9,12800
BSRR,20170214,27.86,28.01,27.7,27.97,56800
BTEC,20170214,25.71,25.71,25.71,25.71,0
BUSE,20170214,29.98,30.72,29.98,30.63,88200
BVXV,20170214,5.53,5.71,5.53,5.55,25700
BWEN,20170214,4.86,5.21,4.61,5.07,91600
BWFG,20170214,32.2,32.2,31.96,32.01,17600
BYFC,20170214,1.5,1.52,1.49,1.52,29000
BZUN,20170214,15.27,15.47,15.04,15.38,432000
CAAS,20170214,4.92,4.95,4.88,4.91,43300
CAC,20170214,40.91,41.54,40.47,41.33,31300
CACC,20170214,202.41,204.02,201.35,201.95,69600
CAKE,20170214,61.79,62.29,61.63,62.27,369500
CALA,20170214,8.85,9.05,8.8,9,326100
CALM,20170214,39.2,39.3,38.55,39.05,389400
CAMP,20170214,15.42,15.58,15.31,15.54,223300
CAMT,20170214,3.76,3.83,3.61,3.82,191000
CAPR,20170214,29.2,30.5,28.2,29.9,89700
CAR,20170214,37.36,38.44,37.17,38.42,1392000
CARA,20170214,13.53,15.78,13.52,15.53,3826900
CARV,20170214,3.19,3.19,3.19,3.19,200
CARZ,20170214,36.32,36.61,36.32,36.49,2500
CASH,20170214,29.3333,29.8167,29.0333,29.1167,100200
CASI,20170214,1.33,1.36,1.3,1.3,13000
CASS,20170214,65.76,66.06,65.17,65.89,17900
CASY,20170214,117.94,119.1,117.2,118.47,358300
CATH,20170214,28.31,28.38,28.3,28.38,11600
CATY,20170214,38.61,39.05,38.27,38.98,350200
CBAN,20170214,13.55,13.64,13.5,13.64,2300
CBAY,20170214,2.35,2.46,2.31,2.46,448000
CBFV,20170214,25.94,26.2,25.94,26.2,3300
CBIO,20170214,10.65,10.82,7.59,7.83,583500
CBRL,20170214,164.06,165.74,163.62,165.5,196500
CBSH,20170214,57.11,58.24,56.93,58.14,445200
CCBG,20170214,20.89,21.19,20.57,20.89,19600
CCD,20170214,19.24,19.34,19.22,19.3,68600
CCLP,20170214,12.05,12.45,11.86,12.29,110500
CCMP,20170214,68.37,69.04,67.44,67.98,157500
CCNE,20170214,25.62,25.99,25.06,25.92,37200
CCOI,20170214,41.4,41.55,41,41.5,153600
CCRN,20170214,14.79,15.14,14.71,14.94,143800
CCXI,20170214,6.62,6.84,6.62,6.75,163300
CDC,20170214,42.05,42.18,41.96,42.16,28200
CDEV,20170214,17.94,18.51,17.73,18.41,818600
CDK,20170214,65.32,65.94,65.15,65.88,679900
CDL,20170214,41.15,41.15,40.86,41.04,121900
CDNA,20170214,2.3,2.35,2.3,2.3,13000
CDNS,20170214,29.64,29.94,29.64,29.92,1289600
CDTX,20170214,11.2,11.25,10.9,11.2,34700
CDW,20170214,59.02,59.62,58.91,59.38,867800
CDXC,20170214,2.9,2.94,2.86,2.91,185500
CDXS,20170214,4.25,4.35,4.2,4.35,101900
CDZI,20170214,14.45,14.6,14.3,14.4,93300
CECE,20170214,11.35,11.5,11.03,11.08,666600
CEMI,20170214,5.8,6.1,5.76,6.05,87500
CENT,20170214,33.32,33.71,33.24,33.57,109800
CENTA,20170214,31.42,31.9,31.29,31.76,231700
CENX,20170214,15.85,16.22,15.58,15.96,2079000
CERN,20170214,52.63,54.58,52.62,54.55,4695000
CERS,20170214,4.04,4.14,4.04,4.09,793600
CETX,20170214,48.32,48.48,45.68,46.48,291100
CEVA,20170214,34.95,35,34.38,34.7,105400
CFA,20170214,41.94,42.21,41.94,42.15,19500
CFBK,20170214,13.09,13.475,13.09,13.145,145000
CFFI,20170214,48,48.25,47.97,48,4000
CFFN,20170214,15.2,15.3,15.1,15.2,492200
CFMS,20170214,8.5,8.6,8.48,8.6,327100
CFO,20170214,41.93,42.16,41.92,42.11,32300
CFRX,20170214,17,17.5,17,17,8000
CG,20170214,16.1,16.45,16.05,16.45,1083900
CGEN,20170214,4.65,4.7,4.6,4.65,88300
CGNT,20170214,1.87,1.89,1.85,1.85,24700
CGNX,20170214,34.95,34.995,34.325,34.835,420800
CGO,20170214,11.4,11.49,11.4,11.48,63300
CHCI,20170214,2.07,2.09,2.07,2.09,2400
CHCO,20170214,66,66.65,65.54,66.15,142700
CHDN,20170214,50.2833,50.4667,49.92,50.25,47200
CHEF,20170214,16.65,16.65,16.1,16.2,145200
CHEK,20170214,28.92,28.92,28.32,28.56,48400
CHI,20170214,11.06,11.07,10.97,11.01,334900
CHKP,20170214,100.38,101.47,100.3,100.97,678200
CHMG,20170214,36.99,37.62,36.99,37.02,6400
CHNR,20170214,2.2,2.65,2.16,2.53,206100
CHRS,20170214,22.85,23.5,22.35,23.05,445200
CHRW,20170214,76.97,77.25,76.56,77.2,931100
CHSCL,20170214,28.48,28.7,28.42,28.68,67500
CHSCM,20170214,27.85,27.85,27.3,27.57,41900
CHSCN,20170214,28.19,28.39,28.18,28.29,16500
CHSCO,20170214,29.57,29.76,29.38,29.73,24500
CHSCP,20170214,30.06,30.28,30,30.08,13500
CHTR,20170214,321.91,323.78,320.26,322,1091500
CHUY,20170214,30.8,30.85,29.75,30.15,119300
CHW,20170214,7.64,7.66,7.6,7.66,249900
CHY,20170214,11.39,11.4,11.29,11.33,303500
CIBR,20170214,21.48,21.51,21.32,21.45,192700
CID,20170214,32.6,32.6,32.48,32.6,4700
CIDM,20170214,1.31,1.34,1.23,1.34,285500
CIGI,20170214,39.45,39.45,38.75,39,25100
CIL,20170214,34.2,34.21,34.2,34.21,1000
CINF,20170214,71.84,72.51,71.83,72.39,459200
CIVB,20170214,22.8,23.2,22.75,23.2,61400
CIZ,20170214,29.32,29.53,29.29,29.53,12800
CIZN,20170214,26.38,26.38,26.38,26.38,100
CJJD,20170214,1.94,1.97,1.93,1.95,5300
CLBS,20170214,5.52,5.69,5.38,5.5,83600
CLDX,20170214,51.3,52.5,50.7,52.35,1751200
CLFD,20170214,16.5,16.75,16.25,16.75,80500
CLIR,20170214,3.84,3.84,3.55,3.84,139300
CLLS,20170214,23.16,23.35,22.32,22.56,179400
CLMT,20170214,3.8,3.85,3.75,3.78,310300
CLNE,20170214,2.55,2.63,2.53,2.61,789700
CLRB,20170214,20.5,23.7,19.8,23.4,1351800
CLRO,20170214,11.05,11.2,10.95,10.95,6700
CLSD,20170214,7.52,7.65,7.36,7.58,69800
CLSN,20170214,0.39,0.39,0.32,0.33,3632800
CLVS,20170214,61.85,62.79,61.4,62.6,959200
CLWT,20170214,2.4,2.5333,2.4,2.5333,1800
CMCO,20170214,26.67,27.25,26.55,26.91,115400
CMCSA,20170214,37.8,38.115,37.725,38.045,7738700
CMCT,20170214,15.63,15.63,15.52,15.52,500
CME,20170214,121.44,121.6,120.25,121.01,1208100
CMLS,20170214,1.01,1.06,1,1.05,43600
CMPR,20170214,83.72,84.1,83.65,83.92,162300
CMRX,20170214,5.74,6,5.72,5.98,369200
CMTL,20170214,10.88,11.06,10.75,11.04,174500
CNBKA,20170214,62.06,62.4,62.06,62.15,2000
CNCE,20170214,9.43,9.78,9.01,9.63,65200
CNCR,20170214,22.75,23.13,22.68,23.13,11600
CNET,20170214,1.27,1.36,1.17,1.33,111600
CNFR,20170214,7.2,7.35,7,7,17300
CNOB,20170214,25.05,25.9,25.05,25.8,111400
CNSL,20170214,25.68,25.7,25.33,25.67,273500
CNTY,20170214,6.74,6.75,6.61,6.65,24700
CNXN,20170214,27.07,27.78,27.05,27.69,43700
COGT,20170214,3.65,3.7,3.5,3.65,74100
COHR,20170214,194.25,195.29,189.1,193.98,325500
COHU,20170214,13.5,13.5,13.08,13.26,64200
COKE,20170214,176.4,176.41,174.2,174.28,13900
COLB,20170214,39.72,40.64,39.14,40.45,371900
COLL,20170214,14.87,15.36,14.77,15.15,1409600
COLM,20170214,57.87,59.16,57.79,58.35,451600
COMM,20170214,38.75,39.12,38.63,38.86,967000
COMT,20170214,35.18,35.18,34.87,34.93,7500
CONE,20170214,48.16,48.43,47.5,47.75,559300
CONN,20170214,10.45,11.1,10.25,10.9,400900
COOL,20170214,4.59,5.04,4.59,5.04,78400
CORT,20170214,8.41,8.48,8.18,8.2,378600
COST,20170214,171.66,173.64,171.55,173.63,2245100
COUP,20170214,25.97,26.18,25.83,25.92,92500
COWN,20170214,15.4,15.55,15.3,15.5,196000
COWNL,20170214,26.45,26.83,26.45,26.5,1300
CPAA,20170214,10.48,10.53,10.48,10.53,1900
CPAAU,20170214,10.98,10.99,10.85,10.85,51100
CPAAW,20170214,2.29,2.29,2.29,2.29,0
CPHC,20170214,10.35,10.4,10,10.05,900
CPIX,20170214,6.05,6.29,6.05,6.06,11900
CPLP,20170214,3.45,3.49,3.43,3.46,516100
CPRT,20170214,29.24,29.42,29.205,29.3,312300
CPRX,20170214,1.12,1.14,1.1,1.14,210000
CPSH,20170214,1.68,1.68,1.57,1.57,900
CPSI,20170214,26.4,26.9,26,26.2,126400
CPSS,20170214,4.89,5.01,4.89,4.93,34900
CRAI,20170214,34.93,35.28,34.35,34.53,38500
CRBP,20170214,7.6,8.45,7.4,8.4,1576900
CREG,20170214,17,18.4,16.6,17.5,177400
CRESY,20170214,19.75,19.76,19.27,19.58,55300
CRIS,20170214,12.9,13.3,12.25,13.15,821700
CRMT,20170214,41.25,41.85,40.25,40.4,64600
CRNT,20170214,4.22,4.23,3.95,4.15,1515300
CROX,20170214,7.17,7.35,7.16,7.31,808500
CRSP,20170214,16.46,17.49,16.2,17.26,77700
CRTO,20170214,45.75,46.85,45.71,46.23,657900
CRUS,20170214,53.5,53.78,52.81,53.36,1471500
CRVL,20170214,39.5,39.95,39.2,39.45,30600
CRVS,20170214,13.8,14.18,13.76,13.9,103400
CRWS,20170214,7.35,7.39,7.2,7.25,12800
CSA,20170214,41.77,41.82,41.64,41.77,1200
CSB,20170214,40.83,40.9,40.74,40.9,4800
CSBR,20170214,3.86,3.88,3.26,3.66,214500
CSCO,20170214,31.9,32.31,31.77,32.31,31463500
CSF,20170214,40.6,40.79,40.58,40.79,17700
CSGP,20170214,204.58,206.46,204.4,205.31,114900
CSGS,20170214,39.58,39.59,39.09,39.2,288200
CSII,20170214,27.41,28.45,27.34,28.05,703100
CSIQ,20170214,13.08,13.67,12.87,13.63,1290600
CSOD,20170214,43,43.74,40.63,41.61,2761000
CSPI,20170214,10.2,10.49,10.2,10.39,9800
CSQ,20170214,11,11.05,10.98,11.04,312200
CSTE,20170214,34.75,34.8,33.72,34.7,170000
CSTR,20170214,19.37,19.65,19.33,19.55,32400
CSWC,20170214,16.14,16.15,16.07,16.07,6800
CSWI,20170214,36.7,37.08,36.2,36.25,69700
CSX,20170214,47.63,48.21,47.62,48,6407400
CTAS,20170214,116.56,117.02,116.1,117.02,362300
CTBI,20170214,46.2,46.95,46.1,46.9,26600
CTG,20170214,4.86,4.89,4.74,4.84,24600
CTHR,20170214,1.04,1.13,1.04,1.11,36500
CTIB,20170214,5.76,5.76,5.76,5.76,400
CTIC,20170214,4.67,4.9,4.64,4.9,147800
CTMX,20170214,11.51,11.64,11.38,11.58,38300
CTRE,20170214,15.4,15.42,15.12,15.34,356300
CTRN,20170214,17.9,18.33,17.76,18.33,86800
CTSH,20170214,57.29,57.69,57.18,57.36,10115400
CTSO,20170214,5.53,5.6,5.5,5.6,32300
CTXS,20170214,78.6,79.36,78.05,78.93,2234800
CUBA,20170214,6.74,6.77,6.67,6.74,5200
CUTR,20170214,20.4,22.96,19.75,21,395500
CVBF,20170214,23.04,23.45,22.92,23.4,446500
CVCO,20170214,113.5,113.5,111.75,112.6,23200
CVCY,20170214,21.5,21.82,21.26,21.32,62500
CVGI,20170214,6.37,6.41,6.2,6.25,62700
CVGW,20170214,56.8,58.15,56.55,57.85,106600
CVLT,20170214,50.75,51,50.25,50.8,187100
CVLY,20170214,26.88,27.09,26.55,26.93,8500
CVV,20170214,10.09,10.28,10,10.23,7300
CWBC,20170214,10.24,10.26,10.2,10.24,4700
CWCO,20170214,10.35,10.65,10.3,10.5,72800
CWST,20170214,11.55,11.64,11.33,11.36,145100
CXDC,20170214,4,4.05,3.95,4,30300
CXSE,20170214,27.185,27.185,27.185,27.185,100
CYAD,20170214,19.57,19.57,19.57,19.57,200
CYAN,20170214,4,4.15,3.95,3.95,600
CYBE,20170214,37.75,38.2,37.25,37.7,63300
CYBR,20170214,53.28,55.08,53.28,54.32,1072700
CYCC,20170214,100.2,110,100,104.2,93200
CYCCP,20170214,6.66,6.67,6.64,6.64,1000
CYRN,20170214,2.15,2.25,2.13,2.25,26100
CYRX,20170214,3.29,3.32,3.19,3.28,10400
CYTK,20170214,11.4,11.4,10.95,11.35,196200
CZNC,20170214,24.33,24.69,23.75,24.49,25900
CZR,20170214,8.75,8.85,8.65,8.8,721100
CZWI,20170214,12.75,12.85,12.55,12.81,7500
DAIO,20170214,4.76,4.76,4.55,4.65,57500
DAKT,20170214,9.93,10.08,9.88,10.04,115100
DAX,20170214,25.97,25.97,25.97,25.97,800
DBVT,20170214,33.67,34.61,33.58,34.5,53800
DCOM,20170214,21.5,21.75,21.25,21.65,213500
DCTH,20170214,0.21,0.22,0.2,0.21,3402500
DENN,20170214,12.3,12.39,12.23,12.3,269000
DFFN,20170214,69.75,69.75,57,62.1,160500
DGICA,20170214,17.08,17.08,16.66,16.91,18600
DGICB,20170214,15.75,15.75,15.75,15.75,0
DGII,20170214,12.8,12.95,12.55,12.7,48400
DGLY,20170214,4.7,4.73,4.45,4.6,141400
DGRE,20170214,22.55,22.74,22.54,22.74,19300
DGRS,20170214,33.82,33.88,33.67,33.84,57000
DGRW,20170214,34.65,34.8,34.57,34.79,244000
DHIL,20170214,205.67,206.58,204.29,204.29,3900
DIOD,20170214,24.16,24.32,24.07,24.13,201200
DISCA,20170214,28.75,28.93,27.66,28.53,7141200
DISCB,20170214,29.15,29.15,29.15,29.15,0
DISCK,20170214,27.99,28.15,26.73,27.89,2090500
DISH,20170214,61.59,62.25,61.4,61.95,2825200
DJCO,20170214,205,212.95,205,212,3300
DLHC,20170214,5.62,5.64,5.38,5.41,6400
DLTH,20170214,23.16,23.2,22.77,22.87,72700
DLTR,20170214,77.5,79.9,77.5,79.8,2741900
DMLP,20170214,16.15,16.2,16.05,16.1,32400
DMRC,20170214,25.15,25.15,24.65,25,30100
DORM,20170214,71.09,71.99,70.39,71.84,145600
DOX,20170214,59.21,59.3,58.93,59.22,385200
DRIO,20170214,3.9,3.95,3.9,3.92,17500
DRNA,20170214,2.7,2.82,2.69,2.82,147100
DRRX,20170214,1.03,1.05,1,1.02,206400
DSGX,20170214,22,22,21.75,21.85,110400
DSPG,20170214,10.2,10.35,10.07,10.2,183300
DSWL,20170214,1.84,1.84,1.82,1.84,3700
DTEA,20170214,6.75,6.9,6.7,6.85,30600
DVAX,20170214,4,4.1,3.95,4.05,665200
DWAC,20170214,25.35,25.5,25.35,25.36,800
DWAS,20170214,41.24,41.71,41.24,41.69,21900
DWAT,20170214,10.75,10.82,10.75,10.82,400
DWSN,20170214,7.86,7.96,7.7,7.85,55300
DXCM,20170214,80.5,81.36,79.55,81.06,1063400
DXGE,20170214,29.32,29.37,29.28,29.37,13000
DXJS,20170214,37.51,37.92,37.51,37.89,39000
DXLG,20170214,3.25,3.25,3.05,3.15,127400
DXPE,20170214,37.38,38.1,37.26,37.88,133100
DXYN,20170214,3.55,3.65,3.55,3.6,3900
DYNT,20170214,2.65,2.75,2.55,2.55,43900
DZSI,20170214,4.7,5,4.7,4.9,113500
EA,20170214,85.8,86.45,85.22,86.06,3046900
EBAY,20170214,33.61,33.96,33.57,33.63,7616300
EBIX,20170214,57.6,57.8,57.05,57.7,109500
EBMT,20170214,20.75,21,20.53,20.8,9400
EBSB,20170214,19.4,19.6,19.3,19.45,96100
EBTC,20170214,33.32,33.93,32.92,33.82,13500
ECHO,20170214,23.65,23.65,23,23.65,395500
ECOL,20170214,52.95,53.22,52.4,52.5,98000
ECPG,20170214,33.3,33.75,32.9,33.5,294300
EDAP,20170214,3.11,3.12,3.07,3.07,47700
EDIT,20170214,18.5,18.95,18.11,18.86,213200
EDUC,20170214,3.75,3.945,3.675,3.9,14400
EEFT,20170214,79.28,79.8,79.28,79.76,432000
EEMA,20170214,58,58,57.47,57.83,7800
EFAS,20170214,16.12,16.12,16.12,16.12,0
EFOI,20170214,23.25,23.35,21.75,21.9,62200
EFSC,20170214,43.65,44.8,43,44.65,115500
EGAN,20170214,2.1,2.1,2,2.05,14200
EGBN,20170214,61.9,62.83,61.72,62.7,168400
EGLE,20170214,38.92,39.48,38.01,38.5,634900
EGRX,20170214,70.01,71.99,69.9,71.65,171300
EHTH,20170214,11.18,11.51,11.1,11.42,77700
EIGR,20170214,11.35,11.45,11.05,11.25,8500
EKSO,20170214,60.75,61.2,60,60.3,42900
ELSE,20170214,4.3,4.3,4.3,4.3,0
ELTK,20170214,0.81,0.81,0.81,0.81,100
EMCB,20170214,71.35,71.6,71.21,71.27,18800
EMCF,20170214,26.5,26.5,26.5,26.5,0
EMIF,20170214,29.87,30.15,29.82,30.05,12300
EMKR,20170214,9.75,10.4,9.6,10.25,1001300
EML,20170214,19.35,19.5,19.35,19.35,3300
ENDP,20170214,12.09,12.88,12.06,12.65,7277000
ENG,20170214,2.85,2.95,2.79,2.89,90500
ENPH,20170214,1.52,1.53,1.47,1.5,772000
ENSG,20170214,17.24,18.11,17.24,17.98,677800
ENTA,20170214,29.79,30.03,29.05,29.33,339900
ENTG,20170214,21.35,21.65,21.14,21.6,1093900
ENZL,20170214,43.17,43.26,43,43.26,160200
EPAY,20170214,25.89,26.11,25.79,26.08,207600
EPIX,20170214,44.8,47,44.2,47,2700
EPZM,20170214,11.95,12.15,11.85,12.05,200700
EQBK,20170214,33.81,34.39,33.77,33.85,28900
EQIX,20170214,386.9,386.9,380.14,382.64,329600
ERIC,20170214,5.73,5.78,5.73,5.78,2590400
ERIE,20170214,113.45,114.64,112.62,113.23,23300
ERII,20170214,9.68,9.72,9.55,9.61,212200
ESBK,20170214,21.2,21.35,21.2,21.35,1300
ESCA,20170214,13.2,13.2,12.85,13.1,19900
ESEA,20170214,15.04,15.04,14,14.16,510600
ESGD,20170214,58,58.16,58,58.16,800
ESGE,20170214,29.8,29.8,29.725,29.745,2600
ESGR,20170214,191.15,192.55,189.05,192.55,21200
ESGU,20170214,50.5,50.5,50.5,50.5,0
ESLT,20170214,117.5,118.67,116.76,117.74,46000
ESPR,20170214,20.03,20.96,19.94,20.79,362500
ESSA,20170214,16.38,16.45,15.96,16.12,16600
ESXB,20170214,8.15,8.15,8.06,8.1,28700
ETSY,20170214,12.7,12.97,12.51,12.86,711900
EUFN,20170214,19.56,19.68,19.51,19.68,420700
EVBG,20170214,19.37,19.63,19.03,19.3,114500
EVGBC,20170214,100.03,100.03,100.03,100.03,100
EVGN,20170214,5.34,5.34,5.27,5.28,2600
EVK,20170214,2.4,2.4,2.4,2.4,0
EVLMC,20170214,100.06,100.06,100.06,100.06,4100
EVLV,20170214,1.4,1.43,1.36,1.37,40600
EVOK,20170214,2.59,2.69,2.56,2.61,107400
EVOL,20170214,4.35,4.4,4.3,4.35,27700
EVSTC,20170214,100,100,100,100,5100
EWBC,20170214,53.03,54.23,52.59,54.1,1019500
EWZS,20170214,14,14.12,13.77,14.12,82600
EXAS,20170214,18.57,18.98,18.5,18.9,2015000
EXEL,20170214,21.35,22.13,21.15,22.02,4797700
EXLS,20170214,46.15,46.8,46.06,46.63,147600
EXPD,20170214,54.81,55.71,54.81,55.21,1659900
EXPE,20170214,119.17,120.1,118.82,119.67,2930200
EXPO,20170214,28.75,29,28.675,28.875,83700
EXTR,20170214,5.75,6.01,5.75,6,1313400
EYEG,20170214,24.75,25.05,24,24.75,50200
EYES,20170214,15.12,15.44,14.4,14.48,598100
EZPW,20170214,9.15,9.2,9,9.1,231400
FAAR,20170214,28.94,29.09,28.93,29.03,6100
FAB,20170214,52.02,52.33,51.98,52.24,3800
FAD,20170214,55.22,55.45,55.19,55.44,9100
FALN,20170214,27.31,27.41,27.31,27.4,11900
FANG,20170214,104.41,107.99,102.8,107.68,1964700
FANH,20170214,9.05,9.2,8.71,8.98,28500
FARM,20170214,32.35,33.2,32.2,33.1,82500
FARO,20170214,37.5,38.4,37.2,37.85,103300
FAST,20170214,24.985,25.255,24.93,25.195,1210800
FATE,20170214,3.01,3.29,2.99,3.18,441700
FB,20170214,134.1,134.23,132.55,133.85,14364800
FBIO,20170214,2.72,2.78,2.58,2.67,124100
FBIZ,20170214,24.71,25.34,24.71,25.21,8900
FBMS,20170214,29.45,29.45,27.59,29,800
FBNC,20170214,30.3,30.66,30.27,30.54,72400
FBZ,20170214,16.48,16.53,16.12,16.44,18500
FCA,20170214,20.85,20.85,20.85,20.85,0
FCAP,20170214,32.01,32.01,32.01,32.01,200
FCBC,20170214,27.55,27.76,27.3,27.65,15700
FCCO,20170214,21.2,21.35,21.2,21.35,4800
FCCY,20170214,18.85,18.95,18.6,18.9,12300
FCEF,20170214,20.88,20.9,20.85,20.9,6300
FCEL,20170214,21,21.6,19.2,19.8,1285700
FCNCA,20170214,369.98,369.98,363.52,366.97,14700
FCVT,20170214,26.92,26.98,26.91,26.93,1900
FDIV,20170214,50.96,51.14,50.96,51.14,2000
FDT,20170214,50.71,50.79,50.49,50.71,13600
FDTS,20170214,35.56,35.7,35.56,35.7,900
FDUS,20170214,16.25,16.46,16.17,16.37,95100
FEIM,20170214,11,11.2,10.65,11.2,1300
FELE,20170214,40.8,40.95,40.4,40.85,135500
FEM,20170214,23.06,23.06,22.8,23.04,48500
FEMB,20170214,41.62,41.66,41.6,41.6,2500
FEMS,20170214,34.67,34.97,34.43,34.97,90300
FEP,20170214,30.82,30.84,30.69,30.81,123900
FEUZ,20170214,34.11,34.11,34.11,34.11,0
FEX,20170214,51.15,51.32,51.03,51.31,159000
FFBC,20170214,28.2,28.5,27.9,28.4,171200
FFHL,20170214,3.18,3.32,3.18,3.32,2500
FFIC,20170214,28.57,28.57,27.76,28.53,50100
FFIN,20170214,21.075,21.675,21.05,21.6,169400
FFIV,20170214,140.43,141.22,140.18,141.1,580600
FFNW,20170214,19.66,20.33,19.66,20.28,92400
FFWM,20170214,16.3,16.62,16.02,16.45,115400
FGBI,20170214,24.93,25.25,24.8,25,7000
FGEN,20170214,24.15,24.4,23.6,24.25,317100
FGM,20170214,38.06,38.06,37.88,37.95,19700
FHB,20170214,31.99,32.42,31.89,32.35,824700
FIBK,20170214,41.6,41.92,41.3,41.65,248900
FINX,20170214,15.75,15.83,15.74,15.83,3200
FISI,20170214,34,34.15,33.6,33.8,56100
FISV,20170214,54.78,55.18,54.74,55.07,859800
FITB,20170214,26.7,27.58,26.64,27.55,6563700
FITBI,20170214,28.96,28.99,28.57,28.92,155600
FIVE,20170214,39.23,39.91,38.48,39.58,1000600
FIVN,20170214,16.33,16.47,16.16,16.33,184900
FIZZ,20170214,57.12,57.22,56.38,57.07,166100
FJP,20170214,49.87,50.09,49.81,50.09,3100
FKU,20170214,34.06,34.14,34.02,34.13,7100
FLDM,20170214,6.15,6.79,6.14,6.73,166700
FLEX,20170214,16,16.34,15.95,16.27,5380900
FLGT,20170214,11.62,11.8,11.62,11.79,11600
FLIC,20170214,27.65,28.15,27.55,28.1,49000
FLL,20170214,2.51,2.52,2.47,2.5,81100
FLN,20170214,21.82,21.82,21.35,21.72,37000
FLWS,20170214,10,10.3,9.98,10.25,228800
FLXN,20170214,18.3,18.86,18.1,18.79,176600
FLXS,20170214,50.1,51.66,50.1,51.15,31500
FMB,20170214,51.47,51.55,51.38,51.49,29800
FMBH,20170214,32.99,33,31.82,32.92,10500
FMBI,20170214,24.39,24.75,24.3,24.69,955800
FMNB,20170214,13.75,13.95,13.75,13.9,56900
FNHC,20170214,19.65,20.08,19.44,19.96,43000
FNK,20170214,33.95,34.06,33.94,34.03,18300
FNLC,20170214,27.1,27.9,27.02,27.67,14700
FNWB,20170214,16.06,16.06,15.77,15.84,13700
FNX,20170214,58.67,58.94,58.43,58.94,52800
FNY,20170214,33.12,33.21,32.93,33.2,37300
FOLD,20170214,6.05,6.22,6.01,6.18,1541900
FONR,20170214,19.02,19.05,18.8,18.9,10300
FORD,20170214,1.22,1.23,1.14,1.15,114900
FORM,20170214,11.95,12.1,11.8,11.95,530400
FORR,20170214,36.2,37.4,36.15,37.2,58900
FORTY,20170214,39.37,39.37,39.32,39.32,1000
FOSL,20170214,22.86,23.49,22.8,22.87,4555700
FOX,20170214,29.5,30.08,29.35,30.02,2676200
FOXA,20170214,29.74,30.4,29.57,30.3,9255700
FOXF,20170214,27.3,27.7,27.3,27.65,119000
FPA,20170214,30.02,30.02,29.81,29.83,5100
FPAY,20170214,4.88,4.88,4.88,4.88,100
FPXI,20170214,27.5,27.56,27.45,27.56,1200
FRBA,20170214,13.35,13.8,13.3,13.5,29500
FRBK,20170214,8.05,8.05,7.95,8.05,95100
FRGI,20170214,28.1,28.6,28.05,28.45,192600
FRME,20170214,40.76,41.41,40.58,41.31,160700
FRPH,20170214,41.05,41.53,40.65,40.95,13200
FRPT,20170214,11.55,11.55,10.95,11.3,96100
FRSH,20170214,4.31,4.59,4.31,4.32,180000
FRTA,20170214,19,19.17,18.85,18.92,186300
FSBC,20170214,14.35,14.35,14.34,14.35,7400
FSBW,20170214,38.4,38.85,38,38.04,5400
FSFG,20170214,47.85,47.89,47.45,47.8,7900
FSLR,20170214,33.25,33.96,32.79,33.92,1605400
FSTR,20170214,14.15,14.6,14.05,14.1,20500
FSV,20170214,54.58,56.01,54.58,55.66,148800
FSZ,20170214,42.91,43.02,42.87,43.02,9600
FTA,20170214,48.96,49.2,48.88,49.17,50700
FTAG,20170214,24.28,24.28,24.28,24.28,0
FTC,20170214,51.72,51.87,51.61,51.82,39300
FTCS,20170214,42.76,42.79,42.55,42.77,34900
FTEK,20170214,1.24,1.25,1.21,1.22,46600
FTGC,20170214,20.8,20.84,20.69,20.79,43700
FTHI,20170214,21.55,21.57,21.52,21.54,2500
FTLB,20170214,21.36,22,21.25,21.25,3700
FTNT,20170214,37.7,37.96,37.41,37.77,2861500
FTRI,20170214,11.52,11.62,11.49,11.59,9900
FTSL,20170214,48.5,48.52,48.49,48.52,165200
FTSM,20170214,60,60,59.95,59.98,93300
FTXD,20170214,19.74,19.74,19.74,19.74,200
FTXG,20170214,20.34,20.34,20.34,20.34,300
FTXH,20170214,19.3,19.3,19.3,19.3,300
FTXL,20170214,24.3,24.36,24.18,24.36,4200
FTXN,20170214,21.65,21.65,21.65,21.65,1100
FTXO,20170214,26.92,27.45,26.92,27.41,19300
FTXR,20170214,23.44,23.44,23.44,23.44,0
FULT,20170214,18.55,18.95,18.4,18.85,821200
FUNC,20170214,15.3,15.62,15,15.35,18700
FUND,20170214,7.55,7.63,7.55,7.62,43300
FUSB,20170214,13.41,14.7,13.28,14.57,47700
FV,20170214,24.2,24.2,24.04,24.19,583300
FVC,20170214,22.55,22.55,22.4,22.54,32400
FVE,20170214,2.4,2.55,2.4,2.5,84600
FWONA,20170214,31.01,31.4,30.32,30.98,472600
FWONK,20170214,31.5,32.24,30.61,31.24,433100
FWP,20170214,31,31.24,30.5,30.99,62300
FWRD,20170214,49.78,50.03,49.71,49.83,100500
FYC,20170214,36.12,36.24,36.09,36.23,30600
FYT,20170214,34.86,35.04,34.73,35,34100
FYX,20170214,54.82,55.15,54.68,55.07,108900
GABC,20170214,32.26,32.7067,32.2467,32.6333,17300
GAIA,20170214,8.7,8.7,8.3,8.6,22500
GAIN,20170214,9.18,9.28,9.11,9.15,150800
GAINN,20170214,25.65,25.65,25.5,25.6,1600
GALT,20170214,1.28,1.85,1.27,1.8,2753300
GASS,20170214,4.18,4.2,4.1,4.17,17400
GBCI,20170214,35.64,36.49,35.41,36.43,491900
GBDC,20170214,18.61,18.71,18.45,18.52,194800
GBLI,20170214,38.85,39.14,38.54,38.91,6400
GBT,20170214,20.8,22.55,20.25,22.4,1168200
GCBC,20170214,23,23.4,22.85,22.85,4100
GDEN,20170214,12.66,12.74,12.02,12.14,88900
GDS,20170214,8.26,8.4,8.24,8.38,8300
GECC,20170214,11.25,11.35,11.05,11.25,17900
GENC,20170214,14.85,15.05,14.75,15,49800
GENE,20170214,4.6,4.64,4.52,4.64,102800
GENY,20170214,25.88,25.88,25.88,25.88,100
GEOS,20170214,20.23,20.23,19.09,19.26,67800
GERN,20170214,2.35,2.45,2.2,2.42,4256500
GEVO,20170214,34.2,34.2,31,31.8,5168300
GFED,20170214,20.35,20.35,20.35,20.35,0
GGAL,20170214,34.49,35.14,34.43,34.7,211800
GIFI,20170214,13.15,13.35,13.1,13.3,35200
GIGM,20170214,3,3.07,2.93,2.96,18800
GIII,20170214,25.49,26.47,25.46,25.95,474800
GILD,20170214,68.6,68.67,67.33,67.55,14972600
GILT,20170214,5.55,5.67,4.97,5.18,491200
GLAD,20170214,9.49,9.49,9.31,9.43,206300
GLBL,20170214,4.7,4.7,4.65,4.7,350700
GLBS,20170214,7500,7590,7200,7450,170900
GLBZ,20170214,12.17,12.17,12.17,12.17,400
GLDD,20170214,5,5.05,4.9,4.95,319800
GLDI,20170214,9.5,9.5,9.4,9.45,63900
GLMD,20170214,4.65,4.69,3.92,4.15,73400
GLNG,20170214,26.7,28.15,26.7,28.03,7439100
GLPG,20170214,68.11,68.45,67.26,68.08,38700
GLPI,20170214,31.52,31.54,31.13,31.51,399300
GLRE,20170214,22.55,23.1,22.5,23.05,209300
GLYC,20170214,6.06,6.76,6.06,6.59,41500
GNCA,20170214,36,36.72,35.92,36.4,83300
GNMA,20170214,49.8,49.8,49.55,49.63,59400
GNTX,20170214,20.57,20.62,20.46,20.6,1193400
GNUS,20170214,4.74,4.74,4.6,4.63,6300
GOGL,20170214,5.68,6.41,5.59,6.02,1764500
GOGO,20170214,8.96,9.26,8.93,9.24,607700
GOOD,20170214,20.23,20.23,19.86,20.17,119800
GOODO,20170214,25.26,25.27,25.18,25.25,9300
GOOG,20170214,819,823,816,820.45,1054700
GOOGL,20170214,839.77,842,835.83,840.03,1363300
GPAC,20170214,10.01,10.1,10.01,10.1,4200
GPACW,20170214,0.5,0.5,0.5,0.5,0
GPP,20170214,19.65,19.75,19.45,19.75,44600
GPRE,20170214,24.75,24.75,23.8,24,737200
GPRO,20170214,9.08,9.26,9.03,9.17,3223300
GRBK,20170214,9.55,9.55,9.43,9.45,31700
GRFS,20170214,17.21,17.5,17.21,17.47,646500
GRID,20170214,41,41.54,41,41.52,2500
GRMN,20170214,50.32,50.45,50.01,50.25,772300
GROW,20170214,1.86,1.86,1.81,1.83,15700
GRPN,20170214,71.2,76.8,71.2,75.6,21159300
GRVY,20170214,10.375,10.75,10.215,10.42,7700
GSBC,20170214,49.5,50.6,49.25,50.5,23800
GSIT,20170214,5.72,5.78,5.67,5.69,30300
GSM,20170214,11.66,11.81,11.51,11.68,498600
GT,20170214,35.81,36.42,35.59,35.76,5830300
GTIM,20170214,3.15,3.15,3.1,3.15,13300
GTYH,20170214,9.9,9.9,9.9,9.9,0
GURE,20170214,10.1,10.4,10,10.15,53400
GWGH,20170214,8.49,8.49,8.49,8.49,600
GWRS,20170214,8.55,8.62,8.5,8.52,8300
GYRO,20170214,19.11,19.11,19.11,19.11,300
HA,20170214,51.6,51.6,50.52,51.1,691500
HAFC,20170214,33.3,33.9,33.15,33.8,126900
HAIN,20170214,34.44,35.75,34,35.16,3123500
HALL,20170214,11.12,11.39,11.02,11.29,17900
HALO,20170214,12.27,12.61,12.05,12.6,1017100
HAS,20170214,98.36,98.58,97.54,97.8,1978600
HAYN,20170214,43.19,43.19,41.23,41.76,80600
HBAN,20170214,13.83,14.14,13.73,14.12,10105400
HBANN,20170214,25.2,25.2,25.06,25.16,2300
HBANP,20170214,1386.35,1388.43,1385,1386.42,100
HBCP,20170214,35.45,35.9,35.39,35.7,6300
HBIO,20170214,3,3.2,2.9,3.15,52800
HBMD,20170214,18.34,18.4,18.05,18.15,39300
HBNC,20170214,17.2867,17.4933,17.1133,17.42,41100
HBP,20170214,6.73,6.77,6.62,6.72,35800
HCCI,20170214,15.3,15.5,14.69,15.45,26200
HCKT,20170214,16.11,16.36,16.03,16.24,291300
HCM,20170214,13.5,13.64,13.44,13.53,27400
HCSG,20170214,41.06,41.15,40.61,41.14,304200
HDSN,20170214,7.67,7.76,7.56,7.72,174000
HEAR,20170214,4.4,4.44,4.36,4.44,117800
HEES,20170214,24.19,24.56,23.89,24.52,252500
HELE,20170214,94.75,96.6,94.5,96.35,155700
HFBL,20170214,28,28,28,28,0
HFWA,20170214,25.42,25.65,25.3,25.45,65200
HGSH,20170214,3.38,3.42,3.38,3.4,2000
HIBB,20170214,28.6,29.9,28.55,29.35,3807400
HIFS,20170214,187.79,189.13,186.31,188.05,2500
HIHO,20170214,3.6,3.6,3.55,3.55,5600
HIMX,20170214,5.42,6.07,5.35,6.05,11791200
HLG,20170214,8.4,8.4,8.4,8.4,600
HLIT,20170214,5.55,5.75,5.32,5.75,607100
HMHC,20170214,10.05,10.15,9.95,10.1,1383000
HMNF,20170214,18.5,18.5,18.5,18.5,0
HMST,20170214,26.2,26.8,26.13,26.35,343000
HMTV,20170214,11.3,11.6,11.3,11.55,19600
HNNA,20170214,17.8867,18.5533,17.8867,18.46,8000
HNRG,20170214,9.36,9.6,9.2,9.5,73600
HOFT,20170214,31.9,32.45,31.9,32.3,27900
HOLI,20170214,17.9,17.9,17.61,17.74,398700
HOLX,20170214,38.25,39.12,37.76,39.03,7092000
HOMB,20170214,27.56,28,27.35,27.98,404500
HONE,20170214,10.7584,10.8086,10.6303,10.7139,35400
HOPE,20170214,21.34,21.72,21.11,21.54,334100
HOVNP,20170214,7.69,7.96,7.69,7.96,3600
HQY,20170214,43.49,44.24,43.4,44.18,398100
HRTX,20170214,13.8,13.95,13.65,13.95,550700
HRZN,20170214,11.62,11.75,11.62,11.67,61000
HSIC,20170214,165.25,167.12,165.12,166.65,479900
HSII,20170214,22.15,22.15,21.9,22,32600
HSKA,20170214,83.51,83.85,82.16,82.47,35500
HSON,20170214,12.3,12.7,12.2,12.5,36100
HSTM,20170214,22.27,22.65,22.16,22.58,114200
HTBI,20170214,25.65,26,25.52,25.85,58500
HTBK,20170214,13.9,14.19,13.6,14.14,102800
HTBX,20170214,9.3,9.5,9.2,9.3,223500
HTGM,20170214,1.93,2.04,1.85,1.92,26400
HTHT,20170214,13.59,13.6,13.3925,13.4525,226300
HTLD,20170214,20.81,20.84,20.24,20.37,507900
HTLF,20170214,46.6,47.5,46.2,47.4,85800
HUBG,20170214,49.45,50.35,49.3,50,154700
HURC,20170214,28.75,28.75,28.2,28.45,8300
HURN,20170214,46.15,47,45.8,46.65,136000
HVBC,20170214,13.98,14,13.9,13.91,13100
HWBK,20170214,19.35,19.65,19.29,19.65,2500
HWKN,20170214,50.85,51.15,49.7,50.7,28500
HYLS,20170214,48.75,48.83,48.75,48.82,327300
HYZD,20170214,24.19,24.19,24,24.07,31100
HZNP,20170214,16.46,16.96,16.4,16.78,2886600
IAC,20170214,76.53,77,75.77,76,2485500
IART,20170214,42.67,43.38,42.51,43.28,499300
IBB,20170214,286.38,290,285.42,289.8,1457100
IBCP,20170214,21.16,21.4,21.05,21.3,44100
IBKR,20170214,38.5,38.88,38.46,38.88,194600
IBOC,20170214,37.6,38.45,37.55,38.3,161900
IBTX,20170214,65.2,66.3,64.55,66,103500
ICAD,20170214,3.94,4.04,3.94,3.95,7500
ICBK,20170214,27.91,28,27.83,27.93,3700
ICCC,20170214,5.82,5.83,5.69,5.76,2300
ICFI,20170214,50.4,51.4,50.2,51.15,232800
ICHR,20170214,16.41,17.1,16.4,16.8,298600
ICLN,20170214,8.56,8.65,8.54,8.65,37900
ICLR,20170214,84.73,87.27,84.54,86.42,624600
ICPT,20170214,122.93,127.83,120.98,126.96,544600
ICUI,20170214,145.55,147.35,145.3,146.25,152400
IDCC,20170214,99.7,101.7,99.35,101.25,417600
IDLB,20170214,25.49,25.68,25.48,25.68,4000
IDRA,20170214,12.64,12.88,12.48,12.64,470200
IDXX,20170214,141.11,142,140.63,141.6,682700
IEP,20170214,56.67,57,56.05,56.46,61500
IESC,20170214,20.3,20.85,19.7,20.5,60400
IEUS,20170214,46.18,46.26,46.14,46.26,3100
IFGL,20170214,27.22,27.35,27.17,27.33,2235400
IFMK,20170214,12.08,12.28,11.88,12.23,13900
IFV,20170214,19.05,19.1,18.88,19.1,245400
IGF,20170214,40.52,40.58,40.12,40.34,229100
IGOV,20170214,90.33,90.33,89.54,89.81,65300
III,20170214,3.27,3.31,3.19,3.22,44600
IIN,20170214,7.4,7.4,7.4,7.4,1000
IIVI,20170214,39.1,39.65,38.9,39.45,338200
IKNX,20170214,10.5,10.5,10.5,10.5,500
ILMN,20170214,164.21,165.69,163.15,164.46,765700
IMGN,20170214,2.35,2.45,2.31,2.45,725300
IMKTA,20170214,46.1,46.8,46.1,46.6,29100
IMMR,20170214,10.55,10.79,10.46,10.66,252900
IMOS,20170214,15.62,15.65,15.38,15.41,143900
INBK,20170214,31.1,31.2,30.75,30.9,25300
INCR,20170214,53.3,54.35,53.1,54.15,502100
INCY,20170214,119.94,125.49,119.62,123.32,1869400
INDB,20170214,62.25,63,61.85,62.5,106000
INDY,20170214,30.16,30.22,30.02,30.19,56100
INFI,20170214,2.54,2.61,2.46,2.58,863800
INFN,20170214,11.98,12.38,11.87,12.33,5204800
INFR,20170214,26.24,26.24,26.24,26.24,0
INGN,20170214,67.45,69.04,67.03,68.39,97200
INO,20170214,6.79,6.94,6.69,6.86,690700
INOD,20170214,2.25,2.25,2.15,2.25,35200
INOV,20170214,11.25,11.65,11.15,11.6,630900
INSE,20170214,8.6,8.95,8.4,8.95,1000
INSG,20170214,2.82,3.08,2.82,3.05,113900
INSM,20170214,15.44,15.63,15.22,15.57,387000
INTC,20170214,35.84,35.96,35.53,35.93,25734800
INTG,20170214,28.2,28.7,28.1,28.1,2600
INTU,20170214,118.16,118.87,117.54,118.84,1475100
INVA,20170214,11.5,11.88,11.5,11.8,984200
INVE,20170214,4.7,5.82,4.7,5.68,279900
IONS,20170214,47.26,47.26,45.58,46.99,1004300
IOSP,20170214,68.95,70.2,68.05,70.05,135700
IPAR,20170214,34.15,34.9,34.05,34.8,56100
IPDN,20170214,9.51,10.42,9.19,9.51,113400
IPGP,20170214,116.08,120.11,111.51,117.02,633900
IPKW,20170214,30.56,30.56,30.3,30.46,22000
IPWR,20170214,21.8,24.4,21.2,23.4,28900
IRBT,20170214,54.38,55.39,54.38,54.87,371400
IRCP,20170214,44,44,44,44,0
IRDM,20170214,9.7,9.95,9.6,9.8,2426700
IRIX,20170214,14.52,14.58,14.32,14.56,15100
IRMD,20170214,8.6,9.27,8.6,9.05,56400
IROQ,20170214,19.94,19.94,19.94,19.94,300
IRTC,20170214,36.96,37.06,36.04,36.09,110900
IRWD,20170214,16.34,16.82,16.15,16.77,1079100
ISBC,20170214,14.65,14.82,14.53,14.8,1937700
ISHG,20170214,77.63,77.86,77.28,77.77,2900
ISIG,20170214,1.51,1.51,1.44,1.5,19300
ISLE,20170214,24.21,24.44,24.01,24.16,125700
ISRG,20170214,712.42,718,710.25,714.92,308300
ISSC,20170214,3.15,3.25,3.09,3.1,58100
ISTR,20170214,19.95,20.05,19.95,20,1400
ITCI,20170214,13.2,13.73,13.19,13.63,600600
ITI,20170214,4.99,5.2,4.95,5.2,94100
ITIC,20170214,133.7,134.54,133,133.52,3100
ITRI,20170214,63.95,64.2,62.95,63.05,154500
ITRN,20170214,28.05,28.45,28,28.3,45400
IVAC,20170214,10.95,11.4,10.8,11.2,375200
IXUS,20170214,53.43,53.5,53.14,53.5,244700
IZEA,20170214,4.89,5.09,4.79,5.09,24000
JACK,20170214,109.08,109.88,108.4,109.38,410800
JAGX,20170214,966,987,882,913.5,423100
JAKK,20170214,53,53.8,51,51.5,199000
JAZZ,20170214,131.21,134.11,130.98,133.78,614500
JBHT,20170214,100.38,100.74,99.42,99.5,557200
JBLU,20170214,19.77,19.78,19.41,19.66,3713500
JBSS,20170214,62.74,63.39,61.74,63.35,76500
JCS,20170214,4.62,4.7,4.58,4.7,6900
JCTCF,20170214,6.25,6.3,6.25,6.295,3000
JD,20170214,29.48,29.74,29.28,29.43,3330700
JJSF,20170214,127.6,127.71,125.84,127.26,64700
JKHY,20170214,91.12,91.53,90.8,91.05,191700
JNCE,20170214,21.81,22.82,21.52,22.2,184200
JOBS,20170214,35.37,35.63,34.01,34.27,157100
JOUT,20170214,33.65,34.6,33.46,33.7,37300
JRJC,20170214,30.2,31.1,30.2,30.3,28900
JRVR,20170214,41.55,42.47,41.16,42.17,94500
JSM,20170214,23,23.45,22.99,23.41,29500
JSMD,20170214,32.4,32.4,32.18,32.31,2700
JSML,20170214,30.97,30.97,30.97,30.97,0
JVA,20170214,4.54,4.67,4.38,4.51,65300
JYNT,20170214,4.09,4.09,3.85,4,30300
KALU,20170214,83.81,84.24,81.55,82.81,147100
KALV,20170214,7,7.86,7,7.46,148200
KBAL,20170214,16.58,16.89,16.53,16.64,89600
KBSF,20170214,9.37,9.53,7.35,8.08,371200
KBWB,20170214,48.57,49.51,48.48,49.44,291900
KBWD,20170214,24.49,24.49,24.3,24.43,81800
KBWP,20170214,57.6,57.6,56.8,57.11,26300
KBWR,20170214,55.99,57,55.86,56.93,26500
KBWY,20170214,38.51,38.51,37.85,38.32,63000
KE,20170214,16.7,16.7,16.2,16.3,109600
KELYA,20170214,21.59,21.74,21.43,21.68,76700
KELYB,20170214,21.5,21.5,21.5,21.5,100
KEQU,20170214,25.45,25.45,25.45,25.45,100
KFFB,20170214,9.89,10,9.89,10,6700
KFRC,20170214,24.55,24.9,24.55,24.7,133300
KHC,20170214,90.57,91.06,90.1,90.81,2323200
KINS,20170214,12.15,12.3,12,12.25,52000
KIRK,20170214,11.52,11.57,11.42,11.51,96200
KLAC,20170214,87.16,87.29,86.36,86.99,1408800
KLIC,20170214,20.3,20.4,19.91,20.19,573400
KMDA,20170214,7.25,7.25,7.14,7.18,13400
KMPH,20170214,3.8,3.8,3.65,3.65,14300
KNDI,20170214,4.25,4.3,4.05,4.1,198900
KNSL,20170214,29.37,29.85,28.94,29.25,147600
KOPN,20170214,3.46,3.46,3.33,3.37,238100
KOSS,20170214,2.44,2.44,2.3,2.39,18500
KPTI,20170214,10.08,10.29,10.06,10.25,78400
KRMA,20170214,16.66,16.71,16.66,16.71,600
KRNT,20170214,16.5,17.55,16.4,17.5,383800
KRNY,20170214,15.15,15.4,15.05,15.3,390500
KTCC,20170214,7.72,7.75,7.55,7.56,27200
KTOS,20170214,8.81,8.88,8.45,8.49,1376900
KURA,20170214,6.55,6.7,6.55,6.6,8100
KVHI,20170214,10.05,10.35,10.05,10.2,87600
LAKE,20170214,10.85,10.95,10.85,10.9,8900
LAMR,20170214,76.85,77.49,76.79,77.38,306000
LANC,20170214,132.58,133.18,131.18,132.87,64000
LAND,20170214,12.67,12.7,12.56,12.67,28800
LARK,20170214,29.9,30,29.9,30,600
LAUR,20170214,13.23,13.42,13.15,13.21,182500
LAWS,20170214,26.8,27.05,26.65,26.9,11900
LBAI,20170214,19.4,19.63,19.25,19.6,180900
LBRDA,20170214,84.5,84.9,84.12,84.51,162600
LBRDK,20170214,85.46,86.06,84.33,85.8,507500
LBTYA,20170214,35.36,35.6,35.23,35.51,1574400
LBTYB,20170214,35.25,35.25,35.25,35.25,0
LBTYK,20170214,34.27,34.38,34.15,34.28,2428300
LCA,20170214,10.05,10.05,10.05,10.05,0
LCAHU,20170214,10.66,10.67,10.66,10.67,700
LCAHW,20170214,0.66,0.67,0.66,0.67,8000
LCNB,20170214,22.55,23.55,22.4,23.35,17900
LCUT,20170214,14.55,14.8,14.55,14.75,18800
LE,20170214,17.45,17.9,17,17.9,188100
LECO,20170214,83.7,84.37,81.39,83.87,394100
LEDS,20170214,3.38,3.49,3.3,3.38,40600
LFUS,20170214,163,163.08,161.74,162.39,88500
LFVN,20170214,6.55,6.57,6.34,6.38,96100
LGIH,20170214,28.84,29.09,28.56,28.99,307000
LGND,20170214,107,107.27,106.31,107.02,233700
LHCG,20170214,46.28,47.96,46.24,47.7,122300
LIFE,20170214,47.6,49.42,46.9,46.9,190500
LILA,20170214,22.67,22.85,22.3,22.48,287600
LILAK,20170214,22,22.19,21.7,21.85,620500
LINC,20170214,1.94,1.99,1.94,1.97,13200
LIND,20170214,9.43,9.45,9.22,9.34,117900
LINK,20170214,9.95,9.95,9.1,9.47,1600
LITE,20170214,49.55,51.25,49,50.5,1470600
LIVE,20170214,18.84,19.02,18.27,18.73,28100
LIVN,20170214,48.32,48.6,47.76,48.16,275400
LJPC,20170214,19.21,19.58,19.17,19.28,269700
LKFN,20170214,44.51,45.34,43.92,45.32,79200
LKQ,20170214,31.38,31.66,31.03,31.66,1608500
LLNW,20170214,2.36,2.39,2.34,2.35,124400
LMAT,20170214,23.6,23.93,23.5,23.68,56200
LMB,20170214,14,14.15,13.97,14,4700
LMBS,20170214,52.36,52.36,52.19,52.21,113800
LMFA,20170214,41.2,41.9,41.1,41.6,2500
LMNR,20170214,17.88,18.11,17.67,17.99,32800
LMRK,20170214,15.75,16,15.55,15.85,58800
LMRKO,20170214,24.96,25.15,24.96,25.02,3600
LMRKP,20170214,25.31,25.35,25.25,25.35,1100
LNDC,20170214,13.05,13.1,12.65,12.9,42500
LNTH,20170214,9.25,9.45,9.1,9.2,200900
LOAN,20170214,6.8,6.85,6.63,6.8,13800
LOB,20170214,22.45,22.95,22.3,22.85,82600
LOCO,20170214,12.9,13.35,12.85,13.05,475100
LOGI,20170214,29.67,29.71,29.42,29.57,242600
LOPE,20170214,57.72,58.22,57.4,57.71,394100
LORL,20170214,38.9,39.2,38.6,39.15,40100
LPCN,20170214,3.73,3.84,3.7,3.75,85200
LPLA,20170214,40.53,40.93,40.06,40.69,1462800
LPSN,20170214,7.3,7.3,7,7.1,234500
LPTH,20170214,1.73,2.25,1.68,2.2,2103800
LPTX,20170214,7.92,8.58,7.87,8.11,7100
LQDT,20170214,8.75,8.85,8.45,8.55,158400
LRCX,20170214,116,116.27,114.69,115.63,1214400
LSBK,20170214,15.94,15.95,15.94,15.95,900
LSCC,20170214,6.93,6.97,6.86,6.96,502100
LSTR,20170214,87.25,87.5,86.25,86.45,236400
LSXMA,20170214,36.03,36.48,35.75,35.92,504500
LSXMB,20170214,35.98,35.98,35.98,35.98,0
LSXMK,20170214,35.62,36.18,35.49,35.63,311700
LTBR,20170214,13.2,13.2,12.6,12.96,159700
LTRPA,20170214,17.35,17.75,17.05,17.6,814100
LTRPB,20170214,17.5,17.5,17.5,17.5,200
LTRX,20170214,2.33,2.33,2.16,2.17,116000
LULU,20170214,66.83,67.93,66.29,67.76,930900
LUNA,20170214,1.98,1.98,1.93,1.98,34900
LVHD,20170214,29.4,29.4,29.24,29.34,31800
LWAY,20170214,11.12,11.25,11.02,11.17,8200
LXRX,20170214,14.5,14.98,14.35,14.94,580800
LYTS,20170214,9.85,9.86,9.75,9.84,70100
MACK,20170214,3.16,3.25,3.16,3.23,1006200
MACQ,20170214,9.95,9.95,9.95,9.95,0
MACQU,20170214,10.2,10.2,10.2,10.2,0
MACQW,20170214,0.3,0.3,0.3,0.3,0
MANH,20170214,48.73,49.52,48.54,49.44,380000
MANT,20170214,39.41,39.41,38.59,38.84,142300
MAR,20170214,87.31,87.91,87.06,87.89,2366700
MARA,20170214,5.8,5.92,5.24,5.44,203800
MARK,20170214,3.58,3.58,3.14,3.17,39400
MARPS,20170214,5.46,5.46,5.46,5.46,100
MASI,20170214,75.39,77.17,75.06,76.99,759000
MAT,20170214,26.28,26.3,25.54,25.69,6512100
MATW,20170214,67.95,67.95,66.8,67,65100
MAYS,20170214,43,43,43,43,0
MBCN,20170214,20.255,20.57,20.255,20.57,4200
MBII,20170214,2.11,2.14,2.08,2.12,39100
MBOT,20170214,76.2,79.5,74.7,77.7,42900
MBRX,20170214,1.2,1.24,1.17,1.21,417900
MBUU,20170214,21.26,21.59,21.21,21.3,135500
MBWM,20170214,32.11,32.59,32.1,32.51,24900
MCBC,20170214,9.92,10.09,9.92,10.05,40400
MCEF,20170214,18.58,18.58,18.57,18.57,2400
MCFT,20170214,14.65,15.11,14.58,15,202900
MCHI,20170214,48.57,48.75,48.31,48.66,943000
MCHP,20170214,70.63,71.32,70.18,70.78,5396900
MCHX,20170214,3.06,3.06,2.91,3.01,248500
MCRB,20170214,9.62,9.89,9.51,9.78,192700
MCRI,20170214,23.78,23.82,23.41,23.68,25200
MDGL,20170214,15.6,16,15.6,15.98,8700
MDGS,20170214,24.4,25.2,21.6,22.8,78500
MDIV,20170214,19.63,19.74,19.6,19.68,105500
MDLZ,20170214,45.01,45.17,44.72,44.99,5641000
MDRX,20170214,12.03,12.47,12.03,12.45,3197000
MDWD,20170214,6.1,6.25,6.1,6.2,28400
MDXG,20170214,8.07,8.24,8.02,8.21,531000
MEDP,20170214,34.24,34.52,33.78,34.41,139400
MEIP,20170214,1.76,1.78,1.67,1.73,253800
MELI,20170214,194.5,197.78,192.66,197.07,311500
MEOH,20170214,49.4,49.5,48.55,49.4,509100
MERC,20170214,12.6,12.85,12.5,12.65,237200
MESO,20170214,6,6.1,5.99,6.1,7300
METC,20170214,12.07,12.43,11.02,11.15,434000
MFIN,20170214,2.04,2.16,2,2.12,243200
MGEE,20170214,63.05,63.2,62.25,63.15,80000
MGI,20170214,12.72,12.76,12.51,12.56,747000
MGIC,20170214,7.5,7.55,7.45,7.5,41100
MGLN,20170214,76,78.45,76,78.45,135400
MGNX,20170214,19.31,19.53,18.85,19.3,113300
MGPI,20170214,44.15,44.54,42.56,42.93,153300
MGRC,20170214,38,38.28,37.77,38.25,43700
MGYR,20170214,13,13,13,13,0
MHLD,20170214,18.7,18.95,18.55,18.85,268100
MICT,20170214,1.39,1.39,1.29,1.3,19400
MIDD,20170214,137.99,138.1,136.74,137.33,351500
MILN,20170214,16.43,16.45,16.41,16.45,3500
MIME,20170214,20.1,20.49,19.67,19.86,253900
MIND,20170214,4.64,4.76,4.59,4.64,16700
MINDP,20170214,23.56,23.56,23.56,23.56,0
MITK,20170214,5.7,5.85,5.57,5.8,339700
MKSI,20170214,66.9,67.4,66.2,66.75,254300
MKTX,20170214,188.88,190.23,187.24,190.07,176400
MLAB,20170214,120.97,123.5,120.57,123.2,7500
MLHR,20170214,30.65,30.7,30.1,30.15,286400
MLVF,20170214,20.95,21,20.95,21,700
MMLP,20170214,19,19.13,18.85,19,89300
MMSI,20170214,28.1,28.25,27.65,27.75,351300
MMYT,20170214,33.45,34.08,33.4,33.7,443800
MNDO,20170214,2.7,2.71,2.68,2.69,31200
MNKD,20170214,2.8,2.8,2.6,2.7,2896100
MNOV,20170214,6.04,6.15,5.95,6.13,23300
MNRO,20170214,57.05,57.6,56.95,57.2,209100
MNST,20170214,43.42,43.5,42.97,43.38,1824500
MNTX,20170214,8.44,8.62,8.41,8.51,74600
MOFG,20170214,36.67,36.93,36.1,36.72,14600
MOMO,20170214,25.55,25.59,24.96,25.41,936500
MORN,20170214,77.64,78.24,77.19,78.04,43500
MOSY,20170214,58,58,56,56,290700
MOXC,20170214,15.6,15.7,15.25,15.3,18500
MPAA,20170214,27.04,27.86,26.63,27.7,223500
MPB,20170214,26.25,26.42,26,26.4,1300
MPWR,20170214,85.58,85.72,84.76,85.13,353200
MRAM,20170214,7.95,8.71,7.95,8.7,114700
MRCC,20170214,15.61,15.76,15.49,15.74,80700
MRCY,20170214,36.19,36.59,35.97,36.51,517100
MRLN,20170214,24.4,24.66,24.1,24.1,47200
MRNS,20170214,5.48,5.56,4.84,5.16,2842800
MRTN,20170214,15.2667,15.8,15.16,15.7333,137700
MRTX,20170214,6.15,6.15,6,6.05,189500
MRUS,20170214,26.25,26.25,25.16,25.49,43700
MRVL,20170214,15.75,15.76,15.48,15.58,2469100
MSBI,20170214,33.97,34.44,33.56,34.41,43100
MSEX,20170214,36.26,36.26,35.4,35.61,39600
MSFT,20170214,64.41,64.72,64.02,64.57,23108400
MSON,20170214,9.75,10.04,9.05,9.5,42600
MSTR,20170214,190.56,193.96,189.54,192.99,86300
MTBC,20170214,0.8,0.8,0.78,0.78,3700
MTBCP,20170214,25.5,25.5,25.42,25.42,1300
MTCH,20170214,17.53,17.53,17.13,17.32,1356300
MTEX,20170214,19.25,19.69,18.74,19.05,7500
MTLS,20170214,9.22,9.36,8.96,9.21,43000
MTP,20170214,158.5,160,152.5,152.5,10000
MTRX,20170214,17.6,17.6,17.2,17.3,302800
MTSI,20170214,45.47,46.29,45.12,45.91,493900
MU,20170214,23.36,23.37,22.68,23.12,60685200
MVIS,20170214,1.63,1.94,1.62,1.89,1728300
MYGN,20170214,16.76,17.03,16.56,17.03,12889400
MYRG,20170214,39.24,39.32,38.55,39.2,65700
MYSZ,20170214,10.5,11.39,7.65,7.88,245700
NAII,20170214,11,11.2,10.6,10.95,120000
NAKD,20170214,1235,1475,1225,1340,2328500
NATH,20170214,63.1,63.8,62,63.4,8600
NATI,20170214,31.88,31.88,31.68,31.7,353900
NATR,20170214,12.25,12.6,12.2,12.55,20200
NAVI,20170214,15.53,15.86,15.52,15.79,1740100
NBEV,20170214,4,4.19,3.83,3.88,1028700
NBIX,20170214,42.1,42.59,40.57,41.53,1275100
NBN,20170214,13.3,13.49,12.95,13.25,66200
NBRV,20170214,9.79,11,9.5,10,85700
NBTB,20170214,40.64,41.44,40.46,41.15,97500
NCBS,20170214,48.68,48.68,48.24,48.34,6400
NCMI,20170214,13,13.17,12.72,12.74,696200
NCTY,20170214,31.5,31.5,30.9,31.5,11600
NDAQ,20170214,70.7,71.04,70.5,70.78,682500
NDLS,20170214,3.85,3.85,3.6,3.65,237800
NDSN,20170214,116.91,116.91,115.67,116.52,155600
NEO,20170214,8.25,8.34,8.19,8.26,118300
NEOG,20170214,48.6975,49.2675,48.6075,48.93,77200
NEON,20170214,16.2,16.5,16,16.1,129400
NEPT,20170214,1.05,1.06,1.04,1.06,33800
NERV,20170214,10.2,10.9,10.15,10.6,117300
NETE,20170214,0.83,0.87,0.82,0.82,222200
NEWT,20170214,16.19,16.19,15.92,16.18,135200
NEWTL,20170214,25.55,25.59,25.43,25.44,4800
NEWTZ,20170214,26.69,26.7,26.69,26.7,400
NFBK,20170214,17.95,18.22,17.88,18.15,141300
NFLX,20170214,143.2,144.11,140.05,140.82,8367700
NH,20170214,8,8.16,7.75,7.84,164700
NHTC,20170214,29.96,29.96,29,29.16,84700
NICE,20170214,68.88,69.47,68.82,69.37,133400
NICK,20170214,10.95,10.99,10.9,10.91,9100
NKSH,20170214,41,41.1,40.75,41.05,5300
NKTR,20170214,13.17,13.52,13.09,13.38,1136300
NMIH,20170214,11.4,11.5,11.2,11.5,384100
NNBR,20170214,20.35,20.5,20.1,20.25,111000
NNDM,20170214,66.7,69,66,66,15300
NOVN,20170214,4.27,4.82,4.2,4.79,433800
NOVT,20170214,24.55,24.65,24.12,24.55,169600
NRIM,20170214,29.65,29.65,28.55,28.9,94300
NSEC,20170214,15.95,15.95,15.95,15.95,0
NSIT,20170214,44.31,45.73,44.16,45.57,271700
NSSC,20170214,8.85,8.95,8.65,8.9,27900
NSTG,20170214,18.88,19.31,18.81,18.99,261700
NSYS,20170214,4.22,4.6,4.04,4.31,100500
NTAP,20170214,39.9,39.9,39.36,39.52,2930300
NTCT,20170214,36.5,36.9,36.35,36.65,417200
NTES,20170214,52.11,52.258,50.8,51.224,1094500
NTGR,20170214,53.95,55,53.75,54.7,296000
NTIC,20170214,7.685,7.685,7.685,7.685,0
NTLA,20170214,13.14,13.99,13.05,13.78,127300
NTNX,20170214,32,32.38,32,32.14,454200
NTRA,20170214,9.48,9.91,9.48,9.87,167900
NTRS,20170214,86.38,87.87,86.14,87.58,1256200
NTWK,20170214,4.7,4.7,4.35,4.45,186800
NUAN,20170214,16.88,17.05,16.81,16.91,3884100
NURO,20170214,5.44,5.44,5.28,5.36,89900
NUVA,20170214,71.53,74.22,71.13,74.04,1132500
NVAX,20170214,27.4,28.4,27.2,28.4,5050700
NVCN,20170214,1390,1420,1370,1400,290200
NVCR,20170214,7.35,7.5,7,7.45,257300
NVDA,20170214,26.9975,27.5375,26.5725,27.195,21265700
NVEC,20170214,74.99,74.99,74.03,74.65,19300
NVEE,20170214,40.15,40.45,40,40.4,20700
NVFY,20170214,7.9,7.95,7.3,7.65,206500
NVIV,20170214,3337.5,3375,3300,3375,128700
NVMI,20170214,16.18,16.3,15.3,15.76,527500
NWBI,20170214,17.44,17.66,17.35,17.59,365900
NWFL,20170214,39.78,39.78,39.15,39.72,5200
NWLI,20170214,310.63,311.33,309.93,311.33,2800
NWPX,20170214,19.03,19.3,18.63,19.21,50300
NWS,20170214,13.4,13.5,13.25,13.35,561300
NWSA,20170214,13.11,13.16,12.95,13.08,3224400
NXPI,20170214,102,102.49,101.91,102.28,2149100
NXST,20170214,68,68.35,67.65,68.15,539100
NXTD,20170214,2.48,2.68,2.36,2.39,189500
NYMT,20170214,6.65,6.66,6.53,6.58,706500
NYMTP,20170214,23.28,23.82,23.28,23.81,14400
NYMX,20170214,3.28,3.43,3.27,3.36,69400
OBAS,20170214,8.9,9.3,8.9,9.3,600
OBCI,20170214,4.36,4.43,4.2,4.2,18200
OBSV,20170214,12.64,13.3,12.02,13.05,70800
OCC,20170214,3.3,3.4,3.25,3.3,7500
OCFC,20170214,29.2,29.79,29.13,29.63,111700
OCUL,20170214,9.05,9.37,8.83,9.05,1459400
ODFL,20170214,92.21,92.61,91.4,91.85,383900
ODP,20170214,43.9,45.5,43.6,45.4,4678400
OESX,20170214,1.9,1.93,1.85,1.89,167800
OFED,20170214,23.31,23.31,23.31,23.31,0
OFIX,20170214,37.61,38.01,37.08,37.62,102200
OFLX,20170214,45.2,45.35,44.23,44.23,3700
OFS,20170214,14.4,14.5,14.35,14.5,17600
OIIM,20170214,2.36,2.41,2.35,2.37,50100
OLD,20170214,23.88,23.92,23.88,23.91,1900
OLED,20170214,64.55,67.5,64.3,67.15,758900
OLLI,20170214,31.6,32.9,31.6,32.65,492800
OMAB,20170214,37.08,37.79,36.52,37.32,101200
OMCL,20170214,37.2,38.25,37.05,38.2,374900
OMER,20170214,10.57,11.25,10.51,11.21,252200
OMEX,20170214,4.23,4.37,4,4.2,33900
ON,20170214,15.1,15.31,14.51,15.31,16200800
ONB,20170214,18.25,18.52,18.1,18.5,1175500
ONCS,20170214,13.3,14.5,13.3,14.3,1284100
ONEQ,20170214,226.99,227.73,226.49,227.73,43100
ONTX,20170214,42.75,46.05,41.7,45.45,120300
ONVO,20170214,3.01,3.03,2.88,2.98,3291500
OPGN,20170214,530,650,530,565,2026000
OPHC,20170214,4,4.06,3.85,3.85,13200
OPK,20170214,8.3,8.47,8.28,8.45,2286100
OPOF,20170214,28.4,28.45,28.1,28.38,1400
ORLY,20170214,268.49,270.26,267.66,269.52,917200
ORMP,20170214,6.39,6.5,6.36,6.44,19500
ORRF,20170214,22.9,23.3,22.85,23.25,9000
OSBC,20170214,11.05,11.1,10.92,11,73800
OSIS,20170214,75.93,77.1,75.6,76.73,78100
OSTK,20170214,18,18.45,17.9,18.4,90200
OSUR,20170214,10.4,10.87,10.28,10.86,1086000
OTEX,20170214,33.85,33.94,33.57,33.78,417000
OTIC,20170214,15.25,15.45,14.8,15.2,138000
OTTR,20170214,38.05,38.25,37.66,38.15,97100
OVBC,20170214,28.75,29,27.95,28.95,4900
OVLY,20170214,15.05,15.05,14.84,14.86,600
OXBR,20170214,5.89,5.9,5.89,5.9,1500
OXBRW,20170214,0.6,0.6,0.58,0.58,5400
OXLC,20170214,11.45,11.5,11.42,11.47,191400
OXLCO,20170214,25.44,25.44,25.44,25.44,100
PAAS,20170214,20.96,21.03,20.58,20.85,1596400
PACB,20170214,5.18,5.37,5.08,5.21,1218400
PACW,20170214,55.66,56.71,55.28,56.62,457700
PAHC,20170214,29.95,30,29.65,30,90800
PANL,20170214,3.18,3.18,3.11,3.12,2400
PATI,20170214,25.13,25.13,24.7,25.1,2700
PATK,20170214,55.6,55.7333,54.7667,55.5,80100
PAVM,20170214,6.3,6.89,6.3,6.51,1300
PAVMW,20170214,2.5,2.5,2.5,2.5,0
PAYX,20170214,58.88,59.33,58.83,59.27,1113700
PBCT,20170214,18.89,19.12,18.79,19.11,2800400
PBCTP,20170214,26.66,26.77,26.34,26.49,33500
PBHC,20170214,14.77,14.99,14.76,14.99,1300
PBIP,20170214,17.8,17.95,17.76,17.85,30700
PBPB,20170214,13.3,13.3,12.68,12.9,266500
PBYI,20170214,36.5,37.25,36.05,36.95,365300
PCAR,20170214,69.74,70.12,69.53,70.07,2006600
PCH,20170214,43.95,44.4,43.65,44.05,125800
PCOM,20170214,7.4,7.64,7.4,7.64,15200
PCRX,20170214,41.4,42.78,41.15,42.65,528200
PCTI,20170214,5.7,5.7,5.6,5.61,26400
PCTY,20170214,34.85,35.7,34.41,35.68,298500
PCYG,20170214,16.3,16.3,15.4,15.8,130500
PCYO,20170214,5.3,5.4,5.3,5.3,42700
PDBC,20170214,17.43,17.45,17.29,17.36,422600
PDCE,20170214,72.96,73.03,71.74,72.83,573700
PDCO,20170214,43.08,43.6,42.94,43.49,912500
PDEX,20170214,5.05,5.4,5.05,5.3,10900
PDFS,20170214,22.54,22.71,21.03,22.27,526000
PDP,20170214,44.42,44.55,44.35,44.52,130500
PEBK,20170214,26.88,26.88,26.88,26.88,0
PEBO,20170214,32.21,32.74,32.21,32.66,34100
PEGA,20170214,40,40.45,40,40.45,215400
PENN,20170214,13.88,14,13.73,13.79,651700
PERI,20170214,6.12,6.18,6,6.15,169700
PESI,20170214,3.43,3.43,3.3,3.3,17400
PETS,20170214,21.16,21.35,21.16,21.23,113000
PEY,20170214,17.12,17.12,17.01,17.08,345100
PEZ,20170214,43.27,43.43,43.27,43.32,7200
PFBC,20170214,56.1,57.14,55.99,56.57,110500
PFI,20170214,31.48,31.96,31.48,31.93,4500
PFIE,20170214,1.23,1.23,1.19,1.23,49500
PFIN,20170214,8.49,8.49,8.49,8.49,0
PFIS,20170214,44.6,48,42.76,43.32,6400
PFLT,20170214,13.45,13.68,13.45,13.62,4822900
PFM,20170214,23.36,23.45,23.32,23.43,26300
PFMT,20170214,1.7,1.77,1.67,1.77,116000
PFSW,20170214,7.86,7.91,7.68,7.85,43900
PGC,20170214,32.03,32.64,31.53,32.22,86500
PGJ,20170214,32.38,32.38,32.17,32.27,5200
PHO,20170214,25.67,25.73,25.55,25.65,44200
PI,20170214,33.69,35.44,33.6,34.73,676100
PID,20170214,14.91,14.94,14.82,14.94,217000
PIE,20170214,16.06,16.07,15.95,16.06,37500
PINC,20170214,31.56,31.98,31.56,31.95,367800
PIO,20170214,21.9,21.96,21.78,21.85,14800
PIRS,20170214,2.2,2.2,2.13,2.15,44000
PIZ,20170214,22.73,22.73,22.61,22.7,27200
PKBK,20170214,19.4091,19.6364,19.4091,19.5909,10300
PKOH,20170214,44.5,44.6,43.45,43.65,32700
PKW,20170214,51.93,52.25,51.92,52.22,60100
PLAB,20170214,11.2,11.35,11.1,11.3,371800
PLAY,20170214,57.13,57.66,56.6,57.27,365900
PLBC,20170214,18,18.95,18,18.95,17000
PLCE,20170214,100.7,103.4,100.7,102.65,251200
PLPC,20170214,54.8,54.8,54.1,54.1,1500
PLSE,20170214,12.2,12.9,11.75,12.11,351300
PLUG,20170214,1.1,1.17,1.03,1.11,13293100
PLUS,20170214,60.9,61.45,60.29,60.85,49000
PLW,20170214,32,32.04,31.77,31.92,23000
PLXS,20170214,56.5,57.17,56.21,57.06,158400
PMBC,20170214,7.4,7.5,7.35,7.5,21300
PMD,20170214,21.62,21.91,20.66,20.75,53500
PME,20170214,3.54,3.88,3.54,3.87,409000
PMTS,20170214,23,23.4,22.75,23,74900
PNBK,20170214,14.63,14.63,14.63,14.63,1000
PNFP,20170214,68.45,69.55,67.7,69.4,362900
PNNT,20170214,8.52,8.58,8.51,8.55,316400
PNQI,20170214,92.14,92.14,91.22,91.37,8700
PNRG,20170214,59,59,59,59,0
PODD,20170214,41.77,42.74,41.77,42.63,563700
POLA,20170214,9.38,9.4,8.6,8.76,102400
POOL,20170214,110.66,111.59,110.15,110.91,421100
POWI,20170214,32.95,33.025,32.625,32.75,134500
POWL,20170214,34.24,34.27,33.8,34.11,60700
PPBI,20170214,39.65,40.7,39.15,40.6,185700
PPC,20170214,20.49,20.7,20.28,20.33,1400600
PPH,20170214,53.67,54.29,53.63,54.26,37900
PPSI,20170214,8,8.01,7.75,7.9,32100
PRAA,20170214,40.45,41.4,40.3,41.15,395000
PRFT,20170214,17.92,18.15,17.84,18.12,74200
PRFZ,20170214,117.8,118.46,117.5,118.38,24300
PRGS,20170214,28.74,29.06,28.27,28.75,332500
PRIM,20170214,24.55,25.05,24.45,24.99,186700
PRN,20170214,52.25,52.25,51.63,52.05,7200
PROV,20170214,18.77,19,18.77,19,7800
PRPH,20170214,2.01,2.04,2.01,2.04,1700
PRQR,20170214,4.05,4.2,4,4.2,32300
PRTA,20170214,51.9,52.48,51.12,52.04,319300
PRTK,20170214,16.1,16.15,15.77,16.05,178300
PRTS,20170214,3.28,3.35,3.22,3.29,587000
PSC,20170214,28.3,28.3,28.3,28.3,100
PSCC,20170214,67.15,67.77,67.15,67.77,15500
PSCD,20170214,51.44,51.74,51.44,51.71,3400
PSCE,20170214,20.8,21.06,20.49,21.04,50900
PSCF,20170214,52.52,52.94,52.3,52.94,23500
PSCH,20170214,76.04,77.02,76.04,77.02,6700
PSCI,20170214,56.36,56.61,56.27,56.5,9300
PSCM,20170214,48.24,48.24,47.25,47.84,304500
PSCT,20170214,73.62,73.79,73.06,73.69,42300
PSCU,20170214,47.83,47.83,47.34,47.55,7900
PSEC,20170214,9.19,9.35,9.17,9.3,3666300
PSL,20170214,55.89,56.19,55.78,56.14,7100
PSMT,20170214,87.95,89.2,87.55,88.3,95000
PSTI,20170214,11.2,11.4,11,11,354300
PTC,20170214,54.06,54.49,53.72,54.46,565100
PTCT,20170214,12.57,12.96,12.5,12.84,293700
PTEN,20170214,28.92,29.76,28.83,29.47,6628900
PTF,20170214,42.99,43.23,42.99,43.16,6000
PTGX,20170214,15.46,15.72,14.58,14.79,22100
PTH,20170214,52.45,52.9,52.45,52.9,1700
PTNR,20170214,5.79,5.84,5.79,5.79,2200
PTSI,20170214,20.1,20.1,19.09,19.21,11600
PUI,20170214,26.3,26.3,26.03,26.13,7800
PULM,20170214,41.8,43.5,39.6,41,2185100
PVAC,20170214,48.9,49.5,48.85,49.47,5500
PVBC,20170214,9.6,9.6,9.6,9.6,1700
PWOD,20170214,32.3133,32.3133,31.6733,32.2667,6200
PXI,20170214,42.72,43.38,42.5,43.37,33100
PXLW,20170214,3.97,4.18,3.93,4.06,773100
PXS,20170214,2.55,2.6,2.42,2.5,21300
PY,20170214,28.81,28.81,28.81,28.81,0
PYPL,20170214,41.18,41.63,40.94,41.62,6496400
PYZ,20170214,63.75,63.75,63.37,63.74,5700
PZZA,20170214,83.8,86.63,83.51,85.38,554200
QABA,20170214,52.6,53.18,52.21,53.13,95800
QADA,20170214,29.45,29.7,29.25,29.45,37600
QADB,20170214,24.64,24.64,24.64,24.64,100
QAT,20170214,19.73,19.95,19.73,19.85,15700
QCLN,20170214,16.49,16.51,16.42,16.51,9100
QCOM,20170214,55.43,55.52,54.82,55.48,13071900
QCRH,20170214,43.6,44,43.6,44,25500
QDEL,20170214,20.53,20.85,19.97,20.3,128100
QIWI,20170214,14.73,15.02,14.58,14.9,600500
QLYS,20170214,34.95,35.15,34.63,35.1,271900
QNST,20170214,3.18,3.25,3.05,3.24,94500
QQEW,20170214,50.15,50.19,49.92,50.13,63400
QQQ,20170214,128.15,128.54,127.74,128.53,16333400
QQQX,20170214,20.26,20.4,20.25,20.38,90200
QQXT,20170214,43.61,43.74,43.58,43.73,2900
QRHC,20170214,2.22,2.34,2.19,2.21,10400
QRVO,20170214,66.49,66.74,65.82,66.44,996800
QTEC,20170214,57.62,57.62,57.27,57.52,144200
QTNT,20170214,6.27,6.59,6.13,6.3,50700
QUIK,20170214,22.82,23.38,22.4,22.82,207500
QUMU,20170214,2.08,2.15,2.06,2.1,49000
QURE,20170214,6.53,6.62,6.35,6.58,206100
QYLD,20170214,23.18,23.18,23,23.06,32300
RADA,20170214,1.3,1.32,1.26,1.26,194300
RAIL,20170214,14.66,14.66,14.26,14.59,86700
RAND,20170214,28.8,29.25,28.53,28.71,26400
RARE,20170214,74.68,76.34,73.91,76.24,284300
RAVE,20170214,2.29,2.36,2.2,2.28,99100
RAVN,20170214,24.65,25.3,24.6,25.05,95300
RBCAA,20170214,35.21,36.06,34.81,35.46,25700
RBCN,20170214,5.9,5.9,5.2,5.5,19500
RCII,20170214,8.15,8.9,7.93,7.98,7374600
RCKY,20170214,11.2,11.3,11.15,11.2,15800
RCMT,20170214,5.97,6.04,5.96,6.04,9700
RCON,20170214,6.6,6.85,6.6,6.7,62400
RDCM,20170214,18,18,16.75,17,138100
RDHL,20170214,9.69,9.74,9.63,9.68,22800
RDI,20170214,16.45,16.77,16.45,16.61,11800
RDIB,20170214,16.75,16.75,16.75,16.75,0
RDNT,20170214,5.8,6.1,5.8,6,117200
RDUS,20170214,42.3,45.35,42.27,45.01,843600
RDVY,20170214,26.23,26.24,25.99,26.18,76200
RDWR,20170214,15.74,16.18,15.64,15.97,280000
REFR,20170214,1.79,1.81,1.75,1.81,48000
REGI,20170214,8.7,8.88,8.65,8.85,456000
REGN,20170214,375.95,378.32,371.61,376.52,991800
RELL,20170214,6.25,6.25,6.1,6.24,5800
RELY,20170214,5.2,5.25,5,5.05,224700
REPH,20170214,8.01,8.01,7.89,7.97,27800
RESN,20170214,4.64,4.75,4.46,4.72,44400
RETA,20170214,23.29,23.52,23.01,23.11,20800
RFDI,20170214,54.61,54.61,54.3,54.52,11600
RFEM,20170214,58.4,58.8,58.4,58.8,1300
RFEU,20170214,53.97,54.2,53.97,54.1,4400
RFIL,20170214,1.55,1.65,1.4,1.45,122700
RGCO,20170214,18.58,18.72,18.2267,18.2933,1800
RGEN,20170214,29.92,30.41,29.92,30.35,132600
RGLD,20170214,71.6,72,70.88,71.28,446100
RGLS,20170214,14.4,15,13.8,13.8,514400
RGNX,20170214,16.85,17.6,16.3,16.95,244400
RIBT,20170214,0.93,0.94,0.91,0.93,2900
RICK,20170214,17.58,17.7,17.38,17.56,48500
RIGL,20170214,2.42,2.42,2.31,2.37,922800
RILY,20170214,16.25,17.45,15.35,17.35,16000
RILYL,20170214,26.29,26.29,26,26,3600
RIOT,20170214,3.08,3.24,3.08,3.21,35800
RKDA,20170214,20,20,19.4,19.4,65300
RMBS,20170214,12.79,12.79,12.66,12.7,555400
RMCF,20170214,10.98,10.98,10.91,10.95,5800
RMR,20170214,50.7,51.1,49.6,50.9,69200
RMTI,20170214,5.93,6.24,5.93,6.17,212700
RNDB,20170214,15,15,15,15,0
RNST,20170214,40.74,41.29,40.37,40.99,218500
RNWK,20170214,4.84,4.95,4.8,4.94,40800
ROCK,20170214,42.6,43.15,42.2,42.9,143700
ROIC,20170214,21.51,21.51,21.17,21.21,517500
ROLL,20170214,96.01,96.01,94.23,95.25,92700
ROST,20170214,68.05,68.72,67.94,68.7,1994600
RPD,20170214,14.52,15.37,14.46,15.36,273100
RPRX,20170214,1.13,1.17,1.1,1.16,85200
RRGB,20170214,48.1,48.65,47.15,48.1,147500
RRR,20170214,23.78,23.86,23.65,23.77,155800
RUN,20170214,6.04,6.06,5.9,6.04,843800
RUSHA,20170214,21.5667,21.9,21.5133,21.6467,212800
RUSHB,20170214,20.8867,20.9667,20.5533,20.6733,12200
RUTH,20170214,17.5,17.9,17.4,17.65,340100
RVNC,20170214,20.75,21.05,20.65,21,243800
RVSB,20170214,7.77,7.77,7.58,7.75,47900
RWLK,20170214,50,51.25,48.75,50,149700
RXDX,20170214,7.7,8.58,7.62,8.4,1360800
RYAAY,20170214,82.91,83.15,81.84,82.71,131200
SABR,20170214,22.03,22.09,21.74,21.9,5208200
SAFM,20170214,92,93.03,91.75,93.01,384300
SAFT,20170214,72.6,72.8,72.15,72.6,37000
SAGE,20170214,53,55.16,53,54.33,980100
SAIA,20170214,48.5,48.6,47.6,47.6,147800
SAL,20170214,37.9,38.25,37.65,38.25,2300
SALM,20170214,6.89,6.89,6.8,6.8,16800
SAMG,20170214,13.9,14.1,13.9,14.05,5700
SANM,20170214,40.5,40.78,40.05,40.45,454800
SANW,20170214,4.5,4.55,4.35,4.4,131300
SASR,20170214,42.1,42.65,41.75,42.62,76900
SATS,20170214,43.5338,43.9156,43.4281,43.8669,89200
SBAC,20170214,109.45,109.78,108.14,108.73,608700
SBCF,20170214,24.23,24.23,23.7,23.97,325000
SBFG,20170214,17.7,18.44,17.7,17.99,5200
SBGI,20170214,35.55,36.2,35.2,35.7,907000
SBLK,20170214,8.49,8.88,8.49,8.83,215900
SBNY,20170214,157.75,160.53,156.77,159.81,436700
SBRA,20170214,25.33,25.42,24.76,25.04,338600
SBSI,20170214,34.56,35.45,34.16,35.29,102300
SBUX,20170214,56.02,56.61,56.02,56.58,8865900
SCHL,20170214,46.3,46.61,46.21,46.34,84100
SCHN,20170214,25.55,25.9,25.3,25.7,462200
SCKT,20170214,3.9,3.96,3.79,3.93,37800
SCSC,20170214,43.3,43.55,43.05,43.55,219400
SCVL,20170214,26.39,26.83,26.39,26.65,72300
SCWX,20170214,10.5,10.55,10.4,10.5,26500
SCYX,20170214,34.9,35.1,33.9,34.7,198400
SCZ,20170214,52.83,52.93,52.64,52.93,820600
SEAC,20170214,2.5,2.5,2.37,2.44,44900
SEDG,20170214,13.55,14.45,13.43,14.45,1513700
SEED,20170214,21.2,21.2,20.5,20.5,105000
SEIC,20170214,49.54,49.6,48.78,49.45,619400
SELB,20170214,14.1,14.16,13.82,14.03,72500
SELF,20170214,4.56,4.6,4.56,4.56,9700
SENEA,20170214,38.2,38.42,37.55,37.95,15800
SENEB,20170214,40,40,40,40,0
SFBC,20170214,29.51,29.51,29.51,29.51,0
SFM,20170214,18.96,19,18.59,18.89,1514400
SFNC,20170214,30.05,30.425,29.8,30.35,100500
SFST,20170214,32.84,33.25,32.84,33.05,11600
SGC,20170214,17.28,17.5,16.9,17.22,10300
SGEN,20170214,61.34,62.94,60.94,62.88,1383400
SGMA,20170214,4.41,4.52,4.32,4.35,4600
SGMO,20170214,3.7,4.1,3.65,4.05,592800
SGMS,20170214,20,20.45,19.65,20.15,776500
SGOC,20170214,3.4,3.45,3.35,3.4,2300
SGRP,20170214,1.04,1.19,1.01,1.1,196100
SGRY,20170214,19.95,20.45,19.9,20.2,146200
SHBI,20170214,17.25,17.4,17.25,17.32,50000
SHEN,20170214,27.35,27.8,27.15,27.75,117200
SHIP,20170214,264,264,252,259.2,275300
SHIPW,20170214,0.24,0.24,0.24,0.24,0
SHOO,20170214,24.1333,24.7667,24.1333,24.4667,433000
SHY,20170214,84.49,84.51,84.43,84.45,781100
SIEB,20170214,2.51,2.59,2.51,2.56,1300
SIEN,20170214,8.65,8.84,8.62,8.65,99000
SIFY,20170214,0.88,0.92,0.88,0.9,13100
SIGI,20170214,43.3,43.4,42.9,43.2,283300
SILC,20170214,36.22,36.6,35.83,36.45,34800
SIMO,20170214,41.78,42.29,41.1,41.94,378600
SINO,20170214,26,27.5,21.35,22.05,8049800
SIRI,20170214,4.77,4.78,4.73,4.74,21646100
SIVB,20170214,179.82,186.5,179.68,185.49,378700
SKOR,20170214,50.2,50.2,50.04,50.15,2700
SKYW,20170214,35.3,35.7,34.83,35.05,242400
SKYY,20170214,37.61,37.61,37.36,37.54,147700
SLAB,20170214,71.95,72.25,71,72,187200
SLCT,20170214,10.97,11.05,10.93,10.96,12800
SLGN,20170214,30.175,30.415,30.075,30.37,200800
SLM,20170214,12.39,12.52,12.29,12.45,2030000
SLMBP,20170214,67,67,66,66.85,8300
SLP,20170214,9.95,10.1,9.95,10.05,19400
SLQD,20170214,50.39,50.39,50.28,50.32,19300
SLRC,20170214,21.91,22.09,21.74,22.08,85800
SLVO,20170214,9.17,9.17,9.05,9.14,37700
SMBC,20170214,34.9,35.5,34.9,35.46,11300
SMBK,20170214,21.81,22.45,21.7,22,16400
SMCI,20170214,26.55,27.4,26.45,27.05,285900
SMCP,20170214,23.46,23.51,23.46,23.51,19200
SMED,20170214,4.62,4.66,4.5,4.5,22100
SMIT,20170214,1.59,1.65,1.55,1.57,20000
SMMF,20170214,24.71,24.71,24.23,24.48,6800
SMMT,20170214,11.52,11.65,11.25,11.49,3800
SMSI,20170214,1.31,1.35,1.3,1.32,54100
SMTC,20170214,33.75,33.92,33.2,33.85,281400
SNCR,20170214,33.21,34.37,32.96,33.76,749300
SND,20170214,18.27,19.21,18.01,19.14,339700
SNDX,20170214,10.45,10.45,9.56,9.9,90800
SNES,20170214,182.2,182.2,160,163,17800
SNFCA,20170214,6.91,7.1,6.91,7.05,7500
SNGX,20170214,2.18,2.36,2.11,2.31,30600
SNGXW,20170214,0.4,0.4,0.4,0.4,0
SNLN,20170214,18.63,18.65,18.63,18.65,108000
SNOA,20170214,65.25,65.25,61.2,63.54,38100
SNPS,20170214,65.67,65.98,65.31,65.84,798500
SNSR,20170214,17.18,17.18,17.08,17.12,41700
SOCL,20170214,23.88,23.99,23.82,23.99,82700
SOHO,20170214,7.51,7.52,7.45,7.5,51900
SOHOB,20170214,25.82,25.82,25.26,25.5,8200
SOHU,20170214,39.92,40.17,39.14,39.41,174700
SOXX,20170214,130.78,130.78,129.56,130.37,202700
SP,20170214,28.2,28.25,27.9,28.15,36600
SPCB,20170214,3.65,3.79,3.65,3.77,4700
SPI,20170214,1.33,1.42,1.3,1.33,50500
SPLK,20170214,62.21,62.21,61.61,61.93,1380300
SPNE,20170214,6.8,7.02,6.64,6.86,56500
SPNS,20170214,13.61,13.93,13.61,13.88,72200
SPOK,20170214,19.1,19.4,19,19.25,205500
SPPI,20170214,5.45,5.84,5.45,5.73,680800
SPSC,20170214,56.17,56.56,55.03,55.7,189500
SPTN,20170214,38.68,39.04,38.36,38.63,98900
SPWH,20170214,5.62,5.8,5.4,5.73,1636600
SPWR,20170214,7.12,7.26,7.01,7.22,1801300
SQQQ,20170214,823.6,831.2,815.8,815.8,2975700
SRAX,20170214,3.05,3.19,3.05,3.1,14000
SRCE,20170214,44.43,45.51,44.1,45.3,56700
SRCL,20170214,78.12,78.36,77.46,77.56,696600
SRDX,20170214,23.7,24.05,23.65,23.95,34900
SRET,20170214,14.84,14.84,14.72,14.78,31100
SREV,20170214,5.66,5.78,5.62,5.75,139300
SRNE,20170214,5.55,5.7,5.5,5.7,127100
SRPT,20170214,27.8,28.95,27.75,28.27,1922500
SRRA,20170214,56,57.2,55.2,56,372300
SRTS,20170214,4.93,5,4.93,5,600
SSB,20170214,86.6,89.25,86.6,88.95,90000
SSBI,20170214,16.75,17.5,16.75,17.45,19900
SSKN,20170214,2.9,3,2.75,3,10900
SSNC,20170214,32.35,32.75,32.27,32.64,1630600
SSRM,20170214,11.88,11.88,11.44,11.68,1446900
SSYS,20170214,21.91,22.13,21.74,21.97,720100
STAA,20170214,9.8,9.95,9.65,9.75,37100
STAF,20170214,2.8,2.95,2.7,2.9,159500
STBA,20170214,37.23,37.48,36.72,37.24,68500
STFC,20170214,25.99,26.71,25.49,26.57,108200
STKL,20170214,7.45,7.55,7.4,7.55,272500
STKS,20170214,1.72,1.84,1.7,1.72,42400
STLD,20170214,37.71,37.84,37.11,37.81,3640800
STRA,20170214,82.29,82.57,80.85,81.66,75300
STRL,20170214,9.03,9.23,8.95,9.16,173800
STRM,20170214,1.29,1.3,1.24,1.29,17600
STRS,20170214,30.95,30.95,30.4,30.7,4000
STRT,20170214,30.25,30.8,29.15,29.8,10600
STX,20170214,47.65,48.14,47.37,47.85,4105100
SUMR,20170214,17.82,18.54,17.1,17.28,20300
SUNS,20170214,17.25,17.25,17.12,17.17,64000
SUNW,20170214,14.7,15.12,14.7,15.12,54500
SUPN,20170214,26.3,26.65,26,26.4,364100
SVBI,20170214,7.5,7.55,7.4,7.4,2900
SVVC,20170214,8.26,8.35,8.26,8.28,5700
SWIR,20170214,25.1,25.35,24.6,25.25,1013900
SWKS,20170214,92.32,92.48,90.53,91.8,1610500
SYBT,20170214,44.6,45.5,44.6,45.35,25200
SYNA,20170214,56.93,57.15,56.38,57.01,520600
SYNL,20170214,11.91,12.13,11.7,11.9,43200
SYPR,20170214,0.89,0.9,0.89,0.89,1300
SYRS,20170214,11,11.19,10.8,10.98,16300
TA,20170214,7,7.2,7,7.1,113200
TACO,20170214,14.5,14.63,13.77,14.49,157700
TACT,20170214,7.2,7.2,7.18,7.18,500
TAIT,20170214,1.16,1.17,1.16,1.17,2700
TANH,20170214,1.92,1.93,1.85,1.89,31600
TANNI,20170214,25.54,25.63,25.51,25.52,5400
TANNL,20170214,25.43,25.48,25.11,25.36,11400
TANNZ,20170214,25.71,25.94,25.69,25.75,4900
TAST,20170214,15.8,16.05,15.8,15.9,128100
TATT,20170214,8.35,8.35,8.2,8.25,1000
TAYD,20170214,14.52,14.6,14.52,14.57,500
TBBK,20170214,4.96,5.14,4.96,5.04,643000
TBK,20170214,26.95,27.6,26.9,27.35,39200
TBNK,20170214,33.27,33.45,32.9,33.22,27800
TBPH,20170214,32.15,32.48,32.01,32.26,133200
TCBI,20170214,86.5,88.8,85.9,88.4,447800
TCBK,20170214,36.89,37.09,36.62,37.05,58000
TCFC,20170214,31.75,32.25,31.14,31.14,900
TCMD,20170214,15,15.64,14.98,15.48,56900
TCON,20170214,40.5,40.5,39,39.5,50100
TCPC,20170214,16.98,17.05,16.89,16.92,157800
TCX,20170214,45.65,45.8,44.75,45.65,119400
TDIV,20170214,31.21,31.25,31.04,31.25,69400
TEAM,20170214,28.95,29,28.75,28.96,351700
TECH,20170214,103.67,104.88,102.98,104.52,223800
TEDU,20170214,14.88,15.2,14.8,15.01,120500
TELL,20170214,11.21,11.55,10,11.51,500800
TENX,20170214,13.8,13.8,13.4,13.6,528600
TESS,20170214,13.45,14.5,13.45,14.3,14200
TFSL,20170214,17.24,17.54,17.24,17.46,176700
TGA,20170214,1.85,1.85,1.75,1.79,210400
TGLS,20170214,11.66,12.02,11.64,11.98,20700
TGTX,20170214,4.95,5.2,4.88,5,431300
THFF,20170214,47.7,47.9,47.65,47.7,21500
THRM,20170214,36.1,36.25,35.35,35.65,158400
TIG,20170214,14.69,15,14.69,14.77,2200
TIL,20170214,4.09,4.09,4.09,4.09,100
TILE,20170214,17.65,18,17.45,17.95,477400
TIPT,20170214,6.3,6.4,6.25,6.35,25800
TITN,20170214,13.74,13.8,13.43,13.57,57000
TLGT,20170214,71.9,73.5,71.6,73.4,222300
TLT,20170214,120.24,120.3,118.83,119.51,13210400
TMUS,20170214,61.24,62.84,59.51,61.6,17976400
TNDM,20170214,2.3,2.35,2.25,2.3,167800
TNXP,20170214,580,590,560,580,425400
TOPS,20170214,240000,240000,210000,216000,113700
TOUR,20170214,8.99,9.02,8.6,8.79,419400
TOWN,20170214,32.75,33.05,32.6,32.95,147800
TPIC,20170214,19.3,19.58,19.02,19.22,78700
TQQQ,20170214,26.6633,26.9067,26.4133,26.8967,2610900
TREE,20170214,116.4,118.5,114.65,117.95,110100
TRHC,20170214,16.35,16.74,15.76,15.94,73900
TRIB,20170214,6.2,6.24,6.15,6.17,33600
TRIL,20170214,5.9,6.05,5.65,6.05,96400
TRIP,20170214,51.5,52.46,50.72,52.19,3855200
TRMB,20170214,31.3,31.5,31.02,31.3,817500
TRMK,20170214,33.6,34.13,33.48,33.94,376200
TRNS,20170214,11.35,11.4,11.35,11.4,4600
TROW,20170214,69.65,70.08,69.44,69.86,1780200
TRS,20170214,22.4,22.6,22.3,22.45,174400
TRST,20170214,8.35,8.51,8.15,8.45,278900
TRUE,20170214,13.13,13.27,13.06,13.23,613400
TRUP,20170214,16.74,16.75,16.38,16.53,87900
TRVG,20170214,13.22,13.74,13.1,13.52,544300
TRVN,20170214,7.7,7.71,7.41,7.45,616400
TSBK,20170214,22.24,22.25,21.96,22.23,15500
TSC,20170214,23.54,23.73,23.35,23.55,78200
TSCO,20170214,73.14,73.69,73.11,73.4,894900
TSEM,20170214,22.66,22.77,22.06,22.16,1540000
TSLA,20170214,55.806,57.478,55.722,56.196,7345200
TSRI,20170214,5.3,5.55,5.15,5.45,11500
TTD,20170214,30.11,32.19,29.86,30.35,472200
TTEC,20170214,29.85,30.02,29.65,29.9,62600
TTEK,20170214,41.55,41.65,41,41.55,430100
TTGT,20170214,9.21,9.21,8.78,8.84,75500
TTMI,20170214,17.62,17.86,17.5,17.63,3647500
TTNP,20170214,23.4,24,21.6,23.1,266100
TTOO,20170214,5.74,5.88,5.6,5.64,70000
TTWO,20170214,58.3,58.57,57.64,58.26,1530200
TUSA,20170214,28.98,28.98,28.98,28.98,0
TUSK,20170214,18.65,20.87,18.5,20.3,185800
TVTY,20170214,26.25,27,26.25,26.5,219500
TWIN,20170214,18.59,19.61,18.59,19.47,29400
TWNK,20170214,14.91,15.04,14.42,14.83,854100
TWNKW,20170214,2.45,2.51,2.35,2.43,457300
TWOU,20170214,34.91,35.84,34.59,35.78,309200
TXN,20170214,75.46,75.64,75.3,75.64,4000000
TXRH,20170214,47.7,48.46,47.66,48.39,327900
TYHT,20170214,33.66,34.47,31.95,31.95,26200
TZOO,20170214,9.25,9.65,8.9,9.6,93600
UAE,20170214,17.33,17.33,17.33,17.33,200
UBCP,20170214,12.8,12.8,12.8,12.8,300
UBFO,20170214,8.1,8.1,8.05,8.1,1200
UBND,20170214,49.99,49.99,49.99,49.99,100
UBOH,20170214,22.95,22.96,22.85,22.91,2100
UBSI,20170214,44.1,44.97,43.9,44.85,384500
UCBI,20170214,28.54,29.04,28.24,28.76,423700
UCTT,20170214,12,12.35,11.98,12.09,391300
UEIC,20170214,61.95,63.25,61.95,63.1,56600
UEPS,20170214,12.98,13.22,12.74,12.83,119800
UFCS,20170214,47.36,47.67,47.11,47.37,47900
UFPI,20170214,102.92,103.91,101.92,103.28,57300
UFPT,20170214,24.45,24.7,24.3,24.4,8200
UG,20170214,15.35,15.35,15.25,15.25,2400
UHAL,20170214,379.59,381.72,376.79,377.46,73800
UIHC,20170214,15.98,16.08,15.56,15.96,111800
ULBI,20170214,5.4,5.65,5.4,5.45,56900
ULH,20170214,13.6,13.75,13.3,13.6,12900
ULTA,20170214,268.2,271.49,267.77,271.46,620900
UMBF,20170214,77.12,80,76.9,79.81,265800
UMPQ,20170214,18.85,19.19,18.82,19.18,1933100
UNAM,20170214,10.75,10.75,10.75,10.75,0
UNB,20170214,41.8,41.95,41.48,41.95,3700
UNTY,20170214,17.5,17.5,16.94,17.15,109300
UPLD,20170214,11.96,12.05,11.93,11.97,36000
URBN,20170214,26.95,27.7,26.78,27.61,2243400
USAK,20170214,8.75,8.8,8.55,8.66,132200
USAP,20170214,15.6,15.7,14.42,15.39,19500
USEG,20170214,9.5,9.9,9.5,9.7,33800
USLB,20170214,28.03,28.04,27.99,28,4700
USLM,20170214,75.41,76.7,74.6,75.9,3000
UTHR,20170214,164.23,165.83,163.24,165.67,307500
UTMD,20170214,61.05,61.6,60.5,60.9,11800
UTSI,20170214,1.75,1.75,1.71,1.73,14800
UVSP,20170214,27.9,28.35,27.75,28.15,76700
VALU,20170214,18.01,18.14,17.97,17.97,1500
VBFC,20170214,28.55,28.55,28.55,28.55,0
VBIV,20170214,4.13,4.13,3.85,3.93,184000
VBLT,20170214,5.6,5.7,5.55,5.65,35300
VBTX,20170214,27.4,28.42,27.4,28.35,307500
VCEL,20170214,2.8,2.9,2.75,2.9,376400
VCIT,20170214,86,86.06,85.65,85.82,855500
VCLT,20170214,89.65,89.65,88.83,89.35,211300
VCSH,20170214,79.64,79.64,79.48,79.56,1331100
VCYT,20170214,7.69,7.85,7.64,7.75,136200
VECO,20170214,26.6,26.6,26,26.35,420000
VGIT,20170214,64.15,64.16,63.89,63.96,183200
VGLT,20170214,74.28,74.28,73.46,73.82,101200
VGSH,20170214,60.8,60.8,60.72,60.75,120000
VIA,20170214,46.45,47.5,46.25,47.4,40400
VIAV,20170214,10.58,10.7,10.44,10.62,2518900
VICR,20170214,14.25,14.7,14.05,14.6,28700
VIGI,20170214,55.5,55.5,55.1,55.35,60100
VIRC,20170214,4.2,4.25,4.2,4.25,4100
VIRT,20170214,18.8,19.07,18.7,18.9,599500
VIVE,20170214,505,505,499,500,111600
VIVO,20170214,12.9,12.9,12.6,12.65,301100
VKTX,20170214,1.6,1.62,1.45,1.46,387100
VLGEA,20170214,30.32,30.47,30.23,30.4,33300
VMBS,20170214,52.39,52.46,52.26,52.34,960100
VNDA,20170214,14.45,14.65,14.15,14.6,473700
VNET,20170214,7.44,7.53,7.33,7.38,541900
VNOM,20170214,17.85,18.22,17.77,18,462100
VNQI,20170214,52.22,52.4,52.04,52.3,366400
VOD,20170214,24.89,24.95,24.78,24.88,3087400
VONE,20170214,106.98,107.48,106.8,107.48,26300
VONG,20170214,113.92,114.3,113.69,114.28,75400
VONV,20170214,100.48,100.92,100.25,100.89,21900
VOXX,20170214,4.15,4.3,4.15,4.2,49100
VRA,20170214,10.42,10.74,10.35,10.63,375700
VRAY,20170214,4.84,5.44,4.75,5.33,181800
VREX,20170214,29.6,29.98,29.22,29.96,793200
VRIG,20170214,25.14,25.24,25.09,25.14,55400
VRNS,20170214,27.95,27.95,26.95,27.4,297900
VRNT,20170214,37.95,39,37.8,39,482900
VRSK,20170214,84.8,85.1,84.69,85.09,448300
VRSN,20170214,82.76,83.99,82.48,82.68,2435700
VRTS,20170214,108.15,108.95,107.5,108.6,58800
VRTX,20170214,87.89,89.26,87.34,88.91,2321500
VSAT,20170214,66.91,67.47,66.61,67.09,503100
VSEC,20170214,39.3,40.13,38.88,39.91,36100
VSTM,20170214,1.25,1.26,1.21,1.24,103500
VTGN,20170214,2.94,3.03,2.53,2.56,127400
VTHR,20170214,107.34,107.74,107.13,107.64,5900
VTIP,20170214,49.3,49.33,49.21,49.24,551700
VTNR,20170214,1.5,1.55,1.45,1.45,77000
VTVT,20170214,5.54,5.6,5.5,5.59,22100
VTWG,20170214,116.15,116.54,115.9,116.51,3700
VTWO,20170214,110.55,111.29,110.31,111.27,128300
VTWV,20170214,104.17,104.95,103.96,104.87,18600
VUZI,20170214,5.9,5.93,5.35,5.7,718100
VVPR,20170214,4.9,4.9,4.9,4.9,0
VWOB,20170214,79.48,79.48,79.01,79.16,82900
VXUS,20170214,48.47,48.55,48.24,48.55,780300
VYGR,20170214,12.28,12.85,12.24,12.68,91700
VYMI,20170214,59.67,59.67,59.32,59.59,66700
WABC,20170214,56.56,58.07,56.43,57.83,103300
WAFD,20170214,33.4,34.15,33.3,34.1,399700
WASH,20170214,54.75,55.95,54.75,55.45,93800
WATT,20170214,15.95,16.59,15.83,16.52,312700
WB,20170214,54.21,55.26,53.81,54.87,1170200
WBA,20170214,83.33,83.88,83.06,83.79,5095800
WDAY,20170214,85.3,86.25,85.05,86.24,823900
WDC,20170214,77.35,77.47,75.98,76.41,5390300
WDFC,20170214,107.9,108.35,107.05,108.15,55300
WEN,20170214,14.27,14.4,14.25,14.29,4628000
WERN,20170214,28.25,28.25,27.2,27.35,1123900
WETF,20170214,8.63,8.8,8.58,8.76,2282300
WEYS,20170214,28.93,29.04,28.37,28.45,7600
WHF,20170214,12.85,12.93,12.74,12.86,30600
WHLM,20170214,7.54,7.54,7.54,7.54,0
WHLR,20170214,13.68,13.68,13.52,13.6,176800
WHLRD,20170214,24.97,25.25,24.97,25.25,33000
WHLRP,20170214,23.96,23.98,23.95,23.98,4100
WILC,20170214,6.48,6.48,6.48,6.48,100
WINA,20170214,113.55,114.85,112.65,113.9,3500
WING,20170214,28.97,29.17,28.62,28.77,308900
WINT,20170214,1.36,1.41,1.34,1.35,25000
WIRE,20170214,42.45,43.55,42.2,43.5,90900
WIX,20170214,52.95,53.75,52.7,52.95,604400
WKHS,20170214,2.89,2.94,2.72,2.84,114600
WLDN,20170214,27,27.68,26.19,27.18,125000
WLFC,20170214,25.49,26.37,25.46,26.2,11900
WLTW,20170214,125.27,125.71,124.19,125.17,650500
WNEB,20170214,9.8,9.8,9.62,9.7,39100
WOOD,20170214,56.12,56.35,55.9,56.35,33800
WOOF,20170214,90.75,90.83,90.75,90.77,1001000
WPRT,20170214,1.19,1.19,1.17,1.18,284100
WRLD,20170214,50.8,52.12,50.52,51.81,86300
WSBC,20170214,41.2,41.71,40.96,41.38,144900
WSBF,20170214,18.5,18.6,18.3,18.6,93500
WSFS,20170214,45.4,46.05,44.85,45.95,107600
WSTG,20170214,17.94,18,17.8,18,5200
WTBA,20170214,23.25,23.4,23.16,23.4,43900
WTFC,20170214,73.17,75.21,72.7,75.03,281500
WTFCM,20170214,27.64,27.93,27.43,27.67,5700
WVE,20170214,29.7,29.7,28.3,29.5,29600
WVFC,20170214,15.25,15.25,14.82,14.82,1600
WVVI,20170214,7.98,7.99,7.94,7.99,1900
WVVIP,20170214,6,6,6,6,0
WWD,20170214,69.72,70.11,69.5,70.06,204000
WYNN,20170214,100.51,100.66,97.6,97.68,1876100
XBIO,20170214,58.32,58.32,54.48,54.48,8000
XBIT,20170214,11.7,11.95,11.49,11.91,44500
XELB,20170214,4.1,4.45,4.05,4.45,3500
XENE,20170214,8.15,8.3,8.1,8.25,94000
XENT,20170214,13.15,13.4,13.1,13.2,129400
XLNX,20170214,59.42,59.44,58.58,58.75,2394500
XLRN,20170214,25.81,26.72,25.5,26.61,377900
XNCR,20170214,23.49,24.06,23.33,23.82,143100
XNET,20170214,3.84,3.84,3.78,3.79,15400
XOG,20170214,18.15,18.62,17.74,18.03,904900
XOMA,20170214,4.88,5.88,4.75,5.82,859500
XONE,20170214,10.1,10.38,10.03,10.2,161600
XRAY,20170214,59.47,59.9,59.39,59.74,2234700
XTLB,20170214,2.7,2.7,2.58,2.66,13700
YNDX,20170214,23.09,23.12,22.58,22.69,3313400
YORW,20170214,34.75,34.75,34.3,34.5,15500
YTEN,20170214,140,152,140,148,7200
YTRA,20170214,9.17,9.19,9.1,9.14,3000
YY,20170214,44.6,44.77,43.89,43.97,710400
Z,20170214,36.39,37.02,35.76,36.3,3342100
ZBRA,20170214,85.32,85.63,84.85,85.37,200800
ZEUS,20170214,25,25.11,23.64,24.17,102700
ZG,20170214,35.99,36.5,35.41,35.72,1166500
ZGNX,20170214,9.45,9.75,9.43,9.65,280900
ZION,20170214,44.03,45.21,43.83,45.08,2456400
ZIOP,20170214,6.5,6.81,6.5,6.78,1101800
ZIXI,20170214,4.95,5.01,4.94,4.95,405900
ZNGA,20170214,2.58,2.74,2.57,2.7,10346300
ZSAN,20170214,37,43,36,40.4,13839800
ZUMZ,20170214,20.3,20.65,20,20.45,464900
ZYNE,20170214,21.36,22.96,21.32,22.74,630000
