AAL,20170914,46.79,46.94,46.12,46.19,5360400
AAME,20170914,3.3,3.35,3.21,3.3,3900
AAOI,20170914,59.31,59.5,56.8,57.27,2058000
AAON,20170914,32.6,32.65,32.2,32.65,68400
AAPL,20170914,39.7475,39.85,39.5225,39.57,23760700
AAWW,20170914,66.75,67.3,65.85,65.95,144300
AAXJ,20170914,72.47,72.69,72.35,72.6,738100
ABCB,20170914,43.5,43.75,43.05,43.2,68300
ABEO,20170914,13.95,14.225,13.75,14,657000
ABIO,20170914,21.6,23.4,21.6,22.5,62100
ABMD,20170914,158.75,159.8,157.64,158.87,257500
ABTX,20170914,34,34.35,33.325,34.1,15100
ABUS,20170914,4.55,4.75,4.55,4.75,262000
ACAD,20170914,36.33,36.7,36.18,36.35,884200
ACBI,20170914,17.25,17.9,15.365,17.7,80200
ACET,20170914,10.66,10.755,10.37,10.42,416600
ACGL,20170914,32.6467,32.7133,32.05,32.16,494400
ACGLO,20170914,25.37,25.45,25.13,25.14,192500
ACHC,20170914,47.74,48.83,47.26,48.76,1347800
ACHV,20170914,610,612,560,596,40000
ACIU,20170914,9.9,11.23,9.86,10.75,138300
ACIW,20170914,22.93,22.93,22.58,22.72,353100
ACLS,20170914,23,23.5,22.95,23.3,233100
ACNB,20170914,27.25,27.25,26.45,26.9,10500
ACOR,20170914,23.05,23.45,22.9,23.1,527100
ACRS,20170914,26.8,27.12,26.38,26.44,348400
ACRX,20170914,3.15,3.2,3,3,1914000
ACST,20170914,1.32,1.34,1.29,1.31,15900
ACTG,20170914,3.8,4.15,3.65,4.05,821000
ACWI,20170914,68.3,68.46,68.25,68.44,358100
ACWX,20170914,48,48.22,48,48.21,127700
ADAP,20170914,8.86,9.04,8.7,8.86,299600
ADBE,20170914,155.37,156.2,154.68,154.95,1676400
ADES,20170914,9.86,9.93,9.68,9.92,65400
ADI,20170914,81.75,83.14,81.71,82.34,2226100
ADMA,20170914,3.58,3.65,3.18,3.29,52300
ADMP,20170914,5.35,5.355,5.1,5.2,736000
ADMS,20170914,20.53,20.9,20.2,20.54,794200
ADP,20170914,106.64,107.23,106.33,106.79,1924400
ADRE,20170914,43.19,43.44,43.18,43.24,26100
ADSK,20170914,115.62,116.14,114.5,115.47,1649600
ADTN,20170914,22.25,22.425,22.2,22.35,214100
ADUS,20170914,34.2,35.3,34.15,35.25,25200
ADVM,20170914,3.2,3.575,3.112,3.45,471200
ADXS,20170914,73.65,76.5,72.9,73.95,1187600
AEHR,20170914,3.65,3.65,3.41,3.45,52700
AEIS,20170914,74.61,76.16,74.61,75.28,195900
AEMD,20170914,38.7,38.7,34.65,35.7,458300
AERI,20170914,55.85,58.55,55.45,57.25,599100
AEY,20170914,1.44,1.45,1.41,1.43,4200
AEZS,20170914,1.98,1.99,1.92,1.93,208700
AFMD,20170914,2.2,2.3,2.15,2.2,188400
AGEN,20170914,4.5,4.52,4.03,4.1,2645800
AGFS,20170914,7.12,7.18,7.03,7.13,86400
AGIO,20170914,65.8,66.42,65.075,65.59,257900
AGLE,20170914,4.45,4.65,4.45,4.59,30800
AGNC,20170914,21,21.035,20.82,21,6415600
AGNCN,20170914,25.28,25.45,25.28,25.38,306900
AGNCP,20170914,25.33,25.34,25.32,25.34,31300
AGRX,20170914,3.76,3.79,3.52,3.76,1026500
AGTC,20170914,4.1,4.1,3.7,3.7,625500
AGYS,20170914,10.57,10.63,10.55,10.61,12700
AGZD,20170914,47.91,48.045,47.91,47.948,700
AHPA,20170914,9.98,9.98,9.98,9.98,100
AHPAU,20170914,10.35,10.35,10.35,10.35,0
AHPAW,20170914,0.4,0.4,0.4,0.4,15000
AHPI,20170914,2.18,2.26,2.18,2.23,8500
AIA,20170914,61.18,61.25,61.05,61.17,23600
AIMC,20170914,46.75,47,46.3,47,101400
AINV,20170914,18,18.09,17.97,18.03,655500
AIRG,20170914,9.46,9.79,9.4,9.4,156000
AIRR,20170914,24.32,24.4,24.32,24.34,14300
AIRT,20170914,16.55,16.6,16.5,16.5,1800
AKAM,20170914,46.57,46.66,46.13,46.6,1521000
AKBA,20170914,17.53,17.79,17.43,17.73,265300
AKTS,20170914,6.81,6.93,6.48,6.54,38700
AKTX,20170914,6.33,7,5.74,5.85,228900
ALBO,20170914,23.3,23.49,22.4,22.77,17000
ALCO,20170914,32.5,34.4,32.1,34,27600
ALDX,20170914,6.8,11.045,6.6,10.8,10131500
ALGN,20170914,183.415,185.485,182.1,184.86,872100
ALGT,20170914,121.45,123.15,119.45,123.1,119400
ALIM,20170914,1.38,1.41,1.35,1.39,120700
ALJJ,20170914,3.1,3.1,2.99,3.05,118300
ALKS,20170914,52.15,52.7,50.95,52.33,725200
ALLT,20170914,5.06,5.16,5.06,5.14,21500
ALNY,20170914,80.66,80.66,78,78.15,724000
ALOT,20170914,13.25,13.4,12.95,12.95,145300
ALPN,20170914,9.85,9.87,9.22,9.41,56800
ALRM,20170914,44.22,44.98,43.84,44.68,507200
ALRN,20170914,11.83,12.68,11.1,11.64,84100
ALT,20170914,2.6,2.68,2.56,2.63,54800
ALTY,20170914,15.63,15.66,15.57,15.59,4800
AMAT,20170914,45.98,47.36,45.78,47.05,12338900
AMBA,20170914,46.02,46.45,45.3,45.46,829500
AMCX,20170914,57.1,57.78,57.02,57.24,579800
AMD,20170914,12.15,12.46,12.11,12.26,37220100
AMED,20170914,51.37,52.87,51.11,52.78,345600
AMGN,20170914,188.37,191.1,187.81,189.44,2318300
AMKR,20170914,9.4,9.49,9.28,9.45,1237800
AMNB,20170914,38,38.1,37.45,37.55,7500
AMOT,20170914,24.77,25.05,24.21,25.02,14800
AMPH,20170914,15.71,15.91,15.65,15.78,107800
AMRK,20170914,16.84,17.24,16.66,16.99,32000
AMRN,20170914,3.2,3.43,3.18,3.36,3478800
AMRS,20170914,3.93,4,3.5,3.74,834500
AMSC,20170914,3.85,4.28,3.85,4.21,232400
AMSF,20170914,56.55,56.9,55.85,56.55,72900
AMSWA,20170914,10.95,10.95,10.7,10.73,39300
AMTX,20170914,1,1,0.94,0.95,12700
AMWD,20170914,88.9,89.4,88.3,89.3,62300
AMZN,20170914,996.8,998.56,987.74,992.21,3913200
ANAB,20170914,32.4,32.61,31.3,31.45,423100
ANAT,20170914,115.9,117.16,115.68,117.04,20700
ANDE,20170914,31.9,32.8,31.8,32.7,80600
ANGI,20170914,12.34,12.34,12.03,12.1,250100
ANGO,20170914,17.8,17.97,17.11,17.95,184100
ANIK,20170914,55.99,56.13,55.4,55.99,98400
ANIP,20170914,50.84,51.38,49.91,50.06,127900
ANSS,20170914,131.43,131.43,128.96,129.15,560400
ANY,20170914,3.9,4.08,3.7,3.74,84700
AOSL,20170914,15.1,15.25,15.05,15.16,57400
APDN,20170914,97.2,104,94.8,98.8,103100
APEI,20170914,18.9,19.3,18.7,18.95,130600
APEN,20170914,4.42,4.44,4.22,4.34,22000
APOG,20170914,44.96,45.13,44.39,44.79,189900
APOP,20170914,40.35,44.35,40.1,41.55,25700
APPF,20170914,44.45,44.8,44.06,44.3,114400
APPN,20170914,26,26.86,25.5,26.43,113100
APPS,20170914,1.37,1.38,1.35,1.36,411700
APTO,20170914,1.47,1.54,1.47,1.54,128900
APVO,20170914,25.2,27.3,24.92,26.74,406800
APWC,20170914,2.945,2.945,2.945,2.945,0
AQB,20170914,7.47,7.68,7.35,7.52,13400
AQMS,20170914,6.58,6.92,6.48,6.51,187800
ARAY,20170914,4.1,4.2,4.1,4.2,297300
ARCB,20170914,29.15,29.15,28.15,28.15,177800
ARCC,20170914,15.7,15.815,15.6,15.76,5862300
ARDX,20170914,5.45,5.55,5.3,5.35,133800
ARGX,20170914,21.06,21.06,21.06,21.06,0
ARKR,20170914,22.7,22.7,22.7,22.7,0
ARLP,20170914,18.65,18.8,18.35,18.65,188700
ARNA,20170914,24,24.36,23.79,24.29,445200
AROW,20170914,32.9,33.105,32.75,32.925,10800
ARRY,20170914,9.65,10.86,9.65,10.8,7097000
ARTNA,20170914,36.93,37.55,36.86,37.3,21700
ARTW,20170914,2.4,2.65,2.4,2.65,24400
ARWR,20170914,3.51,3.525,2.65,2.79,3584500
ASET,20170914,28.2,28.29,28.2,28.29,700
ASMB,20170914,29.35,29.63,28.66,29.47,35700
ASML,20170914,160.7,161.89,160.29,161.43,525500
ASND,20170914,29.06,29.61,28.16,29.23,51100
ASPS,20170914,23.94,24.28,23.61,24.19,174500
ASPU,20170914,6.94,7.2,5.66,6.93,57300
ASRV,20170914,3.95,3.96,3.9,3.9,21500
ASTC,20170914,0.68,0.719,0.665,0.68,89200
ASTE,20170914,50.48,50.79,49.79,50.66,104600
ASUR,20170914,10.37,10.75,10.23,10.53,132800
ASYS,20170914,11.6,11.75,11.42,11.68,295200
ATAI,20170914,4.65,4.69,4.63,4.69,2300
ATAX,20170914,6.1,6.15,6,6.05,98500
ATEC,20170914,2.43,2.44,2.28,2.39,814600
ATHX,20170914,2.01,2.23,1.99,2.15,3252400
ATLC,20170914,2.25,2.27,2.23,2.25,3300
ATLO,20170914,29,29.1,28.85,28.85,5700
ATNI,20170914,54.24,55.12,53.79,54.23,58000
ATNX,20170914,16.4,17.5,15.87,16.38,190800
ATOM,20170914,6.1,6.22,5.74,6,46200
ATOS,20170914,9.12,11.16,6.48,7.32,17295500
ATRA,20170914,15.4,15.81,15.25,15.45,150000
ATRC,20170914,20,20.92,19.85,20.78,319800
ATRI,20170914,670,670,648.15,661.95,9900
ATRO,20170914,28.25,28.515,28,28.5,189900
ATRS,20170914,2.96,2.99,2.92,2.94,1007200
ATSG,20170914,23.65,23.98,23.49,23.75,350700
ATVI,20170914,65.03,65.995,64.68,65.17,4769000
ATXI,20170914,6.13,6.36,5.69,5.79,42500
AUBN,20170914,34.95,34.95,34.95,34.95,0
AUDC,20170914,6.88,6.89,6.62,6.77,76800
AUPH,20170914,6.4,6.43,6.18,6.32,670600
AVAV,20170914,48.71,48.92,48.38,48.65,234800
AVDL,20170914,9.23,9.39,9.06,9.23,131300
AVEO,20170914,35.5,35.5,34,35,2740800
AVGO,20170914,244.62,247.51,243.24,246.95,2864500
AVGR,20170914,112,112,96,96,1202400
AVID,20170914,4.28,4.41,4.27,4.38,247900
AVIR,20170914,0.647,0.735,0.647,0.7,427700
AVNW,20170914,16.54,17,16.54,16.69,48900
AVXL,20170914,4.55,4.65,4.36,4.5,361000
AWRE,20170914,4.85,4.975,4.85,4.85,4700
AXDX,20170914,23.25,23.65,23.155,23.35,253200
AXGN,20170914,18.25,18.4,18.05,18.35,98600
AXON,20170914,19.9,20.05,19.04,19.52,1064000
AXSM,20170914,4.85,4.85,4.75,4.75,38200
AXTI,20170914,8.7,8.75,8.55,8.6,364900
AZPN,20170914,63.87,63.97,63.19,63.77,400500
BANF,20170914,51.85,52.45,51.05,51.15,66900
BANFP,20170914,26.82,26.82,26.82,26.82,0
BANR,20170914,56.65,57.31,56.365,56.58,169300
BANX,20170914,20.45,20.5,20.39,20.39,6600
BATRA,20170914,25.2,25.2,24.72,24.85,35300
BATRK,20170914,25.17,25.22,24.76,24.9,70600
BBBY,20170914,29.22,29.47,28.585,28.86,3556500
BBGI,20170914,11.55,12.1,11.55,12,46300
BBH,20170914,135.27,135.76,134.46,134.56,11300
BBSI,20170914,53.22,54.3,52.94,54.01,46100
BCAC,20170914,9.85,9.85,9.85,9.85,0
BCACU,20170914,10.31,10.31,10.31,10.31,0
BCACW,20170914,0.4,0.4,0.4,0.4,100
BCBP,20170914,12.35,12.5,12.35,12.4,55500
BCLI,20170914,4.2,4.2,4.1,4.11,41800
BCOR,20170914,23.4,23.475,23.2,23.4,272400
BCOV,20170914,6.85,6.98,6.8,6.9,71300
BCPC,20170914,75.86,76.5,75.42,76.4,91400
BCRX,20170914,5.36,5.425,5.115,5.15,2874100
BDSI,20170914,2.9,3,2.85,2.95,398300
BECN,20170914,48.73,49.07,48.01,48.44,526600
BELFA,20170914,24.39,24.39,24.24,24.24,4500
BELFB,20170914,27.7,27.75,26,27.5,31900
BFIN,20170914,15.8,16.02,15.73,15.81,55400
BFIT,20170914,16.22,16.22,16.22,16.22,100
BGCP,20170914,13.25,13.29,13.17,13.2,658200
BGFV,20170914,8.15,8.15,7.7,7.75,566300
BGNE,20170914,75,76.89,73.61,75.99,131200
BHF,20170914,55.12,55.69,54.95,55.62,1115100
BIB,20170914,61.15,61.705,59.94,60.68,112900
BICK,20170914,29.35,29.54,29.35,29.54,6400
BIDU,20170914,235,238.46,234.8,237.33,2511600
BIIB,20170914,323.07,326.2,319.59,323.66,1136400
BIOC,20170914,13.1,13.65,13.1,13.1,311900
BIOL,20170914,2.75,2.9,2.7,2.85,206100
BIS,20170914,20.82,20.97,20.48,20.82,35300
BJRI,20170914,29.55,29.6,28.575,28.9,312400
BKCC,20170914,7.2,7.3,7.19,7.28,396400
BKEP,20170914,5.85,5.95,5.8,5.95,42800
BKEPP,20170914,7.79,7.89,7.79,7.89,9200
BKSC,20170914,18.94,18.94,18.15,18.15,2400
BKYI,20170914,3.1,3.34,3.02,3.06,22100
BL,20170914,35.5,36.32,34.6,34.67,479100
BLBD,20170914,18.3,18.5,18.25,18.4,69000
BLCM,20170914,103.4,109.3,102.2,108,636100
BLDP,20170914,4.91,5.06,4.26,4.29,16025200
BLFS,20170914,4.75,4.75,4.56,4.74,45400
BLIN,20170914,146.5,147.5,144,147.5,10100
BLKB,20170914,84.29,84.63,83.605,84.59,158600
BLMN,20170914,17.48,17.48,17.04,17.14,1812100
BLPH,20170914,15.9,16.5,15.3,15.45,593100
BLRX,20170914,15.75,15.75,15.3,15.6,86600
BLUE,20170914,126.45,136.85,126.2,131.85,1461500
BMRA,20170914,2.86,2.9,2.78,2.88,13600
BMRC,20170914,32.45,33.31,32.45,32.925,15200
BMRN,20170914,92.59,93.32,91.12,91.23,1552700
BMTC,20170914,40.58,40.65,40.05,40.15,24900
BNDX,20170914,54.63,54.65,54.58,54.6,862400
BNFT,20170914,31.45,33.15,31.4,32.95,224400
BNSO,20170914,2.32,2.33,2.22,2.28,22500
BNTC,20170914,20.5,20.9,20,20.5,9000
BOKF,20170914,82.94,83.08,81.76,81.98,62500
BOMN,20170914,16.22,18.6,16.22,17.23,68100
BOOM,20170914,13.7,15,13.7,14.65,61200
BOSC,20170914,1.67,1.69,1.67,1.69,400
BOTJ,20170914,14.83,15,14.15,14.15,9700
BOTZ,20170914,21.2,21.28,21.12,21.28,693600
BPMC,20170914,52.85,58.445,52.32,56.56,862800
BPOP,20170914,40.97,41.12,40.47,40.56,1379000
BPOPM,20170914,22.935,23,22.935,23,600
BPOPN,20170914,24.65,24.87,24.53,24.79,10600
BPRN,20170914,31.52,31.95,31.2,31.32,22700
BPTH,20170914,66,78,66,76,772900
BRID,20170914,12.1,12.1,12.1,12.1,0
BRKL,20170914,13.8,14.45,13.8,14.25,625500
BRKR,20170914,29.93,30.15,29.77,30.09,360300
BRKS,20170914,27.62,28.98,27.55,28.59,1032100
BRQS,20170914,6.15,6.25,6.1,6.1,2200
BSET,20170914,35.7,35.75,34.65,35.3,23400
BSQR,20170914,4.95,5,4.85,4.95,12700
BSRR,20170914,25.17,25.17,24.77,24.86,38800
BTEC,20170914,30.11,30.11,29.81,29.85,1200
BUSE,20170914,29.24,29.28,28.88,28.92,114000
BVXV,20170914,6.33,7.03,6.33,7.03,274400
BWEN,20170914,3.35,3.4,3.33,3.36,37200
BWFG,20170914,35.09,35.25,34.98,35.25,5300
BYFC,20170914,2.19,2.19,2.15,2.15,9600
BYSI,20170914,37.31,37.55,37.31,37.55,400
BZUN,20170914,36.86,37.24,35.45,36.46,3299000
CAAS,20170914,5.47,5.55,5.35,5.48,51200
CAC,20170914,39.87,39.87,38.88,39.29,38400
CACC,20170914,266.42,266.44,263.29,265.35,139000
CACG,20170914,26.13,26.13,25.98,26.05,8900
CAKE,20170914,40.87,40.87,39.78,40.23,1654500
CALA,20170914,15.45,15.7,14.8,15.15,496700
CALM,20170914,37.85,38.05,37.55,38,258400
CAMP,20170914,19.14,19.4,18.97,19.29,208200
CAMT,20170914,5.06,5.15,5.01,5.1,80100
CAPR,20170914,10.2,10.3,9.6,9.7,189900
CAR,20170914,36.39,36.64,35.02,35.27,4044400
CARA,20170914,13.31,13.39,12.87,13.27,802700
CARV,20170914,2.43,2.43,2.43,2.43,100
CARZ,20170914,39.11,39.4,39.11,39.4,6100
CASH,20170914,26.2167,26.5667,25.4167,25.6667,204700
CASI,20170914,1.03,1.43,1.03,1.3,485800
CASS,20170914,61.51,61.58,59.99,60.52,30300
CASY,20170914,106.81,106.81,105.15,105.26,364400
CATH,20170914,30.85,30.85,30.76,30.79,4800
CATY,20170914,36.64,36.73,36.23,36.48,488800
CBAN,20170914,13.3,13.75,13.2,13.2,1100
CBAY,20170914,6.98,7.155,6.75,7.04,566400
CBFV,20170914,27.5,27.55,27.4,27.4,2000
CBIO,20170914,3.83,4,3.8,3.87,215100
CBRL,20170914,149.56,151,147.51,149.01,456100
CBSH,20170914,55.21,55.42,54.55,54.71,313900
CCBG,20170914,21,21.12,20.97,20.98,28000
CCD,20170914,20.23,20.3,20.18,20.28,44500
CCLP,20170914,4.62,4.73,4.6,4.65,52900
CCMP,20170914,73.65,74.44,73.11,73.52,142500
CCNE,20170914,24.79,25.12,24.47,24.64,51400
CCOI,20170914,46,47.7,45.9,46.35,534300
CCRN,20170914,12.5,12.74,12.35,12.65,899400
CCXI,20170914,7.4,7.45,7.25,7.31,47000
CDC,20170914,44.01,44.19,43.7,44.15,22000
CDEV,20170914,17.87,18.05,17.65,17.78,2105500
CDK,20170914,60.7,60.97,60.28,60.86,1146100
CDL,20170914,42.92,43.02,42.88,43,20800
CDNA,20170914,2.7,2.75,2.65,2.73,136300
CDNS,20170914,37.24,38.37,37.17,38.02,5948000
CDTX,20170914,7,7.1,6.8,6.85,132400
CDW,20170914,61.16,61.845,60.648,61.67,952500
CDXC,20170914,4.8,4.8,4.23,4.7,876700
CDXS,20170914,5.85,5.85,5.75,5.8,1124600
CDZI,20170914,11.15,11.2,10.9,11.1,185900
CECE,20170914,7.94,7.94,7.74,7.83,78000
CELH,20170914,6.6,6.63,5.72,5.78,234500
CEMI,20170914,5.95,5.95,5.85,5.95,2700
CENT,20170914,35.88,35.94,35.5,35.67,44000
CENTA,20170914,34.4,34.94,34.13,34.28,118900
CENX,20170914,19.62,19.69,18.95,19.39,1641200
CERN,20170914,70,72.27,69.77,71.94,3677800
CERS,20170914,2.69,2.71,2.635,2.66,560000
CETX,20170914,25.28,26.16,25.2,25.52,56400
CETXP,20170914,7.89,7.9,7.89,7.9,1300
CETXW,20170914,0.48,0.48,0.48,0.48,0
CEVA,20170914,42.1,42.9,41.9,42.6,166100
CFA,20170914,44.81,44.88,44.81,44.83,17400
CFBK,20170914,14.96,15.07,14.08,14.52,24600
CFFI,20170914,48.7,48.7,48.2,48.7,9000
CFFN,20170914,13.97,14.075,13.95,14.005,359400
CFMS,20170914,3.84,3.86,3.785,3.83,73900
CFO,20170914,44.89,44.89,44.76,44.79,44200
CFRX,20170914,8.9,9.2,8.5,8.9,186800
CG,20170914,22.85,23.425,22.5,23.35,1782800
CGBD,20170914,18.4,18.52,18.34,18.5,107800
CGEN,20170914,3.3,3.4,3.25,3.35,24200
CGNT,20170914,2.81,3.26,2.76,2.84,503300
CGNX,20170914,55.05,55.82,55,55.64,475400
CGO,20170914,13.42,13.61,13.4,13.57,26700
CHCI,20170914,1.905,1.905,1.87,1.87,1400
CHCO,20170914,65.28,65.28,63.79,64.14,33800
CHDN,20170914,67.5833,67.7,67,67.1167,64600
CHEF,20170914,16.75,17.05,16.65,16.85,84400
CHEK,20170914,21.24,22.68,21.24,21.96,6800
CHI,20170914,11.32,11.4,11.31,11.39,133500
CHKP,20170914,112.76,113.81,112.3,112.76,541900
CHMG,20170914,40.11,40.17,40.1,40.14,2800
CHNR,20170914,1.98,1.98,1.95,1.95,400
CHRS,20170914,12.9,13.075,12.6,12.9,304000
CHRW,20170914,71.87,71.875,70.22,70.77,3375400
CHSCL,20170914,29.61,29.73,29.3,29.48,92800
CHSCM,20170914,28.22,28.29,28.07,28.08,14300
CHSCN,20170914,29.24,29.725,29.24,29.55,8800
CHSCO,20170914,29.58,29.7,29.56,29.7,30500
CHSCP,20170914,31.11,31.29,31.11,31.28,7200
CHTR,20170914,382.17,384.76,375.76,376,2338000
CHUY,20170914,19.2,19.25,18.8,19.1,254700
CHW,20170914,8.84,8.89,8.82,8.88,176700
CHY,20170914,11.71,11.75,11.68,11.75,162500
CIBR,20170914,21.85,21.85,21.65,21.72,171300
CID,20170914,35.59,35.69,35.54,35.69,3200
CIDM,20170914,1.48,1.5,1.48,1.48,7900
CIGI,20170914,49.7,50,49.6,49.6,34100
CIL,20170914,38.98,39.11,38.98,39.09,2300
CINF,20170914,75.87,76.01,75.25,75.62,461700
CIVB,20170914,21,21.09,20.7,20.85,12300
CIZ,20170914,33.88,33.88,33.68,33.83,14600
CIZN,20170914,23.35,23.35,23.35,23.35,0
CJJD,20170914,1.62,1.63,1.6,1.62,15300
CKPT,20170914,8.5,9.5,8.35,8.9,20300
CLAR,20170914,7.1,7.25,7.1,7.2,40900
CLBS,20170914,3.99,3.99,3.9,3.9,39000
CLDX,20170914,39.3,39.3,38.1,38.4,1496700
CLFD,20170914,12.5,12.8,12.5,12.8,27500
CLIR,20170914,3.15,3.25,3.1,3.25,28600
CLLS,20170914,27.12,28.995,27.1,28.41,206200
CLMT,20170914,8,8.25,7.9,7.95,256500
CLNE,20170914,2.55,2.595,2.49,2.51,803800
CLRB,20170914,16.9,19.2,16.6,18.7,469900
CLRO,20170914,7.65,7.69,7.6,7.65,21600
CLSD,20170914,7.45,7.71,7.3,7.54,58600
CLSN,20170914,1.36,1.42,1.34,1.4,165700
CLVS,20170914,70.71,71.3,69.55,70.03,863200
CLWT,20170914,2.2,2.2,2.2,2.2,0
CLXT,20170914,26.8,29.39,26.5,28.31,231400
CMCO,20170914,32.8,33.1,32.72,32.99,61800
CMCSA,20170914,37.94,38.04,37.57,37.6,26552500
CMCT,20170914,19.45,20.45,19.15,19.75,82700
CME,20170914,131.18,132.17,130.82,132.12,1591900
CMLS,20170914,0.396,0.4,0.375,0.375,152200
CMPR,20170914,93.89,94.9,93.31,94.1,119700
CMRX,20170914,5.05,5.075,4.96,5.02,122200
CMTL,20170914,20.47,20.63,20.295,20.46,62900
CNBKA,20170914,66.5,67.15,66.5,67,9500
CNCE,20170914,14.92,14.93,14.455,14.73,83300
CNCR,20170914,26.39,26.605,26.207,26.237,11800
CNET,20170914,1.09,1.09,1.02,1.03,2800
CNFR,20170914,6.9,6.9,6.8,6.9,2100
CNOB,20170914,22.8,22.95,22.4,22.45,69800
CNSL,20170914,17.51,17.67,17.43,17.67,406700
CNTY,20170914,7.01,7.01,6.83,6.91,60200
CNXN,20170914,25.96,26.365,25.4,26.12,36800
CODA,20170914,4.34,4.37,3.8,4.15,51600
CODX,20170914,5.71,5.73,5.5,5.61,151400
COGT,20170914,4.95,4.95,4.8,4.95,206800
COHR,20170914,250.69,256.85,248.75,249.77,575300
COHU,20170914,19.52,20.15,19.44,19.79,174600
COKE,20170914,210.99,210.99,207.37,208.99,32800
COLB,20170914,38.35,38.39,37.7,37.88,178700
COLL,20170914,10.51,10.635,10.42,10.62,133400
COLM,20170914,59.23,59.23,58.04,58.62,118900
COMM,20170914,33.45,33.46,33.08,33.26,1270900
COMT,20170914,34.57,34.71,34.55,34.59,14600
CONE,20170914,62.09,62.52,61.2,61.6,1531300
CONN,20170914,22.9,23.225,21.95,22.25,817600
COOL,20170914,28,28,26.99,27.57,115500
CORT,20170914,17.95,18.31,17.78,18.06,871000
COST,20170914,162.68,162.68,161.64,162.37,2493300
COUP,20170914,31.18,32.15,31.18,32.11,626400
COWN,20170914,16.6,16.85,16.6,16.8,293400
COWNL,20170914,26.79,26.79,26.64,26.69,1100
CPHC,20170914,11.75,11.8,11.555,11.7,9400
CPIX,20170914,6.9,6.99,6.62,6.67,2800
CPLP,20170914,3.6,3.6,3.53,3.56,427000
CPRT,20170914,32.82,32.82,32.39,32.46,855200
CPRX,20170914,2.56,2.59,2.5,2.57,366500
CPSH,20170914,1.13,1.2,1.13,1.17,45000
CPSI,20170914,28.3,28.6,27.8,28.45,81400
CPSS,20170914,4.52,4.64,4.32,4.32,75300
CPTAG,20170914,24.75,24.75,24.68,24.7,2900
CPTAL,20170914,25.06,25.17,25.01,25.07,39600
CRAI,20170914,37.11,37.32,37.02,37.04,11400
CRBP,20170914,6.65,6.85,6.55,6.8,276700
CREG,20170914,11.5,11.8,11.5,11.8,1500
CRESY,20170914,19.52,19.69,19.4,19.4,33400
CRIS,20170914,10,10,9.1,9.2,2583800
CRMT,20170914,40.4,41.2,40.25,40.8,48500
CRNT,20170914,2.12,2.14,2.11,2.13,116100
CROX,20170914,9.17,9.22,9.07,9.11,686100
CRSP,20170914,18.88,19.11,18.58,19.1,148300
CRTO,20170914,44.6,45,41.32,41.59,3539100
CRUS,20170914,56.6,57.54,56.55,57.2,511000
CRVL,20170914,49.1,51.6,49.1,51.55,30600
CRVS,20170914,16.51,17.05,16.51,16.9,19400
CRWS,20170914,6.55,6.69,6.55,6.6,24900
CSA,20170914,42.2,42.2,41.97,42.05,2900
CSB,20170914,40.31,40.36,40.2,40.3,12800
CSBR,20170914,3.49,3.49,3.19,3.22,46000
CSCO,20170914,31.91,32.22,31.91,32.19,18194800
CSF,20170914,40.9,41.13,40.9,41.01,3400
CSGP,20170914,274.7,276.14,272.59,274.61,208500
CSGS,20170914,38.24,38.3,37.69,37.91,138400
CSII,20170914,30.51,30.81,29.18,30.79,108800
CSIQ,20170914,16.5,17.33,16.39,17.3,1700300
CSML,20170914,25.12,25.25,25.07,25.1,412200
CSOD,20170914,34.86,40.13,34.55,40.03,4048500
CSPI,20170914,10.08,10.37,10.05,10.11,6400
CSQ,20170914,11.94,11.95,11.85,11.92,253400
CSSE,20170914,7.711,7.789,7.035,7.23,135900
CSTE,20170914,29.75,29.75,28.95,29,113900
CSTR,20170914,18.26,18.28,17.135,17.89,31500
CSWC,20170914,16.41,16.69,16.11,16.19,47500
CSWI,20170914,41.7,42.45,41.6,42.15,32900
CSX,20170914,51.84,52.51,51.68,52.08,5714700
CTAS,20170914,134.82,134.82,133.52,134.61,392700
CTBI,20170914,43.15,43.15,42.125,42.35,24300
CTG,20170914,5.17,5.29,5.17,5.17,127100
CTHR,20170914,0.85,0.91,0.85,0.88,48700
CTIB,20170914,4,4,4,4,0
CTIC,20170914,3.3,3.32,3.25,3.32,286400
CTMX,20170914,16.39,16.85,16.31,16.6,304700
CTRE,20170914,19.26,19.55,19.12,19.51,460500
CTRN,20170914,18.75,19.05,18.73,18.98,48900
CTSH,20170914,71.99,72.24,71.5,71.74,3333300
CTSO,20170914,5.8,5.85,5.25,5.3,279100
CTXR,20170914,3.41,3.63,3.4,3.45,22400
CTXRW,20170914,0.8,0.8,0.75,0.75,700
CTXS,20170914,76.78,76.78,76.06,76.63,1250500
CUBA,20170914,7.33,7.38,7.33,7.38,7100
CUTR,20170914,39.15,39.65,37.15,37.45,315600
CVBF,20170914,21.25,21.39,20.99,21.06,377600
CVCO,20170914,134.9,136.05,134.9,135.75,34600
CVCY,20170914,19.9,20.2,19.79,20.1,12900
CVGI,20170914,6.59,6.67,6.5,6.52,133400
CVGW,20170914,70,70.05,69.3,69.8,127900
CVLT,20170914,60.9,61.6,60.65,61.45,250800
CVLY,20170914,26.14,26.33,25.2,25.44,11600
CVV,20170914,11,11.36,11,11.36,6600
CWBC,20170914,10.3,10.35,10.3,10.3,3300
CWCO,20170914,12.15,12.35,12.1,12.2,30400
CWST,20170914,17.72,18.38,17.6,18.19,348200
CXDC,20170914,4.7,4.7,4.65,4.675,6200
CXSE,20170914,39.04,39.265,39.04,39.15,6700
CYAD,20170914,51.68,53.12,51.68,53.12,1000
CYAN,20170914,4.65,4.65,4.45,4.55,5400
CYBE,20170914,15.95,16.1,15.35,15.45,54700
CYBR,20170914,41.89,41.96,41.21,41.44,352100
CYCC,20170914,36.2,37,34.6,35.2,623000
CYCCP,20170914,5.75,5.75,5.75,5.75,0
CYRN,20170914,1.7,1.75,1.7,1.75,6800
CYRX,20170914,9.08,9.2,8.91,9.1,217700
CYTK,20170914,14,14.05,13.45,13.65,270700
CZNC,20170914,22.78,22.96,22.59,22.73,20600
CZR,20170914,11.65,11.85,11.55,11.85,1646200
CZWI,20170914,13.59,13.6,13.51,13.51,1200
DAIO,20170914,8.16,8.35,8.02,8.27,90000
DAKT,20170914,9.86,10.07,9.85,9.93,169800
DARE,20170914,3.39,3.54,3.07,3.15,63200
DAX,20170914,30.23,30.23,30.23,30.23,400
DBVT,20170914,43.64,44.18,43.46,43.83,40200
DCOM,20170914,19,19.25,19,19.2,109500
DCTH,20170914,0.1,0.1,0.09,0.1,84018600
DENN,20170914,11.88,11.88,11.61,11.75,324100
DFFN,20170914,28.35,29.7,27.6,27.6,36900
DGICA,20170914,15.77,15.88,15.64,15.68,8300
DGICB,20170914,13.5,13.5,13.5,13.5,0
DGII,20170914,9.25,9.35,9.15,9.25,61100
DGLY,20170914,2.91,3.04,2.85,2.85,85900
DGRE,20170914,26.09,26.26,26.09,26.26,2600
DGRS,20170914,32.73,32.77,32.68,32.72,6700
DGRW,20170914,37.83,37.93,37.75,37.93,63900
DHIL,20170914,197.66,199.59,196.54,199.59,10300
DIOD,20170914,27.67,27.96,27.48,27.95,243600
DISCA,20170914,21.13,21.53,21.09,21.48,5658200
DISCB,20170914,23.85,23.85,23.85,23.85,0
DISCK,20170914,19.87,20.27,19.82,20.2,3232000
DISH,20170914,53.86,53.98,52.14,53.07,4134900
DJCO,20170914,221.65,224.21,216.75,217,1900
DLHC,20170914,6.11,6.18,5.97,6.16,66900
DLTH,20170914,19.4,19.4,19.04,19.22,94000
DLTR,20170914,84.14,84.4,83.13,83.46,1807200
DMLP,20170914,14.75,14.75,14.5,14.7,91900
DMRC,20170914,32,32.45,31.95,32.05,66400
DORM,20170914,69.27,72.38,68.11,68.4,167300
DOX,20170914,63.32,63.62,63.24,63.41,604000
DRIO,20170914,1.85,1.91,1.69,1.76,15000
DRNA,20170914,3.7,3.75,3.64,3.67,53100
DRRX,20170914,1.61,1.65,1.59,1.6,416900
DSGX,20170914,27.65,28.05,27.45,27.85,90200
DSKE,20170914,12.74,12.98,12.5,12.92,169400
DSKEW,20170914,1.55,1.55,1.51,1.54,31100
DSPG,20170914,12,12.2,11.95,12.2,76600
DSWL,20170914,2.67,2.67,2.65,2.65,9100
DTEA,20170914,5.05,5.1,5,5.075,30700
DVAX,20170914,20.65,21.2,20.5,20.65,1339200
DVY,20170914,93.1,93.59,93.1,93.59,814600
DWAC,20170914,23.45,23.45,23.45,23.45,200
DWAS,20170914,44.74,44.78,44.6,44.63,10600
DWAT,20170914,11.25,11.25,11.25,11.25,300
DWPP,20170914,26.6,26.65,26.6,26.65,2000
DWSN,20170914,4.41,4.48,4.23,4.23,88500
DXCM,20170914,74.43,74.43,72.22,72.35,715500
DXGE,20170914,30.95,31.05,30.95,31.03,190600
DXJS,20170914,40.92,41.06,40.88,41,32500
DXLG,20170914,1.95,2.025,1.9,1.95,216000
DXPE,20170914,28.81,29.67,28.69,29.63,75000
DXYN,20170914,4.15,4.25,4.1,4.1,14300
DYNT,20170914,2.5,2.55,2.45,2.55,900
DZSI,20170914,6.6,6.65,6.46,6.46,4900
EA,20170914,118.74,119.66,117.71,119.19,2543000
EBAY,20170914,38.24,38.585,38.13,38.31,6603700
EBIX,20170914,57.6,58.3,57.3,57.85,72500
EBMT,20170914,17.9,17.9,17.8,17.85,2600
EBSB,20170914,18.55,18.55,18.2,18.25,217000
EBTC,20170914,33.41,34.53,33.1,33.53,2400
ECHO,20170914,15.95,15.95,15.75,15.85,515000
ECOL,20170914,49.75,50.5,49.75,49.95,27500
ECPG,20170914,40.9,41.85,37.3,40.65,142600
EDAP,20170914,3.06,3.06,2.97,2.97,26700
EDIT,20170914,21.1,21.54,20.63,21.1,813600
EDUC,20170914,5.425,5.425,5.425,5.425,300
EEFT,20170914,97.93,98.83,97.63,98.4,250100
EEMA,20170914,69.93,70.2,69.79,70.19,11300
EFAS,20170914,18.23,18.34,18.21,18.34,3400
EFOI,20170914,11.25,13.85,11.15,13.8,113700
EFSC,20170914,39,39.3,38.7,38.9,72600
EGAN,20170914,2.3,2.65,2.3,2.55,182000
EGBN,20170914,63.85,64,62.75,63.05,100300
EGLE,20170914,32.55,32.76,31.36,32.55,458200
EGRX,20170914,59.54,60.44,58.41,59.04,276800
EHTH,20170914,23.04,23.61,22.905,23.13,89100
EIGR,20170914,10.25,10.6,10.2,10.5,43000
EKSO,20170914,18.9,19.2,18.3,18.45,539400
ELSE,20170914,3.7,3.71,3.48,3.5,5300
ELTK,20170914,0.64,0.69,0.61,0.61,8200
EMB,20170914,116.79,116.93,116.73,116.9,814200
EMCB,20170914,73.314,73.314,72.825,72.88,3600
EMCF,20170914,28.3,28.3,28.3,28.3,200
EMIF,20170914,34.14,34.19,34.1,34.19,13100
EMKR,20170914,8.9,8.95,8.775,8.9,103100
EML,20170914,26.25,26.3,25.9,26.2,8200
EMXC,20170914,51.81,51.81,51.81,51.81,600
ENDP,20170914,9.24,9.24,8.56,8.62,6724800
ENG,20170914,1.28,1.3,1.2,1.23,31700
ENPH,20170914,1.28,1.34,1.27,1.3,342900
ENSG,20170914,20.43,20.6,20.27,20.42,136300
ENTA,20170914,42.94,43.4,42.31,43.1,105800
ENTG,20170914,27.15,27.65,27.05,27.35,679400
ENZL,20170914,46.45,46.6,46.45,46.56,18200
EPAY,20170914,30.99,31.1,30.77,30.95,119500
EPIX,20170914,5.7,6.14,5.6,5.82,143900
EPZM,20170914,14.7,16.2,14.7,16,4884700
EQBK,20170914,33.71,34.25,33.71,34.1,40300
EQIX,20170914,457.32,457.655,451.31,454.91,697600
EQRR,20170914,39.78,39.78,39.78,39.78,0
ERIC,20170914,5.66,5.73,5.65,5.7,3094800
ERIE,20170914,121.26,121.26,117.45,118.26,42300
ERII,20170914,6.83,7,6.74,6.88,389100
ESBK,20170914,20.4,20.6,20.4,20.55,9400
ESCA,20170914,12.1,12.3,12.1,12.2,15700
ESEA,20170914,14.16,14.32,13.68,13.76,51200
ESGD,20170914,65.55,65.65,65.46,65.65,1600
ESGE,20170914,34.955,35.0325,34.955,35.0325,2600
ESGR,20170914,209.2,209.2,198,206.45,27200
ESGU,20170914,54.67,54.67,54.62,54.63,9100
ESLT,20170914,136.78,138.13,136.56,137.96,43300
ESPR,20170914,51.03,51.67,49.92,50.67,643900
ESQ,20170914,14.98,15.25,14.98,15.2,17400
ESSA,20170914,15,15.18,14.95,14.95,7200
ESXB,20170914,8.95,9.1,8.45,8.5,133700
ETSY,20170914,17.79,17.9,17.56,17.76,965300
EUFN,20170914,22.96,23.06,22.96,23.04,709500
EVBG,20170914,23.3,23.55,23.14,23.38,290800
EVGBC,20170914,99.98,99.98,99.98,99.98,25300
EVGN,20170914,4.28,4.46,4.28,4.4,7000
EVK,20170914,2.4,2.5,2.4,2.5,4100
EVLMC,20170914,99.94,99.94,99.94,99.94,25100
EVLV,20170914,1.02,1.04,1.01,1.02,47100
EVOK,20170914,3.31,3.45,3.16,3.4,366500
EVOL,20170914,4.7,4.75,4.55,4.55,7300
EVSTC,20170914,99.97,99.97,99.97,99.97,25000
EWBC,20170914,56.29,56.66,55.39,55.45,714600
EWZS,20170914,17.24,17.5,17.18,17.47,39200
EXAS,20170914,42.04,42.23,41.37,41.65,1053500
EXEL,20170914,26.96,27.55,26.9,27.24,4039800
EXLS,20170914,56.35,56.44,55.82,55.95,112900
EXPD,20170914,56.82,57.21,56.765,57.04,1704800
EXPE,20170914,144.87,145.08,142.96,143.38,1047100
EXPO,20170914,34.75,35,34.4375,34.95,169900
EXTR,20170914,11.26,11.485,11.051,11.33,1063100
EYEG,20170914,18,19.2,18,18.45,328400
EYES,20170914,9.6,9.68,9.28,9.44,242000
EYESW,20170914,0.29,0.29,0.29,0.29,0
EZPW,20170914,9.45,9.575,9.3,9.35,541000
FAAR,20170914,29.39,29.39,29.39,29.39,300
FAB,20170914,52.63,52.63,52.4,52.42,1800
FAD,20170914,60.2,60.2,60.1,60.15,1800
FALN,20170914,27.57,27.62,27.57,27.61,5300
FANG,20170914,93.71,95.75,93.43,93.81,1431300
FANH,20170914,10.49,10.5,10.15,10.35,65600
FARM,20170914,31.8,32,30.65,31,55300
FARO,20170914,35.55,36.075,35.3,35.95,76900
FAST,20170914,21.7,21.975,21.6575,21.78,1599900
FATE,20170914,4.34,4.36,4.05,4.23,259400
FB,20170914,172.26,172.28,170.5,170.96,15615600
FBIO,20170914,4.63,4.74,4.56,4.63,165400
FBIZ,20170914,21.31,21.39,21.22,21.29,8700
FBMS,20170914,29.4,29.6,28.95,29.35,11900
FBNC,20170914,31,31.59,30.98,31.19,109200
FBZ,20170914,17.76,17.97,17.75,17.97,7300
FCA,20170914,28.62,28.85,28.62,28.77,1500
FCAL,20170914,50.88,50.89,50.88,50.89,400
FCAP,20170914,36.96,37,35.73,37,6000
FCBC,20170914,26.73,26.73,26.16,26.36,14700
FCCO,20170914,19.9,21,19.6,19.65,4700
FCCY,20170914,17.3,17.4,17.25,17.35,8500
FCEF,20170914,21.83,21.84,21.74,21.84,4200
FCEL,20170914,18.84,19.44,18,18.36,1038900
FCNCA,20170914,336.55,338,334.52,335.23,27400
FCVT,20170914,28.52,28.52,28.43,28.43,4300
FDIV,20170914,51.57,51.57,51.43,51.47,3900
FDT,20170914,58.82,59.09,58.78,59.03,58700
FDTS,20170914,40.85,40.85,40.85,40.85,0
FDUS,20170914,15.75,15.975,15.75,15.85,63900
FEIM,20170914,8.5,8.96,8.5,8.68,15000
FELE,20170914,39.35,40.1,39.25,40.1,136000
FEM,20170914,27.6,27.81,27.6,27.81,58800
FEMB,20170914,44.37,44.55,44.37,44.4,2400
FEMS,20170914,43.41,43.9,43.41,43.9,32500
FENC,20170914,12.5,13.95,11.85,12.19,301300
FEP,20170914,37.19,37.35,37.185,37.31,419200
FEUZ,20170914,42.13,42.18,42.01,42.18,7200
FEX,20170914,54.23,54.34,54.2,54.29,48300
FFBC,20170914,24.7,24.9,24.4,24.5,159200
FFHL,20170914,2.84,2.88,2.65,2.7,19500
FFIC,20170914,27.42,27.68,27.12,27.23,26600
FFIN,20170914,20.125,20.35,20.075,20.25,195600
FFIV,20170914,116.21,117.02,116,116.91,721200
FFNW,20170914,16.24,16.35,15.88,16.02,31500
FFWM,20170914,17.03,17.2,16.9,17.01,37900
FGBI,20170914,28.156,28.255,28.13,28.19,22000
FGEN,20170914,51,52.7,50.3,52.1,890300
FGM,20170914,47.88,48.02,47.86,48.02,4300
FHB,20170914,28.27,28.53,28.2,28.31,380300
FIBK,20170914,35.7,35.755,35.1,35.25,268700
FINX,20170914,20.31,20.42,20.25,20.4,11000
FISI,20170914,26.95,27.4,26.75,26.85,40800
FISV,20170914,61.8,62.05,61.58,61.775,652300
FITB,20170914,26.35,26.49,26.08,26.31,4172100
FITBI,20170914,29.92,30.07,29.86,29.87,12600
FIVE,20170914,50.46,50.46,49.54,49.63,402800
FIVN,20170914,21.66,22.61,21.6,22.54,558900
FIXD,20170914,51.11,51.16,51.11,51.13,25000
FIZZ,20170914,121.66,122.43,119.25,120.04,206400
FJP,20170914,54.47,54.595,54.361,54.595,2200
FKU,20170914,38.08,38.18,37.9,38.11,13300
FLDM,20170914,5.39,5.45,4.96,5.26,233500
FLEX,20170914,16.61,16.636,16.505,16.58,2447100
FLGT,20170914,5.45,5.45,5.1,5.22,52400
FLIC,20170914,27.6,27.8,27.4,27.7,32400
FLL,20170914,2.53,2.54,2.48,2.49,88600
FLN,20170914,22.63,22.71,22.59,22.71,2500
FLWS,20170914,9.6,9.85,9.5,9.55,279200
FLXN,20170914,23.94,24.15,23.28,23.61,528900
FLXS,20170914,47.89,48.25,45.635,46.06,45400
FMAO,20170914,86.05,86.05,81.15,81.15,59700
FMB,20170914,53.55,53.55,53.38,53.38,20500
FMBH,20170914,35.12,35.15,35,35.05,13800
FMBI,20170914,22.33,22.39,21.92,21.98,750800
FMNB,20170914,13.45,13.6,13.25,13.45,26400
FNHC,20170914,13.97,14.07,13.46,13.81,85400
FNK,20170914,33.675,33.719,33.6,33.6,7400
FNLC,20170914,27.05,27.23,26.66,26.72,10300
FNWB,20170914,15.75,15.87,15.67,15.78,17000
FNX,20170914,60.23,60.34,60.125,60.23,19400
FNY,20170914,35.47,35.5,35.34,35.38,34100
FOLD,20170914,13.34,13.55,13.17,13.42,3413100
FONR,20170914,28.85,29.425,26.66,29.4,96000
FORD,20170914,1.2,1.22,1.18,1.2,45400
FORM,20170914,15.5,16,15.5,15.75,557900
FORR,20170914,40.55,40.55,39.75,40,29900
FORTY,20170914,42.417,42.417,41,41.375,900
FOSL,20170914,8.34,8.48,8.12,8.46,1481600
FOX,20170914,26.05,26.13,25.795,26,2354200
FOXA,20170914,26.47,26.58,26.23,26.5,8250200
FOXF,20170914,41.3,41.9,40.9,41.1,219700
FPA,20170914,34.25,34.41,34.25,34.41,3700
FPAY,20170914,5.81,6.56,5.81,6.01,13700
FPXI,20170914,35.31,35.565,35.31,35.5,5800
FRBA,20170914,13.15,13.25,13.05,13.15,9600
FRBK,20170914,8.7,8.75,8.3,8.5,59800
FRGI,20170914,17.55,17.55,16.7,16.95,349500
FRME,20170914,39.43,39.67,38.49,38.59,461200
FRPH,20170914,46.05,46.2,45.5,45.6,12600
FRPT,20170914,16,16.05,15.5,15.7,161900
FRSH,20170914,5.51,5.53,5.1,5.19,140800
FRSX,20170914,5.7,5.81,5.56,5.65,9000
FRTA,20170914,4.47,4.55,4.25,4.46,1535200
FSBC,20170914,15.62,16.22,15.62,15.83,4800
FSBW,20170914,48.98,48.98,47.72,48.16,26900
FSFG,20170914,52.69,52.88,52.69,52.88,600
FSLR,20170914,46.75,48.63,46.605,48.43,1766700
FSTR,20170914,19.6,19.95,19.55,19.8,27700
FSV,20170914,65.2,66.76,64.71,66.52,67500
FSZ,20170914,51.08,51.28,51.07,51.21,6200
FTA,20170914,50.57,50.66,50.55,50.63,25600
FTAG,20170914,26.72,26.72,26.72,26.72,0
FTC,20170914,56.62,56.78,56.59,56.59,35800
FTCS,20170914,47.23,47.23,47.02,47.19,57900
FTEK,20170914,0.87,0.95,0.865,0.93,171400
FTFT,20170914,1.64,1.65,1.61,1.62,18100
FTGC,20170914,20.31,20.4,20.31,20.34,32500
FTHI,20170914,22.25,22.25,22.14,22.23,3800
FTLB,20170914,22.05,22.41,22.03,22.03,2600
FTNT,20170914,37.81,38.12,37.39,38.05,838900
FTRI,20170914,11.899,11.928,11.865,11.928,1500
FTSL,20170914,48.32,48.4,48.28,48.31,179900
FTSM,20170914,60.02,60.02,60,60.02,116300
FTXD,20170914,19.79,19.79,19.77,19.77,500
FTXG,20170914,19.84,19.85,19.84,19.84,4000
FTXH,20170914,20.19,20.19,20.19,20.19,0
FTXL,20170914,26.87,27.05,26.87,26.89,900
FTXN,20170914,18.09,18.09,18.09,18.09,0
FTXO,20170914,26.16,26.16,25.85,25.86,36300
FTXR,20170914,23.54,23.54,23.54,23.54,100
FULT,20170914,17.75,17.75,17.35,17.35,527800
FUNC,20170914,15.35,15.4,15.3,15.3,1100
FUND,20170914,7.43,7.51,7.43,7.5,42800
FUSB,20170914,11.02,11.02,11.01,11.01,900
FV,20170914,25.55,25.66,25.54,25.6,147600
FVC,20170914,23.75,23.9,23.75,23.87,14200
FVE,20170914,1.55,1.6,1.55,1.6,12500
FWONA,20170914,38.03,38.03,37.32,37.48,471000
FWONK,20170914,38.89,39.01,38.27,38.36,1844000
FWP,20170914,6.27,6.34,5.6,6.11,150300
FWRD,20170914,53.64,53.64,52.67,52.88,176200
FYC,20170914,39.35,39.52,39.3,39.45,31700
FYT,20170914,33.8,33.8,33.63,33.75,3700
FYX,20170914,56.18,56.19,55.96,56.14,34300
GABC,20170914,33.85,34.055,33.35,33.51,22800
GAIA,20170914,11.25,11.55,11.25,11.4,34300
GAIN,20170914,9.2,9.25,9.18,9.22,83800
GAINN,20170914,25.6,25.6,25.6,25.6,400
GALT,20170914,1.73,1.73,1.65,1.67,119100
GASS,20170914,3.29,3.31,3.26,3.3,123000
GBCI,20170914,33.66,33.66,32.89,33,444900
GBDC,20170914,18.36,18.6,18.28,18.52,131700
GBLI,20170914,41.13,42.56,41.12,41.43,12600
GBLIL,20170914,26.08,26.16,26.02,26.16,17500
GBT,20170914,26.15,27.15,26.1,26.4,503100
GCBC,20170914,29.1,29.6,28.5,29.45,9000
GDEN,20170914,23.64,23.79,23.515,23.69,39400
GDS,20170914,11.39,11.617,11.27,11.345,137200
GECC,20170914,10.94,10.98,10.61,10.86,7900
GENC,20170914,16.15,16.75,15.95,16,89100
GENE,20170914,3.4,3.76,3.38,3.68,369700
GENY,20170914,31.34,31.34,31.21,31.21,200
GEOS,20170914,15.7,16.8,15.7,16.39,66400
GERN,20170914,2.15,2.17,2.115,2.16,480600
GEVO,20170914,12.28,12.5,11.98,11.98,345900
GFED,20170914,22.64,22.65,22.1,22.65,900
GGAL,20170914,45.8,46.1,45.59,45.74,176700
GIFI,20170914,11.99,12.45,11.99,12.1,71800
GIGM,20170914,2.9,2.99,2.88,2.93,41900
GIII,20170914,29.74,29.74,28.85,29.48,596600
GILD,20170914,83.14,83.14,81.57,82.29,9605300
GILT,20170914,6.1,6.1,6.09,6.1,30200
GLAD,20170914,9.21,9.25,9.13,9.19,108800
GLBL,20170914,4.88,4.95,4.85,4.9,575200
GLBS,20170914,960,1080,960,970,625300
GLBZ,20170914,10.63,11,10.6,10.6,9300
GLDD,20170914,4.5,4.65,4.45,4.6,267800
GLDI,20170914,9.41,9.43,9.39,9.43,5600
GLMD,20170914,7.86,7.89,7.57,7.77,4900
GLNG,20170914,21.16,21.68,20.94,21.07,1160100
GLPG,20170914,102.6,103.54,102.24,103.47,77700
GLPI,20170914,37.75,37.89,37.55,37.59,1125700
GLRE,20170914,21.05,21.1,20.8,20.95,91900
GLYC,20170914,11.16,11.76,11,11.45,298900
GNCA,20170914,43.12,43.12,40,42.08,238700
GNMA,20170914,49.98,49.98,49.9,49.93,4800
GNTX,20170914,19.08,19.2,18.965,19.03,1204800
GNTY,20170914,31.09,31.93,29.51,29.7,41400
GNUS,20170914,3.45,3.65,3.45,3.6,6700
GOGL,20170914,8.89,9.07,8.85,9.04,171300
GOGO,20170914,14.22,14.325,14.12,14.22,936400
GOOD,20170914,21.4,21.83,21.39,21.81,198400
GOODO,20170914,25.66,25.66,25.46,25.51,800
GOOG,20170914,931.25,932.77,924,925.11,1397600
GOOGL,20170914,946,948.03,938.36,940.13,1427300
GPAC,20170914,10.05,10.05,10.05,10.05,300
GPACW,20170914,0.75,0.79,0.67,0.79,14500
GPP,20170914,19.3,19.4,19.23,19.3,17600
GPRE,20170914,20.9,21,19.95,20.05,1148000
GPRO,20170914,11.36,11.6,11.06,11.23,7962100
GRBK,20170914,9.25,9.25,9.05,9.15,103900
GRFS,20170914,21.41,21.54,21.37,21.41,540600
GRID,20170914,47.36,47.74,47.05,47.74,3800
GRMN,20170914,51.92,52.46,51.76,52.31,927300
GROW,20170914,1.37,1.55,1.29,1.51,317400
GRPN,20170914,87,87.6,86.4,86.6,3875500
GRVY,20170914,10.865,12.445,10.865,12.345,39200
GSBC,20170914,51.6,51.7,50.75,50.85,9300
GSIT,20170914,7,7.3,7,7.12,34000
GSM,20170914,13.1,13.135,12.884,13.07,668700
GT,20170914,32.23,32.53,32.08,32.25,2495600
GTHX,20170914,27.195,27.52,26.15,26.47,90200
GTIM,20170914,2.9,3,2.6,2.75,48100
GTYH,20170914,10,10,10,10,0
GURE,20170914,8.9,9.1,8.85,9.05,124600
GWGH,20170914,10.2,10.23,10,10.23,5200
GWRS,20170914,9.63,9.92,9.63,9.8,29800
GYRO,20170914,20.07,20.07,20.07,20.07,100
HA,20170914,41.05,41.9,40.75,40.95,918600
HAFC,20170914,27.7,27.8,27.25,27.3,116700
HAIN,20170914,40.81,41.39,40.59,40.65,1010700
HALL,20170914,10.97,11.13,10.83,11.11,31600
HALO,20170914,15.58,16.35,15.16,15.98,15822200
HAS,20170914,95.38,95.93,94.64,95.07,880900
HAYN,20170914,30.82,31.21,30.5,30.98,84800
HBAN,20170914,13,13.01,12.75,12.8,12740000
HBANN,20170914,25.88,25.88,25.54,25.59,4300
HBANP,20170914,1450,1454,1444,1444,100
HBCP,20170914,42.63,42.75,42.425,42.74,29000
HBIO,20170914,3.15,3.25,3.15,3.2,9900
HBMD,20170914,20.2,20.45,20.2,20.2,24400
HBNC,20170914,17.7667,17.82,17.54,17.5867,37700
HBP,20170914,6.33,6.475,6.03,6.41,69200
HCCI,20170914,20.5,20.55,19.95,20.05,65900
HCKT,20170914,14.15,14.53,14.04,14.44,176100
HCM,20170914,25.4,25.53,25.1,25.53,12500
HCSG,20170914,50.4,50.65,49.95,50.46,298200
HDSN,20170914,9.1,9.24,8.995,9.03,418500
HEAR,20170914,3.16,3.24,3.12,3.16,160600
HEES,20170914,25.78,25.78,25.14,25.36,272700
HELE,20170914,95.3,95.3,94.1,94.8,88100
HEWG,20170914,27.81,27.87,27.79,27.86,201900
HFBL,20170914,26.42,26.42,26.25,26.25,500
HFWA,20170914,26.9,27.1,26.75,27,155800
HGSH,20170914,2.88,2.88,2.56,2.68,5600
HIBB,20170914,14,14.35,13.15,13.25,855200
HIFS,20170914,187.32,188.58,187.32,188,1600
HIHO,20170914,3.55,3.59,3.55,3.59,2600
HIMX,20170914,10.36,10.64,10.04,10.48,5749200
HLG,20170914,20.32,21,18.92,19.86,37800
HLIT,20170914,2.95,2.95,2.85,2.9,800100
HLNE,20170914,22.87,23.39,22.81,23.34,118400
HMHC,20170914,11.2,11.25,11.05,11.15,382300
HMNF,20170914,17.85,18.26,17.85,18.12,800
HMST,20170914,25.8,26,25.3,25.4,137600
HMTV,20170914,12.9,13.2,12.9,13.05,127800
HNNA,20170914,15.79,15.795,15.19,15.25,7400
HNRG,20170914,6,6.23,5.82,5.84,90900
HOFT,20170914,43.55,43.8,43.3,43.6,78200
HOLI,20170914,20.72,21.03,20.65,20.93,176200
HOLX,20170914,37.57,37.83,37.45,37.74,3561400
HOMB,20170914,22.45,22.55,22.27,22.32,1172500
HONE,20170914,9.6999,9.9171,9.6999,9.8113,19500
HOPE,20170914,16.25,16.53,16.145,16.22,641800
HOVNP,20170914,6.25,6.25,6.25,6.25,200
HQY,20170914,45.35,46.6,45,45.82,542100
HRTX,20170914,14.9,15.05,14.5,14.65,441500
HRZN,20170914,10.72,10.8,10.72,10.76,23000
HSIC,20170914,168.35,168.35,160.34,161.15,2224300
HSII,20170914,18.8,18.9,18.45,18.75,139600
HSKA,20170914,90.3,94.1,89.51,92.28,146400
HSON,20170914,14.5,14.7,14.4,14.5,35400
HSTM,20170914,23.73,23.8,23.61,23.65,109400
HTBI,20170914,24.05,24.55,24.05,24.5,118700
HTBK,20170914,13.8,13.96,13.32,13.75,80700
HTBX,20170914,6,6.38,5.85,6.21,824300
HTGM,20170914,1.92,1.96,1.85,1.88,172500
HTHT,20170914,28.3,28.4385,27.8488,28.1,381400
HTLD,20170914,22.61,22.65,22.31,22.34,442500
HTLF,20170914,44.7,44.75,43.8,44.1,70300
HUBG,20170914,39.5,40,39.25,39.5,241700
HURC,20170914,36.9,37.85,36.9,37.25,21500
HURN,20170914,32.55,33.24,32.25,33.05,207100
HVBC,20170914,14.39,14.39,14.27,14.35,1500
HWBK,20170914,20,20.75,20,20.4,4300
HWKN,20170914,37.85,38.1,37.6,37.9,17500
HYLS,20170914,49.18,49.26,49.17,49.23,115300
HYZD,20170914,23.99,24.03,23.98,24.03,4500
HZNP,20170914,12.65,12.78,12.16,12.29,3391600
IAC,20170914,115.58,115.82,113.57,114.06,805000
IART,20170914,52.02,52.35,51.85,52.21,562400
IBB,20170914,333.6,334.94,330.12,332.06,1352000
IBCP,20170914,20.65,20.8,20.4,20.5,36300
IBKR,20170914,41.98,42.29,41.6,42.02,289900
IBOC,20170914,36.85,37.1,36.75,37,272800
IBTX,20170914,57.6,57.9,57.15,57.35,126100
ICAD,20170914,3.76,3.85,3.71,3.73,6800
ICBK,20170914,29.94,30.37,29.94,30.2,8400
ICCC,20170914,6.1,6.29,6.1,6.27,2100
ICCH,20170914,17.13,17.13,17.13,17.13,0
ICFI,20170914,48.65,48.7,45.6,47.85,82500
ICHR,20170914,23.89,24.9,23.68,24.66,478700
ICLN,20170914,9.18,9.27,9.16,9.27,23700
ICLR,20170914,112.55,112.55,111.12,111.59,393300
ICPT,20170914,90.73,92.31,85.88,87.41,2048300
ICUI,20170914,179.8,182.45,179.8,181.2,108200
IDCC,20170914,70.1,70.4,69.35,70.25,175200
IDLB,20170914,28.76,28.9,28.75,28.89,8600
IDRA,20170914,16,16.24,15.76,16,786700
IDXX,20170914,158.19,159.71,157.89,158.8,384800
IEF,20170914,107.43,107.58,107.4,107.56,1377400
IEI,20170914,124.05,124.18,124.04,124.17,143900
IEP,20170914,53.91,54.3,53.37,53.69,59100
IESC,20170914,16.75,16.9,16.7,16.85,49500
IEUS,20170914,55.3,55.51,55.28,55.51,17200
IFGL,20170914,29.57,29.69,29.57,29.69,25700
IFMK,20170914,14.89,15.28,13.82,15.28,22700
IFV,20170914,21.52,21.61,21.46,21.61,121800
IGF,20170914,45.95,46.15,45.76,46.13,106200
IGOV,20170914,49.68,49.83,49.63,49.82,41100
III,20170914,3.67,3.67,3.59,3.59,73600
IIN,20170914,11,11.45,10.9,11.4,92600
IIVI,20170914,38.45,39.1,38.3,38.6,519900
IJT,20170914,156.73,156.89,156.22,156.63,181600
IKNX,20170914,8.56,8.76,8.45,8.76,4500
ILMN,20170914,212.59,212.61,210.6,211.04,676300
IMGN,20170914,7.02,7.18,6.87,6.9,3005100
IMKTA,20170914,24.1,24.3,23.9,23.95,103400
IMMR,20170914,7.29,7.56,7.23,7.54,100100
IMOS,20170914,18.91,18.92,18.76,18.78,30900
IMRN,20170914,5.73,6.21,5.73,5.88,9500
IMRNW,20170914,0.9,0.9,0.9,0.9,0
IMTE,20170914,7.75,7.75,7.75,7.75,1100
INBK,20170914,31.05,31.55,30.81,31.05,12000
INCR,20170914,54.6,54.775,54,54.45,966100
INCY,20170914,124.25,124.71,119.54,119.76,1957100
INDB,20170914,70.25,70.45,69.2,69.55,69500
INDY,20170914,35.42,35.61,35.42,35.51,83000
INFI,20170914,1.22,1.25,1.2,1.21,349700
INFN,20170914,8.35,8.35,8.15,8.27,1095700
INFR,20170914,29.51,29.87,29.51,29.74,700
INGN,20170914,103.83,104.04,102.3,103.59,265000
INO,20170914,5.92,5.97,5.86,5.92,943600
INOD,20170914,1.45,1.5,1.45,1.45,8900
INOV,20170914,16,17.15,16,16.8,1604700
INPX,20170914,12420,14580,12420,13230,1242000
INSE,20170914,12.75,13.05,12.6,13,10300
INSG,20170914,1.25,1.29,1.21,1.24,56100
INSM,20170914,27.85,28.27,27.28,27.99,1208800
INTC,20170914,36.19,36.695,36.16,36.48,18093900
INTG,20170914,24.65,28.35,24.65,26.7,7000
INTU,20170914,141.34,142.09,140.58,142.08,1264800
INVA,20170914,14.04,14.15,13.85,14.05,941800
INVE,20170914,4.34,4.48,4.34,4.43,71000
IONS,20170914,57.41,58.72,56.76,58.37,856900
IOSP,20170914,56,56.7,55.75,56.45,53000
IOVA,20170914,7.5,7.95,7.4,7.65,661900
IPAR,20170914,40.2,40.4,39.55,39.8,47900
IPDN,20170914,4.93,4.93,4.62,4.78,24400
IPGP,20170914,178.5,180.55,177.81,179.92,271800
IPKW,20170914,34.84,34.97,34.76,34.97,33400
IPWR,20170914,26.5,27.5,25,25.4,125100
IRBT,20170914,86.48,87.49,80.12,81.85,3577700
IRCP,20170914,57.03,57.03,57.01,57.01,300
IRDM,20170914,9.75,9.9,9.725,9.8,313500
IRIX,20170914,9.56,9.59,9.07,9.44,27300
IRMD,20170914,9.95,10.15,9.95,10.1,8600
IROQ,20170914,19.58,19.58,19.58,19.58,0
IRTC,20170914,49.08,49.45,48.86,49.09,262700
IRWD,20170914,15.81,16.09,15.66,16.04,836400
ISBC,20170914,13.3,13.35,13.195,13.25,4977900
ISHG,20170914,84.82,84.82,84.82,84.82,0
ISIG,20170914,1.15,1.15,1.08,1.11,10800
ISRG,20170914,1040.76,1045.09,1037.55,1040.5,214200
ISSC,20170914,3.35,3.36,3.26,3.26,9600
ISTB,20170914,50.27,50.32,50.27,50.3,69200
ISTR,20170914,22.45,22.85,21.85,22.5,35200
ITCI,20170914,20.25,20.39,19.16,19.5,574800
ITI,20170914,6.29,6.39,6.27,6.3,61300
ITIC,20170914,175.44,177.44,175.44,177.44,900
ITRI,20170914,71.85,72.5,71.55,72,123200
ITRN,20170914,33.95,34.05,33.85,33.95,38600
IUSB,20170914,51.16,51.21,51.16,51.2,92600
IUSG,20170914,50.43,50.48,50.28,50.42,236700
IUSV,20170914,51.68,51.75,51.67,51.75,229000
IVAC,20170914,8.8,8.85,8.55,8.6,47900
IXUS,20170914,60.58,60.81,60.545,60.79,288400
IZEA,20170914,1.79,1.89,1.79,1.83,2900
JACK,20170914,97.65,97.65,96.38,96.62,345200
JAGX,20170914,514.5,567,514.5,525,317600
JAKK,20170914,31,32,31,31,49600
JAZZ,20170914,152,152.86,150.39,150.72,400900
JBHT,20170914,100.19,100.78,99.33,99.83,1322000
JBLU,20170914,19.34,19.49,19.3,19.37,6230800
JBSS,20170914,63.69,63.96,62.88,63.1,44500
JCS,20170914,4.175,4.23,4.1,4.11,14400
JCTCF,20170914,6.925,6.995,6.925,6.995,400
JD,20170914,44.84,45.93,44.52,45.25,12954200
JJSF,20170914,125.73,127.315,124.9,126.45,47400
JKHY,20170914,101.99,102.31,101.27,102.02,222700
JNCE,20170914,15,15.89,14.91,15.19,330000
JOBS,20170914,59.55,60.44,59.08,60.41,248300
JOUT,20170914,64.92,65,64.04,64.25,29200
JRJC,20170914,22.4,23.6,22,23,121600
JRVR,20170914,40.92,40.98,39.84,40.28,112800
JSM,20170914,24.22,24.42,23.63,24.08,8000
JSMD,20170914,34.43,34.83,34.43,34.83,1400
JSML,20170914,33.87,33.87,33.87,33.87,0
JVA,20170914,4.26,4.345,4.18,4.31,18400
JYNT,20170914,4.69,4.81,4.52,4.7,18600
KALA,20170914,26.2,26.75,25.91,26.53,217500
KALU,20170914,96.51,96.61,95.36,95.93,109300
KALV,20170914,8.38,8.81,7.85,8.01,43700
KBAL,20170914,17.57,17.59,17.19,17.34,66800
KBSF,20170914,2.56,2.65,2.15,2.4,19300
KBWB,20170914,48.66,48.75,48.27,48.33,1164200
KBWD,20170914,23.19,23.25,23.11,23.17,50400
KBWP,20170914,57.66,57.66,56.645,56.692,16400
KBWR,20170914,51.3,51.32,50.6,50.73,12200
KBWY,20170914,37.22,37.26,37.07,37.24,74900
KE,20170914,19.8,20.1,19.65,20.1,25100
KELYA,20170914,22.18,22.26,21.99,22.03,166500
KELYB,20170914,20.95,20.95,20.95,20.95,0
KEQU,20170914,28.5,28.95,28.5,28.95,5600
KFFB,20170914,9.135,9.135,9.135,9.135,0
KFRC,20170914,18.45,18.45,18.15,18.3,74800
KHC,20170914,81.98,82,81,81.28,2987900
KINS,20170914,14.85,15.1,14.85,14.9,21200
KIRK,20170914,11.48,11.48,11.07,11.08,77000
KLAC,20170914,96.58,97.94,96.42,97.46,994400
KLIC,20170914,19.02,19.29,18.86,19.13,327000
KMDA,20170914,4.65,4.725,4.35,4.6,118000
KMPH,20170914,3.3,3.43,3.24,3.35,386000
KNDI,20170914,5.2,5.3,4.6,4.7,665100
KNSL,20170914,41.11,41.14,40.5,40.85,117500
KOPN,20170914,4.06,4.11,4,4.03,263700
KOSS,20170914,1.51,1.51,1.46,1.46,3000
KPTI,20170914,10.58,10.665,10.31,10.57,116400
KRMA,20170914,17.99,17.99,17.94,17.99,12800
KRNT,20170914,17.15,18.15,17.15,17.95,246500
KRNY,20170914,14.2,14.475,14.2,14.4,437900
KTCC,20170914,6.77,6.93,6.77,6.82,5100
KTOS,20170914,11.93,11.94,11.55,11.55,2596600
KURA,20170914,11.85,13.35,11.4,13.25,1158900
KVHI,20170914,11.3,11.5,11.15,11.4,22300
LAKE,20170914,14.2,14.25,13.55,13.55,122300
LAMR,20170914,63.25,63.84,62.59,63.8,934100
LANC,20170914,117.74,118.7,117.52,117.74,133300
LAND,20170914,12.7,12.77,12.665,12.76,117800
LARK,20170914,28.3,28.3,27.51,27.52,4200
LAUR,20170914,14.87,14.94,14.365,14.66,1302500
LAWS,20170914,23.66,24.3,23.66,24.2,7500
LBAI,20170914,18.65,18.85,18.5,18.6,277000
LBRDA,20170914,99.26,99.31,97.69,97.76,134500
LBRDK,20170914,101.77,101.77,99.48,99.49,1305100
LBTYA,20170914,32.36,32.55,32.13,32.42,1671000
LBTYB,20170914,32.05,32.35,32.05,32.2,800
LBTYK,20170914,31.6,31.77,31.32,31.58,2115400
LCA,20170914,10.04,10.04,10.03,10.03,1300
LCAHU,20170914,10.71,10.71,10.71,10.71,900
LCAHW,20170914,0.75,0.75,0.75,0.75,200
LCNB,20170914,19.3,19.3,19,19.25,7800
LCUT,20170914,17.55,17.75,17.55,17.7,10800
LE,20170914,12,12.1,11.85,11.9,96900
LECO,20170914,89.49,90.41,89.4,89.95,233800
LEDS,20170914,1.8,1.83,1.73,1.82,17000
LFUS,20170914,184.74,185.54,184.1,184.94,133800
LFVN,20170914,3.97,4.22,3.97,4.08,48300
LGIH,20170914,45.04,45.49,44.94,45.06,189900
LGND,20170914,137.6,137.68,134.83,135.3,416500
LHCG,20170914,65.26,65.765,64.38,64.81,149500
LIFE,20170914,46.2,49,45.5,46.2,71000
LILA,20170914,25.51,25.68,25.4,25.46,376000
LILAK,20170914,25.14,25.25,24.9,24.93,568900
LINC,20170914,2.52,2.55,2.49,2.55,37300
LIND,20170914,10.91,11,10.82,10.95,125800
LINK,20170914,8,9,7.6,8.85,1300
LITE,20170914,58.2,58.62,56.45,57,1672900
LIVE,20170914,10.79,11.17,10.36,10.69,51000
LIVN,20170914,64.79,68.15,64.53,68.07,857200
LJPC,20170914,31.65,31.885,31.09,31.38,211800
LKFN,20170914,44.32,44.68,44.135,44.33,60600
LKQ,20170914,35.41,35.63,35.3,35.61,1398200
LLNW,20170914,3.59,3.685,3.568,3.6,255200
LMAT,20170914,37.95,38.26,37.72,38.09,101600
LMB,20170914,13.22,13.4,13.12,13.23,2000
LMBS,20170914,52.07,52.14,52.04,52.09,255000
LMFA,20170914,21.3,43.6,21.3,29.6,1922100
LMNR,20170914,21.6,22.42,21.5,22.08,29000
LMRK,20170914,16.6,16.775,16.555,16.6,22600
LMRKO,20170914,25.1,25.26,25.1,25.26,8900
LMRKP,20170914,25.45,25.45,25.36,25.45,1600
LNDC,20170914,12.75,12.85,12.55,12.65,24200
LNTH,20170914,17,17.525,16.85,17.45,480800
LOAN,20170914,5.95,6,5.7,6,22900
LOB,20170914,22.15,22.2,21.65,21.85,57300
LOCO,20170914,11.6,11.7,11.325,11.45,613900
LOGI,20170914,37.05,37.3,36.94,37.13,200700
LOPE,20170914,81.83,82.14,80.98,81.34,282900
LORL,20170914,44.25,44.5,43.85,44,33900
LPCN,20170914,4.15,4.18,4.07,4.09,67700
LPLA,20170914,47.28,47.685,46.72,46.87,481000
LPSN,20170914,13.45,13.55,13.35,13.5,91900
LPTH,20170914,2.6,2.6,2.22,2.41,569800
LPTX,20170914,6.03,6.14,5.86,6.05,25500
LQDT,20170914,5.55,5.8,5.55,5.7,179400
LRCX,20170914,170.84,174.37,170.29,172.58,1942200
LRGE,20170914,26.78,26.78,26.78,26.78,0
LSBK,20170914,15.98,15.98,15.98,15.98,400
LSCC,20170914,5.42,5.89,5.4,5.7,2863100
LSTR,20170914,94.55,94.825,92.7,94.15,516800
LSXMA,20170914,41.74,41.88,41.44,41.66,427500
LSXMB,20170914,41.91,41.91,41.91,41.91,0
LSXMK,20170914,41.76,41.835,41.37,41.53,432100
LTBR,20170914,13.56,13.56,13.32,13.32,53800
LTRPA,20170914,14,14,13.35,13.35,652100
LTRPB,20170914,13.5,13.5,13.5,13.5,0
LTRX,20170914,1.96,1.99,1.96,1.96,19000
LULU,20170914,61.25,61.36,59.79,61.12,1943300
LUNA,20170914,1.58,1.61,1.575,1.59,46600
LVHD,20170914,30.43,30.56,30.42,30.5,54900
LWAY,20170914,8.35,8.38,8.23,8.35,18000
LXRX,20170914,13.72,13.76,11.8,12.39,4090100
LYTS,20170914,5.8,6.5,5.8,6.47,351500
MACK,20170914,13.99,14.24,13.72,14.15,214200
MACQ,20170914,10.12,10.12,10.12,10.12,0
MACQU,20170914,10.38,10.38,10.38,10.38,0
MACQW,20170914,0.325,0.325,0.325,0.325,0
MANH,20170914,42.18,43.36,41.87,43.19,541600
MANT,20170914,40.57,40.86,40.18,40.45,226400
MAR,20170914,106.34,106.96,105.65,106.39,3517500
MARA,20170914,1.4,1.52,1.36,1.52,1055200
MARK,20170914,3.69,4.19,3.51,4.03,418500
MARPS,20170914,3.87,4.1,3.87,4.01,8900
MASI,20170914,85.55,85.64,84.9,85.36,470400
MAT,20170914,16,16.17,15.715,15.84,7087400
MATW,20170914,59.4,60.95,58.375,58.85,118900
MAYS,20170914,35.5,35.5,35.5,35.5,0
MBB,20170914,107.3,107.32,107.24,107.3,550800
MBCN,20170914,22.925,22.925,21.925,21.925,15500
MBII,20170914,1.16,1.16,1.1,1.12,100900
MBIO,20170914,12.42,12.45,11.99,12.1,35300
MBOT,20170914,15.9,15.9,15.3,15.75,510400
MBRX,20170914,2.63,2.66,2.55,2.63,253200
MBUU,20170914,27.28,27.47,27.1,27.42,115000
MBWM,20170914,31.05,31.36,30.9,30.91,29500
MCBC,20170914,9.7,9.71,9.53,9.61,17500
MCEF,20170914,19.38,19.38,19.38,19.38,0
MCFT,20170914,18.17,18.54,18.03,18.33,71200
MCHI,20170914,62.88,63.21,62.81,63.1,3590500
MCHP,20170914,88.21,89.73,88.18,89.24,3188800
MCHX,20170914,3.11,3.16,3.09,3.13,71900
MCRB,20170914,13.71,14.45,13.32,14.34,168600
MCRI,20170914,35.15,35.32,34.485,34.88,20200
MDGL,20170914,18.03,18.3,17.99,18.14,72900
MDGS,20170914,7.72,7.8,7.72,7.8,400
MDIV,20170914,19.24,19.31,19.22,19.31,210000
MDLZ,20170914,41.12,41.27,40.55,40.68,8554600
MDRX,20170914,13.54,13.65,13.45,13.61,1372500
MDWD,20170914,5.65,5.85,5.65,5.75,12400
MDXG,20170914,13.4,13.69,12.87,13.61,3103200
MEDP,20170914,31.27,31.58,30.63,30.81,140500
MEIP,20170914,2.68,2.7,2.54,2.64,269300
MELI,20170914,290.57,292.44,287.54,287.92,465300
MEOH,20170914,52.45,52.6,51.5,51.65,862800
MERC,20170914,11,11.05,10.85,10.9,73400
MESO,20170914,5.62,5.66,5.39,5.55,14200
METC,20170914,7.24,7.24,6.955,7.1,71200
MFIN,20170914,2.27,2.28,2.21,2.22,97800
MGEE,20170914,64.55,65.55,64.25,65.55,62100
MGI,20170914,16.41,16.49,16.02,16.12,1252200
MGIC,20170914,8.45,8.7,8.375,8.55,46900
MGLN,20170914,82.3,83.25,81.1,83.1,122700
MGNX,20170914,16.94,17.18,16.33,17.1,156000
MGPI,20170914,58.89,59.62,58.39,58.83,87800
MGRC,20170914,41.05,41.13,40.37,40.88,48900
MGYR,20170914,12.17,12.17,12.17,12.17,0
MHLD,20170914,7.75,7.775,7.225,7.25,616100
MICT,20170914,0.89,0.97,0.87,0.95,381000
MIDD,20170914,124.1,124.1,120.24,120.6,438000
MILN,20170914,18.05,18.07,18,18.07,3700
MIME,20170914,27.99,28.37,27.63,27.83,184100
MIND,20170914,3.54,3.66,3.4,3.42,8000
MINDP,20170914,23,23,23,23,700
MITK,20170914,9.85,10.05,9.65,9.8,301800
MKSI,20170914,85.9,87.4,85.45,86.55,471100
MKTX,20170914,181.13,182.03,178.895,181.21,184000
MLAB,20170914,141.49,146.32,141.45,144.54,16000
MLCO,20170914,22.67,22.8,22.54,22.6,1410500
MLHR,20170914,34.7,34.8,33.95,34.1,366100
MLVF,20170914,24.55,24.6,24.35,24.5,5000
MMLP,20170914,16.5,16.825,16.5,16.8,104600
MMSI,20170914,41.4,42.6,41,42.1,463700
MMYT,20170914,34.05,34.35,33.8,34,296900
MNDO,20170914,2.47,2.5,2.46,2.49,20800
MNKD,20170914,2.26,2.3,2.2,2.25,2572500
MNOV,20170914,5.59,5.67,5.45,5.53,118300
MNRO,20170914,50.1,50.3,48.95,50.25,166100
MNST,20170914,56.33,56.64,55.96,56.58,2232800
MNTX,20170914,9.08,9.35,8.99,9.16,57000
MOFG,20170914,33.9,33.96,33.08,33.29,26000
MOMO,20170914,37.28,37.28,36.55,36.79,4485900
MORN,20170914,81.18,81.76,80.51,81.59,44000
MOSY,20170914,20,20,19,19.2,79100
MOXC,20170914,14.4,14.95,14.4,14.4,7700
MPAA,20170914,26.82,27.51,26.82,27.31,106100
MPAC,20170914,9.73,9.74,9.73,9.74,2100
MPACU,20170914,10.1,10.1,10.1,10.1,300
MPACW,20170914,0.42,0.42,0.42,0.42,0
MPB,20170914,29.5,29.5,29.3,29.5,1400
MPWR,20170914,103.69,104.7,102.62,102.77,370000
MRAM,20170914,15.91,16.21,15.74,16,72900
MRCC,20170914,13.85,13.93,13.56,13.75,160200
MRCY,20170914,46.9,47.24,46.525,47.21,230700
MRLN,20170914,27.45,27.45,27.1,27.15,19200
MRNS,20170914,15.68,16.6,15.68,16.04,2188400
MRSN,20170914,17,17.385,16.8,17.18,85500
MRTN,20170914,12.4667,12.4667,12.2167,12.2667,86200
MRTX,20170914,4.8,4.9,4.75,4.75,472700
MRUS,20170914,15.54,15.54,15.14,15.48,6500
MRVL,20170914,17.69,18.38,17.56,18.28,10066600
MSBI,20170914,31.18,31.85,30.21,30.41,96200
MSEX,20170914,38.79,39.22,38.38,39.01,17600
MSFT,20170914,75,75.49,74.52,74.77,15733900
MSON,20170914,10.15,10.15,10.08,10.15,2600
MSTR,20170914,132.05,132.18,129.7,130.1,87400
MTBC,20170914,1.41,1.42,1.39,1.4,99300
MTBCP,20170914,25.7,25.7,25.37,25.37,1000
MTCH,20170914,22.89,23.03,22.7,22.86,1045600
MTEM,20170914,6.56,6.93,6.38,6.74,144000
MTEX,20170914,15.6,15.6,15.45,15.45,1100
MTLS,20170914,14,14,13.55,13.76,22500
MTP,20170914,109,111.5,109,111.5,400
MTRX,20170914,14.5,14.74,14.15,14.4,453200
MTSI,20170914,42.84,44.21,42.84,43.44,474900
MU,20170914,34.43,34.85,34.3,34.58,23007000
MVIS,20170914,3.2,3.22,2.87,2.9,1526700
MYGN,20170914,32.46,32.78,32.17,32.75,503600
MYRG,20170914,26.74,27.35,26.36,26.93,91000
MYSZ,20170914,0.79,0.79,0.72,0.78,44600
NAII,20170914,11,11,10.9,10.9,2900
NAKD,20170914,700,710,690,690,27200
NATH,20170914,68.3,70.4,68.3,70.1,15100
NATI,20170914,40.36,40.6,40.16,40.48,272600
NATR,20170914,9.65,10,9.45,9.9,22500
NAVI,20170914,14.22,14.35,13.76,13.78,3936800
NBEV,20170914,3.8,3.91,3.72,3.81,221800
NBIX,20170914,57.16,58,56.55,56.91,455600
NBN,20170914,21.8,23.35,21.8,23.05,96600
NBRV,20170914,8.57,8.69,8.42,8.48,13200
NBTB,20170914,33.91,34.305,33.22,33.67,148100
NCBS,20170914,55.37,55.95,54.48,54.77,15400
NCMI,20170914,5.78,5.83,5.7,5.81,479600
NCSM,20170914,21.69,21.9,21.35,21.74,52500
NCTY,20170914,28.5,29.4,28.2,29.1,52900
NDAQ,20170914,74.34,74.74,74.3,74.7,1198200
NDLS,20170914,4.95,5,4.65,4.7,172800
NDRA,20170914,2.6,3,2.6,3,5200
NDSN,20170914,113.19,113.28,112.38,112.85,331600
NEO,20170914,10.06,10.59,9.96,10.58,282600
NEOG,20170914,53.2875,53.7,52.74,53.5575,129700
NEON,20170914,12,12.2,11.9,12.1,48300
NEPT,20170914,0.84,0.87,0.84,0.86,133500
NERV,20170914,7.35,7.45,7.1,7.35,283600
NESR,20170914,9.62,9.62,9.58,9.6,4500
NESRW,20170914,0.475,0.5,0.467,0.467,2900
NETE,20170914,0.52,0.565,0.43,0.455,2738200
NEWT,20170914,17.69,17.83,17.63,17.74,105300
NEWTL,20170914,25.46,25.46,25.34,25.41,1900
NEWTZ,20170914,26.75,26.75,26.75,26.75,0
NEXT,20170914,10.62,10.7,10.15,10.15,484500
NFBK,20170914,16.06,16.22,15.96,15.99,43800
NFLX,20170914,183.25,185.29,182.07,182.63,4510700
NH,20170914,4.47,4.77,4.42,4.68,322800
NHTC,20170914,21,22.4,20.9,21.74,89700
NICE,20170914,79.67,80.27,79.4,79.63,88800
NICK,20170914,8.65,8.85,8.65,8.81,4400
NKSH,20170914,38.65,40.85,38.4,39.45,29000
NKTR,20170914,21.65,22.07,21.34,22,831100
NMIH,20170914,11.1,11.25,10.975,11,295000
NNBR,20170914,26.6,26.95,26.35,26.9,98300
NNDM,20170914,50.8,52.1,50.8,51.7,2900
NODK,20170914,16.6,17.585,16.55,17.36,129900
NOVN,20170914,6.58,6.97,6.32,6.97,83000
NOVT,20170914,42.1,42.85,41.8,42.5,290700
NRIM,20170914,30.35,30.75,30.2,30.3,85000
NSEC,20170914,12.49,12.55,12.11,12.37,4800
NSIT,20170914,40.35,40.81,40.01,40.46,114800
NSSC,20170914,8.8,9.1,8.8,9,15400
NSTG,20170914,16.58,16.58,15.885,16.25,237500
NSYS,20170914,3.44,3.44,3.44,3.44,300
NTAP,20170914,40.17,40.69,39.95,40.65,2896100
NTCT,20170914,32.2,32.9,31.95,32.45,1105900
NTES,20170914,53.888,54.198,53.21,53.7,1009000
NTGR,20170914,46.75,47.1,46.1,46.7,218100
NTIC,20170914,8.45,8.8,8.45,8.45,800
NTLA,20170914,21.58,22.08,21.32,21.86,126900
NTNX,20170914,21.35,21.64,21.21,21.61,2602800
NTRA,20170914,13.25,13.25,12.97,13.04,324700
NTRS,20170914,87.95,88.42,87.62,87.81,1507000
NTWK,20170914,4.2,4.25,4.1,4.1,40500
NUAN,20170914,16.27,16.49,16.145,16.36,1716000
NURO,20170914,2.05,2.14,2.02,2.11,16000
NUVA,20170914,58.29,58.865,57.9,57.99,1476200
NVAX,20170914,24,24.6,22.8,23,7095500
NVCN,20170914,1300,1300,1200,1280,125000
NVCR,20170914,22,22.3,21.4,21.6,728000
NVDA,20170914,42.1975,43.14,41.95,42.35,12842800
NVEC,20170914,74.1,74.92,74.05,74.41,10800
NVEE,20170914,48.35,50.7,48.35,50.55,73600
NVFY,20170914,6.45,6.9,6.4,6.8,131800
NVIV,20170914,900,975,900,937.5,239600
NVMI,20170914,25.27,26.04,25.21,25.6,235700
NWBI,20170914,16.17,16.225,16.09,16.14,450900
NWFL,20170914,42.61,43.93,42.61,43.22,9400
NWLI,20170914,331.1,331.1,328.37,329.13,7200
NWPX,20170914,18.19,18.29,17.51,17.6,44800
NWS,20170914,13.3,13.45,13.2,13.35,867900
NWSA,20170914,13,13.09,12.96,13.05,1776800
NXPI,20170914,112.46,112.75,112.32,112.4,1773900
NXST,20170914,58.75,59.275,56.65,57.05,1154000
NXTD,20170914,2.45,2.55,2.45,2.53,519700
NYMT,20170914,6.22,6.29,6.22,6.29,798500
NYMTP,20170914,25,25.03,24.88,24.88,5200
NYMX,20170914,3.8,4.19,3.76,4.02,536100
OBAS,20170914,6.95,6.95,6.95,6.95,0
OBCI,20170914,5.09,5.1,4.6,4.75,79700
OBSV,20170914,7.13,7.15,6.77,6.98,13200
OCC,20170914,2.35,2.4,2.13,2.15,29000
OCFC,20170914,24.98,25.11,24.67,24.73,69900
OCUL,20170914,6.48,6.59,6.28,6.43,190100
ODFL,20170914,100.91,100.91,99.69,99.98,406500
ODP,20170914,46,46.1,44.9,45.2,2833900
OESX,20170914,1.18,1.2,1.16,1.18,21000
OFED,20170914,27.14,27.22,27.14,27.22,700
OFIX,20170914,48.53,48.72,48.32,48.68,50100
OFLX,20170914,62.9,65,62.1,64.8,23500
OFS,20170914,13.15,13.2,13.08,13.13,27300
OIIM,20170914,1.58,1.65,1.58,1.59,16900
OKTA,20170914,29.5,29.61,28.76,28.97,302000
OLD,20170914,26.31,26.31,26.31,26.31,400
OLED,20170914,132.55,132.895,131.005,131.95,520000
OLLI,20170914,45.8,45.8,45.05,45.3,332400
OMAB,20170914,46.6,47.92,46.21,46.95,98900
OMCL,20170914,49.85,50.7,49.65,49.65,300400
OMER,20170914,20.29,20.45,19.87,20.37,737200
OMEX,20170914,4.14,4.24,4.09,4.1,51800
ON,20170914,16.76,17.065,16.72,16.9,3726300
ONB,20170914,16.5,16.6,16.3,16.35,560100
ONCS,20170914,10.3,10.4,9.9,9.9,113900
ONEQ,20170914,253.3,253.976,252.915,253.21,17000
ONTX,20170914,23.1,23.7,22.5,22.65,100100
ONVO,20170914,2.36,2.38,2.22,2.26,789600
OPGN,20170914,150,160,145,145,1077700
OPHC,20170914,2.06,2.18,2.06,2.18,1200
OPK,20170914,6.24,6.29,5.85,6.02,20917400
OPNT,20170914,37.63,37.66,22.75,26.79,347400
OPOF,20170914,32.5,32.5,30.7,31.04,11500
ORLY,20170914,207.11,209.24,206.43,207.13,1167800
ORMP,20170914,8.92,9.39,8.75,9.25,90000
ORRF,20170914,24.85,24.85,24.2,24.45,7000
OSBC,20170914,11.63,11.65,11.5,11.65,50900
OSIS,20170914,82.37,83.11,82.02,82.99,96900
OSTK,20170914,25,25.1,24.37,24.65,274100
OSUR,20170914,21.77,22.16,21.71,22.15,578700
OTEX,20170914,32.28,32.31,32.12,32.27,535600
OTIC,20170914,3.45,3.525,3.4,3.45,1570100
OTTR,20170914,42.2,42.6,41.85,42.6,51800
OVBC,20170914,32.5,32.5,31.75,31.9,4200
OVID,20170914,8.87,9.96,8.87,9.58,73600
OVLY,20170914,16.5,16.5,16.35,16.5,2400
OXBR,20170914,5.1,5.15,4.5,5.1,34400
OXBRW,20170914,0.35,0.38,0.35,0.365,4900
OXLC,20170914,10.17,10.38,10.12,10.36,449000
OXLCM,20170914,25.25,25.25,25.2,25.2,7600
OXLCO,20170914,25.445,25.486,25.424,25.424,2000
PAAS,20170914,17.86,17.97,17.67,17.88,1108300
PACB,20170914,5.36,5.46,5.31,5.37,585600
PACW,20170914,45.78,45.95,45.08,45.19,680900
PAHC,20170914,36.2,36.6,36,36.1,203300
PANL,20170914,2.65,2.65,2.51,2.55,18000
PATI,20170914,19.28,19.3,19.05,19.05,900
PATK,20170914,50.7333,50.9333,49.4,49.6667,44200
PAVM,20170914,7.15,9.1,7.15,8.59,73100
PAVMW,20170914,2,2.7,1.98,2.25,18500
PAYX,20170914,57.72,57.85,57.23,57.51,1809800
PBCT,20170914,16.89,16.98,16.74,16.77,1921700
PBCTP,20170914,26.63,26.95,26.61,26.75,59600
PBHC,20170914,15.19,15.19,15.16,15.17,1800
PBIP,20170914,18.38,18.4,18.29,18.29,28000
PBPB,20170914,11.3,11.4,11.11,11.2,432500
PBYI,20170914,103.2,104.25,102.4,103.35,357100
PCAR,20170914,68.75,69.48,68.73,69.22,1306800
PCH,20170914,47.85,48.55,47.6,48,345200
PCOM,20170914,10.36,10.55,10.25,10.36,103600
PCRX,20170914,37.7,38.25,37.35,37.85,394100
PCSB,20170914,17.46,17.51,17.37,17.51,45100
PCTI,20170914,6.15,6.15,6.06,6.07,58700
PCTY,20170914,46.89,47.45,46.26,47.28,160200
PCYG,20170914,13.4,13.4,11.75,11.75,230900
PCYO,20170914,7.1,7.25,7.05,7.15,32700
PDBC,20170914,16.74,16.83,16.71,16.73,51300
PDCE,20170914,43.67,44.61,42.99,43.59,903100
PDCO,20170914,39.45,39.5,37.95,38.23,2312400
PDEX,20170914,7.7,7.7,7.05,7.15,28700
PDFS,20170914,15.16,15.26,15.02,15.16,232700
PDP,20170914,48.27,48.35,48.25,48.35,33200
PEBK,20170914,32.872,33.255,32.66,32.98,14300
PEBO,20170914,31.88,31.99,31.54,31.6,19600
PEGA,20170914,55.55,56.35,55.3,55.95,330300
PENN,20170914,22.54,22.62,22.31,22.53,757500
PERI,20170914,3.24,3.33,3.24,3.3,50500
PESI,20170914,3.9,3.95,3.8,3.85,16100
PETQ,20170914,25.92,25.99,25.1,25.31,176100
PETS,20170914,36.12,36.85,35.4,36.71,877900
PEY,20170914,17.06,17.12,17.05,17.12,113600
PEZ,20170914,46.78,46.78,46.59,46.64,1200
PFBC,20170914,53.24,53.49,52.41,52.54,38700
PFF,20170914,38.86,38.9,38.845,38.87,1306600
PFI,20170914,31.83,31.84,31.77,31.82,2000
PFIE,20170914,1.65,1.71,1.65,1.68,100700
PFIN,20170914,7.04,7.05,7.04,7.05,1600
PFIS,20170914,42.16,42.81,42.16,42.81,3800
PFLT,20170914,14.28,14.41,14.225,14.38,150200
PFM,20170914,24.57,24.61,24.56,24.61,17500
PFMT,20170914,1.82,1.9,1.8,1.83,38300
PFSW,20170914,7.95,8.12,7.93,8.11,42800
PGC,20170914,31.58,31.725,31.35,31.5,49000
PGJ,20170914,44.67,44.96,44.2,44.73,57900
PHO,20170914,27.63,27.75,27.61,27.75,23100
PI,20170914,37.63,38.8,37.13,38.13,378200
PID,20170914,16.14,16.16,16.11,16.15,126100
PIE,20170914,19.32,19.4,19.32,19.4,55900
PINC,20170914,33.27,33.31,32.74,32.84,567900
PIO,20170914,24.46,24.53,24.46,24.51,13400
PIRS,20170914,5.29,5.42,5.21,5.4,169800
PIXY,20170914,172,183.6,156.8,161.6,220500
PIZ,20170914,26.92,27.07,26.92,27.07,19300
PKBK,20170914,17.6818,17.6818,17.3636,17.3636,11200
PKOH,20170914,40.1,40.75,40.05,40.25,9700
PKW,20170914,54.19,54.34,54.17,54.28,48300
PLAB,20170914,7.95,8.2,7.775,7.85,804300
PLAY,20170914,51.83,52.54,51.57,51.88,680300
PLBC,20170914,20.25,20.75,20.1,20.65,12300
PLCE,20170914,115.05,115.05,111,111.85,492200
PLPC,20170914,54.7,56.99,54.45,56.14,35400
PLSE,20170914,10.31,15.4,10.31,14.97,2692100
PLUG,20170914,2.39,2.4,2.21,2.23,5310300
PLUS,20170914,80.1,80.75,79.15,80.4,57500
PLW,20170914,33,33.11,33,33.11,13400
PLXP,20170914,6.5,6.6,6,6.3,40700
PLXS,20170914,52.35,52.55,52.07,52.45,57100
PLYA,20170914,11.13,11.25,11.04,11.12,79700
PMBC,20170914,8.65,8.95,8.6,8.85,21900
PMD,20170914,19.44,19.46,18.92,19.36,9800
PME,20170914,3.51,3.58,3.1,3.51,326300
PMTS,20170914,5.25,5.3,5.2,5.25,433000
PNBK,20170914,16.9,16.9,16.8,16.8,500
PNFP,20170914,63.6,63.65,62.8,62.85,323000
PNNT,20170914,7.52,7.59,7.47,7.59,349700
PNQI,20170914,111.06,111.545,110.76,111.03,16100
PNRG,20170914,44.25,44.35,44.25,44.25,700
PODD,20170914,58.66,59.63,58.44,59.16,332800
POLA,20170914,4.94,4.94,4.65,4.69,32000
POOL,20170914,103.79,105.29,103.505,105.04,248100
POWI,20170914,35.75,36.525,35.55,36.525,242200
POWL,20170914,28.77,29.1,28.3,28.65,37400
PPBI,20170914,34.95,35.125,34.5,34.8,138700
PPC,20170914,28.83,29.09,28.66,28.71,898100
PPH,20170914,57.83,58.1,57.8,57.96,101800
PPIH,20170914,8.35,8.6,8.35,8.4,1600
PPSI,20170914,6.7,6.7,6.5,6.5,5000
PRAA,20170914,29.5,29.95,28.7,29,712800
PRFT,20170914,18.39,18.42,17.87,18.24,64700
PRFZ,20170914,119.96,120.14,119.77,119.93,10800
PRGS,20170914,36.19,37.06,36.06,36.96,712600
PRIM,20170914,28.61,28.84,28.405,28.51,445800
PRN,20170914,56.48,56.53,56.44,56.5,700
PROV,20170914,19.72,19.79,19.705,19.73,37900
PRPH,20170914,2.25,2.27,2.25,2.27,22000
PRPO,20170914,33.45,35.4,33,33,32200
PRQR,20170914,5.9,5.95,5.7,5.95,58300
PRTA,20170914,61.6,63.73,60.51,62.73,150400
PRTK,20170914,25.6,25.65,24.3,24.5,905500
PRTS,20170914,3.04,3.105,3.009,3.06,47900
PSC,20170914,28.19,28.19,28.19,28.19,0
PSCC,20170914,69.42,69.42,69.42,69.42,300
PSCD,20170914,53.38,53.48,53.22,53.41,1500
PSCE,20170914,13.4,13.6,13.28,13.37,37200
PSCF,20170914,50.69,50.91,50.55,50.55,12000
PSCH,20170914,90.03,90.03,88.7,89.65,11700
PSCI,20170914,56.29,56.49,56.18,56.19,3200
PSCM,20170914,46.56,46.56,46.2,46.27,600
PSCT,20170914,75.71,75.9,75.45,75.63,15400
PSCU,20170914,53.06,53.47,53.06,53.47,4900
PSEC,20170914,6.74,6.79,6.67,6.72,1881000
PSET,20170914,29.83,29.83,29.79,29.81,4300
PSL,20170914,61.07,61.07,60.89,60.965,600
PSMT,20170914,85.65,86.45,85.05,86.1,67900
PSTI,20170914,13.5,13.7,13.1,13.6,303300
PTC,20170914,55.92,56,55.05,55.16,692700
PTCT,20170914,20,20.27,19.39,19.71,541100
PTEN,20170914,18.23,18.79,18.2,18.45,5117500
PTF,20170914,48.934,49.205,48.934,48.94,4400
PTGX,20170914,14.5,15.49,14.41,15.36,41300
PTH,20170914,65.21,66.05,65.21,65.73,25500
PTNR,20170914,5.4,5.4,5.39,5.4,4500
PTSI,20170914,19.97,20.55,19.75,20.01,53000
PUI,20170914,28.75,29.05,28.75,28.99,14500
PULM,20170914,19.3,20,19,19.5,276300
PVAC,20170914,40.1,40.5,39.6,40.21,140900
PVBC,20170914,10.225,10.6,10.225,10.6,3400
PWOD,20170914,29.34,30.1,29.08,29.6667,22400
PXI,20170914,33.68,33.88,33.44,33.57,43600
PXLW,20170914,4.58,5.08,4.58,5.07,602200
PXS,20170914,1.92,2.03,1.92,2,8300
PY,20170914,29.74,29.74,29.74,29.74,0
PYPL,20170914,62.04,62.37,61.71,62.24,5697700
PYZ,20170914,64.08,64.08,63.76,64.03,2300
PZZA,20170914,73.82,73.83,71.45,72.15,494600
QABA,20170914,48.98,49.08,48.535,48.59,58800
QADA,20170914,33.4,33.6,33.3,33.4,15800
QADB,20170914,25.31,26.85,25.31,26.1,2500
QAT,20170914,15.75,15.76,15.6,15.71,13000
QCLN,20170914,19.12,19.12,19,19.1,16300
QCOM,20170914,50.97,51.59,50.67,51.48,7741300
QCRH,20170914,43,43.05,42.4,42.75,19000
QDEL,20170914,36.56,36.68,35.93,36.16,180700
QIWI,20170914,17.91,17.93,17.5,17.55,301200
QLYS,20170914,50.75,50.9,50.4,50.6,138900
QNST,20170914,5.73,5.95,5.62,5.84,138800
QQEW,20170914,55.26,55.45,55.17,55.19,20200
QQQ,20170914,145.85,146.29,145.47,145.56,35296400
QQQX,20170914,21.78,21.78,21.5,21.57,90500
QQXT,20170914,47.01,47.08,46.86,46.88,4900
QRHC,20170914,1.21,1.26,1.16,1.16,66900
QRVO,20170914,72.56,74.69,72.56,73.48,645200
QTEC,20170914,66.56,67.02,66.33,66.8,88100
QTNT,20170914,4.39,4.46,4.25,4.46,204200
QUIK,20170914,23.66,24.64,23.38,24.36,641800
QUMU,20170914,2.75,2.88,2.75,2.81,26100
QURE,20170914,8.06,8.2,7.98,8.13,33700
QYLD,20170914,23.93,23.93,23.82,23.88,58000
RADA,20170914,2.8,2.85,2.76,2.78,144900
RAIL,20170914,17.72,18.23,17.37,17.78,68500
RAND,20170914,26.91,26.91,26.73,26.91,2200
RARE,20170914,51,54.3,50.38,53.38,742800
RAVE,20170914,1.48,1.55,1.47,1.51,28800
RAVN,20170914,30.3,30.5,29.4,30.1,161500
RBB,20170914,21.81,22.38,21.56,22,71400
RBCAA,20170914,35.93,35.93,35.39,35.56,10000
RBCN,20170914,8.3,8.3,8.27,8.27,1000
RCII,20170914,12.73,12.73,12.485,12.57,744300
RCKY,20170914,13.65,13.7,13.4,13.45,12700
RCM,20170914,3.15,3.19,3.09,3.15,160200
RCMT,20170914,5.48,5.5,5.37,5.49,12000
RCON,20170914,5.1,5.25,5.1,5.1,1800
RDCM,20170914,19.75,19.995,19.45,19.75,17700
RDFN,20170914,26.69,27.96,26.425,26.72,791000
RDHL,20170914,8.57,8.61,8.49,8.55,15500
RDI,20170914,15.91,16.28,15.75,16.04,30700
RDNT,20170914,11.2,11.4,11.1,11.2,469200
RDUS,20170914,34.01,34.26,32.61,32.99,1197800
RDVY,20170914,27.19,27.34,27.19,27.32,30000
RDWR,20170914,16.84,16.93,16.72,16.87,172700
REFR,20170914,1.19,1.19,1.15,1.16,20600
REGI,20170914,12.7,12.875,12.485,12.75,325900
REGN,20170914,436.68,443.3,429.31,441.26,987600
RELL,20170914,5.9,5.99,5.81,5.81,39900
RELY,20170914,2.05,2.35,2.05,2.3,686500
REPH,20170914,7.71,7.89,7.66,7.87,30800
RESN,20170914,5.1,5.18,4.97,5.03,40600
RETA,20170914,31,31.32,29.86,30.52,142400
RFDI,20170914,62.34,62.63,62.34,62.57,29800
RFEM,20170914,67.88,68.05,67.83,68.04,5900
RFEU,20170914,63.74,64.14,63.74,64.14,10800
RFIL,20170914,2.005,2.25,2.005,2.22,91400
RGCO,20170914,27.11,28.29,27.11,27.38,10100
RGEN,20170914,43.09,43.45,42.7,43.13,370700
RGLD,20170914,90.18,90.33,89,90.19,477800
RGLS,20170914,14.64,14.88,13.92,14.28,506000
RGNX,20170914,26.3,27.15,26.175,26.85,193300
RIBT,20170914,1.14,1.23,1.04,1.08,183800
RICK,20170914,24.63,24.82,24.2,24.29,42100
RIGL,20170914,2.45,2.48,2.41,2.42,301400
RILY,20170914,17.15,17.45,16.85,16.95,145500
RILYL,20170914,25.7,25.7,25.68,25.68,6900
RILYZ,20170914,25.55,25.6,25.55,25.58,6700
RING,20170914,19.66,19.93,19.59,19.88,104800
RIOT,20170914,4.03,4.17,4.01,4.08,10600
RKDA,20170914,8.56,8.98,8.5,8.6,32100
RMBS,20170914,13.13,13.16,13.08,13.15,822300
RMCF,20170914,11.48,11.56,11.39,11.44,3700
RMR,20170914,49.9,51.7,49.65,51.05,45600
RMTI,20170914,6.06,6.43,6.02,6.3,153400
RNDB,20170914,14.16,14.25,14.16,14.25,2000
RNDM,20170914,50.75,50.81,50.7,50.81,800
RNDV,20170914,20.24,20.29,20.24,20.29,3000
RNEM,20170914,54.15,54.15,54.13,54.13,400
RNLC,20170914,20.22,20.23,20.22,20.22,4300
RNMC,20170914,19.95,19.95,19.93,19.93,1800
RNSC,20170914,19.91,19.91,19.91,19.91,900
RNST,20170914,39.89,40.149,39.455,39.52,145500
RNWK,20170914,4.44,4.62,4.44,4.6,34700
ROCK,20170914,29.2,29.2,28.4,28.5,113500
ROIC,20170914,19.69,20.005,19.63,19.99,518400
ROLL,20170914,114.31,115.63,113,115.11,58300
ROST,20170914,61.28,61.44,60.29,60.6,2800900
RPD,20170914,16.94,17.81,16.81,17.78,242600
RPRX,20170914,0.32,0.34,0.32,0.33,193200
RRGB,20170914,60.05,61,59.75,60.4,247800
RRR,20170914,22.53,22.79,22.47,22.57,618800
RUN,20170914,6.82,6.94,6.785,6.86,550800
RUSHA,20170914,27.3133,27.7467,27.0733,27.2667,164600
RUSHB,20170914,25.4333,25.4867,25.1467,25.4733,9700
RUTH,20170914,20.4,20.4,19.85,20,315000
RVNC,20170914,24.2,24.85,24,24.75,94900
RVSB,20170914,7.9,7.92,7.78,7.78,56000
RWLK,20170914,48.75,48.75,45,45,115900
RXDX,20170914,11.05,11.65,10.84,11.35,1060200
RYAAY,20170914,110.21,110.95,109.13,110.28,382700
SABR,20170914,18.33,18.33,17.99,18.08,1455700
SAFM,20170914,153.98,156.66,153.74,155.34,398100
SAFT,20170914,72.1,72.1,71.5,72.05,34700
SAGE,20170914,68.48,69.99,63.29,64.85,1833700
SAIA,20170914,56.85,57.65,56.83,57.55,182000
SAL,20170914,46.9,48,46,46.1,2400
SALM,20170914,6.3,6.4,6.25,6.35,25500
SAMG,20170914,12.8,13,12.8,12.8,13900
SANM,20170914,36.6,37.15,36.6,36.8,359800
SANW,20170914,3.4,3.4,3.2,3.2,84900
SASR,20170914,38.58,38.76,38.28,38.44,28500
SATS,20170914,46.02,46.3694,45.5813,46.2719,90700
SBAC,20170914,148.02,149.735,147.68,148.77,1288300
SBCF,20170914,22.14,22.23,21.72,21.77,115600
SBFG,20170914,16.05,16.69,16.05,16.44,1900
SBGI,20170914,28.3,28.45,26.7,27.2,3916300
SBLK,20170914,10.66,10.89,10.45,10.89,643500
SBNY,20170914,122.54,123.26,119.39,119.87,940800
SBRA,20170914,23.21,23.41,22.96,23.35,1569100
SBSI,20170914,33.29,33.5,32.78,32.96,53400
SBUX,20170914,54.38,54.71,54.1,54.53,8260700
SCHL,20170914,39.49,39.696,39.015,39.05,130800
SCHN,20170914,26.55,26.55,25.95,26.15,356900
SCKT,20170914,3.65,3.69,3.6,3.6,10900
SCSC,20170914,39.05,39.95,38.75,39.8,88000
SCVL,20170914,19.25,19.49,18.69,19.01,174200
SCWX,20170914,11.28,11.49,11.24,11.36,59100
SCYX,20170914,22,22.8,21.3,21.4,117300
SCZ,20170914,61,61.28,60.98,61.28,559500
SEAC,20170914,2.61,2.73,2.61,2.7,80800
SEDG,20170914,26.9,27.05,26.5,26.95,960700
SEED,20170914,17.1,17.4,17,17.1,26400
SEIC,20170914,57.09,57.25,56.88,57.21,561300
SELB,20170914,17.5,17.63,17.3,17.49,68100
SELF,20170914,4.81,4.89,4.81,4.89,15300
SENEA,20170914,31.3,32.175,31.3,32,13000
SENEB,20170914,31.75,31.75,31.75,31.75,100
SFBC,20170914,33.1,33.1,33,33.1,1300
SFM,20170914,19.6,19.8,18.845,18.93,5880700
SFNC,20170914,27.275,27.4,26.975,27.075,153400
SFST,20170914,34.6,35.5,34.25,35.3,10800
SGBX,20170914,98.6,99.8,97.6,98.8,23900
SGC,20170914,22.08,22.31,21.86,21.99,10300
SGEN,20170914,53.41,53.92,52.72,53.14,662300
SGH,20170914,23.5,23.55,22.7,22.95,458400
SGLB,20170914,18.8,20.5,17.5,18.7,26000
SGLBW,20170914,0.65,0.65,0.6,0.6,10100
SGMA,20170914,7.97,8.11,7.8,8.03,11200
SGMO,20170914,13.25,14.1,13.175,13.95,1677100
SGMS,20170914,36.55,38.175,36.45,37.75,1530800
SGOC,20170914,1.18,1.22,1.17,1.17,20300
SGRP,20170914,1.13,1.15,1.11,1.15,17000
SGRY,20170914,9.5,9.8,9.45,9.7,417100
SHBI,20170914,16.6,16.65,16.41,16.52,12000
SHEN,20170914,33.75,34.25,33.45,34.1,370100
SHIP,20170914,300,324,256.8,290.4,4932900
SHIPW,20170914,0.23,0.25,0.23,0.23,131800
SHOO,20170914,28.0333,28.1333,27.65,27.9667,399300
SHV,20170914,110.32,110.34,110.31,110.34,1049000
SHY,20170914,84.53,84.57,84.52,84.56,849200
SIEB,20170914,3.67,3.8,3.67,3.77,3600
SIEN,20170914,15,15.07,14.13,14.72,324100
SIFY,20170914,0.93,1.04,0.93,1.02,221600
SIGI,20170914,50.15,50.85,50.005,50.75,164000
SILC,20170914,57.66,58.85,57.35,58.01,27000
SIMO,20170914,47.21,47.43,46.92,47.2,416100
SINO,20170914,17.15,18.35,16.75,17.275,313500
SIRI,20170914,5.42,5.46,5.39,5.44,16790200
SIVB,20170914,171.76,172.23,168.9,168.98,251400
SKOR,20170914,51.07,51.19,51.07,51.19,2600
SKYW,20170914,39.3,39.3,37.1,39,220600
SKYY,20170914,41.74,41.74,41.42,41.64,111100
SLAB,20170914,77.1,78.3,76.15,78.1,215800
SLCT,20170914,11.34,11.34,11.27,11.29,3500
SLGN,20170914,29.32,29.53,29.2,29.4,600000
SLM,20170914,10.83,10.92,10.59,10.62,1986700
SLMBP,20170914,68.01,68.13,67.65,68.13,1200
SLNO,20170914,0.59,0.61,0.555,0.57,204500
SLP,20170914,14.75,15.2,14.6,14.95,51500
SLQD,20170914,50.58,50.59,50.55,50.58,36400
SLRC,20170914,20.78,20.84,20.73,20.81,61500
SLVO,20170914,8.42,8.51,8.42,8.51,19100
SMBC,20170914,33.55,33.78,32.55,32.56,21200
SMBK,20170914,23.43,23.75,23.43,23.73,5500
SMCI,20170914,25.55,25.7,25.2,25.25,359600
SMCP,20170914,24.215,24.221,23.759,24.15,16200
SMED,20170914,4.89,4.92,4.66,4.88,2400
SMIT,20170914,1.9,1.93,1.89,1.91,4800
SMMF,20170914,23.02,23.29,23,23.07,11500
SMMT,20170914,12.86,12.88,12,12.05,365400
SMPL,20170914,12.22,12.4,12.145,12.21,507300
SMSI,20170914,1.11,1.15,1.11,1.12,5600
SMTC,20170914,35.55,35.9,35.3,35.45,352200
SNCR,20170914,16.85,17.09,16.42,16.5,584500
SND,20170914,6.54,6.82,6.54,6.8,803200
SNDX,20170914,11.95,12.075,11.5,11.59,70200
SNES,20170914,42.8,46.2,42,42,92500
SNFCA,20170914,5.6,5.7,5.5,5.5,3500
SNGX,20170914,2.25,2.26,2.21,2.25,57900
SNGXW,20170914,0.5,0.5,0.5,0.5,0
SNLN,20170914,18.34,18.35,18.33,18.35,75400
SNOA,20170914,49.5,49.95,48.15,49.14,11500
SNPS,20170914,79.01,80.46,78.73,80.21,1848400
SNSR,20170914,18.85,18.92,18.8,18.89,15600
SOCL,20170914,31.83,31.86,31.7,31.77,40500
SOHO,20170914,5.9,5.93,5.85,5.9,27800
SOHOB,20170914,25.4,25.4,25.4,25.4,0
SOHU,20170914,54.99,56.06,54.52,55.51,310600
SOXX,20170914,151.73,153.87,151.71,152.97,552200
SP,20170914,37.05,37.2,36.5,36.7,96000
SPCB,20170914,2.71,2.83,2.65,2.69,80500
SPI,20170914,0.45,0.649,0.422,0.505,1382000
SPLK,20170914,67,67.98,66.5,67.95,1380600
SPNE,20170914,11,11.11,10,10.39,566800
SPNS,20170914,12.6,12.73,12.49,12.52,26100
SPOK,20170914,14.7,15.44,14.55,14.75,138200
SPPI,20170914,10.09,10.16,10.04,10.07,576300
SPSC,20170914,58.66,59.06,58.52,58.75,74500
SPTN,20170914,24.24,24.695,24.16,24.41,156700
SPWH,20170914,4.4,4.5,4.29,4.41,1094800
SPWR,20170914,8.26,8.61,8.25,8.57,2308800
SQLV,20170914,24.57,24.57,24.55,24.55,200
SQQQ,20170914,535,539.6,530.8,538.6,4222500
SRAX,20170914,1.35,1.395,1.3,1.33,35900
SRCE,20170914,47.41,47.58,46.88,46.97,17400
SRCL,20170914,71.85,72.7,71.5,71.87,487900
SRDX,20170914,27.45,27.8,27.325,27.6,24700
SRET,20170914,15.42,15.43,15.41,15.43,11700
SREV,20170914,3.65,3.79,3.62,3.71,430100
SRNE,20170914,1.85,1.85,1.75,1.8,279200
SRPT,20170914,44.66,46.3,44.15,46.19,2221400
SRRA,20170914,61.2,63.2,59.6,61.6,138500
SRTS,20170914,5.94,6,5.84,5.84,40500
SSB,20170914,83.5,83.9,82,82.1,131900
SSBI,20170914,13.05,13.05,12.85,12.9,4700
SSKN,20170914,1.65,1.72,1.64,1.72,4500
SSNC,20170914,37.93,38.15,37.45,37.96,1279700
SSNT,20170914,4.33,4.5,4.25,4.38,7900
SSRM,20170914,10.37,10.53,10.36,10.47,948200
SSTI,20170914,11.15,11.17,11.04,11.17,23700
SSYS,20170914,23.68,24.21,23.51,23.74,451400
STAA,20170914,11.65,11.8,11.35,11.4,97600
STAF,20170914,3.24,3.25,3.025,3.175,23900
STBA,20170914,36.79,36.96,36.43,36.76,44900
STFC,20170914,24.95,25.11,24.73,24.79,46200
STKL,20170914,8.5,8.55,8.35,8.55,185100
STKS,20170914,1.5,1.54,1.45,1.48,6600
STLD,20170914,33.63,34.425,33.23,33.39,4713800
STRA,20170914,80.55,82.285,80.5,82.19,37100
STRL,20170914,14.55,14.92,14.26,14.79,426900
STRM,20170914,1.32,1.35,1.23,1.33,148900
STRS,20170914,28.35,29.4,28.2,29.4,5100
STRT,20170914,37.65,38,37.05,37.45,8300
STX,20170914,32.51,32.79,32.35,32.65,3368200
SUMR,20170914,18.09,18.54,17.64,18,30800
SUNS,20170914,16.23,16.28,16.1,16.24,33200
SUNW,20170914,10.29,10.43,9.8,9.87,96900
SUPN,20170914,47.9,50,47.7,48.85,842200
SUSB,20170914,25.17,25.17,25.17,25.17,100
SUSC,20170914,25.32,25.33,25.3,25.3,1600
SVBI,20170914,7,7.2,7,7.2,1700
SVRA,20170914,8.13,9.69,7.88,9.4,424700
SVVC,20170914,7.68,7.75,7.68,7.7,21400
SWIR,20170914,21.9,22.025,21.65,21.75,176700
SWKS,20170914,105.78,108.11,105.77,107.08,1635900
SYBT,20170914,34.7,35.2,34.5,34.6,33900
SYBX,20170914,21.4,23,18.7,19,17900
SYNA,20170914,40.82,41,40.25,40.6,793600
SYNL,20170914,11,11.5,10.9,11.4,19700
SYPR,20170914,1.54,1.58,1.5,1.53,28700
SYRS,20170914,16.72,17,16.03,16.48,167400
TA,20170914,4.4,4.6,4.2,4.45,767900
TACO,20170914,14.55,14.72,14.29,14.69,458800
TACT,20170914,9.4,9.5,9.3,9.3,6100
TAIT,20170914,1.6,1.6,1.57,1.6,6500
TANH,20170914,4,4.39,3.91,4.37,1567200
TANNI,20170914,24.76,25.275,24.75,24.95,17100
TANNL,20170914,22.75,22.93,22.56,22.91,34200
TANNZ,20170914,22.82,22.94,22.54,22.8,29200
TAST,20170914,11.15,11.35,11.15,11.35,118100
TATT,20170914,10.5,10.6,10.5,10.6,3600
TAYD,20170914,11.1,11.8,11.05,11.5,6900
TBBK,20170914,7.87,7.91,7.765,7.79,151600
TBK,20170914,29.3,29.45,28.9,29.2,98800
TBNK,20170914,29.71,30.07,29.69,29.84,24900
TBPH,20170914,32.44,33.075,31.7,31.86,334600
TCBI,20170914,78.75,78.9,74.05,77.35,514500
TCBK,20170914,35.66,35.66,34.91,34.99,35800
TCFC,20170914,39.45,39.89,35.9,36.33,18400
TCMD,20170914,34.77,37.875,34.31,36.79,329000
TCON,20170914,34.5,38.4,33.8,35.5,123900
TCPC,20170914,15.65,15.87,15.55,15.86,280800
TCX,20170914,50.85,51,50.4,50.65,54300
TDIV,20170914,32.17,32.26,32.12,32.21,24200
TEAM,20170914,33.93,36.62,33.82,36.55,1195100
TECH,20170914,122.8,123.9,121.81,123.05,131000
TEDU,20170914,14.5,14.59,14.21,14.45,185300
TELL,20170914,10.83,11.24,10.75,10.86,661200
TENX,20170914,7.8,8,7.2,7.2,353100
TESS,20170914,12.65,13.1,12.65,12.85,11800
TFSL,20170914,14.99,15.03,14.94,14.96,302800
TGA,20170914,1.25,1.26,1.23,1.24,25700
TGLS,20170914,6.8,7.03,6.725,6.99,10200
TGTX,20170914,11.65,11.9,11.45,11.9,671500
THFF,20170914,43.55,44.45,42.55,43.2,13400
THRM,20170914,33.6,33.85,32.27,33.35,147000
TIG,20170914,24.53,25.18,23.7,24.45,27500
TIL,20170914,3.9,3.9,3.9,3.9,0
TILE,20170914,20.35,20.4,20.1,20.15,408500
TIPT,20170914,5.87,5.87,5.695,5.8,75600
TITN,20170914,13.75,14.2,13.61,13.7,171100
TLGT,20170914,68.4,68.7,67.2,68,450800
TLT,20170914,126.37,126.83,126.33,126.81,6674500
TMUS,20170914,62.47,62.61,61.08,61.17,4864000
TNDM,20170914,0.55,0.58,0.525,0.525,586400
TNXP,20170914,415,419,395,406,67200
TOPS,20170914,2350,3850,2350,2600,13777400
TOUR,20170914,7.6,7.71,7.55,7.68,192000
TOWN,20170914,31.2,31.45,30.9,31.05,80000
TPIC,20170914,20.03,20.63,20.03,20.32,104700
TQQQ,20170914,38.29,38.6033,37.9667,38.0633,3065600
TREE,20170914,236.7,236.7,230.9,231.15,151400
TRHC,20170914,23.85,24.69,23.04,23.26,190700
TRIB,20170914,5.54,5.59,5.49,5.55,23700
TRIL,20170914,5.3,5.3,4.95,5.05,100400
TRIP,20170914,44.21,44.58,42.84,42.97,2683700
TRMB,20170914,39.81,40.06,39.72,39.79,833300
TRMK,20170914,30.37,30.52,29.99,30.01,186600
TRNS,20170914,13.35,13.7,13.2,13.2,7300
TROW,20170914,84.01,84.52,83.58,84.27,923400
TRS,20170914,26.4,26.95,26.1,26.9,238100
TRST,20170914,8,8,7.9,8,335500
TRUE,20170914,17.06,17.11,16.915,17.04,542200
TRUP,20170914,22.87,23.4,22.58,22.86,142900
TRVG,20170914,11.15,11.31,11.02,11.14,960600
TRVN,20170914,2.65,2.65,2.47,2.52,325800
TSBK,20170914,28.57,28.84,28.465,28.6,40900
TSC,20170914,21.1,21.2,20.9,21.05,47300
TSCO,20170914,62.35,62.52,61.98,62.5,1697600
TSEM,20170914,30.05,30.305,29.72,30.14,973900
TSLA,20170914,72.866,75.592,72.526,75.528,7202500
TSRI,20170914,4.05,4.105,3.95,4,10200
TTD,20170914,59.99,60.59,59.01,59.7,813900
TTEC,20170914,38.85,39.15,38.4,38.85,76300
TTEK,20170914,43.2,43.6,42.7,42.9,204800
TTGT,20170914,10.43,10.55,10.36,10.47,31300
TTMI,20170914,14.78,14.88,14.59,14.68,1227000
TTNP,20170914,9.6,9.6,9.3,9.3,30100
TTOO,20170914,6.72,6.74,5.89,6.08,489600
TTWO,20170914,98.79,99.9,97.93,99.39,961500
TUR,20170914,45.01,45.58,45.01,45.52,125600
TURN,20170914,1.65,1.67,1.65,1.67,10900
TUSA,20170914,30.58,30.58,30.58,30.58,300
TUSK,20170914,14.73,15.2,14.7,15.05,56900
TVTY,20170914,39.25,39.45,38.125,38.35,259500
TWIN,20170914,17.38,17.55,17.23,17.33,29300
TWNK,20170914,13.4,13.55,13.35,13.5,584200
TWNKW,20170914,1.91,1.99,1.88,1.95,9400
TWOU,20170914,52.78,53.19,52.03,52.91,229100
TXN,20170914,82.4,83.67,82.4,83.29,3503200
TXRH,20170914,48.54,48.89,48,48.17,698600
TYHT,20170914,28.53,28.53,26.55,28.26,6400
TYME,20170914,6.89,7.56,6.5,6.9,70500
TZOO,20170914,7.75,7.85,7.7,7.75,43900
UAE,20170914,17.87,17.89,17.79,17.79,3500
UBCP,20170914,11.7,11.8,11.6,11.7,2700
UBFO,20170914,9.7,9.85,9.6,9.6,11200
UBOH,20170914,21.45,21.8,21.25,21.8,6000
UBSI,20170914,34.7,34.75,34,34.1,641600
UCBI,20170914,26.19,26.23,25.64,25.74,220100
UCTT,20170914,24.5,26.2,24.32,25.95,1665900
UEIC,20170914,58,59.65,57.4,59.2,82300
UEPS,20170914,9.57,9.63,9.44,9.45,134600
UFCS,20170914,41.39,41.63,41.06,41.52,53800
UFPI,20170914,88.99,90,87.96,88.3,147300
UFPT,20170914,27.1,27.9,27,27,9800
UG,20170914,16.9,17.1,16.9,17.1,1100
UHAL,20170914,384.67,389.07,382.92,383.25,94500
UIHC,20170914,16.1,16.22,16,16.14,190400
ULBI,20170914,7,7,6.75,6.85,38800
ULH,20170914,17.95,18.2,17.95,18.1,5900
ULTA,20170914,225.34,226.025,221.69,223.93,1439800
UMBF,20170914,68.47,68.52,67.39,67.52,171700
UMPQ,20170914,18.32,18.41,18.08,18.1,1285600
UNAM,20170914,10.15,10.15,10.15,10.15,1000
UNB,20170914,43.525,43.525,42.8,43.45,1400
UNIT,20170914,18.83,19.1,18.43,18.44,2509700
UNTY,20170914,18.15,18.2,18.1,18.2,7600
UONE,20170914,1.582,1.582,1.582,1.582,0
UONEK,20170914,1.65,1.7,1.6,1.65,78600
UPLD,20170914,21.62,22.14,21.09,22.03,153200
URBN,20170914,23.32,23.32,22.675,22.77,2716400
URGN,20170914,31.37,32.95,30.01,32.72,97900
USAK,20170914,11.54,12,11.48,11.8,40700
USAP,20170914,18.89,20.17,18.89,19.92,29900
USAU,20170914,24.9,25.3,24.4,24.6,129200
USEG,20170914,8.1,8.4,8.1,8.2,9200
USLB,20170914,29.5,29.555,29.48,29.555,3800
USLM,20170914,80.56,81.29,79.735,80.94,13300
USOI,20170914,23.51,23.51,23.51,23.51,0
UTHR,20170914,123.51,123.51,120.91,121.01,348900
UTMD,20170914,73.2,73.55,72.75,73.3,6300
UTSI,20170914,2.21,2.32,2.21,2.3,132200
UVSP,20170914,29.1,29.2,28.85,29.05,34200
VALU,20170914,17.05,17.05,16.325,16.325,900
VBFC,20170914,29.74,29.75,29.3,29.3,2000
VBIV,20170914,3.91,3.98,3.8,3.94,66300
VBLT,20170914,5.2,5.25,5.07,5.25,59900
VBTX,20170914,25.54,26.25,25.54,25.67,134800
VCEL,20170914,4.5,4.5,4.35,4.4,315900
VCIT,20170914,87.97,88.08,87.96,88.04,637900
VCLT,20170914,93.3,93.59,93.28,93.56,346600
VCSH,20170914,80.09,80.13,80.08,80.13,839900
VCYT,20170914,8,8.08,7.91,8.07,24000
VECO,20170914,20.8,21.35,20.6,20.85,506900
VEON,20170914,4.3,4.47,4.26,4.4,7215000
VERI,20170914,25.2,31.43,23,28.54,695000
VERU,20170914,1.49,1.65,1.48,1.62,108600
VGIT,20170914,65,65.05,64.975,65.03,63400
VGLT,20170914,77.85,78.13,77.805,78.1,22400
VGSH,20170914,60.79,60.83,60.78,60.79,393800
VIA,20170914,38.5,38.5,37.65,37.75,91500
VIAV,20170914,10.07,10.12,9.91,9.93,1843300
VICR,20170914,18.7,18.9,18.35,18.5,23200
VIGI,20170914,64.1,64.3,64,64.26,58100
VIRC,20170914,5.9,6,5.75,6,39800
VIRT,20170914,16.85,17.25,16.8,16.9,668800
VIVE,20170914,545,554,541,548,68000
VIVO,20170914,14.3,14.35,14.05,14.25,148800
VKTX,20170914,1.23,1.24,1.17,1.21,101400
VLGEA,20170914,23.82,23.82,23.31,23.46,20700
VMBS,20170914,52.93,52.96,52.92,52.94,230400
VNDA,20170914,17,17.85,16.7,17.65,2718300
VNET,20170914,5.98,6.205,5.9,5.95,563200
VNOM,20170914,17.36,17.65,17.18,17.19,84500
VNQI,20170914,59.82,60,59.76,59.99,273500
VOD,20170914,28.64,28.69,28.49,28.59,1683300
VONE,20170914,114.69,114.78,114.54,114.73,30800
VONG,20170914,128.01,128.01,127.62,127.92,24400
VONV,20170914,102.54,102.81,102.54,102.79,16200
VOXX,20170914,8.3,8.33,7.95,7.95,97300
VRA,20170914,8.52,8.58,8.415,8.49,230000
VRAY,20170914,6.15,6.22,6.06,6.07,293200
VREX,20170914,31.83,32.12,31.5,32.03,122200
VRIG,20170914,25.22,25.22,25.2,25.205,31500
VRNA,20170914,15.95,15.985,15.87,15.967,3700
VRNS,20170914,39.55,40.15,39.2,39.95,318800
VRNT,20170914,40.9,41.3,40.075,40.4,433000
VRSK,20170914,81.25,81.49,80.32,80.69,817200
VRSN,20170914,103.11,103.56,102.34,103.39,393100
VRTS,20170914,110.7,112.5,110.7,110.7,68900
VRTX,20170914,156.05,156.56,152.88,153.38,1461600
VSAT,20170914,60.43,61.31,60.125,61.22,421900
VSDA,20170914,25.79,25.79,25.79,25.79,0
VSEC,20170914,54.935,54.935,53.65,53.85,14200
VSMV,20170914,25.07,25.07,25.07,25.07,0
VSTM,20170914,5.34,5.63,5.21,5.37,2065900
VTGN,20170914,1.63,1.63,1.61,1.61,31500
VTHR,20170914,114.64,114.81,114.64,114.72,8000
VTIP,20170914,49.57,49.59,49.56,49.59,185100
VTNR,20170914,0.74,0.8,0.72,0.75,166600
VTVT,20170914,5.37,5.41,5.18,5.37,14700
VTWG,20170914,124.44,124.84,124.44,124.74,3600
VTWO,20170914,113.93,114.06,113.63,113.83,79500
VTWV,20170914,103.29,103.29,102.67,102.83,4900
VUZI,20170914,6.1,6.2,6.05,6.1,155800
VVPR,20170914,3.43,3.56,3.41,3.56,1100
VWOB,20170914,81.11,81.29,81.11,81.29,46700
VXUS,20170914,54.68,54.87,54.64,54.86,409500
VYGR,20170914,15.25,16.12,15.17,15.87,227600
VYMI,20170914,65.58,65.84,65.58,65.84,77800
WABC,20170914,54.17,54.19,53.37,53.56,88200
WAFD,20170914,31.7,31.9,31.45,31.55,240200
WASH,20170914,51.4,52,51.25,51.4,24500
WATT,20170914,10.81,10.98,10.51,10.94,429100
WB,20170914,105.56,108,105.22,106.98,1743000
WBA,20170914,81.67,82.57,81.36,82.01,4343800
WDAY,20170914,106.6,106.8,105.12,105.55,1600500
WDC,20170914,85.35,86.44,85.12,85.79,2943500
WDFC,20170914,108.7,110.1,108.4,109.65,47800
WEN,20170914,15.14,15.29,15.05,15.23,4237700
WERN,20170914,33.9,34.15,33.55,34.05,783500
WETF,20170914,9.27,9.35,9.17,9.19,852100
WEYS,20170914,27.82,28,27.82,28,10600
WHF,20170914,14.53,14.93,14.4,14.9,157800
WHLM,20170914,6.5,6.5,6.5,6.5,200
WHLR,20170914,11.35,11.6,11.06,11.22,141400
WHLRD,20170914,22.99,22.99,22.94,22.94,500
WHLRP,20170914,22.23,22.44,22.16,22.18,2300
WILC,20170914,6.04,6.18,5.85,5.99,11200
WINA,20170914,132.95,132.95,130.8,130.85,5400
WING,20170914,33.61,34.1,33.39,33.61,439600
WIRE,20170914,42.45,43.15,42.35,42.95,63300
WIX,20170914,67.9,69.3,67.1,69.05,515800
WKHS,20170914,3.52,3.52,2.75,2.78,1724800
WLDN,20170914,29.5,29.5,28.58,28.66,73200
WLFC,20170914,24.64,24.8,23.75,23.75,15800
WLTW,20170914,152.52,152.9,151.16,152.42,1338100
WNEB,20170914,10.5,10.5,10.3,10.4,43900
WOOD,20170914,65.23,65.68,65.12,65.56,19000
WPRT,20170914,2.86,2.94,2.85,2.87,498700
WRLD,20170914,80.17,80.45,78.17,78.81,58900
WSBC,20170914,38.26,38.28,37.52,37.7,115100
WSBF,20170914,18.355,18.75,18.355,18.55,65700
WSFS,20170914,44.7,44.8,44.4,44.6,52200
WSTG,20170914,13.4,13.5,13.31,13.5,33700
WTBA,20170914,21.85,22.1,21.8,21.8,11200
WTFC,20170914,71.85,72.2,70.26,70.45,269200
WTFCM,20170914,28.88,29.02,28.81,28.82,8700
WVE,20170914,24.9,25.2,24.05,24.35,92200
WVFC,20170914,15.63,15.63,15.63,15.63,0
WVVI,20170914,7.87,7.9,7.87,7.89,5900
WVVIP,20170914,5.52,5.52,5.52,5.52,0
WWD,20170914,72.49,72.75,72.04,72.36,283200
WYNN,20170914,145,145.13,143.95,144.1,1070300
XBIO,20170914,31.8,32.28,29.16,32.28,7500
XBIT,20170914,4.62,4.82,4.52,4.53,99000
XELA,20170914,5.7,5.8,5.6,5.69,68400
XELB,20170914,3,3.25,2.9,3.25,7100
XENE,20170914,3.2,3.205,3.1,3.1,28400
XENT,20170914,30.35,30.75,30,30.4,141300
XLNX,20170914,66.77,68.3,66.66,67.84,3480000
XLRN,20170914,39.84,40.25,39.55,39.9,494200
XNCR,20170914,22.39,22.39,21.68,21.72,115800
XNET,20170914,4.61,4.79,4.57,4.78,136400
XOG,20170914,13.78,14.07,13.6,13.77,1397700
XOMA,20170914,17.84,18.99,17.52,18.72,217200
XONE,20170914,9.6,10,9.6,9.99,160800
XPER,20170914,27.2,27.45,27,27.1,213300
XRAY,20170914,59.14,59.14,57.49,58.12,2080000
XT,20170914,33.95,34,33.87,34,75600
XTLB,20170914,2.53,2.84,2.5,2.53,8700
YLDE,20170914,25.85,25.85,25.85,25.85,0
YNDX,20170914,32.45,32.525,32,32.2,1897300
YORW,20170914,32.45,32.95,32.35,32.65,25200
YTEN,20170914,116,124.8,116,116.4,4800
YTRA,20170914,11.03,11.39,11,11.28,268100
YY,20170914,77.89,80.63,76.59,78.87,893800
Z,20170914,38.75,40.09,38.52,40,1340000
ZBRA,20170914,104.27,105.52,103.51,105.48,361600
ZEAL,20170914,20.04,20.05,19.52,19.74,99900
ZEUS,20170914,18.54,18.617,18.285,18.39,78100
ZG,20170914,38.6,39.92,38.42,39.87,363400
ZGNX,20170914,15.15,15.15,14,14.3,817500
ZION,20170914,42.99,43.53,42.535,42.66,3067500
ZIOP,20170914,6.27,6.29,5.86,5.99,1198200
ZIXI,20170914,4.99,5.015,4.93,4.95,259500
ZKIN,20170914,8.05,8.2,7.92,7.92,33600
ZNGA,20170914,3.91,3.91,3.74,3.77,6001500
ZSAN,20170914,20.4,20.8,18.7,18.84,699700
ZUMZ,20170914,16.65,16.65,16.1,16.35,688100
ZYNE,20170914,6.26,6.4,6.13,6.28,314300
