AAL,20170922,46.57,47.46,46.35,47.06,5342000
AAME,20170922,3.3,3.3,3.25,3.3,1300
AAOI,20170922,62.87,64.68,62.72,63.8,1108400
AAON,20170922,33.15,33.6,33.1,33.3,138300
AAPL,20170922,38.005,38.0675,37.64,37.9725,46645400
AAWW,20170922,67.4,68,67.3,67.6,123900
AAXJ,20170922,72.98,73,72.83,72.92,634600
ABCB,20170922,45.75,45.85,45.3,45.4,187700
ABEO,20170922,15.9,15.9,14.6,14.95,1446500
ABIO,20170922,21.6,21.6,20.7,21.6,49000
ABMD,20170922,160.01,164.6,159.51,163.96,355700
ABTX,20170922,35.8,36.5,35.5,36,12600
ABUS,20170922,7,7,6.35,6.55,827000
ACAD,20170922,37.66,37.89,37.3,37.59,867500
ACBI,20170922,17.95,18,17.85,17.9,60500
ACER,20170922,10,10.47,9.49,9.92,13800
ACET,20170922,11.26,11.41,11.15,11.16,219800
ACGL,20170922,32.54,32.7933,32.54,32.7,312300
ACGLO,20170922,25.1,25.15,25.08,25.13,84100
ACHC,20170922,45.59,46.3,45.29,46.02,602000
ACHV,20170922,460,476,438,470,43100
ACIU,20170922,10,10.49,9.6,10.24,64000
ACIW,20170922,22.97,23.14,22.74,23.03,371800
ACLS,20170922,24.2,25.05,24.1,24.95,486300
ACNB,20170922,27.95,28,27.85,28,3800
ACOR,20170922,23.55,23.7,23.15,23.45,316700
ACRS,20170922,25.94,26.29,25.41,25.51,189300
ACRX,20170922,3.2,3.35,3.15,3.35,820300
ACST,20170922,1.32,1.35,1.3,1.32,18700
ACTG,20170922,5,5.3,4.8,4.95,1606700
ACWI,20170922,68.69,68.77,68.63,68.69,951900
ACWX,20170922,48.46,48.53,48.41,48.46,157900
ADAP,20170922,8.16,8.2,7.79,7.93,567500
ADBE,20170922,148.69,149.5,147.85,148.5,2929100
ADES,20170922,10.42,10.5,10.34,10.39,83900
ADI,20170922,83.81,85.24,83.75,84.92,2097600
ADMA,20170922,3.16,3.32,3.15,3.32,7500
ADMP,20170922,5.2,5.35,5.1,5.25,649500
ADMS,20170922,21.13,21.47,20.94,21.37,611300
ADP,20170922,106.43,108.55,106.29,108.16,1804400
ADRE,20170922,42.62,42.795,42.62,42.7,6800
ADSK,20170922,111.68,112.82,111.64,111.78,1085000
ADTN,20170922,22.45,22.8,22.45,22.65,145600
ADUS,20170922,33.95,34.5,33.9,34.05,19700
ADVM,20170922,3.5,3.595,3.3,3.4,145500
ADXS,20170922,70.8,72.75,68.4,68.55,1730400
AEHR,20170922,3.34,3.41,3.3,3.36,51300
AEIS,20170922,73.73,76.36,73.53,76.14,312900
AEMD,20170922,26.25,28.8,24.75,28.8,410100
AERI,20170922,51.6,51.7,49.95,50.95,819500
AEY,20170922,1.41,1.46,1.41,1.45,1700
AEZS,20170922,2.27,2.27,2.11,2.13,706500
AFMD,20170922,2,2.2,2,2.1,331700
AGEN,20170922,4.07,4.13,4.04,4.1,330600
AGFS,20170922,7.13,7.15,7.04,7.1,65500
AGIO,20170922,66.68,67,65.23,66.07,245300
AGLE,20170922,4.94,4.94,4.71,4.86,28400
AGNC,20170922,21.48,21.68,21.43,21.6,8498700
AGNCN,20170922,25.33,25.42,25.32,25.4,140300
AGRX,20170922,3.85,4.1,3.7,4.01,644300
AGTC,20170922,3.6,3.65,3.6,3.65,93100
AGYS,20170922,10.42,10.65,10.42,10.62,485900
AGZD,20170922,48.01,48.09,48.01,48.09,1100
AHPA,20170922,10,10,10,10,300
AHPAU,20170922,10.35,10.35,10.32,10.32,200
AHPAW,20170922,0.36,0.37,0.33,0.33,40400
AHPI,20170922,2.31,2.31,2.24,2.28,11300
AIA,20170922,61.86,61.86,61.73,61.81,24200
AIMC,20170922,47.75,47.925,47.5,47.65,222000
AINV,20170922,17.73,17.79,17.67,17.67,751700
AIRG,20170922,9.1,9.385,9.06,9.3,165500
AIRR,20170922,25.02,25.2,24.97,25.18,26000
AIRT,20170922,16.9,17,16.9,16.955,900
AKAM,20170922,47.26,48.38,47.01,48.33,1657100
AKBA,20170922,17.52,17.805,17.47,17.57,213900
AKTS,20170922,7.21,7.21,6.95,7.1,48900
AKTX,20170922,9.83,10.49,8.14,8.18,3632700
ALBO,20170922,22.2,22.26,21.71,22.24,29000
ALCO,20170922,31.85,33.95,31.85,33.2,10700
ALDX,20170922,8.2,8.65,7.9,8.05,1303300
ALGN,20170922,186.2,188.24,186.05,188,575800
ALGT,20170922,128.55,130.8,127,130.1,231900
ALIM,20170922,1.3,1.39,1.3,1.38,138100
ALJJ,20170922,3.35,3.35,3.22,3.3,20600
ALKS,20170922,50.42,50.64,50.04,50.37,385400
ALLT,20170922,5.12,5.16,5.12,5.13,7200
ALNY,20170922,111.14,118.4,110.6,113.8,2339600
ALOT,20170922,13,13,13,13,300
ALPN,20170922,10.6,11.71,9.88,11.55,286800
ALRM,20170922,44.79,44.95,44.55,44.75,194300
ALRN,20170922,12.07,13.2,12.06,12.79,43000
ALT,20170922,2.58,2.6,2.46,2.48,47100
ALTY,20170922,15.62,15.65,15.62,15.65,4100
AMAT,20170922,46.89,47.92,46.84,47.77,5867600
AMBA,20170922,45.64,46.97,45.51,46.96,1079600
AMCX,20170922,58.95,59.31,58.69,59.08,390400
AMD,20170922,13.2,13.4,13.12,13.3,50546900
AMED,20170922,51.28,52.25,51.17,52.11,172700
AMGN,20170922,185.48,186.82,184,185.76,2275600
AMKR,20170922,9.82,10.09,9.77,10.06,908300
AMNB,20170922,38.95,39.45,38.95,39.4,8300
AMOT,20170922,25.67,25.71,24.95,25.38,28400
AMPH,20170922,16.42,16.42,15.85,16.1,173900
AMRK,20170922,16.25,17.06,16.25,16.65,72700
AMRN,20170922,3.25,3.31,3.21,3.29,1024500
AMRS,20170922,3.68,3.68,3.45,3.5,272700
AMSC,20170922,4.1,4.18,4,4.14,109700
AMSF,20170922,57,58.25,56.95,57.35,88300
AMSWA,20170922,10.83,10.83,10.73,10.8,76700
AMTX,20170922,0.91,0.93,0.88,0.92,29000
AMWD,20170922,89.5,92.8,89.5,92.65,72300
AMZN,20170922,961.01,965.61,954.42,955.1,2641700
ANAB,20170922,34.7,34.71,33.85,34.1,109700
ANAT,20170922,117.5,117.84,116.76,117.64,17500
ANDE,20170922,33.7,34.05,33.5,33.95,111400
ANGI,20170922,12.17,12.67,12.04,12.63,508500
ANGO,20170922,17.82,17.98,17.8,17.86,106100
ANIK,20170922,56.95,57.93,56.57,56.69,70500
ANIP,20170922,51.03,51.04,49.75,50.04,57900
ANSS,20170922,120.3,122.26,120.08,122.05,511300
ANY,20170922,3.56,3.62,3.22,3.44,174900
AOSL,20170922,15.54,15.85,15.1,15.7,52500
APDN,20170922,99.6,100,96.4,100,48800
APEI,20170922,19.16,19.5,19.05,19.3,32600
APEN,20170922,4.57,4.59,4.41,4.59,5200
APOG,20170922,46.09,46.83,45.605,46.51,453700
APOP,20170922,40.85,42,40.85,41.4,3800
APPF,20170922,46.05,46.15,45.65,46.15,130500
APPN,20170922,23.12,23.415,22.78,22.88,61800
APPS,20170922,1.35,1.37,1.35,1.36,444000
APTO,20170922,1.66,1.66,1.6,1.62,110300
APVO,20170922,27.16,28,26.74,27.3,84400
APWC,20170922,2.9,2.95,2.9,2.95,1300
AQB,20170922,6.85,6.88,6.7,6.76,2000
AQMS,20170922,5.6,5.79,5.45,5.49,237000
ARAY,20170922,4.45,4.5,4.35,4.5,326700
ARCB,20170922,30.2,30.95,30,30.7,164700
ARCC,20170922,15.81,15.85,15.76,15.85,992600
ARDX,20170922,5.35,5.4,5.25,5.3,133200
ARGX,20170922,21.5,21.5,21.5,21.5,0
ARKR,20170922,23.53,24.07,22.89,23.54,8600
ARLP,20170922,18.4,18.75,18.35,18.55,261400
ARNA,20170922,25.12,25.17,24.72,25.09,397200
AROW,20170922,32.9,33.25,32.65,32.9,23600
ARRY,20170922,11.44,11.5,11.16,11.32,2932500
ARTNA,20170922,37.12,37.49,36.86,37.01,13800
ARTW,20170922,2.45,2.45,2.2,2.2,1100
ARWR,20170922,3.49,3.58,3.4,3.55,692300
ASET,20170922,28.14,28.14,28.1,28.1,500
ASMB,20170922,32.05,32.92,31.895,32.55,51300
ASML,20170922,165.2,166.45,165.08,165.96,303600
ASND,20170922,40.2,42,33.56,34.24,3024000
ASPS,20170922,25.1,25.16,24.89,25.09,78400
ASPU,20170922,6.25,6.415,6.05,6.35,10600
ASRV,20170922,3.9,3.95,3.9,3.95,6100
ASTC,20170922,0.73,0.74,0.7,0.74,22500
ASTE,20170922,52.99,53.7,52.99,53.5,115100
ASUR,20170922,10.88,10.9,10.67,10.78,99400
ASYS,20170922,11.67,11.76,11.4,11.51,116800
ATAI,20170922,4.79,4.85,4.79,4.85,12100
ATAX,20170922,6.15,6.2,6.11,6.15,54200
ATEC,20170922,2.15,2.2,2.12,2.19,33500
ATHX,20170922,2.45,2.57,2.43,2.55,957700
ATLC,20170922,2.42,2.51,2.41,2.43,12700
ATLO,20170922,28,28.7,27.975,28.35,17100
ATNI,20170922,50.77,52.17,50.27,50.75,79700
ATNX,20170922,17.61,17.61,16.8,16.83,120600
ATOM,20170922,4.35,4.54,4.28,4.54,10600
ATOS,20170922,6.48,6.48,5.4,5.88,1239200
ATRA,20170922,15.6,15.825,15.2,15.65,192900
ATRC,20170922,21.87,22.06,21.79,21.99,113100
ATRI,20170922,650,660,648.25,651.3,4300
ATRO,20170922,29.06,29.17,28.81,29.1,110700
ATRS,20170922,2.93,3.015,2.93,2.99,1059800
ATSG,20170922,24.84,25.65,24.76,25.3,434900
ATVI,20170922,63.74,64.59,63.34,63.9,5665200
ATXI,20170922,5.76,5.76,5.4,5.45,11100
AUBN,20170922,35.96,36.49,35.96,36.49,600
AUDC,20170922,6.87,7.07,6.86,6.94,59200
AUPH,20170922,6.27,6.3,6.165,6.22,507500
AVAV,20170922,51.61,53.405,51.47,51.69,381400
AVDL,20170922,9.6,10.01,9.6,9.61,199900
AVEO,20170922,37.3,37.5,35.5,36,2535100
AVGO,20170922,238.34,240.745,238.12,239.24,2310000
AVGR,20170922,94,96,89.2,94.8,190600
AVID,20170922,4.4,4.49,4.38,4.48,148300
AVIR,20170922,0.625,0.65,0.6,0.65,64700
AVNW,20170922,16.85,16.91,16.2,16.68,23100
AVXL,20170922,4.17,4.2,4.06,4.13,210200
AWRE,20170922,4.65,4.75,4.62,4.7,11900
AXDX,20170922,22.8,23.1,22.5,22.7,179500
AXGN,20170922,18.5,18.85,18.5,18.6,138400
AXON,20170922,26.98,27.98,24.85,24.99,2233500
AXSM,20170922,5.65,5.65,5.275,5.55,80500
AXTI,20170922,8.45,8.8,8.425,8.65,304900
AZPN,20170922,63.39,64.06,63.19,63.94,273800
BANF,20170922,53.6,54.4,53.6,54.2,25600
BANFP,20170922,26.85,26.85,26.79,26.85,4200
BANR,20170922,58,58.84,57.55,58.61,211700
BANX,20170922,20.43,20.43,20.18,20.18,16900
BATRA,20170922,25.86,26.13,25.59,26.12,20000
BATRK,20170922,25.81,26.15,25.44,26.05,122600
BBBY,20170922,22.17,22.53,22.16,22.51,6839800
BBGI,20170922,11.05,11.2,10.95,11.1,9000
BBH,20170922,133.05,133.65,132.73,133.57,8300
BBSI,20170922,54.2,54.79,52.88,54.32,37700
BCAC,20170922,9.85,9.85,9.85,9.85,0
BCACU,20170922,10.23,10.29,10.23,10.29,200
BCACW,20170922,0.4,0.4,0.4,0.4,0
BCBP,20170922,12.8,12.95,12.75,12.9,111200
BCLI,20170922,4.16,4.16,4.05,4.09,32100
BCOR,20170922,24.85,25.2,24.65,24.95,508500
BCOV,20170922,7.05,7.3,7.05,7.25,198700
BCPC,20170922,79.3,80.4,79.3,80.12,111600
BCRX,20170922,5.26,5.31,5.145,5.24,2633800
BDSI,20170922,2.8,2.825,2.65,2.8,267500
BECN,20170922,49.41,50.5,48.94,49.91,1207100
BELFA,20170922,22.27,22.9,21.91,22.9,1600
BELFB,20170922,27.5,27.75,26.75,27.1,37300
BFIN,20170922,15.9,16.1,15.85,16.06,18200
BFIT,20170922,16.1,16.1,16.1,16.1,0
BGCP,20170922,13.49,13.58,13.43,13.52,923600
BGFV,20170922,7.25,7.5,7.1,7.35,594900
BGNE,20170922,84.98,85.97,83.61,85.14,230600
BHF,20170922,57.06,58.55,56.81,58.35,903200
BIB,20170922,59.78,60.1,59.1,59.9,214700
BICK,20170922,29.22,29.36,28.29,29.36,15400
BIDU,20170922,237.82,242.7,237.19,240.57,1922400
BIIB,20170922,311.3,319.34,311.3,318.46,988000
BIOC,20170922,12.3,12.6,12.1,12.4,133900
BIOL,20170922,2.78,3.1,2.775,3.05,157500
BIS,20170922,20.96,21.33,20.96,21.07,45900
BJRI,20170922,29.5,30.05,29.5,29.9,287900
BKCC,20170922,7.26,7.27,7.21,7.25,305200
BKEP,20170922,5.75,5.9,5.75,5.85,11500
BKEPP,20170922,7.72,7.8,7.57,7.63,26200
BKSC,20170922,18.25,18.9,18.25,18.85,11000
BKYI,20170922,2.7,2.7,2.52,2.6,5300
BL,20170922,33.12,33.83,33.11,33.49,156500
BLBD,20170922,18.65,18.802,18.575,18.75,107200
BLCM,20170922,112.9,114.5,111.3,114.1,501600
BLDP,20170922,4.69,4.87,4.64,4.81,2569500
BLFS,20170922,5.1,5.45,5.1,5.39,132100
BLIN,20170922,142.5,142.5,139.5,142.5,2900
BLKB,20170922,83.58,85.24,83.58,84.97,223400
BLMN,20170922,16.95,17.39,16.95,17.24,971500
BLPH,20170922,16.65,16.95,16.2,16.8,170100
BLRX,20170922,16.5,16.8,16.05,16.65,142400
BLUE,20170922,127.55,130.5,127,128.75,480800
BMRA,20170922,2.765,2.82,2.765,2.82,2200
BMRC,20170922,32.75,33.125,32.75,32.9,18300
BMRN,20170922,93.18,95.02,92.66,94.95,1210900
BMTC,20170922,41.55,41.85,41.55,41.75,25200
BNDX,20170922,54.62,54.62,54.57,54.6,447400
BNFT,20170922,31,31.43,30.8,31.3,140000
BNSO,20170922,2.27,2.33,2.26,2.32,6600
BNTC,20170922,20.9,21.5,20.7,21.3,14500
BOKF,20170922,84.65,85.29,84.545,84.88,63000
BOMN,20170922,16.33,16.8,16.02,16.21,5100
BOOM,20170922,16.1,16.5,16.05,16.5,112500
BOSC,20170922,1.69,1.71,1.63,1.7,32800
BOTJ,20170922,14.3,14.3,14.13,14.3,1500
BOTZ,20170922,21.5,21.5,21.42,21.45,615800
BPMC,20170922,61.72,62.9,61.18,62.28,199500
BPOP,20170922,39.8,39.99,39.63,39.81,593500
BPOPM,20170922,22.9,22.9,22.9,22.9,300
BPOPN,20170922,24.7,24.8,24.66,24.8,2600
BPRN,20170922,30.45,31.45,30.45,31.4,2700
BPTH,20170922,75,80,74,79,111400
BRID,20170922,12.16,12.16,12.16,12.16,1600
BRKL,20170922,14.8,14.9,14.65,14.85,446900
BRKR,20170922,29.48,29.54,29.21,29.36,359000
BRKS,20170922,28.14,29.2,28.125,29.16,478600
BRQS,20170922,5.95,5.95,5.95,5.95,0
BSET,20170922,36,37.55,35.35,37,26400
BSQR,20170922,4.51,4.92,4.51,4.92,6000
BSRR,20170922,26.16,26.4,25.75,25.76,59900
BTEC,20170922,30.19,30.375,30.19,30.375,2000
BUSE,20170922,29.64,29.99,29.17,29.86,58800
BVXV,20170922,7.12,7.13,7,7.05,12200
BWEN,20170922,3.465,3.48,3.21,3.25,61000
BWFG,20170922,32.1,34.07,32.1,33.93,14300
BYFC,20170922,2.215,2.3,2.215,2.3,700
BYSI,20170922,39,39,38.6,38.6,1400
BZUN,20170922,37.5,37.87,36.3,37.73,2321800
CAAS,20170922,5.25,5.3,5.2,5.22,37500
CAC,20170922,41.46,42.61,41.43,42.3,49600
CACC,20170922,270.64,273.535,268.15,273.21,96900
CACG,20170922,25.93,25.93,25.89,25.91,1100
CAKE,20170922,41.18,41.57,41.04,41.52,1017000
CALA,20170922,16.2,16.2,15.5,15.9,430500
CALM,20170922,41.2,41.7,40.8,40.95,329800
CAMP,20170922,19.8,20.44,19.8,20.42,263700
CAMT,20170922,4.76,4.89,4.72,4.86,97400
CAPR,20170922,20.8,21.5,19.5,21.4,1861800
CAR,20170922,37.99,38.685,37.965,38.44,1878400
CARA,20170922,13.12,13.265,12.98,13.06,648300
CARV,20170922,2.381,2.381,2.381,2.381,0
CARZ,20170922,40.31,40.35,40.31,40.31,6300
CASH,20170922,24.5333,24.9667,24.4667,24.9167,69100
CASI,20170922,1.86,1.95,1.86,1.91,126800
CASS,20170922,60.61,62,60.57,60.91,67600
CASY,20170922,107.79,108.56,107.55,107.89,230700
CATH,20170922,30.86,30.93,30.83,30.93,2100
CATY,20170922,37.58,38.12,37.55,38,298900
CBAN,20170922,13.35,13.35,13.35,13.35,0
CBAY,20170922,7.57,7.74,7.41,7.47,450500
CBFV,20170922,28,28,27.5,28,1000
CBIO,20170922,4.46,4.82,4.45,4.82,347000
CBRL,20170922,146.55,148.77,146.55,147.3,357200
CBSH,20170922,56.42,56.72,56.22,56.48,320700
CCBG,20170922,21.51,22.64,21.5,22.52,103200
CCD,20170922,20.53,20.55,20.43,20.49,36200
CCLP,20170922,4.8,5.02,4.8,4.9,67700
CCMP,20170922,74.26,75.82,74.03,75.53,104000
CCNE,20170922,26.02,26.15,25.47,26.04,26600
CCOI,20170922,47.7,48.4,47.555,48.15,333800
CCRN,20170922,12.9,13.11,12.9,13.07,169600
CCXI,20170922,7.2,7.28,6.92,7.21,131500
CDC,20170922,44.14,44.21,44.09,44.17,23200
CDEV,20170922,17.84,18.18,17.84,18.06,649300
CDK,20170922,62.43,63.53,62.335,63.12,1014900
CDL,20170922,43.02,43.06,42.96,42.99,12100
CDNA,20170922,3,3.12,2.81,3.08,321100
CDNS,20170922,38.39,38.92,38.33,38.88,1799600
CDTX,20170922,7.07,7.75,7.07,7.6,158600
CDW,20170922,62.69,64.32,62.04,64.2,695800
CDXC,20170922,4.28,4.4,3.83,4,904700
CDXS,20170922,5.75,5.9,5.65,5.85,122300
CDZI,20170922,12.6,12.8,12.35,12.6,114500
CECE,20170922,8.39,8.48,8.3,8.38,97000
CELC,20170922,13.07,14.01,13.07,13.63,48900
CELH,20170922,5.47,5.6,5.31,5.4,76200
CEMI,20170922,6.05,6.1,5.98,6.05,3500
CENT,20170922,37.09,37.22,36.6,36.96,61900
CENTA,20170922,35.39,35.75,34.98,35.45,145300
CENX,20170922,18.92,19,17.96,18.09,2519400
CERN,20170922,69.32,69.72,68.97,69.63,1293200
CERS,20170922,2.6,2.64,2.54,2.6,649100
CETX,20170922,25.68,25.76,25.36,25.76,36800
CETXP,20170922,7.075,7.075,7.075,7.075,0
CETXW,20170922,0.455,0.455,0.455,0.455,0
CEVA,20170922,41.4,42.25,41.4,42.05,82700
CFA,20170922,45.09,45.24,45.08,45.24,14100
CFBK,20170922,14.245,14.52,13.695,14.3,22900
CFFI,20170922,52.75,53.3,52.55,52.95,16200
CFFN,20170922,14.1,14.34,14.08,14.27,401800
CFMS,20170922,3.48,3.68,3.48,3.57,154000
CFO,20170922,45.16,45.2,45.04,45.17,32900
CFRX,20170922,10,10.6,10,10.4,74900
CG,20170922,23.6,24.6,23.6,24.45,780400
CGBD,20170922,18.6,18.98,18.59,18.71,73800
CGEN,20170922,3.7,3.9,3.65,3.7,107300
CGNT,20170922,2.6,2.72,2.56,2.65,81500
CGNX,20170922,56.53,57.0425,56.505,56.715,270600
CGO,20170922,13.49,13.54,13.47,13.52,18100
CHCI,20170922,1.875,1.881,1.8,1.8,4100
CHCO,20170922,67.76,68.9,67.76,68.48,59000
CHDN,20170922,67.5667,68.0333,67.2,67.25,58900
CHEF,20170922,18.8,18.9,18.15,18.85,139800
CHEK,20170922,21.36,22.08,21,21,9100
CHI,20170922,11.44,11.44,11.35,11.39,145500
CHKP,20170922,110.43,112.07,110,111.99,483800
CHMG,20170922,41.05,41.74,41.01,41.72,4700
CHNR,20170922,1.9,1.91,1.895,1.91,2000
CHRS,20170922,12.55,13,12.4,12.85,627300
CHRW,20170922,73.16,73.8,72.8,73.13,1098000
CHSCL,20170922,28.62,28.79,28.62,28.69,36300
CHSCM,20170922,27.36,27.53,27.13,27.33,45400
CHSCN,20170922,28.37,28.92,28.37,28.81,8600
CHSCO,20170922,29.36,29.37,29.23,29.32,9200
CHSCP,20170922,30.87,30.91,30.71,30.71,2200
CHTR,20170922,359.54,363.33,358.75,360.3,2078400
CHUY,20170922,20.1,20.4,19.825,20.15,241700
CHW,20170922,8.93,8.98,8.9,8.94,217100
CHY,20170922,11.9,11.9,11.785,11.79,181300
CIBR,20170922,21.86,21.99,21.82,21.97,73200
CID,20170922,35.77,35.77,35.74,35.74,2200
CIDM,20170922,1.5,1.5,1.485,1.5,14400
CIGI,20170922,48.1,49.05,48.1,49.05,45400
CIL,20170922,39.29,39.29,39.23,39.27,1700
CINF,20170922,75.52,76,75.485,75.88,223000
CIVB,20170922,21,21.09,20.96,21,44200
CIZ,20170922,34.02,34.17,34,34.02,13500
CIZN,20170922,23.365,24.2,23.365,24.2,2300
CJJD,20170922,1.64,1.64,1.61,1.62,8600
CKPT,20170922,8.7,8.7,8.7,8.7,0
CLAR,20170922,7.05,7.1,7,7.05,23100
CLBS,20170922,3.78,3.92,3.73,3.8,46400
CLDX,20170922,36.75,40.125,36.6,39.9,1398900
CLFD,20170922,12.7,13,12.6,12.85,37300
CLIR,20170922,3.15,3.2,3,3.1,175100
CLLS,20170922,27.66,28.3,27.66,27.81,63100
CLMT,20170922,7.75,7.955,7.7,7.8,181200
CLNE,20170922,2.38,2.43,2.38,2.41,671800
CLRB,20170922,17.5,18,17.2,17.9,31400
CLRO,20170922,7.5,7.9,7.5,7.8,7500
CLSD,20170922,8.16,8.39,7.67,8.3,93100
CLSN,20170922,1.55,1.56,1.52,1.56,158100
CLVS,20170922,76.19,78.9,75.01,78.56,1906800
CLWT,20170922,2.1333,2.2,2.0333,2.2,4400
CLXT,20170922,26.46,26.7,25.11,25.72,57200
CMCO,20170922,34.41,34.73,34.24,34.44,42800
CMCSA,20170922,37.28,38.14,37.27,38.1,21749200
CMCT,20170922,19,19,17.975,18.2,5100
CME,20170922,132.93,134.36,132.86,134.17,770600
CMLS,20170922,0.35,0.35,0.34,0.35,40800
CMPR,20170922,98.14,99.31,94.925,98.25,111500
CMRX,20170922,5,5.04,4.93,5.01,207900
CMTL,20170922,20.3,20.82,19.91,20.59,215400
CNBKA,20170922,71.1,76.1,71.1,75.9,28300
CNCE,20170922,14.4,14.5,13.85,14.04,121400
CNCR,20170922,25.87,26.25,25.83,26.19,16500
CNET,20170922,1.03,1.09,1.03,1.07,11400
CNFR,20170922,6.1,6.25,6.1,6.25,1900
CNOB,20170922,23,23.7,22.9,23.5,251100
CNSL,20170922,18.58,19.01,18.52,18.97,426000
CNTY,20170922,7.17,7.35,7.12,7.22,30200
CNXN,20170922,25.95,26.74,25.92,26.53,58800
CODA,20170922,4.18,4.2,4.15,4.2,2300
CODX,20170922,6.46,6.46,5.92,6.01,118400
COGT,20170922,5.1,5.1,4.7,4.95,241200
COHR,20170922,254.01,257.775,251.53,254.41,362300
COHU,20170922,22.03,22.73,22,22.7,251500
COKE,20170922,209.05,210.8,208.42,209.3,29600
COLB,20170922,39.62,40.1,39.52,40.02,267000
COLL,20170922,10.07,10.36,9.94,10.31,256800
COLM,20170922,58.18,58.71,58.06,58.31,126500
COMM,20170922,33.1,33.32,33.07,33.17,964600
COMT,20170922,34.82,35.01,34.82,34.99,12300
CONE,20170922,60.59,61.28,59,59.31,1228600
CONN,20170922,21.95,22.9,21.95,22.8,349400
COOL,20170922,26.03,26.43,25.65,26.39,38900
CORT,20170922,17.41,18.42,17.27,18.2,1582100
COST,20170922,160.9,162,160.37,161.29,1535800
COUP,20170922,31.37,31.79,31.05,31.33,460400
COWN,20170922,16.45,16.65,16.45,16.6,84100
COWNL,20170922,26.81,26.81,26.81,26.81,300
CPHC,20170922,11.85,12.2,11.7,11.99,8300
CPIX,20170922,6.97,7.21,6.84,7.2,11600
CPLP,20170922,3.59,3.63,3.53,3.56,582800
CPRT,20170922,33.79,34.03,33.72,33.74,775100
CPRX,20170922,2.44,2.46,2.39,2.44,221100
CPSH,20170922,1.17,1.2,1.17,1.2,900
CPSI,20170922,27.95,28.65,27.8,28.55,59400
CPSS,20170922,4.52,4.68,4.36,4.5,58900
CPTAG,20170922,24.8,24.9,24.8,24.9,2400
CPTAL,20170922,25.255,25.8,25.255,25.32,5300
CRAI,20170922,39.5,39.97,39.01,39.63,35500
CRBP,20170922,6.6,6.9,6.4,6.85,407300
CREG,20170922,10.9,11.5,10.9,11.1,1300
CRESY,20170922,18.76,19.485,18.76,19.11,53100
CRIS,20170922,8.05,8.15,7.8,7.85,1100800
CRMT,20170922,40.55,41,40.3,40.85,57700
CRNT,20170922,1.9,1.94,1.88,1.91,412100
CROX,20170922,9,9.08,8.96,9.04,631000
CRSP,20170922,19,19.06,18.41,18.97,156700
CRTO,20170922,42.65,44.53,42.14,42.77,1546500
CRUS,20170922,53.8,54.24,53,53.44,1275100
CRVL,20170922,52.25,53.4,52.25,53.2,28300
CRVS,20170922,16.14,16.62,16,16.25,26300
CRWS,20170922,6.4,6.45,6.35,6.45,8900
CSA,20170922,43.15,43.2,43.13,43.2,4200
CSB,20170922,41.01,41.26,41.01,41.19,6900
CSBR,20170922,3.7,3.75,3.55,3.75,44300
CSCO,20170922,32.66,33.53,32.64,33.37,28234800
CSF,20170922,41.75,42.175,41.75,42.14,6600
CSGP,20170922,279.31,283.14,278.75,280.82,133900
CSGS,20170922,37.59,38.16,37.59,38.1,156900
CSII,20170922,27.4,27.71,27.32,27.52,246100
CSIQ,20170922,15.75,16.785,15.15,16.46,3701000
CSML,20170922,25.71,25.98,25.71,25.93,90100
CSOD,20170922,39.07,39.57,38.54,38.6,793200
CSPI,20170922,10.48,10.48,10.09,10.14,5100
CSQ,20170922,12,12.04,11.96,12,312000
CSSE,20170922,8.5,9.04,8.25,8.9,52600
CSTE,20170922,28.45,28.7,28.35,28.65,251200
CSTR,20170922,18.09,18.21,18,18,20300
CSWC,20170922,16.53,16.94,16.53,16.86,32300
CSWI,20170922,43.6,44.25,43.6,43.8,25800
CSX,20170922,52.55,53.23,52.33,53.1,3796000
CTAS,20170922,137.37,139,136.48,136.65,562900
CTBI,20170922,43.75,44.35,43.75,44.2,20900
CTG,20170922,5.21,5.24,5.16,5.17,14700
CTHR,20170922,0.86,0.91,0.85,0.91,14000
CTIB,20170922,4,4,4,4,0
CTIC,20170922,3.25,3.41,3.19,3.36,273500
CTMX,20170922,17.52,17.74,17.28,17.51,142500
CTRE,20170922,19.15,19.15,18.77,18.84,252700
CTRN,20170922,18.45,19.21,18.45,19.03,160400
CTSH,20170922,71.96,72.47,71.91,72.06,3568200
CTSO,20170922,5.45,5.46,5.35,5.4,52000
CTXR,20170922,3.65,3.65,3.15,3.37,15400
CTXRW,20170922,0.43,0.65,0.38,0.65,5100
CTXS,20170922,76.24,76.715,75.69,76.23,2411800
CUBA,20170922,7.29,7.32,7.25,7.32,2900
CUTR,20170922,39.75,40.1,39.25,39.85,78100
CVBF,20170922,22.22,22.58,22.11,22.56,429400
CVCO,20170922,138.55,140,138.55,139.55,24900
CVCY,20170922,20.49,20.88,20.2,20.65,17400
CVGI,20170922,6.42,6.57,6.39,6.4,144300
CVGW,20170922,70.65,71.625,70.05,70.2,52400
CVLT,20170922,60.75,61.35,60.55,60.85,139100
CVLY,20170922,27.9,28.19,27.6,28.09,6300
CVV,20170922,11.19,11.19,10.96,11.19,5000
CWBC,20170922,10.42,10.45,10.35,10.45,600
CWCO,20170922,12.4,12.65,12.4,12.6,33500
CWST,20170922,17.74,18.085,17.74,17.91,194200
CXDC,20170922,4.65,4.7,4.65,4.7,8900
CXSE,20170922,39.935,39.9575,39.81,39.95,18000
CYAD,20170922,55,57.3,55,57.3,2700
CYAN,20170922,4,4.15,4,4.15,700
CYBE,20170922,15.8,16.4,15.8,16.1,57200
CYBR,20170922,41.96,42.99,41.88,42.85,525200
CYCC,20170922,45.4,45.4,37,38.4,3971400
CYCCP,20170922,6.25,6.5,6.25,6.5,10300
CYRN,20170922,1.7,1.8,1.7,1.8,13100
CYRX,20170922,9.7,10.4,9.65,10.21,457500
CYTK,20170922,14.15,14.55,14.07,14.3,430600
CZNC,20170922,23.65,23.96,23.65,23.88,12900
CZR,20170922,12.75,12.75,12.4,12.7,3829400
CZWI,20170922,13.25,13.7,13.21,13.7,27500
DAIO,20170922,9.5,9.85,9.46,9.7,61700
DAKT,20170922,10.19,10.41,10.19,10.27,164800
DARE,20170922,3.08,3.11,3.02,3.11,23600
DAX,20170922,30.56,30.61,30.56,30.61,2700
DBVT,20170922,43.94,44.25,43.28,43.41,252900
DCOM,20170922,20.15,20.325,20.05,20.2,93700
DENN,20170922,12,12.16,12,12.11,182700
DFFN,20170922,27.45,27.45,24.75,24.75,165900
DGICA,20170922,15.74,15.97,15.74,15.9,25000
DGICB,20170922,13.4,13.4,13.4,13.4,0
DGII,20170922,9.75,10,9.7,9.95,98100
DGLY,20170922,2.75,2.75,2.7,2.7,34400
DGRE,20170922,26.3,26.3,26.22,26.26,13300
DGRS,20170922,33.35,33.56,33.27,33.54,3300
DGRW,20170922,37.88,37.97,37.88,37.96,105100
DHIL,20170922,202.75,204.19,200.77,203.77,6400
DIOD,20170922,28.25,28.85,28.16,28.81,184200
DISCA,20170922,21.34,21.54,21.23,21.41,2373800
DISCB,20170922,22,22,22,22,0
DISCK,20170922,20.23,20.5,20.17,20.42,1896000
DISH,20170922,53.28,53.57,52.84,53.26,1006300
DJCO,20170922,218.26,220,217.66,220,1000
DLHC,20170922,6.09,6.13,5.95,6.13,14400
DLTH,20170922,19.84,19.96,19.53,19.62,98200
DLTR,20170922,83.12,84.8,83.04,84.62,2232300
DMLP,20170922,14.6,14.85,14.6,14.75,37300
DMRC,20170922,32.35,32.95,32.3,32.7,29300
DORM,20170922,69.6,69.895,68.8,69.42,80900
DOX,20170922,63.69,64.33,63.59,64.16,481600
DRIO,20170922,1.72,1.78,1.71,1.78,10200
DRNA,20170922,4.52,4.68,4.19,4.58,337300
DRRX,20170922,1.69,1.77,1.66,1.73,315600
DSGX,20170922,27.65,27.9,27.575,27.65,106600
DSKE,20170922,12.79,12.85,12.76,12.8,266200
DSKEW,20170922,1.5,1.56,1.5,1.53,18800
DSPG,20170922,12.5,12.7,12.4,12.55,52200
DSWL,20170922,2.4,2.62,2.36,2.57,97200
DTEA,20170922,4.35,4.55,4.35,4.45,56400
DVAX,20170922,20.8,21,20.25,20.5,918800
DVY,20170922,93.77,93.82,93.61,93.68,485000
DWAC,20170922,23.56,23.56,23.56,23.56,0
DWAS,20170922,45.36,45.69,45.36,45.64,30500
DWAT,20170922,11.315,11.315,11.315,11.315,0
DWPP,20170922,26.72,26.73,26.71,26.71,3000
DWSN,20170922,4.32,4.35,4.27,4.33,23300
DXCM,20170922,69.72,70.28,69.095,69.99,672600
DXGE,20170922,31.32,31.389,31.29,31.355,5700
DXJS,20170922,41.46,41.55,41.41,41.52,13700
DXLG,20170922,1.9,1.95,1.9,1.95,52100
DXPE,20170922,29.49,29.83,26.56,29.7,60500
DXYN,20170922,4.15,4.15,4.05,4.1,11000
DYNT,20170922,2.4,2.5,2.4,2.5,1100
DZSI,20170922,6.36,6.49,6.35,6.49,4100
EA,20170922,117.46,120.18,117.15,118.5,2077300
EBAY,20170922,38.13,38.31,38.05,38.29,4866000
EBIX,20170922,61,62.25,60.7,61.65,314200
EBMT,20170922,18.1,18.45,18.1,18.45,800
EBSB,20170922,18.25,18.45,18.05,18.4,85100
EBTC,20170922,36.69,36.85,36.605,36.75,8900
ECHO,20170922,17.8,18.2,17.775,18.1,303000
ECOL,20170922,51.5,52.65,51.5,52.6,51600
ECPG,20170922,41.5,42.025,40.9,41.9,359700
EDAP,20170922,3.11,3.11,2.9,2.94,7200
EDIT,20170922,23.14,23.39,22.55,22.85,618300
EDUC,20170922,5.1,5.2,5.095,5.2,4400
EEFT,20170922,95.75,96.44,94.76,95.97,258200
EEMA,20170922,70.43,70.56,70.16,70.37,15400
EFAS,20170922,18.46,18.46,18.46,18.46,100
EFOI,20170922,12.5,13.65,12.4,13.55,36000
EFSC,20170922,40.7,40.875,40.5,40.65,65700
EGAN,20170922,2.45,2.5,2.4,2.5,196100
EGBN,20170922,63.25,63.775,63.2,63.5,126100
EGLE,20170922,34.3,34.86,33.95,34.09,214200
EGRX,20170922,57.06,57.81,56.08,57.62,159100
EHTH,20170922,23.53,23.65,23.39,23.53,33200
EIGR,20170922,10.65,10.9,10.2,10.55,31000
EKSO,20170922,17.1,19.2,16.5,19.2,1769900
ELSE,20170922,3.59,3.68,3.58,3.64,8400
ELTK,20170922,0.6,0.71,0.6,0.7,15500
EMB,20170922,116.46,116.48,116.32,116.44,2095000
EMCB,20170922,73.84,73.84,73.11,73.11,700
EMCF,20170922,28,28,28,28,500
EMIF,20170922,34.21,34.25,34.15,34.15,2400
EMKR,20170922,8.75,8.85,8.55,8.7,117700
EML,20170922,26.7,27.5,26.7,27.2,8000
EMXC,20170922,51.86,51.86,51.82,51.82,200
ENDP,20170922,8.84,8.84,8.49,8.66,3305500
ENG,20170922,1.32,1.4,1.3,1.4,12800
ENPH,20170922,1.43,1.49,1.32,1.41,1194000
ENSG,20170922,21.08,21.47,21.06,21.22,101600
ENTA,20170922,43.6,43.6,42.49,42.71,140000
ENTG,20170922,27.5,27.95,27.5,27.85,651800
ENZL,20170922,47.25,47.45,47.25,47.35,26800
EPAY,20170922,31.74,32.03,31.55,31.82,474900
EPIX,20170922,5.6,6,5.6,5.6,33100
EPZM,20170922,18.6,18.75,16.95,16.95,1019000
EQBK,20170922,33.51,34.87,33.51,34.46,279900
EQIX,20170922,447.1,449.34,440.84,441.66,407900
EQRR,20170922,42.94,42.94,42.94,42.94,100
ERIC,20170922,5.63,5.71,5.61,5.68,12067000
ERIE,20170922,116.86,119.23,116.6,118.64,22300
ERII,20170922,6.81,7.29,6.78,7.22,387000
ESBK,20170922,20.41,20.41,20.25,20.29,1300
ESCA,20170922,13.4,13.5,12.85,13.5,8300
ESEA,20170922,13.68,13.84,13.44,13.6,16400
ESGD,20170922,66.15,66.162,66.07,66.095,1300
ESGE,20170922,35.22,35.22,35.145,35.15,4600
ESGR,20170922,208.2,213.95,208.2,212.85,28900
ESGU,20170922,54.84,54.84,54.84,54.84,0
ESLT,20170922,143.31,144.45,143.31,144.45,20500
ESPR,20170922,49.35,50.19,48,49.31,412700
ESQ,20170922,15.02,15.19,15,15.06,1400
ESSA,20170922,15.17,15.35,15.13,15.28,8500
ESXB,20170922,8.85,8.9,8.825,8.85,18800
ETSY,20170922,16.99,17.21,16.99,17.11,777900
EUFN,20170922,23.34,23.39,23.29,23.35,6752800
EVBG,20170922,25.05,25.57,24.98,25.35,219200
EVGBC,20170922,99.98,99.98,99.98,99.98,0
EVGN,20170922,4.31,4.34,4.25,4.31,20400
EVK,20170922,2.45,2.45,2.45,2.45,0
EVLMC,20170922,99.94,99.94,99.94,99.94,0
EVLV,20170922,1.06,1.12,1.06,1.06,410200
EVOK,20170922,3.4,3.57,3.35,3.49,293200
EVOL,20170922,4.7,4.75,4.65,4.75,15300
EVSTC,20170922,99.98,99.98,99.98,99.98,0
EWBC,20170922,57.04,57.49,56.71,57.42,374500
EWZS,20170922,17.32,17.52,17.3,17.51,24500
EXAS,20170922,45.3,46.15,44.62,45.96,2154500
EXEL,20170922,27,27.01,24.07,24.47,10841200
EXLS,20170922,56.44,57.5,56.3,57.4,216700
EXPD,20170922,57.8,58.63,57.8,58.19,774900
EXPE,20170922,142.55,146.28,142.08,145.77,2268200
EXPO,20170922,36.1,36.625,36.1,36.55,254400
EXTR,20170922,11.4,11.83,11.26,11.71,860300
EYEG,20170922,16.65,17.55,16.65,17.55,112400
EYES,20170922,9.2,9.44,9.2,9.44,179900
EYESW,20170922,0.29,0.29,0.29,0.29,0
EZPW,20170922,9.65,9.9,9.625,9.85,275400
FAAR,20170922,29.43,29.43,29.43,29.43,100
FAB,20170922,52.58,52.8,52.58,52.8,3300
FAD,20170922,60.47,60.72,60.47,60.66,4000
FALN,20170922,27.59,27.63,27.59,27.63,1400
FANG,20170922,96.5,96.89,95.26,95.74,1343900
FANH,20170922,13.22,13.22,12.73,12.97,84000
FARM,20170922,29,29.4,28.85,28.95,62300
FARO,20170922,37.25,37.55,36.95,37.15,60300
FAST,20170922,22.045,22.26,21.985,22.125,2072600
FATE,20170922,3.94,4.17,3.89,4.12,161800
FB,20170922,170.21,171.73,169.22,170.54,12097100
FBIO,20170922,4.55,4.67,4.32,4.4,171000
FBIZ,20170922,21.58,21.9,21.58,21.7,28200
FBMS,20170922,29.1,29.7,29.05,29.65,15400
FBNC,20170922,32.7,33.39,32.55,33.09,79400
FBZ,20170922,17.21,17.25,17.14,17.17,3000
FCA,20170922,29.99,30.08,29.76,30.01,6500
FCAL,20170922,50.74,50.74,50.74,50.74,0
FCAP,20170922,34.23,35.21,34.17,35.21,900
FCBC,20170922,27.29,27.91,27.16,27.5,29600
FCCO,20170922,20.4,20.45,20.25,20.35,4600
FCCY,20170922,18.45,18.5,18.34,18.5,5000
FCEF,20170922,21.88,21.96,21.85,21.91,17900
FCEL,20170922,20.04,21.36,19.8,20.88,2839900
FCNCA,20170922,350.5,354.75,350.5,354.75,12200
FCVT,20170922,28.39,28.43,28.33,28.34,7300
FDIV,20170922,51.15,51.15,50.965,51.05,1800
FDT,20170922,59.06,59.19,59.01,59.12,32400
FDTS,20170922,41.16,41.16,41.16,41.16,100
FDUS,20170922,15.92,16.02,15.73,15.91,80600
FEIM,20170922,8.46,8.75,8.16,8.75,14200
FELE,20170922,43.7,43.9,40.85,43.35,131100
FEM,20170922,27.92,27.92,27.77,27.82,75700
FEMB,20170922,43.84,44.12,43.84,44.11,2300
FEMS,20170922,42.78,42.82,42.5,42.71,72400
FENC,20170922,12.02,12.5,11.75,11.81,14200
FEP,20170922,37.68,37.73,37.59,37.64,70300
FEUZ,20170922,42.645,42.924,42.63,42.83,4500
FEX,20170922,54.19,54.32,54.19,54.3,51400
FFBC,20170922,24.9,25.2,24.85,25.05,265900
FFHL,20170922,2.62,2.745,2.6,2.63,1800
FFIC,20170922,28.33,28.5,28.33,28.41,59000
FFIN,20170922,21.3,21.625,21.3,21.45,129100
FFIV,20170922,117.63,120.92,117.465,119.73,991500
FFNW,20170922,16.51,16.7,16.51,16.64,7800
FFWM,20170922,17.16,17.25,17.13,17.24,75400
FGBI,20170922,26.86,27.05,26.86,27.05,3800
FGEN,20170922,52.6,52.8,50.55,51.35,650600
FGM,20170922,47.93,48.1,47.93,48.02,7000
FHB,20170922,28.76,29.19,28.75,28.97,180600
FIBK,20170922,36.55,36.9,36.4,36.9,147700
FINX,20170922,20.73,20.78,20.7,20.72,39800
FISI,20170922,27.9,28.15,27.75,28,34400
FISV,20170922,62.28,63.145,62.235,63.115,819400
FITB,20170922,27.4,27.55,27.2,27.31,4658300
FITBI,20170922,30.01,30.03,29.89,30.01,12300
FIVE,20170922,49.5,50.41,49.5,50.37,378800
FIVN,20170922,21.91,22.42,21.91,22.41,328900
FIXD,20170922,50.88,50.91,50.8,50.81,4000
FIZZ,20170922,116.79,118.54,116.22,118.26,177600
FJP,20170922,54.63,54.657,54.605,54.61,2500
FKU,20170922,37.97,37.97,37.97,37.97,0
FLDM,20170922,4.92,5.2,4.86,5.15,151700
FLEX,20170922,16.75,16.76,16.56,16.66,1293300
FLGT,20170922,4.7,4.74,4.37,4.57,48200
FLIC,20170922,29.3,30,29.15,29.75,45600
FLL,20170922,2.915,2.915,2.84,2.86,36800
FLN,20170922,22.67,22.72,22.6,22.6,1400
FLWS,20170922,9.5,9.75,9.5,9.75,112300
FLXN,20170922,26.6,26.71,25.62,25.81,478300
FLXS,20170922,46.65,47.185,46.04,46.62,25100
FMAO,20170922,34.73,35.63,34.73,35.54,18800
FMB,20170922,53.46,53.46,53.39,53.39,32800
FMBH,20170922,34.95,35,34.88,34.89,22800
FMBI,20170922,22.45,22.71,22.33,22.68,433900
FMNB,20170922,14.5,14.65,13.975,14.6,31200
FNHC,20170922,13.95,14.55,13.95,14.42,73400
FNK,20170922,33.863,33.875,33.863,33.875,1500
FNLC,20170922,28.35,28.94,27.98,28.84,19600
FNWB,20170922,16.36,16.82,16.26,16.3,19700
FNX,20170922,60.65,60.94,60.64,60.94,15800
FNY,20170922,35.94,36,35.79,35.98,5700
FOLD,20170922,15.63,15.7,14.59,14.61,4266700
FONR,20170922,29.5,30.1,29.075,29.7,26500
FORD,20170922,1.17,1.18,1.14,1.18,29400
FORM,20170922,15.8,16.15,15.75,16,508900
FORR,20170922,39.85,40.5,39.85,40.4,58700
FORTY,20170922,42.1,42.1,42.1,42.1,0
FOSL,20170922,8.8,9.01,8.685,8.88,1215700
FOX,20170922,26.24,26.47,26.21,26.43,1373900
FOXA,20170922,26.67,26.93,26.66,26.88,2312000
FOXF,20170922,41.35,41.7,40.65,41.5,385300
FPA,20170922,33.97,33.97,33.81,33.82,9200
FPAY,20170922,4.89,5.15,4.89,5.1,9000
FPXI,20170922,35.15,35.35,35.15,35.32,6800
FRBA,20170922,12.85,13,12.65,13,4400
FRBK,20170922,9.25,9.35,9.075,9.25,94500
FRGI,20170922,17.4,17.6,17.25,17.6,228000
FRME,20170922,40.64,40.87,40.46,40.62,211100
FRPH,20170922,44.67,45.1,44.5,44.9,4100
FRPT,20170922,14.55,14.85,14.2,14.5,189300
FRSH,20170922,5.68,5.74,5.61,5.74,48300
FRSX,20170922,5.61,5.8,5.45,5.69,25200
FRTA,20170922,4.42,4.53,4.28,4.47,1251300
FSBC,20170922,15.45,15.9,15.45,15.86,4800
FSBW,20170922,49.4,51.01,49.33,49.71,12400
FSFG,20170922,53.94,54,53.55,53.85,4400
FSLR,20170922,49.01,53,47.5,51.41,8981300
FSTR,20170922,20.65,21.1,20.15,20.35,67500
FSV,20170922,65.93,66,65.5,65.65,14600
FSZ,20170922,51.11,51.13,51.04,51.06,3400
FTA,20170922,50.38,50.56,50.38,50.56,30800
FTAG,20170922,26.5,26.5,26.5,26.5,0
FTC,20170922,56.7,56.89,56.63,56.88,16200
FTCS,20170922,47.19,47.23,47.12,47.17,22600
FTEK,20170922,1.08,1.14,1.07,1.14,77700
FTFT,20170922,2.18,2.18,1.8,1.89,51000
FTGC,20170922,20.2,20.26,20.19,20.24,19800
FTHI,20170922,22.27,22.31,22.26,22.3,9200
FTLB,20170922,22.15,22.21,22.15,22.21,2100
FTNT,20170922,38.16,38.66,38.15,38.34,612000
FTRI,20170922,11.72,11.77,11.7,11.7,1400
FTSL,20170922,48.15,48.23,48.11,48.18,105300
FTSM,20170922,59.98,59.99,59.97,59.97,107100
FTXD,20170922,19.71,19.71,19.71,19.71,0
FTXG,20170922,19.7,19.7,19.7,19.7,0
FTXH,20170922,19.84,19.84,19.84,19.84,200
FTXL,20170922,27.28,27.46,27.28,27.43,1900
FTXN,20170922,18.5,18.52,18.5,18.52,1400
FTXO,20170922,26.61,26.86,26.61,26.83,70600
FTXR,20170922,23.74,23.74,23.74,23.74,200
FULT,20170922,17.7,18.2,17.7,18.05,600900
FUNC,20170922,15.5,15.8,15.5,15.8,1600
FUND,20170922,7.57,7.61,7.56,7.59,24900
FUSB,20170922,11.01,11.1,11.01,11.1,500
FUV,20170922,5.85,6,5.51,5.54,112900
FV,20170922,25.8,25.89,25.79,25.89,149500
FVC,20170922,24.03,24.1,24.03,24.09,14800
FVE,20170922,1.6,1.7,1.6,1.7,53700
FWONA,20170922,36.71,36.71,36.07,36.5,140700
FWONK,20170922,37.33,37.58,36.94,37.56,1813600
FWP,20170922,5.5,5.81,5.34,5.8,77300
FWRD,20170922,54.74,55.14,54.71,54.75,210500
FYC,20170922,39.86,40.16,39.86,40.11,21700
FYT,20170922,34.31,34.53,34.31,34.53,9200
FYX,20170922,56.9,57.295,56.861,57.21,34900
GABC,20170922,35.7,36.27,35.34,36.01,54500
GAIA,20170922,11.45,12.05,11.45,11.85,57700
GAIN,20170922,9.24,9.33,9.22,9.3,99700
GAINN,20170922,25.7,25.7,25.7,25.7,0
GALT,20170922,1.91,1.995,1.88,1.91,99400
GASS,20170922,3.22,3.33,3.2,3.31,34000
GBCI,20170922,34.99,35.53,33.92,35.49,281700
GBDC,20170922,18.54,18.73,18.42,18.72,141300
GBLI,20170922,41.1,42.21,40.65,41.61,12700
GBLIL,20170922,26.09,26.13,26.07,26.13,7600
GBT,20170922,27.25,28.95,27.15,28.5,923900
GCBC,20170922,28.49,28.7,28.3,28.7,1700
GDEN,20170922,23.1,23.41,22.99,23.17,23800
GDS,20170922,11.92,12,11.8,11.85,127400
GECC,20170922,10.6,10.62,10.55,10.58,11300
GENC,20170922,16.75,17.1,16.75,17.1,15700
GENE,20170922,3.56,3.56,3.24,3.4,65700
GENY,20170922,31.46,31.46,31.45,31.45,200
GEOS,20170922,17.09,17.3,16.23,16.91,34300
GERN,20170922,2.17,2.2,2.14,2.16,527400
GEVO,20170922,16.4,16.6,13.2,14.8,5608900
GFED,20170922,22.54,22.54,22.54,22.54,100
GGAL,20170922,47.7,49.77,47.68,49.49,529200
GIFI,20170922,12,12,11.95,12,36000
GIGM,20170922,3.24,3.24,3.19,3.21,30600
GIII,20170922,28.14,28.775,27.75,28.22,832900
GILD,20170922,82.47,83.37,82.01,83.27,5654600
GILT,20170922,5.995,6.03,5.965,6,10600
GLAD,20170922,9.25,9.3,9.21,9.25,79900
GLBL,20170922,4.8,4.85,4.75,4.775,394900
GLBS,20170922,950,980,950,960,27700
GLBZ,20170922,10.93,10.97,10.83,10.86,1400
GLDD,20170922,4.75,4.8,4.6,4.7,80500
GLDI,20170922,9.09,9.17,9.09,9.17,17300
GLMD,20170922,8.68,9.39,8.68,9.29,66500
GLNG,20170922,21.29,21.68,21.19,21.6,888500
GLPG,20170922,99.75,100.03,99.22,99.27,37200
GLPI,20170922,37.16,37.27,36.87,36.94,539500
GLRE,20170922,20.75,21.15,20.75,21.05,96700
GLYC,20170922,14.05,14.05,13.28,13.6,313400
GNCA,20170922,42.24,43.36,42,42.32,119000
GNMA,20170922,49.88,49.93,49.76,49.84,7600
GNTX,20170922,19.41,19.49,19.33,19.48,1359000
GNTY,20170922,31.24,31.37,30.345,30.86,14700
GNUS,20170922,3.57,3.64,3.52,3.63,11600
GOGL,20170922,8.97,8.99,8.67,8.71,166000
GOGO,20170922,12.37,12.5,12.16,12.45,1080900
GOOD,20170922,21.99,22.07,21.7,21.8,121000
GOODO,20170922,25.5,25.5,25.44,25.46,2400
GOOG,20170922,927.75,934.73,926.48,928.53,1052700
GOOGL,20170922,942.77,950,940.835,943.26,1074800
GPAC,20170922,10.06,10.06,10.03,10.06,1100
GPACW,20170922,0.76,0.77,0.76,0.77,5200
GPP,20170922,19.95,20.11,19.95,20.05,15600
GPRE,20170922,20.5,20.7,20.2,20.35,506700
GPRO,20170922,10.98,11.16,10.54,10.75,5603900
GRBK,20170922,9.4,9.55,9.2,9.45,22200
GRFS,20170922,20.8,21.045,20.79,20.98,470300
GRID,20170922,48.49,48.6,48.46,48.54,2400
GRMN,20170922,52.08,52.49,52.05,52.41,461800
GROW,20170922,2.19,2.19,1.96,2.04,267900
GRPN,20170922,91.2,92.4,91,91.2,4641700
GRVY,20170922,14.875,14.875,13.555,13.99,25200
GSBC,20170922,51.9,52.95,51.9,52.8,8500
GSIT,20170922,6.88,6.94,6.88,6.93,18200
GSM,20170922,13.06,13.88,12.95,13.21,637200
GT,20170922,32.24,32.64,32.1,32.57,1514600
GTHX,20170922,25,25,24.26,24.73,117400
GTIM,20170922,2.65,2.7,2.65,2.7,20600
GTYH,20170922,9.98,9.98,9.98,9.98,0
GURE,20170922,8.75,9.2,8.75,8.9,45800
GWGH,20170922,9.97,9.97,9.62,9.62,1200
GWRS,20170922,9.58,9.71,9.49,9.49,17200
GYRO,20170922,20.35,20.35,20.35,20.35,0
HA,20170922,38.1,38.25,37.55,37.7,1009400
HAFC,20170922,28.45,28.95,28.45,28.85,83900
HAIN,20170922,40.1,40.14,39.57,39.6,455500
HALL,20170922,11.41,11.55,11.33,11.52,41500
HALO,20170922,16.59,16.91,16.355,16.78,1178200
HAS,20170922,95,96.43,94.73,96.14,1548800
HAYN,20170922,32.44,33.16,32.28,33.07,74000
HBAN,20170922,13.33,13.39,13.27,13.39,6182900
HBANN,20170922,25.84,25.84,25.84,25.84,0
HBANP,20170922,1467,1467,1455,1467,200
HBCP,20170922,41.61,42.195,41.61,41.79,14500
HBIO,20170922,3.45,3.7,3.3,3.65,77400
HBMD,20170922,21.25,21.4,21.1,21.4,31000
HBNC,20170922,18.1333,18.4133,18.0767,18.2867,33200
HBP,20170922,6.92,7.05,6.52,6.92,79800
HCCI,20170922,20.55,20.65,20.4,20.5,65300
HCKT,20170922,14.65,14.925,14.64,14.67,86900
HCM,20170922,25.57,25.88,25.26,25.88,29700
HCSG,20170922,51.94,53.32,51.94,53.19,441900
HDSN,20170922,8.48,8.48,7.92,7.94,1816600
HEAR,20170922,3.36,3.48,3.36,3.48,100100
HEES,20170922,26.72,27.22,26.63,27.17,198200
HELE,20170922,93.5,94.55,93.5,93.95,70300
HEWG,20170922,27.96,28.02,27.96,28.005,56900
HFBL,20170922,26.76,26.76,26.76,26.76,0
HFWA,20170922,27.95,28.425,27.75,28.35,126400
HGSH,20170922,2.71,2.71,2.71,2.71,100
HIBB,20170922,13.25,13.85,13.2,13.65,577900
HIFS,20170922,183.55,183.77,179.97,183.4,4900
HIHO,20170922,3.35,3.49,3.35,3.44,2500
HIMX,20170922,10.46,10.5,10.03,10.16,6639800
HLG,20170922,19.7,20.07,19.44,19.5,16500
HLIT,20170922,2.9,3,2.85,3,378800
HLNE,20170922,25.1,25.43,24.91,25.26,94100
HMHC,20170922,11.05,11.35,11,11.3,726600
HMNF,20170922,18.25,18.25,18.25,18.25,100
HMST,20170922,25.5,25.8,25.35,25.75,81300
HMTV,20170922,12.56,12.6,12.2,12.3,234500
HNNA,20170922,14.9,15.37,14.7,14.97,36100
HNRG,20170922,5.64,5.91,5.63,5.89,51400
HOFT,20170922,45.8,46.55,45.675,46.15,34300
HOLI,20170922,20.43,20.54,20.07,20.48,424100
HOLX,20170922,37.48,37.73,37.48,37.57,1935900
HOMB,20170922,23.36,23.53,23.3,23.45,899800
HONE,20170922,10.2236,10.335,10.218,10.2904,16300
HOPE,20170922,16.4,16.72,16.33,16.71,359000
HOVNP,20170922,6.39,6.4,6.25,6.31,8000
HQY,20170922,48.02,48.79,47.26,47.35,692300
HRTX,20170922,15.15,15.35,15.05,15.2,391500
HRZN,20170922,10.99,11.09,10.91,11.01,35800
HSIC,20170922,78.9,79.66,78.56,79.6,1463000
HSII,20170922,19.05,19.8,19,19.5,52900
HSKA,20170922,89.85,90.03,89.08,89.36,35800
HSON,20170922,13.7,14.1,13.6,14,12600
HSTM,20170922,23.41,24.01,23.4,23.59,87900
HTBI,20170922,24.8,25.5,24.8,25.2,27400
HTBK,20170922,13.69,13.95,13.66,13.87,79100
HTBX,20170922,6.4,6.8,6.2,6.8,515900
HTGM,20170922,1.81,1.86,1.78,1.84,504900
HTHT,20170922,30.39,30.785,29.8875,30.09,258300
HTLD,20170922,22.97,23.11,22.79,22.96,360200
HTLF,20170922,46.05,46.57,45.9,46.5,41000
HUBG,20170922,41.6,41.75,41.3,41.5,261300
HURC,20170922,39.45,40.2,39.275,39.7,32700
HURN,20170922,33,33.8,33,33.75,129900
HVBC,20170922,14.74,14.79,14.74,14.79,5400
HWBK,20170922,20.45,20.45,20.1,20.45,1300
HWKN,20170922,38.35,38.5,37.85,38.1,70200
HYLS,20170922,48.92,48.99,48.92,48.98,143800
HYZD,20170922,24.18,24.19,24.1,24.14,14800
HZNP,20170922,12.12,12.44,12.12,12.32,2152000
IAC,20170922,115.07,118.39,114.535,118.04,646500
IART,20170922,48.3,49.14,48.26,48.93,528600
IBB,20170922,330.11,330.54,327.73,329.94,746100
IBCP,20170922,20.75,20.75,20.6,20.65,147000
IBKR,20170922,42.615,44.27,41.565,44.15,459800
IBOC,20170922,38.4,38.85,38.25,38.65,165700
IBTX,20170922,57.85,58.75,56.55,58.65,104500
ICAD,20170922,3.62,3.62,3.5,3.56,40200
ICBK,20170922,30.47,30.75,30,30.03,16400
ICCC,20170922,6.13,6.27,6.13,6.25,3100
ICCH,20170922,17.55,17.55,17.55,17.55,0
ICFI,20170922,52.1,53.55,52.05,52.4,209200
ICHR,20170922,23.62,24.85,23.515,24.69,243100
ICLN,20170922,9.14,9.205,9.1,9.17,35900
ICLR,20170922,111.38,112.04,110.89,110.97,227700
ICPT,20170922,68.01,68.44,60.97,61.59,11875600
ICUI,20170922,185.35,186,184.74,184.9,108500
IDCC,20170922,72.4,73.05,72.25,72.35,361200
IDLB,20170922,28.67,28.73,28.61,28.73,15300
IDRA,20170922,18,18.24,17.6,17.84,566600
IDXX,20170922,155.75,157.76,155.39,157.5,362100
IEF,20170922,107.14,107.16,106.96,106.99,826500
IEI,20170922,123.85,123.85,123.74,123.78,178800
IEP,20170922,54.43,54.81,54.24,54.72,62000
IESC,20170922,16.6,17.05,16.3,16.35,41400
IEUS,20170922,55.89,56.05,55.89,55.99,5000
IFGL,20170922,29.43,29.53,29.43,29.5,640000
IFMK,20170922,12.72,12.72,12.05,12.52,3500
IFV,20170922,21.49,21.49,21.41,21.45,96000
IGF,20170922,45.65,45.7,45.52,45.57,94500
IGOV,20170922,49.8,49.85,49.58,49.74,30900
III,20170922,3.74,3.78,3.72,3.75,23300
IIN,20170922,12.4,12.6,12.1,12.2,45300
IIVI,20170922,39.9,40.65,39.65,40.4,734900
IJT,20170922,158.56,159.75,158.56,159.49,67400
IKNX,20170922,8.31,8.58,8.31,8.51,3900
ILMN,20170922,199.69,201.94,199.69,201.41,986700
IMGN,20170922,6.49,6.64,6.43,6.55,1556100
IMKTA,20170922,24.55,24.8,24.4,24.5,81500
IMMR,20170922,7.97,8.06,7.92,8.03,111600
IMOS,20170922,18.95,19.03,18.91,18.95,17700
IMRN,20170922,6.18,6.32,5.95,5.95,16300
IMRNW,20170922,0.83,0.83,0.83,0.83,0
IMTE,20170922,7.95,7.95,7.95,7.95,0
INBK,20170922,30.1,31.2,29.95,31,52100
INCR,20170922,51.9,53.05,51.5,52,843600
INCY,20170922,114.36,115.48,110.65,110.85,2174800
INDB,20170922,71.6,72.45,71.4,72.3,73200
INDY,20170922,34.84,34.85,34.69,34.78,115700
INFI,20170922,1.17,1.18,1.1,1.14,335300
INFN,20170922,8.33,8.505,8.3,8.45,833600
INFR,20170922,29.56,29.9,29.52,29.52,600
INGN,20170922,102.86,102.96,101.61,101.75,74400
INO,20170922,6.29,6.29,6.07,6.15,976200
INOD,20170922,1.5,1.5,1.45,1.5,2700
INOV,20170922,16.55,16.85,16.4,16.7,690800
INPX,20170922,11880,12150,11610,11664,750300
INSE,20170922,13.35,13.9,13.35,13.6,12300
INSG,20170922,1.45,1.45,1.39,1.41,196400
INSM,20170922,28.7,28.99,28.28,28.5,1241900
INTC,20170922,36.95,37.22,36.95,37.18,21631700
INTG,20170922,25.75,25.75,25.75,25.75,100
INTU,20170922,144.07,146.72,144.07,146.32,1310900
INVA,20170922,13.47,13.805,13.448,13.78,344400
INVE,20170922,4.7,4.75,4.56,4.7,41300
IONS,20170922,51.54,52.14,50.81,51.32,1094800
IOSP,20170922,57.85,58.75,57.85,58.35,75400
IOVA,20170922,7.05,7.95,7,7.7,950600
IPAR,20170922,39.9,41.95,39.85,39.95,50500
IPDN,20170922,4.57,4.65,4.53,4.6,17000
IPGP,20170922,183.42,187.73,183.42,187.36,344900
IPKW,20170922,34.82,34.85,34.7,34.72,20600
IPWR,20170922,27.1,27.8,26.6,27.5,128100
IRBT,20170922,79.98,80.49,74.86,76.14,1723500
IRCP,20170922,57.31,57.31,57.31,57.31,200
IRDM,20170922,9.95,10.15,9.95,9.95,248100
IRIX,20170922,9.44,9.57,9.25,9.43,14900
IRMD,20170922,9.44,9.55,9.44,9.55,3600
IROQ,20170922,19.55,19.55,19.55,19.55,600
IRTC,20170922,49.03,51.715,48.335,51.61,243000
IRWD,20170922,15.55,15.87,15.46,15.84,876800
ISBC,20170922,13.46,13.51,13.425,13.46,3228300
ISHG,20170922,84.91,84.97,84.87,84.87,800
ISIG,20170922,1.16,1.16,1.14,1.16,2200
ISRG,20170922,1030.5,1032.865,1022.2,1031.52,165000
ISSC,20170922,3.4,3.67,3.4,3.59,10100
ISTB,20170922,50.28,50.28,50.25,50.26,66300
ISTR,20170922,22.95,23.3,22.95,23.3,8400
ITCI,20170922,19.21,19.47,18.95,19.29,569800
ITI,20170922,6.35,6.7,6.33,6.56,174200
ITIC,20170922,174.87,177.03,174.87,175.25,1600
ITRI,20170922,75.5,77.1,75.5,76.6,153200
ITRN,20170922,36.05,36.35,35.9,36.1,22900
IUSB,20170922,51.15,51.15,51.11,51.13,49900
IUSG,20170922,50.27,50.36,50.21,50.34,173400
IUSV,20170922,52.17,52.22,52.08,52.22,165600
IVAC,20170922,8.7,8.85,8.65,8.75,34100
IXUS,20170922,61.07,61.15,61,61.03,236500
IZEA,20170922,2.04,4.07,1.97,3.2,6294900
JACK,20170922,97.47,98.29,97.03,97.31,455300
JAGX,20170922,414.75,441,411.6,429.45,229700
JAKK,20170922,30.5,30.5,28.5,29,169800
JAZZ,20170922,147.76,148.51,146.91,147.89,187000
JBHT,20170922,104.8,105.92,104.665,105.75,510800
JBLU,20170922,18.89,18.99,18.6,18.62,8916700
JBSS,20170922,64.01,64.63,63.39,63.39,32800
JCS,20170922,4.22,4.24,4.08,4.24,6700
JCTCF,20170922,6.85,6.85,6.85,6.85,100
JD,20170922,42.48,42.68,42.16,42.37,11622000
JJSF,20170922,127.94,129.01,127.9,128.73,71300
JKHY,20170922,101.6,102.48,101.6,102.26,185400
JNCE,20170922,14.76,15.15,14.62,14.97,91400
JOBS,20170922,59.02,62,59.02,61.75,295900
JOUT,20170922,65.61,67.09,65.55,66.64,29700
JRJC,20170922,21.8,22,21.2,21.2,34700
JRVR,20170922,40.11,40.73,40.11,40.68,62400
JSM,20170922,23.95,24.18,23.93,24.17,12800
JSMD,20170922,35.025,35.025,35.025,35.025,100
JSML,20170922,34.465,34.465,34.465,34.465,300
JVA,20170922,4.21,4.35,4.21,4.33,16300
JYNT,20170922,4.58,4.6,4.17,4.39,27500
KALA,20170922,20.58,20.84,19.98,20.69,105800
KALU,20170922,100.52,102.64,100.3,102.49,142000
KALV,20170922,7.14,7.14,6.86,7,2700
KBAL,20170922,17.72,18.09,17.63,18.01,76900
KBSF,20170922,2.61,2.67,2.57,2.67,7800
KBWB,20170922,49.84,50.04,49.66,49.95,108000
KBWD,20170922,23.36,23.52,23.36,23.47,39700
KBWP,20170922,56.98,57.38,56.98,57.38,5400
KBWR,20170922,52.45,52.7,52.45,52.6,5000
KBWY,20170922,36.57,36.83,36.55,36.64,39000
KE,20170922,20.7,21.1,20.7,20.85,86900
KELYA,20170922,23.53,23.95,23.4,23.78,102600
KEQU,20170922,28.25,28.8,28.25,28.7,1500
KFFB,20170922,9.5,9.7,9.45,9.7,1200
KFRC,20170922,18.65,19.05,18.65,18.95,63300
KHC,20170922,79.01,79.24,77.4,77.52,4792500
KINS,20170922,15.2,15.45,15.2,15.4,14800
KIRK,20170922,10.55,10.77,10.55,10.61,154200
KLAC,20170922,99.37,101.02,99.37,100.59,1208400
KLIC,20170922,19.34,20.29,19.34,20.17,365600
KMDA,20170922,4.7,4.75,4.7,4.75,17200
KMPH,20170922,3.55,3.7,3.55,3.7,21800
KNDI,20170922,5.05,5.15,4.8,4.9,352100
KNSL,20170922,42.33,43.27,42.33,43.06,48200
KOPN,20170922,4.47,4.49,4.34,4.41,602300
KOSS,20170922,1.49,1.6,1.49,1.53,14800
KPTI,20170922,10.46,10.69,10.41,10.63,164200
KRMA,20170922,18.06,18.07,18.035,18.06,2400
KRNT,20170922,17.95,17.95,17.1,17.45,236300
KRNY,20170922,15.15,15.275,15.05,15.25,351200
KRYS,20170922,10.23,10.28,10,10.06,168800
KTCC,20170922,6.85,6.98,6.84,6.98,5500
KTOS,20170922,12.53,13.01,12.51,13,4616600
KURA,20170922,12.4,12.47,11.7,12,266200
KVHI,20170922,11.75,11.85,11.65,11.7,17900
LAKE,20170922,13.75,14.05,13.75,13.95,65700
LAMR,20170922,64.25,65.33,64.13,64.78,585200
LANC,20170922,117.71,119.07,117.41,117.5,83400
LAND,20170922,13.25,13.5,13.155,13.34,88400
LARK,20170922,28.38,29.38,28.27,28.92,2200
LAUR,20170922,14.42,14.6,14.06,14.41,572100
LAWS,20170922,24.25,25.65,24.05,25.4,36900
LBAI,20170922,19.15,19.3,19.05,19.25,53900
LBRDA,20170922,93.82,94.42,93.68,94.08,98800
LBRDK,20170922,94.76,95.72,94.55,95.62,454900
LBTYA,20170922,33.59,34.28,33.56,34.25,1613600
LBTYB,20170922,34.2,34.2,34.2,34.2,0
LBTYK,20170922,32.28,33.1,32.28,33.07,4796100
LCA,20170922,10.02,10.02,10.02,10.02,0
LCAHU,20170922,10.74,10.74,10.74,10.74,200
LCAHW,20170922,0.74,0.74,0.74,0.74,0
LCNB,20170922,20.35,21,20.35,21,12500
LCUT,20170922,17.65,17.9,17.65,17.9,5400
LE,20170922,11.85,12.225,11.85,12,558100
LECO,20170922,92.49,92.93,92.15,92.84,192400
LEDS,20170922,1.87,1.94,1.84,1.9,1400
LFUS,20170922,188.23,189.82,188.03,189.32,68700
LFVN,20170922,4.24,4.32,4.24,4.29,61900
LGIH,20170922,45.73,46.23,45.2,45.31,97500
LGND,20170922,135.84,136.05,134,135.55,147700
LHCG,20170922,64.6,65.86,64.6,65.47,73600
LIFE,20170922,53.9,57.4,53.2,56.7,107800
LILA,20170922,23.47,23.76,23.45,23.75,199400
LILAK,20170922,23.21,23.46,23.21,23.29,594900
LINC,20170922,2.68,2.7,2.66,2.7,14900
LIND,20170922,10.9,10.95,10.84,10.87,83100
LINK,20170922,7.2,7.2,7.2,7.2,200
LITE,20170922,54.85,55.6,54.55,55.1,1224600
LIVE,20170922,10.84,10.94,10.84,10.9,2800
LIVN,20170922,69.19,70.135,68.7,69.84,575300
LJPC,20170922,35.24,37.97,35.01,37.21,656800
LKFN,20170922,45.85,46.55,45.85,46.26,31100
LKQ,20170922,34.61,34.97,34.48,34.91,1149200
LLNW,20170922,3.96,3.99,3.92,3.96,262200
LMAT,20170922,37.41,37.615,36.9,37.25,108400
LMB,20170922,13.85,13.85,13.13,13.49,17200
LMBS,20170922,51.99,52.04,51.91,51.98,109700
LMFA,20170922,21.4,25.8,21.4,25.8,25900
LMNR,20170922,22.5,23,22.5,22.64,18700
LMRK,20170922,16.6,16.85,16.55,16.8,57000
LMRKO,20170922,25.4,25.41,25.28,25.41,9100
LMRKP,20170922,25.65,25.69,25.51,25.69,6200
LNDC,20170922,12.15,12.35,11.95,12.25,50300
LNTH,20170922,17.4,17.95,17.225,17.35,503600
LOAN,20170922,5.75,5.9,5.605,5.9,10700
LOB,20170922,22.05,22.4,22,22.35,80800
LOCO,20170922,11.65,11.9,11.65,11.8,145200
LOGI,20170922,36.87,37.09,36.81,36.98,338400
LOPE,20170922,84.54,85.22,84.5,85.17,265400
LORL,20170922,48.15,48.4,47.195,48.2,54500
LPCN,20170922,4.16,4.18,3.94,4.14,156400
LPLA,20170922,49.59,49.9,49.36,49.51,761300
LPSN,20170922,13.9,14,13.8,13.85,455200
LPTH,20170922,2.54,2.58,2.45,2.55,168100
LPTX,20170922,5.51,5.58,5.5,5.58,11200
LQDT,20170922,5.75,5.95,5.75,5.8,120700
LRCX,20170922,171.71,176.96,171.4,176.73,1582700
LRGE,20170922,26.78,26.78,26.78,26.78,0
LSBK,20170922,15.8,15.8,15.8,15.8,1200
LSCC,20170922,5.33,5.365,5.22,5.25,585100
LSTR,20170922,97.4,97.4,96.85,97.25,154700
LSXMA,20170922,42.07,42.69,42.07,42.63,162500
LSXMB,20170922,41.91,41.91,41.91,41.91,0
LSXMK,20170922,41.97,42.69,41.97,42.61,271700
LTBR,20170922,12.6,12.84,12.36,12.84,150100
LTRPA,20170922,13.95,14.15,13.95,14.05,307700
LTRPB,20170922,14,14,14,14,0
LTRX,20170922,2.08,2.1,2.015,2.09,30300
LULU,20170922,57.9,58.79,57.87,58.14,1513700
LUNA,20170922,1.63,1.7,1.61,1.7,93600
LVHD,20170922,30.51,30.53,30.44,30.48,35800
LWAY,20170922,9.1,9.14,9.015,9.05,8100
LXRX,20170922,12.76,12.76,12.36,12.39,520600
LYTS,20170922,6.45,6.64,6.45,6.57,86400
MACK,20170922,14.96,15.09,13.98,14.26,190900
MACQ,20170922,10.2,10.2,10.2,10.2,0
MACQU,20170922,10.47,10.48,10.47,10.48,200
MACQW,20170922,0.35,0.35,0.35,0.35,0
MANH,20170922,43.59,44.6,43.59,44.54,565500
MANT,20170922,41.96,42.98,41.96,42.32,128100
MAR,20170922,107.18,108.07,107,107.88,1179100
MARA,20170922,1.6,1.6,1.52,1.6,511600
MARK,20170922,3.76,3.82,3.42,3.67,390500
MARPS,20170922,3.97,3.97,3.97,3.97,300
MASI,20170922,84.49,85.22,84.18,84.98,285700
MAT,20170922,14.86,14.86,14.39,14.52,9371900
MATW,20170922,60.2,61.3,60.2,61.25,72300
MAYS,20170922,43,45,43,45,2300
MBB,20170922,107.24,107.28,107.17,107.2,294800
MBCN,20170922,21.725,22.875,21.725,22.85,3100
MBII,20170922,1.09,1.18,1.05,1.18,169200
MBIO,20170922,11.9,11.9,11.3,11.38,31700
MBOT,20170922,20.25,20.85,18.9,19.8,1542800
MBRX,20170922,2.45,2.5,2.44,2.48,112300
MBUU,20170922,29.86,30.15,29.25,29.77,324800
MBWM,20170922,33.38,34.01,32.295,33.5,41200
MCBC,20170922,9.78,9.92,9.78,9.87,35800
MCEF,20170922,19.12,19.12,19.12,19.12,2000
MCFT,20170922,19.17,19.7,18.97,19.66,74800
MCHI,20170922,63.84,63.925,63.65,63.83,1076000
MCHP,20170922,88.09,89.79,88.09,89.69,1296500
MCHX,20170922,3.09,3.13,3.09,3.11,40100
MCRB,20170922,16.77,17.42,16.6,16.75,178600
MCRI,20170922,35.58,37.87,35,37.06,132900
MDGL,20170922,23.5,36.21,23.01,34.18,737400
MDGS,20170922,8,8.32,7.92,8.28,26500
MDIV,20170922,19.08,19.1,19.03,19.07,109100
MDLZ,20170922,40.16,40.415,40.04,40.05,15694000
MDRX,20170922,13.77,13.81,13.625,13.73,1880700
MDWD,20170922,5,5.05,4.8,4.8,112000
MDXG,20170922,12.3,13.11,12.21,12.63,4043500
MEDP,20170922,31.11,31.53,30.9,31.32,47000
MEIP,20170922,2.77,2.77,2.68,2.75,94800
MELI,20170922,280.07,283.68,279.27,279.46,507300
MEOH,20170922,51.55,52.375,51.255,51.8,997600
MERC,20170922,10.55,10.7,10.55,10.6,117400
MESO,20170922,5.4,5.51,5.37,5.47,5300
METC,20170922,6.69,7.09,6.665,6.81,142500
MFIN,20170922,2.2,2.23,2.16,2.17,74100
MGEE,20170922,65.7,66.2,64.65,64.8,69700
MGI,20170922,16.04,16.15,15.94,16.13,188500
MGIC,20170922,8.7,8.75,8.65,8.75,10300
MGLN,20170922,82,83.85,81.95,83,101800
MGNX,20170922,16.88,17.09,16.7,17.05,197600
MGPI,20170922,58.22,59.49,57.53,58.57,91300
MGRC,20170922,41.63,42.21,41.63,41.78,39600
MGYR,20170922,12.18,12.18,12.18,12.18,300
MHLD,20170922,7.65,7.8,7.55,7.7,466000
MICT,20170922,0.91,0.92,0.875,0.91,12800
MIDD,20170922,121.05,122.07,121,121.53,426900
MILN,20170922,18.01,18.09,18.01,18.07,4300
MIME,20170922,29.5,29.565,28.15,29.26,348900
MIND,20170922,3.49,3.58,3.42,3.42,2400
MINDP,20170922,23.03,23.04,22.85,23.04,1600
MITK,20170922,9.55,9.7,9.45,9.65,235100
MKSI,20170922,90.4,92.15,90,91.35,514300
MKTX,20170922,179.14,182.985,179.1,182.5,136200
MLAB,20170922,145.73,145.73,141,142.9,14600
MLCO,20170922,23.38,23.71,23.38,23.53,1456100
MLHR,20170922,34.05,35.2,33.8,34.25,751000
MLVF,20170922,25,25.25,25,25.25,4500
MMLP,20170922,16.3,16.75,16.3,16.6,69600
MMSI,20170922,40.8,40.95,40.3,40.8,357000
MMYT,20170922,29.7,29.9,28.225,28.45,767800
MNDO,20170922,2.55,2.55,2.51,2.52,11100
MNKD,20170922,1.95,2.07,1.93,1.98,2148900
MNOV,20170922,6.03,6.28,5.9,6.18,139700
MNRO,20170922,50.75,52.525,50.65,52.35,223500
MNST,20170922,55.62,56.04,55.47,55.81,1127300
MNTX,20170922,9.22,9.26,9.07,9.18,41400
MOFG,20170922,33.46,33.73,33.35,33.7,58500
MOMO,20170922,35.26,35.34,34.66,34.97,3587100
MORN,20170922,83.05,83.77,83.05,83.57,21200
MOSY,20170922,18,18.2,17.6,18,112200
MOXC,20170922,13.75,13.75,13.5,13.55,11700
MPAA,20170922,27.64,28.13,27.63,28.01,47900
MPAC,20170922,9.8,9.8,9.8,9.8,0
MPACU,20170922,10.09,10.13,10.08,10.1,5100
MPACW,20170922,0.42,0.42,0.42,0.42,0
MPB,20170922,28.95,28.95,28.95,28.95,400
MPWR,20170922,102.19,103.24,102,102.97,103600
MRAM,20170922,17.57,17.625,16.5,16.65,199500
MRCC,20170922,13.5,13.59,13.5,13.55,93000
MRCY,20170922,49.19,49.97,49.1,49.8,220300
MRLN,20170922,28.9,29.375,28.6,28.9,29000
MRNS,20170922,17.44,19.72,17.42,19.52,2774200
MRSN,20170922,17.44,18.18,16.69,18.06,20500
MRTN,20170922,12.5333,12.7,12.4667,12.6,84900
MRTX,20170922,10.25,10.55,9.75,9.85,817000
MRUS,20170922,17.2,19.215,16.8,18.32,366500
MRVL,20170922,17.9,18.09,17.85,17.87,4497200
MSBI,20170922,31.7,31.88,31.39,31.67,38600
MSEX,20170922,39.05,39.63,38.785,39.23,22400
MSFT,20170922,73.99,74.51,73.85,74.41,14111300
MSON,20170922,10,10.3,9.75,10.2,4900
MSTR,20170922,123.93,125.555,123.93,124.76,58300
MTBC,20170922,1.46,1.47,1.42,1.44,94800
MTBCP,20170922,25.49,25.58,25.43,25.57,1000
MTCH,20170922,23.75,24.4,23.6,24.15,1994400
MTEM,20170922,6.58,6.59,6.27,6.55,32600
MTEX,20170922,14.1,14.1,13.98,14,1800
MTLS,20170922,14.1,14.5,14.1,14.48,31300
MTP,20170922,106,106,102.5,103.5,5500
MTRX,20170922,14.65,14.99,14.575,14.8,495700
MTSI,20170922,41.47,43.86,41.4,43.27,691100
MU,20170922,35.6,36.22,35.6,36.07,21559700
MVIS,20170922,2.62,2.69,2.58,2.68,370100
MYGN,20170922,33.88,33.9,33.52,33.79,532200
MYRG,20170922,26.76,27.55,26.03,27.31,82900
MYSZ,20170922,0.74,0.74,0.71,0.71,20400
NAII,20170922,10.405,10.65,10.405,10.6,3800
NAKD,20170922,665,675,665,675,29700
NATH,20170922,70,71.5,70,71.4,11900
NATI,20170922,40.87,41.14,40.75,41.08,333200
NATR,20170922,10.7,10.75,10.55,10.75,9600
NAVI,20170922,14.02,14.8,14,14.78,2810000
NBEV,20170922,3.69,3.78,3.56,3.58,357900
NBIX,20170922,58.53,59.54,58.285,58.93,708900
NBN,20170922,24,24.7,23.45,24.45,35400
NBRV,20170922,8.28,8.5,8,8.47,1480700
NBTB,20170922,34.91,35.22,34.68,35.09,75300
NCBS,20170922,57.38,58,56.98,57.67,13800
NCMI,20170922,6.81,7.01,6.76,6.97,848300
NCSM,20170922,23.65,23.85,22.78,23.22,62100
NCTY,20170922,27.6,27.6,27.6,27.6,0
NDAQ,20170922,76.08,76.67,75.91,76.42,473700
NDLS,20170922,4.2,4.25,4.1,4.25,33000
NDRA,20170922,3.4,3.57,3.21,3.24,15200
NDSN,20170922,116.64,117.73,116.4,117.21,173900
NEO,20170922,10.91,11.16,10.61,11.01,324100
NEOG,20170922,53.355,54.7425,53.355,54.6975,165000
NEON,20170922,11.2,11.2,11,11.2,24800
NEPT,20170922,0.83,0.85,0.8,0.82,76300
NERV,20170922,6.75,7,6.75,6.9,159600
NESR,20170922,9.67,9.67,9.67,9.67,0
NESRW,20170922,0.5,0.5,0.5,0.5,0
NETE,20170922,0.52,0.76,0.5,0.72,6804800
NEWT,20170922,17.5,17.58,17.4,17.46,82500
NEWTL,20170922,25.42,25.42,25.41,25.42,1300
NEWTZ,20170922,25.67,25.67,25.67,25.67,0
NEXT,20170922,10.01,10.33,10.01,10.08,18400
NFBK,20170922,16.45,16.49,16.35,16.38,95500
NFLX,20170922,188.4,189.85,186.39,187.35,5464300
NH,20170922,4.47,4.6,4.4,4.47,87500
NHTC,20170922,22.93,22.95,22.51,22.61,29300
NICE,20170922,82.43,83.255,81.61,81.84,87100
NICK,20170922,8.67,8.68,8.665,8.67,1200
NKSH,20170922,41.75,42.45,41.75,42.45,3000
NKTR,20170922,21.86,22.59,21.75,22.43,1469100
NMIH,20170922,11.9,12.125,11.85,12.025,375600
NNBR,20170922,27.75,28.3,27.7,28.25,71400
NNDM,20170922,51.7,51.9,49.3,51.8,18100
NODK,20170922,17.26,17.32,17.22,17.3,34400
NOVN,20170922,5.47,5.6,5.32,5.4,52300
NOVT,20170922,42.55,42.8,42.35,42.65,198800
NRIM,20170922,33.6,34.05,33.35,34,19800
NSEC,20170922,12.9,13.46,12.41,13.31,4300
NSIT,20170922,41.63,43.11,41.63,42.83,132000
NSSC,20170922,9.45,9.65,9.25,9.4,25200
NSTG,20170922,15.51,15.68,15.37,15.64,194400
NSYS,20170922,3.41,3.535,3.41,3.502,3700
NTAP,20170922,41.77,42.6,41.7,42.55,1836800
NTCT,20170922,31.9,32.75,31.85,32.65,543400
NTES,20170922,55.172,55.598,53.604,54.322,1662700
NTGR,20170922,47.35,48.3,47.25,48.1,254000
NTIC,20170922,8.445,8.475,8.425,8.475,500
NTLA,20170922,25.89,26.2,24.1,24.7,409400
NTNX,20170922,23.49,24.97,23.43,24.5,7500900
NTRA,20170922,12.12,12.64,12.105,12.46,149300
NTRS,20170922,90.44,91.04,90.12,90.42,695300
NTWK,20170922,4.1,4.15,4.05,4.1,14700
NUAN,20170922,15.8,16.09,15.77,16.05,1101300
NURO,20170922,2.02,2.03,2.015,2.015,1800
NUVA,20170922,54.6,54.66,54.01,54.25,720800
NVAX,20170922,23.4,23.6,23,23.2,2840300
NVCN,20170922,1620,1800,1550,1730,286600
NVCR,20170922,21.6,21.825,21.3,21.5,575800
NVDA,20170922,45.075,45.5775,44.65,44.75,12280700
NVEC,20170922,74.54,76.04,73.46,75.47,11200
NVEE,20170922,51.25,52.4,51.2,51.7,56300
NVFY,20170922,7.7,8.2,7.6,8.2,229600
NVIV,20170922,1012.5,1050,990,1050,154300
NVMI,20170922,26.13,26.86,26,26.75,102800
NWBI,20170922,16.49,16.71,16.39,16.66,349900
NWFL,20170922,30,31.78,29.94,31.71,19800
NWLI,20170922,343.85,347.42,343.85,345.2,4600
NWPX,20170922,18.11,18.25,17.8,17.96,25600
NWS,20170922,13.4,13.5,13.325,13.4,179100
NWSA,20170922,13.02,13.12,12.985,13.03,1098000
NXPI,20170922,112.55,112.77,112.49,112.64,733800
NXST,20170922,59.3,59.85,58.95,59.5,678200
NXTD,20170922,2.61,2.61,2.09,2.3,1798200
NYMT,20170922,6.17,6.2,6.15,6.2,1378400
NYMTP,20170922,25.02,25.25,25,25.24,5700
NYMX,20170922,3.8,3.96,3.8,3.89,57900
OBAS,20170922,6.95,6.95,6.95,6.95,0
OBCI,20170922,4.77,4.895,4.7,4.85,21000
OBSV,20170922,7.55,7.7,7.33,7.7,54900
OCC,20170922,2.15,2.2,2.15,2.2,5600
OCFC,20170922,26.3,26.63,26.22,26.58,115300
OCUL,20170922,6.34,6.4,6.25,6.38,177700
ODFL,20170922,104.46,105.86,104.26,105.8,420500
ODP,20170922,42.6,44.6,42.6,43.7,4960600
OESX,20170922,1.145,1.18,1.081,1.16,29300
OFED,20170922,28.15,28.15,28.15,28.15,300
OFIX,20170922,47.89,48.1,47.45,47.85,88800
OFLX,20170922,68.25,68.901,67.255,68.51,4600
OFS,20170922,13,13.18,12.95,13.01,43200
OIIM,20170922,1.64,1.68,1.62,1.62,15400
OKTA,20170922,29.2,29.63,29.01,29.2,271800
OLD,20170922,25.87,25.87,25.87,25.87,100
OLED,20170922,135.3,135.85,131.75,132.7,900000
OLLI,20170922,45.6,46.025,45.05,45.8,495500
OMAB,20170922,46.07,46.92,45.81,46.55,122700
OMCL,20170922,48.55,49.9,48.5,49.5,237800
OMER,20170922,20.99,21.03,20.745,20.88,273100
OMEX,20170922,4.43,4.75,4.4,4.71,25200
ON,20170922,17.39,17.655,17.289,17.64,3937700
ONB,20170922,17.15,17.5,17.05,17.45,755900
ONCS,20170922,9.7,9.9,9.2,9.7,74900
ONEQ,20170922,252.04,252.58,251.58,252.11,14600
ONTX,20170922,27,27.3,25.875,27,29100
ONVO,20170922,2.01,2.03,1.96,1.97,579700
OPGN,20170922,145,155,137.5,146.5,1096000
OPHC,20170922,2.03,2.03,2.03,2.03,0
OPK,20170922,6.57,6.75,6.44,6.71,7434900
OPNT,20170922,37.75,41.94,37.15,40.58,145900
OPOF,20170922,30.3,30.55,30.25,30.33,2100
ORLY,20170922,202.67,209.82,202.58,209.59,1027100
ORMP,20170922,9.55,10.87,9.55,10.71,148200
ORRF,20170922,24.8,24.95,24.7,24.85,15700
OSBC,20170922,12.55,12.68,12.35,12.5,95500
OSIS,20170922,86.8,87.91,85.97,86.89,68500
OSTK,20170922,24.4,24.71,23.6,24.2,545000
OSUR,20170922,21.54,21.79,21.36,21.74,436200
OTEX,20170922,32.08,32.2,31.89,32.07,607600
OTIC,20170922,3.4,3.425,3.25,3.3,837700
OTTR,20170922,42.95,43.15,42.65,42.8,59000
OVBC,20170922,35.15,35.15,34.485,34.8,2300
OVID,20170922,8.4,8.6,8.33,8.46,32800
OVLY,20170922,16.24,16.27,16.02,16.27,1500
OXBR,20170922,5,5,4.8,5,16500
OXBRW,20170922,0.36,0.36,0.36,0.36,7000
OXLC,20170922,10.18,10.2,10.1,10.16,138400
OXLCM,20170922,25.4,25.4,25.36,25.38,15500
OXLCO,20170922,25.3,25.4,25.3,25.33,2600
PAAS,20170922,17.31,17.475,17.23,17.46,901500
PACB,20170922,5.26,5.27,5.03,5.12,777000
PACW,20170922,48.07,48.39,47.76,48.04,586000
PAHC,20170922,35.35,35.85,35.05,35.4,65200
PANL,20170922,2.4,2.4,2.32,2.4,1000
PATI,20170922,19.14,19.14,19.14,19.14,100
PATK,20170922,51.9333,53.6,51.9333,52.9,80000
PAVM,20170922,6.15,6.15,5.66,6,10300
PAVMW,20170922,1.75,2.03,1.65,1.65,500
PAYX,20170922,58.22,59.84,58.22,59.75,2709800
PBCT,20170922,17.39,17.425,17.32,17.38,1913400
PBCTP,20170922,26.79,26.82,26.58,26.82,11500
PBHC,20170922,15.5,15.5,15.5,15.5,100
PBIP,20170922,18.34,18.4,18.29,18.36,6800
PBPB,20170922,11.55,11.7,11.525,11.6,111400
PBYI,20170922,104.4,104.85,102.65,104.5,359000
PCAR,20170922,70.48,71.5,70.48,71.42,1138000
PCH,20170922,49,50.275,48.4,50,611700
PCOM,20170922,10.55,10.65,10.5,10.61,63100
PCRX,20170922,36.45,37.6,36.35,37.2,373600
PCSB,20170922,18.16,18.23,18.06,18.16,37900
PCTI,20170922,6.18,6.25,6.18,6.25,12700
PCTY,20170922,47.02,47.84,46.19,47.26,253000
PCYG,20170922,11.85,12.1,11.8,12.05,39100
PCYO,20170922,7.65,7.675,7.45,7.55,40600
PDBC,20170922,16.81,16.87,16.79,16.85,223500
PDCE,20170922,46.12,46.97,45.8,46.52,867700
PDCO,20170922,37.17,37.55,37.06,37.4,799600
PDEX,20170922,7.4,7.75,7.25,7.5,27200
PDFS,20170922,14.49,14.76,14.44,14.46,152700
PDP,20170922,48.46,48.49,48.33,48.49,25300
PEBK,20170922,33.25,34.94,33.25,34.85,10700
PEBO,20170922,32.13,32.9,32.03,32.59,47200
PEGA,20170922,57.8,59.65,57.8,59.35,427200
PENN,20170922,22.55,22.77,22.26,22.5,1351900
PERI,20170922,3.15,3.24,3.12,3.21,76700
PESI,20170922,3.95,4,3.95,4,12100
PETQ,20170922,23.32,25.49,22.92,25.31,177200
PETS,20170922,35.84,36.24,35.18,35.33,736400
PETZ,20170922,6.8,13.5,6.71,12.75,675600
PEY,20170922,16.96,17.02,16.96,16.97,85300
PEZ,20170922,46.83,46.83,46.805,46.82,400
PFBC,20170922,54.69,55.42,54.58,55.21,37000
PFF,20170922,38.84,38.86,38.79,38.79,1875100
PFI,20170922,32.21,32.31,32.21,32.31,7500
PFIE,20170922,1.87,1.9,1.8,1.88,38800
PFIN,20170922,7.66,7.7,7.5,7.69,2500
PFIS,20170922,47.13,47.76,47,47.41,8800
PFLT,20170922,14.35,14.41,14.3,14.39,94400
PFM,20170922,24.56,24.56,24.52,24.55,69500
PFMT,20170922,1.86,1.94,1.78,1.94,32900
PFSW,20170922,8.14,8.35,8.08,8.32,88500
PGC,20170922,31.94,32.45,31.61,32.21,31400
PGJ,20170922,43.99,44,43.74,44,15600
PHO,20170922,28.26,28.5,28.26,28.5,26800
PI,20170922,40.55,41.8,40.01,41.25,434600
PID,20170922,16.1,16.12,16.05,16.09,291200
PIE,20170922,19.48,19.54,19.37,19.51,52200
PINC,20170922,31.88,32.08,31.83,31.98,429500
PIO,20170922,24.48,24.61,24.48,24.56,55600
PIRS,20170922,5.17,5.35,5.15,5.28,257200
PIXY,20170922,149.6,152,144.4,148.4,64700
PIZ,20170922,27.04,27.11,26.99,27.05,18600
PKBK,20170922,18.4091,18.9545,18.4091,18.7273,5900
PKOH,20170922,42.7,43.65,41.65,43.55,33900
PKW,20170922,54.7,55.09,54.7,55.03,40400
PLAB,20170922,7.95,8.1,7.875,7.95,549600
PLAY,20170922,53.04,53.65,52.82,53.26,402400
PLBC,20170922,21,21,20.65,20.8,3700
PLCE,20170922,110.25,113.675,109.705,113.3,406100
PLPC,20170922,60.6,61.675,60.36,61.4,12500
PLSE,20170922,16.07,16.54,14.95,15.02,212000
PLUG,20170922,2.51,2.63,2.485,2.57,5291200
PLUS,20170922,87.75,88.85,87.75,88.6,37500
PLW,20170922,32.89,32.95,32.87,32.9,23900
PLXP,20170922,6.588,6.6,6.335,6.35,6800
PLXS,20170922,54.41,55.37,54.41,55.3,130600
PLYA,20170922,10.77,10.77,10.16,10.51,369300
PMBC,20170922,8.95,9,8.9,9,19800
PMD,20170922,18.57,18.82,18.22,18.26,47200
PME,20170922,3.38,3.42,3.3,3.38,111600
PMTS,20170922,5.2,5.2,4.975,5.05,279600
PNBK,20170922,16.55,16.55,16.55,16.55,0
PNFP,20170922,63.9,64.4,63.9,64.3,209700
PNNT,20170922,7.5,7.5,7.43,7.48,271400
PNQI,20170922,110.87,111.39,110.8,111.12,10700
PNRG,20170922,47,47,47,47,0
PODD,20170922,57.07,58.01,56.93,57.43,402600
POLA,20170922,4.6,4.664,4.475,4.55,44500
POOL,20170922,107.95,108.745,107.56,107.68,215200
POWI,20170922,35.225,36.2625,35.175,35.775,175700
POWL,20170922,28.89,29.15,28.775,28.89,16300
PPBI,20170922,35.6,35.8,35.275,35.6,161900
PPC,20170922,28.49,28.98,28.29,28.67,1245300
PPH,20170922,57.71,57.81,57.49,57.73,10700
PPIH,20170922,8.95,8.95,8.95,8.95,200
PPSI,20170922,7.25,7.35,7.2,7.25,4200
PRAA,20170922,27.15,27.4,26,26.4,1047000
PRFT,20170922,18.44,18.67,18.44,18.51,106600
PRFZ,20170922,121.24,122.16,121.24,122.05,43800
PRGS,20170922,37.14,37.45,37,37.29,325400
PRIM,20170922,28.65,29.215,28.433,29.07,200100
PRN,20170922,57.47,57.53,57.4,57.53,3400
PROV,20170922,19.7,19.74,19.21,19.38,10900
PRPH,20170922,2.26,2.27,2.26,2.27,7500
PRPO,20170922,28.05,28.65,27,28.65,23700
PRQR,20170922,6,6.2,5.85,6.2,219800
PRTA,20170922,64.68,65.7,63.77,64.76,159800
PRTK,20170922,24.75,24.85,24.125,24.7,392400
PRTS,20170922,2.86,2.96,2.86,2.89,22700
PSC,20170922,28.19,28.19,28.19,28.19,0
PSCC,20170922,70.17,70.92,70.17,70.92,11000
PSCD,20170922,53.895,54.029,53.895,54.028,6400
PSCE,20170922,13.95,14.12,13.9,14.03,20100
PSCF,20170922,51.115,51.74,51.115,51.64,7100
PSCH,20170922,89.04,89.59,88.98,89.59,3600
PSCI,20170922,58.45,58.96,58.45,58.5,3700
PSCM,20170922,47.966,48.18,47.966,48.095,3200
PSCT,20170922,76.12,77.29,75.995,77.21,136100
PSCU,20170922,53.3,53.39,53.13,53.2,5600
PSEC,20170922,6.7,6.73,6.66,6.69,1842600
PSET,20170922,29.88,29.88,29.88,29.88,0
PSL,20170922,60.28,60.6,60.28,60.53,1800
PSMT,20170922,87.4,88.35,86.95,87.6,53600
PSTI,20170922,15.7,15.7,15,15.4,427200
PTC,20170922,56.19,57.2,56.01,56.94,1098100
PTCT,20170922,19.95,20.05,18.34,18.52,1412800
PTEN,20170922,19.23,19.55,18.7,19.53,2816000
PTF,20170922,49.52,49.79,49.52,49.76,5400
PTGX,20170922,17.1,17.1,16.43,16.85,22500
PTH,20170922,66.03,66.1,65.06,65.44,32000
PTNR,20170922,5.41,5.41,5.41,5.41,500
PTSI,20170922,21.46,21.46,21.05,21.17,12700
PUI,20170922,28.31,28.34,28.1,28.11,5600
PULM,20170922,20.5,20.5,19.5,20.1,258300
PVAC,20170922,39.84,39.84,39.33,39.46,33600
PVBC,20170922,11.3725,11.3725,11.3125,11.35,4200
PWOD,20170922,30.78,30.8267,30.4067,30.6667,19900
PXI,20170922,34.5,34.71,34.46,34.62,197100
PXLW,20170922,4.74,4.81,4.715,4.77,93800
PXS,20170922,2,2,2,2,0
PY,20170922,29.92,29.92,29.92,29.92,0
PYPL,20170922,64.33,65.24,64.11,65.08,6743700
PYZ,20170922,65.22,65.24,65,65.17,1300
PZZA,20170922,72.58,73.31,72.21,72.96,367900
QABA,20170922,50.15,50.47,50.15,50.43,52200
QADA,20170922,33.85,34.4,33.85,34.2,21200
QADB,20170922,27.75,27.75,27.495,27.5,1500
QAT,20170922,15.83,15.83,15.65,15.74,18300
QCLN,20170922,19.26,19.26,18.94,19.09,35400
QCOM,20170922,51.82,52.23,51.78,52.09,4105000
QCRH,20170922,43.5,44.65,43.5,44.55,16800
QDEL,20170922,43.1,43.44,42.6,43.1,425300
QIWI,20170922,17.91,18.52,17.63,17.78,260600
QLYS,20170922,51.25,52.5,50.5,51.8,175700
QNST,20170922,7.42,7.48,6.78,7.1,347200
QQEW,20170922,54.93,55.17,54.93,55.17,18000
QQQ,20170922,144,144.53,143.855,144.32,21702400
QQQX,20170922,21.5,21.67,21.5,21.53,63400
QQXT,20170922,46.55,46.67,46.53,46.64,11900
QRHC,20170922,1.2,1.26,1.2,1.24,33000
QRVO,20170922,70.38,71.57,70.23,71.2,1035600
QTEC,20170922,66.54,67.19,66.54,67.12,76700
QTNT,20170922,4.62,4.65,4.4,4.59,139500
QUIK,20170922,23.66,23.94,23.24,23.8,161000
QUMU,20170922,2.77,2.88,2.77,2.84,53900
QURE,20170922,9.79,9.805,8.76,9.58,282900
QYLD,20170922,23.75,23.79,23.67,23.75,27400
RADA,20170922,3.24,3.6,3.24,3.49,1397200
RAIL,20170922,18.68,18.84,18.42,18.79,29400
RAND,20170922,26.01,26.01,26.01,26.01,0
RARE,20170922,52.32,52.78,51.48,52.16,387700
RAVE,20170922,1.63,1.67,1.6,1.67,66300
RAVN,20170922,30.8,31.45,30.8,31.1,100500
RBB,20170922,21.9,22.3,21.9,22.17,17700
RBCAA,20170922,37.72,38.14,37.72,37.95,17400
RBCN,20170922,8.33,8.33,8.24,8.32,2500
RCII,20170922,10.74,10.92,10.66,10.8,1062300
RCKY,20170922,13.9,14.15,13.75,13.8,20700
RCM,20170922,3.62,3.64,3.57,3.59,236300
RCMT,20170922,5.46,5.48,5.46,5.48,1000
RCON,20170922,4.5,4.5,4.3,4.45,3100
RDCM,20170922,20.3,20.85,20.25,20.75,14700
RDFN,20170922,26.39,28,26.2,27.97,989200
RDHL,20170922,8.99,9.295,8.99,9.05,59200
RDI,20170922,15.96,16.12,15.96,15.99,19600
RDNT,20170922,11,11.2,10.9,11.1,211200
RDUS,20170922,34.8,35.44,34.36,35.17,521700
RDVY,20170922,27.37,27.52,27.37,27.52,28400
RDWR,20170922,16.48,16.76,16.48,16.7,129800
REFR,20170922,1.19,1.2,1.15,1.19,35700
REGI,20170922,13.2,13.35,13.1,13.15,293000
REGN,20170922,431.12,433.77,427.04,432.72,626300
RELL,20170922,5.79,5.82,5.79,5.81,1400
RELY,20170922,1.9,1.95,1.85,1.875,100800
REPH,20170922,8.4,8.58,8.28,8.51,69400
RESN,20170922,4.76,4.93,4.75,4.93,18700
RETA,20170922,31.62,31.84,30.6,31.75,53300
RFDI,20170922,62.85,63.13,62.84,62.84,80500
RFEM,20170922,67.71,67.71,67.53,67.7,5300
RFEU,20170922,64.43,64.51,64.32,64.36,21100
RFIL,20170922,2.25,2.25,2.1,2.25,26000
RGCO,20170922,26.95,27.28,26.95,27.03,8000
RGEN,20170922,44.06,44.13,43.65,43.76,162500
RGLD,20170922,89.89,90.1,89.31,89.66,417800
RGLS,20170922,15.96,16.2,15.24,15.72,231300
RGNX,20170922,29.25,29.33,27.4,28.25,346500
RIBT,20170922,1.23,1.25,1.18,1.24,8700
RICK,20170922,24.61,25.3,24.61,24.85,29500
RIGL,20170922,2.37,2.4,2.35,2.37,280200
RILY,20170922,16.45,16.85,16.45,16.75,107200
RILYL,20170922,25.66,25.69,25.639,25.665,5500
RILYZ,20170922,25.64,25.66,25.53,25.66,17300
RING,20170922,19.03,19.14,18.93,19.02,301900
RIOT,20170922,4.01,4.31,4.01,4.27,5700
RKDA,20170922,10.2,10.2,9.8,10.2,21600
RMBS,20170922,12.86,13.12,12.85,13.03,1210700
RMCF,20170922,11.51,11.83,11.46,11.83,7400
RMR,20170922,50.7,50.7,49.85,49.95,28000
RMTI,20170922,6.93,7.43,6.84,7.38,366600
RNDB,20170922,14.53,14.65,14.36,14.48,11400
RNDM,20170922,50.36,50.36,50.36,50.36,0
RNDV,20170922,20.19,20.19,20.19,20.19,500
RNEM,20170922,53.25,53.25,53.24,53.24,800
RNLC,20170922,20.23,20.27,20.23,20.27,10300
RNMC,20170922,20.09,20.09,20.09,20.09,0
RNSC,20170922,20.145,20.145,20.145,20.145,0
RNST,20170922,40.55,41.05,40.33,40.86,126400
RNWK,20170922,4.66,4.74,4.66,4.74,27900
ROCK,20170922,29.05,29.65,29.05,29.6,199500
ROIC,20170922,19.02,19.05,18.87,18.98,1113000
ROLL,20170922,119.7,121.53,119.62,120.23,70700
ROSEU,20170922,6.76,6.76,6.76,6.76,0
ROST,20170922,60.63,61.07,60.31,60.89,1644500
RPD,20170922,17.19,17.37,17.04,17.12,106500
RPRX,20170922,0.3,0.31,0.29,0.3,158900
RRGB,20170922,62.05,63.05,62.05,62.3,237500
RRR,20170922,23.67,23.82,23.37,23.51,430600
RUN,20170922,5.46,5.81,5.1,5.59,2865600
RUSHA,20170922,28.8733,29.3867,28.5733,29.2867,156300
RUSHB,20170922,26.92,27.54,26.6733,27.54,28200
RUTH,20170922,20,20.3,19.975,20.2,176300
RVNC,20170922,24.25,24.4,23.7,24.1,100100
RVSB,20170922,8.11,8.2,8.02,8.19,55600
RWLK,20170922,37.5,37.5,36.25,36.25,212900
RXDX,20170922,12.45,12.45,12.05,12.1,470100
RYAAY,20170922,106.23,106.55,105.705,106.04,242500
SABR,20170922,18.21,18.22,18.03,18.13,1438000
SAFM,20170922,163.81,165.5,162.11,163.82,633600
SAFT,20170922,72.55,73.3,72.4,72.8,37500
SAGE,20170922,64.36,65.48,62.7,62.9,567100
SAIA,20170922,60.25,61.25,60.25,60.9,179200
SAL,20170922,46.845,46.845,46.845,46.845,500
SALM,20170922,6.2,6.25,6.1,6.25,19900
SAMG,20170922,13,13.05,12.95,13.05,34500
SANM,20170922,36.85,37.5,36.85,37.3,236500
SANW,20170922,3.24,3.24,3.1,3.15,46200
SASR,20170922,39.68,40.05,38.86,39.9,37000
SATS,20170922,47.3038,47.45,46.8569,46.93,65900
SBAC,20170922,144.75,144.97,142.54,142.62,1529400
SBCF,20170922,22.84,23.14,22.66,23.07,136500
SBFG,20170922,16.98,16.98,16.98,16.98,100
SBGI,20170922,28.25,29.4,28.25,29.35,1669300
SBLK,20170922,10.5,10.74,10.36,10.43,364800
SBNY,20170922,121,122.6,120.26,121.74,775800
SBRA,20170922,22.17,22.51,22.11,22.21,1610400
SBSI,20170922,33.77,34.06,33.69,33.8,84200
SBUX,20170922,55.05,55.2,54.86,55.09,6950000
SCHL,20170922,35.41,36.465,35.41,36.23,316400
SCHN,20170922,27.2,27.85,27.13,27.65,187200
SCKT,20170922,3.65,3.68,3.65,3.66,12400
SCSC,20170922,39.9,41.2,39.9,41.2,45700
SCVL,20170922,20.05,21.21,20.05,21.14,230000
SCWX,20170922,12.3,12.59,12.1,12.57,88900
SCYX,20170922,23.5,24,21.7,23.1,275600
SCZ,20170922,61.49,61.56,61.425,61.44,563400
SEAC,20170922,2.72,2.73,2.65,2.73,56900
SECO,20170922,12.1,12.7,9.97,10,7488000
SEDG,20170922,25.95,27.25,25.25,26.8,788000
SEED,20170922,16.5,16.7,16.1,16.4,28400
SEIC,20170922,59.29,59.78,59.16,59.69,311100
SELB,20170922,19.68,19.725,18.76,19.17,255400
SELF,20170922,5.15,5.15,4.81,4.81,75400
SENEA,20170922,30,30.45,29.8,30,9400
SENEB,20170922,32.32,32.32,32.32,32.32,0
SFBC,20170922,33.45,34.59,33.4,34.59,3500
SFM,20170922,18.75,18.89,18.67,18.75,1928700
SFNC,20170922,27.475,27.725,27.4,27.4,129500
SFST,20170922,35.745,36.2,35.745,36.15,14100
SGBX,20170922,97.2,98,94.8,98,14700
SGC,20170922,22.99,23,22.83,23,5500
SGEN,20170922,52.4,52.55,51.96,52.48,418000
SGH,20170922,21.74,22.15,21.71,22.01,69900
SGLB,20170922,19.2,20.4,19,19.5,13000
SGLBW,20170922,0.61,0.61,0.61,0.61,500
SGMA,20170922,8.38,8.42,8.35,8.4,8900
SGMO,20170922,14.3,14.4,13.65,13.75,1664900
SGMS,20170922,43.05,43.45,42.85,42.95,367400
SGOC,20170922,1.13,1.14,1.06,1.11,25700
SGRP,20170922,1.08,1.09,1.07,1.09,500
SGRY,20170922,10.05,10.15,9.4,9.6,286500
SHBI,20170922,16.12,16.51,16.12,16.4,40700
SHEN,20170922,37.85,38.6,37.85,38.25,174700
SHIP,20170922,273.6,285.6,266.4,276,397800
SHIPW,20170922,0.16,0.17,0.15,0.16,30000
SHOO,20170922,27.7333,27.9333,27.5333,27.9,778900
SHV,20170922,110.36,110.36,110.35,110.36,218000
SHY,20170922,84.47,84.5,84.44,84.44,529800
SIEB,20170922,4,4,3.98,3.98,4200
SIEN,20170922,14.66,14.75,14.46,14.7,83100
SIFY,20170922,1.12,1.2,1.1,1.16,257700
SIGI,20170922,51.7,52.45,51.7,52.2,114000
SILC,20170922,57.3,57.97,56.91,57.79,16000
SIMO,20170922,44.3,45.05,43.91,45,520200
SINO,20170922,16.5,18.6,16.25,17.75,265100
SIRI,20170922,5.47,5.54,5.47,5.54,8285200
SIVB,20170922,177.72,180.37,177.72,179.82,316100
SKOR,20170922,51.09,51.09,51.09,51.09,0
SKYW,20170922,41.85,42.75,41.45,42.35,354100
SKYY,20170922,41.47,41.69,41.47,41.66,102400
SLAB,20170922,79,80.5,78.7,80.15,216700
SLCT,20170922,11.67,12,11.67,12,4000
SLGN,20170922,29.14,29.23,28.94,29,456900
SLM,20170922,10.83,10.92,10.77,10.9,1749200
SLMBP,20170922,66.84,66.87,65.82,66.4,4500
SLNO,20170922,0.55,0.58,0.55,0.58,106100
SLP,20170922,14.95,15.2,14.95,15.2,41400
SLQD,20170922,50.53,50.59,50.53,50.58,40600
SLRC,20170922,20.47,20.65,20.375,20.62,103900
SLVO,20170922,8.09,8.1,8.04,8.08,24900
SMBC,20170922,33.75,33.99,33.61,33.84,13900
SMBK,20170922,24.38,24.38,23.79,23.91,7500
SMCI,20170922,21.15,22.095,21.15,21.95,744500
SMCP,20170922,24.5,24.52,24.49,24.49,14200
SMED,20170922,5.05,5.05,5,5.02,10400
SMIT,20170922,1.85,1.85,1.85,1.85,3100
SMMF,20170922,24.79,25.2,24.46,25.01,24100
SMMT,20170922,12.62,12.879,12.49,12.675,19400
SMPL,20170922,11.37,11.52,11.15,11.36,181500
SMSI,20170922,1.14,1.17,1.125,1.17,9100
SMTC,20170922,35,35.7,35,35.4,250900
SNCR,20170922,9.25,9.29,8.71,9.2,3141000
SND,20170922,6.62,7.14,6.62,7.1,867500
SNDX,20170922,11.49,11.59,11.22,11.35,64000
SNES,20170922,36,37.4,35.6,37.4,22300
SNFCA,20170922,5.32,5.35,5.255,5.35,3700
SNGX,20170922,2.2,2.27,2.2,2.27,33500
SNGXW,20170922,0.55,0.55,0.55,0.55,100
SNLN,20170922,18.28,18.3,18.27,18.3,92700
SNOA,20170922,48.24,48.51,47.16,48.06,17300
SNPS,20170922,79.72,80.65,79.72,80.36,471200
SNSR,20170922,18.93,19.03,18.88,19.02,23200
SOCL,20170922,31.58,31.71,31.52,31.71,30600
SOHO,20170922,5.9,5.94,5.87,5.92,25300
SOHOB,20170922,25.53,25.77,25.5,25.75,2700
SOHU,20170922,54.57,55.23,54.49,54.92,90300
SOXX,20170922,154.92,156.32,154.89,156.12,247300
SP,20170922,37.4,38.125,37.4,38.05,85700
SPCB,20170922,3.1,3.22,3.08,3.15,27300
SPI,20170922,0.12,0.12,0.1,0.1,5831900
SPLK,20170922,68.49,69.61,68.07,69.53,1607700
SPNE,20170922,10,10.33,9.96,10.19,37900
SPNS,20170922,13.08,13.33,13.08,13.29,19800
SPOK,20170922,14.95,15.2,14.86,15.05,85000
SPPI,20170922,9.85,9.9,9.03,9.45,1947200
SPSC,20170922,55.99,56.46,55.44,55.99,167400
SPTN,20170922,25.28,25.75,24.97,25.61,147700
SPWH,20170922,4.38,4.5,4.335,4.41,443600
SPWR,20170922,7.38,7.87,6.99,7.64,8946500
SQLV,20170922,24.89,24.89,24.89,24.89,0
SQQQ,20170922,553.2,554.6,546.8,549.2,4770200
SRAX,20170922,1.41,2.06,1.35,1.63,992000
SRCE,20170922,48.43,48.88,47.77,48.43,53300
SRCL,20170922,70.12,71.04,69.83,70.34,526400
SRDX,20170922,30,30.4,29.8,30.05,31200
SRET,20170922,15.48,15.5,15.47,15.49,23500
SREV,20170922,3.47,3.52,3.45,3.48,98800
SRNE,20170922,1.8,1.8,1.75,1.8,355900
SRPT,20170922,46.97,46.97,45.03,45.17,1822300
SRRA,20170922,63.2,64.4,62.48,63,23700
SRTS,20170922,5.44,5.44,5,5.01,8200
SSB,20170922,84,85.025,84,85,82000
SSBI,20170922,12.6,12.7,12.6,12.65,5600
SSKN,20170922,1.75,1.75,1.67,1.69,4500
SSNC,20170922,38.56,38.82,38.23,38.6,558900
SSNT,20170922,4.35,4.35,4.21,4.21,4800
SSRM,20170922,10.22,10.33,10.2,10.26,556100
SSTI,20170922,11.55,11.7,11.52,11.7,18400
SSYS,20170922,22.61,23.08,22.53,22.94,213700
STAA,20170922,10.8,11,10.75,10.9,40600
STAF,20170922,4.45,4.45,4.1,4.2,139700
STBA,20170922,38.44,38.91,38.21,38.69,67700
STFC,20170922,24.34,24.38,23.89,24.24,32100
STKL,20170922,8.35,8.5,8.35,8.4,84100
STKS,20170922,1.47,1.48,1.41,1.47,5900
STLD,20170922,33.01,33.285,32.66,33.23,1426000
STRA,20170922,83.86,85.29,83.625,83.92,30100
STRL,20170922,14.5,15,14.45,14.92,410400
STRM,20170922,1.4,1.44,1.39,1.43,11300
STRS,20170922,29.4,29.85,29.4,29.8,6400
STRT,20170922,39.75,43.05,39.75,42.7,40900
STX,20170922,32.67,33.65,32.56,33.57,4397500
SUMR,20170922,17.37,17.64,17.28,17.55,27200
SUNS,20170922,16.85,16.9,16.67,16.88,51000
SUNW,20170922,9.87,10.29,9.87,10.29,125800
SUPN,20170922,39.35,39.625,38.8,39,670800
SUSB,20170922,25.11,25.11,25.11,25.11,0
SUSC,20170922,25.33,25.33,25.33,25.33,0
SVBI,20170922,6.88,7,6.8,6.95,14100
SVRA,20170922,9.93,10,9.31,9.55,524300
SVVC,20170922,8,8.02,7.8,7.93,14300
SWIR,20170922,21.6,21.89,21.6,21.7,172600
SWKS,20170922,101.71,103.52,101.5,103.08,1377300
SYBT,20170922,36.15,36.7,35.95,36.65,47000
SYBX,20170922,18,18.45,17.96,18.15,9000
SYNA,20170922,39.43,39.53,37.9,37.98,1159700
SYNL,20170922,11.85,11.85,11.45,11.75,18500
SYPR,20170922,1.48,1.48,1.46,1.48,11100
SYRS,20170922,15.54,15.71,14.75,14.93,169700
TA,20170922,4,4.25,3.85,4.1,297100
TACO,20170922,15,15.44,15,15.33,487200
TACT,20170922,9.55,9.9,9.55,9.8,7000
TAIT,20170922,1.61,1.61,1.58,1.59,2200
TANH,20170922,4.38,4.45,4.2,4.31,1160800
TANNI,20170922,24.66,24.81,24.65,24.78,10400
TANNL,20170922,23.1,23.23,23.03,23.06,10500
TANNZ,20170922,23.16,23.23,23.1,23.17,16600
TAST,20170922,12,12.1,11.5,11.65,332200
TATT,20170922,10.6,10.7,10.6,10.7,800
TAYD,20170922,11.08,11.24,11.07,11.24,1400
TBBK,20170922,8.1,8.17,8.03,8.16,337900
TBK,20170922,31.3,31.5,31.075,31.35,59800
TBNK,20170922,30.34,30.72,30.34,30.51,26500
TBPH,20170922,33.42,33.74,32.985,33.49,127000
TCBI,20170922,81.8,82.55,81.5,82,240900
TCBK,20170922,36.23,37,36.195,36.92,41800
TCFC,20170922,35.54,35.97,35.41,35.68,4300
TCMD,20170922,33.75,33.81,30.63,30.86,705600
TCON,20170922,35.5,36.5,34,36,72900
TCPC,20170922,16.07,16.23,16.04,16.2,150600
TCX,20170922,53.5,54.8,53.5,54.75,61400
TDIV,20170922,31.93,32.12,31.93,32.12,43300
TEAM,20170922,35.16,35.32,34.85,35.17,475100
TECH,20170922,121.07,121.71,120.5,121.4,103700
TEDU,20170922,14.41,14.57,14.41,14.5,76100
TELL,20170922,10.82,11.14,10.79,10.84,287200
TENX,20170922,7.4,8,7.2,7.8,286700
TESS,20170922,12.7,12.95,12.7,12.95,1600
TFSL,20170922,15.56,15.61,15.47,15.59,101500
TGA,20170922,1.23,1.26,1.22,1.26,56500
TGLS,20170922,7.12,7.13,7.07,7.12,15600
TGTX,20170922,11.85,12,11.65,11.95,768800
THFF,20170922,44.7,45.6,44.5,45.45,26000
THRM,20170922,34.1,34.7,34.1,34.55,156900
TIG,20170922,24.2,24.2,24,24,8500
TIL,20170922,3.58,3.58,3.58,3.58,0
TILE,20170922,21.2,21.475,21.15,21.4,426600
TIPT,20170922,6.15,6.3,6.15,6.3,15900
TITN,20170922,14.93,15.28,14.85,15.17,83900
TLGT,20170922,68,69.1,66.6,68.6,293400
TLT,20170922,126.5,126.73,126.06,126.2,5660600
TMUS,20170922,63.85,64.53,63.41,64.06,6631700
TNDM,20170922,0.57,0.62,0.56,0.57,681500
TNXP,20170922,427,435,412,415,51700
TOPS,20170922,1950,2125,1850,1885,1694800
TOUR,20170922,7.95,7.98,7.78,7.8,248600
TOWN,20170922,32.25,32.35,31.9,32.3,122400
TPIC,20170922,21.63,21.88,21.35,21.8,104300
TQQQ,20170922,37.0167,37.4433,36.92,37.2933,2590200
TREE,20170922,252.1,253.15,246.35,246.75,164500
TRHC,20170922,25.97,26.1,25.7,25.83,58100
TRIB,20170922,5.4,5.57,5.4,5.56,35400
TRIL,20170922,4.85,5.15,4.75,5.1,63300
TRIP,20170922,44.29,44.5,44.08,44.365,1151400
TRMB,20170922,39.45,39.87,39.37,39.76,478600
TRMK,20170922,31.3,31.6,31.1,31.43,127500
TRNS,20170922,13.6,13.66,13.2,13.6,14400
TROW,20170922,86.03,86.77,85.83,86.69,708200
TRS,20170922,26.35,26.65,26.35,26.65,245900
TRST,20170922,8.3,8.45,8.25,8.4,360400
TRUE,20170922,15.77,15.86,15.38,15.41,2447200
TRUP,20170922,23.83,23.83,23.455,23.65,95600
TRVG,20170922,10.68,10.94,10.59,10.7,1268800
TRVN,20170922,2.5,2.51,2.41,2.46,236900
TSBK,20170922,30.66,30.75,29.6,29.69,51400
TSC,20170922,22.1,22.9,22,22.8,122200
TSCO,20170922,60.66,61.66,60.51,61.12,2068000
TSEM,20170922,29.47,29.92,29.47,29.9,249300
TSLA,20170922,73.298,73.98,70.176,70.218,8159400
TSRI,20170922,4.2,4.45,4.2,4.35,7400
TTD,20170922,58.92,60.145,58.76,59.8,494900
TTEC,20170922,39.6,40.75,39.6,40.4,49600
TTEK,20170922,43.5,44.25,43.5,44.15,283600
TTGT,20170922,11.74,11.98,11.74,11.83,32800
TTMI,20170922,14.75,15.61,14.75,15.59,1781400
TTNP,20170922,9.6,9.6,9.3,9.6,51100
TTOO,20170922,4.15,4.32,4.13,4.29,131200
TTWO,20170922,101.37,103.04,101.07,102.84,1361400
TUR,20170922,42.74,43.13,42.74,43.06,206100
TURN,20170922,1.69,1.69,1.66,1.68,30900
TUSA,20170922,30.619,30.619,30.515,30.59,800
TUSK,20170922,15.63,16.16,15.32,15.91,44300
TVTY,20170922,38.5,38.975,38.15,38.75,377200
TWIN,20170922,17.92,17.99,17.78,17.8,32800
TWNK,20170922,13.66,13.75,13.62,13.65,458300
TWNKW,20170922,1.97,2.05,1.97,2,4700
TWOU,20170922,54.05,55.03,53.44,54.93,514400
TXN,20170922,86.59,88.45,86.5,88.27,6440900
TXRH,20170922,47.93,48.31,47.82,48.12,529200
TYHT,20170922,31.95,32.49,28.89,29.07,68800
TYME,20170922,5.4,5.64,5.2,5.32,37700
TZOO,20170922,8.4,8.5,7.9,8.5,4800
UAE,20170922,17.57,17.57,17.54,17.54,4500
UBCP,20170922,11.8,11.95,11.8,11.95,5600
UBFO,20170922,9.65,9.7,9.6,9.7,13800
UBOH,20170922,22.5,22.5,22.5,22.5,100
UBSI,20170922,35.55,35.85,35.5,35.7,586600
UCBI,20170922,26.72,26.86,26.66,26.75,613800
UCTT,20170922,26.96,28.28,26.75,28.21,1063900
UEIC,20170922,60.6,61.65,60.6,61.45,27900
UEPS,20170922,9.89,10.26,9.89,10.14,136300
UFCS,20170922,42.33,45.19,42.33,45.08,113200
UFPI,20170922,92.24,94.88,92.12,94.65,131200
UFPT,20170922,27.95,28.55,27.9,28.5,8600
UG,20170922,17.2,17.2,17.05,17.2,2300
UHAL,20170922,372.28,379.13,372.14,373.26,62600
UIHC,20170922,15.83,15.99,15.75,15.94,47600
ULBI,20170922,7.15,7.15,6.95,7.05,16900
ULH,20170922,19.45,19.5,17.66,19.4,18900
ULTA,20170922,219.01,221.69,218.36,219.17,767600
UMBF,20170922,70.11,70.66,69.99,70.31,124200
UMPQ,20170922,18.72,19.01,18.67,18.98,1410600
UNAM,20170922,10.13,10.13,10.13,10.13,1700
UNB,20170922,47,47.5,47,47.5,2700
UNIT,20170922,16.49,17.05,16.28,16.51,6536900
UNTY,20170922,18.6,18.7,18.6,18.7,4100
UONE,20170922,1.65,1.65,1.65,1.65,0
UONEK,20170922,1.65,1.7,1.6,1.65,167400
UPLD,20170922,20.33,20.46,20.15,20.29,44800
URBN,20170922,22.82,22.96,22.54,22.87,2166000
URGN,20170922,29.31,30.98,29.31,30.49,26400
USAK,20170922,12,12.5,11.99,12.49,65700
USAP,20170922,20.34,20.59,19.95,20.24,11100
USAU,20170922,22.5,23.1,22.4,22.6,49300
USEG,20170922,7.7,8,7.7,8,4100
USLB,20170922,29.33,29.34,29.32,29.34,8000
USLM,20170922,79.71,80.28,78.92,80.15,7800
USOI,20170922,23.97,23.97,23.97,23.97,100
UTHR,20170922,115.5,115.635,114.54,114.6,372300
UTMD,20170922,73,73.85,72.55,73.7,11900
UTSI,20170922,2.3,2.32,2.23,2.32,49000
UVSP,20170922,31.05,31.45,30.9,31.45,58600
VALU,20170922,16.24,16.6,16.24,16.6,200
VBFC,20170922,32,32,32,32,0
VBIV,20170922,3.92,3.99,3.84,3.98,103000
VBLT,20170922,6.7,6.8,5.85,6.15,300000
VBTX,20170922,26.13,26.13,25.85,25.96,77400
VCEL,20170922,5,5,4.9,4.95,317600
VCIT,20170922,88.02,88.05,87.93,87.99,1718900
VCLT,20170922,94.16,94.185,93.855,94.02,98000
VCSH,20170922,80.09,80.09,80.04,80.07,1042300
VCYT,20170922,8.35,8.55,8.29,8.48,115700
VECO,20170922,20.1,20.95,20.1,20.8,398900
VEON,20170922,4.18,4.2,4.08,4.1,6894400
VERI,20170922,51.44,60,48.63,56.28,1907700
VERU,20170922,2.21,2.34,2.04,2.17,482700
VGIT,20170922,64.86,64.89,64.77,64.83,58900
VGLT,20170922,77.91,78.02,77.65,77.73,49000
VGSH,20170922,60.73,60.75,60.72,60.73,113600
VIA,20170922,37.8,38.4,36.8,38,47200
VIAV,20170922,9.49,9.6,9.46,9.56,1363500
VICR,20170922,19.75,20,19.55,19.9,20600
VIGI,20170922,64.23,64.58,64.02,64.13,57700
VIRC,20170922,5.7,5.8,5.65,5.7,6100
VIRT,20170922,17.05,17.2,16.8,16.85,341900
VIVE,20170922,560,600,557,599,111400
VIVO,20170922,14.05,14.25,14.05,14.2,182100
VKTX,20170922,1.24,1.455,1.211,1.39,533400
VLGEA,20170922,24.06,24.26,23.9,24.01,17900
VMBS,20170922,52.88,52.88,52.82,52.88,215000
VNDA,20170922,18.7,18.85,18.31,18.6,497600
VNET,20170922,6.08,6.19,6.02,6.16,253600
VNOM,20170922,17.92,18.19,17.82,17.9,84500
VNQI,20170922,60.23,60.3,60.13,60.2,196100
VOD,20170922,28.64,28.75,28.56,28.64,2090800
VONE,20170922,114.97,115.18,114.97,115.13,86200
VONG,20170922,127.64,127.92,127.47,127.85,43200
VONV,20170922,103.46,103.56,103.37,103.55,52600
VOXX,20170922,7.9,8.2,7.85,8.2,135900
VRA,20170922,8.26,8.32,8.12,8.18,193000
VRAY,20170922,5.69,5.73,5.53,5.65,308800
VREX,20170922,33.06,33.4,32.76,33,138500
VRIG,20170922,25.17,25.18,25.16,25.17,30700
VRNA,20170922,15.038,15.375,15.038,15.375,4300
VRNS,20170922,41.8,42.35,41.625,41.8,144700
VRNT,20170922,40.05,40.875,40.05,40.7,268200
VRSK,20170922,81.58,82.38,81.58,82.31,393500
VRSN,20170922,105.38,106.18,104.18,104.58,833900
VRTS,20170922,113.05,115.75,112.05,115.55,52100
VRTX,20170922,151.54,152.07,148.58,151.26,1269800
VSAT,20170922,62.64,63.22,62.35,62.37,251100
VSDA,20170922,25.96,25.96,25.96,25.96,200
VSEC,20170922,53.7,54.4,53.52,53.52,14500
VSMV,20170922,25.35,25.35,25.32,25.32,200
VSTM,20170922,4.8,4.9,4.53,4.76,1263400
VTGN,20170922,1.555,1.6,1.54,1.54,15800
VTHR,20170922,115.07,115.19,115.07,115.19,3700
VTIP,20170922,49.46,49.5,49.45,49.5,185100
VTNR,20170922,0.76,0.76,0.71,0.73,17500
VTVT,20170922,5.85,5.89,5.73,5.89,7700
VTWG,20170922,126.2,126.95,126.19,126.66,7600
VTWO,20170922,115.23,116.08,115.23,115.89,41000
VTWV,20170922,104.3,105.1,104.3,105.085,7200
VUZI,20170922,5.9,6,5.9,6,80400
VVPR,20170922,3.57,3.69,3.5,3.5,9100
VWOB,20170922,81.01,81.08,80.97,81.05,37800
VXUS,20170922,54.86,54.94,54.8,54.84,541100
VYGR,20170922,17.85,17.96,17.34,17.5,254200
VYMI,20170922,65.74,65.88,65.65,65.71,45900
WABC,20170922,55.13,55.92,54.32,55.92,62400
WAFD,20170922,32.55,33.09,32.5,32.85,164300
WASH,20170922,54.6,56.25,54.35,55.7,54800
WATT,20170922,11.69,12.83,11.46,12.27,1159500
WB,20170922,99.22,100.5,98.68,100.04,1214100
WBA,20170922,78,78.5,77.62,78.41,5001200
WDAY,20170922,103.38,104.52,103.27,103.89,1256800
WDC,20170922,85.42,86.64,85.27,86.48,3152200
WDFC,20170922,109.75,110.1,108,109.75,49700
WEN,20170922,15.09,15.16,14.87,15.04,4568200
WERN,20170922,35.75,35.9,35.4,35.55,570300
WETF,20170922,9,9.3,9,9.25,1531900
WEYS,20170922,27.95,28.37,27.95,28.21,4400
WHF,20170922,14.21,14.53,14.18,14.46,55600
WHLM,20170922,6.62,6.81,6.41,6.41,3200
WHLR,20170922,11.05,11.14,10.91,11.08,81000
WHLRD,20170922,23.39,23.39,22.71,22.72,2400
WHLRP,20170922,22.68,22.75,22.48,22.73,7700
WILC,20170922,5.88,5.89,5.88,5.88,1000
WINA,20170922,131.45,131.45,130,130.9,3400
WING,20170922,34.69,34.76,33.94,33.96,386800
WIRE,20170922,43,43.3,42.3,43.1,91800
WIX,20170922,68.4,69.4,68.025,68.4,368900
WKHS,20170922,2.72,2.75,2.65,2.75,233100
WLDN,20170922,31.16,31.59,30.89,31.39,40900
WLFC,20170922,24.04,24.36,24.01,24.29,6300
WLTW,20170922,151.33,152.88,151.28,152.71,989500
WNEB,20170922,10.6,10.75,10.6,10.75,26300
WOOD,20170922,67.15,67.15,66.725,66.98,22700
WPRT,20170922,2.7,2.85,2.66,2.81,619900
WRLD,20170922,79.58,80.23,79.05,79.68,39100
WSBC,20170922,39.2,39.58,38.965,39.4,80900
WSBF,20170922,18.65,18.725,18.45,18.6,67800
WSFS,20170922,45.75,46.4,45.6,46.15,70200
WSTG,20170922,14.1,14.1,13.8,14,4100
WTBA,20170922,22.95,23.25,22.95,23.25,9800
WTFC,20170922,73.36,74.25,73.28,73.91,249800
WTFCM,20170922,29,29.18,28.9,29.14,26600
WVE,20170922,22.85,23.2,21.6,22,77900
WVFC,20170922,16.6,16.6,16.6,16.6,0
WVVI,20170922,7.85,7.87,7.85,7.87,3600
WVVIP,20170922,5.51,5.51,5.51,5.51,200
WWD,20170922,74.98,76.225,74.83,75.95,550500
WYNN,20170922,144.91,146.085,144.595,144.91,1022700
XBIO,20170922,29.4,29.4,25.8,28.14,3700
XBIT,20170922,4.35,4.46,4.1,4.19,150600
XELA,20170922,5.54,5.54,5.06,5.29,1600
XELB,20170922,3.75,3.9,3.65,3.9,5300
XENE,20170922,2.95,3,2.9,2.9,51900
XENT,20170922,29.3,30,29.3,29.75,161500
XLNX,20170922,68.68,69.42,68.63,69.33,1540200
XLRN,20170922,35,35.46,34.36,34.83,961300
XNCR,20170922,22.1,22.1,21.62,21.85,57800
XNET,20170922,4.53,4.64,4.46,4.63,151600
XOG,20170922,14,14.45,13.95,14.33,1356300
XOMA,20170922,20.52,20.84,19.01,19.57,233000
XONE,20170922,10.25,10.36,10.16,10.28,116500
XPER,20170922,24.7,25.15,24.6,25.05,315400
XRAY,20170922,57.75,58.595,57.65,58.53,970300
XT,20170922,34.25,34.28,34.21,34.27,201000
XTLB,20170922,2.54,2.54,2.54,2.54,100
YLDE,20170922,25.85,25.85,25.85,25.85,0
YNDX,20170922,32.63,33.68,32.44,33.2,3799900
YORW,20170922,33.3,33.8,33.25,33.75,15300
YTEN,20170922,132,142,132,138.4,3800
YTRA,20170922,11.59,11.59,11.13,11.45,188900
YY,20170922,76.03,80.68,75.96,80.52,1668700
Z,20170922,39.44,40.17,39.1,39.1,729000
ZBRA,20170922,107.3,109.19,106.77,108.91,179000
ZEAL,20170922,18.85,18.93,18.51,18.74,6800
ZEUS,20170922,19.35,19.84,19.18,19.65,92300
ZG,20170922,39.89,39.995,38.92,38.93,456100
ZGNX,20170922,13.1,14.4,13.1,14.4,1170600
ZION,20170922,45.17,45.19,44.81,45.12,1173000
ZIOP,20170922,6.08,6.19,5.97,6.17,805900
ZIXI,20170922,4.77,4.84,4.67,4.7,210100
ZKIN,20170922,8.54,8.6,8.32,8.35,25500
ZLAB,20170922,31.19,31.19,27.1,27.73,759400
ZNGA,20170922,3.86,3.89,3.83,3.85,6159400
ZSAN,20170922,19.2,19.6,18.8,19.6,110300
ZUMZ,20170922,16.4,16.45,15.95,16.45,356000
ZYNE,20170922,6.36,6.37,6.09,6.23,563000
