AAL,20171204,50.1,51.47,49.65,49.93,7113800
AAME,20171204,3.5,3.6,3.3,3.6,1600
AAOI,20171204,43.47,44.05,41.53,44.05,1099500
AAON,20171204,36.75,37.85,36.6,37.45,254600
AAPL,20171204,43.12,43.155,42.4075,42.45,32542300
AAWW,20171204,59.85,60.9,57.75,58,415100
AAXJ,20171204,75.81,75.97,74.95,75,1450000
ABCB,20171204,50.6,51.15,49.85,50.1,255800
ABEO,20171204,16.7,16.85,15.25,15.3,737100
ABIO,20171204,24.3,24.3,22.5,22.68,42600
ABMD,20171204,196.52,196.54,189.45,189.57,532400
ABTX,20171204,40.05,40.45,38.75,39.8,31000
ABUS,20171204,5.65,5.655,5.3,5.3,164800
ACAD,20171204,30.53,30.97,28.82,28.92,1470100
ACBI,20171204,17.1,17.25,16.8,16.85,94300
ACER,20171204,16.69,16.69,16.15,16.15,1700
ACET,20171204,10.98,11.36,10.75,11.22,495900
ACGL,20171204,31.73,31.73,31.1833,31.21,455300
ACGLO,20171204,25.55,25.73,25.54,25.64,282000
ACHC,20171204,32.64,32.955,31.56,31.66,1275900
ACHV,20171204,264,278,262,262,83700
ACIU,20171204,11.82,12.1,11.44,11.75,320900
ACIW,20171204,23.14,23.14,22.36,22.37,540600
ACLS,20171204,31.5,31.895,28.5,29.15,1271400
ACMR,20171204,6.79,6.79,6.4,6.46,22700
ACNB,20171204,29.45,29.95,29.25,29.4,11100
ACOR,20171204,20.95,21.05,20.525,20.8,765000
ACRS,20171204,22.59,23.04,21.32,21.47,396900
ACRX,20171204,2.35,2.35,2.2,2.2,1019600
ACST,20171204,1.69,1.9,1.66,1.675,716900
ACTG,20171204,4.25,4.3,4.15,4.25,166100
ACWI,20171204,71.88,72.03,71.36,71.36,2408800
ACWX,20171204,49.61,49.61,49.21,49.21,563000
ADAP,20171204,8.23,8.23,7.88,7.93,146900
ADBE,20171204,180.34,180.62,168.43,168.44,5931400
ADES,20171204,8.86,9.345,8.76,8.77,296600
ADI,20171204,85.56,85.64,83.85,84.79,3723500
ADMA,20171204,3,3.03,2.7,2.77,109100
ADMP,20171204,4.1,4.1,3.9,4,689000
ADMS,20171204,36.01,36.87,33.99,34.37,1014900
ADP,20171204,115.38,116.74,114.37,114.81,2913800
ADRE,20171204,42.52,42.52,41.82,41.82,8100
ADSK,20171204,108,108.69,105.16,107.95,3985900
ADTN,20171204,23.05,23.15,22.55,22.75,243800
ADUS,20171204,33.4,33.95,33.2,33.4,19500
ADVM,20171204,3.05,3.15,3,3,193400
ADXS,20171204,46.2,47.1,44.25,44.55,807600
AEHR,20171204,2.57,2.64,2.335,2.5,309000
AEIS,20171204,73.26,74.24,69.58,70.24,678200
AEMD,20171204,15.6,15.9,15.15,15.45,97500
AERI,20171204,65.7,66.6,61.3,61.4,472900
AEY,20171204,1.49,1.49,1.43,1.45,5200
AEZS,20171204,2.02,2.2,1.96,2.15,1129400
AFMD,20171204,2,2.05,1.95,2,72700
AGEN,20171204,4.01,4.07,3.82,3.84,816000
AGFS,20171204,5.92,6.12,5.85,5.89,159800
AGIO,20171204,61.69,63.38,61.69,62.26,313800
AGLE,20171204,4.89,5.18,4.83,5.08,119800
AGNC,20171204,20.17,20.4,20.13,20.32,6860200
AGNCN,20171204,26,26,25.89,26,9300
AGRX,20171204,5.03,5.12,4.95,5.02,183600
AGTC,20171204,3.85,3.9,3.75,3.75,48700
AGYS,20171204,12.23,12.28,11.95,12.03,28700
AGZD,20171204,48.12,48.3,48.12,48.3,8700
AHPA,20171204,9.83,9.85,9.83,9.85,42100
AHPAU,20171204,10.25,10.25,10.25,10.25,0
AHPAW,20171204,0.3,0.3,0.3,0.3,2300
AHPI,20171204,2.1,2.26,2.07,2.11,75300
AIA,20171204,65.54,65.72,65,65,195200
AIMC,20171204,48.65,49.15,48,48.35,117100
AINV,20171204,17.85,17.97,17.76,17.85,1130600
AIRG,20171204,9.33,9.33,8.83,9.05,91700
AIRR,20171204,27.29,27.62,27.24,27.25,34400
AIRT,20171204,24.05,24.05,24.05,24.05,0
AKAM,20171204,55.93,56.95,55.65,56.44,2517500
AKBA,20171204,16.02,16.43,15.37,15.39,234100
AKTS,20171204,6.85,6.875,6.41,6.53,55700
AKTX,20171204,4.84,5,4.57,4.8,231200
ALBO,20171204,24.43,25.49,24.19,25.25,100200
ALCO,20171204,32.3,32.4,31.05,31.95,5100
ALDX,20171204,6.5,6.6,6.36,6.45,54500
ALGN,20171204,257.83,257.99,222.74,225.8,3879100
ALGT,20171204,150.25,156.2,149.2,151.8,203900
ALIM,20171204,1.32,1.32,1.27,1.305,171600
ALJJ,20171204,3.68,3.72,3.58,3.63,39000
ALKS,20171204,54.04,55.08,53.89,54.58,1550400
ALLT,20171204,5.95,6,5.81,5.87,24000
ALNA,20171204,14.31,14.95,14.12,14.77,84700
ALNY,20171204,137.19,139.9,126.56,128.01,1306200
ALOT,20171204,14.5,14.5,13.75,14.05,12600
ALPN,20171204,11.01,11.07,10.51,10.6,33000
ALRM,20171204,39.4,39.85,37.42,37.58,1087500
ALRN,20171204,11.25,11.25,10.65,10.8,20900
ALT,20171204,1.79,1.85,1.77,1.78,105800
ALTR,20171204,23.48,23.94,21.6,21.9,327800
ALTY,20171204,15.28,15.34,15.28,15.34,600
AMAT,20171204,52.06,52.34,49.27,49.77,19956100
AMBA,20171204,62.26,62.67,59.02,59.33,2323300
AMCX,20171204,53.41,56.19,53.25,56.15,1607700
AMD,20171204,10.85,10.86,9.82,10.03,97328200
AMED,20171204,53.25,56.02,53.05,54.16,669400
AMGN,20171204,178.46,180.74,178.16,178.69,4417100
AMKR,20171204,10.56,10.61,10.12,10.13,922900
AMNB,20171204,41.35,41.85,40.7,40.85,10600
AMOT,20171204,32.18,32.53,30.73,31.55,67800
AMPH,20171204,19.29,19.555,18.89,18.89,150800
AMRK,20171204,14.02,14.54,13.99,14.16,20500
AMRN,20171204,3.2,3.27,3.11,3.12,1009100
AMRS,20171204,3.6,3.655,3.4,3.47,175900
AMSC,20171204,3.28,3.42,3.11,3.28,754700
AMSF,20171204,66.65,66.9,65.5,66.7,192100
AMSWA,20171204,12,12,11.71,11.78,74400
AMTX,20171204,0.75,0.78,0.681,0.685,47600
AMWD,20171204,130.15,133.05,121.4,122.05,382600
AMZN,20171204,1173.85,1175.2,1128,1133.95,5931900
ANAB,20171204,85.87,87.57,82.58,85.42,269000
ANAT,20171204,127,127.145,125.255,126.48,14700
ANDE,20171204,31.85,32.15,31.6,31.85,140500
ANGI,20171204,11.63,11.63,10.95,11.09,762700
ANGO,20171204,17.38,17.43,16.85,16.89,140300
ANIK,20171204,55,55.53,53.56,53.61,52600
ANIP,20171204,71.39,72,69.22,69.25,141400
ANSS,20171204,147.68,147.89,141.91,142.01,526400
ANY,20171204,2.56,2.58,2.34,2.35,180900
AOSL,20171204,17.64,17.64,17.18,17.34,88600
APDN,20171204,89.6,92,88.4,89.2,47300
APEI,20171204,26.95,27.35,26.3,26.45,68900
APEN,20171204,4.53,4.77,4.35,4.37,180400
APLS,20171204,14.9,15.41,13.81,14,323900
APOG,20171204,49.31,50.03,49.08,49.24,92900
APOP,20171204,41.5,41.5,37.05,38.5,92400
APPF,20171204,42.25,42.25,39.6,39.85,229100
APPN,20171204,20.99,21.4,20.4,21.2,273400
APPS,20171204,1.69,1.75,1.645,1.67,244500
APTO,20171204,2.01,2.02,1.86,1.89,296100
APVO,20171204,42,51.8,41.72,48.3,1965500
APWC,20171204,2.9,2.95,2.9,2.94,900
AQB,20171204,3.9,4.08,3.86,3.86,10800
AQMS,20171204,3.06,3.29,3.01,3.06,298900
ARAY,20171204,5.3,5.3,5.1,5.15,716800
ARCB,20171204,37.65,38.6,37.35,37.4,274500
ARCC,20171204,16.25,16.3,16.09,16.18,1655300
ARCT,20171204,9.18,9.26,8.9,9.01,21200
ARDX,20171204,6.65,6.7,5.9,6.05,349600
ARGX,20171204,31,31,30.35,30.67,43300
ARKR,20171204,25,25,25,25,0
ARLP,20171204,18.4,18.75,18.025,18.2,813600
ARNA,20171204,31.13,31.33,29.54,29.62,400800
AROW,20171204,36.9,37.4,35.72,36.7,12800
ARRY,20171204,11.28,11.58,10.765,10.78,2785200
ARTNA,20171204,42.15,42.64,41.34,41.48,12300
ARTW,20171204,2.75,3.1,2.72,2.9,165800
ARWR,20171204,3.54,3.6,3.29,3.33,748800
ASET,20171204,28.7,28.7,28.69,28.7,5000
ASMB,20171204,48.46,48.79,43.72,44.78,160600
ASML,20171204,175.19,175.31,168.35,169.33,1446100
ASND,20171204,37.02,37.74,36.55,36.61,101200
ASPS,20171204,26.71,26.96,26.15,26.2,101100
ASPU,20171204,8.45,8.62,8.27,8.27,6000
ASRV,20171204,4.3,4.3,4.26,4.3,6200
ASTC,20171204,3.03,5.37,3.01,4.64,14287000
ASTE,20171204,56.17,57.15,55.95,56.6,444100
ASUR,20171204,14.66,14.83,13.805,13.88,149000
ASYS,20171204,10.1,10.39,9.4,9.45,426800
ATAI,20171204,5,5.16,5,5.07,24000
ATAX,20171204,6.1,6.145,6.055,6.1,23300
ATEC,20171204,2.7,2.79,2.575,2.6,109400
ATHX,20171204,1.98,1.99,1.895,1.93,495500
ATLC,20171204,2.38,2.43,2.22,2.22,3600
ATLO,20171204,28.3,29.05,28.3,28.6,11600
ATNI,20171204,59.86,60.13,58.975,59.55,50300
ATNX,20171204,17.13,17.3,16.17,16.62,169400
ATOM,20171204,4,4.095,3.9,3.9,14900
ATOS,20171204,3.96,4.32,3.96,3.96,761300
ATRA,20171204,14.65,14.95,14.4,14.6,158300
ATRC,20171204,18.71,18.71,18.09,18.14,109000
ATRI,20171204,670,670,662,662,2600
ATRO,20171204,41.56,42.7,41.54,42.05,137300
ATRS,20171204,1.96,1.96,1.8,1.82,1188300
ATSG,20171204,24.54,25.44,24.52,24.6,646100
ATVI,20171204,62.39,62.48,58.35,58.6,12491500
ATXI,20171204,4.06,4.25,3.75,3.91,31400
AUBN,20171204,36.5,37.15,36.5,37.15,600
AUDC,20171204,7.24,7.36,7.15,7.18,107800
AUPH,20171204,5.25,5.36,5.14,5.17,653500
AUTO,20171204,9.53,9.8,9.105,9.38,200100
AVAV,20171204,45.5,46.56,43.71,44,419400
AVDL,20171204,8.96,8.96,8.45,8.67,359800
AVEO,20171204,29.8,30.2,28,28.3,1432700
AVGO,20171204,273.91,274.52,260.14,263.61,4843900
AVGR,20171204,99.2,99.2,90,92.8,340500
AVID,20171204,6.71,7.46,6.61,6.99,1922900
AVIR,20171204,0.62,0.63,0.58,0.59,175600
AVNW,20171204,15.95,17,15.4,15.58,30800
AVXL,20171204,3.76,3.83,3.57,3.58,282200
AWRE,20171204,4.75,4.75,4.4,4.55,39900
AXDX,20171204,28.05,28.45,27.05,27.25,409700
AXGN,20171204,26.7,27.5,26.5,26.7,486300
AXON,20171204,5.45,5.56,5.37,5.5,483900
AXSM,20171204,5.25,5.324,4.995,5,264500
AXTI,20171204,9.6,9.65,8.55,8.7,969700
AY,20171204,22.39,22.46,21.85,21.93,451500
AYTU,20171204,2.85,3,2.85,2.98,24300
AZPN,20171204,67.83,68.17,66.56,66.65,396900
BAND,20171204,23.82,23.82,22.2,22.37,50800
BANF,20171204,57.4,58.5,56.95,57.05,46000
BANFP,20171204,27,27,27,27,0
BANR,20171204,58.33,59.6,58.33,58.6,160300
BANX,20171204,20.72,20.72,20.57,20.6,17000
BATRA,20171204,22.69,22.92,22.48,22.56,36900
BATRK,20171204,22.57,22.94,22.5,22.55,135600
BBBY,20171204,22.97,24.52,22.71,24.4,9833500
BBGI,20171204,11.2,11.294,11.005,11.15,9100
BBH,20171204,126.33,127.06,123.9,123.9,51600
BBSI,20171204,66.56,67.25,65.36,66.08,35000
BCAC,20171204,9.8,9.8,9.8,9.8,0
BCACU,20171204,10.27,10.27,10.27,10.27,100
BCACW,20171204,0.39,0.39,0.39,0.39,0
BCBP,20171204,14.75,15,14.55,14.6,70800
BCLI,20171204,4.02,4.13,3.99,4,112100
BCOR,20171204,20.5,20.55,19.8,19.95,356000
BCOV,20171204,7.25,7.35,7.15,7.2,163300
BCPC,20171204,87.84,88.38,86.17,86.2,73300
BCRX,20171204,4.99,5.05,4.69,4.72,882600
BDSI,20171204,2.65,2.85,2.65,2.65,758100
BECN,20171204,64,64.88,63.18,63.24,860800
BELFA,20171204,22.34,22.34,22.34,22.34,1000
BELFB,20171204,27.75,27.75,26.2,26.25,14000
BFIN,20171204,16.64,17,16.51,16.58,30400
BFIT,20171204,16.67,16.67,16.67,16.67,200
BGCP,20171204,16.62,16.9,16.44,16.49,3168300
BGFV,20171204,7.6,7.845,7.35,7.7,1674100
BGNE,20171204,81.06,95.2,81.06,94.5,1747800
BHF,20171204,58.89,59.81,58.18,58.49,1084200
BIB,20171204,55.87,56.37,53,53.07,256600
BICK,20171204,29.57,29.6,29.47,29.48,13900
BIDU,20171204,237.71,237.91,226.35,229.66,3326900
BIIB,20171204,319.2,321.75,315.56,317.4,908700
BIOC,20171204,7.3,7.3,6.6,6.8,150500
BIOL,20171204,2.55,2.6,1.4,1.95,7378800
BIS,20171204,22.37,23.4,22.06,23.35,23200
BJRI,20171204,35.7,37.7,35.7,37.25,855700
BKCC,20171204,6.61,6.64,6.54,6.55,409200
BKEP,20171204,5.3,5.3,5.05,5.1,88900
BKEPP,20171204,7.67,7.685,7.57,7.6,3600
BKSC,20171204,18.5,18.745,18.4,18.55,10500
BKYI,20171204,1.47,1.47,1.38,1.4,43700
BL,20171204,36.18,36.6,35.21,35.8,310800
BLBD,20171204,19.55,20,19.35,19.5,51800
BLCM,20171204,101.8,104,98.9,99.1,252600
BLDP,20171204,4.85,4.91,4.64,4.64,1619900
BLFS,20171204,5.5,5.86,5.27,5.29,75200
BLIN,20171204,123.5,130.5,121.5,129,3300
BLKB,20171204,98.38,98.38,94.64,95.11,232900
BLMN,20171204,21.62,22.46,21.555,22.15,1635500
BLPH,20171204,30.9,36.6,30.75,33.15,1118700
BLRX,20171204,17.25,17.4,16.5,17.1,960300
BLUE,20171204,172.15,174.6,161.45,162.3,722800
BMRA,20171204,3.3,3.37,3.3,3.33,9400
BMRC,20171204,35.775,38.95,35.775,37.05,97900
BMRN,20171204,85.32,86.46,83.52,83.62,736500
BMTC,20171204,44.85,46.25,44.85,45.65,70500
BNDX,20171204,55.05,55.13,55.03,55.11,1126800
BNFT,20171204,27.05,27.3,24.5,25.15,259200
BNSO,20171204,2.55,2.55,2.41,2.55,14300
BNTC,20171204,30,30,27.7,27.8,33900
BOKF,20171204,89.88,91.28,89.475,90.17,100600
BOMN,20171204,22.45,23.87,22.43,22.96,42600
BOOM,20171204,21,21.4,20.45,21.3,51000
BOSC,20171204,2.25,2.41,2.22,2.23,46300
BOTJ,20171204,14.85,14.85,14.64,14.85,1400
BOTZ,20171204,23.85,23.91,23.33,23.36,1877400
BOXL,20171204,7.04,7.57,6.88,7.32,3800
BPMC,20171204,73.69,75.01,69.52,69.71,445600
BPOP,20171204,36.09,36.24,35.14,35.32,1038100
BPOPM,20171204,22.51,22.51,22.51,22.51,200
BPOPN,20171204,24.295,24.321,24.06,24.185,3400
BPRN,20171204,33.33,34.95,33.33,34.5,26900
BPTH,20171204,54,54,40,44,2352900
BRID,20171204,12.7,12.7,12.66,12.66,1400
BRKL,20171204,16.3,16.5,16.175,16.25,256800
BRKR,20171204,34.94,35.155,33.61,33.65,615900
BRKS,20171204,24.18,24.46,22.29,22.54,1510500
BRQS,20171204,5.145,5.145,5.145,5.145,0
BSET,20171204,37.65,38.8,37.65,38.45,26200
BSQR,20171204,4.7,4.82,4.5,4.55,28900
BSRR,20171204,28.3,28.85,28,28.05,32400
BTEC,20171204,30.92,30.92,30.9,30.9,400
BUSE,20171204,31.9,32.26,31.75,31.81,145200
BVXV,20171204,5.49,5.5,5.345,5.42,9700
BWEN,20171204,2.43,2.69,2.39,2.46,349400
BWFG,20171204,35.47,36,34.62,35.56,12600
BYFC,20171204,2.27,2.27,2.18,2.18,3400
BYSI,20171204,32.51,32.51,32.51,32.51,0
BZUN,20171204,28.4,28.42,26.77,27.58,2100800
CAAS,20171204,5.09,5.11,4.95,4.97,22000
CAC,20171204,46.14,46.87,45.67,45.71,33000
CACC,20171204,307.13,309.25,303.64,305.88,448100
CACG,20171204,27.43,27.43,27.27,27.27,153700
CAKE,20171204,48.55,51.07,48.55,49.56,2122900
CALA,20171204,10.45,10.6,9.65,9.75,564900
CALM,20171204,49.65,49.65,47.425,47.45,506100
CAMP,20171204,22.61,22.88,22.39,22.43,374100
CAMT,20171204,5.82,5.84,5.62,5.78,171200
CAPR,20171204,18.8,18.8,17.7,18,253500
CAR,20171204,40.37,41.54,39.71,39.73,5357400
CARA,20171204,12.86,13.25,12.54,12.6,658300
CARG,20171204,29.53,29.53,28.84,29.29,165100
CARV,20171204,3.71,3.71,3.28,3.34,2300
CARZ,20171204,42.18,42.3,42.18,42.2,14400
CASH,20171204,31.9333,32.5167,30.9583,30.9667,92600
CASI,20171204,3.65,4.42,3.43,3.75,2582200
CASS,20171204,63.9,63.9,61.76,61.97,35300
CASY,20171204,121.59,122.84,120.97,121.67,358800
CATC,20171204,73.69,73.69,73.69,73.69,0
CATH,20171204,33.07,33.07,32.8,32.8,14600
CATY,20171204,44.29,44.94,44.06,44.11,572600
CBAN,20171204,14.15,14.15,14,14,3100
CBAY,20171204,8.8,8.85,8.43,8.49,392600
CBFV,20171204,29.75,29.95,29.55,29.55,2200
CBIO,20171204,7.13,7.15,6.7,6.77,148500
CBRL,20171204,156.95,163.44,156.325,162.88,438700
CBSH,20171204,57.22,57.91,57.03,57.15,402300
CBTX,20171204,28.64,28.93,28.5,28.65,81000
CCBG,20171204,25.42,25.46,22.68,25.11,12500
CCD,20171204,20.35,20.53,20.35,20.36,70200
CCLP,20171204,5.11,5.26,5.08,5.2,93800
CCMP,20171204,96,96.59,92.15,92.42,360000
CCNE,20171204,28.87,29.55,28.6,28.74,40900
CCOI,20171204,46.9,47.6,45.25,45.4,248200
CCRN,20171204,13.38,13.72,13.38,13.5,153000
CCXI,20171204,6.95,7.08,6.39,6.47,96400
CDC,20171204,46.94,47.085,46.829,46.83,99300
CDEV,20171204,20.7,20.71,19.9,19.94,1601300
CDK,20171204,69.27,69.86,68.62,69.54,1156900
CDL,20171204,45.55,45.84,45.55,45.63,6500
CDNA,20171204,7.1,7.15,6.85,6.87,109700
CDNS,20171204,43.95,43.95,42.4,42.42,1910700
CDTX,20171204,8,8.1,7.85,7.95,49200
CDW,20171204,69.3,70.55,69.11,70.14,1036900
CDXC,20171204,6.63,6.84,6.55,6.6,335800
CDXS,20171204,7,7.15,6.9,6.95,251000
CDZI,20171204,13.75,13.75,13.45,13.5,33400
CECE,20171204,5.29,5.34,5.16,5.26,161000
CELC,20171204,18.1,18.4,17.5,17.91,16200
CELH,20171204,4.86,4.87,4.615,4.69,52600
CEMI,20171204,7.25,7.25,7.11,7.25,7900
CENT,20171204,40.11,42.28,39.6,42.02,131700
CENTA,20171204,38.93,40.84,36.79,40.73,280700
CENX,20171204,13.53,13.87,13.5,13.67,1839500
CERN,20171204,70.34,70.675,69.55,69.79,2421400
CERS,20171204,3.93,4.02,3.71,3.73,688400
CETX,20171204,21.6,22.24,21.12,21.36,64200
CETXP,20171204,5.55,5.55,5.55,5.55,0
CETXW,20171204,0.22,0.23,0.22,0.23,2400
CEVA,20171204,47.25,48.18,45.05,45.4,141600
CEY,20171204,24.85,24.85,24.79,24.83,2000
CFA,20171204,48.51,48.89,48.51,48.56,112500
CFBK,20171204,14.85,14.85,14.7125,14.74,28300
CFFI,20171204,61,61.7,60.5,60.55,4400
CFFN,20171204,14.27,14.38,14.125,14.18,503200
CFMS,20171204,3.06,3.13,2.65,2.655,639100
CFO,20171204,48.56,48.85,48.49,48.5,54600
CFRX,20171204,9.9,9.9,9.7,9.9,28400
CG,20171204,20.4,20.85,20.3,20.55,2081200
CGBD,20171204,18.6,18.6,18.46,18.51,17700
CGEN,20171204,2.45,2.48,2.25,2.35,351600
CGNT,20171204,3.08,3.13,2.95,3.05,206100
CGNX,20171204,71,71.72,63.15,63.31,3767200
CGO,20171204,14.5,14.85,14.27,14.48,57000
CHCI,20171204,1.49,1.55,1.47,1.48,8600
CHCO,20171204,71.11,72.11,70.52,70.59,64500
CHDN,20171204,78.5333,79.275,77.9,78.4667,137500
CHEF,20171204,20.75,21.85,20.7,21.225,324000
CHEK,20171204,11.4,11.52,10.08,10.44,276600
CHI,20171204,11.42,11.43,11.33,11.38,244500
CHKP,20171204,104.73,104.74,102.11,102.65,948400
CHMG,20171204,50.14,55.15,47.14,50.65,9500
CHNR,20171204,2.35,2.43,2.35,2.35,12700
CHRS,20171204,8.95,9.2,8.85,8.9,369000
CHRW,20171204,87.55,89.11,86.58,86.76,2544600
CHSCL,20171204,28.34,28.49,28.22,28.36,30400
CHSCM,20171204,26.75,26.98,26.61,26.78,31100
CHSCN,20171204,28.02,28.16,27.68,28,35700
CHSCO,20171204,29.45,29.45,29.25,29.32,21100
CHSCP,20171204,30.1,30.35,30.1,30.35,23400
CHTR,20171204,330.2,347.48,329.19,334,2629700
CHUY,20171204,24.8,26.3,24.55,26,279300
CHW,20171204,9.18,9.19,9.09,9.09,126300
CHY,20171204,11.89,11.91,11.76,11.79,297200
CIBR,20171204,22.87,22.87,22.17,22.22,63400
CID,20171204,36.09,36.09,35.88,35.88,1500
CIDM,20171204,1.54,1.56,1.51,1.53,14500
CIGI,20171204,60.55,60.8,59.5,59.85,47000
CIL,20171204,40.39,40.39,40.06,40.1,1300
CINF,20171204,75.02,76.155,74.58,75.37,477800
CIVB,20171204,22.61,23.2,22.61,23.01,24600
CIZ,20171204,34.88,34.88,34.65,34.65,31200
CIZN,20171204,23.75,24,23.75,23.9,3900
CJJD,20171204,1.48,1.48,1.41,1.44,22400
CKPT,20171204,4.3,4.3,4.15,4.15,7600
CLAR,20171204,7.85,7.9,7.7,7.75,55500
CLBS,20171204,3.42,3.55,3.04,3.3,127800
CLDX,20171204,43.65,45.375,43.05,43.5,1241400
CLFD,20171204,14.2,14.25,13.55,13.6,21300
CLIR,20171204,2.1,2.35,2,2.075,353000
CLLS,20171204,25,25,23.63,23.7,154400
CLMT,20171204,8.05,8.2,7.65,7.75,942900
CLNE,20171204,2.19,2.24,2.16,2.16,946200
CLRB,20171204,13.3,13.55,12.6,12.8,240500
CLRO,20171204,8.2,8.6,8.2,8.5,34200
CLSD,20171204,7.03,7.07,6.84,6.85,78500
CLSN,20171204,2.58,2.64,2.47,2.52,828900
CLVS,20171204,61.88,62.57,59.22,59.31,1037900
CLWT,20171204,2.5333,2.54,2.42,2.4667,17700
CLXT,20171204,18.58,19.879,17.015,17.13,93100
CMCO,20171204,40.17,40.52,39.66,39.73,77800
CMCSA,20171204,39.42,40.73,39.42,40.32,55137300
CMCT,20171204,17.95,17.95,17.735,17.95,1300
CME,20171204,153.5,154.03,150.98,153.41,2446300
CMPR,20171204,122.78,123.58,120.31,121.87,176200
CMRX,20171204,4.58,4.75,4.38,4.42,355500
CMTL,20171204,21.3,21.3,20.66,20.69,127200
CNBKA,20171204,85.65,85.75,85.4,85.6,5600
CNCE,20171204,24.45,25.41,23.65,23.73,604200
CNCR,20171204,24.98,25.24,24.49,24.52,15500
CNET,20171204,1.06,1.06,1.03,1.04,27200
CNFR,20171204,6,6.1,5.5,6,12000
CNOB,20171204,27.8,28.2,27.45,27.7,145900
CNSL,20171204,13.67,13.93,12.97,13.52,1885600
CNTY,20171204,8.74,8.98,8.68,8.74,212800
CNXN,20171204,27.1,27.73,26.98,27.21,54000
CODA,20171204,5.17,5.24,5.17,5.24,4900
CODX,20171204,5.19,5.22,4.91,4.95,31800
COGT,20171204,4.25,4.34,4.15,4.175,142700
COHR,20171204,292.86,293.32,270.89,274.15,513700
COHU,20171204,22.24,22.43,21.51,21.62,290600
COKE,20171204,218.3,219.5,212.1,212.69,52600
COLB,20171204,47.14,48.06,46.58,47.25,498700
COLL,20171204,17.26,17.39,16.85,16.94,469600
COLM,20171204,70.31,70.74,69.52,69.67,146700
COMM,20171204,36.29,37.17,36.1,36.59,2294300
COMT,20171204,36.76,36.76,36.43,36.51,31600
CONE,20171204,61.38,61.62,57.62,57.63,1120600
CONN,20171204,31.3,32,30.75,31.1,376300
COOL,20171204,28.18,29.8,26.3,27.9,116700
CORT,20171204,18.4,19.62,16.68,16.68,1885800
COST,20171204,187.22,189.88,186.56,189.56,5774100
COUP,20171204,36.12,36.4,33.38,33.62,1541600
COWN,20171204,14.7,14.85,14.15,14.3,210900
COWNL,20171204,26.84,26.87,26.84,26.87,3800
CPHC,20171204,15.5,17.55,15.5,17,20200
CPIX,20171204,7.53,7.7,7.31,7.31,13100
CPLP,20171204,3.16,3.25,3.16,3.22,685600
CPRT,20171204,43.32,43.7,42.92,42.99,1521600
CPRX,20171204,4.46,4.49,4.1,4.33,2242100
CPSH,20171204,1.36,1.99,1.34,1.66,846600
CPSI,20171204,30.2,30.45,29.725,30.2,78500
CPSS,20171204,4.25,4.42,4.16,4.27,104900
CPTAG,20171204,24.65,24.84,24.65,24.77,2800
CPTAL,20171204,24.99,25.3,24.98,24.98,3700
CRAI,20171204,45.1,45.87,44.62,45.03,70800
CRBP,20171204,7.9,7.9,7.5,7.6,394400
CREG,20171204,28.9,30.8,28,28,400800
CRESY,20171204,21.79,22.04,21.1,21.35,64600
CRIS,20171204,4.5,4.525,4.11,4.15,3282700
CRMT,20171204,46.2,47,45.9,46.1,34800
CRNT,20171204,2.1,2.26,2.04,2.09,2653600
CROX,20171204,10.83,10.95,10.7,10.78,870800
CRSP,20171204,19.42,19.71,18.03,18.26,421000
CRTO,20171204,32.17,32.6,31.9,31.93,864700
CRUS,20171204,53.14,53.355,50.411,51.13,1397300
CRVL,20171204,55.4,56.41,54.6,54.75,21100
CRVS,20171204,11.48,11.65,10.95,11.19,37900
CRWS,20171204,6.6,6.6,6.35,6.4,5600
CSA,20171204,46.99,47.18,46.65,46.65,7400
CSB,20171204,45.28,45.43,45.19,45.21,4900
CSBR,20171204,3.61,3.76,3.3,3.76,119300
CSCO,20171204,37.81,37.99,37.54,37.72,29414400
CSF,20171204,46.17,46.17,45.52,45.52,9400
CSGP,20171204,304.86,306.96,295.1,295.77,186300
CSGS,20171204,45.43,46.02,44.57,44.62,124900
CSII,20171204,24.8,25.24,24.08,24.15,113500
CSIQ,20171204,18.1,18.1,16.04,16.12,3081000
CSML,20171204,28.14,28.67,28.14,28.22,99900
CSOD,20171204,36.91,36.91,35.32,35.33,703700
CSPI,20171204,10.61,10.78,10.61,10.66,4300
CSQ,20171204,12.22,12.32,12.19,12.22,247200
CSSE,20171204,8.18,8.48,8.1,8.11,68600
CSTE,20171204,24.85,25.25,24.45,24.5,151100
CSTR,20171204,21.57,21.575,20.79,21.35,6400
CSWC,20171204,17.13,17.35,17.13,17.24,13000
CSWI,20171204,47.9,48.7,47.4,47.55,28800
CSX,20171204,56.45,58.25,56.42,56.99,11689400
CTAS,20171204,158.41,159.68,157.54,158.71,797200
CTBI,20171204,50.3,50.9,50.1,50.1,29300
CTG,20171204,5.22,5.26,5.17,5.24,25100
CTHR,20171204,1.3,1.3,1.23,1.26,37200
CTIB,20171204,3.79,3.79,3.79,3.79,0
CTIC,20171204,2.78,2.78,2.64,2.73,246700
CTMX,20171204,21.27,21.69,20.75,20.79,412900
CTRE,20171204,18.12,18.19,17.76,17.83,463800
CTRN,20171204,25.73,26.28,25.41,25.56,163500
CTSH,20171204,71.65,71.86,70.32,70.32,4569200
CTSO,20171204,7,7,6.8,6.95,73800
CTXR,20171204,5.04,5.05,4.76,4.81,68200
CTXRW,20171204,0.9,0.9,0.8,0.8,4500
CTXS,20171204,88.5,88.92,86.65,86.77,1735500
CUBA,20171204,7.16,7.19,7.1,7.16,29100
CUTR,20171204,42,43.22,38.7,38.75,145100
CVBF,20171204,25.05,25.49,24.75,24.82,425000
CVCO,20171204,154.5,155,151.7,151.9,36700
CVCY,20171204,20.72,20.99,20.66,20.87,34400
CVGI,20171204,11.14,11.51,11.08,11.25,259500
CVGW,20171204,77.55,77.55,75.875,77.15,94600
CVLT,20171204,54.45,55.425,53.7,54,568800
CVLY,20171204,30.07,30.07,28.4,28.65,12000
CVV,20171204,12.7,12.7,11.69,11.69,20600
CWBC,20171204,10.5,10.6,10.5,10.59,3200
CWCO,20171204,13.2,13.45,13.2,13.25,43900
CWST,20171204,21.38,21.71,21.1,21.53,363100
CXDC,20171204,4.8,4.85,4.8,4.85,9200
CXSE,20171204,41.98,42.035,41.355,41.355,19200
CYAD,20171204,40.87,40.915,40.1,40.1,900
CYAN,20171204,4.3,4.3,4.3,4.3,300
CYBE,20171204,15.95,15.95,15.15,15.5,85200
CYBR,20171204,46.79,46.92,44.34,44.78,494100
CYCC,20171204,40,45,39.4,43,4870600
CYCCP,20171204,6.31,6.31,6.31,6.31,0
CYRN,20171204,2.45,2.45,2.4,2.4,53300
CYRX,20171204,7.06,7.53,6.86,7.53,114000
CYTK,20171204,8.55,8.7,8.15,8.15,621200
CZNC,20171204,25.86,26,25.2,25.43,23900
CZR,20171204,13.45,13.5,12.85,12.925,10495100
CZWI,20171204,13.38,13.7,13.35,13.57,11900
DAIO,20171204,12.75,12.84,11.38,11.55,374400
DAKT,20171204,9.4,9.53,9.29,9.33,128500
DARE,20171204,2.59,2.59,2.42,2.42,12100
DAX,20171204,31.58,31.58,31.36,31.49,8300
DBVT,20171204,21.97,22.05,21.545,21.74,198100
DCOM,20171204,22.05,22.35,21.9,22.1,110900
DCPH,20171204,19.7,19.7,17.63,17.77,121000
DENN,20171204,13.47,13.77,13.47,13.59,325200
DFFN,20171204,20.7,24.75,20.1,22.05,549500
DGICA,20171204,17.6,17.65,17.44,17.62,37700
DGICB,20171204,13.85,13.85,13.85,13.85,0
DGII,20171204,10.1,10.25,9.75,9.8,104300
DGLY,20171204,2.75,2.75,2.4,2.5,62400
DGRE,20171204,25.83,26.01,25.83,25.91,18300
DGRS,20171204,36.21,36.42,36.06,36.11,8300
DGRW,20171204,41.17,41.25,40.94,40.95,148200
DHIL,20171204,213.45,213.5,209.35,210.44,10800
DIOD,20171204,29.44,29.89,28.29,28.34,331200
DISCA,20171204,19.67,20.975,19.626,20.85,14287700
DISCB,20171204,20,20,20,20,0
DISCK,20171204,18.55,19.78,18.5,19.52,9746700
DISH,20171204,50.54,52.14,50.35,51.6,2968400
DJCO,20171204,230.1,239.36,230.1,239.36,1000
DLHC,20171204,6.25,6.48,6.03,6.48,11000
DLTH,20171204,18.97,19.175,18.62,18.8,312000
DLTR,20171204,104.49,107.11,104.41,106.37,2678700
DMLP,20171204,14.95,15,14.5,14.5,114100
DMRC,20171204,36.4,36.7,34.4,34.95,43000
DORM,20171204,67.46,67.88,67.17,67.45,337400
DOX,20171204,65.05,65.77,64.95,65.24,687800
DRIO,20171204,1.5,1.5,1.46,1.48,19900
DRNA,20171204,8.55,8.75,8.01,8.05,88800
DRRX,20171204,1.09,1.1,1.03,1.08,445600
DSGX,20171204,27.5,27.55,26.65,26.75,125300
DSKE,20171204,12.94,13.32,12.82,12.99,316900
DSKEW,20171204,1.57,1.62,1.5,1.51,84600
DSPG,20171204,13,13.05,12.7,13,73500
DSWL,20171204,2.77,2.78,2.73,2.75,20800
DTEA,20171204,4.1,4.15,4.1,4.15,21100
DVAX,20171204,18.6,18.97,17.7,17.75,1014500
DVY,20171204,98.86,99.53,98.72,98.86,621100
DWAC,20171204,24.61,24.61,24.52,24.52,400
DWAS,20171204,49.07,49.44,47.72,47.72,56000
DWAT,20171204,11.8,11.84,11.77,11.82,7400
DWPP,20171204,28.65,28.65,28.53,28.55,3800
DWSN,20171204,5.23,5.32,5.1,5.12,23200
DXCM,20171204,58.66,59.74,57.71,57.88,1604900
DXGE,20171204,32.47,32.52,32.3,32.32,29500
DXJS,20171204,45.45,45.45,44.36,44.36,77500
DXLG,20171204,2.05,2.15,2.05,2.15,106800
DXPE,20171204,28.92,29.56,28.26,28.64,79900
DXYN,20171204,3.95,4,3.9,3.95,3800
DYNT,20171204,2.6,2.75,2.585,2.725,64000
DZSI,20171204,8.36,8.36,7.95,8.25,16900
EA,20171204,105.53,105.875,100.68,100.83,6573100
EBAY,20171204,35.58,36.08,35.38,35.7,11130600
EBIX,20171204,77.8,78.075,76.55,76.7,199200
EBMT,20171204,21.6,21.8,21.45,21.8,4600
EBSB,20171204,20.35,20.725,20.35,20.55,207300
EBTC,20171204,37.84,38.25,37.02,37.24,15000
ECHO,20171204,27.05,27.5,27.05,27.4,588600
ECOL,20171204,51.4,51.7,50.25,50.35,83700
ECPG,20171204,46.2,46.5,45.625,45.95,238600
EDAP,20171204,2.94,2.95,2.895,2.92,40200
EDIT,20171204,30.39,31.81,27.68,27.76,1316300
EDUC,20171204,6.85,6.91,6.765,6.91,2400
EEFT,20171204,91.81,91.95,89.84,90.97,425700
EEMA,20171204,73.99,73.99,72.4,72.55,46200
EFAS,20171204,17.98,18.02,17.98,18.02,500
EFOI,20171204,14.1,14.1,12.25,13.45,54400
EFSC,20171204,45.6,46.25,45,45.3,66200
EGAN,20171204,3.55,3.65,3.5,3.6,173500
EGBN,20171204,55.5,57.1,52.305,57.1,2671600
EGLE,20171204,30.1,31.5,30.1,31.01,707500
EGRX,20171204,59.88,62.52,58.54,60.83,267000
EHTH,20171204,23.24,23.54,22.02,22.19,123200
EIGR,20171204,11.5,12.5,11.5,11.8,25400
EKSO,20171204,34.8,38.7,34.8,36,2552300
ELSE,20171204,4.01,4.07,3.91,3.91,49800
ELTK,20171204,3.51,3.57,3.34,3.34,36100
EMB,20171204,115.44,115.52,115.34,115.49,2186100
EMCB,20171204,72.94,73.64,72.75,72.91,89800
EMCF,20171204,31,31,30.49,30.49,23700
EMIF,20171204,33.005,33.005,32.869,32.91,2400
EMKR,20171204,7.45,7.7,7.225,7.4,381500
EML,20171204,28.75,28.9,28.25,28.25,20000
EMXC,20171204,52.59,52.59,52.45,52.45,600
ENDP,20171204,7.51,7.72,7.25,7.27,2998400
ENG,20171204,0.78,0.81,0.76,0.77,78700
ENPH,20171204,2.94,3,2.55,2.65,1431600
ENSG,20171204,24.07,24.07,23.07,23.21,160500
ENTA,20171204,49.91,51.33,49.37,49.61,159500
ENTG,20171204,30.35,30.83,28.7,28.8,1062200
ENZL,20171204,45.71,45.99,45.48,45.49,59000
EPAY,20171204,33.66,33.73,32.85,32.99,316300
EPIX,20171204,5,5,5,5,11900
EPZM,20171204,12.75,13.5,12.65,12.7,427700
EQBK,20171204,34.5,35.3,34.08,35.08,66200
EQIX,20171204,471.03,471.39,441.78,442.28,655000
EQRR,20171204,44.89,45.5,44.89,45.12,2100
ERIC,20171204,6.34,6.35,6.205,6.22,2400400
ERIE,20171204,121.74,122.88,121.28,122.08,15200
ERII,20171204,11.11,11.3,10.82,10.99,333600
ERYP,20171204,29,29.83,28.58,29.36,22700
ESBK,20171204,20.6,20.6,20.55,20.6,3200
ESCA,20171204,13.85,13.85,13.51,13.7,4800
ESEA,20171204,13.92,14.56,13.92,14.24,26600
ESGD,20171204,67.71,67.71,67.28,67.34,11300
ESGE,20171204,36.19,36.19,35.89,35.89,14300
ESGR,20171204,223.1,223.54,214.43,219.65,22200
ESGU,20171204,58.26,58.26,57.91,57.94,1300
ESLT,20171204,140.28,141.05,139.32,139.61,31200
ESPR,20171204,64.75,65.19,60.05,60.66,490300
ESQ,20171204,19.51,23.18,19.51,21,13700
ESSA,20171204,15.88,16.16,15.86,15.92,6100
ESXB,20171204,8.4,8.6,8.4,8.5,20600
ETSY,20171204,17.09,18.135,17.04,17.91,5026800
EUFN,20171204,23.19,23.23,23.07,23.09,667600
EVBG,20171204,26.38,26.8,24.21,24.74,541600
EVGN,20171204,3.81,3.82,3.74,3.8,7600
EVK,20171204,2.3,2.3,2.3,2.3,2600
EVLV,20171204,1.43,1.53,1.42,1.5,326600
EVOK,20171204,2.67,2.69,2.59,2.65,29600
EVOL,20171204,4.6,4.65,4.51,4.6,13700
EWBC,20171204,62.45,63.92,62.05,62.18,711200
EWZS,20171204,15.8,15.94,15.725,15.79,76500
EXAS,20171204,58.63,58.9,53.68,55.18,2358400
EXEL,20171204,28.4,28.88,27.515,27.57,2453200
EXLS,20171204,61.1,61.64,60.45,60.58,256100
EXPD,20171204,64.66,66.01,64.35,64.93,1970800
EXPE,20171204,123.61,125.45,122.2,122.24,2050500
EXPO,20171204,37.8,38.0375,37.45,37.5,70400
EXTR,20171204,13.44,13.58,12.54,12.73,2406700
EYE,20171204,33.07,33.88,32.59,32.64,266200
EYEG,20171204,18.15,20.7,16.8,19.2,2541700
EYES,20171204,11.04,13.2,10.96,12.08,3678000
EYESW,20171204,0.4,0.48,0.38,0.45,37000
EZPW,20171204,12.2,12.25,11.95,12.15,348100
FAAR,20171204,29.53,29.65,29.53,29.56,9000
FAB,20171204,57.04,57.1,56.57,56.68,1400
FAD,20171204,65.5,65.9,64.3,64.3,39600
FALN,20171204,27.43,27.43,27.38,27.38,13500
FANG,20171204,111.26,112.1,108.85,109.02,642900
FANH,20171204,21.95,22.65,21.74,21.91,163800
FARM,20171204,34.7,35.05,34.1,34.25,67800
FARO,20171204,52.1,52.1,49.85,50.05,58600
FAST,20171204,26.29,27.675,26.265,27.44,5335700
FAT,20171204,9.4,9.5,9.25,9.41,17100
FATE,20171204,4.46,4.47,4.15,4.17,138700
FB,20171204,176.29,176.57,170.79,171.47,24459400
FBIO,20171204,4.02,4.07,3.78,3.8,87400
FBIOP,20171204,23.01,23.01,22.2,22.89,6200
FBIZ,20171204,23.55,23.877,23.265,23.48,7400
FBMS,20171204,33.5,33.85,33.33,33.55,24000
FBNC,20171204,38.31,38.99,37.97,38.28,127500
FBZ,20171204,15.59,15.6,15.5,15.5,3000
FCA,20171204,28.8,28.8,28.685,28.8,6700
FCAL,20171204,50.9,50.9,50.85,50.9,1900
FCAP,20171204,35.84,35.84,35.46,35.46,700
FCBC,20171204,30.7,30.91,30.28,30.79,30100
FCCO,20171204,24.5,24.87,23.9,23.9,2900
FCCY,20171204,18.25,18.5,18.25,18.395,20400
FCEF,20171204,21.75,21.88,21.75,21.84,12400
FCEL,20171204,20.88,21,19.68,20.28,1182200
FCNCA,20171204,427.09,433.72,427.09,429.21,32200
FCVT,20171204,29.11,29.11,28.85,28.88,15800
FDBC,20171204,41.31,41.31,40.75,40.75,15600
FDIV,20171204,51.46,51.46,51.05,51.05,27000
FDT,20171204,61.11,61.2,60.72,60.76,59500
FDTS,20171204,43.54,43.54,43.29,43.29,2900
FDUS,20171204,16.14,16.32,15.92,16,81700
FEIM,20171204,9.4,9.41,9.13,9.13,15800
FELE,20171204,45.5,46.4,44.25,46.05,234200
FEM,20171204,26.9,26.98,26.78,26.82,69200
FEMB,20171204,41.58,41.58,41.54,41.55,1700
FEMS,20171204,40.89,40.98,40.72,40.72,48700
FENC,20171204,9.57,9.57,8.65,9,20100
FEP,20171204,38.25,38.29,37.98,37.98,168800
FEUZ,20171204,43.47,43.7,43.37,43.53,4700
FEX,20171204,58.4,58.53,57.9,57.9,104000
FFBC,20171204,28.95,29.3,28.6,28.7,221100
FFBW,20171204,11.3,11.3,11.29,11.3,2100
FFHL,20171204,2.72,2.78,2.63,2.73,11400
FFIC,20171204,28.34,28.97,28.2,28.26,42600
FFIN,20171204,23.95,24.175,23.375,23.45,297000
FFIV,20171204,133.29,134.24,132.38,132.53,919600
FFNW,20171204,16.54,16.77,16.47,16.57,6400
FFWM,20171204,19.2,19.45,19.02,19.15,107700
FGBI,20171204,28.42,28.94,28.25,28.84,6200
FGEN,20171204,47.5,48.4,44.3,44.5,451200
FGM,20171204,50.52,50.52,50.24,50.33,15600
FHB,20171204,30,30.85,29.66,30.45,317800
FIBK,20171204,40.15,40.75,39.7,40.05,301000
FINX,20171204,21.94,21.99,21.42,21.5,79000
FISI,20171204,33.5,34.05,33.25,33.35,37500
FISV,20171204,65.695,66.555,65.465,66.12,1135100
FITB,20171204,31.21,31.83,31.17,31.36,7291700
FITBI,20171204,28.89,28.98,28.78,28.78,21500
FIVE,20171204,62.39,65.48,62.15,65,1727000
FIVN,20171204,24.35,24.36,22.83,23.08,818200
FIXD,20171204,50.77,51.02,50.75,50.8,67700
FIZZ,20171204,106.96,107.24,104.26,106.14,312900
FJP,20171204,58.68,58.68,58.36,58.36,3000
FKU,20171204,38.62,38.64,38.42,38.43,6500
FLDM,20171204,6,6.06,5.46,5.46,147300
FLEX,20171204,18.08,18.175,17.93,18.04,4271400
FLGT,20171204,3.79,3.8,3.61,3.67,23000
FLIC,20171204,30.35,30.9,30.2,30.3,25900
FLL,20171204,3.69,3.69,3.45,3.54,176300
FLN,20171204,20.88,20.98,20.83,20.83,4000
FLWS,20171204,10.4,10.75,10.4,10.65,157500
FLXN,20171204,25.92,26.81,25.55,25.7,1203400
FLXS,20171204,50.95,52.7,50.95,51.43,22700
FMAO,20171204,40.34,40.96,39.3,39.72,2900
FMB,20171204,53.29,53.34,53.08,53.29,59800
FMBH,20171204,40.09,40.5,39.5,39.79,27000
FMBI,20171204,25.49,25.86,25.275,25.34,641300
FMHI,20171204,50.25,50.25,50.25,50.25,0
FMNB,20171204,15,15.2,14.9,15.1,41700
FNHC,20171204,13.57,13.8,13.15,13.2,109800
FNK,20171204,36.26,36.565,36.24,36.24,3100
FNKO,20171204,9.75,9.88,9.2,9.71,752400
FNLC,20171204,30.88,31.21,30.74,30.9,12500
FNWB,20171204,18.27,18.27,17.49,17.53,7500
FNX,20171204,66.13,66.22,65.4,65.4,15500
FNY,20171204,39.502,39.502,38.6,38.625,4800
FOLD,20171204,13.82,13.92,12.72,12.74,3144200
FONR,20171204,24.55,24.85,23.85,24.05,30600
FORD,20171204,1.3,1.33,1.3,1.32,14500
FORM,20171204,15.85,16.05,14.925,15.05,828100
FORR,20171204,46.45,47.35,45.8,46.6,51900
FORTY,20171204,41.8,41.89,41.21,41.38,600
FOSL,20171204,6.77,6.94,6.55,6.68,1840500
FOX,20171204,31.79,33.19,31.79,32.31,4307100
FOXA,20171204,32.63,34.02,32.58,33.09,15878400
FOXF,20171204,39.7,41.15,39.575,39.75,459100
FPA,20171204,34.883,35.085,34.883,34.91,1500
FPAY,20171204,3.6,3.74,3.6,3.67,1000
FPXI,20171204,34.7,34.7,34.38,34.38,5700
FRBA,20171204,14.6,14.95,14.55,14.7,42100
FRBK,20171204,9.55,9.75,9.4,9.5,56600
FRGI,20171204,19.1,19.85,19.1,19.6,516000
FRME,20171204,44.7,45.42,43.97,44.16,205100
FRPH,20171204,45,46.05,44.75,45.3,4000
FRPT,20171204,19.15,19.3,18.8,18.95,225600
FRSH,20171204,6.41,6.435,6.16,6.19,61700
FRSX,20171204,4.69,4.69,4.23,4.28,70700
FRTA,20171204,9.57,9.88,9.16,9.22,859900
FSBC,20171204,16.5,16.86,16.5,16.55,2300
FSBW,20171204,56.88,57.5,56.88,57.5,12200
FSFG,20171204,57.99,57.99,56.45,56.45,200
FSLR,20171204,60.4,60.71,56.13,57.27,4210800
FSTR,20171204,23.15,24,22.45,23.25,37100
FSV,20171204,68.21,68.81,67.91,68.5,39900
FSZ,20171204,51.96,52.11,51.64,51.66,29700
FTA,20171204,54.22,54.63,54.22,54.26,78200
FTAG,20171204,27.86,27.89,27.69,27.69,2000
FTC,20171204,61.08,61.4,60.23,60.23,37100
FTCS,20171204,51.08,51.13,50.54,50.54,104200
FTEK,20171204,0.95,1,0.95,0.95,25000
FTFT,20171204,1.45,1.48,1.38,1.46,51200
FTGC,20171204,20.55,20.55,20.45,20.45,24400
FTHI,20171204,23.09,23.15,23.07,23.07,4000
FTLB,20171204,22.86,22.86,22.7,22.7,23000
FTNT,20171204,42.42,42.49,41.505,41.54,1343100
FTRI,20171204,12.16,12.18,12.16,12.17,2100
FTSL,20171204,48.13,48.19,48.11,48.15,127800
FTSM,20171204,60,60.04,59.99,60.04,153300
FTXD,20171204,20.7,20.7,20.7,20.7,0
FTXG,20171204,20.72,20.72,20.72,20.72,0
FTXH,20171204,20.73,20.84,20.7,20.7,1400
FTXL,20171204,30.55,30.55,29.25,29.29,9800
FTXN,20171204,20.12,20.16,19.9,19.9,8500
FTXO,20171204,29.72,29.99,29.7,29.71,62800
FTXR,20171204,25.535,25.535,25.535,25.535,200
FULT,20171204,19.15,19.3,18.825,18.9,2146900
FUNC,20171204,17.3,17.5,17.25,17.36,4400
FUND,20171204,7.96,8.01,7.96,7.96,12900
FUSB,20171204,13.9,14.35,13.6,13.96,12600
FUV,20171204,3.1,3.31,3.05,3.15,37300
FV,20171204,27.58,27.76,27.14,27.17,190400
FVC,20171204,25.81,25.81,25.29,25.29,26300
FVE,20171204,1.6,1.65,1.5,1.5,28700
FWONA,20171204,34.5,34.52,32.93,33.35,446600
FWONK,20171204,36.15,36.15,34.46,34.98,2650100
FWP,20171204,4.15,4.23,4.04,4.09,16500
FWRD,20171204,57.49,58.8,52.06,57.73,244600
FYC,20171204,42.95,43.02,41.91,41.96,81100
FYT,20171204,37.54,37.56,37.21,37.21,13700
FYX,20171204,61.82,61.88,60.89,60.97,20100
GABC,20171204,37.65,37.91,36.66,36.78,32100
GAIA,20171204,12.3,12.55,12.2,12.25,12800
GAIN,20171204,10.87,10.92,10.8,10.87,143600
GAINN,20171204,25.87,25.87,25.87,25.87,0
GALT,20171204,2.44,2.69,2.4,2.48,631800
GASS,20171204,4.01,4.02,3.95,3.98,70900
GBCI,20171204,40.9,41.23,39.985,40.08,493200
GBDC,20171204,19.03,19.1,18.71,18.99,181600
GBLI,20171204,43.99,43.99,42.17,42.64,6900
GBLIL,20171204,26.1,26.1,26.02,26.06,9700
GBT,20171204,42.4,43.4,39.6,39.75,985700
GCBC,20171204,31,31.6,31,31.5,4400
GDEN,20171204,34.38,34.75,33.21,33.51,75700
GDS,20171204,20.5,20.79,19.945,20.13,338600
GECC,20171204,9.97,10.15,9.93,10.01,7800
GENC,20171204,18.14,18.34,17.5,17.5,17400
GENE,20171204,3.8,3.88,3.58,3.58,67000
GENY,20171204,33.31,33.31,32.97,33.17,900
GEOS,20171204,16.5,16.56,15.52,15.72,34700
GERN,20171204,1.96,1.97,1.89,1.89,829400
GEVO,20171204,12,12.8,12,12.4,139700
GFED,20171204,22.05,22.13,22.05,22.12,1000
GGAL,20171204,58.9,59.76,58.13,58.24,904200
GIFI,20171204,13,13.3,12.55,12.65,38300
GIGM,20171204,2.92,2.97,2.8,2.92,35100
GIII,20171204,30.32,31.385,30.1,30.14,1639400
GILD,20171204,75.46,75.58,72.91,73.09,8617600
GILT,20171204,7.7,7.87,7.65,7.69,90600
GLAD,20171204,9.78,9.78,9.7,9.71,150300
GLBL,20171204,4.65,4.75,4.65,4.65,878900
GLBS,20171204,1100,1240,1100,1240,1947900
GLBZ,20171204,11.2,11.2,11.2,11.2,100
GLDD,20171204,5.15,5.3,5.125,5.25,314700
GLDI,20171204,8.94,8.94,8.9,8.94,35700
GLMD,20171204,8.09,8.09,7.93,7.95,13700
GLNG,20171204,24.37,24.62,24.16,24.19,732600
GLPG,20171204,87.71,87.75,86.06,86.2,56900
GLPI,20171204,36.27,36.46,35.675,35.76,871300
GLRE,20171204,22.45,22.7,22.2,22.4,116600
GLYC,20171204,14.4,14.6,13.82,14.3,751500
GNCA,20171204,9.52,10.08,9.36,9.44,388800
GNMA,20171204,49.45,49.63,49.45,49.55,11800
GNTX,20171204,20.67,21.14,20.67,20.78,3516200
GNTY,20171204,30.72,30.86,30.465,30.49,5100
GNUS,20171204,2.967,2.99,2.785,2.96,7200
GOGL,20171204,8.48,8.48,8.23,8.32,322000
GOGO,20171204,11.41,11.41,10.8,11.01,1088100
GOOD,20171204,22.79,22.96,22.25,22.27,210600
GOODO,20171204,26.2,26.2,26.2,26.2,500
GOOG,20171204,1012.66,1016.1,995.57,998.68,1906400
GOOGL,20171204,1027.8,1031.34,1009.22,1011.87,1938800
GPAC,20171204,10.06,10.06,10.02,10.02,200
GPACW,20171204,1.02,1.14,1.02,1.11,119600
GPP,20171204,19.1,19.25,19,19,8100
GPRE,20171204,17,17.2,16.5,16.6,1595100
GPRO,20171204,8.56,8.645,8.21,8.23,3683600
GRBK,20171204,11.95,12.05,11.5,11.55,39100
GRFS,20171204,22.4,22.51,22.145,22.15,388500
GRID,20171204,50.58,50.58,50.31,50.42,56700
GRMN,20171204,61.54,61.85,60.83,60.85,1090700
GROW,20171204,4.35,4.4,3.86,3.88,709600
GRPN,20171204,113.2,115.8,112.2,114.6,10749100
GRVY,20171204,37.135,39,36,37.41,28500
GSBC,20171204,54.55,55.25,53.2,54.1,19300
GSIT,20171204,7.71,7.93,7.45,7.45,39700
GSM,20171204,16.37,16.45,15.77,15.79,473900
GT,20171204,32.39,32.68,31.96,32.07,2783400
GTHX,20171204,19.77,20.09,18.85,19.01,111800
GTIM,20171204,2.4,2.5,2.34,2.46,51300
GTYH,20171204,9.92,9.92,9.9,9.9,1016200
GURE,20171204,7.65,7.9,7.6,7.6,56300
GWGH,20171204,9.51,9.6,9.06,9.19,8100
GWRS,20171204,9.82,9.82,9.51,9.71,11700
GYRO,20171204,21.25,21.25,21.225,21.24,1000
HA,20171204,41.85,43.2,41.65,42.5,1068200
HAFC,20171204,32.5,33.1,31.95,32.25,170200
HAIN,20171204,42.45,43.7,42.19,42.41,2574400
HALL,20171204,10.88,10.97,10.36,10.38,38900
HALO,20171204,18.65,18.9,18.02,18.05,1007400
HAS,20171204,92.32,93.86,91.45,92.14,1177500
HAYN,20171204,31.96,32.75,31.69,32.29,84900
HBAN,20171204,14.71,14.93,14.64,14.7,9743900
HBANN,20171204,26.59,26.69,26.48,26.69,5300
HBANP,20171204,1419.96,1425,1415.27,1425,400
HBCP,20171204,42.73,43.45,42.18,42.91,14000
HBIO,20171204,3.25,3.4,3.2,3.3,26300
HBMD,20171204,22.15,23.05,21.95,22.55,77500
HBNC,20171204,18.4667,18.8333,18.4067,18.7267,82600
HBP,20171204,6.83,7.09,6.67,6.69,42000
HCCI,20171204,19.5,19.65,19.15,19.3,43200
HCKT,20171204,16.5,16.52,16.29,16.29,99500
HCM,20171204,34.46,35.43,34.16,35.04,101600
HCSG,20171204,51.5,51.97,51.29,51.73,580100
HDSN,20171204,5.69,5.74,5.62,5.62,406600
HEAR,20171204,2.18,2.2,2.16,2.16,32100
HEES,20171204,37.46,37.98,36.62,36.68,364400
HELE,20171204,89.35,92,88.4,89.85,308000
HEWG,20171204,29.2,29.21,29.02,29.03,308200
HFBL,20171204,27.5,27.5,27.5,27.5,200
HFWA,20171204,32.9,33.25,32.4,32.5,169300
HGSH,20171204,2.98,2.98,2.72,2.78,13100
HIBB,20171204,19.7,20.35,19.3,19.85,761600
HIFS,20171204,234.38,237.15,226.3,235.25,12300
HIHO,20171204,4.05,4.05,4,4,11600
HIMX,20171204,13.69,13.7,12.92,12.99,5472000
HLG,20171204,40.18,41.82,39.6,41.65,74400
HLIT,20171204,4,4.15,3.9,4.05,271200
HLNE,20171204,35.05,35.24,31.56,33.77,123600
HMHC,20171204,9.7,9.85,9.6,9.65,643300
HMNF,20171204,19.1,19.16,19,19.16,3400
HMST,20171204,31,31.3,30.65,30.75,121600
HMTV,20171204,11.5,11.75,11.5,11.7,169400
HNNA,20171204,16.72,17.5,16.72,17.5,16200
HNRG,20171204,6.22,6.39,5.68,5.71,108900
HOFT,20171204,49.7,51,49.5,50.95,57700
HOLI,20171204,24.93,25,24.18,24.28,178100
HOLX,20171204,40.85,42.58,40.85,41.85,5889100
HOMB,20171204,24.2,24.54,23.97,24.08,1436100
HONE,20171204,10.881,11.0091,10.7529,10.8309,18200
HOPE,20171204,19.1,19.53,18.95,19.02,455100
HOVNP,20171204,7,7,7,7,0
HQY,20171204,51.73,52.485,48.5,48.86,510600
HRTX,20171204,17.45,17.75,17.05,17.15,587400
HRZN,20171204,10.72,10.8,10.59,10.77,57600
HSIC,20171204,71.59,71.9,70.97,71.21,1835500
HSII,20171204,24.7,24.85,24.4,24.5,111400
HSKA,20171204,86.51,87.6,84.99,85.93,70500
HSON,20171204,13.5,13.5,13.3,13.3,23000
HSTM,20171204,24.19,24.26,23.84,23.85,132700
HTBI,20171204,27.5,27.8,26.45,27.2,47400
HTBK,20171204,16.45,16.63,16.32,16.35,81000
HTBX,20171204,4.6,4.7,4.3,4.3,423000
HTGM,20171204,2.08,2.1,1.89,1.89,424800
HTHT,20171204,26.8825,27.9388,26.7125,27.48,932700
HTLD,20171204,23.11,23.33,22.48,22.64,576600
HTLF,20171204,51.55,56.4,51.25,51.3,158700
HUBG,20171204,47.95,48.75,47.2,47.6,265100
HURC,20171204,43.85,44.02,43.15,43.15,10800
HURN,20171204,40.4,40.65,39.75,40.45,151500
HVBC,20171204,14.97,15,14.86,14.86,2300
HWBK,20171204,20.38,20.38,20.38,20.38,300
HWKN,20171204,38.2,38.6,37.4,37.8,24000
HX,20171204,11.6,11.7,11.11,11.51,79600
HYAC,20171204,9.6,9.6,9.6,9.6,0
HYACU,20171204,9.95,9.95,9.95,9.95,100
HYACW,20171204,0.8,0.8,0.8,0.8,3700
HYLS,20171204,48.61,48.67,48.51,48.57,172800
HYZD,20171204,24.1,24.16,24.09,24.12,30500
HZNP,20171204,14.46,14.61,14.02,14.06,1400700
IAC,20171204,124.97,125.78,121.88,121.93,891100
IART,20171204,49.6,49.7,48.22,48.26,430600
IBB,20171204,106.6,107,103.76,104.03,2351100
IBCP,20171204,22.65,23,22.45,22.55,64800
IBKR,20171204,58.78,60.12,58.66,58.91,656300
IBOC,20171204,42.4,42.9,41.45,41.5,190500
IBTX,20171204,70,70.75,69.3,69.35,181800
ICAD,20171204,3.49,3.57,3.49,3.54,9900
ICBK,20171204,33.53,33.94,33.53,33.85,20300
ICCC,20171204,9,9,8.78,8.9,4500
ICCH,20171204,16.55,16.55,16.55,16.55,0
ICFI,20171204,54.1,54.85,54.1,54.25,97500
ICHR,20171204,26.8,27.49,23.46,23.61,2546500
ICLN,20171204,8.77,8.89,8.65,8.665,108200
ICLR,20171204,117,117.39,110.54,111.97,608700
ICPT,20171204,61.9,62.52,59.71,59.87,331000
ICUI,20171204,213.15,213.15,203.2,204,151000
IDCC,20171204,75.05,78.1,75,77.45,495600
IDLB,20171204,29.77,29.91,29.77,29.78,2500
IDRA,20171204,18.08,18.4,16.96,17.04,1694500
IDXX,20171204,155.74,160,155.61,159.3,958300
IEF,20171204,105.65,105.88,105.64,105.88,2356400
IEI,20171204,122.33,122.43,122.3,122.43,616800
IEP,20171204,53.01,53.96,52.5,52.55,101100
IESC,20171204,18.2,18.4,17.8,17.95,36000
IEUS,20171204,56.73,56.73,56.24,56.27,21700
IFGL,20171204,29.96,30,29.79,29.79,61700
IFMK,20171204,11.47,11.47,11.47,11.47,100
IFRX,20171204,21.01,21.215,19.24,19.24,48300
IFV,20171204,21.89,21.99,21.7,21.72,109800
IGF,20171204,46.46,46.46,46.23,46.24,213900
IGOV,20171204,49.55,49.74,49.54,49.65,100000
III,20171204,4.56,4.56,4.33,4.37,28000
IIN,20171204,17.55,17.55,16.7,16.8,25400
IIVI,20171204,46.35,46.43,42.85,43,1436300
IJT,20171204,173.3,173.48,170.38,170.43,77900
IKNX,20171204,7.72,7.72,7.72,7.72,0
ILMN,20171204,225.33,226.86,213,213.45,1246000
IMGN,20171204,6.21,6.55,6.115,6.14,2596400
IMKTA,20171204,28.2,30.1,28.2,29.4,122600
IMMP,20171204,1.71,1.77,1.71,1.76,37000
IMMR,20171204,7.53,7.54,7.25,7.4,618200
IMOS,20171204,18.62,18.64,18.35,18.43,101600
IMRN,20171204,5.15,5.2,4.86,4.86,3000
IMRNW,20171204,0.9,0.9,0.9,0.9,0
IMTE,20171204,6.25,6.25,6.25,6.25,0
INBK,20171204,40.6,41,40.1,40.15,43700
INCR,20171204,38.1,38.7,37.55,38,1431100
INCY,20171204,98.69,99.71,93.65,93.68,1722600
INDB,20171204,72.95,74.15,71.9,72.25,115000
INDY,20171204,35.58,35.58,35.3,35.38,179300
INFI,20171204,1.92,1.93,1.81,1.86,949000
INFN,20171204,7.05,7.07,6.77,6.77,1497800
INFR,20171204,29.93,29.93,29.93,29.93,200
INGN,20171204,124.97,125.15,118.965,119.1,117300
INO,20171204,4.61,4.69,4.48,4.49,1045500
INOD,20171204,1.17,1.17,1.07,1.1,52100
INOV,20171204,15.75,15.95,14.9,15.2,869900
INPX,20171204,20520,20520,18900,19440,609800
INSE,20171204,9.65,9.95,8.7,9,8500
INSG,20171204,1.86,1.91,1.81,1.82,320100
INSM,20171204,31.19,31.9,28.47,28.49,1100800
INTC,20171204,45.02,45.3,44.33,44.49,28000700
INTG,20171204,23.91,23.91,23.86,23.9,28500
INTU,20171204,156.7,156.88,154.21,154.54,1691300
INVA,20171204,13.39,13.47,13.02,13.11,1118100
INVE,20171204,3.2,3.25,3.02,3.11,49800
IONS,20171204,56.94,57.92,52,52.26,1246500
IOSP,20171204,71.1,72.4,70.65,71.8,74300
IOVA,20171204,8.8,9,8.7,8.7,352300
IPAR,20171204,44.45,44.85,43.7,44.1,57900
IPDN,20171204,4.88,4.88,4.2,4.26,193300
IPGP,20171204,225.85,226.99,200.01,200.8,1592300
IPKW,20171204,36.49,36.64,36.3,36.35,39300
IPWR,20171204,16.7,16.8,15.8,16.3,68600
IRBT,20171204,66.9,66.9,63.66,64.58,969200
IRCP,20171204,56.9,57,55.71,56.5,17600
IRDM,20171204,12.55,12.7,12.3,12.35,904200
IRIX,20171204,8.68,8.8,8.25,8.33,21700
IRMD,20171204,13.7,14,13.45,13.55,12900
IROQ,20171204,19.89,19.95,19.85,19.85,800
IRTC,20171204,55,55.36,51.8,52.29,402200
IRWD,20171204,17.51,17.6,16.06,16.25,2870100
ISBC,20171204,14.51,14.58,14.35,14.37,2076400
ISHG,20171204,83.89,83.89,83.72,83.84,5500
ISIG,20171204,1.45,1.505,1.4,1.45,32200
ISRG,20171204,399.83,400,369.09,369.95,2158900
ISSC,20171204,3.01,3.01,2.9,2.92,10300
ISTB,20171204,49.81,49.83,49.79,49.805,170100
ISTR,20171204,23.6,23.7,23.35,23.5,8700
ITCI,20171204,15.49,15.67,14.88,14.92,381600
ITI,20171204,6.39,6.46,6.2,6.21,64700
ITIC,20171204,203.97,203.97,199.95,200.35,2900
ITRI,20171204,65.35,66.51,64.55,65.55,506900
ITRN,20171204,35.7,35.7,34.7,34.9,89500
IUSB,20171204,50.8,50.85,50.77,50.82,241000
IUSG,20171204,53.9,53.94,53.1,53.13,697400
IUSV,20171204,55.18,55.44,55.03,55.03,409500
IVAC,20171204,7.5,7.7,7.1,7.15,79900
IXUS,20171204,62.58,62.59,62.14,62.14,396100
IZEA,20171204,4.57,4.57,4.3,4.42,79700
JACK,20171204,106,108.22,105.9,106.61,928300
JAGX,20171204,168,168,141.75,150.15,3976100
JAKK,20171204,25,26,24,25.5,147000
JAZZ,20171204,139.35,139.35,136.48,136.56,273900
JBHT,20171204,110.68,112.5,110,110.2,1096400
JBLU,20171204,21.71,22.36,21.48,21.97,8325000
JBSS,20171204,62.18,64.5,61.07,62.47,86900
JCS,20171204,3.623,3.69,3.475,3.58,41900
JCTCF,20171204,7.93,7.93,7.75,7.75,4100
JD,20171204,37.77,38.25,36.66,36.75,15756800
JJSF,20171204,151.04,154.02,149.5,151.23,40400
JKHY,20171204,114.51,116.18,113.85,115.48,380300
JNCE,20171204,16,16,15.01,15.08,128500
JOBS,20171204,57.31,57.88,56.33,57.39,194800
JOUT,20171204,72.98,72.98,71.5,71.84,16200
JRJC,20171204,18.2,19,17.5,19,135900
JRVR,20171204,40.93,41.33,40.36,40.37,204700
JSM,20171204,24.35,24.5,24.35,24.5,27400
JSMD,20171204,38.321,38.321,37.945,37.945,2000
JSML,20171204,36.43,36.53,36.36,36.36,3200
JVA,20171204,3.98,4.07,3.97,4.06,23100
JYNT,20171204,5.09,5.2,5,5.03,62600
KALA,20171204,19.49,20.08,17.95,18.02,243700
KALU,20171204,98.04,99.565,95.95,98.46,110200
KALV,20171204,9.3,9.65,9.135,9.14,63900
KBAL,20171204,18.27,18.58,18.17,18.25,88500
KBSF,20171204,4.32,4.85,4.15,4.6,65100
KBWB,20171204,55.08,55.725,55.075,55.28,699800
KBWD,20171204,23.74,24.1,23.74,23.9,59400
KBWP,20171204,60.51,60.85,60.41,60.43,15000
KBWR,20171204,58.03,58.95,57.91,57.97,31600
KBWY,20171204,36.61,36.76,36.26,36.29,280000
KE,20171204,21.1,21.15,20.25,20.35,88300
KELYA,20171204,29.69,29.69,28.98,29.06,169200
KELYB,20171204,28,28,28,28,0
KEQU,20171204,27.7,28.35,27.7,28.1,1100
KFFB,20171204,9,9,8.95,9,5100
KFRC,20171204,25.3,26.1,25.3,25.95,132100
KHC,20171204,81.32,82.29,81.165,81.92,2908100
KIDS,20171204,19.76,20.23,18.14,18.43,38000
KINS,20171204,19.6,19.6,19.1,19.2,19400
KIRK,20171204,13.18,13.42,12.83,13.12,225200
KLAC,20171204,104.7,104.89,100.2,100.88,1882600
KLIC,20171204,24.31,24.55,23.43,23.72,671100
KMDA,20171204,4.55,4.69,4.55,4.55,14800
KMPH,20171204,3.8,3.85,3.55,3.58,70300
KNDI,20171204,7.45,7.55,7.1,7.25,258900
KNSL,20171204,44.5,44.53,42.5,43.28,181000
KOPN,20171204,3.26,3.26,3.1,3.11,391300
KOSS,20171204,1.65,1.68,1.63,1.64,5100
KPTI,20171204,11.25,11.7,11.055,11.21,131200
KRMA,20171204,19.37,19.37,19.28,19.28,5300
KRNT,20171204,17.35,17.7,16.65,16.75,203200
KRNY,20171204,14.9,15.1,14.7,14.9,772000
KRYS,20171204,10.52,10.52,10.17,10.5,5600
KTCC,20171204,6.97,7.2,6.8,7.05,200600
KTOS,20171204,10.35,10.49,10.05,10.07,1276000
KURA,20171204,15.45,16.1,14.8,14.95,349500
KVHI,20171204,10.6,10.65,10.05,10.2,21700
KZIA,20171204,2.96,2.98,2.77,2.98,12700
LAKE,20171204,13.8,13.975,13.75,13.8,20100
LAMR,20171204,75.89,77.14,75.51,76.14,490400
LANC,20171204,134.96,135.79,133.68,134.42,107000
LAND,20171204,13.52,13.64,13.42,13.47,38500
LARK,20171204,28.31,29.29,28.31,29.11,1100
LAUR,20171204,13.8,13.8,12.83,12.86,957300
LAWS,20171204,26,26,25.6,25.6,1900
LBAI,20171204,21.3,21.5,21,21.05,60100
LBRDA,20171204,88.07,89.54,87.05,87.62,115100
LBRDK,20171204,89.54,91.25,88.67,89,1007600
LBTYA,20171204,31.9,32.38,31.73,32.16,1772400
LBTYK,20171204,30.46,31.48,30.46,31.31,2021200
LCA,20171204,9.94,9.94,9.94,9.94,300
LCAHU,20171204,10.55,10.6,10.55,10.6,800
LCAHW,20171204,0.63,0.63,0.63,0.63,500
LCNB,20171204,21.05,21.155,20.7,20.7,8500
LCUT,20171204,18.25,18.425,17.25,17.4,35600
LE,20171204,11.85,11.95,11.05,11.8,458500
LECO,20171204,91.6,93.51,90.59,90.83,568100
LEDS,20171204,4.26,4.38,4.03,4.1,89100
LFUS,20171204,202.85,202.85,197.2,197.37,108400
LFVN,20171204,5.47,5.5,5.4,5.49,30000
LGIH,20171204,71.18,71.96,67.21,67.7,485000
LGND,20171204,131.6,131.9,129.26,129.3,175400
LHCG,20171204,66.21,66.49,64.73,64.86,288100
LIFE,20171204,57.4,60.9,53.9,54.6,16200
LILA,20171204,21.51,21.65,20.79,21.04,351900
LILAK,20171204,21.16,21.39,20.62,20.88,956100
LINC,20171204,2.23,2.23,2.17,2.2,5000
LIND,20171204,10.35,10.45,10.31,10.39,53700
LINK,20171204,5.65,5.65,5.65,5.65,100
LITE,20171204,52.9,53.3,46.975,47.15,3890800
LIVE,20171204,14.84,15.32,14.82,14.9,4200
LIVN,20171204,88.2,88.555,82.345,82.74,548500
LJPC,20171204,31.91,33.72,30.9,31.02,394500
LKFN,20171204,51.29,52.03,50.71,50.76,70600
LKQ,20171204,39.47,39.69,39.25,39.28,1214400
LLNW,20171204,5.01,5.08,4.67,4.71,1784600
LMAT,20171204,32.91,33.145,31.34,31.39,147300
LMB,20171204,13.38,13.64,13.22,13.22,9700
LMBS,20171204,51.84,51.84,51.78,51.8,749500
LMFA,20171204,24.5,39.5,24,26.9,1545300
LMNR,20171204,25.14,25.14,24.71,24.85,19800
LMRK,20171204,16.8,17,16.65,16.8,26300
LMRKO,20171204,24.88,24.99,24.88,24.95,10300
LMRKP,20171204,25.21,25.23,25.05,25.09,9900
LNDC,20171204,12.25,12.4,12,12.1,99500
LNTH,20171204,22.15,22.29,20.5,20.75,419300
LOAN,20171204,6,6,5.917,5.975,6800
LOB,20171204,26.2,26.25,25.45,25.8,89500
LOCO,20171204,10.45,10.95,10.45,10.7,333400
LOGI,20171204,33.91,34.03,33.12,33.13,509300
LOOP,20171204,14.9,14.9,13.6,14.5,5600
LOPE,20171204,94.38,95.01,92.12,92.25,180100
LORL,20171204,46.6,47,45.8,45.9,48100
LPCN,20171204,3.6,3.74,3.51,3.67,294300
LPLA,20171204,53.67,55.39,53.67,54.7,1269000
LPSN,20171204,11.2,11.3,10.95,11.05,425300
LPTH,20171204,2.45,2.5,2.37,2.39,260400
LPTX,20171204,7.14,7.33,6.61,6.68,130300
LQDT,20171204,5.8,5.9,5.7,5.85,58300
LRCX,20171204,189.69,189.84,179.5,180.74,5351700
LRGE,20171204,28.74,28.74,28.74,28.74,0
LSBK,20171204,16.8,16.8,16.8,16.8,500
LSCC,20171204,5.88,5.96,5.69,5.79,737700
LSTR,20171204,103.65,104.8,102.4,102.6,226000
LSXMA,20171204,42.41,42.77,42.16,42.65,468200
LSXMK,20171204,42.47,42.82,42.03,42.64,417900
LTBR,20171204,12.12,12.24,11.76,11.76,99600
LTRPA,20171204,9.35,9.8,9.3,9.45,1436900
LTRX,20171204,2.02,2.05,1.98,1.99,43200
LULU,20171204,68.35,68.49,67.16,67.22,1901900
LUNA,20171204,2.29,2.45,2.26,2.41,226400
LVHD,20171204,31.94,32.01,31.84,31.85,56400
LWAY,20171204,10.36,10.38,9.9,10.16,5000
LXRX,20171204,10.5,10.73,10.19,10.25,539200
LYL,20171204,4.6,4.6,3.7,4.4,19300
LYTS,20171204,6.72,6.95,6.62,6.65,85600
MACK,20171204,11.61,11.65,11.1,11.12,227700
MACQ,20171204,10.12,10.12,10.12,10.12,3100
MACQU,20171204,10.62,10.62,10.62,10.62,0
MACQW,20171204,0.36,0.37,0.3,0.37,17600
MANH,20171204,44.34,44.96,44.22,44.75,802800
MANT,20171204,51.77,52.35,51.36,51.37,187400
MAR,20171204,127.71,129.56,127.67,127.73,2128500
MARA,20171204,21.36,21.6,18.04,18.64,7162000
MARK,20171204,8.79,9.11,7.61,7.92,1337000
MARPS,20171204,3.76,3.84,3.72,3.83,8100
MASI,20171204,89.09,90.1,88.15,88.47,559800
MAT,20171204,17.43,17.49,16.81,16.85,8061400
MATW,20171204,56.55,57.95,56.3,57.15,96200
MAYS,20171204,38,38,38,38,0
MBB,20171204,106.32,106.44,106.27,106.43,464500
MBCN,20171204,23.225,23.225,22.45,22.45,1200
MBII,20171204,1.02,1.09,1.02,1.03,109100
MBIN,20171204,18.9,20.35,18.44,19.01,158900
MBIO,20171204,9.5,10.25,9.41,9.64,164800
MBOT,20171204,16.8,16.95,16.35,16.5,428000
MBRX,20171204,1.77,1.89,1.71,1.82,340800
MBUU,20171204,31.21,31.51,29.27,29.58,346000
MBWM,20171204,37.32,38,36.58,37.26,29200
MCBC,20171204,10.2,10.34,10.07,10.07,44900
MCEF,20171204,18.71,18.75,18.71,18.72,2900
MCFT,20171204,23.4,23.62,22.82,22.86,181800
MCHI,20171204,66.03,66.26,64.98,65.04,2125600
MCHP,20171204,87.43,87.935,85.71,86.3,2514400
MCHX,20171204,3.28,3.3,3.14,3.14,46000
MCRB,20171204,10.6,10.755,9.8,9.9,224800
MCRI,20171204,46.68,46.99,45.72,45.89,75500
MDB,20171204,28.12,28.25,27.26,27.36,170600
MDGL,20171204,50.25,52.125,47.59,47.98,99000
MDGS,20171204,6.8,6.92,6,6.4,274500
MDIV,20171204,18.99,19.08,18.98,18.99,285700
MDLZ,20171204,42.5,43.37,42.5,43.11,9146300
MDRX,20171204,14.18,14.33,14.1,14.19,1386500
MDWD,20171204,4.95,4.95,4.6,4.7,13000
MDXG,20171204,11.68,11.91,11.36,11.6,1395600
MEDP,20171204,32.53,33.82,32.46,32.965,712600
MEIP,20171204,2.25,2.3,2.14,2.15,119000
MELI,20171204,275,281.35,271.52,271.73,864900
MEOH,20171204,54.65,55.05,54,54,505500
MERC,20171204,13.85,13.9,13.45,13.55,159900
MESO,20171204,5.01,5.11,4.965,5.06,32900
METC,20171204,4.95,5.04,4.82,4.87,102500
MFIN,20171204,2.67,2.77,2.64,2.74,159100
MGEE,20171204,66.05,66.55,65.11,65.45,50200
MGI,20171204,14.17,14.32,13.97,14,175800
MGIC,20171204,8.2,8.2,7.92,8.05,18800
MGLN,20171204,90.6,95.55,90.6,95.25,447200
MGNX,20171204,19.5,20.56,19.49,19.86,345100
MGPI,20171204,75.85,76.98,75.28,75.94,139700
MGRC,20171204,47.47,47.92,46.78,47.1,41900
MGYR,20171204,13.3,13.3,13.1,13.1,800
MHLD,20171204,6.7,6.975,6.7,6.85,685600
MICT,20171204,1.06,1.1,1.03,1.06,121900
MIDD,20171204,127.75,129.4,126.4,126.41,805500
MILN,20171204,19.15,19.24,19.06,19.06,15400
MIME,20171204,30.44,30.44,27.75,27.81,687600
MIND,20171204,3.78,3.78,3.71,3.74,17900
MINDP,20171204,22.9,23.1,22.85,23.07,4200
MITK,20171204,8.95,9,8.55,8.55,330900
MKSI,20171204,94.6,94.8,88.255,89.5,845700
MKTX,20171204,197.4,199.9,196.01,197.19,225700
MLAB,20171204,134.2,136.283,127.615,127.97,16900
MLCO,20171204,26.69,26.83,25.3,25.48,3100300
MLHR,20171204,35,35.175,34.5,34.5,304000
MLVF,20171204,26.95,27.45,26.95,27.25,6700
MMLP,20171204,13.65,14,13.64,13.75,154900
MMSI,20171204,43.55,44.3,43.45,43.7,807200
MMYT,20171204,29,29,26.65,28.35,508800
MNDO,20171204,2.63,2.65,2.62,2.63,20200
MNKD,20171204,3.15,3.225,2.99,3.01,2687300
MNOV,20171204,6.94,6.94,6.71,6.73,23500
MNRO,20171204,50.9,52.75,50.7,52.15,463900
MNST,20171204,62.94,63.41,62.49,63.35,2231400
MNTX,20171204,8.56,8.81,8.52,8.68,18700
MOFG,20171204,35.71,36.65,35.5,35.85,18200
MOMO,20171204,23,25.13,22.9,24.8,12953000
MORN,20171204,92.89,94.79,92.76,93.28,58900
MOSY,20171204,23.6,24.6,23,23,247900
MOXC,20171204,13.55,13.6,13.5,13.5,12200
MPAA,20171204,25.58,25.65,24.81,24.83,135700
MPAC,20171204,9.74,9.74,9.74,9.74,700
MPACU,20171204,10.07,10.07,10.07,10.07,0
MPACW,20171204,0.38,0.38,0.38,0.38,10000
MPB,20171204,34.8,34.8,33.785,34.25,3600
MPWR,20171204,118.47,119.44,110.94,111.2,505300
MRAM,20171204,7.8,7.87,7.25,7.6,197500
MRBK,20171204,18.01,18.25,18.01,18.03,11000
MRCC,20171204,14.56,14.59,14.46,14.53,79100
MRCY,20171204,52.49,52.49,50.57,50.86,243200
MRLN,20171204,24,24.05,23.1,23.1,22300
MRNS,20171204,29.36,30.36,27.8,28.08,460900
MRSN,20171204,18.82,19.69,17.73,18.36,34500
MRTN,20171204,13.5333,13.7,13.5,13.5333,205300
MRTX,20171204,16.95,17.19,16.05,16.1,548300
MRUS,20171204,16.69,16.82,15.32,15.61,53400
MRVL,20171204,22.43,22.615,21.88,22.3,11231300
MSBI,20171204,33.18,33.75,32.38,33.52,103500
MSEX,20171204,46.07,46.07,45.05,45.11,24400
MSFT,20171204,84.42,84.43,80.7,81.08,39094800
MSON,20171204,10.6,10.845,10.25,10.25,9400
MSTR,20171204,136.16,137.63,134.68,135.23,116900
MTBC,20171204,3.02,3.05,2.88,2.96,338000
MTBCP,20171204,25.505,25.58,25.35,25.525,11900
MTCH,20171204,28.74,29.2,27.59,28.22,3004900
MTEM,20171204,8.25,8.33,7.5,7.62,97700
MTEX,20171204,14.5,14.7,14.5,14.5,26200
MTLS,20171204,14.95,15.14,14.41,14.74,58300
MTP,20171204,60.75,60.8,60.5,60.5,2300
MTRX,20171204,17.75,18.2,17.5,17.65,237300
MTSI,20171204,32.62,32.94,31.85,32.39,1279200
MU,20171204,41.95,42.29,39.07,39.9,73640400
MVIS,20171204,1.64,1.67,1.53,1.53,404200
MYGN,20171204,34,34.57,33.34,33.53,588800
MYRG,20171204,35.53,35.89,35,35.36,125600
MYSZ,20171204,0.9,1,0.87,0.89,1351800
NAII,20171204,10.35,10.4,10.25,10.35,30100
NAKD,20171204,750,820,660,820,497000
NAOV,20171204,4.56,4.67,4.36,4.5,17000
NATH,20171204,94.05,94.275,92.8,93.95,6200
NATI,20171204,44.03,44.035,42.47,42.47,489100
NATR,20171204,12.5,12.675,12.4,12.4,9400
NAVI,20171204,13.25,13.37,13.06,13.27,5168100
NBEV,20171204,2.18,2.24,2.15,2.2,196000
NBIX,20171204,74.1,75.4,71.92,71.98,746600
NBN,20171204,24.7,24.9,24.35,24.7,30200
NBRV,20171204,6.54,6.54,5.81,6.06,299900
NBTB,20171204,39.39,39.69,38.74,38.92,306000
NCBS,20171204,58.99,59.05,57.94,58.73,36500
NCMI,20171204,6.36,6.73,6.29,6.61,894800
NCNA,20171204,11.44,12.41,11.43,12.4,35700
NCSM,20171204,17.1,17.45,16.87,16.94,195000
NCTY,20171204,22.2,22.2,20.25,21,64000
NDAQ,20171204,80,80,78.69,78.93,1146500
NDLS,20171204,4.95,5.05,4.55,4.65,276400
NDRA,20171204,3.59,4.05,3.59,3.63,25600
NDRAW,20171204,1,1.18,1,1,4500
NDSN,20171204,129,131.18,127.39,127.52,172000
NEO,20171204,9.14,9.26,9.115,9.16,267100
NEOG,20171204,63.465,64.4175,62.55,62.595,120900
NEON,20171204,8.1,8.3,7.9,8.1,178300
NEPT,20171204,1.64,1.64,1.46,1.49,603100
NERV,20171204,5.65,5.9,5.55,5.6,151500
NESR,20171204,9.85,9.95,9.85,9.93,16300
NESRW,20171204,0.76,0.77,0.75,0.77,291300
NETE,20171204,4.24,4.655,4.2,4.28,98500
NEWT,20171204,17.71,17.84,17.61,17.66,205900
NEWTL,20171204,25.46,25.51,25.46,25.5,2000
NEWTZ,20171204,26.17,26.17,26.17,26.17,100
NEXT,20171204,9.52,9.75,9.26,9.52,246800
NFBK,20171204,17.96,18.12,17.76,17.86,63600
NFLX,20171204,189.36,189.72,178.38,184.04,9069700
NH,20171204,3.27,3.39,2.95,2.99,394200
NHTC,20171204,17.71,17.95,17.1,17.14,44700
NICE,20171204,88.33,88.35,87.45,88,469400
NICK,20171204,7.95,7.95,7.81,7.88,13000
NKSH,20171204,46.65,47.41,45.7,45.75,4300
NKTR,20171204,53.79,54.73,50.67,50.73,2679200
NMIH,20171204,17.45,17.95,17.45,17.7,1361600
NNBR,20171204,27.6,28.6,27.6,28,116100
NNDM,20171204,37.6,37.6,35.4,35.7,54700
NODK,20171204,17.48,17.66,17.19,17.45,4000
NOVN,20171204,4.88,4.99,4.79,4.82,30900
NOVT,20171204,47.2,47.4,43.85,44.35,349300
NRIM,20171204,37.45,38.15,37.25,37.9,20100
NSEC,20171204,15,15,14.25,14.25,2800
NSIT,20171204,39.8,39.89,39.43,39.49,257200
NSSC,20171204,10.1,10.1,9.95,10,7200
NSTG,20171204,7.64,7.82,7.5,7.51,115700
NSYS,20171204,4,4.06,3.95,3.95,7400
NTAP,20171204,56.72,58.11,55.92,55.93,4292100
NTCT,20171204,31.45,31.8,31.05,31.1,1558800
NTES,20171204,65.202,67.176,64.742,65.782,1343000
NTGR,20171204,51.3,51.9,51,51.1,210200
NTIC,20171204,9.925,10.05,9.8,10.0275,7500
NTLA,20171204,23.4,24,21.25,21.59,749500
NTNX,20171204,36.02,36.94,33.86,34.04,8362900
NTRA,20171204,9.74,10.15,9.5,9.57,131000
NTRS,20171204,98.71,99.66,98.09,98.95,1011400
NTWK,20171204,4.4,4.45,4.3,4.45,6100
NUAN,20171204,15.87,16.025,15.27,15.29,4158000
NURO,20171204,1.71,1.92,1.66,1.66,275600
NUVA,20171204,59.58,61.49,59.58,60.09,1167800
NVAX,20171204,29.2,30.2,28.4,28.6,5026200
NVCN,20171204,785,800,718,731,365300
NVCR,20171204,20.7,20.75,18.125,18.25,1107000
NVDA,20171204,50.0125,50.075,46.125,46.665,31021100
NVEC,20171204,83.82,85.21,77.4,78.08,41300
NVEE,20171204,55.65,56.5,54.75,55,51200
NVFY,20171204,9.85,9.95,9.5,9.55,238500
NVIV,20171204,900,900,787.5,825,500200
NVMI,20171204,27.56,27.576,25.795,26.09,408800
NWBI,20171204,17.17,17.4,17.07,17.18,471400
NWFL,20171204,30.28,31.09,29.65,29.7,31000
NWLI,20171204,346.14,353.3,346.14,349.27,11500
NWPX,20171204,18.16,18.265,17.5,17.5,13800
NWS,20171204,16.45,17.05,16.35,16.75,1106500
NWSA,20171204,16.26,16.87,16.2,16.54,3560200
NXPI,20171204,115,115.05,113.75,113.87,2772500
NXST,20171204,68.8,71.25,68.175,70.75,1227000
NXTD,20171204,1.3,1.34,1.27,1.32,147300
NYMT,20171204,6.43,6.46,6.4,6.42,603000
NYMTN,20171204,24.14,24.455,24.14,24.42,54700
NYMTP,20171204,24.82,24.84,24.61,24.7,3900
NYMX,20171204,3.8,3.82,3.72,3.73,69600
OBAS,20171204,8.45,8.45,8.45,8.45,0
OBCI,20171204,4.3,4.37,4.17,4.18,7700
OBSV,20171204,10.37,10.41,10.11,10.12,27500
OCC,20171204,2.6,2.6,2.45,2.45,13700
OCFC,20171204,28.14,29.1,27.99,28.66,327600
OCSL,20171204,4.9,4.9,4.82,4.85,1477600
OCUL,20171204,4.08,4.14,3.96,4.05,218000
ODFL,20171204,125.8,130.71,125.8,127.74,779200
ODP,20171204,32.8,34.4,32.3,33.7,6112600
OESX,20171204,0.94,0.94,0.9,0.92,109300
OFED,20171204,29.85,29.85,29.85,29.85,200
OFIX,20171204,54.38,54.71,52.76,52.81,81900
OFLX,20171204,64.22,64.5,63.22,63.8,13400
OFS,20171204,12.31,12.38,12.1,12.32,67000
OIIM,20171204,1.82,1.82,1.7,1.8,19300
OKTA,20171204,29,29.43,28.05,28.31,473300
OLD,20171204,24.8,24.8,24.78,24.78,300
OLED,20171204,180.45,181.5,166.1,167.55,1543600
OLLI,20171204,48,49.75,47.7,49.6,1117600
OMAB,20171204,40.26,41.56,40.22,41.39,157800
OMCL,20171204,52.85,53.95,52.05,52.15,265500
OMER,20171204,20.87,21.44,20.59,20.98,583100
OMEX,20171204,3.82,3.95,3.77,3.84,21000
ON,20171204,20.1,20.18,18.75,18.98,9796600
ONB,20171204,18.55,18.85,18.35,18.55,1607800
ONCS,20171204,20.8,20.8,19,19.7,1020200
ONEQ,20171204,272.5,272.5,266.64,266.94,51600
ONTX,20171204,23.25,25.65,22.35,22.95,239500
ONVO,20171204,1.65,1.7,1.54,1.55,1884200
OPGN,20171204,125,125,115,125,871400
OPHC,20171204,5.98,6.25,5.95,6.13,56600
OPK,20171204,5.23,5.325,5.12,5.14,3368900
OPNT,20171204,30.85,33.1,30.85,31.36,31300
OPOF,20171204,28.07,29.25,28.07,28.96,5900
OPTN,20171204,18.77,19.79,18.69,18.98,98000
ORLY,20171204,236.02,252.53,235.59,250.39,1990900
ORMP,20171204,9.08,9.18,8.7,8.71,72200
ORRF,20171204,25.6,25.825,25,25.15,15900
OSBC,20171204,13.6,13.9,13.27,13.45,53300
OSIS,20171204,85.26,87.19,83.8,83.8,139800
OSTK,20171204,44.2,47.65,43.75,46.1,4309300
OSUR,20171204,17.24,17.33,16.62,16.68,733500
OTEX,20171204,32.55,32.68,32.06,32.27,616600
OTIC,20171204,5.3,5.45,5.1,5.1,627400
OTTR,20171204,48.25,48.65,47.45,47.65,45500
OVBC,20171204,40.25,40.25,38.8,39.2,1900
OVID,20171204,11.44,11.61,10.58,10.885,72300
OVLY,20171204,18.5,18.53,18.5,18.5,2500
OXBR,20171204,2.5,2.55,2.2,2.2,77600
OXBRW,20171204,0.3,0.3,0.25,0.3,3000
OXLC,20171204,10.1,10.18,10.07,10.09,117700
OXLCM,20171204,25.375,25.375,25.27,25.27,5800
OXLCO,20171204,25.27,25.36,25.27,25.3,9700
PAAS,20171204,14.81,14.975,14.73,14.82,792400
PACB,20171204,3.07,3.17,2.96,2.99,760300
PACW,20171204,48.59,49.39,48.45,48.58,1341500
PAHC,20171204,33.95,34.35,32.7,32.75,130700
PANL,20171204,4.15,4.4,3.8,3.96,115500
PATI,20171204,17.43,17.84,17.43,17.7,2400
PATK,20171204,67.4,68.6333,65.1,65.3333,110300
PAVM,20171204,3.24,3.25,2.94,2.94,17100
PAVMW,20171204,0.77,0.77,0.77,0.77,100
PAYX,20171204,67.6,68.56,67.38,67.61,2604400
PBCT,20171204,19.07,19.4,19.04,19.25,4720000
PBCTP,20171204,26.92,27.29,26.92,27.23,16700
PBHC,20171204,15.2,15.28,15.2,15.28,500
PBIP,20171204,18.76,18.9,18.38,18.64,9400
PBPB,20171204,12.7,13.4,12.7,13.3,217800
PBYI,20171204,107.25,108.5,97.7,98.25,822200
PCAR,20171204,69.98,71.77,69.95,70.27,3671500
PCH,20171204,51.9,52.15,50.5,50.75,511900
PCOM,20171204,11.66,11.83,11.19,11.27,66200
PCRX,20171204,45.8,46.3,43.35,43.95,784900
PCSB,20171204,20.15,20.19,19.91,20.07,49400
PCTI,20171204,7.59,7.59,7.25,7.33,10900
PCTY,20171204,45.99,46.61,44.73,44.76,539600
PCYG,20171204,11.2,11.2,10.95,10.95,49400
PCYO,20171204,6.75,6.8,6.65,6.65,36800
PDBC,20171204,17.7,17.7,17.55,17.58,1031300
PDCE,20171204,45.75,46.2,43.57,43.74,1063300
PDCO,20171204,35.46,37.47,35.45,37.3,2551800
PDEX,20171204,7,7.2,6.755,6.85,14100
PDFS,20171204,16.98,17,16.22,16.25,329600
PDLB,20171204,16.61,16.86,15.8,16.35,79100
PDP,20171204,52.03,52.19,50.975,50.975,81500
PEBK,20171204,31.5,31.99,31.04,31.19,3900
PEBO,20171204,34.15,34.32,33.8,33.9,55900
PEGA,20171204,50.3,51.3,49.1,49.25,347600
PENN,20171204,29.45,29.84,28.69,28.82,1028000
PERI,20171204,3.12,3.15,3.06,3.06,93800
PESI,20171204,3.95,4,3.83,3.95,17100
PETQ,20171204,20.47,21.75,20.47,21.63,228200
PETS,20171204,39.34,41.34,38.26,40.92,665900
PETZ,20171204,6.5,7.55,6.43,7.44,681000
PEY,20171204,17.9,18.07,17.82,17.99,101200
PEZ,20171204,50.16,50.16,49.23,49.29,330700
PFBC,20171204,64.23,66.14,64.23,65.95,183400
PFF,20171204,38.47,38.53,38.4,38.43,3133800
PFI,20171204,35.13,35.25,34.98,34.98,5700
PFIE,20171204,1.82,1.83,1.77,1.83,35300
PFIN,20171204,7.55,7.56,7.4,7.43,10100
PFIS,20171204,49.66,49.66,49.07,49.07,8000
PFLT,20171204,13.95,14.04,13.77,13.83,337200
PFM,20171204,26.19,26.36,26.17,26.17,43700
PFMT,20171204,1.82,1.82,1.8,1.82,21300
PFSW,20171204,7.55,7.55,7.27,7.31,31700
PGC,20171204,35.22,35.89,35.02,35.06,57300
PGJ,20171204,43.05,43.27,42,42.32,34300
PHO,20171204,30.39,30.55,30.25,30.25,24300
PI,20171204,25,25,22.8,22.95,951500
PID,20171204,16.13,16.13,16.02,16.02,186300
PIE,20171204,20.28,20.28,20.1,20.11,88000
PINC,20171204,28.87,29.57,28.68,29.17,864200
PIO,20171204,25.9,26.09,25.85,26.09,15500
PIRS,20171204,6.12,6.28,5.98,6.14,410100
PIXY,20171204,99.2,104.4,92,92,53600
PIZ,20171204,27.61,27.61,27.32,27.33,22700
PKBK,20171204,19.3636,19.5,19.2273,19.2273,5900
PKOH,20171204,45.05,46.15,43.2,43.95,34100
PKW,20171204,57.97,58.34,57.9,57.92,65700
PLAB,20171204,9.6,9.6,9.15,9.2,518200
PLAY,20171204,53.62,54.85,53.25,54.05,1536200
PLBC,20171204,22.2,22.5,21.95,22.25,4600
PLCE,20171204,135.15,138.1,134.45,136.35,500800
PLPC,20171204,80.88,81.28,79.82,80.32,9000
PLSE,20171204,23.02,23.02,21.17,22.02,145100
PLUG,20171204,2.58,2.59,2.36,2.36,4708300
PLUS,20171204,79.2,79.6,78.75,79,96000
PLW,20171204,32.64,32.785,32.64,32.76,79600
PLXP,20171204,6.5,6.65,6.5,6.65,8300
PLXS,20171204,62.5,62.5,61.29,61.49,122800
PLYA,20171204,10.86,11,10.77,10.88,261200
PMBC,20171204,9.75,9.85,9.7,9.8,22200
PMD,20171204,19,19.97,18.99,19.95,21200
PME,20171204,2.95,3.02,2.81,2.83,112600
PMTS,20171204,4.3,4.45,4,4.1,222600
PNBK,20171204,17.87,17.89,17.87,17.89,700
PNFP,20171204,69.35,69.95,68.85,69,469500
PNNT,20171204,7.22,7.3,7.05,7.17,694900
PNQI,20171204,114.08,114.08,110.85,111.16,72000
PNRG,20171204,50.95,50.95,50.95,50.95,0
PODD,20171204,71.2,71.34,69.14,69.65,693800
POLA,20171204,4.98,4.98,4.76,4.84,28700
POOL,20171204,127.63,130.92,127.01,129.89,443400
POWI,20171204,39.225,39.665,37.575,37.65,88000
POWL,20171204,28.88,29.2,28.5,29.06,44700
PPBI,20171204,40.7,41.6,39.925,40.05,585300
PPC,20171204,37.67,38.39,37.28,37.55,1852900
PPH,20171204,57.57,58,57.22,57.22,33400
PPIH,20171204,9.2,9.3,9.1,9.3,10800
PPSI,20171204,7.6,7.6,7.55,7.6,3600
PRAA,20171204,35.1,35.4,34.7,35.3,575600
PRFT,20171204,19.35,19.67,19.26,19.26,149900
PRFZ,20171204,131.67,132.62,129.82,129.9,33200
PRGS,20171204,41.78,42.09,40.61,40.62,619000
PRIM,20171204,28.19,28.96,28.07,28.39,395500
PRN,20171204,61.36,61.36,60.35,60.36,4600
PROV,20171204,19.32,19.49,19.185,19.4,8200
PRPH,20171204,2.25,2.27,2.25,2.25,51500
PRPO,20171204,19.35,20.25,18,18.3,32700
PRQR,20171204,3.15,3.2,3.15,3.15,9200
PRTA,20171204,47.3,47.84,44.16,44.43,216600
PRTK,20171204,18.9,19.05,18,18.55,380200
PRTS,20171204,2.21,2.25,2.05,2.07,142000
PSC,20171204,31.05,31.05,31,31,300
PSCC,20171204,76.5,76.62,75.96,75.96,2000
PSCD,20171204,60.08,60.41,60.08,60.22,1900
PSCE,20171204,15.09,15.27,14.8,14.82,51900
PSCF,20171204,56.52,56.99,56.2,56.2,7000
PSCH,20171204,99.27,99.27,96.11,96.26,31900
PSCI,20171204,67.63,67.63,64.55,64.625,25200
PSCM,20171204,52.235,52.306,52.235,52.306,600
PSCT,20171204,77.88,78.3,76.05,76.05,32900
PSCU,20171204,57.29,57.39,56.85,57.02,5200
PSEC,20171204,6.8,6.86,6.71,6.73,3002100
PSET,20171204,32,32,32,32,200
PSL,20171204,64.71,64.93,64.517,64.545,3900
PSMT,20171204,85.05,87,84.25,86.2,132100
PSTI,20171204,15.1,15.3,14.6,14.7,197100
PTC,20171204,63.3,63.3,60.94,61.61,1271400
PTCT,20171204,15.95,16.525,15.71,15.77,512300
PTEN,20171204,21.91,22.5,21.71,21.84,4690800
PTF,20171204,53.51,53.51,51.18,51.18,19200
PTGX,20171204,19.06,19.485,17.6,17.67,71700
PTH,20171204,71.62,71.8,67.91,67.98,233300
PTNR,20171204,5.91,5.99,5.91,5.95,2800
PTSI,20171204,37.83,37.83,35.91,36.16,34100
PUI,20171204,29.91,29.91,29.52,29.55,17200
PULM,20171204,16.5,17.2,16.4,16.5,235600
PVAC,20171204,34.46,35.29,33.91,34.29,226900
PVBC,20171204,12.225,12.5,12.225,12.325,1600
PWOD,20171204,33.3333,33.3333,32.9133,33.1933,6900
PXI,20171204,37.98,38.345,37.604,37.71,15500
PXLW,20171204,5.78,5.8,5.28,5.35,423700
PXS,20171204,5.52,12.22,4.81,6.68,13375800
PYPL,20171204,75.59,75.74,68.61,70.97,26283600
PYZ,20171204,68.21,68.21,67.46,67.46,2100
PZZA,20171204,60.51,61.1,59.85,60.32,1103200
QABA,20171204,55.09,55.42,54.51,54.58,39300
QADA,20171204,36.95,36.95,35.45,35.5,25700
QADB,20171204,27,27,27,27,100
QAT,20171204,14.22,14.48,14.05,14.25,37900
QCLN,20171204,20.49,20.49,19.61,19.61,21600
QCOM,20171204,65.6,65.7,63.8,64.56,17325100
QCRH,20171204,45.5,46.45,45.05,45.2,63200
QDEL,20171204,39.51,40.6,38.89,40.36,496900
QIWI,20171204,14.27,14.4,13.81,14.1,595200
QLYS,20171204,59.1,59.75,56.15,56.45,297300
QNST,20171204,9.98,10.42,9.09,9.4,402300
QQEW,20171204,57.62,57.74,57.02,57.02,37100
QQQ,20171204,155.47,155.625,152.56,152.71,51319100
QQQX,20171204,24.67,24.72,24.12,24.19,124800
QQXT,20171204,48.215,48.215,47.86,47.86,4900
QRHC,20171204,1.99,2.13,1.99,2.07,59400
QRVO,20171204,74.76,75.31,71.85,72.4,2211700
QTEC,20171204,72.37,72.5,70.53,70.75,469300
QTNT,20171204,4.82,4.87,4.61,4.7,131400
QUIK,20171204,22.96,22.96,21.56,22.12,128300
QUMU,20171204,2.44,2.44,2.36,2.42,13800
QURE,20171204,15.46,15.76,15.04,15.25,285000
QYLD,20171204,24.52,24.52,24.2,24.2,43000
RADA,20171204,3.13,3.2,3.12,3.16,162100
RAIL,20171204,16.84,17.45,16.62,16.84,75600
RAND,20171204,26.19,26.19,26.064,26.145,1100
RARE,20171204,53,54.355,51.14,51.76,979500
RAVE,20171204,1.7,1.71,1.6,1.62,73600
RAVN,20171204,37.6,38,36.7,36.75,87200
RBB,20171204,25.4,26,25.4,25.97,45500
RBBN,20171204,7.77,7.95,7.5,7.5,294400
RBCAA,20171204,42.37,42.6,41.41,41.61,31100
RBCN,20171204,8.31,8.47,8.3,8.31,8900
RCII,20171204,11.68,12.07,11.58,11.68,1137100
RCKY,20171204,17.8,18.13,17.8,18,29400
RCM,20171204,4.05,4.12,3.95,3.97,215800
RCMT,20171204,6.9,6.9,6.86,6.89,8700
RCON,20171204,6.45,6.6,6.05,6.05,204500
RDCM,20171204,20.05,20.75,19.65,20.7,129000
RDFN,20171204,23.88,24.78,23.67,24.69,783100
RDHL,20171204,5.01,5.17,4.95,5.03,257000
RDI,20171204,16.25,16.55,16.05,16.05,107000
RDIB,20171204,23.15,23.15,23.15,23.15,0
RDNT,20171204,10.15,10.49,9.9,9.9,184100
RDUS,20171204,28.25,28.83,28,28.23,1444200
RDVY,20171204,29.69,29.85,29.66,29.68,58500
RDWR,20171204,20.78,20.78,20.18,20.46,272500
REDU,20171204,10.09,10.125,9.99,10.07,223200
REFR,20171204,1.05,1.05,0.945,0.97,157000
REGI,20171204,11.45,11.55,11.125,11.15,563300
REGN,20171204,375.5,382.52,372.06,378.37,1075000
RELL,20171204,6.61,6.61,6.36,6.43,30000
REPH,20171204,9.99,10.59,9.91,10.1,349000
RESN,20171204,7.5,8.06,7.12,7.17,436700
RETA,20171204,25.64,25.67,24.18,24.32,163100
RETO,20171204,8.52,11.7,7.55,11.24,492400
RFDI,20171204,63.71,63.71,63.23,63.23,103700
RFEM,20171204,68.93,69.05,68.68,68.79,6100
RFEU,20171204,64.81,64.81,64.25,64.25,6200
RFIL,20171204,2.35,2.35,2.25,2.31,8100
RGCO,20171204,27.05,27.05,26.5,26.64,7300
RGEN,20171204,35.95,35.97,34.3,34.34,412500
RGLD,20171204,82.57,83.39,81.95,82.08,351300
RGLS,20171204,11.04,11.16,10.68,10.68,330400
RGNX,20171204,28.9,30,27.65,27.8,484900
RIBT,20171204,1.34,1.39,1.31,1.33,101100
RICK,20171204,32.96,33.27,31.16,31.27,78400
RIGL,20171204,4.12,4.21,3.93,3.95,990100
RILY,20171204,18.1,18.7,17.45,18.5,155800
RILYL,20171204,26.1,26.19,25.99,25.99,4800
RILYZ,20171204,25.8,25.93,25.57,25.69,18000
RING,20171204,17.91,17.91,17.77,17.78,188800
RIOT,20171204,16.5,16.72,14.95,15.07,5423000
RKDA,20171204,4.62,4.76,4.5,4.52,98600
RMBL,20171204,110,110.5,96.52,108.8,46600
RMBS,20171204,14.9,14.96,14.73,14.73,1182500
RMCF,20171204,11.64,11.89,11.64,11.87,8900
RMNI,20171204,7.49,7.49,7,7.24,36300
RMR,20171204,59.75,59.9,58.95,58.95,23200
RMTI,20171204,6.1,6.15,5.59,5.62,447000
RNDB,20171204,15.19,15.67,15.12,15.12,7900
RNDM,20171204,51.735,51.735,51.612,51.68,3900
RNDV,20171204,21.6,21.6,21.48,21.49,12900
RNEM,20171204,53.05,53.1,53.01,53.01,700
RNLC,20171204,21.63,21.64,21.5,21.5,32700
RNMC,20171204,21.79,21.79,21.62,21.64,6900
RNSC,20171204,21.78,21.78,21.72,21.74,4400
RNST,20171204,43.4,44.11,41.82,43.03,212800
RNWK,20171204,4.1,4.1,3.99,3.99,24400
ROCK,20171204,33.25,33.25,31.2,31.95,465200
ROIC,20171204,19.54,19.89,19.54,19.84,866000
ROKU,20171204,44.5,45.3,41.32,41.73,5744100
ROLL,20171204,133.4,134.61,130.07,131.12,81900
ROST,20171204,76.42,78.81,76.24,78.01,4498200
RPD,20171204,19.1,19.185,18.27,18.29,229300
RPRX,20171204,0.41,0.48,0.4,0.43,740800
RRGB,20171204,49.3,50.775,49.2,50.55,461600
RRR,20171204,31.35,31.91,31.32,31.73,610600
RSLS,20171204,2856,3192,2856,2940,480300
RUN,20171204,5.49,5.74,5.48,5.49,1054700
RUSHA,20171204,32.7733,34.1267,32.6467,33.64,266100
RUSHB,20171204,31,32.2333,31,31.9267,13700
RUTH,20171204,21.65,21.9,21.5,21.7,167300
RVNC,20171204,28,28.25,25.9,26,257300
RVSB,20171204,9.44,9.54,9.36,9.45,40100
RWLK,20171204,28.75,28.75,27.5,27.5,543000
RXDX,20171204,16.95,17.2,15.8,15.85,936700
RYAAY,20171204,122.11,122.25,120.66,120.89,296200
RYTM,20171204,30.7,30.989,28.805,29.99,240400
SABR,20171204,19.75,19.99,19.65,19.82,1375100
SAFM,20171204,173.39,176.43,172.34,172.81,517100
SAFT,20171204,83.1,83.1,81.55,81.6,130400
SAGE,20171204,94,95.84,92.33,92.66,521900
SAIA,20171204,66.4,68.7,65,67.75,169800
SAL,20171204,44,44,44,44,0
SALM,20171204,4.65,4.9,4.05,4.5,299500
SAMG,20171204,15.55,15.65,15.45,15.5,12300
SANM,20171204,33.2,33.7,32.3,32.35,918100
SANW,20171204,3.33,3.5,3.3,3.45,81700
SASR,20171204,39.89,40.79,39.345,40.24,210100
SATS,20171204,50.0338,50.1313,48.3031,48.3763,169200
SBAC,20171204,169.15,169.205,162.12,162.2,914900
SBCF,20171204,26.6,27,26.36,26.46,188500
SBFG,20171204,17.61,18.46,17.51,17.66,14200
SBGI,20171204,34.15,34.825,33.9,34.6,1696200
SBLK,20171204,10.99,11.14,10.43,10.79,516100
SBNY,20171204,139.25,140.68,138.135,138.5,629000
SBRA,20171204,19.45,19.54,19.245,19.32,1709200
SBSI,20171204,36.78,37.06,36.2,36.28,87000
SBT,20171204,12.7,13.005,12.46,12.72,189900
SBUX,20171204,57.54,59.19,57.5,58.76,13302000
SCHL,20171204,41.64,42.16,41.35,41.8,109100
SCHN,20171204,28.95,29.55,28.89,29.4,223700
SCKT,20171204,3.47,3.52,3.39,3.39,14400
SCPH,20171204,17.09,18.17,17.01,17.31,54900
SCSC,20171204,36.4,36.7,35.65,35.75,76000
SCVL,20171204,25.75,26.84,25.1,25.24,423600
SCWX,20171204,10,10,9.43,9.52,132700
SCYX,20171204,21.2,22.7,21.2,21.7,737700
SCZ,20171204,63.48,63.5,63.1,63.15,530400
SDVY,20171204,20.61,20.61,20.61,20.61,0
SEAC,20171204,2.73,2.76,2.69,2.74,159600
SECO,20171204,8.24,8.55,8.225,8.44,180200
SEDG,20171204,35.4,35.45,33.175,33.55,1281900
SEED,20171204,10.6,12.1,7.7,8.55,733300
SEIC,20171204,70.85,71.13,69.75,70.18,590200
SELB,20171204,10.29,10.37,9.81,10.09,296700
SELF,20171204,4.8,4.8,4.75,4.77,4000
SENEA,20171204,33.25,34,33,33.55,9300
SENEB,20171204,35.1,35.1,35.1,35.1,0
SFBC,20171204,34.53,34.53,34.53,34.53,0
SFIX,20171204,22.75,24.75,21.18,24.04,1865200
SFM,20171204,23.75,24.28,23.65,24.02,3542600
SFNC,20171204,28.675,29.475,28.4,28.85,572200
SFST,20171204,43.15,43.15,42.65,42.8,8600
SGBX,20171204,100.8,104,100,103.6,6300
SGC,20171204,25.75,25.75,25.48,25.71,6400
SGEN,20171204,59.55,60.86,57.72,57.88,544900
SGH,20171204,31.36,31.73,29.71,29.81,880700
SGLB,20171204,17.4,17.8,16.5,17,43000
SGLBW,20171204,0.35,0.35,0.35,0.35,0
SGMA,20171204,9.9,10.08,9.74,9.81,19300
SGMO,20171204,16.85,18.4,16.4,16.65,3200300
SGMS,20171204,53.95,54.95,51.3,52.85,759300
SGOC,20171204,1.06,1.09,1.01,1.04,29100
SGRP,20171204,1.14,1.27,1.1,1.14,119100
SGRY,20171204,9.55,10,9,9.1,379100
SHBI,20171204,17.6,17.93,17.49,17.5,51000
SHEN,20171204,38.45,38.6,37.85,37.85,88000
SHIP,20171204,242.4,254.4,242.4,244.8,646000
SHIPW,20171204,0.24,0.24,0.24,0.24,0
SHOO,20171204,28.8667,29.4,28.8667,29.1,675300
SHV,20171204,110.23,110.25,110.22,110.24,1412300
SHY,20171204,83.97,83.97,83.91,83.93,2441100
SIEB,20171204,4.29,4.29,4.14,4.2,3700
SIEN,20171204,13.89,14.245,13.355,13.42,94600
SIFY,20171204,1.54,1.68,1.5,1.5,265000
SIGI,20171204,61.7,62.25,59.07,60.9,104000
SILC,20171204,72.69,73.145,69.8,70.54,41400
SIMO,20171204,51.82,52.32,50.74,51.99,503700
SINO,20171204,13.95,13.95,13.4,13.45,84900
SIRI,20171204,5.54,5.67,5.53,5.61,20409500
SIVB,20171204,232,236.18,230.82,231.27,446300
SKOR,20171204,50.85,50.95,50.75,50.95,4300
SKYW,20171204,51.65,52.95,51.1,51.3,208000
SKYY,20171204,45.71,45.71,44.47,44.52,118200
SLAB,20171204,91.3,91.65,86.9,87.2,354800
SLCT,20171204,12.02,12.29,12.02,12.28,10500
SLGN,20171204,28.99,29.3,28.91,28.96,416200
SLM,20171204,11.71,11.89,11.55,11.8,6637600
SLMBP,20171204,68.14,70.22,68.14,69.5,4600
SLNO,20171204,1.39,1.5,1.39,1.43,5000
SLP,20171204,15.75,15.85,15.675,15.7,35900
SLQD,20171204,50.24,50.25,50.22,50.23,34900
SLRC,20171204,21.44,21.48,21.13,21.25,217300
SLVO,20171204,7.73,7.73,7.66,7.69,45400
SMBC,20171204,39.7,40.8,39.39,39.44,6700
SMBK,20171204,22,22.155,21.88,22.07,19600
SMCI,20171204,22.1,22.35,21.9,22.05,369800
SMCP,20171204,25.435,25.587,25.315,25.315,1200
SMED,20171204,4.17,4.17,4.11,4.11,24700
SMIT,20171204,2.3,2.44,2.3,2.375,16200
SMMF,20171204,27,27.6,26.99,27.22,43600
SMMT,20171204,11.7,12.1,11.39,12.02,9100
SMPL,20171204,13.6,13.72,13.24,13.41,275300
SMSI,20171204,2.23,2.29,2.08,2.12,27900
SMTC,20171204,34.6,34.78,33.4,33.8,891400
SNBR,20171204,35.95,37.94,35.78,37.19,1042400
SNCR,20171204,10.26,10.28,9.85,9.99,519400
SND,20171204,8.34,8.79,8.26,8.5,557900
SNDX,20171204,8.42,8.69,8.2,8.24,192400
SNES,20171204,17,17,15.2,15.4,352300
SNFCA,20171204,4.8,5.5,4.7,5.25,47900
SNGX,20171204,2.1,2.1,2.04,2.04,15600
SNLN,20171204,18.24,18.25,18.22,18.23,99000
SNOA,20171204,44.64,45.81,42.84,43.65,9700
SNPS,20171204,90.62,91.445,87.71,87.72,1383900
SNSR,20171204,20.12,20.15,19.7,19.71,107200
SOCL,20171204,32.53,32.61,31.91,32.01,257000
SOHO,20171204,6.8,6.86,6.71,6.72,90800
SOHOB,20171204,25.75,25.9,25.75,25.84,2800
SOHOO,20171204,25.478,25.495,25.46,25.495,500
SOHU,20171204,46.61,46.99,44.52,44.85,563900
SOXX,20171204,172.72,172.93,165.55,166.59,1628800
SP,20171204,39.35,39.85,39.25,39.4,65500
SPCB,20171204,4.35,4.35,4.01,4.03,137100
SPI,20171204,0.96,0.97,0.85,0.88,550600
SPLK,20171204,80.56,81.02,76.89,77.68,2694600
SPNE,20171204,9.97,10.12,9.82,10.05,24700
SPNS,20171204,12.11,12.11,11.775,11.84,42400
SPOK,20171204,17.7,17.8,17.1,17.15,88800
SPPI,20171204,19.43,19.83,18.57,18.63,678200
SPRO,20171204,12.18,12.9,12.01,12.28,21800
SPSC,20171204,50.06,50.2,48.48,48.52,86000
SPTN,20171204,25.6,27.31,25.4,26.99,510300
SPWH,20171204,5.25,5.49,5.25,5.42,882800
SPWR,20171204,7.92,7.93,7.065,7.085,7171800
SQLV,20171204,27.29,27.46,27.17,27.18,1800
SQQQ,20171204,436,461,434.6,460,10230200
SRAX,20171204,6.1,6.13,5.41,5.58,1414000
SRCE,20171204,52.23,52.84,51.64,52.29,76100
SRCL,20171204,67.33,68.04,66.8,67.36,1281800
SRDX,20171204,33.4,33.5,32.25,32.35,20800
SRET,20171204,15.58,15.58,15.51,15.515,31200
SREV,20171204,2.9,2.94,2.83,2.89,227200
SRNE,20171204,2.3,2.4,2.3,2.35,775200
SRPT,20171204,56.05,56.605,54.03,54.29,1227500
SRRA,20171204,128,136.4,112.4,120,1427200
SRTS,20171204,5.11,5.14,5.1,5.14,900
SSB,20171204,92.05,93.25,90.4,90.65,217400
SSBI,20171204,12.6,12.8,12.6,12.8,1100
SSKN,20171204,1.33,1.35,1.26,1.26,88200
SSNC,20171204,41.1,41.18,40.195,40.48,817100
SSNT,20171204,4.1,4.1,4.07,4.09,500
SSRM,20171204,8.32,8.4,8.23,8.25,622000
SSTI,20171204,13.2,14.34,13.15,13.54,207700
SSYS,20171204,21.75,22.18,20.7,20.76,809000
STAA,20171204,17.3,17.3,16.6,16.65,110600
STAF,20171204,3.5,3.5,3.4,3.4,16200
STBA,20171204,41.92,42.3,41.22,41.55,78000
STFC,20171204,28.19,28.43,27.55,28.43,28100
STKL,20171204,8.05,8.075,7.8,7.85,198700
STKS,20171204,2.37,2.64,2.37,2.47,26500
STLD,20171204,38.62,40.41,38.62,39.79,5236800
STRA,20171204,99.14,99.14,94.69,95.04,196700
STRL,20171204,17.09,17.38,16.94,17.16,218700
STRM,20171204,1.32,1.34,1.23,1.3,44600
STRS,20171204,31.5,31.8,30.75,30.75,2900
STRT,20171204,45,46.37,44.34,45.35,24200
STX,20171204,39.76,40.02,38.78,39.2,4592500
SUMR,20171204,12.6,13.5,12.51,12.87,35200
SUNS,20171204,17.84,17.98,17.84,17.95,57500
SUNW,20171204,7,7.07,6.44,6.44,131200
SUPN,20171204,38.85,39.35,37.05,37.15,465400
SUSB,20171204,24.93,24.93,24.9,24.9,4000
SUSC,20171204,25.265,25.265,25.265,25.265,100
SVBI,20171204,7.125,7.125,7.05,7.1,6400
SVRA,20171204,13.56,14,13,13.05,132800
SVVC,20171204,8.54,8.58,8.45,8.49,24600
SWIR,20171204,22.2,22.5,21.55,21.55,254000
SWKS,20171204,102.95,102.99,98.23,98.26,3761100
SYBT,20171204,39.65,40.35,38.9,39.6,35000
SYBX,20171204,12,12.77,10.5,10.88,45000
SYNA,20171204,39.23,39.4,38.2,38.54,1102200
SYNL,20171204,12.814,13.195,12.6,12.8,5700
SYPR,20171204,1.54,1.58,1.48,1.54,65500
SYRS,20171204,15.4,15.6,14.46,14.6,276500
TA,20171204,4.5,4.7,4.5,4.6,274700
TACO,20171204,12.24,12.44,12.22,12.26,383100
TACT,20171204,13.05,13.15,12.575,12.65,46500
TAIT,20171204,1.74,1.74,1.66,1.71,7900
TANH,20171204,2.88,2.88,2.65,2.69,1048500
TANNI,20171204,25.08,25.08,24.9,25.04,9600
TANNL,20171204,24.28,24.5,24.28,24.4,13900
TANNZ,20171204,24.3,24.78,24.3,24.5,10500
TAST,20171204,13.15,13.35,13.15,13.25,193500
TATT,20171204,10.8,10.85,10.65,10.7,5500
TAYD,20171204,12.25,12.25,12.25,12.25,200
TBBK,20171204,9.78,9.94,9.58,9.66,302200
TBK,20171204,33.55,34.7,33.55,34.35,163200
TBNK,20171204,32.31,32.49,31.9,31.96,13400
TBPH,20171204,28.63,28.69,26.73,26.85,274100
TCBI,20171204,93.2,95.2,90.15,90.25,708500
TCBK,20171204,42.79,43.305,42.48,42.66,52000
TCFC,20171204,36.33,37,36.33,36.49,3100
TCMD,20171204,29.34,29.42,27.7,28.01,253600
TCON,20171204,30,32,29.5,30.5,169300
TCPC,20171204,15.87,15.9,15.76,15.78,193300
TCX,20171204,63.8,64.65,62.725,63,145400
TDIV,20171204,35.11,35.195,34.66,34.66,99200
TEAM,20171204,47.53,48,44.27,44.28,1709300
TECH,20171204,134,134,129.65,129.81,214500
TEDU,20171204,13.45,13.5,13.14,13.27,121500
TELL,20171204,13.55,13.6,12.03,12.21,1023100
TENX,20171204,8,8,7.6,7.8,126100
TESS,20171204,17.2,17.35,17.2,17.35,5500
TFSL,20171204,15.46,15.86,15.33,15.42,159700
TGA,20171204,1.46,1.47,1.42,1.445,101100
TGLS,20171204,7,7.28,6.94,7.2,33700
TGTX,20171204,8.5,8.6,8.1,8.15,884600
THFF,20171204,49.1,49.75,48.3,48.55,14300
THRM,20171204,35.9,36.15,34.675,34.75,136400
TIG,20171204,22.87,22.89,22.62,22.7,15600
TIL,20171204,4.28,4.28,4.28,4.28,200
TILE,20171204,25.2,25.25,24.95,25.1,448000
TIPT,20171204,6.6,6.65,6.5,6.5,14200
TITN,20171204,21.87,22.82,21.38,21.99,439000
TLGT,20171204,40.3,40.9,37.1,37.3,450200
TLT,20171204,125.92,126.67,125.81,126.61,9609300
TMUS,20171204,61.2,61.78,60.2,60.24,3903400
TNDM,20171204,2.6,2.65,2.52,2.54,117700
TNXP,20171204,401,419.5,387,407,66600
TOPS,20171204,2100,2125,2000,2050,4635600
TOUR,20171204,8.6,8.8,8.35,8.43,370200
TOWN,20171204,33.95,34.15,33.35,33.45,474700
TPIC,20171204,19.24,19.24,16.35,17.65,908100
TQQQ,20171204,45.9733,46.0767,43.3967,43.5333,6893500
TREE,20171204,309.85,316.25,301.45,303.4,247000
TRHC,20171204,34.33,34.91,32.35,32.65,98300
TRIB,20171204,4.9,4.95,4.59,4.74,117700
TRIL,20171204,11.15,11.35,10.1,10.1,129000
TRIP,20171204,34.66,35.44,34.33,34.76,3510400
TRMB,20171204,42.5,42.5,41.53,41.61,1147500
TRMK,20171204,34.46,34.84,33.89,33.99,255400
TRNS,20171204,13.5,13.875,13.438,13.65,3700
TROW,20171204,103.35,103.61,102.07,102.82,2102400
TRS,20171204,25.95,26.25,25.75,26.05,185100
TRST,20171204,9.4,9.6,9.4,9.5,594100
TRUE,20171204,12.19,12.19,11.4,11.51,1311500
TRUP,20171204,29.33,29.545,28.35,28.57,230200
TRVG,20171204,6.66,6.85,6.46,6.47,1857200
TRVN,20171204,1.65,1.68,1.51,1.55,930100
TSBK,20171204,28.19,28.66,27.8,27.96,16300
TSC,20171204,24.4,24.7,24.05,24.45,122600
TSCO,20171204,68.62,69.42,68.09,68.27,4821800
TSEM,20171204,35.53,35.65,33.75,34.27,716400
TSLA,20171204,61.3,61.653,60.122,61.04,5835100
TSRI,20171204,5.05,5.1,4.945,5.03,8000
TTD,20171204,48.58,49,44.96,45.25,1697800
TTEC,20171204,40.5,40.8,39.5,40,35900
TTEK,20171204,49.85,50.55,49.4,49.45,209300
TTGT,20171204,14.1,14.1,13.68,13.74,43000
TTMI,20171204,16.22,16.73,15.81,15.85,1671200
TTNP,20171204,9.3,9.36,8.7,9,182700
TTOO,20171204,4.12,4.21,4.02,4.08,249100
TTWO,20171204,111.28,111.39,99.87,102.11,7430400
TUR,20171204,38.87,39.38,38.61,39.17,804100
TURN,20171204,2.05,2.05,2,2.04,64500
TUSA,20171204,32.83,32.83,32.71,32.71,45100
TUSK,20171204,19.65,20.19,19.1,19.35,80400
TVTY,20171204,36.25,36.85,35.2,35.95,701700
TWIN,20171204,27.85,28.82,27.04,27.27,37900
TWNK,20171204,14.5,14.52,14.17,14.2,1254900
TWNKW,20171204,2.19,2.225,2.08,2.08,236200
TWOU,20171204,65.58,65.9,58.55,58.58,896500
TXMD,20171204,6.22,6.365,6.03,6.04,2217800
TXN,20171204,97.54,97.88,95.27,95.97,5183800
TXRH,20171204,50.85,52.55,50.72,51.86,810200
TYHT,20171204,22.23,25.65,21.15,23.58,224100
TYME,20171204,3.8,3.94,3.7,3.78,103700
TZOO,20171204,6.15,6.2,6,6,34000
UAE,20171204,16.68,16.68,16.66,16.66,5500
UBCP,20171204,12.75,12.75,12.5,12.7,8300
UBFO,20171204,10,10.2,9.95,10.15,111900
UBOH,20171204,22,22.15,21.9,21.9,11100
UBSI,20171204,37.8,38.45,37.55,37.6,727600
UCBI,20171204,29.08,29.6,28.76,29.03,273000
UCTT,20171204,22.24,22.72,20.3,20.665,2382300
UEIC,20171204,52.4,52.55,51.05,51.2,58400
UEPS,20171204,11.43,11.56,10.77,10.94,568100
UFCS,20171204,48.25,48.99,47.77,48.59,64000
UFPI,20171204,38.97,39.58,38.64,39.11,504000
UFPT,20171204,27.45,29.15,27.35,28.5,11300
UG,20171204,18.4,19.295,18.4,19.1,15000
UHAL,20171204,379.27,385.51,379.27,383.89,178000
UIHC,20171204,16.73,16.88,16.5,16.56,56800
ULBI,20171204,6.4,6.5,6.1,6.1,14800
ULH,20171204,24.4,24.44,23.55,23.55,11500
ULTA,20171204,212.74,226.92,212.74,221.64,2663000
UMBF,20171204,75.79,76.87,75.35,75.47,246000
UMPQ,20171204,22.5,22.86,22.46,22.59,2458100
UNAM,20171204,9.3,9.55,9.2,9.35,2100
UNB,20171204,51.15,51.15,51.15,51.15,400
UNIT,20171204,16.45,16.78,16.39,16.4,2361300
UNTY,20171204,20.75,20.75,20.5,20.6,4200
UONE,20171204,1.55,1.55,1.55,1.55,600
UONEK,20171204,1.55,1.6,1.45,1.45,38300
UPLD,20171204,23.29,23.4,21.68,21.73,269100
URBN,20171204,31.57,32.9,31.57,32.13,4303200
URGN,20171204,40.31,41.25,39.72,40.43,212200
USAK,20171204,18.77,19.05,18,18.22,79300
USAP,20171204,21.15,21.6,21,21.25,9100
USAU,20171204,14.4,14.5,13.8,14.1,79400
USEG,20171204,12.5,13,11.8,12,154400
USLB,20171204,31.23,31.34,31.105,31.15,4700
USLM,20171204,84.57,84.64,83,83.31,17500
USMC,20171204,25.96,25.96,25.96,25.96,400
USOI,20171204,25.59,25.69,25.59,25.69,600
UTHR,20171204,133.22,136.72,132.7,134.02,626400
UTMD,20171204,82.4,82.85,81.1,81.7,7700
UTSI,20171204,5.26,5.5,5.11,5.5,360100
UVSP,20171204,28.45,28.85,28.45,28.65,135900
VALU,20171204,17.44,17.59,17.38,17.47,5200
VBFC,20171204,29.29,29.29,29.29,29.29,100
VBIV,20171204,4.78,4.8,4.13,4.53,438900
VBLT,20171204,6.9,6.95,6.65,6.7,298000
VBTX,20171204,27.99,28.44,27.48,28.12,90700
VCEL,20171204,4.45,4.95,4.4,4.85,789900
VCIT,20171204,87.38,87.41,87.2,87.37,1093600
VCLT,20171204,94.66,95.01,94.56,94.87,235400
VCSH,20171204,79.4,79.45,79.4,79.43,1915900
VCYT,20171204,6.78,6.9,6.57,6.63,105300
VECO,20171204,16.05,16.2,15.25,15.35,441600
VEON,20171204,4.03,4.05,3.92,3.94,2328700
VERI,20171204,23.13,23.82,22.3,23.04,649400
VERU,20171204,1.06,1.06,1.04,1.05,36100
VGIT,20171204,64.04,64.09,63.99,64.07,123000
VGLT,20171204,77.51,77.87,77.41,77.85,64700
VGSH,20171204,60.34,60.34,60.31,60.33,152800
VIA,20171204,34.3,35.85,34.3,34.5,105000
VIAV,20171204,9.28,9.28,8.91,8.93,1750300
VICR,20171204,22.75,22.96,22.25,22.6,44900
VIGI,20171204,66.39,66.39,65.31,65.34,96200
VIRC,20171204,5.55,5.72,5.35,5.4,9800
VIRT,20171204,17.45,17.65,16.9,16.95,690700
VIVE,20171204,509,515,489,495,78600
VIVO,20171204,14.9,15.6,14.8,15.15,432300
VKTX,20171204,3.11,3.12,2.84,2.85,434300
VLGEA,20171204,24.82,25.49,24.82,25.44,20200
VMBS,20171204,52.5,52.53,52.475,52.53,372200
VNDA,20171204,14.05,14.2,13.6,13.7,551800
VNET,20171204,7.06,7.22,6.92,7.12,596200
VNOM,20171204,21.61,22,21.2,21.49,417500
VNQI,20171204,60.52,60.54,60.16,60.16,219100
VOD,20171204,30.87,30.96,30.69,30.73,3156400
VONE,20171204,122.36,122.5,121.31,121.31,35800
VONG,20171204,137.75,137.92,135.8,135.83,99900
VONV,20171204,108.53,108.83,108.12,108.12,48600
VOXX,20171204,6.35,6.4,5.7,5.8,596600
VRA,20171204,8.58,8.78,8.5,8.61,254200
VRAY,20171204,10.13,10.18,8.93,9.32,1323500
VREX,20171204,37.43,38.8,37.22,37.62,211400
VRIG,20171204,25.22,25.24,25.2,25.21,30800
VRNA,20171204,11.455,11.455,11.31,11.31,2100
VRNS,20171204,52.75,52.82,47.45,47.55,632200
VRNT,20171204,44.05,44.3,43.05,43.2,387700
VRSK,20171204,95.82,96.71,95.79,96.01,877000
VRSN,20171204,115.36,115.5,112.31,112.56,820800
VRTS,20171204,121.55,121.6,114.35,120.7,24000
VRTX,20171204,141.99,142.7,138.67,138.79,2127600
VSAT,20171204,73.92,74.82,73.37,73.44,308200
VSDA,20171204,28.17,28.17,28.17,28.17,100
VSEC,20171204,47.66,48.54,47.22,47.56,51500
VSMV,20171204,26.36,26.36,26.36,26.36,0
VSTM,20171204,4.13,4.21,3.78,3.84,724600
VTC,20171204,85.02,85.02,84.65,84.78,11400
VTGN,20171204,0.83,0.85,0.75,0.78,120600
VTHR,20171204,122.49,122.57,121.45,121.45,10400
VTIP,20171204,49.47,49.48,49.43,49.47,2193200
VTNR,20171204,0.93,0.98,0.88,0.89,44900
VTVT,20171204,4.25,4.32,4,4.01,25900
VTWG,20171204,136.5,136.76,133.52,133.58,10600
VTWO,20171204,124.46,124.67,122.3,122.43,96700
VTWV,20171204,112.03,112.36,110.84,110.85,11100
VUZI,20171204,6.35,6.895,6.25,6.7,574800
VVPR,20171204,2.89,2.9,2.88,2.89,4500
VWOB,20171204,80.18,80.195,80.05,80.14,63200
VXUS,20171204,56.34,56.34,55.9,55.9,889100
VYGR,20171204,14.64,14.64,13.73,13.83,406900
VYMI,20171204,66.48,66.785,65.91,65.99,95400
WABC,20171204,62.83,64.26,62.29,63.03,59900
WAFD,20171204,35.35,35.9,34.625,35.35,534800
WASH,20171204,56.95,57.2,55,55.55,33800
WATT,20171204,8.2,8.32,7.88,7.91,334600
WB,20171204,107.6,108.77,99.11,102.03,2653500
WBA,20171204,71.33,71.71,70.41,71.57,10287200
WDAY,20171204,101.38,101.7,96.5,96.58,3308800
WDC,20171204,79.36,79.93,76.59,77.11,5710800
WDFC,20171204,120,122.65,119.9,120.9,74700
WEN,20171204,14.88,15.435,14.83,15.35,5180500
WERN,20171204,38.5,38.95,37.25,37.35,938500
WETF,20171204,11.94,12.18,11.9,12,2602900
WEYS,20171204,27.4,28.36,27.4,28.02,20600
WHF,20171204,14.13,14.17,13.73,13.79,59200
WHLM,20171204,6.75,6.96,6.59,6.75,9400
WHLR,20171204,10.47,10.47,10.29,10.29,33000
WHLRD,20171204,20.8,21,20.8,21,600
WHLRP,20171204,21.44,22,21.43,21.66,6500
WILC,20171204,6.61,6.61,6.35,6.49,3800
WINA,20171204,136.2,136.2,134.2,135,9700
WING,20171204,39.38,40.46,39.13,39.69,693900
WIRE,20171204,47.3,47.65,46.45,47,78100
WIX,20171204,53.95,54.95,51.85,52.35,660600
WKHS,20171204,2.85,2.91,2.66,2.7,148500
WLDN,20171204,25.48,26.17,24.77,25.01,32900
WLFC,20171204,25.91,26.2,25.6,25.91,6900
WLTW,20171204,161.77,162.72,158.41,158.48,909200
WNEB,20171204,10.7,10.95,10.6,10.7,117000
WOOD,20171204,69.69,69.83,69.05,69.05,14400
WPRT,20171204,2.75,2.75,2.53,2.68,1346100
WRLD,20171204,84,84.575,80.79,81.17,65100
WSBC,20171204,42.43,42.86,41.35,42.44,171700
WSBF,20171204,19.15,19.35,18.9,19,64200
WSC,20171204,11.15,11.5,10.875,11.15,588200
WSFS,20171204,51.25,52,50.35,50.85,97400
WSTG,20171204,15.55,15.85,15.55,15.75,4500
WTBA,20171204,26.85,27.3,26.75,26.8,23000
WTFC,20171204,84.99,86.64,84.81,86.46,494900
WTFCM,20171204,27.9,28.1,27.8,27.92,7000
WVE,20171204,39.7,39.7,38.67,39.05,534400
WVFC,20171204,15.02,15.43,15.02,15.25,800
WVVI,20171204,8.41,8.49,8.285,8.312,8300
WVVIP,20171204,5.1,5.1,5.1,5.1,0
WWD,20171204,77.25,77.73,76.57,76.73,319600
WYNN,20171204,159.96,160.35,155.44,158.07,1427100
XBIO,20171204,26.4,27.12,25.92,26.28,6800
XBIT,20171204,4.14,4.25,3.92,4.02,91600
XELA,20171204,5.14,5.2,4.99,5.17,773700
XELB,20171204,2.5,2.75,2.5,2.75,7100
XENE,20171204,2.3,2.4,2.3,2.35,44800
XENT,20171204,30,30.65,29.45,29.75,434000
XLNX,20171204,68.57,69.29,67.08,68.16,2037600
XLRN,20171204,35.96,36.39,34.5,34.81,344600
XNCR,20171204,21.75,21.99,21.56,21.72,150600
XNET,20171204,17.91,18.6,16.11,16.22,17606000
XOG,20171204,15.28,15.69,14.84,14.91,1366500
XOMA,20171204,31,31.59,28.31,28.91,201800
XONE,20171204,12.39,12.46,11.89,11.92,104600
XPER,20171204,19.3,19.55,18.4,18.85,494600
XRAY,20171204,66.48,66.78,65.72,65.75,1644800
XT,20171204,35.52,35.52,34.82,34.83,240900
XTLB,20171204,2.39,2.39,2.39,2.39,200
YLDE,20171204,26.865,26.865,26.865,26.865,0
YNDX,20171204,32.77,32.95,31.91,32.03,3801300
YORW,20171204,36.1,36.725,35.85,36,24800
YTEN,20171204,86.8,92,84.4,84.4,3400
YTRA,20171204,9.12,9.12,8.8,8.85,77000
YY,20171204,103.69,105.79,99.63,101.12,1384200
Z,20171204,41.22,41.51,39.86,39.99,662000
ZBRA,20171204,111.43,111.7,109.41,109.51,360500
ZEAL,20171204,14.15,14.15,13.88,13.92,3600
ZEUS,20171204,21.25,21.65,20.905,20.99,190900
ZG,20171204,41.22,41.3,39.84,39.88,285300
ZGNX,20171204,39.45,39.45,34.1,34.525,2456500
ZION,20171204,51.04,52.16,50.51,51.74,3789700
ZIOP,20171204,4.6,4.65,4.36,4.36,976000
ZIXI,20171204,4.53,4.54,4.26,4.27,209000
ZKIN,20171204,7.92,7.92,7.85,7.91,2300
ZLAB,20171204,25.95,27.11,25.75,27.11,44000
ZNGA,20171204,3.97,4,3.77,3.8,12068300
ZSAN,20171204,12.2,12.8,11.6,11.6,440800
ZUMZ,20171204,20.45,21.4,20.1,21.35,985800
ZYNE,20171204,15,15.135,12.95,13.37,1219400
