AAL,20170825,43.09,45.43,43.01,45.25,11738400
AAME,20170825,3.4,3.4,3.39,3.39,500
AAOI,20170825,62.38,62.9,61.7,62.3,1011900
AAON,20170825,31.85,32.05,31.45,31.8,81400
AAPL,20170825,39.9125,40.14,39.8175,39.965,25480000
AAWW,20170825,63.7,64.025,63.05,63.7,104600
AAXJ,20170825,72.22,72.31,72,72.08,2213800
ABCB,20170825,44.6,44.75,43.95,44.4,108200
ABEO,20170825,9.65,10,8.8,9.05,968200
ABIO,20170825,20.7,21.6,20.7,21.15,34400
ABMD,20170825,149.67,149.67,147.13,147.67,241800
ABTX,20170825,35.6,36.1,35.45,35.9,11400
ABUS,20170825,3.85,3.9,3.8,3.9,82000
ACAD,20170825,32.87,32.97,32.43,32.45,919000
ACBI,20170825,17.45,17.55,17.375,17.4,79100
ACET,20170825,12.53,12.89,11.28,11.33,2006400
ACGL,20170825,32.2633,32.52,32.2633,32.47,448200
ACGLO,20170825,25.06,25.07,25.01,25.05,82900
ACHC,20170825,45.67,46.1,45.35,45.57,1076500
ACHV,20170825,500,570,490,542,25600
ACIU,20170825,8.08,8.08,7.4,7.42,31900
ACIW,20170825,22.04,22.15,21.94,22.02,445100
ACLS,20170825,20.2,20.2,19.6,19.8,176000
ACNB,20170825,26.45,27,26.45,26.7,7200
ACOR,20170825,23.55,25.55,23.2,25.15,1067900
ACRS,20170825,25.92,26.24,24.76,24.84,702600
ACRX,20170825,3.05,3.1,2.95,2.95,1136800
ACST,20170825,1.3,1.35,1.28,1.28,47200
ACTG,20170825,3.5,3.6,3.25,3.3,353800
ACWI,20170825,67.01,67.25,67,67.05,989300
ACWX,20170825,47.24,47.425,47.23,47.33,334800
ADAP,20170825,5.3,5.33,5.13,5.21,147600
ADBE,20170825,152,153,150.91,151.45,1182200
ADES,20170825,10.34,10.64,10.2,10.39,156500
ADI,20170825,79.57,79.84,78.81,78.97,1006500
ADMA,20170825,3.07,3.18,2.95,3.05,8800
ADMP,20170825,5.4,5.45,5.2,5.35,279200
ADMS,20170825,20.45,21.44,19.6,19.93,13964300
ADP,20170825,104.87,105.43,104.46,104.59,3448700
ADRE,20170825,42.75,42.77,42.52,42.58,6700
ADSK,20170825,115,119.73,113.54,114.97,7121000
ADTN,20170825,22.1,22.25,22.05,22.25,156700
ADUS,20170825,32.25,32.8,31.75,32.7,30200
ADVM,20170825,2.7,2.95,2.6,2.6,403200
ADXS,20170825,96,96.45,92.4,93.6,256500
AEHR,20170825,3.53,3.79,3.33,3.71,72300
AEIS,20170825,71.7,71.7,70.02,70.54,208000
AEMD,20170825,24.3,24.3,20.85,21,24900
AERI,20170825,53.05,54,53,53.5,330800
AEY,20170825,1.4,1.49,1.4,1.47,36900
AEZS,20170825,1.8,1.98,1.8,1.94,686700
AFMD,20170825,2,2.05,1.975,2.025,79100
AGEN,20170825,3.71,3.74,3.63,3.65,618800
AGFS,20170825,6.99,7.18,6.87,7.14,112500
AGIO,20170825,58.59,58.73,57.01,57.08,197500
AGLE,20170825,3.15,3.28,3.1,3.28,42200
AGNC,20170825,21.75,21.75,21.57,21.64,3958400
AGNCP,20170825,25.3,25.31,25.3,25.3,41400
AGRX,20170825,3.34,3.39,3.28,3.33,116200
AGTC,20170825,4.65,4.72,4.5,4.55,119500
AGYS,20170825,10.03,10.27,10.03,10.26,10700
AGZD,20170825,47.83,47.83,47.81,47.83,600
AHPA,20170825,9.99,9.99,9.99,9.99,100
AHPAU,20170825,10.39,10.39,10.39,10.39,0
AHPAW,20170825,0.4,0.4,0.4,0.4,0
AHPI,20170825,2.04,2.06,2.04,2.06,2600
AIA,20170825,61.38,61.44,61.16,61.21,38200
AIMC,20170825,44.8,46.15,44.75,46.1,216000
AINV,20170825,18.39,18.57,18.24,18.27,862600
AIRG,20170825,11.18,11.3,10.25,10.27,232700
AIRR,20170825,22.71,22.9,22.69,22.83,41400
AIRT,20170825,17.4,17.75,16.605,16.605,5500
AKAM,20170825,45.49,45.49,44.95,44.98,1760700
AKBA,20170825,16.16,16.64,15.955,16.44,699400
AKTS,20170825,6.51,6.55,6.29,6.35,47000
AKTX,20170825,3.75,3.79,3.44,3.53,5800
ALBO,20170825,23.28,24.9,23.28,24.75,10900
ALCO,20170825,31.45,32.25,31.45,31.9,4200
ALDX,20170825,4.1,4.25,4.1,4.2,19800
ALGN,20170825,175.41,176.2,171.55,172.55,823000
ALGT,20170825,116.1,119.75,115.55,119.15,111500
ALIM,20170825,1.39,1.42,1.36,1.4,55400
ALJJ,20170825,3.03,3.04,2.97,3,41900
ALKS,20170825,50.35,50.85,49.84,50.42,589800
ALLT,20170825,4.96,4.96,4.91,4.91,10900
ALNY,20170825,84.49,84.49,82.41,83.32,427500
ALOT,20170825,13.6,13.8,13.35,13.8,15600
ALPN,20170825,8.2,8.69,7.93,8.69,31300
ALRM,20170825,43.61,44.12,43.51,43.72,304500
ALRN,20170825,11.93,12.34,11.42,11.42,33300
ALT,20170825,2.2,2.29,2.17,2.17,83100
ALTY,20170825,15.81,15.81,15.57,15.58,13900
AMAT,20170825,43.79,43.95,43.12,43.31,6385700
AMBA,20170825,52.61,53.59,52.32,52.98,473400
AMCX,20170825,59.93,60.84,59.59,60.45,464300
AMD,20170825,12.51,12.57,12.25,12.43,29732000
AMED,20170825,49.69,50.46,49.5,49.78,342900
AMGN,20170825,170.82,171.57,169.4,169.74,1510700
AMKR,20170825,8.65,8.65,8.41,8.54,1118000
AMNB,20170825,36.1,36.7,36.1,36.55,5900
AMOT,20170825,24.5,24.87,24.24,24.46,13800
AMPH,20170825,15.6,15.77,15.45,15.55,169500
AMRK,20170825,17.22,17.31,17.07,17.18,7600
AMRN,20170825,3.17,3.225,3.09,3.12,1248900
AMRS,20170825,2.39,2.53,2.38,2.46,140100
AMSC,20170825,3.75,4.2,3.75,3.9,272300
AMSF,20170825,54.7,54.8,53.85,54,95800
AMSWA,20170825,9.76,9.78,9.6,9.73,43600
AMTX,20170825,0.95,1,0.82,0.83,84200
AMWD,20170825,79.65,80.6,78.75,80.15,182600
AMZN,20170825,956,957.62,944.1,945.26,3324700
ANAB,20170825,22.59,23.96,22.31,23.85,253900
ANAT,20170825,117.93,118.3,117.63,118.12,6100
ANDE,20170825,31.25,31.35,30.8,31.3,54800
ANGI,20170825,12.31,12.4,11.97,12.17,654200
ANGO,20170825,16.7,16.87,16.45,16.46,96600
ANIK,20170825,52.74,52.975,52.5,52.76,53600
ANIP,20170825,46.48,46.48,45.61,46.17,86600
ANSS,20170825,127.93,128.55,127.3,127.77,192400
ANY,20170825,3.92,4.24,3.9,4.15,93300
AOSL,20170825,15.58,15.67,15.24,15.36,43400
APDN,20170825,84.8,84.8,81.6,83.6,52600
APEI,20170825,17.8,18.05,17.55,18,28500
APEN,20170825,3.95,3.95,3.79,3.89,40300
APOG,20170825,41.13,42.8,40.81,42.61,798700
APOP,20170825,36.45,36.5,36,36,5100
APPF,20170825,41.9,42,41.4,41.8,176300
APPN,20170825,21.59,21.9,21.15,21.88,173800
APPS,20170825,1.19,1.205,1.16,1.2,232700
APTO,20170825,1.37,1.49,1.37,1.38,247600
APVO,20170825,19.6,19.6,16.8,17.78,213200
APWC,20170825,2.8,2.825,2.8,2.8,700
AQB,20170825,7.01,7.16,6.9,7.11,11900
AQMS,20170825,7.59,7.7,7.42,7.59,54000
ARAY,20170825,4.1,4.125,4.05,4.1,391500
ARCB,20170825,25.45,26.4,25.35,25.95,210200
ARCC,20170825,16.18,16.2,16.12,16.15,1232600
ARDX,20170825,5.35,5.35,5,5.05,116500
ARGX,20170825,20.51,21.93,20.51,20.51,2800
ARKR,20170825,23.41,23.41,23.41,23.41,400
ARLP,20170825,17.9,18.5,17.9,18.4,220200
ARNA,20170825,22.12,23.26,21.76,22.21,594600
AROW,20170825,31.55,32.45,31.55,32.2,9900
ARRY,20170825,10.02,10.05,9.21,9.22,5200300
ARTNA,20170825,37.11,37.51,36.425,37.29,42200
ARTW,20170825,2.15,2.15,2.09,2.1,4300
ARWR,20170825,2.71,2.77,2.56,2.58,1836200
ASET,20170825,28.075,28.075,28.04,28.05,1000
ASMB,20170825,26.69,26.99,26.12,26.71,37600
ASML,20170825,153.74,154.8,153.55,154.22,535300
ASND,20170825,27.72,28.16,27.58,27.83,45100
ASPS,20170825,20.42,20.915,20.275,20.77,158000
ASPU,20170825,5.84,6,5.68,5.75,23800
ASRV,20170825,3.91,3.95,3.85,3.95,11600
ASTC,20170825,0.76,0.79,0.7,0.76,6400
ASTE,20170825,46.67,47.32,46.48,47.2,85900
ASUR,20170825,11.33,11.42,11,11.06,164100
ASYS,20170825,10.37,10.49,10.16,10.27,67600
ATAI,20170825,4.61,4.61,4.59,4.59,600
ATAX,20170825,6.15,6.2,6.12,6.15,89900
ATEC,20170825,1.97,2.01,1.94,1.94,40700
ATHX,20170825,1.65,1.65,1.59,1.63,297300
ATLC,20170825,2.5,2.53,2.33,2.36,32100
ATLO,20170825,27.8,27.8,27.15,27.5,6100
ATNI,20170825,60.34,60.89,59.96,60.24,36600
ATNX,20170825,16.05,16.07,15.57,15.65,57800
ATOM,20170825,4.41,4.44,4.32,4.39,22400
ATOS,20170825,5.4,5.88,5.04,5.16,1199900
ATRA,20170825,14,14.3,13.7,13.85,98600
ATRC,20170825,21.7,21.81,21.32,21.34,121900
ATRI,20170825,623,623,614,619.7,4300
ATRO,20170825,26.06,26.21,25.99,26.15,65900
ATRS,20170825,3.13,3.165,3.1,3.13,607700
ATSG,20170825,21.21,21.32,20.9,21.17,193200
ATVI,20170825,63.63,63.96,62.49,62.58,4363900
ATXI,20170825,6.5,6.51,6.15,6.39,41200
AUBN,20170825,36.05,36.05,36.05,36.05,0
AUDC,20170825,6.78,6.82,6.7,6.7,25300
AUPH,20170825,6.05,6.11,6,6.02,550700
AVAV,20170825,39.16,39.25,38.6,38.83,119100
AVDL,20170825,9.29,9.44,9.05,9.16,42400
AVEO,20170825,35.4,40,34.55,38,10078000
AVGO,20170825,252.25,254.4,243.78,245.59,6909800
AVGR,20170825,116,124,116,120,117400
AVID,20170825,4.44,4.59,4.42,4.57,145300
AVIR,20170825,0.63,0.66,0.6,0.66,249000
AVNW,20170825,15.74,15.81,15.39,15.49,6600
AVXL,20170825,4.53,4.55,4.25,4.35,197000
AWRE,20170825,5.1,5.1,4.95,5.1,17500
AXDX,20170825,22.3,22.8,22.15,22.55,308000
AXGN,20170825,16.45,16.75,16.3,16.65,178900
AXSM,20170825,4.95,5.04,4.8,4.8,60300
AXTI,20170825,7.5,7.595,7.325,7.45,254100
AZPN,20170825,60.61,61,60.27,60.29,257600
BANF,20170825,50.4,50.825,50.25,50.3,34200
BANFP,20170825,28.82,28.82,28.82,28.82,0
BANR,20170825,55.87,56.3,55.43,56.27,63500
BANX,20170825,20.28,20.3,20.06,20.2,28400
BATRA,20170825,23.9,23.9,23.595,23.67,17300
BATRK,20170825,23.98,24.06,23.6,23.68,63300
BBBY,20170825,27.6,28.33,27.43,27.94,2117000
BBGI,20170825,9.2,9.2,8.9,9.15,7000
BBH,20170825,127.85,128.13,127,127,9200
BBSI,20170825,48.86,49.19,48.45,48.86,17000
BCAC,20170825,9.8,9.8,9.8,9.8,0
BCACU,20170825,10.07,10.3,10.07,10.3,200
BCACW,20170825,0.38,0.38,0.38,0.38,100
BCBP,20170825,13.8,14.2,13.55,14.05,29800
BCLI,20170825,4.21,4.21,4.14,4.18,48400
BCOR,20170825,23.4,23.5,23.05,23.4,202300
BCOV,20170825,6.9,7.1,6.9,7.05,87900
BCPC,20170825,74.55,74.87,73.005,74.52,126400
BCRX,20170825,4.84,4.84,4.55,4.58,705700
BDSI,20170825,3.15,3.2,3.1,3.15,256300
BECN,20170825,45.68,47.61,45.14,47.3,2335100
BELFA,20170825,22.65,22.65,22.65,22.65,0
BELFB,20170825,25.05,25.4,24.85,25.2,22000
BFIN,20170825,15.87,16.05,15.87,15.98,25000
BFIT,20170825,15.94,15.94,15.94,15.94,0
BGCP,20170825,12.87,13,12.86,12.94,1229400
BGFV,20170825,8.05,8.1,7.8,7.95,999600
BGNE,20170825,70.58,70.58,67.53,68.81,83900
BHF,20170825,55.53,56.63,54.9,55.54,1080300
BIB,20170825,54.58,54.69,53.24,53.4,418000
BICK,20170825,28.5,28.56,28.35,28.4,4300
BIDU,20170825,224.96,229.43,224.44,225.55,2449100
BIIB,20170825,287.31,289.85,284.89,285.06,900400
BIOC,20170825,11.7,11.9,11.5,11.7,122700
BIOL,20170825,2.8,2.85,2.7,2.75,129200
BIS,20170825,23.39,23.89,23.28,23.87,45400
BJRI,20170825,31.35,32,31.3,31.4,399700
BKCC,20170825,7.22,7.26,7.18,7.22,167800
BKEP,20170825,5.6,5.9,5.6,5.85,53200
BKEPP,20170825,7.52,7.59,7.5,7.57,1500
BKSC,20170825,18.8,18.92,18.5,18.92,3900
BKYI,20170825,3.348,3.385,3.01,3.01,16800
BL,20170825,29.06,29.92,29.06,29.65,224900
BLBD,20170825,17.75,18,17.65,17.9,18300
BLCM,20170825,86.3,86.8,82.4,82.8,453800
BLDP,20170825,2.75,2.79,2.74,2.76,253100
BLFS,20170825,4.33,4.64,4.33,4.43,107300
BLIN,20170825,132,135.5,128,132.5,10200
BLKB,20170825,83.79,84.245,83.185,83.95,172000
BLMN,20170825,17.15,17.55,17.03,17.39,956800
BLPH,20170825,16.8,17.25,16.65,17.1,160300
BLRX,20170825,15.3,15.75,15.3,15.6,261500
BLUE,20170825,98.85,99.2,96.9,97.85,403000
BMRA,20170825,2.605,2.605,2.605,2.605,0
BMRC,20170825,32.7,33.35,32.4,32.8,9300
BMRN,20170825,82.67,82.83,81.735,81.88,1128000
BMTC,20170825,40.8,40.9,40.5,40.75,28300
BNDX,20170825,54.79,54.81,54.74,54.8,420200
BNFT,20170825,29.25,29.6,28.2,28.25,221500
BNSO,20170825,2.12,2.14,2.1,2.13,19800
BNTC,20170825,20,20.1,19.8,20,25900
BOKF,20170825,81.25,81.81,80.65,81.38,42100
BOMN,20170825,14.64,15.78,14,14.82,45900
BOOM,20170825,12.85,12.875,12.775,12.85,22000
BOSC,20170825,1.75,1.75,1.53,1.7,141300
BOTJ,20170825,15.3,15.3,15.3,15.3,0
BOTZ,20170825,20.24,20.26,20.18,20.18,313600
BPMC,20170825,52.17,52.83,49.05,50.2,286500
BPOP,20170825,40.15,40.65,39.88,40.49,203700
BPOPM,20170825,23.19,23.19,23.19,23.19,0
BPOPN,20170825,24.5,24.5,24.32,24.32,3900
BPRN,20170825,32.25,32.25,31.95,32.25,3900
BPTH,20170825,54,56,52,56,235600
BRID,20170825,11.75,11.75,11.75,11.75,0
BRKL,20170825,14.35,14.5,14.25,14.45,220100
BRKR,20170825,28.36,28.53,28.31,28.35,309700
BRKS,20170825,25.25,25.25,24.52,24.76,295500
BRQS,20170825,6.25,7.2,6.25,6.65,93500
BSET,20170825,35,35,34.4,34.5,22800
BSQR,20170825,4.89,4.9,4.85,4.85,14400
BSRR,20170825,25.32,25.73,25.13,25.64,14100
BTEC,20170825,28.3,28.3,28.3,28.3,400
BUSE,20170825,28.84,29.13,28.76,29.01,54800
BVXV,20170825,7.57,7.64,7.57,7.62,800
BWEN,20170825,3.23,3.38,3.1,3.3,68600
BWFG,20170825,31.83,31.96,31.35,31.71,13500
BYFC,20170825,2.46,2.48,2.41,2.44,1900
BYSI,20170825,36.995,38,36.305,37.96,8400
BZUN,20170825,28.9,29,26.5,26.58,4392100
CAAS,20170825,5.23,5.26,5.15,5.25,24000
CAC,20170825,38.55,39.49,38.55,39.37,17600
CACC,20170825,269.21,271.51,267.33,267.68,117500
CACG,20170825,25.32,25.34,25.3,25.31,80100
CAKE,20170825,41.3,42.02,41.1,41.63,976600
CALA,20170825,15.4,15.5,14.75,15,310000
CALM,20170825,34.3,34.6,34.025,34.6,248000
CAMP,20170825,18.63,18.65,18.18,18.52,167300
CAMT,20170825,4.32,4.35,4.26,4.31,96400
CAPR,20170825,10.2,10.7,10.1,10.6,161400
CAR,20170825,33.99,34.18,31.45,32.06,3046200
CARA,20170825,13.18,13.24,12.68,12.75,861600
CARV,20170825,2.65,2.65,2.59,2.65,600
CARZ,20170825,37.64,37.755,37.64,37.755,1500
CASH,20170825,23.0833,23.4,22.8833,23.1333,52400
CASI,20170825,0.99,0.99,0.97,0.97,1500
CASS,20170825,60.94,61.32,60.71,60.82,22300
CASY,20170825,103.13,105.61,103.09,105.17,303100
CATH,20170825,30.06,30.13,30.06,30.13,6400
CATY,20170825,35.55,35.81,35.43,35.52,214300
CBAN,20170825,13.3,13.3,13.3,13.3,0
CBAY,20170825,6.55,6.84,6.55,6.69,950600
CBFV,20170825,27.05,27.42,27.05,27.1,2500
CBIO,20170825,3.27,3.41,3.25,3.4,20500
CBRL,20170825,148.43,149.485,147.863,147.91,191200
CBSH,20170825,55,55.31,54.7,55.03,237400
CCBG,20170825,20.4,21.21,20.4,20.88,49000
CCD,20170825,20.17,20.22,20.1,20.22,42900
CCLP,20170825,4.66,4.75,4.65,4.69,37000
CCMP,20170825,69.71,69.94,68.88,69.45,129300
CCNE,20170825,24.65,24.74,24.33,24.66,9400
CCOI,20170825,44.9,44.9,44.5,44.6,225800
CCRN,20170825,12.04,12.35,11.99,12.19,183000
CCXI,20170825,6.54,6.9,6.51,6.81,172100
CDC,20170825,43.66,43.79,43.63,43.67,24900
CDEV,20170825,16.94,17.24,16.85,17.08,611600
CDK,20170825,63.1,63.46,62.73,62.82,614900
CDL,20170825,42.61,42.64,42.47,42.61,5000
CDNA,20170825,2.99,3.19,2.79,2.98,2168800
CDNS,20170825,37.32,37.7,37.11,37.4,1513800
CDTX,20170825,7,7.05,6.9,7,36900
CDW,20170825,61.54,62.57,61.53,62.15,908400
CDXC,20170825,3.35,3.37,3.2,3.29,99200
CDXS,20170825,5.25,5.3,5.2,5.3,78700
CDZI,20170825,11.05,11.3,11,11.25,77600
CECE,20170825,7.18,7.29,7.11,7.27,90000
CELH,20170825,4.75,4.8,4.6,4.8,38200
CEMI,20170825,6.15,6.2,6.115,6.2,5500
CENT,20170825,35.57,35.88,35.05,35.75,89000
CENTA,20170825,34.1,34.58,33.7,34.45,116400
CENX,20170825,18.42,18.42,17.78,18.09,2270400
CERN,20170825,65.34,65.5,65.01,65.25,1238800
CERS,20170825,2.46,2.47,2.345,2.38,312100
CETX,20170825,22.48,23.52,22.48,22.96,96100
CETXP,20170825,7.543,7.545,7.543,7.545,200
CETXW,20170825,0.45,0.45,0.45,0.45,600
CEVA,20170825,41.6,41.65,40.9,41.1,47500
CFA,20170825,44.05,44.179,44.05,44.115,22000
CFBK,20170825,12.32,12.32,12.1,12.21,14200
CFFI,20170825,47.45,47.45,47.35,47.35,600
CFFN,20170825,13.53,13.73,13.53,13.71,321800
CFMS,20170825,3.44,3.46,3.35,3.4,97700
CFO,20170825,44.03,44.17,44.025,44.06,137700
CFRX,20170825,12,12,10.5,11.5,106400
CG,20170825,21.05,21.05,20.675,20.85,816700
CGBD,20170825,18.49,18.51,18.39,18.5,11700
CGEN,20170825,2.7,3.05,2.7,3,145300
CGNT,20170825,2.15,2.2,2.06,2.2,116000
CGNX,20170825,51.825,52.1,51.345,51.38,965100
CGO,20170825,13.24,13.43,13.24,13.31,27500
CHCI,20170825,2,2.01,2,2,1600
CHCO,20170825,62.66,63.205,62.39,63.03,43600
CHDN,20170825,64.4167,65,64.1917,64.55,42100
CHEF,20170825,17.15,17.95,16.78,17.95,198200
CHEK,20170825,20.52,21.24,20.52,20.76,4000
CHI,20170825,11.4,11.4,11.28,11.29,140000
CHKP,20170825,109.42,109.81,108.35,108.71,469900
CHMG,20170825,40.34,40.82,40.1,40.4,3100
CHNR,20170825,2,2.07,1.94,2.05,16400
CHRS,20170825,14.1,14.25,13.75,14.15,372200
CHRW,20170825,67.06,69.37,66.87,69.07,2003800
CHSCL,20170825,29.25,29.53,29.25,29.47,12900
CHSCM,20170825,28.26,28.33,28.17,28.18,9100
CHSCN,20170825,29,29.03,28.76,28.85,3500
CHSCO,20170825,29.24,29.27,29.2,29.22,5900
CHSCP,20170825,30.95,31,30.78,30.99,11900
CHTR,20170825,391.42,392.53,387.51,388.79,758600
CHUY,20170825,20.1,20.15,19.625,20.05,237400
CHW,20170825,8.67,8.78,8.62,8.74,309900
CHY,20170825,11.88,11.88,11.7,11.76,135500
CIBR,20170825,21.24,21.28,21.07,21.07,104100
CID,20170825,35.25,35.44,35.25,35.44,800
CIDM,20170825,1.51,1.54,1.41,1.54,79400
CIGI,20170825,49.9,49.9,49.2,49.25,37700
CIL,20170825,38.49,38.49,38.49,38.49,300
CINF,20170825,76.77,77.64,76.7,77.46,331400
CIVB,20170825,20.08,20.13,19.7,19.77,23700
CIZ,20170825,33.45,33.5,33.355,33.46,9000
CIZN,20170825,23.5,23.5,23.5,23.5,400
CJJD,20170825,1.63,1.65,1.62,1.62,5600
CKPT,20170825,8,8,7.975,8,5600
CLAR,20170825,6.85,7.3,6.7,7.15,127200
CLBS,20170825,4.11,4.24,4.11,4.24,20000
CLDX,20170825,35.4,35.55,35.1,35.4,889700
CLFD,20170825,11.8,12.25,11.75,12.2,63400
CLIR,20170825,3.15,3.15,2.95,3,44600
CLLS,20170825,24.93,25.52,24.93,25.19,79500
CLMT,20170825,6.65,6.7,6.55,6.55,253700
CLNE,20170825,2.29,2.3,2.25,2.28,703000
CLRB,20170825,16.3,16.8,15.7,16.5,61300
CLRO,20170825,7.7,7.7,7.65,7.7,36100
CLSD,20170825,7,7.01,6.76,6.78,91400
CLSN,20170825,1.36,1.41,1.3,1.37,179000
CLVS,20170825,74.51,75.28,72.34,73.16,920100
CLWT,20170825,2.1,2.1667,2.0333,2.0333,2500
CLXT,20170825,15.7,15.825,13.41,14.74,55700
CMCO,20170825,31.99,32.07,31.38,31.98,128400
CMCSA,20170825,40.32,40.55,39.92,40.2,13409600
CMCT,20170825,15.7,15.75,15.645,15.7,3800
CME,20170825,126.29,127.7,126.05,127.1,1578800
CMLS,20170825,0.412,0.435,0.38,0.41,127700
CMPR,20170825,89.79,90.34,88.78,90,92300
CMRX,20170825,4.45,4.49,4.32,4.38,107400
CMTL,20170825,18.99,19.34,18.61,19.22,110800
CNBKA,20170825,67.35,67.35,66.8,67.15,10000
CNCE,20170825,14.77,15.25,14.6,14.78,53200
CNCR,20170825,22.99,23.21,22.99,23.02,14600
CNET,20170825,0.97,1,0.97,1,16500
CNFR,20170825,6.51,6.51,6.51,6.51,0
CNOB,20170825,22.65,22.9,22.55,22.85,59300
CNSL,20170825,19.16,19.16,18.78,18.8,300300
CNTY,20170825,6.74,6.8,6.66,6.72,38500
CNXN,20170825,24.77,24.86,24.29,24.6,65000
CODA,20170825,4.35,4.4,4.23,4.4,26400
CODX,20170825,4.7,4.7,4.51,4.51,26100
COGT,20170825,4.8,4.95,4.72,4.8,86400
COHR,20170825,224.59,225.09,219.1,220.05,324500
COHU,20170825,17.63,17.85,17.37,17.53,103600
COKE,20170825,208.98,210,202.5,202.64,28900
COLB,20170825,37.07,37.25,36.78,37.12,313500
COLL,20170825,9.48,9.89,9.44,9.6,292800
COLM,20170825,56.51,57.35,56.31,57.19,94200
COMM,20170825,32.81,33.07,32.65,32.9,1282100
COMT,20170825,33.42,33.42,33.23,33.35,8100
CONE,20170825,62.14,63.4,62.03,63.06,838400
CONN,20170825,19.7,20.05,19.1,19.45,197100
COOL,20170825,27,27.9,26.61,27.07,38500
CORT,20170825,14.44,14.49,14.02,14.03,697700
COST,20170825,152.37,152.94,150.06,152.45,5703400
COUP,20170825,30.28,30.83,30.24,30.37,234800
COWN,20170825,16,16.15,15.85,16.1,109600
COWNL,20170825,26.76,26.89,26.76,26.81,2000
CPHC,20170825,11.45,11.8,11.25,11.54,9200
CPIX,20170825,6.71,7.13,6.7,7.1,25600
CPLP,20170825,3.48,3.54,3.47,3.48,289100
CPRT,20170825,31.97,32.07,31.63,31.71,1403200
CPRX,20170825,2.8,2.87,2.735,2.78,241600
CPSH,20170825,1.2,1.2,1.2,1.2,5200
CPSI,20170825,29.1,29.2,28.35,28.9,68800
CPSS,20170825,3.98,4.02,3.73,3.76,179600
CPTAG,20170825,24.91,25.03,24.76,24.8,10800
CPTAL,20170825,25.29,25.29,25.15,25.22,6400
CRAI,20170825,35.75,35.84,35.32,35.67,26900
CRBP,20170825,6.65,7,6.65,6.85,686100
CREG,20170825,12.2,12.2,11.8,11.9,6200
CRESY,20170825,18.89,18.96,18.79,18.93,72000
CRIS,20170825,8.35,8.45,8.1,8.35,312500
CRMT,20170825,36.5,37.8,36.5,36.9,47500
CRNT,20170825,2.11,2.15,2.08,2.1,150900
CROX,20170825,8.88,8.96,8.83,8.91,478000
CRSP,20170825,19.35,19.8,19.09,19.5,130700
CRTO,20170825,45.9,47.24,45.72,46.98,708700
CRUS,20170825,55.58,55.79,54.91,55.33,631500
CRVL,20170825,50.3,50.65,50.1,50.6,34600
CRVS,20170825,13.77,14.81,13.57,14.55,65300
CRWS,20170825,6.35,6.55,6.32,6.55,10300
CSA,20170825,40.86,40.86,40.86,40.86,0
CSB,20170825,39.48,39.68,39.48,39.68,900
CSBR,20170825,3.2,3.24,3.1,3.1,5500
CSCO,20170825,31.39,31.8,31.36,31.44,19558200
CSF,20170825,40,40.13,39.96,40.13,2900
CSGP,20170825,285.34,287.85,282.68,283.55,95900
CSGS,20170825,38.31,38.49,38.1,38.41,129800
CSII,20170825,29.14,29.435,28.32,28.39,158100
CSIQ,20170825,15.65,15.8,15.15,15.47,1339400
CSML,20170825,24.34,24.48,24.25,24.42,91300
CSOD,20170825,34.74,35.3,34,34.31,308200
CSPI,20170825,10.15,10.25,10.1,10.11,2700
CSQ,20170825,11.73,11.76,11.69,11.71,230900
CSSE,20170825,11.25,11.62,10.26,10.61,72700
CSTE,20170825,28.6,28.95,28.35,28.8,97800
CSTR,20170825,17.11,17.13,16.82,17.02,19600
CSWC,20170825,17.14,17.35,17.085,17.2,59600
CSWI,20170825,39.25,39.9,39.1,39.7,36300
CSX,20170825,48.42,49.111,48.405,48.85,4292700
CTAS,20170825,133.9,135.1,133.34,133.82,454400
CTBI,20170825,42,42.2,41.6,42,23700
CTG,20170825,5.12,5.32,5.08,5.24,15900
CTHR,20170825,0.91,0.92,0.88,0.91,25300
CTIB,20170825,4.25,4.26,3.93,4.15,5600
CTIC,20170825,3.29,3.39,3.28,3.37,33600
CTMX,20170825,15.5,16.03,15.17,15.96,287000
CTRE,20170825,19.4,19.46,19,19.2,526900
CTRN,20170825,18.07,18.41,17.97,18.08,52800
CTSH,20170825,70.09,70.74,69.77,69.78,2958900
CTSO,20170825,4.85,4.95,4.81,4.85,49200
CTXR,20170825,2.702,2.975,2.63,2.83,28400
CTXRW,20170825,0.55,0.59,0.5,0.59,21300
CTXS,20170825,75.87,76.36,75.33,75.37,988200
CUBA,20170825,7.21,7.22,7.18,7.22,11800
CUTR,20170825,35.4,35.75,34.9,35.7,158100
CVBF,20170825,20.7,20.92,20.65,20.8,150100
CVCO,20170825,125.93,129.25,125.35,128.5,35300
CVCY,20170825,19.72,20.18,19.5,20.17,77200
CVGI,20170825,5.76,5.91,5.65,5.87,286900
CVGW,20170825,69.7,70.35,68.9,70,118300
CVLT,20170825,59.75,60.2,59.5,59.8,224400
CVLY,20170825,25.35,25.6,25.35,25.37,2100
CVV,20170825,11.15,11.18,11.03,11.1,14200
CWBC,20170825,10.2,10.2,10.1,10.2,200
CWCO,20170825,12.3,12.3,11.75,11.8,110400
CWST,20170825,16.85,16.85,16.57,16.66,89500
CXDC,20170825,4.55,4.57,4.55,4.55,6700
CXSE,20170825,37.655,37.7,37.305,37.32,28700
CYAD,20170825,42.26,42.26,42.26,42.26,0
CYAN,20170825,4.7,4.8,4.7,4.75,5100
CYBE,20170825,15.05,15.05,14.5,14.65,63300
CYBR,20170825,40.15,40.36,39.91,40.02,188800
CYCC,20170825,34,35.2,34,34.2,517800
CYCCP,20170825,6.05,6.05,6.05,6.05,0
CYRN,20170825,1.9,1.9,1.76,1.8,40100
CYRX,20170825,6.97,6.97,6.45,6.61,188700
CYTK,20170825,12.8,13,12.665,12.9,246700
CZNC,20170825,22.06,22.45,22.06,22.42,10600
CZR,20170825,11.4,11.5,11.175,11.3,2013300
CZWI,20170825,13.79,13.79,13.5,13.7,1400
DAIO,20170825,8.4,8.7,8.35,8.56,41900
DAKT,20170825,9.54,9.54,9.32,9.4,132200
DARE,20170825,2.75,3.1,2.75,2.95,69300
DAX,20170825,29.35,29.48,29.26,29.35,1900
DBVT,20170825,44.81,45.01,44.405,44.7,257600
DCOM,20170825,18.8,19.15,18.75,19.05,66200
DCTH,20170825,0.12,0.13,0.12,0.12,21644300
DENN,20170825,11.8,11.88,11.69,11.69,276800
DFFN,20170825,24.3,24.75,24.15,24.75,10600
DGICA,20170825,15.3,15.43,15.29,15.34,11800
DGICB,20170825,13.955,13.955,13.955,13.955,0
DGII,20170825,9.2,9.35,9.05,9.275,36200
DGLY,20170825,2.95,2.99,2.85,2.95,25500
DGRE,20170825,25.72,25.9,25.72,25.84,16300
DGRS,20170825,31.84,31.93,31.69,31.84,6100
DGRW,20170825,36.93,37.01,36.85,36.85,86800
DHIL,20170825,188.15,190.21,187.63,188.95,14100
DIOD,20170825,27.01,27.01,26.54,26.63,151600
DISCA,20170825,22.57,22.78,22.5,22.66,2418500
DISCB,20170825,23.5,23.5,23.5,23.5,0
DISCK,20170825,21.31,21.51,21.27,21.39,3199800
DISH,20170825,57.56,57.72,56.64,56.64,1115600
DJCO,20170825,208,212,206,212,1000
DLHC,20170825,5.88,6.03,5.79,5.79,15700
DLTH,20170825,20.2,20.69,20.02,20.57,154200
DLTR,20170825,79.88,80.78,77.92,80.39,4449400
DMLP,20170825,14.3,14.45,14.05,14.15,89200
DMRC,20170825,28.6,28.6,27.7,28.35,39200
DORM,20170825,64.12,64.88,64.12,64.39,155700
DOX,20170825,63.47,63.83,63.22,63.46,503700
DRIO,20170825,1.91,2.08,1.91,2.04,26800
DRNA,20170825,3.19,3.23,3.11,3.19,59000
DRRX,20170825,1.6,1.63,1.59,1.61,185300
DSGX,20170825,27.4,27.65,27.2,27.25,40400
DSKE,20170825,12.35,12.4,12.29,12.31,46900
DSKEW,20170825,1.39,1.41,1.35,1.38,62800
DSPG,20170825,11.95,12.05,11.85,12,32600
DSWL,20170825,2.64,2.71,2.64,2.71,66800
DTEA,20170825,5,5.1,5,5.1,9400
DVAX,20170825,17.25,17.6,16.75,16.8,1032400
DVY,20170825,91.66,92.19,91.66,91.91,361500
DWAC,20170825,23.46,23.46,23.46,23.46,0
DWAS,20170825,43,43,42.64,42.79,12200
DWAT,20170825,10.94,10.94,10.94,10.94,0
DWPP,20170825,26.12,26.17,26.11,26.12,6100
DWSN,20170825,4.02,4.05,3.97,4.03,19100
DXCM,20170825,75.67,76.11,75.24,75.52,954900
DXGE,20170825,30.32,30.36,30.17,30.185,4500
DXJS,20170825,40.11,40.23,40.02,40.03,19900
DXLG,20170825,1.8,1.8,1.7,1.7,224200
DXPE,20170825,26.1,26.86,25.97,26.36,52600
DXYN,20170825,4.2,4.35,4.1,4.15,17800
DYNT,20170825,2.5,2.5,2.5,2.5,800
DZSI,20170825,6.91,7.01,6.85,6.91,8000
EA,20170825,118.19,118.71,115.71,116.93,2206000
EBAY,20170825,34.98,35.07,34.56,34.68,6885300
EBIX,20170825,58.3,58.45,57.3,57.4,78600
EBMT,20170825,17.95,18.05,17.95,18,1300
EBSB,20170825,17.45,17.525,17.375,17.5,81400
EBTC,20170825,32.49,32.49,31.48,31.82,2000
ECHO,20170825,13.55,14,13.25,13.8,670300
ECOL,20170825,46.7,47.6,45.85,47.25,38000
ECPG,20170825,39.6,39.75,39.15,39.45,65100
EDAP,20170825,2.78,2.83,2.69,2.82,29700
EDIT,20170825,19.56,20.4,19,19.1,1459100
EDUC,20170825,5.185,5.375,5.09,5.375,4700
EEFT,20170825,96.58,96.88,95.24,95.46,276700
EEMA,20170825,69.6,69.79,69.27,69.46,23400
EFAS,20170825,18.27,18.27,18.27,18.27,200
EFOI,20170825,9.6,10,9,9.5,35800
EFSC,20170825,38.55,38.65,38.1,38.45,79100
EGAN,20170825,1.85,1.85,1.7,1.75,13100
EGBN,20170825,62.45,62.5,61.5,62.25,63900
EGLE,20170825,31.5,33.6,31.15,33.46,621600
EGRX,20170825,55.01,56.62,54.455,55.14,240800
EHTH,20170825,19.32,23.08,19.16,22.86,571800
EIGR,20170825,8.1,8.1,7.76,8,67000
EKSO,20170825,18.9,19.5,18.6,18.75,193500
ELSE,20170825,3.46,3.46,3.45,3.45,300
ELTK,20170825,0.65,0.65,0.65,0.65,100
EMB,20170825,116.22,116.4,116.18,116.38,982200
EMCB,20170825,72.83,72.865,72.5,72.774,5200
EMCF,20170825,28.46,28.46,28.46,28.46,0
EMIF,20170825,33.42,33.535,33.377,33.46,21600
EMKR,20170825,9,9,8.75,8.8,98700
EML,20170825,25.1,25.35,24.75,25,5800
EMXC,20170825,51.52,51.52,51.52,51.52,200
ENDP,20170825,8.81,9.19,8.79,8.99,4341900
ENG,20170825,1.1,1.12,1.1,1.12,6000
ENPH,20170825,0.91,0.94,0.9,0.94,199800
ENSG,20170825,20,20.095,19.4,19.87,335000
ENTA,20170825,40.53,43.93,40.53,43.09,610900
ENTG,20170825,24.55,24.65,24.15,24.4,592800
ENZL,20170825,46.98,47.16,46.82,46.97,8700
EPAY,20170825,29.03,29.19,28.94,29.05,251800
EPIX,20170825,6.8,7.8,6.2,6.6,278300
EPZM,20170825,16.25,16.95,16,16.5,495300
EQBK,20170825,34.15,34.57,33.92,34.1,70900
EQIX,20170825,465.24,468.16,463.71,466.19,438600
EQRR,20170825,38.79,38.79,38.79,38.79,0
ERIC,20170825,5.91,5.95,5.895,5.93,1998900
ERIE,20170825,120.84,121.36,119.74,120.92,18300
ERII,20170825,6.4,6.58,6.34,6.5,369900
ESBK,20170825,20.33,20.33,20.33,20.33,100
ESCA,20170825,11.9,12.05,11.85,12,13100
ESEA,20170825,11.12,12.16,11.12,12,145200
ESGD,20170825,64.3,64.52,64.3,64.49,44500
ESGE,20170825,34.8,34.84,34.715,34.77,5200
ESGR,20170825,204.3,204.5,202.4,203.65,22200
ESGU,20170825,53.7,53.7,53.58,53.62,4100
ESLT,20170825,134.67,136.18,134.51,135.7,18700
ESPR,20170825,46.55,48.8,46.51,48.27,727900
ESQ,20170825,15.35,15.5,15,15.075,4000
ESSA,20170825,15.04,15.37,14.82,15.16,8800
ESXB,20170825,8.5,8.5,8.1,8.25,34500
ETSY,20170825,16,16.03,15.44,15.64,990100
EUFN,20170825,22.73,22.875,22.73,22.8,684300
EVBG,20170825,22.78,22.915,22.2,22.55,358300
EVGBC,20170825,99.97,99.97,99.97,99.97,0
EVGN,20170825,4.6,4.61,4.6,4.6,700
EVK,20170825,2.3,2.35,2.3,2.3,1100
EVLMC,20170825,99.94,99.94,99.94,99.94,0
EVLV,20170825,0.97,0.97,0.94,0.955,57100
EVOK,20170825,2.47,2.55,2.45,2.51,19400
EVOL,20170825,4.7,4.9,4.575,4.9,24100
EVSTC,20170825,99.97,99.97,99.97,99.97,0
EWBC,20170825,55.65,56.08,55.44,55.67,452400
EWZS,20170825,15.86,15.86,15.7,15.73,81600
EXAS,20170825,41.22,41.22,39.64,39.96,1253200
EXEL,20170825,27.4,27.81,27.1,27.16,2123500
EXLS,20170825,55.5,55.88,55.25,55.41,108300
EXPD,20170825,55.25,55.46,55.005,55.05,688200
EXPE,20170825,151.53,151.745,148.47,149.26,1171400
EXPO,20170825,32.625,32.925,32.125,32.9,119000
EXTR,20170825,10.77,10.97,10.715,10.84,975600
EYEG,20170825,15,16.2,15,15.9,194500
EYES,20170825,8,8.16,7.92,8,119200
EYESW,20170825,0.26,0.26,0.26,0.26,9300
EZPW,20170825,9,9.15,8.95,9.05,279700
FAAR,20170825,29.18,29.18,29.18,29.18,1300
FAB,20170825,51.21,51.49,51.21,51.49,28000
FAD,20170825,58.35,58.66,58.35,58.56,1300
FALN,20170825,27.52,27.54,27.49,27.52,4200
FANG,20170825,89.38,89.55,88.48,88.74,413600
FANH,20170825,8.66,8.79,8.6,8.6,12800
FARM,20170825,32.45,32.45,31.35,31.85,60900
FARO,20170825,33.15,33.85,32.95,33.7,64400
FAST,20170825,20.675,20.875,20.55,20.73,2564200
FATE,20170825,3.12,3.155,3.04,3.08,44900
FB,20170825,167.86,168.38,166.18,166.32,12614400
FBIO,20170825,4.44,4.48,4.25,4.4,178400
FBIZ,20170825,21.04,21.18,20.98,21.15,9900
FBMS,20170825,27.4,27.5,27.4,27.5,2700
FBNC,20170825,30.77,31.03,30.49,30.81,35800
FBZ,20170825,16.75,16.76,16.6,16.6,1800
FCA,20170825,26.85,26.9,26.68,26.9,3400
FCAL,20170825,50.56,50.595,50.56,50.595,9400
FCAP,20170825,32.06,32.06,32.06,32.06,0
FCBC,20170825,25.36,26.57,25.36,25.56,10600
FCCO,20170825,21.02,21.1,20.85,21.1,3000
FCCY,20170825,17.15,17.25,17.15,17.15,1000
FCEF,20170825,21.49,21.53,21.46,21.52,5700
FCEL,20170825,18,18.24,17.4,17.76,480800
FCNCA,20170825,345.54,350.6,343.79,346.42,20300
FCVT,20170825,28.03,28.18,27.97,27.99,51400
FDIV,20170825,50.64,50.87,50.64,50.65,9700
FDT,20170825,57.66,57.92,57.58,57.8,25600
FDTS,20170825,40.37,40.37,40.37,40.37,100
FDUS,20170825,16.14,16.47,16.14,16.3,66600
FEIM,20170825,8.04,8.22,7.9,7.9,6600
FELE,20170825,38.25,38.55,37.8,38.4,70700
FEM,20170825,26.37,26.46,26.31,26.43,111300
FEMB,20170825,43.75,43.75,43.46,43.74,34300
FEMS,20170825,41.33,41.52,41.33,41.47,142500
FEP,20170825,36.25,36.42,36.16,36.37,67700
FEUZ,20170825,41.2,41.23,41.12,41.23,2200
FEX,20170825,53.07,53.31,53.07,53.13,87500
FFBC,20170825,24.45,24.675,24.35,24.6,149500
FFHL,20170825,2.54,2.54,2.53,2.53,900
FFIC,20170825,27.29,27.58,26.98,27.42,25100
FFIN,20170825,20.225,20.425,19.875,20.3,64600
FFIV,20170825,117.64,118.95,117.5,117.6,408000
FFNW,20170825,16.17,16.26,16,16.02,10200
FFWM,20170825,16.77,17.03,16.62,16.91,87500
FGBI,20170825,26.62,27.25,26.05,27.24,6000
FGEN,20170825,43.3,43.7,42.2,42.8,989400
FGM,20170825,45.99,46.34,45.99,46.29,7900
FHB,20170825,27.66,27.82,27.47,27.49,173200
FIBK,20170825,35.9,36.05,35.55,35.8,169300
FINX,20170825,19.63,19.75,19.59,19.68,16000
FISI,20170825,27.3,27.5,27.15,27.35,39700
FISV,20170825,60.995,61.47,60.835,61.16,869800
FITB,20170825,26.92,27,26.66,26.67,4254000
FITBI,20170825,29.88,29.89,29.77,29.85,8900
FIVE,20170825,50.14,50.41,49.27,50.34,923600
FIVN,20170825,21.16,21.18,20.67,20.76,447500
FIXD,20170825,50.91,50.98,50.83,50.98,95900
FIZZ,20170825,115.01,115.01,113.44,113.68,134300
FJP,20170825,53.74,53.87,53.74,53.8,1900
FKU,20170825,37.18,37.2,37.071,37.095,13300
FLDM,20170825,3.69,4.25,3.62,4.22,380900
FLEX,20170825,15.85,15.945,15.71,15.715,1880100
FLGT,20170825,5.44,5.58,5.22,5.22,23100
FLIC,20170825,27.05,27.2,26.9,27,32200
FLL,20170825,2.49,2.57,2.49,2.5,41100
FLN,20170825,21.84,21.9,21.82,21.87,4900
FLWS,20170825,8.1,8.95,8.1,8.95,520600
FLXN,20170825,25.71,25.71,24.19,24.48,502900
FLXS,20170825,43.61,45.62,43.61,44.75,29500
FMAO,20170825,62,62.42,60.93,61.8,8600
FMB,20170825,53.37,53.42,53.23,53.23,21400
FMBH,20170825,34.42,35,34.42,34.92,25600
FMBI,20170825,21.2,21.45,21.13,21.29,541800
FMNB,20170825,13.45,13.65,13.3,13.45,48300
FNHC,20170825,15.14,15.26,15.02,15.06,110800
FNK,20170825,32.64,32.9,32.64,32.89,4600
FNLC,20170825,25.47,25.85,25.36,25.53,5900
FNWB,20170825,15.88,16,15.87,15.89,14600
FNX,20170825,58.73,58.8,58.37,58.68,16200
FNY,20170825,34.75,34.75,34.47,34.54,3900
FOLD,20170825,13.19,13.235,12.85,13.1,1805300
FONR,20170825,27.5,27.595,26.8,26.9,14700
FORD,20170825,1.08,1.14,1.06,1.12,62400
FORM,20170825,14.4,14.65,14.1,14.3,672400
FORR,20170825,40.45,40.7,39.95,40.6,28800
FORTY,20170825,37.6,37.6,37.6,37.6,0
FOSL,20170825,8.22,8.8,8.11,8.64,3128200
FOX,20170825,26.66,26.97,26.58,26.72,2628400
FOXA,20170825,27.2,27.47,27.08,27.25,3987800
FOXF,20170825,38.65,38.85,38.3,38.75,134300
FPA,20170825,34.01,34.03,33.99,34.03,2700
FPAY,20170825,4.09,4.15,4.09,4.15,3300
FPXI,20170825,34.57,34.71,34.43,34.48,15800
FRBA,20170825,12.25,12.25,12,12.15,12300
FRBK,20170825,8.65,8.75,8.5,8.7,51500
FRGI,20170825,17.5,17.75,17,17.55,348600
FRME,20170825,39.93,39.98,39.33,39.82,131300
FRPH,20170825,44.1,44.1,43.7,44.05,10800
FRPT,20170825,15.85,15.85,15.4,15.55,127700
FRSH,20170825,5.55,5.8,5.55,5.72,312600
FRSX,20170825,5.41,5.42,5.15,5.15,13600
FRTA,20170825,4.24,4.64,4.16,4.58,817300
FSBC,20170825,15.25,15.3,15.1,15.3,20100
FSBW,20170825,49.51,50,49.51,49.97,9700
FSFG,20170825,52.9,52.9,52.9,52.9,700
FSLR,20170825,47.37,47.73,47.22,47.42,816200
FSTR,20170825,18.05,18.5,17.95,18.35,54800
FSV,20170825,66.4,66.77,66.25,66.6,39700
FSZ,20170825,50.36,50.54,50.36,50.47,4100
FTA,20170825,49.73,49.92,49.73,49.77,24200
FTAG,20170825,25.59,25.59,25.59,25.59,0
FTC,20170825,55.58,55.58,55.2,55.21,40600
FTCS,20170825,46.13,46.23,46.02,46.05,32800
FTEK,20170825,0.86,0.86,0.83,0.835,29300
FTFT,20170825,1.65,1.655,1.52,1.61,15800
FTGC,20170825,20.01,20.01,19.88,19.91,16900
FTHI,20170825,21.78,21.78,21.67,21.76,9800
FTLB,20170825,21.57,21.57,21.57,21.57,500
FTNT,20170825,37.48,37.65,37.08,37.18,891000
FTRI,20170825,11.52,11.53,11.5,11.53,800
FTSL,20170825,48.33,48.34,48.28,48.32,124000
FTSM,20170825,59.98,60.01,59.97,60.01,256700
FTXD,20170825,19.09,19.09,19.09,19.09,0
FTXG,20170825,19.86,19.86,19.86,19.86,500
FTXH,20170825,19.26,19.54,19.26,19.54,1600
FTXL,20170825,25.5,25.5,25.31,25.35,1000
FTXN,20170825,17.17,17.17,17.16,17.16,2000
FTXO,20170825,25.9,26.16,25.9,26,92400
FTXR,20170825,22.24,22.24,22.24,22.24,0
FULT,20170825,17.45,17.65,17.4,17.6,703900
FUNC,20170825,14.95,15.3,14.85,15.275,2300
FUND,20170825,7.39,7.44,7.38,7.43,18600
FUSB,20170825,11.3,11.47,11.3,11.47,1300
FV,20170825,25.22,25.25,25.11,25.14,309800
FVC,20170825,23.475,23.494,23.4,23.42,12400
FVE,20170825,1.5,1.6,1.5,1.6,29900
FWONA,20170825,37.03,37.57,36.13,36.41,369000
FWONK,20170825,38.63,39,37.35,37.66,1752000
FWP,20170825,24.12,24.6,24,24.505,76900
FWRD,20170825,50.57,51.72,50.37,50.97,70600
FYC,20170825,38.12,38.12,37.66,37.79,8900
FYT,20170825,32.67,32.8,32.54,32.74,16100
FYX,20170825,53.97,54.24,53.88,54.1,24400
GABC,20170825,32.02,32.14,31.83,31.93,23800
GAIA,20170825,11.6,11.6,11.3,11.4,40500
GAIN,20170825,9.24,9.31,9.21,9.21,67300
GAINN,20170825,25.55,25.65,25.55,25.65,1200
GALT,20170825,1.8,1.82,1.71,1.75,77200
GASS,20170825,3.2,3.35,3.2,3.31,99700
GBCI,20170825,33.7,33.89,33.51,33.7,93200
GBDC,20170825,19.19,19.2,18.97,19.02,139000
GBLI,20170825,39.1,39.91,39.08,39.33,6100
GBLIL,20170825,25.88,26,25.88,26,11300
GBT,20170825,27.9,28.2,27.35,27.45,635200
GCBC,20170825,23,23,22.155,22.95,4800
GDEN,20170825,22.49,22.6,22.33,22.47,18800
GDS,20170825,8.96,9.1,8.94,8.97,26400
GECC,20170825,10.88,10.95,10.71,10.95,21800
GENC,20170825,15.85,16.1,15.55,15.65,17100
GENE,20170825,3.2,3.28,2.88,3.08,160000
GENY,20170825,30.42,30.42,30.42,30.42,100
GEOS,20170825,15.6,15.89,15.48,15.51,30700
GERN,20170825,2.06,2.08,2,2,664900
GEVO,20170825,11.6,12.6,11.6,12,463300
GFED,20170825,21.75,21.85,21.75,21.77,4900
GGAL,20170825,45.32,45.82,43.805,45.2,397200
GIFI,20170825,10.8,11.2,10.65,11.1,31900
GIGM,20170825,3.12,3.12,3.1,3.1,4100
GIII,20170825,26.99,27.89,26.96,27.2,794500
GILD,20170825,74.23,74.43,73.69,73.79,3729000
GILT,20170825,5.44,5.49,5.44,5.49,6600
GLAD,20170825,9.19,9.23,9.08,9.14,126900
GLBL,20170825,5.05,5.05,5,5.05,497200
GLBS,20170825,940,970,910,930,55500
GLBZ,20170825,10.5,10.73,10.5,10.73,3800
GLDD,20170825,3.7,3.825,3.7,3.8,102900
GLDI,20170825,9.29,9.31,9.23,9.29,18000
GLMD,20170825,7.38,7.97,7.38,7.97,20500
GLNG,20170825,21.4,21.74,21.23,21.52,560800
GLPG,20170825,90.12,90.3,89.46,89.57,96600
GLPI,20170825,38.44,38.67,38.31,38.46,387300
GLRE,20170825,22.05,22.175,22,22,55100
GLYC,20170825,11.57,11.57,10.775,11.11,409300
GNCA,20170825,34.4,36.8,33.68,36.56,282200
GNMA,20170825,49.86,49.97,49.86,49.9,20800
GNTX,20170825,18,18.11,17.89,17.94,3013500
GNTY,20170825,31.82,32.25,31.33,31.78,11100
GNUS,20170825,2.98,3.065,2.95,3.06,5300
GOGL,20170825,9.24,9.95,9.24,9.83,677100
GOGO,20170825,13.75,13.93,13.69,13.81,540700
GOOD,20170825,21.29,21.31,21.04,21.19,123800
GOODO,20170825,25.68,25.68,25.51,25.68,200
GOOG,20170825,923.49,925.555,915.5,915.89,1053300
GOOGL,20170825,939.21,940.73,930.1,930.5,1187300
GPAC,20170825,10,10.01,10,10,4100
GPACU,20170825,11.135,11.135,11.135,11.135,0
GPACW,20170825,0.75,0.75,0.73,0.75,11400
GPP,20170825,18.55,18.65,18.55,18.6,7200
GPRE,20170825,16.75,17.35,16.575,17.15,725000
GPRO,20170825,9.43,9.44,9.13,9.13,3102900
GRBK,20170825,9.2,9.5,9.15,9.5,67600
GRFS,20170825,20.52,20.73,20.43,20.49,512500
GRID,20170825,45.86,45.88,45.68,45.88,1700
GRMN,20170825,52.41,52.8,52.32,52.53,627700
GROW,20170825,1.29,1.37,1.28,1.325,9800
GRPN,20170825,81.8,82.2,80.8,81.4,3621500
GRVY,20170825,9.775,9.975,9.745,9.9,6600
GSBC,20170825,48.9,49.25,48.75,48.95,8600
GSIT,20170825,6.28,6.39,6.25,6.36,37900
GSM,20170825,13.7,13.7,13.28,13.62,338000
GT,20170825,30.09,30.29,29.99,30.07,1975200
GTHX,20170825,17.29,17.82,17,17.25,36600
GTIM,20170825,2.7,2.9,2.7,2.9,32900
GTYH,20170825,10.01,10.01,10.01,10.01,0
GURE,20170825,9.1,9.25,9,9.05,57900
GWGH,20170825,10.69,10.85,10.65,10.65,4700
GWRS,20170825,9.73,9.73,9.57,9.7,12500
GYRO,20170825,20.5,20.5,20.5,20.5,0
HA,20170825,42.3,44.3,42.3,43.85,1030400
HAFC,20170825,26.95,27.15,26.8,27.05,47500
HAIN,20170825,39.34,40.55,39.3,40.4,2106600
HALL,20170825,11.14,11.14,10.8,10.98,40500
HALO,20170825,12.6,12.67,12.2,12.29,562700
HAS,20170825,95.28,96.06,95.08,95.2,988200
HAYN,20170825,30.8,31.15,30.02,30.69,81600
HBAN,20170825,12.74,12.835,12.71,12.76,7728200
HBANN,20170825,26,26,25.85,25.85,2600
HBANP,20170825,1449.96,1450,1430,1450,300
HBCP,20170825,40.24,41.51,39.85,41.2,10100
HBIO,20170825,2.825,3,2.825,2.95,125300
HBMD,20170825,19.45,19.5,19,19.5,39600
HBNC,20170825,17.3333,17.5,17.2667,17.3533,86100
HBP,20170825,5.1,5.12,5.06,5.11,45800
HCCI,20170825,18.75,19.35,18.6,18.8,160000
HCKT,20170825,13.51,13.7,13.495,13.52,84300
HCM,20170825,23.5,24.4,22.9,24.2,35200
HCSG,20170825,51.25,51.26,50.59,50.95,154700
HDSN,20170825,8.54,8.62,8.43,8.55,400200
HEAR,20170825,2.48,2.52,2.32,2.48,49500
HEES,20170825,20.44,20.57,20.16,20.29,224100
HELE,20170825,97.45,97.9,96.8,97.15,109300
HEWG,20170825,27.12,27.21,27.03,27.04,103600
HFBL,20170825,27,27,27,27,0
HFWA,20170825,26.6,26.75,26.35,26.5,68500
HGSH,20170825,2.98,3,2.86,2.86,6600
HIBB,20170825,11.8,12.25,11.65,12,676800
HIFS,20170825,174.99,177.34,174.99,177.34,600
HIHO,20170825,3.7,3.7,3.55,3.55,5000
HIMX,20170825,8.82,8.87,8.65,8.66,1461800
HLG,20170825,15.66,16,15.35,15.965,27900
HLIT,20170825,3.3,3.3,3.2,3.275,565100
HLNE,20170825,22.72,23.23,21.36,22.92,146200
HMHC,20170825,9.95,10.05,9.9,9.95,951800
HMNF,20170825,17.65,17.74,17.65,17.65,1000
HMST,20170825,25,25.45,24.85,25.15,158700
HMTV,20170825,12.75,12.85,12.75,12.8,51000
HNNA,20170825,14.75,14.85,14.69,14.69,10300
HNRG,20170825,5.72,5.84,5.63,5.82,38200
HOFT,20170825,39.35,39.5,38.85,39.05,20000
HOLI,20170825,20.41,20.49,20.105,20.12,208700
HOLX,20170825,37.63,38.06,37.63,37.91,2976600
HOMB,20170825,23.97,24.17,23.82,23.92,386000
HONE,20170825,9.8614,9.8614,9.6999,9.7667,23900
HOPE,20170825,16.44,16.495,16.26,16.35,426400
HOVNP,20170825,6.44,6.55,6.44,6.55,500
HQY,20170825,41.68,41.96,40.75,40.88,413400
HRTX,20170825,16.6,16.8,16.3,16.4,331500
HRZN,20170825,10.25,10.3,10.2,10.23,25500
HSIC,20170825,171.88,172.465,170.78,171.57,484000
HSII,20170825,18.3,18.35,18.05,18.2,79300
HSKA,20170825,98.85,99.3,95.75,95.8,31500
HSON,20170825,14.7,15.3,14.7,15.3,26600
HSTM,20170825,23.11,23.275,22.74,22.86,62800
HTBI,20170825,23.1,23.4,23.1,23.25,20200
HTBK,20170825,13.46,13.62,13.44,13.56,40900
HTBX,20170825,5.1,5.4,5,5.2,769400
HTGM,20170825,1.97,2.01,1.75,1.9,1173100
HTHT,20170825,28.155,28.155,27.31,27.55,310200
HTLD,20170825,20.68,21.31,20.58,21.22,522700
HTLF,20170825,44.55,45.15,44.3,44.95,73600
HUBG,20170825,37.2,38.35,37.1,37.85,363700
HURC,20170825,33.25,34.6,33.25,34.05,27500
HURN,20170825,30.65,30.7,30.05,30.15,89800
HVBC,20170825,14.44,14.48,14.44,14.48,1200
HWBK,20170825,20.45,20.6,20.45,20.5,1900
HWKN,20170825,36.25,36.25,35.7,36.1,19700
HYLS,20170825,49.1,49.12,48.95,49.1,73100
HYZD,20170825,23.95,24,23.9,23.92,24200
HZNP,20170825,13.34,13.53,13.08,13.14,2456700
IAC,20170825,105.24,105.64,103.92,104.41,353200
IART,20170825,50.19,50.215,49.26,49.54,323100
IBB,20170825,313.92,314.79,310.45,311.05,755800
IBCP,20170825,20.15,20.9,20.15,20.75,56300
IBKR,20170825,42.33,42.57,42.1,42.45,394100
IBOC,20170825,36.2,36.475,36,36.3,75200
IBTX,20170825,57.3,60.025,56.85,57.45,36000
ICAD,20170825,3.42,3.42,3.215,3.3,220000
ICBK,20170825,25.2,25.615,24.82,25.34,7400
ICCC,20170825,6.16,6.274,5.955,6.225,24000
ICCH,20170825,17.7,17.7,17.7,17.7,0
ICFI,20170825,43.6,43.85,43.3,43.65,44100
ICHR,20170825,20,20.02,19.6,19.88,466000
ICLN,20170825,9.07,9.07,9.03,9.045,23600
ICLR,20170825,107.71,108.65,107.71,108.23,247900
ICPT,20170825,111.13,111.93,108.83,109.44,172200
ICUI,20170825,168.45,169.95,168.15,169.85,198000
IDCC,20170825,70.8,70.85,69.9,70.4,134600
IDLB,20170825,28.52,28.66,28.43,28.66,54800
IDRA,20170825,14.4,14.8,14.16,14.4,317800
IDXX,20170825,153,153,150.95,151.08,525900
IEF,20170825,107.64,107.87,107.57,107.81,1007500
IEI,20170825,124.28,124.42,124.24,124.38,202200
IEP,20170825,51.01,51.49,50.18,51.49,48300
IESC,20170825,14.85,15.05,14.55,15.05,47600
IEUS,20170825,53.61,53.98,53.52,53.97,14200
IFGL,20170825,29.15,29.28,29.08,29.22,50400
IFMK,20170825,12.93,13,12.1,12.77,10300
IFV,20170825,20.91,21,20.89,20.94,336000
IGF,20170825,45.85,46.02,45.75,45.94,109400
IGOV,20170825,99.17,100.05,99.1,99.96,25900
III,20170825,3.77,3.8,3.76,3.78,13900
IIN,20170825,8.5,8.7,8.5,8.7,4800
IIVI,20170825,35.5,35.85,34.65,34.8,830100
IJT,20170825,151.73,151.78,150.995,151.46,71100
IKNX,20170825,8.59,8.75,8.59,8.67,4700
ILMN,20170825,195.29,195.29,191.06,192.19,555700
IMGN,20170825,6.83,6.88,6.45,6.53,2508500
IMKTA,20170825,23.25,24.3,23.2,24.25,196500
IMMR,20170825,7.24,7.47,7.04,7.29,254200
IMOS,20170825,17.14,17.2,17.11,17.18,42100
IMRN,20170825,6.01,6.45,5.7,5.95,10200
IMRNW,20170825,1.25,1.25,1.25,1.25,0
IMTE,20170825,7.1,7.1,7.1,7.1,1000
INBK,20170825,30.6,31.35,30.25,31.25,14500
INCR,20170825,56.35,56.75,55.825,56.2,523200
INCY,20170825,124.38,124.41,121.41,121.76,712000
INDB,20170825,70.05,70.95,68.85,70.35,69200
INDY,20170825,35.29,35.37,35.2,35.32,176300
INFI,20170825,0.96,0.97,0.94,0.95,342400
INFN,20170825,8.7,8.71,8.51,8.63,1115000
INFR,20170825,29.85,29.85,29.52,29.52,2000
INGN,20170825,93.8,93.8,92.5,92.91,110300
INO,20170825,5.79,5.79,5.6,5.61,892700
INOD,20170825,1.5,1.55,1.5,1.55,12800
INOV,20170825,13.25,13.35,12.95,13.3,480600
INPX,20170825,14040,14040,12960,13500,720400
INSE,20170825,11.45,11.45,10.9,11,2800
INSG,20170825,1.15,1.2,1.15,1.19,83800
INSM,20170825,12.91,13.22,12.51,12.61,394000
INTC,20170825,34.82,34.93,34.58,34.67,14726800
INTG,20170825,25,25,25,25,0
INTU,20170825,135.66,137.79,135.66,137.35,1530000
INVA,20170825,12.8,12.905,12.7,12.83,498800
INVE,20170825,4.85,5.05,4.85,5.03,34200
IONS,20170825,49.81,49.81,47.61,47.99,732800
IOSP,20170825,56.95,56.95,55.8,55.85,50200
IOVA,20170825,5.45,5.7,5.3,5.4,255200
IPAR,20170825,38.6,38.75,38.3,38.65,29300
IPDN,20170825,5.4,5.625,5.15,5.2,37600
IPGP,20170825,165.81,167.78,165.76,167.4,188100
IPKW,20170825,34.22,34.44,34.17,34.32,18700
IPWR,20170825,25.2,25.9,23.5,23.8,83000
IRBT,20170825,91,91.87,90.11,90.7,528500
IRCP,20170825,57,57,57,57,0
IRDM,20170825,10.4,10.4,10.2,10.3,258000
IRIX,20170825,8.51,8.93,8.5,8.85,35300
IRMD,20170825,10.02,10.05,9.95,9.95,10300
IROQ,20170825,19.68,19.68,19.68,19.68,0
IRTC,20170825,45.08,45.49,44.34,45.02,159800
IRWD,20170825,15.33,15.415,14.885,14.92,766500
ISBC,20170825,13.04,13.14,13.02,13.09,1683300
ISHG,20170825,84.39,85.06,84.37,85.06,2400
ISIG,20170825,1,1.02,0.99,0.99,2800
ISRG,20170825,991.05,992.97,976.34,978.63,273700
ISSC,20170825,3.5,3.61,3.435,3.61,52800
ISTB,20170825,50.37,50.38,50.32,50.38,68000
ISTR,20170825,21.7,21.8,21.45,21.55,17500
ITCI,20170825,15.9,16.68,15.07,15.27,1128900
ITI,20170825,5.98,6.06,5.92,5.92,70000
ITIC,20170825,174.94,174.94,172.91,172.91,900
ITRI,20170825,72.2,72.75,72,72.3,66400
ITRN,20170825,33.65,34,33.4,33.55,44300
IUSB,20170825,51.23,51.29,51.22,51.26,73000
IUSG,20170825,49.29,49.39,49.12,49.16,273500
IUSV,20170825,50.77,50.9,50.72,50.76,147600
IVAC,20170825,8.65,9.175,8.65,9.1,109000
IXUS,20170825,59.62,59.8,59.54,59.69,352700
IZEA,20170825,1.78,1.78,1.76,1.76,2900
JACK,20170825,96.53,97.585,96.17,96.97,309800
JAGX,20170825,462,556.5,420,420,431800
JAKK,20170825,35.5,35.5,34.5,35,70800
JAZZ,20170825,148.4,148.4,145.34,146,477500
JBHT,20170825,96.98,98.39,96.635,97.66,833200
JBLU,20170825,19.43,19.99,19.39,19.85,3779900
JBSS,20170825,64.23,64.49,61.86,63.62,97300
JCS,20170825,3.67,3.73,3.54,3.61,59900
JCTCF,20170825,6.975,6.975,6.975,6.975,200
JD,20170825,42.04,42.14,40.36,40.87,15744800
JJSF,20170825,125.6,126.15,124.55,124.78,42400
JKHY,20170825,99.95,100.4,99.52,100.08,209600
JNCE,20170825,15.01,15.07,14.76,14.82,75800
JOBS,20170825,58.79,59.359,57.635,58.06,141600
JOUT,20170825,61.66,63.75,61.61,63.28,36800
JRJC,20170825,27.8,28.9,26.2,27,272700
JRVR,20170825,39.3,39.66,39.14,39.63,101700
JSM,20170825,24.29,24.43,24.26,24.29,10800
JSMD,20170825,33.72,33.82,33.72,33.74,2900
JSML,20170825,33,33,33,33,0
JVA,20170825,3.94,4.02,3.89,3.89,5300
JYNT,20170825,3.85,3.99,3.85,3.98,17600
KALA,20170825,21.8,22.12,20.87,21.37,124200
KALU,20170825,97.87,97.87,95.02,96.09,88500
KALV,20170825,5.73,6.5,5.73,6.5,54600
KBAL,20170825,16.58,16.84,16.58,16.73,57400
KBSF,20170825,1.52,1.96,1.41,1.85,73300
KBWB,20170825,48.8,49.06,48.69,48.72,39300
KBWD,20170825,23.49,23.49,23.32,23.41,38700
KBWP,20170825,58.64,59.07,58.6,59.07,10200
KBWR,20170825,50.36,50.87,50.36,50.69,10300
KBWY,20170825,36.27,36.46,35.94,36.36,67400
KE,20170825,18.55,18.8,18.45,18.6,51500
KELYA,20170825,21.39,21.49,21.24,21.42,59900
KELYB,20170825,21.9,21.9,21.9,21.9,0
KEQU,20170825,25.55,25.6,25.55,25.6,700
KFFB,20170825,9.8,9.9,9.5,9.5,3900
KFRC,20170825,17.75,17.85,17.55,17.7,52600
KHC,20170825,83.28,83.32,82.45,82.6,3285700
KINS,20170825,14.8,15.2,14.8,15.2,47400
KIRK,20170825,11.55,11.71,11.23,11.3,448000
KLAC,20170825,90.71,91.43,90.08,90.48,474100
KLIC,20170825,18.7,19.04,18.54,18.63,303200
KMDA,20170825,4.9,4.95,4.25,4.55,1776000
KMPH,20170825,2.6,2.7,2.6,2.7,7000
KNDI,20170825,3.6,3.75,3.5,3.55,252500
KNSL,20170825,37.78,38.31,37.06,37.65,128300
KOPN,20170825,3.71,3.74,3.63,3.71,180000
KOSS,20170825,1.6,1.65,1.56,1.56,3000
KPTI,20170825,9.1,9.18,8.96,9.05,262200
KRMA,20170825,17.48,17.48,17.48,17.48,200
KRNT,20170825,15.4,16.05,15.3,15.75,435800
KRNY,20170825,14.25,14.4,14.15,14.25,282500
KTCC,20170825,6.86,6.96,6.85,6.94,9000
KTOS,20170825,12.55,12.62,12.16,12.34,824100
KURA,20170825,6.9,7.45,6.85,7,467700
KVHI,20170825,11,11.3,10.8,11.2,15700
LAKE,20170825,13.45,13.6,13.2,13.5,66100
LAMR,20170825,65,65.99,64.69,65.64,635800
LANC,20170825,115.48,115.53,114.54,115.07,109900
LAND,20170825,13.48,13.55,13.47,13.5,54200
LARK,20170825,28.85,29.86,28.7,28.99,2900
LAUR,20170825,14.21,14.21,13.96,14.11,479900
LAWS,20170825,22.35,22.8,22.25,22.7,7300
LBAI,20170825,18.55,18.65,18.3,18.5,73400
LBRDA,20170825,99.1,100.19,98.65,98.93,111600
LBRDK,20170825,100.26,100.28,99.01,99.26,452000
LBTYA,20170825,33.58,33.95,33.58,33.75,1675200
LBTYB,20170825,33.4,33.4,33.4,33.4,0
LBTYK,20170825,32.65,32.96,32.62,32.74,1818300
LCA,20170825,10.06,10.06,10.06,10.06,0
LCAHU,20170825,10.71,10.71,10.71,10.71,0
LCAHW,20170825,0.7,0.7,0.7,0.7,0
LCNB,20170825,18.85,19,18.8,18.9,3300
LCUT,20170825,16.9,16.95,16.75,16.85,21100
LE,20170825,12.9,13.05,12.55,12.65,256800
LECO,20170825,85.87,85.87,85.2,85.68,291200
LEDS,20170825,1.75,1.75,1.7,1.7,400
LFUS,20170825,177.93,179.72,176.8,178.26,71000
LFVN,20170825,3.74,3.83,3.7,3.77,49600
LGIH,20170825,44.2,44.74,43.61,43.79,401600
LGND,20170825,127.1,127.1,123.83,124.05,192600
LHCG,20170825,63.92,64.35,62.93,63.1,136500
LIFE,20170825,36.4,37.24,35.7,36.4,40100
LILA,20170825,25.92,26.05,25.67,25.99,104600
LILAK,20170825,25.65,25.66,25.26,25.65,373400
LINC,20170825,2.97,2.99,2.89,2.94,5000
LIND,20170825,10.81,10.86,10.76,10.82,94300
LINK,20170825,7.78,7.78,7.01,7.01,400
LITE,20170825,58,58.05,56.45,56.7,1390600
LIVE,20170825,9.95,9.95,9.75,9.88,4000
LIVN,20170825,61.98,62.13,60.62,61.69,180400
LJPC,20170825,31,31,29.3,29.72,219100
LKFN,20170825,43.83,44.7,43.14,44.06,68800
LKQ,20170825,34.01,34.34,34.01,34.3,968300
LLNW,20170825,3.59,3.66,3.59,3.62,144300
LMAT,20170825,34.2,34.41,33.44,34.07,174500
LMB,20170825,13.43,13.69,13.39,13.68,20700
LMBS,20170825,52.02,52.04,51.99,52.03,225900
LMFA,20170825,35.5,38,34,38,3200
LMNR,20170825,21.36,21.5,21,21.38,8600
LMRK,20170825,16.65,17.005,16.5,16.9,91000
LMRKO,20170825,25,25.05,25,25,3000
LMRKP,20170825,25.095,25.12,25.05,25.097,33500
LNDC,20170825,13,13.3,12.95,13.25,88500
LNTH,20170825,17,17.2,16.85,17.1,495300
LOAN,20170825,5.65,5.7,5.6,5.64,7300
LOB,20170825,22.7,22.75,22.35,22.6,40500
LOCO,20170825,11.6,11.7,11.45,11.6,165400
LOGI,20170825,35.1,35.19,34.95,35.04,190500
LOPE,20170825,79.43,80.49,79.15,79.69,171800
LORL,20170825,42.95,43.8,42.4,43.6,48800
LPCN,20170825,4.03,4.06,3.95,4.01,168300
LPLA,20170825,46.06,46.51,44.08,46.22,438600
LPSN,20170825,12.9,12.9,12.6,12.8,239100
LPTH,20170825,2.49,2.62,2.45,2.56,74600
LPTX,20170825,5.99,6.54,5.91,6.15,32500
LQDT,20170825,5.85,5.9,5.8,5.85,70300
LRCX,20170825,159.3,159.97,156.52,157.86,1272000
LSBK,20170825,15.7,15.7,15.7,15.7,0
LSCC,20170825,5.71,5.71,5.6,5.69,261400
LSTR,20170825,82.1,85.05,82.05,83.75,303700
LSXMA,20170825,43.52,43.75,43.18,43.39,161500
LSXMB,20170825,44.9,44.9,44.9,44.9,0
LSXMK,20170825,43.24,43.65,43.06,43.3,236900
LTBR,20170825,12.6,12.72,12,12.6,45800
LTRPA,20170825,13.3,13.35,12.775,12.95,1016200
LTRPB,20170825,13.55,13.55,13.5,13.5,200
LTRX,20170825,2.41,2.44,2.28,2.34,169900
LULU,20170825,60.22,60.83,59.85,60.21,1195800
LUNA,20170825,1.42,1.46,1.35,1.44,120400
LVHD,20170825,30.03,30.19,30.03,30.13,21500
LWAY,20170825,9.05,9.43,9.05,9.38,2700
LXRX,20170825,14.45,14.51,14.03,14.21,442200
LYTS,20170825,5.65,5.71,5.59,5.61,174200
MACK,20170825,1.32,1.36,1.31,1.32,903200
MACQ,20170825,10.12,10.12,10.12,10.12,300
MACQU,20170825,10.41,10.41,10.41,10.41,0
MACQW,20170825,0.34,0.34,0.34,0.34,0
MANH,20170825,41.8,42.1,41.45,41.51,345700
MANT,20170825,38.59,39.06,38.55,38.8,113200
MAR,20170825,100.79,100.97,100.15,100.66,1346300
MARA,20170825,1.16,1.2,1.12,1.16,456600
MARK,20170825,2.5,2.56,2.19,2.27,85000
MARPS,20170825,3.6,3.65,3.6,3.62,2200
MASI,20170825,84,84.19,81.41,81.97,834000
MAT,20170825,16.31,16.54,16.18,16.47,4798700
MATW,20170825,59.8,59.9,58.9,59.6,64300
MAYS,20170825,36,36,36,36,0
MBB,20170825,107.33,107.43,107.28,107.4,274100
MBCN,20170825,22,22,22,22,500
MBII,20170825,1.04,1.22,1.03,1.2,551400
MBIO,20170825,11.19,11.25,11.06,11.15,28400
MBOT,20170825,15.75,16.5,15.3,16.2,448000
MBRX,20170825,2.36,2.44,2.28,2.38,325700
MBUU,20170825,26.82,27.59,26.72,27.43,141700
MBWM,20170825,30.91,31.44,30.65,30.87,14700
MCBC,20170825,9.5,9.55,9.35,9.51,34100
MCEF,20170825,19.12,19.12,19.12,19.12,0
MCFT,20170825,17.49,17.73,17.295,17.66,40500
MCHI,20170825,62.14,62.24,61.7,61.76,1474600
MCHP,20170825,82.82,83.22,82.45,82.63,770300
MCHX,20170825,3.03,3.08,3,3.05,28500
MCRB,20170825,13.29,13.4,13.07,13.35,77700
MCRI,20170825,34.01,34.255,34.01,34.24,29000
MDGL,20170825,16.9,17.17,16.81,16.99,21400
MDGS,20170825,7.88,8.16,7.8,8.16,6400
MDIV,20170825,19.01,19.11,19.01,19.05,76800
MDLZ,20170825,41.96,42.2,41.41,41.48,11397700
MDRX,20170825,13,13.07,12.86,12.94,1009900
MDWD,20170825,6.15,6.24,6.15,6.21,2000
MDXG,20170825,16.3,16.31,15.23,15.52,2395600
MEDP,20170825,32.2,32.29,31.56,31.95,78700
MEIP,20170825,2.51,2.6,2.45,2.57,131300
MELI,20170825,249.84,249.95,244.875,246.41,667900
MEOH,20170825,45.8,46.73,45.45,46.55,633200
MERC,20170825,10.95,11.2,10.9,11.1,184800
MESO,20170825,6.49,6.49,6.49,6.49,0
METC,20170825,7.77,8.08,7.62,7.98,233500
MFIN,20170825,2.4,2.42,2.37,2.39,26800
MGEE,20170825,64.25,64.4,63.9,63.95,33500
MGI,20170825,15.82,15.82,15.7,15.76,165700
MGIC,20170825,7.75,7.8,7.65,7.7,20900
MGLN,20170825,78.6,78.8,77.45,78.5,51100
MGNX,20170825,17.52,17.63,16.94,16.97,185200
MGPI,20170825,57.53,58.12,55.88,55.99,103200
MGRC,20170825,38.76,38.93,38.16,38.57,39700
MGYR,20170825,12.54,12.54,12.54,12.54,500
MHLD,20170825,7.4,7.5,7.35,7.35,1012100
MICT,20170825,0.8,0.8,0.76,0.79,10600
MIDD,20170825,116.41,118.12,115.87,117.05,537900
MILN,20170825,17.52,17.6,17.49,17.56,6000
MIME,20170825,27.24,27.42,26.94,26.97,191800
MIND,20170825,3.3,3.59,3.25,3.31,7400
MINDP,20170825,22.7,22.89,22.38,22.89,2900
MITK,20170825,10.15,10.2,9.8,9.9,330400
MKSI,20170825,80.3,80.7,78.65,79.3,309600
MKTX,20170825,191.27,192.215,190.11,190.6,140300
MLAB,20170825,130.32,130.32,128.01,128.64,7700
MLCO,20170825,21.2,21.2,20.68,20.85,3793500
MLHR,20170825,33.25,33.475,33.2,33.35,211400
MLVF,20170825,23.55,23.55,23.25,23.35,2100
MMLP,20170825,17.25,17.275,16.55,16.75,136500
MMSI,20170825,40.95,41.15,40.55,40.65,88100
MMYT,20170825,30.95,31.35,30.2,30.4,302700
MNDO,20170825,2.45,2.45,2.43,2.44,24100
MNKD,20170825,1.5,1.66,1.5,1.55,4371500
MNOV,20170825,5.25,5.3,5.23,5.3,12500
MNRO,20170825,46.1,46.95,45.775,46.5,135200
MNST,20170825,55.17,55.7,54.93,55.22,1810000
MNTX,20170825,8.4,8.59,8.29,8.51,30700
MOFG,20170825,33.3,33.49,33,33.04,14900
MOMO,20170825,38.42,38.68,35.1,35.59,15263500
MORN,20170825,81.82,82.87,81.82,82.11,24700
MOSY,20170825,23,26.2,22,24.4,2679200
MOXC,20170825,15,15.5,14.9,14.9,12400
MPAA,20170825,26.09,26.1,25.89,26.09,75700
MPAC,20170825,9.74,9.74,9.74,9.74,1700
MPACU,20170825,10.09,10.09,10.09,10.09,0
MPACW,20170825,0.49,0.49,0.49,0.49,0
MPB,20170825,27.3,27.3,27.3,27.3,0
MPWR,20170825,98.62,98.75,97.22,97.5,329800
MRAM,20170825,16.42,16.59,15.05,15.17,206800
MRCC,20170825,13.9,14.05,13.82,13.9,56800
MRCY,20170825,47.75,47.75,46.4,46.9,491300
MRLN,20170825,25.55,25.7,25.4,25.55,12100
MRNS,20170825,11.4,11.96,11.08,11.6,564600
MRSN,20170825,16,16.46,15.5,15.84,53300
MRTN,20170825,10.5667,10.6667,10.5,10.6,124200
MRTX,20170825,5.45,5.5,5.2,5.2,42800
MRUS,20170825,14.1,14.6,13.6,13.6,9400
MRVL,20170825,16.63,17.48,16.6,17.05,14618700
MSBI,20170825,29.82,30,29.5,29.85,35600
MSEX,20170825,37.77,38.12,37.55,37.73,35500
MSFT,20170825,72.86,73.35,72.48,72.82,12794300
MSON,20170825,10.25,10.5,9.93,10,3700
MSTR,20170825,126.43,126.63,125.17,125.76,40800
MTBC,20170825,1.4,1.45,1.385,1.43,189400
MTBCP,20170825,25.26,25.44,24.92,25,36000
MTCH,20170825,18.81,19.29,18.78,18.92,1034200
MTEM,20170825,5.15,5.38,5.15,5.37,31900
MTEX,20170825,15.1,15.1,14.85,14.85,500
MTLS,20170825,12.79,12.92,12.7,12.83,35500
MTP,20170825,119.5,121.5,119.5,121.5,900
MTRX,20170825,10.1,10.475,10.1,10.45,215400
MTSI,20170825,43.59,44.93,43.32,44.07,1737500
MU,20170825,30.3,30.39,30.05,30.29,13929700
MVIS,20170825,2.13,2.15,2.09,2.15,198400
MYGN,20170825,29.48,29.64,29.19,29.32,758900
MYRG,20170825,23.65,24.07,23.56,23.89,42800
MYSZ,20170825,0.8,0.8,0.75,0.76,123400
NAII,20170825,10.55,10.55,10.405,10.55,1100
NAKD,20170825,800,815,775,780,116900
NATH,20170825,56.25,56.25,54.75,55.5,7800
NATI,20170825,39.61,39.83,39.37,39.37,286400
NATR,20170825,10.15,10.2,10,10.1,9400
NAVI,20170825,13.67,13.79,13.63,13.63,1078300
NBEV,20170825,3.55,3.59,3.39,3.42,271000
NBIX,20170825,54.21,54.48,52.62,52.83,744200
NBN,20170825,20.9,21,20.55,21,24400
NBRV,20170825,8.4,9.21,8.16,8.16,144600
NBTB,20170825,33.28,33.43,33.14,33.21,91700
NCBS,20170825,53.12,54.53,53.01,54.13,15300
NCMI,20170825,5.6,5.63,5.55,5.57,378900
NCSM,20170825,19.47,19.98,19.155,19.83,35000
NCTY,20170825,29.4,30,29.4,29.7,12700
NDAQ,20170825,75.25,76.15,75.25,75.75,560300
NDLS,20170825,3.83,3.85,3.8,3.85,25400
NDRA,20170825,3.26,3.26,3.26,3.26,0
NDRAW,20170825,0.46,0.46,0.45,0.45,2300
NDSN,20170825,108.75,109.41,107.86,108.84,490500
NEO,20170825,9.45,9.51,9.16,9.24,207000
NEOG,20170825,49.6425,50.1113,48.84,50.0025,98400
NEON,20170825,11.1,12.1,11.1,11.6,39200
NEPT,20170825,0.91,0.91,0.84,0.85,42900
NERV,20170825,5.9,5.99,5.75,5.85,185900
NESR,20170825,9.58,9.61,9.58,9.58,10700
NESRW,20170825,0.55,0.55,0.45,0.53,6000
NETE,20170825,0.31,0.35,0.3,0.33,300700
NEWT,20170825,17.19,17.22,17.02,17.09,68300
NEWTL,20170825,25.48,25.48,25.48,25.48,100
NEWTZ,20170825,26.65,26.65,26.65,26.65,0
NEXT,20170825,9.86,10.04,9.7,9.95,30300
NFBK,20170825,15.78,16.16,15.72,16.06,117100
NFLX,20170825,168.58,168.75,165.5,165.95,4064000
NH,20170825,2.95,2.95,2.84,2.85,166800
NHTC,20170825,19.83,20.32,19.64,20.04,37800
NICE,20170825,77.09,77.51,76.3,76.94,65200
NICK,20170825,8.84,8.84,8.82,8.83,2000
NKSH,20170825,37.15,37.4,37.15,37.15,4600
NKTR,20170825,18.76,18.81,18.43,18.68,602200
NMIH,20170825,11.45,11.55,11.37,11.45,173400
NNBR,20170825,25.3,25.45,24.5,25.2,341500
NNDM,20170825,42.9,42.9,42.9,42.9,0
NODK,20170825,16.1,16.2,16.01,16.12,14200
NOVN,20170825,4.14,4.58,4.13,4.27,45600
NOVT,20170825,38.45,38.7,38,38.2,106300
NRIM,20170825,27.5,28.4,27.425,28.05,63100
NSEC,20170825,13.2,13.2,13.2,13.2,500
NSIT,20170825,38.59,38.86,38.24,38.49,134100
NSSC,20170825,8.15,8.18,8.05,8.15,21500
NSTG,20170825,14.55,14.69,14.46,14.68,100100
NSYS,20170825,3.505,3.505,3.4,3.42,9200
NTAP,20170825,38.97,38.99,38.52,38.54,1987200
NTCT,20170825,32.75,32.85,32.55,32.65,447200
NTES,20170825,54.446,54.46,53.266,53.47,1400500
NTGR,20170825,47.75,47.95,47.375,47.5,139300
NTIC,20170825,8.5,8.5,8.5,8.5,0
NTLA,20170825,17.82,17.93,17.27,17.46,176900
NTNX,20170825,21.97,22.11,21.6,21.95,2251700
NTRA,20170825,11.69,11.69,11.42,11.6,73800
NTRS,20170825,89.93,90.51,89.66,89.73,1356300
NTWK,20170825,4.35,4.45,4.25,4.3,10400
NUAN,20170825,16.05,16.09,15.83,15.83,1249000
NURO,20170825,2.15,2.34,2.1,2.1,215700
NUVA,20170825,62.51,62.81,61.53,61.64,692700
NVAX,20170825,21,21.6,20.8,21.2,5298700
NVCN,20170825,840,880,780,800,134300
NVCR,20170825,20,20.15,19.35,19.65,523200
NVDA,20170825,41.5425,41.645,40.8875,40.9525,8930000
NVEC,20170825,72.4,73.61,72.33,72.9,12200
NVEE,20170825,42.5,43.95,41.9,43.5,42300
NVFY,20170825,6.7,6.7,6.25,6.35,3900
NVIV,20170825,900,900,862.5,881.25,178000
NVMI,20170825,23.2,23.24,22.75,23,95200
NWBI,20170825,15.63,15.76,15.59,15.67,414000
NWFL,20170825,43.96,44.29,43.96,44.28,2900
NWLI,20170825,337,337,335.55,336.78,3300
NWPX,20170825,15.14,16.3,15.03,16.25,36800
NWS,20170825,13.65,13.85,13.55,13.75,222000
NWSA,20170825,13.28,13.47,13.07,13.42,1492800
NXPI,20170825,112.1,112.35,111.9,112.23,1086100
NXST,20170825,61.55,62.15,60.8,60.85,295500
NXTD,20170825,1.79,1.95,1.76,1.93,558500
NYMT,20170825,6.26,6.27,6.23,6.25,289500
NYMTP,20170825,25.07,25.19,24.95,25.19,1800
NYMX,20170825,3.47,3.72,3.42,3.69,231500
OBAS,20170825,7.65,7.65,7.4,7.4,900
OBCI,20170825,4.01,4.03,3.99,4.03,7900
OBSV,20170825,7.71,7.71,6.55,6.56,24300
OCC,20170825,2.45,2.5,2.25,2.5,40300
OCFC,20170825,24.83,24.95,24.735,24.88,52900
OCUL,20170825,5.74,5.88,5.58,5.6,235500
ODFL,20170825,94.1,96.08,93.97,95.42,337700
ODP,20170825,40.4,41.6,39.9,41.4,4178500
OESX,20170825,0.89,0.95,0.87,0.93,22700
OFED,20170825,28.64,28.64,28.64,28.64,300
OFIX,20170825,48.44,48.45,47.925,48.06,81700
OFLX,20170825,56.61,57.09,56.18,57,5100
OFS,20170825,13,13.02,12.95,12.95,35900
OIIM,20170825,1.55,1.59,1.52,1.58,15600
OKTA,20170825,25.47,25.75,24.84,24.93,186100
OLD,20170825,25.73,25.73,25.73,25.73,0
OLED,20170825,113.35,113.35,110.65,111.15,450000
OLLI,20170825,43.65,44,43.1,43.7,839200
OMAB,20170825,50.1,50.15,49.03,49.3,55300
OMCL,20170825,49.25,49.35,48.25,48.35,346000
OMER,20170825,20.78,20.935,19.94,20.07,1106200
OMEX,20170825,4.04,4.23,3.95,4.08,13600
ON,20170825,16.42,16.47,16.02,16.03,4265200
ONB,20170825,16.45,16.625,16.425,16.55,419500
ONCS,20170825,9.6,9.6,9.3,9.5,10100
ONEQ,20170825,247.24,248,246.4,246.75,15200
ONTX,20170825,25.2,25.35,23.775,24.3,30200
ONVO,20170825,1.96,1.99,1.93,1.97,462800
OPGN,20170825,130,130.5,123,127.5,353100
OPHC,20170825,2.63,2.63,2.63,2.63,0
OPK,20170825,6.3,6.31,6.13,6.13,2825900
OPOF,20170825,30.46,30.7,30.25,30.4,10100
ORLY,20170825,196.59,205.41,196.26,202.28,1375900
ORMP,20170825,8.05,8.15,7.91,7.96,10800
ORRF,20170825,24.75,25.3,24.7,25.15,5600
OSBC,20170825,11.6,11.6,11.4,11.45,55100
OSIS,20170825,81.88,86.14,80.59,83.83,806200
OSTK,20170825,19.6,20.9,19.37,20.5,475100
OSUR,20170825,20.62,20.62,20.12,20.28,495500
OTEX,20170825,32.08,32.11,31.9,31.95,407100
OTIC,20170825,20.8,20.9,19.8,20.05,201400
OTTR,20170825,41.65,42.1,41.65,41.9,56700
OVBC,20170825,30.5,30.55,30.5,30.55,1500
OVID,20170825,7.25,7.34,6.65,7.19,52800
OVLY,20170825,15.155,15.155,15.155,15.155,0
OXBR,20170825,5.85,5.95,5.8,5.8,7100
OXBRW,20170825,0.48,0.48,0.35,0.35,3200
OXLC,20170825,10.83,10.91,10.81,10.88,77400
OXLCM,20170825,25.3,25.35,25.25,25.32,1600
OXLCO,20170825,25.54,25.54,25.53,25.53,200
PAAS,20170825,18.1,18.2,17.9,17.93,1045500
PACB,20170825,4.51,4.57,4.36,4.53,1081200
PACW,20170825,45.75,46.11,45.67,45.79,447000
PAHC,20170825,38.1,38.25,37.675,37.75,90900
PANL,20170825,2.5,2.53,2.47,2.47,5100
PATI,20170825,19.27,19.86,19.16,19.17,3200
PATK,20170825,46.2333,46.7333,45.9333,46.2667,30000
PAVM,20170825,4.5,4.5,4,4.25,17400
PAVMW,20170825,1.25,1.25,1.23,1.25,600
PAYX,20170825,55.77,56.45,55.61,56.22,1065300
PBCT,20170825,16.71,16.905,16.67,16.86,1699900
PBCTP,20170825,27.01,27.42,27.01,27.09,9500
PBHC,20170825,15.43,15.43,15.06,15.4,1500
PBIP,20170825,17.87,18.05,17.84,17.91,3900
PBPB,20170825,11.75,11.85,11.5,11.65,488600
PBYI,20170825,81.65,82.75,79.9,82.7,637400
PCAR,20170825,64.21,64.54,63.86,64.01,954400
PCH,20170825,45,45.55,44.78,45.35,133600
PCOM,20170825,8.68,8.85,8.61,8.74,18000
PCRX,20170825,37.05,37.2,35.725,35.75,354400
PCSB,20170825,17.25,17.27,17.18,17.2,42300
PCTI,20170825,6.32,6.5,6.29,6.48,31800
PCTY,20170825,47.15,47.39,46.53,46.64,141700
PCYG,20170825,12.55,12.55,11.9,11.95,53400
PCYO,20170825,6.9,7,6.85,6.95,45300
PDBC,20170825,16.23,16.26,16.11,16.18,127500
PDCE,20170825,38.6,38.99,38.25,38.69,503900
PDCO,20170825,37.43,37.88,36.93,37.75,2391600
PDEX,20170825,6.5,6.685,6.35,6.45,19900
PDFS,20170825,15.08,15.08,14.48,14.62,337100
PDP,20170825,47.71,47.78,47.51,47.54,56400
PEBK,20170825,29,30.3,29,29.98,4800
PEBO,20170825,30.57,30.97,30.43,30.86,25600
PEGA,20170825,54.75,55.55,54.6,55.15,239300
PENN,20170825,20.92,21.02,20.65,20.96,541100
PERI,20170825,3.75,3.75,3.69,3.69,51800
PESI,20170825,3.55,3.6,3.5,3.6,7100
PETQ,20170825,26.32,26.99,25.39,26.15,213600
PETS,20170825,36.63,37.36,34.89,35.14,2419400
PEY,20170825,16.7,16.82,16.7,16.76,95600
PEZ,20170825,44.53,44.62,44.5,44.62,1500
PFBC,20170825,54.83,54.94,54.26,54.65,24500
PFF,20170825,38.85,38.86,38.8,38.845,1522400
PFI,20170825,31.871,31.955,31.871,31.9,1000
PFIE,20170825,1.59,1.65,1.58,1.62,177200
PFIN,20170825,6.08,6.33,6.08,6.33,1800
PFIS,20170825,41.49,41.725,40.805,41.72,4200
PFLT,20170825,14.19,14.34,14.19,14.26,139600
PFM,20170825,24.14,24.25,24.14,24.18,14000
PFMT,20170825,1.79,1.86,1.79,1.83,3700
PFSW,20170825,7.62,7.78,7.5,7.6,28100
PGC,20170825,30.27,30.71,30.15,30.47,56300
PGJ,20170825,43.12,43.12,41.68,41.81,23900
PHO,20170825,26.59,26.75,26.59,26.67,20900
PI,20170825,36.18,38.49,36.1,36.42,1457200
PID,20170825,15.76,15.78,15.72,15.74,108600
PIE,20170825,18.86,18.92,18.84,18.85,54500
PINC,20170825,33.14,33.34,32.6,32.9,559700
PIO,20170825,23.78,23.92,23.75,23.92,9800
PIRS,20170825,5.26,5.28,5,5.05,290100
PIXY,20170825,150.8,158.4,150.8,158.4,37300
PIZ,20170825,26.39,26.47,26.36,26.46,27100
PKBK,20170825,17.8182,18,17.8182,17.9545,2700
PKOH,20170825,39.55,39.75,39.4,39.55,13800
PKW,20170825,53.2,53.43,53.19,53.25,27800
PLAB,20170825,7.85,7.975,7.8,7.9,289800
PLAY,20170825,60.02,60.66,59.57,59.68,569000
PLBC,20170825,19.95,19.95,19.95,19.95,0
PLCE,20170825,101.4,103.45,101.4,102.85,262000
PLPC,20170825,50.275,52.5,50.275,51.33,4300
PLSE,20170825,21.34,21.52,19.9,20.2,205600
PLUG,20170825,2.17,2.2,2.14,2.16,1667200
PLUS,20170825,81.75,82.15,81,81.6,37000
PLW,20170825,32.99,33.12,32.99,33.1,55200
PLXP,20170825,6.85,7,6.75,6.8,42100
PLXS,20170825,50.15,50.39,49.8,50.17,90000
PLYA,20170825,11.22,11.22,10.82,10.98,370700
PMBC,20170825,8.15,8.3,8.15,8.25,8100
PMD,20170825,20.78,20.94,20.33,20.61,26300
PME,20170825,3.46,3.46,3.35,3.35,9700
PMTS,20170825,5.5,5.6,5.05,5.25,394400
PNBK,20170825,16.63,16.63,16.63,16.63,0
PNFP,20170825,60.8,62,60.8,61.85,340800
PNNT,20170825,7.61,7.66,7.56,7.56,167000
PNQI,20170825,107.58,107.58,106.22,106.25,20400
PNRG,20170825,46.55,46.55,46.55,46.55,0
PODD,20170825,58.06,58.07,56.92,57.18,200200
POLA,20170825,4.45,4.89,4.35,4.89,45400
POOL,20170825,101.36,101.49,98.53,99.62,788200
POWI,20170825,35.575,35.94,35.075,35.275,104100
POWL,20170825,27.66,28.66,27.66,28.13,59700
PPBI,20170825,36.6,36.9,36.55,36.675,128000
PPC,20170825,28.52,28.73,28.35,28.4,1119700
PPH,20170825,54.68,54.95,54.66,54.66,5600
PPIH,20170825,8.8,8.8,8.45,8.8,6900
PPSI,20170825,5.95,6.15,5.9,6.15,4200
PRAA,20170825,29.95,30,29.6,29.75,304800
PRFT,20170825,17.62,17.73,17.45,17.71,86000
PRFZ,20170825,115.98,116.34,115.6,116.06,35400
PRGS,20170825,33.37,33.89,33.09,33.1,197800
PRIM,20170825,26.78,28.005,26.78,27.95,389100
PRN,20170825,54.46,54.5,54.23,54.34,2200
PROV,20170825,19.1,19.33,19.1,19.3,7800
PRPH,20170825,2.27,2.28,2.25,2.26,20400
PRPO,20170825,35.25,35.85,34.95,35.55,56600
PRQR,20170825,4.5,4.55,4.45,4.5,9200
PRTA,20170825,56.11,56.65,55.33,55.74,88200
PRTK,20170825,24.9,25,23.8,24.55,932600
PRTS,20170825,2.63,2.74,2.61,2.7,105800
PSC,20170825,27.61,27.61,27.61,27.61,0
PSCC,20170825,66.86,67.38,66.86,67.21,1800
PSCD,20170825,51.16,51.46,51.16,51.46,1400
PSCE,20170825,11.77,11.94,11.77,11.93,52800
PSCF,20170825,50.14,50.54,50.14,50.53,10900
PSCH,20170825,85.79,85.79,84.92,85.08,4200
PSCI,20170825,53.4,53.51,53.2,53.36,4100
PSCM,20170825,44.56,44.677,44.505,44.677,700
PSCT,20170825,72.98,73.1,72.57,72.86,24700
PSCU,20170825,54.15,54.2,54,54.09,9000
PSEC,20170825,7.17,7.185,7.07,7.13,4135900
PSET,20170825,29.28,29.28,29.28,29.28,0
PSL,20170825,60.805,61.091,60.73,60.754,1200
PSMT,20170825,81.55,82,80.9,81.3,139800
PSTI,20170825,11.4,11.4,11.2,11.4,81200
PTC,20170825,55,55.76,54.89,55.16,947100
PTCT,20170825,19.25,19.51,18.78,19.17,371700
PTEN,20170825,15.37,15.97,15.32,15.85,3699400
PTF,20170825,47.585,47.585,47.2,47.2,1000
PTGX,20170825,14.03,14.05,13.12,13.77,60500
PTH,20170825,62.34,62.705,61.61,61.834,5000
PTNR,20170825,4.88,4.88,4.88,4.88,100
PTSI,20170825,18.12,18.8,17.92,18.42,6200
PUI,20170825,29.09,29.2,29.08,29.09,5300
PULM,20170825,17.1,17.9,16.7,17.3,46700
PVAC,20170825,39.07,39.15,38.18,38.77,24900
PVBC,20170825,10.375,10.375,10.3,10.3,1400
PWOD,20170825,28.4,28.4,27.9467,28.2733,4000
PXI,20170825,30.73,31.12,30.73,30.99,9200
PXLW,20170825,4.37,4.37,4.23,4.25,129700
PXS,20170825,1.8,1.9,1.77,1.85,3800
PY,20170825,29.07,29.07,29.07,29.07,100
PYPL,20170825,60.33,60.58,59.61,59.97,4087400
PYZ,20170825,61.9,61.9,61.9,61.9,300
PZZA,20170825,77.57,78.55,76.92,77.38,703100
QABA,20170825,48.36,48.64,48.17,48.45,32600
QADA,20170825,32,32.55,31.325,32.15,64300
QADB,20170825,22.51,26,22.51,25.24,800
QAT,20170825,16.74,16.74,16.63,16.65,4300
QCLN,20170825,18.54,18.54,18.17,18.17,14600
QCOM,20170825,52.78,52.85,52.02,52.03,8684600
QCRH,20170825,43.6,44.3,43.6,44.05,15700
QDEL,20170825,33.6,33.6,32.05,32.64,606700
QIWI,20170825,16.99,17.13,16.12,16.52,465900
QLYS,20170825,45.95,46.65,45.25,45.4,166400
QNST,20170825,4.95,5.15,4.8,5.13,169600
QQEW,20170825,53.68,53.76,53.36,53.41,29800
QQQ,20170825,142.8,143.18,141.78,141.97,26380400
QQQX,20170825,21.64,21.69,21.43,21.5,65000
QQXT,20170825,45.63,45.66,45.59,45.66,1500
QRHC,20170825,1.43,1.44,1.31,1.43,140600
QRVO,20170825,70.52,71.26,70.2,70.93,837400
QTEC,20170825,64.51,64.67,64.13,64.2,92000
QTNT,20170825,3.59,3.59,3.35,3.46,107100
QUIK,20170825,17.92,18.2,17.78,18.06,120100
QUMU,20170825,2.76,2.78,2.72,2.77,9700
QURE,20170825,7.84,8.02,7.73,7.94,51500
QYLD,20170825,23.66,23.78,23.61,23.61,17300
RADA,20170825,3.01,3.15,2.97,3,764700
RAIL,20170825,16.71,16.88,16.54,16.68,52500
RAND,20170825,26.55,26.55,25.38,25.74,29000
RARE,20170825,51.61,51.83,51.01,51.4,385900
RAVE,20170825,1.54,1.54,1.48,1.5,114500
RAVN,20170825,29.75,29.75,27.1,27.35,327300
RBB,20170825,22.71,22.92,22.53,22.92,48200
RBCAA,20170825,34.61,35.16,34.53,34.94,7700
RBCN,20170825,8.06,8.15,8.06,8.15,1600
RCII,20170825,12.32,12.4,12.13,12.29,818100
RCKY,20170825,13.55,13.95,13.55,13.775,12100
RCM,20170825,3.22,3.23,3.15,3.2,246600
RCMT,20170825,5.3,5.5,5.23,5.5,17000
RCON,20170825,5.25,5.5,5.1,5.35,28000
RDCM,20170825,18.75,18.8,18.35,18.75,13000
RDFN,20170825,25.47,25.8,24.87,24.89,973000
RDHL,20170825,8.58,8.89,8.58,8.78,31900
RDI,20170825,15.57,15.83,15.52,15.6,31300
RDIB,20170825,20,20,20,20,0
RDNT,20170825,9.8,9.9,9.55,9.7,155200
RDUS,20170825,37.34,37.38,36.3,37,757800
RDVY,20170825,27,27.04,26.88,26.89,73000
RDWR,20170825,17.44,17.5,17.32,17.4,94500
REFR,20170825,1.18,1.27,1.18,1.27,113100
REGI,20170825,11.75,12,11.75,12,221000
REGN,20170825,485.25,487.77,477.38,477.8,531600
RELL,20170825,5.7,5.76,5.68,5.69,17500
RELY,20170825,1.7,1.75,1.7,1.7,168100
REPH,20170825,6.97,7.21,6.85,7.01,71600
RESN,20170825,4.36,4.36,4.15,4.15,31600
RETA,20170825,27.85,28.3,27.31,27.69,152400
RFDI,20170825,61.54,61.98,61.54,61.63,102400
RFEM,20170825,67.63,67.76,67.53,67.53,5600
RFEU,20170825,62.98,63.21,62.73,63.05,134100
RFIL,20170825,1.8,1.8,1.8,1.8,400
RGCO,20170825,27.83,27.83,26.16,26.52,3500
RGEN,20170825,42.01,42.24,41.12,41.32,157900
RGLD,20170825,88.3,89.29,87.46,88.74,367300
RGLS,20170825,12.24,12.84,11.4,11.52,512200
RGNX,20170825,20.15,21.8,19.45,21.05,475900
RIBT,20170825,1.05,1.1,1.05,1.1,9200
RICK,20170825,24.06,24.61,23.94,24.28,33800
RIGL,20170825,2.4,2.41,2.28,2.29,246800
RILY,20170825,15.8,15.9,15.375,15.85,108600
RILYL,20170825,25.58,25.59,25.58,25.58,1100
RILYZ,20170825,25.5,25.5,25.49,25.5,13100
RING,20170825,19.02,19.06,18.82,19,165500
RIOT,20170825,3.5,3.6,3.48,3.48,10100
RKDA,20170825,8.8,8.8,8.2,8.8,45900
RMBS,20170825,12.8,12.85,12.72,12.77,294300
RMCF,20170825,11.532,11.667,11.52,11.565,5000
RMR,20170825,48.05,48.8,47.66,48.65,28400
RMTI,20170825,6.63,6.78,6.55,6.65,123500
RNDB,20170825,14.52,14.52,14.41,14.42,14300
RNDM,20170825,50.28,50.28,50.28,50.28,40200
RNDV,20170825,19.56,19.56,19.51,19.53,2100
RNEM,20170825,52.9,52.9,52.9,52.9,0
RNLC,20170825,19.74,19.78,19.74,19.78,3200
RNMC,20170825,19.38,19.38,19.38,19.38,400
RNSC,20170825,19.22,19.22,19.22,19.22,200
RNST,20170825,39.83,39.95,39.57,39.77,121000
RNWK,20170825,4.1,4.1,3.98,4,12800
ROCK,20170825,27.85,28.2,27.65,28.15,178800
ROIC,20170825,20.07,20.34,19.89,20.21,554600
ROLL,20170825,107.46,108.55,106.27,107.68,133800
ROST,20170825,58.39,59.665,58.39,59.38,6287600
RPD,20170825,16.21,16.3,16.06,16.08,89600
RPRX,20170825,0.308,0.315,0.29,0.309,249900
RRGB,20170825,58.45,59.45,58.1,58.55,137800
RRR,20170825,22.14,22.3,22.03,22.2,659800
RUN,20170825,7.47,7.55,6.83,6.91,2386400
RUSHA,20170825,26.3533,26.7,25.8533,26.1267,263500
RUSHB,20170825,24.02,24.4467,24.02,24.3333,9900
RUTH,20170825,19.6,19.85,19.35,19.8,156200
RVNC,20170825,23.3,23.32,22.61,22.8,77800
RVSB,20170825,7.84,8.06,7.83,8.05,88100
RWLK,20170825,37.5,43.75,36.25,41.25,776000
RXDX,20170825,9.35,9.5,9.1,9.3,459100
RYAAY,20170825,112.99,113.86,112.61,113.32,196400
SABR,20170825,18.36,18.44,18.295,18.35,2596900
SAFM,20170825,138.03,141.37,136.8,141.24,532500
SAFT,20170825,71.75,72.25,71.4,72.15,23700
SAGE,20170825,82.05,82.13,78.52,78.63,294400
SAIA,20170825,51.65,52.7,51.4,52.65,147400
SAL,20170825,42.2,48.35,42.2,44.4,5400
SALM,20170825,6.1,6.25,6,6.2,25200
SAMG,20170825,12.35,12.4,12.2,12.4,2600
SANM,20170825,36.15,36.55,36.1,36.3,419100
SANW,20170825,3.4,3.55,3.4,3.55,72200
SASR,20170825,38.41,38.83,38.41,38.67,21500
SATS,20170825,48.0025,48.6119,47.1413,47.8644,83800
SBAC,20170825,151.82,152.54,150.82,152.1,4331600
SBCF,20170825,22.95,23.22,22.83,23.11,106300
SBFG,20170825,16.55,16.55,16.25,16.52,2800
SBGI,20170825,30.3,30.7,30,30.1,1098900
SBLK,20170825,11.39,12.23,11.35,12.1,836500
SBNY,20170825,130.74,131.69,130.22,130.99,296900
SBRA,20170825,21.72,21.79,21.5,21.62,921200
SBSI,20170825,32.95,33.26,32.95,33.1,69900
SBUX,20170825,54.62,54.69,54.19,54.36,8601100
SCHL,20170825,38.2,39.09,38.2,38.77,134700
SCHN,20170825,25.95,26.05,25.6,26,152100
SCKT,20170825,4.02,4.04,3.94,4.04,13500
SCSC,20170825,37.4,37.9,37.15,37.5,43300
SCVL,20170825,16.51,17.23,16.34,17.13,133700
SCWX,20170825,10.57,10.79,10.17,10.48,26100
SCYX,20170825,18.5,18.5,17.9,18.5,333900
SCZ,20170825,59.77,60.03,59.67,59.97,688400
SEAC,20170825,2.6,2.62,2.57,2.58,14800
SEDG,20170825,26.9,27.2,26.65,26.8,563500
SEED,20170825,17.7,17.7,16.1,16.6,417100
SEIC,20170825,57.12,57.5,57.12,57.18,292900
SELB,20170825,16,16,15.35,15.73,46800
SELF,20170825,4.91,4.99,4.85,4.85,11500
SENEA,20170825,28.8,29,28.4,28.925,31600
SENEB,20170825,29.66,29.66,29.66,29.66,0
SFBC,20170825,31.75,31.75,31.6,31.6,700
SFM,20170825,22.16,22.27,21.31,21.84,5590100
SFNC,20170825,26.125,26.5,26,26.35,87800
SFST,20170825,35.4,35.9,35.3,35.65,18400
SGBX,20170825,77,77,76,76.2,5700
SGC,20170825,21.81,22.135,21.18,21.96,19700
SGEN,20170825,48.14,48.3,47.17,47.2,605700
SGH,20170825,18.84,18.85,18.16,18.4,56800
SGLB,20170825,19.1,20.2,18.7,18.7,33400
SGLBW,20170825,0.85,0.85,0.85,0.85,100
SGMA,20170825,8.17,8.25,8.17,8.25,4800
SGMO,20170825,10.9,11.05,10.4,10.7,1160600
SGMS,20170825,35.05,35.35,34.275,34.95,646300
SGOC,20170825,1.12,1.15,1.05,1.07,23900
SGRP,20170825,1.05,1.05,1.03,1.04,2300
SGRY,20170825,9.15,9.5,8.7,8.9,864500
SHBI,20170825,16.74,16.89,16.74,16.83,4300
SHEN,20170825,35.95,36.05,35.625,35.9,77800
SHIP,20170825,244.8,280.8,244.8,271.2,1300900
SHIPW,20170825,0.16,0.21,0.16,0.2,81200
SHOO,20170825,27.1333,27.9167,27.1333,27.8,535100
SHV,20170825,110.37,110.4,110.37,110.39,319300
SHY,20170825,84.62,84.65,84.59,84.65,513600
SIEB,20170825,3.96,3.96,3.96,3.96,400
SIEN,20170825,10.2,10.31,10.02,10.09,114200
SIFY,20170825,0.86,0.9,0.86,0.87,90800
SIGI,20170825,51.05,51.15,50.5,50.95,77500
SILC,20170825,52.19,52.45,51.93,52.14,13100
SIMO,20170825,42.14,43.588,41.815,42.75,313600
SINO,20170825,16,16,15.325,15.75,167400
SIRI,20170825,5.59,5.62,5.56,5.58,10271000
SIVB,20170825,169.68,171.49,168.53,169.64,303300
SKOR,20170825,51.12,51.12,51.12,51.12,0
SKYW,20170825,32.3,34.3,32.25,34.2,397100
SKYY,20170825,40.64,40.76,40.5,40.5,62000
SLAB,20170825,73.8,74.05,72.95,73.5,105000
SLCT,20170825,11.16,11.47,11.16,11.46,1500
SLGN,20170825,29.7,29.81,29.55,29.57,358600
SLM,20170825,10.34,10.43,10.28,10.3,999900
SLMBP,20170825,70.17,70.25,69.65,70.25,2300
SLNO,20170825,0.4,0.5,0.395,0.488,294500
SLP,20170825,14.35,14.6,14.05,14.3,49300
SLQD,20170825,50.65,50.67,50.61,50.66,34500
SLRC,20170825,21.53,21.76,21.5,21.5,80400
SLVO,20170825,8.31,8.32,8.2,8.3,35700
SMBC,20170825,32.19,33,31.94,32.75,25900
SMBK,20170825,23.1,23.39,22.91,23.31,4100
SMCI,20170825,27.35,27.9,27.3,27.5,251800
SMCP,20170825,23.53,23.53,23.53,23.53,0
SMED,20170825,5.03,5.15,5.03,5.04,3700
SMIT,20170825,1.6,1.61,1.6,1.6,19100
SMMF,20170825,21.7,21.95,21.44,21.82,6800
SMMT,20170825,12.49,12.84,12.3,12.62,8800
SMPL,20170825,11.95,11.95,11.8,11.88,241800
SMSI,20170825,1.09,1.1,1.06,1.09,8000
SMTC,20170825,38.05,38.05,37.25,37.45,331600
SNCR,20170825,16.59,16.76,16.45,16.59,200600
SND,20170825,5.61,5.62,5.39,5.54,382200
SNDX,20170825,11.96,12,11.52,11.69,24200
SNES,20170825,47,47,45.2,45.8,15900
SNFCA,20170825,6.25,6.3,5.8,6.025,32000
SNGX,20170825,2.1,2.15,2.06,2.08,13900
SNGXW,20170825,0.58,0.59,0.58,0.59,1000
SNLN,20170825,18.3,18.3,18.28,18.3,139100
SNOA,20170825,51.75,52.74,49.86,50.94,17000
SNPS,20170825,78.75,79.36,78.43,78.49,873100
SNSR,20170825,18.3,18.35,18.28,18.32,17900
SOCL,20170825,30.52,30.55,30.12,30.15,18200
SOHO,20170825,6.01,6.05,6,6.03,5700
SOHOB,20170825,25.93,26,25.7,25.7,2600
SOHU,20170825,55.01,55.59,54.55,54.66,236600
SOXX,20170825,147.84,148.1,146.35,146.58,228200
SP,20170825,37,37.6,36.95,37.3,115300
SPCB,20170825,3.18,3.26,3.16,3.25,7900
SPI,20170825,0.385,0.44,0.383,0.42,442200
SPLK,20170825,66.56,67.54,64.9,65.39,8358000
SPNE,20170825,11.37,12.24,11.335,11.38,21900
SPNS,20170825,10.8,10.84,10.71,10.8,26400
SPOK,20170825,16.65,16.85,16.575,16.7,70000
SPPI,20170825,9.47,9.47,9.35,9.36,409100
SPSC,20170825,59.9,59.9,59.13,59.32,55600
SPTN,20170825,24.2,24.75,24.08,24.4,188800
SPWH,20170825,4.12,4.33,4.11,4.26,854800
SPWR,20170825,9.29,9.48,9.16,9.18,1344100
SQLV,20170825,23.61,23.61,23.59,23.59,600
SQQQ,20170825,571.6,584,567.2,581.8,6026900
SRAX,20170825,1.39,1.39,1.37,1.37,11800
SRCE,20170825,46.86,47.21,46.43,46.99,22000
SRCL,20170825,71.87,72.02,71.05,71.72,553400
SRDX,20170825,25.35,25.5,25,25.4,16200
SRET,20170825,15.49,15.49,15.445,15.45,16600
SREV,20170825,3.65,3.71,3.6,3.66,137500
SRNE,20170825,1.65,1.75,1.65,1.7,400700
SRPT,20170825,36.41,36.73,35.8,36.51,1004600
SRRA,20170825,61.6,64,61.2,62.4,166400
SRTS,20170825,6,6.09,5.95,5.99,27100
SSB,20170825,82.35,82.7,81.75,82.35,126300
SSBI,20170825,12.65,12.85,12.65,12.85,700
SSKN,20170825,1.65,1.77,1.64,1.65,11700
SSNC,20170825,38.21,38.4,37.67,37.86,429200
SSNT,20170825,4.46,4.62,4.3,4.57,25700
SSRM,20170825,10.06,10.15,9.94,10.04,707900
SSTI,20170825,12.1,12.15,11.81,12,21100
SSYS,20170825,21.8,22.2,21.66,21.73,285700
STAA,20170825,11.9,12,11.82,11.95,55200
STAF,20170825,2.525,2.745,2.525,2.7,16900
STBA,20170825,35.6,35.75,33.92,35.66,33500
STFC,20170825,24.61,24.67,24.28,24.47,12500
STKL,20170825,8.6,8.7,8.5,8.55,422700
STKS,20170825,1.76,1.76,1.76,1.76,5900
STLD,20170825,34.32,34.81,34.26,34.65,1851800
STRA,20170825,77.175,79.7,77.175,79.36,61700
STRL,20170825,9.7,10.03,9.68,9.94,420000
STRM,20170825,1.21,1.27,1.17,1.25,19200
STRS,20170825,29.8,30.65,29.35,29.35,5600
STRT,20170825,30.5,32.96,30.4,31.7,12600
STX,20170825,31.07,31.4,30.85,31.25,3504700
SUMR,20170825,17.91,17.91,16.56,17.91,98800
SUNS,20170825,16.35,16.49,16.32,16.46,44700
SUNW,20170825,11.06,11.27,10.85,11.27,73700
SUPN,20170825,45.15,45.2,43.9,43.95,578200
SUSB,20170825,25.2,25.2,25.2,25.2,0
SUSC,20170825,25.41,25.41,25.41,25.41,0
SVBI,20170825,7.07,7.1,7.05,7.1,3300
SVRA,20170825,5.35,5.35,5.2,5.3,13500
SVVC,20170825,7.46,7.48,7.45,7.45,8400
SWIR,20170825,21.95,22,21.55,21.65,163400
SWKS,20170825,102.74,103.13,101.55,101.98,1105700
SYBT,20170825,34.6,35,34.6,34.9,42300
SYNA,20170825,39.79,40.5,39.7,40.33,535100
SYNL,20170825,11.05,11.9,11.05,11.35,11600
SYPR,20170825,1.68,1.7,1.63,1.68,23200
SYRS,20170825,20,20.1,19.51,19.85,52200
TA,20170825,3.25,3.4,3.25,3.3,202300
TACO,20170825,13.18,13.455,13,13.45,415200
TACT,20170825,10.2,10.2,10,10.1,4600
TAIT,20170825,1.62,1.63,1.61,1.62,8400
TANH,20170825,3.12,3.32,3.1,3.16,281700
TANNI,20170825,22.02,22.175,21.8,22.11,21200
TANNL,20170825,20.94,20.97,20.1,20.49,46500
TANNZ,20170825,20.86,21.02,20.55,20.76,17800
TAST,20170825,11.05,11.3,11.025,11.05,165800
TATT,20170825,11,11.05,10.6,10.83,4800
TAYD,20170825,11.78,11.78,11.22,11.25,3200
TBBK,20170825,7.8,7.93,7.68,7.92,142200
TBK,20170825,27.85,28.05,27.45,27.9,85200
TBNK,20170825,30.09,30.3,29.95,30.01,88800
TBPH,20170825,28.71,28.91,28.3,28.65,118000
TCBI,20170825,74.15,75.05,74.15,74.75,334100
TCBK,20170825,35.87,36.15,35.63,35.89,25200
TCFC,20170825,34.83,35.65,34.81,35.65,2400
TCMD,20170825,32.54,32.63,31.9,32.07,146400
TCON,20170825,21.5,22,21,22,31100
TCPC,20170825,16.66,16.78,16.63,16.67,159800
TCX,20170825,52.95,53.5,52,52.55,86200
TDIV,20170825,31.73,31.79,31.62,31.62,30900
TEAM,20170825,35.19,35.29,34.46,34.64,502000
TECH,20170825,120,121.2,119.65,119.97,104300
TEDU,20170825,13.46,13.95,13.32,13.37,1152100
TELL,20170825,8.73,8.75,8.565,8.62,172300
TENX,20170825,6.8,7.4,6.8,7,383200
TESS,20170825,13.5,13.65,13.45,13.5,25800
TFSL,20170825,15.18,15.34,15.17,15.33,81100
TGA,20170825,1.3,1.3,1.21,1.26,63200
TGLS,20170825,5.72,6.05,5.5,5.97,53900
TGTX,20170825,12.05,12.1,11.4,11.45,865700
THFF,20170825,43.05,44.495,43.05,44.05,29800
THRM,20170825,30.4,30.55,30.15,30.2,115800
TIG,20170825,22.39,22.4,22.25,22.4,900
TIL,20170825,3.9,3.9,3.9,3.9,0
TILE,20170825,19.1,19.25,19.05,19.2,310100
TIPT,20170825,6.1,6.9,6.1,6.9,76500
TITN,20170825,16,16.13,15.55,15.62,55200
TLGT,20170825,65,65.4,64,64.8,359500
TLT,20170825,127.02,127.45,126.87,127.32,7303300
TMUS,20170825,64.12,64.45,63.72,63.74,2316800
TNDM,20170825,0.76,0.77,0.67,0.7,891800
TNXP,20170825,372,381,351,375,97600
TOPS,20170825,5000,5400,4950,5150,1041100
TOUR,20170825,7.24,7.26,6.84,6.92,274300
TOWN,20170825,30.9,31,30.6,30.8,119900
TPIC,20170825,20.1,20.15,19.79,19.81,92600
TQQQ,20170825,36.0267,36.33,35.29,35.4233,3859200
TREE,20170825,226.9,227.99,221.1,222.75,70600
TRHC,20170825,20.07,20.1,19.62,19.85,74900
TRIB,20170825,5.31,5.63,5.25,5.33,41400
TRIL,20170825,4.4,4.5,4.31,4.35,13000
TRIP,20170825,42.24,42.88,41.29,41.72,4011800
TRMB,20170825,38.2,38.31,38,38.13,1111300
TRMK,20170825,30.04,30.29,30.04,30.09,162500
TRNS,20170825,13.5,13.5,12.9,13,2300
TROW,20170825,82.9,84.28,82.9,83.9,1510000
TRS,20170825,23.95,24.1,23.725,23.9,182800
TRST,20170825,7.9,7.95,7.85,7.9,196400
TRUE,20170825,16.52,16.565,16.25,16.31,471600
TRUP,20170825,22.25,22.8,21.73,21.86,172800
TRVG,20170825,15.27,15.28,14.67,14.8,631700
TRVN,20170825,2.42,2.44,2.35,2.41,253300
TSBK,20170825,27.15,27.69,26.96,27.69,46900
TSC,20170825,21.1,21.25,21,21.2,134400
TSCO,20170825,57.86,60.03,57.81,59.58,3487000
TSEM,20170825,27.99,27.99,27.37,27.6,556500
TSLA,20170825,70.848,71.138,69.46,69.61,3483900
TSRI,20170825,4.255,4.255,4.255,4.255,0
TTD,20170825,51.38,51.68,50.3,51.04,1054500
TTEC,20170825,39.8,39.8,38.3,39.15,84500
TTEK,20170825,40.25,40.8,40.1,40.55,277600
TTGT,20170825,9.6,9.7,9.6,9.66,41700
TTMI,20170825,14.29,14.5,13.79,13.88,1796800
TTNP,20170825,10.2,10.2,9.3,9.6,99100
TTOO,20170825,4.16,4.28,3.93,4,65100
TTWO,20170825,95.75,96.43,93.89,94.64,1159100
TUR,20170825,45.71,46.48,45.71,46.4,181400
TURN,20170825,1.62,1.64,1.6,1.62,94700
TUSA,20170825,29.57,29.65,29.54,29.55,1700
TUSK,20170825,12.81,12.99,12.33,12.81,118100
TVTY,20170825,37.4,37.4,36.8,37.2,222800
TWIN,20170825,16.7,17.15,16.7,16.98,18600
TWNK,20170825,13.38,13.57,13.3,13.48,836500
TWNKW,20170825,1.91,1.95,1.91,1.91,25200
TWOU,20170825,49.56,49.56,48.24,48.25,190200
TXN,20170825,81.58,81.9,80.94,80.98,2627600
TXRH,20170825,47.74,48.05,47.51,47.63,354100
TYHT,20170825,20.97,21.42,20.79,21.33,32900
TYME,20170825,6.12,6.4,5.58,5.84,44600
TZOO,20170825,8.65,8.75,8.5,8.6,16700
UAE,20170825,17.73,17.77,17.7,17.77,4200
UBCP,20170825,11.75,11.82,11.75,11.82,2400
UBFO,20170825,9.25,9.25,9.1,9.2,4700
UBOH,20170825,21.65,21.65,21.65,21.65,0
UBSI,20170825,33.25,33.8,33.25,33.7,500000
UCBI,20170825,26.16,26.47,26.14,26.35,196800
UCTT,20170825,22.65,22.72,21.96,22.33,619600
UEIC,20170825,58,58.1,56.5,56.8,117900
UEPS,20170825,9.06,9.58,9.06,9.23,317900
UFCS,20170825,42.71,42.96,42.58,42.815,31400
UFPI,20170825,80.91,82.15,80.09,81.54,95200
UFPT,20170825,27.85,27.85,27.2,27.3,8700
UG,20170825,17.35,17.35,16.3,17.3,1200
UHAL,20170825,358.91,359.22,353.73,355.54,63800
UIHC,20170825,16.34,16.41,15.89,16,161800
ULBI,20170825,6.4,6.4,6.3,6.35,7300
ULH,20170825,15.15,15.25,14.755,15.2,5600
ULTA,20170825,215.44,217.8,208.25,212.36,7890100
UMBF,20170825,66.79,67.795,66.56,67.24,225700
UMPQ,20170825,17.38,17.535,17.31,17.44,462000
UNAM,20170825,10.2,10.3,9.99,10.2,4200
UNB,20170825,41.15,43.95,40.95,41.9,3700
UNIT,20170825,19.53,19.76,19.3,19.65,819800
UNTY,20170825,17.25,17.55,17.25,17.55,2500
UONE,20170825,1.75,1.75,1.75,1.75,1300
UONEK,20170825,1.7,1.8,1.65,1.65,17600
UPLD,20170825,23.52,23.59,23.21,23.49,60400
URBN,20170825,20.43,21.71,20.37,21.62,7311600
URGN,20170825,17.35,17.89,17.275,17.47,28300
USAK,20170825,9.66,10.19,9.66,10.04,52300
USAP,20170825,17.7,18.23,17.53,17.98,55100
USAU,20170825,23.3,23.5,22.9,23.2,67300
USEG,20170825,7.5,7.6,7.5,7.6,9200
USLB,20170825,29.23,29.25,29.09,29.24,29400
USLM,20170825,79,79.25,76.36,77.33,16600
USOI,20170825,22.63,22.63,22.63,22.63,0
UTHR,20170825,129.9,131.48,128.23,128.45,412000
UTMD,20170825,71.45,71.6,70.25,70.55,6200
UTSI,20170825,2.03,2.07,2.03,2.07,11000
UVSP,20170825,29.2,29.5,29,29.35,35400
VALU,20170825,15.69,16.32,15.69,16.32,1000
VBFC,20170825,31.7,31.7,31.7,31.7,400
VBIV,20170825,3.45,3.45,3.35,3.42,53700
VBLT,20170825,5.01,5.15,5,5.1,60000
VBTX,20170825,26.13,26.24,25.95,26.07,147300
VCEL,20170825,3.45,3.5,3.45,3.5,82800
VCIT,20170825,88.17,88.32,88.11,88.29,905000
VCLT,20170825,93.72,94.04,93.72,93.96,180900
VCSH,20170825,80.22,80.27,80.2,80.21,1085100
VCYT,20170825,7.9,8.03,7.705,7.87,54600
VECO,20170825,19.25,19.35,18.85,18.9,267200
VEON,20170825,4.13,4.13,4.09,4.11,1791400
VERI,20170825,14.95,15.4,13.57,13.82,387900
VERU,20170825,1.5,1.51,1.41,1.42,54600
VGIT,20170825,65.09,65.19,65.07,65.13,66100
VGLT,20170825,78.19,78.5,78.13,78.34,31300
VGSH,20170825,60.88,60.88,60.83,60.86,194700
VIA,20170825,37.7,38.1,37.6,37.6,52700
VIAV,20170825,10.24,10.28,10,10.12,1307500
VICR,20170825,18.25,18.55,17.9,18.45,23600
VIGI,20170825,63.29,63.51,63.16,63.48,95000
VIRC,20170825,4.95,5.09,4.95,5,3500
VIRT,20170825,17.65,17.95,17.5,17.9,643400
VIVE,20170825,547,565,540,543,89700
VIVO,20170825,13.7,13.875,13.55,13.75,301100
VKTX,20170825,1.05,1.1,1.05,1.1,160300
VLGEA,20170825,23.26,23.45,23.06,23.33,42000
VMBS,20170825,52.9,52.94,52.84,52.93,291900
VNDA,20170825,16.45,16.7,16.2,16.3,544000
VNET,20170825,4.4,4.7,4.33,4.62,790700
VNOM,20170825,17.07,17.1,16.59,16.69,107600
VNQI,20170825,58.43,58.66,58.32,58.55,304600
VOD,20170825,28.64,28.8,28.61,28.71,1998100
VONE,20170825,112.37,112.63,112.2,112.43,19500
VONG,20170825,124.87,125.14,124.51,124.51,16300
VONV,20170825,100.77,101.11,100.77,100.81,38200
VOXX,20170825,7.85,7.95,7.65,7.8,218400
VRA,20170825,9.72,10.07,9.71,10.04,193100
VRAY,20170825,5.49,5.53,5.3,5.3,248900
VREX,20170825,29.6,29.75,29.205,29.25,159200
VRIG,20170825,25.22,25.22,25.215,25.216,38300
VRNA,20170825,12.57,12.57,12.12,12.12,500
VRNS,20170825,38.5,38.5,37.95,38.1,165300
VRNT,20170825,38.35,38.65,38.15,38.6,141800
VRSK,20170825,80.75,80.75,79.59,79.67,994500
VRSN,20170825,101.78,102.12,101.3,101.44,364900
VRTS,20170825,106.15,106.525,105.5,105.8,27900
VRTX,20170825,156.88,156.93,152.25,153.27,943800
VSAT,20170825,60.72,61.95,60.69,61.95,428700
VSDA,20170825,25.6,25.6,25.6,25.6,0
VSEC,20170825,48.85,49.68,48.85,49.24,20700
VSMV,20170825,25.38,25.38,25.38,25.38,0
VSTM,20170825,3.3,3.405,3.16,3.29,568800
VTGN,20170825,1.75,1.78,1.7,1.75,7800
VTHR,20170825,112.38,112.45,112.09,112.18,45800
VTIP,20170825,49.39,49.41,49.37,49.4,148800
VTNR,20170825,0.92,0.95,0.92,0.94,28500
VTVT,20170825,4.84,4.98,4.73,4.84,7900
VTWG,20170825,119.69,119.79,119.65,119.79,2000
VTWO,20170825,109.94,110.2,109.61,109.95,45300
VTWV,20170825,99.73,100.1,99.5,99.94,5500
VUZI,20170825,6.2,6.25,6.1,6.15,61500
VVPR,20170825,3.53,3.53,3.53,3.53,0
VWOB,20170825,81.05,81.17,80.98,81.06,56500
VXUS,20170825,53.77,53.97,53.71,53.88,471400
VYGR,20170825,8.55,9.15,8.54,8.99,89400
VYMI,20170825,64.7,64.95,64.67,64.81,31700
WABC,20170825,51.31,51.71,50.99,51.55,47100
WAFD,20170825,31.35,31.775,31.35,31.6,246000
WASH,20170825,50.35,51.05,49.8,50.6,22600
WATT,20170825,10.26,10.26,9.45,9.55,743500
WB,20170825,99.04,99.45,94.86,95.99,3100700
WBA,20170825,80.8,81.81,80.61,81.13,5216700
WDAY,20170825,105.4,105.6,103.21,103.57,723000
WDC,20170825,89.15,90.71,88.6,90.25,3264200
WDFC,20170825,107.55,108.15,106.35,108.15,44100
WEN,20170825,14.93,15.015,14.75,14.75,2082200
WERN,20170825,31.1,31.975,30.95,31.8,534500
WETF,20170825,9.2,9.27,9.14,9.19,700200
WEYS,20170825,28.35,28.71,27.8,27.94,21700
WHF,20170825,14.36,14.59,14.31,14.44,63300
WHLM,20170825,6.91,6.91,6.91,6.91,0
WHLR,20170825,9.99,10.06,9.96,10.04,25600
WHLRD,20170825,22.04,22.05,21.99,22.04,3900
WHLRP,20170825,21,21,20.69,21,3700
WILC,20170825,6.01,6.2,6.01,6.06,30200
WINA,20170825,128.25,129.05,128.25,128.9,3000
WING,20170825,34.84,34.84,34.08,34.1,389100
WIRE,20170825,39.95,40.9,39.7,40.6,98500
WIX,20170825,61.65,62.8,60.1,60.2,424200
WKHS,20170825,3.3,3.34,3.12,3.25,289600
WLDN,20170825,30.38,30.38,29.88,30.22,59600
WLFC,20170825,23.8,23.97,23.61,23.86,5500
WLTW,20170825,148.68,149.28,148.38,148.88,947000
WNEB,20170825,9.9,10.15,9.8,10,52000
WOOD,20170825,62.81,63.19,62.81,63.19,10300
WOOF,20170825,92.56,92.58,92.5,92.5,356800
WPRT,20170825,2.24,2.35,2.23,2.32,2000900
WRLD,20170825,72.61,73.62,72.09,72.47,42700
WSBC,20170825,36.88,37.38,36.88,37.2,50400
WSBF,20170825,17.6,17.83,17.5,17.7,32400
WSFS,20170825,44.45,44.65,44.2,44.55,42100
WSTG,20170825,15.3,15.5,15.25,15.45,2800
WTBA,20170825,21.6,22.05,21.5,21.95,6800
WTFC,20170825,72.7,73.51,72.66,73.06,178200
WTFCM,20170825,28.65,29.04,28.65,29.04,6600
WVE,20170825,17.4,18.8,17.4,18.75,223900
WVFC,20170825,15.86,15.89,15.86,15.89,4100
WVVI,20170825,8.01,8.03,8,8.01,9100
WVVIP,20170825,4.85,4.85,4.85,4.85,400
WWD,20170825,67.55,67.69,67.04,67.45,121600
WYNN,20170825,133.85,135.29,132.82,134.65,1128800
XBIO,20170825,33.84,33.84,32.04,32.52,8800
XBIT,20170825,5.1,5.1,4.87,4.97,47300
XELA,20170825,5.9,6.47,5.68,6.11,63700
XELB,20170825,4.24,4.24,4,4.15,1800
XENE,20170825,3.25,3.25,3.05,3.15,58700
XENT,20170825,30.8,30.8,29.5,29.55,259000
XLNX,20170825,64.52,64.96,63.83,64.75,3122600
XLRN,20170825,35.67,35.67,34.66,34.75,156500
XNCR,20170825,20.71,20.99,20.35,20.8,277200
XNET,20170825,4.52,4.54,4.35,4.4,94400
XOG,20170825,12.14,12.515,12.04,12.47,1503800
XOMA,20170825,11.25,11.82,9.8,11.1,851600
XONE,20170825,7.89,8.05,7.76,7.91,75200
XPER,20170825,25.35,25.75,25.25,25.65,428900
XRAY,20170825,54.7,55.04,54.33,54.8,1864400
XT,20170825,32.9,32.95,32.84,32.86,92300
XTLB,20170825,2.85,2.88,2.81,2.82,10800
YLDE,20170825,25.84,25.84,25.84,25.84,0
YNDX,20170825,30.08,30.4,29.61,29.75,1556300
YORW,20170825,33.25,33.4,32.8,33.15,11200
YTEN,20170825,93.84,101.8,91.2,91.2,24500
YTRA,20170825,9.76,9.88,9.71,9.8,64400
YY,20170825,75.55,75.81,71.93,72.29,1186200
Z,20170825,38.75,39.01,37.88,37.92,1068100
ZBRA,20170825,103.01,103.49,102.6,102.77,193000
ZEAL,20170825,19.06,19.49,19.06,19.24,78300
ZEUS,20170825,17.33,17.35,16.58,17.16,193000
ZG,20170825,39.06,39.31,38.22,38.3,505000
ZGNX,20170825,12.4,12.4,12.05,12.1,160700
ZION,20170825,44.42,44.895,44.329,44.7,1381200
ZIOP,20170825,5.75,5.83,5.69,5.71,572200
ZIXI,20170825,5.22,5.26,5.135,5.15,151100
ZNGA,20170825,3.66,3.7,3.61,3.62,3917700
ZSAN,20170825,16.8,18.8,16.6,17.2,1544700
ZUMZ,20170825,13.05,13.45,12.9,13.45,459200
ZYNE,20170825,6.21,6.21,5.9,6.06,354700
