AAL,20170509,45.4,47.3,45.25,47.08,11116800
AAME,20170509,3.76,3.76,3.75,3.75,700
AAOI,20170509,57.75,62.64,56.01,62.11,5046800
AAON,20170509,36.95,37.2,36.5,37,151400
AAPL,20170509,38.4675,38.72,38.3625,38.4975,39130300
AAWW,20170509,52.45,52.85,52.3,52.35,255600
AAXJ,20170509,65.07,65.48,64.97,65.31,1903100
ABCB,20170509,47.2,47.5,46.45,46.7,117500
ABEO,20170509,5.65,5.9,5.65,5.8,132900
ABIO,20170509,45,45,42.3,43.2,27400
ABMD,20170509,130.65,132.04,129.81,130.88,246900
ABTX,20170509,39.3,39.7,38.9,39.15,31900
ABUS,20170509,3.35,3.4,3.3,3.35,184000
ACAD,20170509,32.01,32.31,31.43,32.26,1530300
ACBI,20170509,19.05,19.1,18.6,18.75,36700
ACET,20170509,14.05,14.11,13.69,13.75,337200
ACGL,20170509,32.1467,32.19,31.71,31.79,242400
ACHC,20170509,43.9,44.1,43.2,43.37,1275600
ACIU,20170509,9,9.13,9,9.02,53700
ACIW,20170509,23.7,23.88,23.6,23.73,655600
ACLS,20170509,21.5,21.65,20.6,21.05,597300
ACNB,20170509,31.6,31.6,30.7,30.95,3900
ACOR,20170509,15.9,16.3,15.68,16.1,1095100
ACRS,20170509,25.4,25.41,24.53,25.11,166700
ACRX,20170509,2.7,2.75,2.55,2.6,298100
ACST,20170509,1.3,1.33,1.28,1.28,38400
ACTG,20170509,5.05,5.15,4.75,4.9,524000
ACWI,20170509,64.91,65.04,64.78,64.87,1010000
ACWX,20170509,45.22,45.29,45.15,45.22,473500
ADAP,20170509,5,5.03,4.62,4.93,270300
ADBE,20170509,135.33,135.62,134.9,135.6,1692700
ADES,20170509,10.05,10.18,9.81,9.85,138400
ADI,20170509,76.83,79.19,76.77,78.5,5266000
ADMA,20170509,4.6,4.6,4.38,4.4,22900
ADMP,20170509,3.8,3.95,3.7,3.95,576900
ADMS,20170509,17.04,17.1,16.73,16.87,98100
ADP,20170509,96.63,97.43,96.17,97.08,2625100
ADRE,20170509,37.68,37.97,37.5,37.94,21900
ADSK,20170509,94.41,95.3,93.99,94.74,2615000
ADTN,20170509,20,20.15,19.9,19.9,376200
ADUS,20170509,35.41,40.5,35.41,40.25,131500
ADVM,20170509,2.75,2.9,2.75,2.8,372400
ADXS,20170509,120.15,124.2,119.25,123.9,361500
AEHR,20170509,4.17,4.26,4.11,4.19,53400
AEIS,20170509,74.75,76.56,74.74,75.68,396000
AEMD,20170509,31.5,31.95,30.6,31.35,28000
AERI,20170509,40.35,40.38,39.1,39.85,297500
AEY,20170509,1.8,1.8,1.77,1.78,3000
AEZS,20170509,0.9,0.9,0.78,0.84,555900
AFMD,20170509,2.1,2.15,2,2.15,141500
AGEN,20170509,3.72,3.83,3.65,3.78,804100
AGFS,20170509,5.18,6.18,5.11,6.13,499800
AGIO,20170509,49.15,51.16,49.1,50.31,660900
AGLE,20170509,6.37,6.37,5.95,6.24,28000
AGNC,20170509,20.08,20.2,19.57,19.66,8214500
AGNCP,20170509,25.8,25.8,25.68,25.75,12500
AGRX,20170509,3.25,3.4,3.2,3.31,123000
AGTC,20170509,5.9,6,5.75,5.95,115100
AGYS,20170509,9.96,10.15,9.76,9.82,55500
AGZD,20170509,48.18,48.18,47.96,48.06,3900
AHPA,20170509,9.8,9.8,9.8,9.8,1000
AHPAU,20170509,10.15,10.25,10.15,10.21,4000
AHPAW,20170509,0.47,0.47,0.45,0.45,44600
AHPI,20170509,1.88,1.96,1.85,1.92,17400
AIA,20170509,55.33,55.53,55.06,55.12,1558000
AIMC,20170509,42.7,43,42.05,42.65,133500
AINV,20170509,19.8,19.86,19.2,19.35,1722700
AIQ,20170509,13.1,13.15,13,13.1,20200
AIRG,20170509,13.53,13.92,13.39,13.89,147200
AIRR,20170509,24.31,24.31,24.02,24.2,59500
AIRT,20170509,19.15,19.35,19.05,19.05,500
AKAM,20170509,50.48,50.71,50.16,50.4,4523800
AKBA,20170509,12.4,12.51,12.28,12.44,336200
AKTS,20170509,9.68,9.82,9.4,9.6,58800
AKTX,20170509,11.86,11.88,10.9,11.18,184400
ALBO,20170509,21,21.45,20.59,20.88,14300
ALCO,20170509,30.3,30.5,29.77,30.45,13900
ALDX,20170509,4,4.1,3.8,4.05,44600
ALGN,20170509,137.97,138.97,137.23,138.17,730000
ALGT,20170509,146.05,147.95,145.55,146.15,101400
ALIM,20170509,1.3,1.59,1.26,1.53,1345800
ALJJ,20170509,3.27,3.3,3.26,3.27,55300
ALKS,20170509,57.52,57.75,56.72,57.34,810600
ALLT,20170509,4.55,4.7,4.54,4.66,635700
ALNY,20170509,53.02,54.77,52.52,54.02,603300
ALOT,20170509,15,15,15,15,0
ALRM,20170509,32.43,32.67,31.77,32.58,621100
ALT,20170509,6.95,7.2,6.11,6.14,162400
ALTY,20170509,15.39,15.39,15.39,15.39,100
AMAT,20170509,41.82,42.25,41.72,42.04,8074600
AMBA,20170509,57.51,58.15,57.03,57.98,359300
AMCX,20170509,55.49,55.49,54.78,55.36,469800
AMD,20170509,10.04,10.4,10.04,10.18,51017300
AMED,20170509,58.44,59.33,58.2,58.8,203200
AMGN,20170509,163.17,164.08,162.83,163.22,2305500
AMKR,20170509,11.78,12.07,11.78,11.98,880600
AMNB,20170509,37.2,37.7,37.2,37.47,5800
AMOT,20170509,25.24,25.8,25.01,25.54,42200
AMPH,20170509,14.04,14.98,13.15,14.73,537000
AMRK,20170509,16.78,17.49,16.78,16.97,7400
AMRN,20170509,2.9,2.92,2.86,2.87,820200
AMRS,20170509,5.25,5.25,4.8,4.95,9626200
AMSC,20170509,4.08,4.2,4.01,4.11,153400
AMSF,20170509,56,56.05,54.75,54.95,83000
AMSWA,20170509,10.76,10.94,10.76,10.91,113200
AMTX,20170509,1.18,1.19,1.13,1.13,16700
AMWD,20170509,93.3,93.3,91.63,92.5,60200
AMZN,20170509,952.8,957.89,950.2,952.82,3262100
ANAB,20170509,26.07,26.36,24.28,25.81,39100
ANAT,20170509,117.45,117.45,115.34,116.33,14800
ANDE,20170509,33.05,33.05,32.05,32.2,148400
ANGI,20170509,10.76,11.14,10.63,11.12,709600
ANGO,20170509,15.77,15.99,15.66,15.82,285600
ANIK,20170509,46.25,47.75,45.84,47.49,141000
ANIP,20170509,48.47,49.67,48.19,49.32,140600
ANSS,20170509,121.32,122.2,121.13,121.29,328400
ANY,20170509,0.18,0.2,0.17,0.19,1441500
AOSL,20170509,18.63,18.77,18.2,18.51,134800
APDN,20170509,64,66,64,64,33300
APEI,20170509,22.55,24.5,22.55,24.3,126400
APEN,20170509,5.27,5.57,4.96,5.57,6500
APOG,20170509,54.39,54.87,54.01,54.25,194400
APOP,20170509,48.5,51.2,48.35,50.25,178400
APPF,20170509,26.9,28.58,26.9,28.05,88600
APPS,20170509,1.2,1.25,1.18,1.25,342600
APTO,20170509,1.27,1.28,1.11,1.24,577400
APVO,20170509,29.12,29.68,28.42,28.84,51900
APWC,20170509,2.85,2.85,2.85,2.85,0
AQB,20170509,7.57,8.28,7.57,7.99,32200
AQMS,20170509,16.98,17.21,16.46,16.65,320500
ARAY,20170509,4.2,4.35,4.15,4.3,661900
ARCB,20170509,18.45,18.75,18.2,18.5,496800
ARCC,20170509,16.61,16.63,16.29,16.34,3444300
ARDX,20170509,12.45,13.2,12.2,13.05,153300
ARKR,20170509,25.59,25.7,25.59,25.59,2200
ARLP,20170509,22.9,23,22.6,22.8,292700
ARNA,20170509,12.3,12.9,12.3,12.9,2273200
AROW,20170509,34.2,34.21,33.5,33.55,21300
ARRY,20170509,6.95,7.04,6.73,7.02,6158300
ARTNA,20170509,36.55,36.91,35.49,36.05,38300
ARTW,20170509,3.25,3.35,3.2,3.25,10400
ARWR,20170509,1.65,1.7,1.56,1.69,744400
ASET,20170509,26.89,26.89,26.82,26.84,3200
ASMB,20170509,23.7,24.01,22.71,23.62,61100
ASML,20170509,134.3,135.15,134.24,134.96,438100
ASND,20170509,28.13,28.29,27.01,27.65,16900
ASPS,20170509,17.85,18.27,17.68,18.11,327200
ASRV,20170509,4.05,4.1,3.95,4,39900
ASTC,20170509,1.07,1.12,1.05,1.06,114700
ASTE,20170509,62.43,62.43,60.06,60.37,149300
ASUR,20170509,11.7,12.12,11.7,11.85,153800
ASYS,20170509,8.2,8.75,8.02,8.43,257600
ATAI,20170509,3.71,3.8,3.65,3.8,15700
ATAX,20170509,5.75,5.82,5.75,5.75,133600
ATEC,20170509,2.13,2.13,2.03,2.09,17700
ATHX,20170509,1.43,1.43,1.38,1.39,720700
ATLC,20170509,2.53,2.65,2.43,2.55,10700
ATLO,20170509,31.05,31.25,30.85,30.95,6400
ATNI,20170509,66,67.37,65.24,66.64,45500
ATOM,20170509,6.08,6.2,5.8,6.01,84300
ATOS,20170509,7.56,7.56,6.24,6.72,343100
ATRA,20170509,14.3,14.7,14,14.65,288400
ATRC,20170509,22.75,22.77,22.16,22.18,234000
ATRI,20170509,519.65,519.65,512.35,512.35,1700
ATRO,20170509,30.99,31.28,30.84,31.01,319600
ATRS,20170509,2.92,2.95,2.74,2.79,1995800
ATSG,20170509,22.95,23.85,22.84,23.2,871800
ATVI,20170509,53.94,54.79,53.76,54.62,4718100
AUBN,20170509,33.99,36.5,33.96,36.5,3900
AUDC,20170509,6.5,6.5,6.38,6.46,26700
AUPH,20170509,7.12,7.17,7.03,7.15,1370900
AVAV,20170509,29.22,29.65,28.95,29.49,75400
AVDL,20170509,10.25,10.36,9.54,9.72,386500
AVEO,20170509,5.9,6,5.8,5.8,158100
AVGO,20170509,225.62,229.4,224.71,228.46,1926000
AVGR,20170509,180,188,172,176,682200
AVID,20170509,5.41,5.55,5.29,5.47,411500
AVIR,20170509,0.54,0.54,0.48,0.49,86900
AVNW,20170509,22.23,23.9,21.75,23.55,151300
AVXL,20170509,6.11,6.17,6.01,6.03,187200
AWRE,20170509,4.8,4.8,4.7,4.7,21900
AXDX,20170509,28.6,29.15,27.1,28.85,630900
AXGN,20170509,12.55,12.8,12.3,12.75,138300
AXSM,20170509,4.25,4.29,4.06,4.2,399800
AXTI,20170509,6.9,7.15,6.87,7.1,368200
AZPN,20170509,58.62,59.04,58.53,58.71,377100
BANF,20170509,97.85,98.5,95.85,96.6,23100
BANFP,20170509,27.86,27.86,27.86,27.86,0
BANR,20170509,57.05,57.56,55.65,56.02,82800
BANX,20170509,19.86,20.11,19.84,19.88,17100
BATRA,20170509,24.46,24.7,24.16,24.38,26200
BATRK,20170509,24.17,24.49,23.7,24.04,108400
BBBY,20170509,37.27,37.66,37.17,37.54,2044500
BBGI,20170509,9,9.35,8.15,8.6,108600
BBH,20170509,119.73,120.56,119.73,120.36,15800
BBSI,20170509,57.04,57.65,56.35,57.57,48700
BCBP,20170509,15.95,15.95,15.85,15.95,10100
BCLI,20170509,3.85,3.99,3.84,3.97,99700
BCOR,20170509,20.8,21.25,20.4,20.55,880400
BCOV,20170509,5.9,5.95,5.8,5.85,426000
BCPC,20170509,78.68,83.59,78.68,82.31,181900
BCRX,20170509,5.36,5.63,5.36,5.6,1400900
BDSI,20170509,1.95,2,1.88,1.95,684000
BECN,20170509,49.5,49.79,48.58,48.73,563300
BELFA,20170509,21.51,21.51,21.51,21.51,0
BELFB,20170509,23.3,23.4,22.83,23.3,62300
BFIN,20170509,15.19,15.19,15.01,15.1,23700
BFIT,20170509,15.78,15.78,15.78,15.78,300
BGCP,20170509,11.58,11.59,11.46,11.52,909800
BGFV,20170509,14.6,14.65,14.35,14.5,383300
BGNE,20170509,38.64,39.74,36.75,37.44,164100
BHACU,20170509,10.43,10.43,10.43,10.43,0
BIB,20170509,47.22,48.07,47.09,47.99,143200
BICK,20170509,25,25,25,25,4500
BIDU,20170509,178.9,183.59,178.36,182.98,3479300
BIIB,20170509,260.99,263.66,260.28,261.28,1159100
BIOC,20170509,16.1,18.3,15.8,18.1,908300
BIOL,20170509,6.15,6.3,5.75,6.1,199900
BIS,20170509,28.18,28.26,27.7,27.7,51100
BJRI,20170509,45.7,46,45.5,45.7,225800
BKCC,20170509,7.56,7.59,7.45,7.47,235100
BKEP,20170509,6.7,7.05,6.7,6.95,43500
BKEPP,20170509,7.86,7.98,7.86,7.98,5000
BKSC,20170509,20.26,20.26,20.26,20.26,0
BL,20170509,30.33,31.7,30.33,31.22,116100
BLBD,20170509,18.85,18.98,18.75,18.95,30400
BLCM,20170509,123,123,113.2,119,1095800
BLDP,20170509,2.68,2.79,2.63,2.75,1616200
BLFS,20170509,2.09,2.2,2.09,2.16,18800
BLIN,20170509,40.5,42.5,40.5,41.5,115700
BLKB,20170509,79.5,79.77,78.9,79.3,359200
BLMN,20170509,21.2,21.74,21.2,21.51,1431800
BLPH,20170509,21.45,23.1,21.3,22.65,768700
BLRX,20170509,12.9,13.05,12.6,13.05,283700
BLUE,20170509,89.1,90.5,88.1,88.95,609200
BMRA,20170509,2.66,2.66,2.55,2.59,15800
BMRC,20170509,33.2,33.2,31.9,31.975,14500
BMRN,20170509,90.8,91.49,90.09,91.15,1264900
BMTC,20170509,42.6,43,42.35,42.6,47000
BNDX,20170509,54.25,54.25,54.19,54.23,936600
BNFT,20170509,30.2,31.4,29.95,31.2,324200
BNSO,20170509,2.59,2.59,2.51,2.57,11500
BNTC,20170509,27.8,28.9,27.2,27.8,85200
BOKF,20170509,84,88.78,82.67,83.15,170100
BOOM,20170509,12.95,13.13,12.7,12.9,24300
BOSC,20170509,2.14,2.29,2.06,2.09,165300
BOTJ,20170509,14.77,14.77,14.77,14.77,900
BOTZ,20170509,18.19,18.19,18.07,18.11,321400
BPMC,20170509,41.06,41.66,40.47,40.66,284800
BPOP,20170509,41.55,41.65,40.69,40.89,275200
BPOPM,20170509,22.15,22.3,21.99,22,19000
BPOPN,20170509,24.4,24.4,24.03,24.05,21100
BPTH,20170509,122,126,112,118,226100
BRID,20170509,16,16,15.4,15.4,4500
BRKL,20170509,14.5,14.65,14.3,14.35,792500
BRKR,20170509,25.75,25.96,25.57,25.83,736100
BRKS,20170509,25.84,27.09,25.6,26.67,860000
BSET,20170509,30.55,31.25,30.2,31.05,22200
BSQR,20170509,4.9,4.95,4.85,4.85,27500
BSRR,20170509,25.92,26.36,25.24,25.88,40600
BTEC,20170509,27.42,27.42,26.21,26.21,1800
BUSE,20170509,29.95,30.1,29.61,29.78,167600
BVXV,20170509,6.64,6.97,6.62,6.83,17600
BWEN,20170509,6.2,6.48,6.06,6.16,574500
BWFG,20170509,36.15,36.15,35.43,35.91,6800
BYFC,20170509,1.8,1.88,1.79,1.88,11600
BYSI,20170509,26.26,26.32,25.95,26.32,1000
BZUN,20170509,17.81,19.88,17.69,19.29,2919100
CAAS,20170509,4.62,4.62,4.4,4.46,91600
CAC,20170509,44.07,44.4,43.37,43.81,40700
CACC,20170509,214.8,217.99,212.51,217.56,132800
CACG,20170509,24.85,24.9,24.85,24.9,900
CAKE,20170509,62.09,62.81,62,62.57,730600
CALA,20170509,10.85,11.35,10.84,11.3,336200
CALM,20170509,37.75,38.1,37.3,37.3,271200
CAMP,20170509,18.58,18.73,18.51,18.6,198700
CAMT,20170509,4.47,4.85,4.27,4.36,2101800
CAPR,20170509,30.6,31,29,29,48700
CAR,20170509,26.59,27.57,25.44,27.37,3916500
CARA,20170509,14.45,15.25,14.36,15.19,1300700
CARV,20170509,4.38,4.38,3.9,3.9,7600
CARZ,20170509,36.24,36.33,36.16,36.3,1200
CASH,20170509,29.0667,29.0667,27.85,28.1833,77800
CASI,20170509,1.06,1.1,1.06,1.09,13700
CASS,20170509,66.13,66.47,65.02,65.39,16800
CASY,20170509,113.99,114.91,113.71,114.56,308800
CATH,20170509,29.37,29.37,29.29,29.31,4300
CATY,20170509,39.01,39.4,38.51,38.76,380100
CBAN,20170509,13.51,13.7,13.5,13.55,7000
CBAY,20170509,3.55,3.61,3.4,3.45,209300
CBFV,20170509,26.8,28.07,26.8,27.9,1100
CBIO,20170509,4.38,4.4,4.05,4.17,466500
CBRL,20170509,163.32,165.2,162.85,164.49,220100
CBSH,20170509,56.43,56.75,55.66,55.92,362500
CCBG,20170509,20.85,20.9,20.35,20.36,13300
CCD,20170509,19.6,19.71,19.46,19.46,63700
CCLP,20170509,6.75,6.86,6.39,6.51,196600
CCMP,20170509,78.09,78.88,77.51,78.08,125000
CCNE,20170509,24.36,24.36,23.6,23.7,18300
CCOI,20170509,40.8,41.6,40.5,41.55,332200
CCRN,20170509,12.17,12.55,12.07,12.19,357500
CCXI,20170509,6.94,7.08,6.82,7.06,55200
CDC,20170509,42.93,42.97,42.76,42.81,44200
CDEV,20170509,16.13,16.19,15.74,15.8,1753100
CDK,20170509,61.97,62.31,61.62,62.11,982200
CDL,20170509,41.97,41.97,41.66,41.73,52600
CDNA,20170509,1.05,1.18,1,1.03,198500
CDNS,20170509,32.93,33.14,32.87,33,1429800
CDTX,20170509,7.2,7.25,6.7,6.75,102500
CDW,20170509,60,60,59.23,59.48,613000
CDXC,20170509,3.49,3.68,3.3,3.66,658000
CDXS,20170509,4.6,4.65,4.5,4.65,68800
CDZI,20170509,15.6,15.6,15,15.3,97600
CECE,20170509,11.67,12.03,11.67,11.83,217400
CEMI,20170509,6.65,6.65,6.6,6.65,6500
CENT,20170509,35.02,35.35,34.78,34.99,123300
CENTA,20170509,33.11,33.48,32.99,33.12,218900
CENX,20170509,12.84,13.01,12.59,12.8,1235900
CERN,20170509,64.5,65.31,64.29,64.85,3674600
CERS,20170509,3.24,3.29,3.09,3.21,2593400
CETX,20170509,26,27.52,25.92,27.28,160100
CETXP,20170509,5.36,5.36,5.25,5.35,6900
CETXW,20170509,0.61,0.61,0.61,0.61,500
CEVA,20170509,41.2,43.88,41.2,43.65,501200
CFA,20170509,43.42,43.42,43.24,43.29,32000
CFBK,20170509,11.495,11.495,10.175,11.165,140300
CFFI,20170509,48.85,48.85,48.19,48.3,900
CFFN,20170509,14.56,14.62,14.4,14.48,395800
CFMS,20170509,5.55,5.61,5.44,5.54,274100
CFO,20170509,43.39,43.39,43.17,43.26,26100
CFRX,20170509,14.5,15,14.2,14.5,9500
CG,20170509,17.75,17.95,17.4,17.85,979300
CGEN,20170509,3.75,4.1,3.65,3.95,234000
CGNT,20170509,1.73,1.78,1.73,1.75,23300
CGNX,20170509,44.62,45.31,44.58,44.68,713700
CGO,20170509,12.75,12.84,12.7,12.76,49500
CHCI,20170509,1.79,1.85,1.6,1.75,27900
CHCO,20170509,69.89,70.09,68.89,69.28,37900
CHDN,20170509,56.1333,56.65,55.5333,55.9833,57600
CHEF,20170509,13.7,13.85,13.3,13.5,141500
CHEK,20170509,25.8,26.16,23.64,24,90300
CHI,20170509,11.22,11.22,11.04,11.11,245200
CHKP,20170509,106.18,106.33,106,106.04,656500
CHMG,20170509,38.86,38.86,37.94,38.72,1600
CHNR,20170509,2.25,2.44,2.18,2.24,45600
CHRS,20170509,19.65,20.55,18.55,19.45,813900
CHRW,20170509,71.37,71.41,70.58,70.86,2040700
CHSCL,20170509,29.1,29.24,29.09,29.14,23100
CHSCM,20170509,27.35,27.71,27.35,27.62,10500
CHSCN,20170509,28.18,28.47,28.18,28.37,14500
CHSCO,20170509,28.95,29.08,28.91,28.97,32500
CHSCP,20170509,30.69,30.69,30.51,30.66,6200
CHTR,20170509,323.3,327.83,320.12,325.52,1476500
CHUY,20170509,30.45,31,30.45,30.8,178200
CHW,20170509,8.15,8.22,8.13,8.22,240200
CHY,20170509,11.65,11.67,11.54,11.58,172300
CIBR,20170509,21.85,21.86,21.74,21.81,27400
CID,20170509,34.4,34.4,34.07,34.08,2700
CIDM,20170509,1.67,1.77,1.61,1.67,87500
CIGI,20170509,52.55,52.9,51.7,52.05,18500
CIL,20170509,36.58,36.62,36.58,36.62,1300
CINF,20170509,70.03,70.22,68.78,68.99,623400
CIVB,20170509,21.95,21.95,21.65,21.8,20000
CIZ,20170509,31.86,31.89,31.76,31.87,11700
CIZN,20170509,23.8,24.6,23.8,24.6,2700
CJJD,20170509,1.75,1.8,1.75,1.75,37400
CLBS,20170509,5.32,5.32,5,5.04,42200
CLDX,20170509,45.9,47.4,45.75,47.4,1393300
CLFD,20170509,14.3,14.5,14.02,14.2,92800
CLIR,20170509,3.45,3.5,3.4,3.5,45100
CLLS,20170509,24.07,24.22,23.4,23.79,79900
CLMT,20170509,3.95,4.5,3.9,4.2,1031500
CLNE,20170509,2.52,2.54,2.47,2.51,1345400
CLRB,20170509,19,19.4,18.5,19.2,68600
CLRO,20170509,10.95,11.25,10.75,10.75,21200
CLSD,20170509,7.94,7.98,7.7,7.87,71600
CLSN,20170509,0.24,0.24,0.22,0.24,1354800
CLVS,20170509,47.62,49.33,46.88,47.99,1867300
CLWT,20170509,2.0667,2.1333,2,2.0667,10100
CMCO,20170509,25.28,25.68,25.24,25.37,137100
CMCSA,20170509,39.19,39.28,38.83,39.08,12511400
CMCT,20170509,15.55,15.58,15.45,15.45,3200
CME,20170509,116.83,118.29,116.55,117.64,1697300
CMLS,20170509,0.31,0.36,0.31,0.33,907900
CMPR,20170509,84.94,85.57,83.27,85.21,135600
CMRX,20170509,5.05,5.1,4.7,4.75,576000
CMTL,20170509,14.65,14.78,14.31,14.39,155800
CNBKA,20170509,63.6,63.6,63,63.25,3000
CNCE,20170509,15,15.12,14.71,14.88,118700
CNCR,20170509,22,22.03,21.8,22,10500
CNET,20170509,1.21,1.28,1.2,1.2,14500
CNFR,20170509,7.9,7.9,7.9,7.9,0
CNOB,20170509,23.1,23.1,22.35,22.5,160700
CNSL,20170509,22.15,22.18,21.69,22.12,498900
CNTY,20170509,8.7,8.88,8.58,8.68,162700
CNXN,20170509,29.13,29.35,28.62,29.22,78300
COGT,20170509,5.55,5.7,5.22,5.55,276500
COHR,20170509,218.87,222.69,217.75,220.05,427900
COHU,20170509,18.97,19.22,18.76,19.02,283300
COKE,20170509,204.73,205.68,202.05,203.15,46000
COLB,20170509,40.5,40.78,39.78,40.09,395400
COLL,20170509,7.74,8.2,7.37,8.19,445000
COLM,20170509,56.87,57.85,56.87,57.51,107200
COMM,20170509,35.97,36.76,35.91,36.73,3377300
COMT,20170509,32.42,32.44,32.21,32.29,479800
CONE,20170509,54.95,55.12,53.76,53.85,630400
CONN,20170509,17.05,17.35,16.9,17.05,301600
COOL,20170509,11.43,12.02,11.4,11.47,80000
CORT,20170509,9.61,10.5,9.59,10.25,1773900
COST,20170509,173.61,173.92,172.31,172.68,2662000
COUP,20170509,28.74,28.96,28.2,28.41,163300
COWN,20170509,14.9,15,14.6,14.65,314600
COWNL,20170509,27,27.19,27,27.19,5700
CPAA,20170509,11.85,11.9,11.85,11.9,5700
CPAAU,20170509,13.05,13.05,12.9,13.03,12600
CPAAW,20170509,2.87,2.9,2.87,2.9,5400
CPHC,20170509,10.11,10.14,10.05,10.05,1000
CPIX,20170509,5.39,6.18,5.39,6.16,365900
CPLP,20170509,3.37,3.45,3.34,3.43,644800
CPRT,20170509,30.53,30.67,30.34,30.41,611600
CPRX,20170509,1.74,1.82,1.73,1.8,294600
CPSH,20170509,1.35,1.42,1.28,1.3,37900
CPSI,20170509,31.7,32.35,31.55,32.2,155800
CPSS,20170509,4.76,4.86,4.64,4.76,43900
CRAI,20170509,33.82,34.39,33.76,33.95,66300
CRBP,20170509,6.05,6.15,5.3,6,2314300
CREG,20170509,16.5,16.5,16,16.1,4000
CRESY,20170509,20.97,21.25,20.94,21.12,62700
CRIS,20170509,9.45,10,9,9.85,939300
CRMT,20170509,36.75,37.2,36.5,36.8,55700
CRNT,20170509,3.6,3.65,3.55,3.57,440400
CROX,20170509,5.97,6.21,5.97,6.2,2281500
CRSP,20170509,16.98,17.02,16.74,16.95,56300
CRTO,20170509,53.15,55.33,53.1,55.25,782600
CRUS,20170509,63.3,64.07,63.13,63.54,782300
CRVL,20170509,46,46.45,45.75,46.35,26900
CRVS,20170509,10.12,10.2,9.5,9.87,92800
CRWS,20170509,7.8,8.05,7.8,7.95,17700
CSA,20170509,42.74,42.74,42.19,42.32,8900
CSB,20170509,40.78,40.79,40.64,40.69,5000
CSBR,20170509,2.34,2.53,2.34,2.42,43000
CSCO,20170509,34.14,34.26,33.84,33.9,18855800
CSF,20170509,41.5,41.5,41.21,41.31,6200
CSGP,20170509,250.96,254.54,250.96,252.25,367500
CSGS,20170509,39.26,39.8,39.16,39.44,269000
CSII,20170509,30.01,30.2,29.81,30.01,366900
CSIQ,20170509,13.43,13.8,13.21,13.74,1015000
CSOD,20170509,38.55,38.79,38.1,38.36,359600
CSPI,20170509,10.39,10.54,10.39,10.48,2100
CSQ,20170509,11.65,11.76,11.64,11.73,354800
CSTE,20170509,39.95,40.5,39.9,40.2,329700
CSTR,20170509,17,17.25,17,17.1,7800
CSWC,20170509,16.2,16.28,15.96,16.14,48600
CSWI,20170509,35.6,35.72,34.85,35.65,48800
CSX,20170509,51.69,52.21,51.66,51.81,4351500
CTAS,20170509,120.76,121.66,120.55,121.5,352900
CTBI,20170509,45,45.3,44.75,45,60100
CTG,20170509,5.79,5.81,5.66,5.74,19700
CTHR,20170509,0.88,0.92,0.87,0.87,74400
CTIB,20170509,5.7,5.7,5.65,5.65,800
CTIC,20170509,4.1,4.16,4.02,4.11,29800
CTMX,20170509,14.68,14.97,14.57,14.81,97800
CTRE,20170509,17.15,17.19,16.86,17.1,535600
CTRN,20170509,19.26,19.74,19.24,19.31,114700
CTSH,20170509,63.51,64.34,63.39,64.17,3534000
CTSO,20170509,4.55,4.8,4.3,4.75,275800
CTXS,20170509,86.98,87.18,86.5,86.82,2242900
CUBA,20170509,7.16,7.16,7.11,7.11,6700
CUTR,20170509,19.75,20.1,19.6,20,176200
CVBF,20170509,22.18,22.28,21.75,21.83,287200
CVCO,20170509,118.55,121,118,120.7,33200
CVCY,20170509,21.75,22.21,21.35,21.7,20600
CVGI,20170509,8.67,9.62,8.67,9.45,921700
CVGW,20170509,66.05,66.55,66,66.2,85200
CVLT,20170509,58.3,58.4,57.3,57.7,337200
CVLY,20170509,28.74,28.74,28.25,28.4,6200
CVV,20170509,10.11,10.44,10.09,10.09,8200
CWBC,20170509,10.25,10.25,10.25,10.25,4300
CWCO,20170509,11.95,12,11.55,11.65,60000
CWST,20170509,14.89,15.04,14.69,14.78,218800
CXDC,20170509,4.85,4.95,4.85,4.95,17900
CXSE,20170509,30.465,30.775,30.465,30.605,2600
CYAD,20170509,42.96,42.96,40.9,42.05,3900
CYAN,20170509,3.8,3.8,3.8,3.8,200
CYBE,20170509,20.45,21,20.08,20.55,99200
CYBR,20170509,54.61,55.61,54.14,54.79,604300
CYCC,20170509,96,105.4,96,103.2,89900
CYCCP,20170509,6.34,6.34,6.34,6.34,0
CYRN,20170509,1.95,2.03,1.95,2,40200
CYRX,20170509,2.79,2.79,2.67,2.67,138800
CYTK,20170509,13.85,14.5,13.85,14.3,4730500
CZNC,20170509,23.28,23.48,23.06,23.16,14400
CZR,20170509,10.9,11.15,10.75,10.85,1339600
CZWI,20170509,14.15,14.22,14.11,14.11,41400
DAIO,20170509,6.28,6.35,6.1,6.24,95400
DAKT,20170509,9.69,9.8,9.56,9.63,120300
DAX,20170509,28.73,28.8,28.71,28.71,2200
DBVT,20170509,35.84,35.9,35.17,35.43,76900
DCOM,20170509,20.3,20.6,20.15,20.35,337600
DCTH,20170509,0.05,0.06,0.04,0.05,37619200
DENN,20170509,11.98,12.08,11.9,12.06,336200
DFFN,20170509,42.15,45.15,42.15,44.4,16900
DGICA,20170509,15.73,16.05,15.6,15.84,30600
DGICB,20170509,15.85,15.85,15.85,15.85,0
DGII,20170509,10.3,10.3,9.95,9.98,125000
DGLY,20170509,4.05,4.1,4,4,24600
DGRE,20170509,23.56,23.86,23.56,23.7,10300
DGRS,20170509,33.48,33.71,33.48,33.61,61800
DGRW,20170509,36.16,36.18,36.07,36.13,126100
DHIL,20170509,202.51,206.5,202.51,204.92,33800
DIOD,20170509,23.08,23.75,23.08,23.71,165400
DISCA,20170509,26.47,26.9,25.79,26.66,6171700
DISCB,20170509,27.5,27.5,27.5,27.5,0
DISCK,20170509,25.77,26.01,25.17,26,2231900
DISH,20170509,60.89,61.74,60.43,61.24,2897200
DJCO,20170509,209,209.25,209,209.25,1000
DLHC,20170509,4.78,4.81,4.59,4.8,15700
DLTH,20170509,21.73,22.03,21.67,21.87,126000
DLTR,20170509,82.46,83.48,82.33,82.78,1870900
DMLP,20170509,16.55,16.6,16.29,16.5,23200
DMRC,20170509,29.95,31.15,29.75,30.85,41300
DORM,20170509,83.24,84.09,82.8,83.36,93000
DOX,20170509,62.33,62.33,61.37,61.82,862500
DRIO,20170509,3,3.07,2.89,3.01,99600
DRNA,20170509,3.05,3.1,2.98,3.07,43300
DRRX,20170509,0.99,1.06,0.94,1.01,3658800
DSGX,20170509,23.15,23.15,22.7,23.05,62300
DSKE,20170509,10.17,10.19,9.81,9.88,69300
DSKEW,20170509,1.18,1.18,1.1,1.18,29000
DSPG,20170509,12.45,12.5,12.3,12.4,80900
DSWL,20170509,1.91,1.91,1.9,1.91,16600
DTEA,20170509,6.3,6.45,6.15,6.15,88100
DVAX,20170509,5.4,5.75,5.35,5.55,746600
DWAC,20170509,25,25.01,24.97,25,1000
DWAS,20170509,41.48,41.54,41.29,41.46,21700
DWAT,20170509,10.73,10.73,10.73,10.73,0
DWSN,20170509,4.95,4.97,4.85,4.89,77600
DXCM,20170509,73,73,71.94,71.99,1703900
DXGE,20170509,31.61,31.61,31.49,31.52,20100
DXJS,20170509,39.59,39.74,39.49,39.51,17700
DXLG,20170509,2.3,2.35,2.15,2.2,308100
DXPE,20170509,35.3,35.81,34.12,35.17,127900
DXYN,20170509,4.24,4.35,4.05,4.15,34100
DYNT,20170509,3.2,3.2,3.11,3.15,10200
DZSI,20170509,5.55,5.66,5.36,5.57,5800
EA,20170509,95.86,96.34,95.25,96.01,6184800
EBAY,20170509,33.24,33.87,33.09,33.72,9298500
EBIX,20170509,60.75,62.1,58.7,59,473400
EBMT,20170509,19.7,20.45,19.35,19.78,13900
EBSB,20170509,17.35,17.55,17.2,17.25,159300
EBTC,20170509,33.72,33.72,31.75,32.1,8800
ECHO,20170509,19.4,19.5,19,19.05,164700
ECOL,20170509,51.25,51.63,50.67,51.45,68500
ECPG,20170509,33.2,35,33.2,34.95,306500
EDAP,20170509,2.55,2.55,2.5,2.52,14500
EDIT,20170509,18,18.93,18,18.83,465500
EDUC,20170509,4.45,4.525,4.225,4.38,8400
EEFT,20170509,84.7,85.21,84.42,84.64,153200
EEMA,20170509,62.33,62.77,62.27,62.35,18500
EFAS,20170509,17.12,17.13,17.11,17.13,4500
EFOI,20170509,15.65,16.2,15.2,16.1,23300
EFSC,20170509,43,43.25,42.49,42.8,152400
EGAN,20170509,1.7,1.75,1.7,1.7,15400
EGBN,20170509,61.05,61.65,60.45,61.05,87200
EGLE,20170509,33.04,35,33.04,34.86,130300
EGRX,20170509,87.03,89.68,85.49,89.09,392300
EHTH,20170509,17.68,17.68,16.87,16.93,312600
EIGR,20170509,8.33,8.33,7.7,7.7,33600
EKSO,20170509,39.15,39.75,36,38.55,282500
ELSE,20170509,3.89,3.89,3.89,3.89,0
ELTK,20170509,0.6,0.6,0.6,0.6,100
EMCB,20170509,72.11,72.22,71.96,72.22,1700
EMCF,20170509,29.45,29.45,29.45,29.45,300
EMIF,20170509,31.57,31.72,31.57,31.57,2600
EMKR,20170509,10.25,10.65,10.1,10.65,640600
EML,20170509,27.7,28.15,27.7,27.95,12400
ENDP,20170509,11.75,13.05,11.65,12.82,22529100
ENG,20170509,1.44,1.45,1.4,1.42,27900
ENPH,20170509,1.17,1.18,1.13,1.15,622500
ENSG,20170509,19.8,20.11,19.59,19.66,146700
ENTA,20170509,30.82,33.74,30.61,33.71,479600
ENTG,20170509,24.35,24.75,24.2,24.45,886500
ENZL,20170509,43.11,43.14,42.93,42.93,150200
EPAY,20170509,25.18,25.73,25.1,25.61,351700
EPIX,20170509,36.8,37.4,36.6,37.4,3000
EPZM,20170509,15.2,16.1,15.05,15.85,276800
EQBK,20170509,31.52,31.65,30.89,31.06,11600
EQIX,20170509,427.64,427.82,424.42,425.91,341100
ERIC,20170509,6.57,6.61,6.55,6.61,5186500
ERIE,20170509,117.67,121.62,115.75,116.11,33100
ERII,20170509,7.8,7.9,7.38,7.65,522500
ESBK,20170509,20.88,20.9,20.65,20.65,1100
ESCA,20170509,12.35,12.7,11.9,12.5,14400
ESEA,20170509,10.48,10.64,10.32,10.48,30000
ESGD,20170509,62.65,62.69,62.53,62.53,5000
ESGE,20170509,31.61,31.68,31.535,31.535,8800
ESGR,20170509,191.5,192.4,190.25,191.6,19200
ESGU,20170509,52.54,52.54,52.54,52.54,0
ESLT,20170509,120,120,119.1,119.46,29100
ESPR,20170509,34.31,35.67,34.3,35.47,619200
ESSA,20170509,15.8,15.85,14.7,14.77,22500
ESXB,20170509,8.1,8.15,8.05,8.1,25000
ETSY,20170509,11.35,11.59,11.3,11.54,3157000
EUFN,20170509,21.97,21.99,21.83,21.84,2557600
EVBG,20170509,24.09,25.59,23.32,24.76,413600
EVGBC,20170509,99.97,99.97,99.97,99.97,100
EVGN,20170509,5.22,5.22,5.13,5.15,4700
EVK,20170509,2.7,2.7,2.7,2.7,0
EVLMC,20170509,99.94,99.94,99.94,99.94,4100
EVLV,20170509,1.34,1.36,1.3,1.33,70200
EVOK,20170509,2.71,2.76,2.7,2.74,73100
EVOL,20170509,5.15,5.4,5.12,5.3,45500
EVSTC,20170509,99.98,99.98,99.98,99.98,4900
EWBC,20170509,55.63,56.16,54.93,55.51,853700
EWZS,20170509,14.15,14.36,14.15,14.36,22800
EXAS,20170509,34.2,34.98,33.61,34.87,3819300
EXEL,20170509,21.61,22.1,21.53,21.84,2680200
EXLS,20170509,50.6,50.88,50.4,50.66,92900
EXPD,20170509,53.77,53.82,53.18,53.37,1563600
EXPE,20170509,139.54,140.34,139.25,139.4,1743700
EXPO,20170509,30.625,30.675,30.2,30.375,73600
EXTR,20170509,9.2,9.49,9.2,9.26,2366800
EYEG,20170509,28.35,29.25,26.4,27,127600
EYES,20170509,9.28,9.36,9.2,9.36,245200
EYESW,20170509,0.36,0.36,0.36,0.36,200
EZPW,20170509,8.95,8.97,8.7,8.85,238600
FAAR,20170509,29.14,29.14,29.14,29.14,100
FAB,20170509,51.82,51.92,51.75,51.75,1500
FAD,20170509,57.18,57.18,57.02,57.02,1200
FALN,20170509,27.37,27.37,27.37,27.37,300
FANG,20170509,100.31,100.87,99.26,99.62,1044000
FANH,20170509,7.89,8.09,7.8,8.07,25000
FARM,20170509,33.5,34.2,33.15,33.9,75000
FARO,20170509,36.3,36.55,35.25,36.35,70400
FAST,20170509,22.9,22.995,22.645,22.75,2498200
FATE,20170509,4.21,4.21,3.91,4.01,221400
FB,20170509,151.49,152.59,150.21,150.48,17453800
FBIO,20170509,3.58,3.72,3.53,3.56,227400
FBIZ,20170509,24.5,24.95,24.25,24.59,21200
FBMS,20170509,28.65,28.65,28.55,28.65,9300
FBNC,20170509,30,30.07,29.32,29.55,593100
FBZ,20170509,15.27,15.49,15.27,15.49,6000
FCA,20170509,21.87,21.87,21.83,21.83,200
FCAP,20170509,32.45,32.72,32.45,32.5,1000
FCBC,20170509,26.9,27.32,26.26,26.62,19800
FCCO,20170509,20.35,20.6,19.8,20.15,2800
FCCY,20170509,17.75,17.9,17.5,17.7,6800
FCEF,20170509,21.43,21.43,21.37,21.39,14200
FCEL,20170509,13.8,13.8,13.2,13.56,822300
FCNCA,20170509,354.8,357.46,349.4,350.4,26900
FCVT,20170509,27.18,27.24,27.17,27.2,7100
FDIV,20170509,50.85,50.85,50.59,50.59,20800
FDT,20170509,54.42,54.51,54.29,54.31,19400
FDTS,20170509,36.89,36.89,36.89,36.89,0
FDUS,20170509,16.72,16.85,16.25,16.37,106100
FEIM,20170509,10.06,10.25,10.06,10.25,1000
FELE,20170509,39.05,39.35,37.75,38.05,181400
FEM,20170509,22.44,22.54,22.39,22.42,62200
FEMB,20170509,41.84,41.98,41.69,41.83,20900
FEMS,20170509,36.34,36.34,36.13,36.18,79000
FEP,20170509,34.58,34.61,34.45,34.54,208300
FEUZ,20170509,38.31,38.31,38.18,38.18,400
FEX,20170509,52.18,52.29,52.08,52.18,74100
FFBC,20170509,27.9,28.2,27.4,27.6,162400
FFHL,20170509,2.72,2.76,2.35,2.66,40500
FFIC,20170509,30.2,30.2,29.8,30.09,85700
FFIN,20170509,20.35,20.55,19.95,20.15,179900
FFIV,20170509,129.98,131.49,129.52,130.84,1022400
FFNW,20170509,15.25,15.34,15.2,15.26,32700
FFWM,20170509,16.39,16.64,16.29,16.46,190200
FGBI,20170509,25.3,25.7,25.3,25.7,4200
FGEN,20170509,27.5,28.23,27.45,27.8,515200
FGM,20170509,42.27,42.33,42.1,42.16,2600
FHB,20170509,29.6,29.69,29.13,29.34,119600
FIBK,20170509,39.15,39.45,38.4,38.65,131600
FINX,20170509,17.4,17.4,17.29,17.34,5500
FISI,20170509,33.45,33.65,33.05,33.28,39700
FISV,20170509,60,60.1,59.695,59.865,959600
FITB,20170509,25.01,25.16,24.71,24.84,4849300
FITBI,20170509,28.81,28.96,28.76,28.96,13600
FIVE,20170509,51.58,52.05,51.07,51.65,954000
FIVN,20170509,20.5,20.63,20.36,20.52,451000
FIXD,20170509,50.44,50.44,50.39,50.43,1400
FIZZ,20170509,83.56,84.94,83.09,83.61,416500
FJP,20170509,51.98,51.98,51.81,51.86,4400
FKU,20170509,37.28,37.29,37.22,37.29,2700
FLDM,20170509,5.83,6.06,5.76,5.84,182900
FLEX,20170509,15.37,15.48,15.28,15.34,4524000
FLGT,20170509,9.5,9.63,7,7.11,213900
FLIC,20170509,28.1,28.35,27.75,27.95,33600
FLL,20170509,2.34,2.34,2.27,2.32,7500
FLN,20170509,19.8,20.17,19.8,20.17,25200
FLWS,20170509,10.7,10.95,10.65,10.9,144800
FLXN,20170509,18.77,19.38,18.67,19.32,487500
FLXS,20170509,56.35,56.35,53.89,54.6,37700
FMB,20170509,52.12,52.12,52.01,52.06,8400
FMBH,20170509,34.6,34.7,34.25,34.28,7000
FMBI,20170509,23.06,23.28,22.67,22.75,496100
FMNB,20170509,14.8,14.85,14.4,14.55,40500
FNHC,20170509,15.6,15.66,15.5,15.62,90200
FNK,20170509,33.36,33.36,33.06,33.06,5600
FNLC,20170509,26.73,27.32,26.17,26.27,9300
FNWB,20170509,16.89,16.89,16.73,16.79,15300
FNX,20170509,58.82,58.82,58.51,58.58,22100
FNY,20170509,34.05,34.08,33.89,33.96,10100
FOLD,20170509,6.66,6.86,6.41,6.65,2902100
FONR,20170509,19.55,19.6,19.2,19.4,6200
FORD,20170509,1.13,1.15,1.1,1.12,4900
FORM,20170509,13.75,14.18,13.6,13.75,710700
FORR,20170509,39.85,40.4,39.75,40,80800
FORTY,20170509,41.49,41.49,40.9,41.02,1100
FOSL,20170509,17.45,18.44,17.37,18.15,2728100
FOX,20170509,27.95,28.08,27.63,27.96,2905500
FOXA,20170509,28.35,28.51,28.04,28.23,14809500
FOXF,20170509,32,32.35,31.6,31.85,228900
FPA,20170509,31.02,31.54,31.02,31.31,9600
FPAY,20170509,4.2,4.2,4.2,4.2,100
FPXI,20170509,30.19,30.19,30.19,30.19,0
FRBA,20170509,12.55,13.7,12.25,13.35,174500
FRBK,20170509,8.85,8.85,8.55,8.6,156400
FRGI,20170509,22.55,24.55,22.5,22.55,1192300
FRME,20170509,41.84,42.26,41.37,41.73,166600
FRPH,20170509,44,44.15,43.8,44.1,5100
FRPT,20170509,14,14.2,13.85,14.1,214800
FRSH,20170509,5.09,5.14,4.81,4.92,323000
FRTA,20170509,19.71,19.89,19.43,19.88,308200
FSBC,20170509,14.9,15,14.9,15,5100
FSBW,20170509,44.45,44.45,44.04,44.25,4400
FSFG,20170509,49.41,49.56,49.41,49.5,1100
FSLR,20170509,35.17,36.21,34.44,35.78,3095000
FSTR,20170509,17.5,17.75,17.45,17.75,44300
FSV,20170509,62.58,62.58,61.56,61.56,17300
FSZ,20170509,48.06,48.12,47.9,47.95,31500
FTA,20170509,49.56,49.64,49.47,49.5,46400
FTAG,20170509,24.93,24.97,24.89,24.89,1100
FTC,20170509,53.49,53.64,53.42,53.54,30400
FTCS,20170509,45.29,45.29,45.08,45.19,78700
FTEK,20170509,0.76,0.77,0.76,0.76,42300
FTGC,20170509,19.84,19.85,19.64,19.64,20600
FTHI,20170509,21.4,21.41,21.34,21.36,4300
FTLB,20170509,21.12,21.15,21.12,21.15,2100
FTNT,20170509,40.33,40.71,39,39.06,1714300
FTRI,20170509,11.25,11.34,11.18,11.34,4800
FTSL,20170509,48.54,48.54,48.46,48.52,125300
FTSM,20170509,60,60,59.97,59.99,400700
FTXD,20170509,20.01,20.01,20.01,20.01,0
FTXG,20170509,20.18,20.18,20.15,20.15,300
FTXH,20170509,19.96,19.96,19.96,19.96,0
FTXL,20170509,25.18,25.3,25.18,25.3,1700
FTXN,20170509,19.08,19.08,19.06,19.06,1500
FTXO,20170509,26.1,26.3,25.82,25.95,64800
FTXR,20170509,23.58,23.62,23.58,23.62,700
FULT,20170509,18.5,18.6,18.1,18.25,1094900
FUNC,20170509,14.14,14.14,14.14,14.14,300
FUND,20170509,7.5,7.53,7.5,7.51,36900
FUSB,20170509,11.79,11.93,11.55,11.63,11600
FV,20170509,24.55,24.64,24.47,24.53,312200
FVC,20170509,23.05,23.05,22.82,22.86,45700
FVE,20170509,2,2.05,1.9,1.9,50700
FWONA,20170509,33.28,33.71,32.32,33.25,412900
FWONK,20170509,34.8,34.9,33.65,34.21,194800
FWP,20170509,19.5,19.99,19.45,19.73,31600
FWRD,20170509,51.66,51.77,50.79,51.2,79500
FYC,20170509,37.22,37.33,37.15,37.18,7500
FYT,20170509,34.25,34.34,34.22,34.24,9300
FYX,20170509,54.97,55.11,54.79,54.94,22600
GABC,20170509,32.51,32.8,32.27,32.57,88500
GAIA,20170509,11.25,11.4,11.15,11.3,29400
GAIN,20170509,9.18,9.3,9.08,9.09,935700
GAINN,20170509,25.78,25.78,25.78,25.78,0
GALT,20170509,2.7,2.73,2.63,2.7,194000
GASS,20170509,3.22,3.3,3.14,3.14,31200
GBCI,20170509,34.8,35,34.02,34.27,202100
GBDC,20170509,20.25,20.39,20.19,20.26,234100
GBLI,20170509,36.99,39.25,36.99,38.68,5000
GBLIL,20170509,25.1,25.2,25.1,25.14,54400
GBT,20170509,28.5,29,28.35,28.85,483600
GCBC,20170509,23.6,23.75,23.6,23.75,1300
GDEN,20170509,15.03,15.2,14.88,15.18,41500
GDS,20170509,7.97,8.4,7.97,8.34,102500
GECC,20170509,10.91,11.07,10.72,11.04,12400
GENC,20170509,16.29,16.3,16.13,16.25,28500
GENE,20170509,4.44,4.48,4.36,4.4,135200
GENY,20170509,28.28,28.31,28.17,28.17,2200
GEOS,20170509,16.7,16.88,16,16.42,39500
GERN,20170509,2.57,2.64,2.52,2.63,1769700
GEVO,20170509,20.2,20.6,19.6,20,663600
GFED,20170509,19.9,19.9,19.9,19.9,200
GGAL,20170509,41.87,42.01,41.7,41.83,234900
GIFI,20170509,9.65,9.75,9.48,9.5,61900
GIGM,20170509,2.9,2.9,2.88,2.89,7700
GIII,20170509,24,24.97,23.98,24.69,465200
GILD,20170509,67.22,67.75,67.1,67.61,5557300
GILT,20170509,4.82,4.82,4.76,4.8,7600
GLAD,20170509,10.07,10.09,9.82,9.83,172300
GLBL,20170509,4.8,4.85,4.8,4.85,400000
GLBS,20170509,1470,1490,1350,1380,454600
GLBZ,20170509,11.86,11.86,11.86,11.86,0
GLDD,20170509,4.55,4.6,4.45,4.45,117800
GLDI,20170509,9.24,9.26,9.21,9.26,33300
GLMD,20170509,4.94,4.98,4.5,4.61,78400
GLNG,20170509,26.68,26.89,26.09,26.47,1179100
GLPG,20170509,87.46,87.54,86.71,87.12,129200
GLPI,20170509,35.31,35.51,35.2,35.35,1185000
GLRE,20170509,20.35,20.9,20.35,20.75,154300
GLYC,20170509,3.95,4.04,3.87,3.93,45900
GNCA,20170509,51.36,51.36,46.88,49.44,456300
GNMA,20170509,49.75,49.75,49.6,49.71,22400
GNTX,20170509,20,20.28,19.94,20.21,1585600
GNTY,20170509,30,30.67,29,30.1,606100
GNUS,20170509,4.25,4.5,4.03,4.14,22600
GOGL,20170509,6.68,6.75,6.47,6.63,292700
GOGO,20170509,13.1,13.24,12.8,13.21,784300
GOOD,20170509,20.58,20.65,20.23,20.31,189900
GOODO,20170509,25.54,25.54,25.54,25.54,600
GOOG,20170509,936.95,937.5,929.53,932.17,1581800
GOOGL,20170509,961.33,962.2,954.4,956.71,1687900
GPAC,20170509,9.95,9.95,9.95,9.95,0
GPACW,20170509,0.3,0.3,0.3,0.3,0
GPP,20170509,19.6,19.75,19.5,19.6,34100
GPRE,20170509,25.65,25.8,24.98,25.25,1029800
GPRO,20170509,8.41,8.45,8.28,8.31,1825000
GRBK,20170509,10.2,10.4,9.95,10.25,84300
GRFS,20170509,21.23,21.45,21.14,21.41,685300
GRID,20170509,43.37,43.4,43.24,43.24,1200
GRMN,20170509,52.01,52.18,51.42,52.01,919900
GROW,20170509,1.28,1.33,1.26,1.27,31600
GRPN,20170509,70.4,73.4,70.4,71.2,8316800
GRVY,20170509,7.975,8.26,7.775,7.895,12900
GSBC,20170509,51.6,52.35,50.9,51.45,27200
GSIT,20170509,7.4,7.54,7.31,7.52,142800
GSM,20170509,8.73,8.8,8.6,8.61,442700
GT,20170509,35.26,35.65,35.13,35.51,1600400
GTIM,20170509,3.3,3.3,3,3.22,37700
GTYH,20170509,9.86,9.86,9.86,9.86,0
GURE,20170509,9.9,9.9,9.5,9.75,38400
GWGH,20170509,10.16,10.16,10.16,10.16,100
GWRS,20170509,9.13,9.31,9,9,15600
GYRO,20170509,20.75,20.85,20.75,20.85,600
HA,20170509,53.15,54.1,53.15,53.8,583200
HAFC,20170509,29.3,29.4,28.85,29,116200
HAIN,20170509,36.46,36.69,35.89,36,994200
HALL,20170509,10.38,10.46,10.2,10.32,48000
HALO,20170509,13.89,14.22,13.76,13.84,1210400
HAS,20170509,99.6,101.2,99.43,101.19,1094100
HAYN,20170509,39.19,39.19,37.51,37.72,89700
HBAN,20170509,13.08,13.17,12.9,12.93,7442400
HBANN,20170509,25.26,25.35,25.26,25.35,1600
HBANP,20170509,1393.57,1396.75,1388.5,1388.5,400
HBCP,20170509,37.99,37.99,36.55,36.99,18200
HBIO,20170509,2.4,2.45,2.35,2.45,31200
HBMD,20170509,18.75,18.77,18.5,18.65,18900
HBNC,20170509,18.0467,18.1267,17.82,17.9867,30200
HBP,20170509,7.18,7.18,6.77,6.9,229500
HCCI,20170509,14.6,15.3,14.6,15.25,47500
HCKT,20170509,19.88,20.35,19.85,20.24,228700
HCM,20170509,19.34,19.34,18.67,19.26,10300
HCSG,20170509,45.73,45.89,45.37,45.56,199700
HDSN,20170509,7.13,7.24,7.04,7.16,453400
HEAR,20170509,3.6,3.8,3.6,3.64,179600
HEES,20170509,21.31,21.55,21.1,21.38,197600
HELE,20170509,94.85,95.15,94,94.9,90500
HFBL,20170509,29,29,29,29,100
HFWA,20170509,25.3,25.38,24.75,25,76800
HGSH,20170509,3.38,3.38,3.3,3.3,4200
HIBB,20170509,25.3,25.65,25.05,25.5,531600
HIFS,20170509,183.63,183.63,183.63,183.63,800
HIHO,20170509,3.65,3.75,3.65,3.72,5900
HIMX,20170509,6.76,6.86,6.72,6.78,4299500
HLG,20170509,8.23,8.23,8.23,8.23,0
HLIT,20170509,5.05,5.15,5,5.15,492000
HLNE,20170509,19.34,19.8,19.22,19.59,180500
HMHC,20170509,13.05,13.15,12.77,12.95,488000
HMNF,20170509,17.5,17.5,17.5,17.5,0
HMST,20170509,27.25,27.5,26.9,27,169300
HMTV,20170509,11.35,11.55,11.3,11.4,66600
HNNA,20170509,16.63,16.75,16.5,16.69,5300
HNRG,20170509,6.7,7.99,6.7,7.89,196300
HOFT,20170509,45.85,46.6,45.65,46.2,77000
HOLI,20170509,15.97,16.13,15.84,15.85,373000
HOLX,20170509,44.86,45.72,44.86,45.57,2454700
HOMB,20170509,25.52,25.7,24.94,25.15,418800
HONE,20170509,11.739,11.8337,11.6109,11.6499,22400
HOPE,20170509,19.01,19.06,18.68,18.78,478800
HOVNP,20170509,6.86,7.01,6.86,7.01,4200
HQY,20170509,44.55,44.99,43.89,44.91,442600
HRTX,20170509,15.1,15.75,15.05,15.65,1261100
HRZN,20170509,11.45,11.5,11.4,11.43,45500
HSIC,20170509,180,182.48,175.98,177.41,843600
HSII,20170509,21.6,21.85,21.4,21.75,124500
HSKA,20170509,93.73,98.26,93,98.25,96700
HSON,20170509,15.4,15.4,14.8,15.1,40200
HSTM,20170509,28.74,29.1,28.62,29.03,97300
HTBI,20170509,25.2,25.25,24.7,24.85,28000
HTBK,20170509,14.75,14.79,14.46,14.56,78900
HTBX,20170509,7,7.3,7,7,166400
HTGM,20170509,3.77,4.19,3.76,4.07,565100
HTHT,20170509,18.6975,18.925,18.61,18.7075,247300
HTLD,20170509,19.46,19.54,19.27,19.42,583400
HTLF,20170509,49.5,49.8,48.35,48.65,87900
HUBG,20170509,37.35,37.9,36.55,36.8,263800
HURC,20170509,29.35,29.7,29.3,29.45,7200
HURN,20170509,44.55,44.75,44.15,44.3,145700
HVBC,20170509,14.18,14.18,14.18,14.18,0
HWBK,20170509,19.1,19.1,18.55,18.55,700
HWKN,20170509,50.65,50.7,49.35,50,18100
HYLS,20170509,49.08,49.2,49.04,49.09,85600
HYZD,20170509,24.14,24.14,24,24.09,21500
HZNP,20170509,10.13,10.2,9.8,9.92,13454600
IAC,20170509,100.87,102.21,100.72,101.99,973100
IART,20170509,46.23,47,46.2,46.83,490300
IBB,20170509,290.31,293.19,289.9,292.95,883900
IBCP,20170509,22.4,22.4,21.77,21.9,57000
IBKR,20170509,36.05,36.29,35.77,35.8,567600
IBOC,20170509,36.85,37.15,35.47,35.75,190100
IBTX,20170509,61.85,61.91,59.69,60.15,105200
ICAD,20170509,5.05,5.15,4.88,4.91,26500
ICBK,20170509,25.03,25.54,24.94,24.94,4500
ICCC,20170509,5.41,5.69,5.41,5.53,10200
ICCH,20170509,15.8,15.8,15.8,15.8,0
ICFI,20170509,47.4,48,46.55,47.8,85700
ICHR,20170509,20.44,20.44,19.64,20.35,422600
ICLN,20170509,8.64,8.71,8.63,8.69,33000
ICLR,20170509,87.43,88.87,87.4,87.84,451800
ICPT,20170509,114.68,116.74,113.76,116.48,371600
ICUI,20170509,157.55,158.65,156.2,158.2,68900
IDCC,20170509,84.1,85.85,84.1,85.5,249700
IDLB,20170509,27.43,27.55,27.35,27.55,17600
IDRA,20170509,14.4,14.48,13.76,14.16,1299400
IDXX,20170509,160.8,162.25,160.8,162.06,475600
IEP,20170509,53.17,53.85,50.54,50.82,363500
IESC,20170509,16.65,17,16.35,17,96800
IEUS,20170509,51.93,51.93,51.62,51.66,16900
IFGL,20170509,28.44,28.51,28.42,28.46,33800
IFMK,20170509,12.87,13.71,12.87,13.71,4800
IFV,20170509,19.71,19.82,19.69,19.78,170300
IGF,20170509,43.4,43.46,43.11,43.14,146600
IGOV,20170509,91.94,92.02,91.85,91.97,31800
III,20170509,3.39,3.64,3.39,3.52,168400
IIN,20170509,8.9,9,8.7,9,4200
IIVI,20170509,30.9,31.48,30.35,31.3,811900
IKNX,20170509,8.55,8.59,8.55,8.59,1000
ILMN,20170509,184.35,185.27,182.71,183.59,1125200
IMGN,20170509,3.76,4.09,3.76,3.96,918500
IMKTA,20170509,42,42,40.05,40.55,93500
IMMR,20170509,8.52,8.59,8.2,8.26,302800
IMOS,20170509,17.95,18.13,17.86,18.08,67400
INBK,20170509,28.75,28.85,28.05,28.2,11700
INCR,20170509,42.95,43.85,42.95,43.65,1880500
INCY,20170509,117.47,119.92,117.04,119.73,1204200
INDB,20170509,64.5,65.1,63.9,64.65,119000
INDY,20170509,32.99,33.06,32.96,33.04,113000
INFI,20170509,1.8,1.86,1.76,1.84,390200
INFN,20170509,9.29,9.59,9.25,9.58,1746200
INFR,20170509,27.81,27.81,27.81,27.81,0
INGN,20170509,84.22,84.89,83.02,83.77,226300
INO,20170509,6.3,6.38,6.2,6.38,562300
INOD,20170509,1.8,1.8,1.6,1.65,92800
INOV,20170509,14,14.15,13.6,13.6,454600
INPX,20170509,212220,219240,152820,156600,2351000
INSE,20170509,10.1,10.25,8.76,10.25,10900
INSG,20170509,1.85,1.96,1.83,1.84,146600
INSM,20170509,17.29,17.43,16.85,17.09,236900
INTC,20170509,36.48,36.75,36.28,36.37,17819100
INTG,20170509,27.25,27.25,27.25,27.25,0
INTU,20170509,126.22,127.08,125.9,126.73,1096900
INVA,20170509,11.64,11.95,11.44,11.5,1302600
INVE,20170509,5.67,5.85,5.16,5.58,82900
IONS,20170509,47.68,48.2,45.79,46.8,1582600
IOSP,20170509,64.8,65.35,64.2,65.1,127400
IPAR,20170509,41.7,41.7,38.15,38.5,157000
IPDN,20170509,7.77,7.95,7.75,7.85,9800
IPGP,20170509,134.25,135.7,133.89,134.31,247400
IPKW,20170509,31.97,31.97,31.91,31.95,16500
IPWR,20170509,23,23.5,23,23.5,14600
IRBT,20170509,85.42,86.71,85.15,86.58,422400
IRCP,20170509,49.33,49.33,49.33,49.33,0
IRDM,20170509,10.6,10.63,10.25,10.5,614400
IRIX,20170509,9.7,10.49,9.65,9.73,47500
IRMD,20170509,8.4,8.95,8.4,8.6,34400
IROQ,20170509,20,20,20,20,2600
IRTC,20170509,32.75,33.42,32.1,33.33,287000
IRWD,20170509,15.72,17.44,15.71,16.94,3393500
ISBC,20170509,13.73,13.89,13.6,13.81,6444100
ISHG,20170509,78.94,78.94,78.94,78.94,200
ISIG,20170509,1.13,1.15,1.1,1.1,6800
ISRG,20170509,839.42,845.34,837.26,843.17,310000
ISSC,20170509,3.4,3.67,3.37,3.5,80300
ISTR,20170509,22.8,22.85,22.65,22.75,8500
ITCI,20170509,9.3,9.3,9.11,9.26,351600
ITI,20170509,5.4,5.5,5.28,5.4,121200
ITIC,20170509,179.96,195.5,179.87,192.48,11600
ITRI,20170509,65.8,66.25,64.9,65.55,292800
ITRN,20170509,32.4,32.95,31.75,32.8,110400
IVAC,20170509,12.95,13.5,12.95,13.5,200400
IXUS,20170509,56.89,56.96,56.77,56.86,511400
IZEA,20170509,3.55,3.55,3.55,3.55,1000
JACK,20170509,103.85,104.15,102.05,102.65,875900
JAGX,20170509,861,871.5,829.5,861,46600
JAKK,20170509,47,47.5,46.5,47.5,74800
JAZZ,20170509,157.8,160.64,157.66,158.35,588200
JBHT,20170509,87.7,88.1,87.18,87.61,705600
JBLU,20170509,21.43,22.15,21.43,21.84,5788500
JBSS,20170509,64.19,65.69,63.34,63.79,128200
JCS,20170509,4.7,4.74,4.54,4.55,10100
JCTCF,20170509,5.75,5.75,5.75,5.75,200
JD,20170509,38.84,38.99,38.28,38.53,16211100
JJSF,20170509,132.93,132.93,130.3,131,39800
JKHY,20170509,97.41,97.72,96.76,97.3,458200
JNCE,20170509,24.82,25.39,23.86,24.17,82900
JOBS,20170509,41.81,44.04,41.81,42.85,372800
JOUT,20170509,41.99,46.17,41.6,45.68,77700
JRJC,20170509,22.4,23.3,21.2,22.4,187600
JRVR,20170509,41.35,41.78,40.94,41.63,108700
JSM,20170509,23.59,23.67,23.55,23.66,6000
JSMD,20170509,33.87,33.87,33.18,33.18,6500
JSML,20170509,32.15,32.19,32.08,32.08,1500
JVA,20170509,4.82,4.9,4.76,4.81,20000
JYNT,20170509,3.57,3.92,3.54,3.88,12900
KALU,20170509,81.95,83.12,81.48,82.13,124500
KALV,20170509,7.4,7.4,7.12,7.25,17100
KBAL,20170509,18.24,18.54,18.03,18.51,207400
KBSF,20170509,5.83,5.83,5.41,5.7,14900
KBWB,20170509,48.18,48.33,47.59,47.75,2407300
KBWD,20170509,24.17,24.17,23.69,23.76,106700
KBWP,20170509,56.72,56.72,55.94,55.94,7600
KBWR,20170509,54.08,54.28,53.22,53.4,10400
KBWY,20170509,37.12,37.12,36.36,36.49,109300
KE,20170509,16.4,16.5,16.25,16.45,50400
KELYA,20170509,21.74,22.12,21.61,22.06,113900
KELYB,20170509,22,22,22,22,0
KEQU,20170509,23.01,23.01,23.01,23.01,200
KFFB,20170509,9.35,9.35,9.35,9.35,1900
KFRC,20170509,20.5,21.05,20.2,20.9,149800
KHC,20170509,89.23,89.65,88.87,89.2,2299100
KINS,20170509,14.85,14.93,14.55,14.85,33400
KIRK,20170509,12.14,12.44,12.11,12.14,118800
KLAC,20170509,100.7,101.47,100.61,100.81,787800
KLIC,20170509,21.12,21.38,21.09,21.3,555400
KMDA,20170509,7.2,7.2,7.1,7.1,5700
KMPH,20170509,3.95,4,3.95,4,8600
KNDI,20170509,4.5,4.7,4.45,4.5,416100
KNSL,20170509,34.8,35.84,34.75,35.02,98600
KOPN,20170509,3.97,4.05,3.62,3.84,1177800
KOSS,20170509,2.07,2.07,2.01,2.03,9900
KPTI,20170509,8.75,9.01,8.59,8.74,263800
KRMA,20170509,17.24,17.24,17.18,17.22,2900
KRNT,20170509,22.55,23,21.1,21.4,364900
KRNY,20170509,14.8,14.85,14.43,14.55,397400
KTCC,20170509,6.9,6.9,6.86,6.89,13600
KTOS,20170509,9.25,9.36,9.15,9.21,1468100
KURA,20170509,8.9,8.95,8.55,8.85,32800
KVHI,20170509,7.65,9.15,7.65,9.1,190100
LAKE,20170509,10.75,11.15,10.75,11,26900
LAMR,20170509,71.21,71.24,69.58,69.73,476800
LANC,20170509,124.28,124.28,121.41,121.99,85900
LAND,20170509,10.98,10.98,10.77,10.79,41800
LARK,20170509,31,31,30.97,31,800
LAUR,20170509,13.61,13.73,13.52,13.54,499000
LAWS,20170509,22,22.05,21.1,21.45,16700
LBAI,20170509,19.95,20.15,19.6,19.75,84900
LBRDA,20170509,84.48,85.16,84.28,84.85,59500
LBRDK,20170509,86.19,86.46,85.12,85.99,430900
LBTYA,20170509,31.82,31.82,30.8,30.85,4535600
LBTYB,20170509,32,33.5,31.45,31.95,5400
LBTYK,20170509,30.5,31.31,30.3,30.36,6839000
LCA,20170509,9.99,9.99,9.99,9.99,0
LCAHU,20170509,10.67,10.67,10.67,10.67,100
LCAHW,20170509,0.71,0.88,0.71,0.85,1100
LCNB,20170509,21.95,22.3,21.75,21.8,10500
LCUT,20170509,18.2,19.55,18.2,19.5,60400
LE,20170509,21.95,22.1,21.65,21.9,50200
LECO,20170509,90.12,90.51,89.49,89.85,171400
LEDS,20170509,2.9,2.99,2.9,2.9,3300
LFUS,20170509,166.6,166.84,164.86,165.34,69400
LFVN,20170509,4.7,4.7,4.34,4.41,80300
LGIH,20170509,32,32.98,30.44,32.87,965200
LGND,20170509,112.3,115.52,111.67,115.13,286200
LHCG,20170509,60.75,61.95,60.32,60.68,220100
LIFE,20170509,47.6,47.6,43.54,44.1,36700
LILA,20170509,22.09,22.1,21.27,21.66,630900
LILAK,20170509,22.38,22.42,21.41,21.52,1001100
LINC,20170509,2.89,2.92,2.84,2.87,11300
LIND,20170509,8.96,9.18,8.85,8.95,69300
LINK,20170509,7.1,7.1,7.1,7.1,0
LITE,20170509,49.8,51.57,49.45,51.35,1504100
LIVE,20170509,14.41,15.19,14.25,14.53,8200
LIVN,20170509,56.7,58.13,56.7,57.96,246700
LJPC,20170509,26.97,27.3,26.46,26.94,229600
LKFN,20170509,46,46.13,45.08,45.42,41500
LKQ,20170509,31.42,31.73,31.35,31.41,1806600
LLNW,20170509,3.17,3.25,3.13,3.2,489500
LMAT,20170509,30.51,32.01,30.3,30.76,199500
LMB,20170509,12.93,13.1,12.3,13.06,13000
LMBS,20170509,52.16,52.18,52.12,52.17,109000
LMFA,20170509,41.4,42.5,41.4,42.4,1600
LMNR,20170509,18.99,19.24,18.95,19.21,26300
LMRK,20170509,15.8,15.85,15.5,15.5,44200
LMRKO,20170509,25.21,25.45,25.16,25.32,4300
LMRKP,20170509,25.26,25.36,25.2,25.3,9800
LNDC,20170509,14,14.09,13.75,14.05,94500
LNTH,20170509,14.75,15.45,14.55,15.4,1804400
LOAN,20170509,5.5,5.5,5.4,5.4,39800
LOB,20170509,25.35,25.65,24.6,24.8,99500
LOCO,20170509,14,14.07,13.8,13.95,366100
LOGI,20170509,34.57,34.69,34.46,34.53,341700
LOPE,20170509,78.41,80.61,78.41,79.28,644800
LORL,20170509,37.65,37.9,37.4,37.6,37700
LPCN,20170509,3.96,4.06,3.96,3.98,81000
LPLA,20170509,42.71,43.38,42.62,43.19,560400
LPSN,20170509,7.85,8.1,7.55,7.95,362100
LPTH,20170509,2.78,3.04,2.74,2.99,729300
LPTX,20170509,7.59,8.17,7.36,8,42300
LQDT,20170509,7.55,7.55,7.3,7.4,193700
LRCX,20170509,149.51,150.75,149.43,150.54,1584300
LSBK,20170509,15.7,15.7,15.7,15.7,0
LSCC,20170509,6.65,6.83,6.65,6.81,354500
LSTR,20170509,83.3,83.75,82.85,83.25,227200
LSXMA,20170509,38.72,38.72,36.85,37.33,444300
LSXMB,20170509,40.26,40.26,40.26,40.26,0
LSXMK,20170509,37.34,37.45,36.56,37.14,613400
LTBR,20170509,15.24,15.48,14.64,15.24,64000
LTRPA,20170509,15.2,15.7,15.15,15.25,842800
LTRPB,20170509,15.7,15.7,15.7,15.7,0
LTRX,20170509,2.7,2.72,2.56,2.71,100000
LULU,20170509,51.75,52.32,51.4,52.05,2896700
LUNA,20170509,1.4,1.59,1.4,1.46,120700
LVHD,20170509,29.87,29.87,29.56,29.6,35700
LWAY,20170509,9.49,10.52,9.48,9.65,6400
LXRX,20170509,15.7,15.89,15.63,15.88,525200
LYTS,20170509,8.86,9.02,8.8,8.91,70100
MACK,20170509,3.28,3.38,3.26,3.38,1640700
MACQ,20170509,10.01,10.01,10.01,10.01,0
MACQU,20170509,10.26,10.26,10.26,10.26,200
MACQW,20170509,0.35,0.35,0.35,0.35,0
MANH,20170509,45.35,45.51,44.97,45.36,531800
MANT,20170509,39.35,39.56,38.97,39.08,112300
MAR,20170509,101.2,103.22,99.35,102.5,6721500
MARA,20170509,1.92,2,1.68,1.68,201600
MARK,20170509,3.1,3.18,3.09,3.09,9800
MARPS,20170509,3.9,3.9,3.9,3.9,0
MASI,20170509,85.47,86.61,84.28,85.69,839700
MAT,20170509,22.2,22.48,22.02,22.43,3565700
MATW,20170509,66.8,66.8,66,66.6,71800
MAYS,20170509,41.5,41.5,41.5,41.5,0
MBCN,20170509,23.25,23.25,23.25,23.25,0
MBII,20170509,1.53,1.53,1.42,1.44,76900
MBOT,20170509,67.5,70.5,66,69.9,24300
MBRX,20170509,0.83,0.83,0.79,0.81,55900
MBUU,20170509,23.64,24.29,23.64,24.16,125100
MBWM,20170509,33.32,33.56,32.92,33.17,26600
MCBC,20170509,9.8,9.96,9.62,9.67,106400
MCEF,20170509,18.83,18.83,18.83,18.83,0
MCFT,20170509,17.11,17.91,16.99,17.68,199500
MCHI,20170509,51.39,51.77,51.39,51.61,1815800
MCHP,20170509,75.46,76.48,75.18,76.45,3838300
MCHX,20170509,2.92,3.02,2.92,2.99,214300
MCRB,20170509,9.65,10.04,9.59,9.93,112500
MCRI,20170509,29.92,30.01,29.75,29.94,25600
MDGL,20170509,15.89,15.9,15.61,15.79,3400
MDGS,20170509,10.2,10.8,8.68,9.08,403100
MDIV,20170509,19.38,19.38,19.25,19.27,126900
MDLZ,20170509,44.53,44.65,44.2,44.3,5785200
MDRX,20170509,12.14,12.22,12.04,12.06,1901400
MDWD,20170509,6.1,6.2,5.9,6.05,87300
MDXG,20170509,14.2,14.43,13.97,14.23,1712100
MEDP,20170509,24.25,24.67,23.92,24.47,279500
MEIP,20170509,1.64,1.66,1.58,1.63,284800
MELI,20170509,275,283.68,273.5,281.77,550500
MEOH,20170509,41.7,42.78,41.7,42.4,1057300
MERC,20170509,11.1,11.25,11.02,11.1,68300
MESO,20170509,10.04,10.04,9.75,9.75,29300
METC,20170509,6.1,6.11,5.86,5.94,133900
MFIN,20170509,2.16,2.2,2.09,2.18,152100
MGEE,20170509,64.65,64.65,63.65,64,74900
MGI,20170509,17.31,17.56,17.26,17.5,528200
MGIC,20170509,7.95,8.05,7.86,7.99,10100
MGLN,20170509,71.4,72.55,71.3,71.6,115700
MGNX,20170509,18.96,19.23,18.6,19.21,197100
MGPI,20170509,53.92,53.92,52.13,53.56,171300
MGRC,20170509,34.79,37.31,34.79,36.28,151500
MGYR,20170509,12.97,12.97,12.97,12.97,0
MHLD,20170509,11.25,11.75,10.75,10.95,1594100
MICT,20170509,1.2,1.2,1.18,1.18,3400
MIDD,20170509,138.51,138.8,136.56,137.45,324400
MILN,20170509,17.59,17.6,17.51,17.58,4200
MIME,20170509,24.34,24.61,23.7,24,276800
MIND,20170509,4.55,4.7,4.51,4.6,52600
MINDP,20170509,23.25,23.79,23.25,23.45,7300
MITK,20170509,8.5,8.65,8.45,8.6,343700
MKSI,20170509,79.55,80.3,79.1,79.7,417800
MKTX,20170509,185.31,187.79,185.31,186.54,143400
MLAB,20170509,143.65,144.8,140.22,143.72,12200
MLCO,20170509,21.42,22.08,21.42,22.05,5910800
MLHR,20170509,33.2,33.3,32.8,33.05,257200
MLVF,20170509,22,22,21.9,21.95,1200
MMLP,20170509,19,19,18.63,18.85,148200
MMSI,20170509,33.55,34.15,33.5,34.1,310300
MMYT,20170509,37.1,37.65,36.85,37.45,905700
MNDO,20170509,2.46,2.49,2.44,2.48,55300
MNKD,20170509,1.05,1.2,1.03,1.12,9231400
MNOV,20170509,5.62,5.62,5.4,5.44,30000
MNRO,20170509,51.9,53.35,51.8,52.9,544700
MNST,20170509,48.4,48.48,47.44,47.99,3150800
MNTX,20170509,7.35,7.49,7.06,7.19,75000
MOFG,20170509,35.5,35.74,35.11,35.4,20600
MOMO,20170509,38.78,39,38.2,38.58,5624600
MORN,20170509,73.47,74.16,72.81,73.88,59200
MOSY,20170509,16,16,14.6,15.6,29600
MOXC,20170509,15,15.4,13.5,15.4,14900
MPAA,20170509,29.59,30.57,29.59,30.53,101000
MPAC,20170509,9.65,9.65,9.65,9.65,0
MPACU,20170509,10.07,10.15,10.07,10.13,22300
MPACW,20170509,0.47,0.47,0.47,0.47,100
MPB,20170509,27.45,27.45,27.45,27.45,0
MPWR,20170509,92.84,94.48,91.63,93.72,208700
MRAM,20170509,9.3,9.58,9.23,9.5,22800
MRCC,20170509,15.73,15.84,15.55,15.68,51100
MRCY,20170509,40.41,40.41,39.6,40.11,286300
MRLN,20170509,24.05,24.25,24,24.25,37600
MRNS,20170509,5.04,5.2,4.92,5.2,149800
MRTN,20170509,16.0667,16.1133,15.8867,16.0667,126200
MRTX,20170509,3.65,3.8,3.65,3.67,87900
MRUS,20170509,20.49,21.19,20.4,20.99,21300
MRVL,20170509,15.16,15.55,15.1,15.54,4809300
MSBI,20170509,35.57,35.69,35.02,35.3,20400
MSEX,20170509,35.79,35.94,34.57,34.65,38200
MSFT,20170509,68.86,69.28,68.68,69.04,22858400
MSON,20170509,10.6,10.65,10.45,10.65,4700
MSTR,20170509,191.77,193.9,187.25,187.88,100200
MTBC,20170509,1.9,2.14,1.83,1.96,2639500
MTBCP,20170509,25.49,25.5,25.38,25.38,5800
MTCH,20170509,19.56,19.56,18.8,19.11,787500
MTEX,20170509,13.85,13.85,12.51,13.17,16400
MTLS,20170509,10.95,11.35,10.6,11.23,100800
MTP,20170509,124,137.5,124,137,20700
MTRX,20170509,10.7,11.2,10.65,11,444600
MTSI,20170509,46.43,47.49,46.33,47.38,383800
MU,20170509,28.11,28.9,28.06,28.81,31073300
MVIS,20170509,2.32,2.35,2.24,2.29,776600
MYGN,20170509,22.12,23.29,22.02,23.19,1123000
MYRG,20170509,34.1,35.13,32.91,33.17,282000
MYSZ,20170509,1.28,1.29,1.18,1.2,82100
NAII,20170509,9.7,9.9,9.65,9.7,24100
NAKD,20170509,905,995,875,995,395500
NATH,20170509,70.89,71.95,70.89,71.5,6700
NATI,20170509,35,35,34.79,34.93,331600
NATR,20170509,8.55,8.85,8.48,8.8,18300
NAVI,20170509,14.74,14.83,14.52,14.6,2608700
NBEV,20170509,4.1,4.3,4.09,4.24,281300
NBIX,20170509,51.82,52.68,51.33,52.6,1068100
NBN,20170509,18.25,18.45,17.9,18.2,31200
NBRV,20170509,9.75,9.9,9.54,9.73,17100
NBTB,20170509,38.65,38.65,37.86,38.21,63800
NCBS,20170509,50.27,50.3,49.15,49.8,13900
NCMI,20170509,8.42,8.8,8.35,8.48,1474800
NCSM,20170509,21.47,21.97,20.2,21.16,111800
NCTY,20170509,30.6,31.5,29.7,30,80500
NDAQ,20170509,67.18,67.4,66.73,66.75,1186300
NDLS,20170509,5.7,5.9,5.45,5.8,207000
NDSN,20170509,128.26,129,127.52,128.08,227600
NEO,20170509,7.65,7.8,7.65,7.7,204500
NEOG,20170509,46.935,47.22,46.515,47.055,65700
NEON,20170509,16.1,16.1,11,12.3,2032000
NEPT,20170509,0.94,0.96,0.93,0.96,51300
NERV,20170509,6.9,6.9,6.7,6.8,160900
NETE,20170509,0.81,0.82,0.79,0.81,55400
NEWT,20170509,17.02,17.15,16.82,16.82,85000
NEWTL,20170509,25.51,25.51,25.51,25.51,300
NEWTZ,20170509,26.4,26.49,26.35,26.37,4800
NFBK,20170509,17.93,18.19,17.69,17.81,70400
NFLX,20170509,156.1,157.85,155.97,157.46,3911000
NH,20170509,3.24,3.49,3.15,3.24,121700
NHTC,20170509,29.33,29.5,29.12,29.45,81800
NICE,20170509,73.02,73.5,72.79,73.09,208100
NICK,20170509,9.72,9.86,9.72,9.84,5000
NKSH,20170509,41.3,41.6,40.5,40.8,4200
NKTR,20170509,18.01,18.19,17.33,17.54,2078600
NMIH,20170509,10.8,11.02,10.65,10.95,816800
NNBR,20170509,30.75,30.85,30.25,30.35,243100
NNDM,20170509,63.3,64.4,62.8,62.8,7400
NODK,20170509,15.76,16,15.62,16,21400
NOVN,20170509,5.11,5.19,5.03,5.06,86100
NOVT,20170509,30.5,30.85,30.38,30.8,154700
NRIM,20170509,31.6,31.6,30.15,30.5,20500
NSEC,20170509,14.43,14.43,14.43,14.43,0
NSIT,20170509,46.17,46.99,45.64,45.81,371900
NSSC,20170509,9.8,10.05,9.35,9.95,105900
NSTG,20170509,18.38,18.74,18.37,18.55,227200
NSYS,20170509,3.56,3.58,3.45,3.45,8400
NTAP,20170509,40.22,40.6,40.01,40.13,2218600
NTCT,20170509,34.25,34.75,33.92,34.7,849700
NTES,20170509,54,55.102,54,54.38,1369200
NTGR,20170509,46,46.1,45.1,45.4,410700
NTIC,20170509,8.225,8.225,8.18,8.18,900
NTLA,20170509,13.49,14.1,13.43,13.91,101100
NTNX,20170509,16.61,16.73,15.92,16.27,1759500
NTRA,20170509,9.36,9.64,9.06,9.16,189000
NTRS,20170509,91.02,91.6,90.63,90.79,912700
NTWK,20170509,4.55,4.65,4.55,4.6,25800
NUAN,20170509,18.12,18.23,18.02,18.16,2993100
NURO,20170509,3.76,3.92,3.52,3.84,61800
NUVA,20170509,72.3,72.51,71.01,71.16,765800
NVAX,20170509,16,19.8,15.6,17,19127600
NVCN,20170509,1610,1740,1590,1690,677000
NVCR,20170509,12.5,12.5,12.07,12.15,696600
NVDA,20170509,25.75,26.2325,25.665,25.735,21191700
NVEC,20170509,78.55,80.37,77.54,78.22,17900
NVEE,20170509,37.5,37.85,37.1,37.35,85600
NVFY,20170509,7.05,7.05,6.75,6.8,125400
NVIV,20170509,2137.5,2212.5,2025,2100,385800
NVMI,20170509,21.67,22.6,21.36,22.13,1160600
NWBI,20170509,16.04,16.11,15.84,15.89,380800
NWFL,20170509,37.01,37.33,36.5,36.98,6700
NWLI,20170509,307.07,313.6,303.86,309.67,14300
NWPX,20170509,15.04,15.21,14.47,15.05,20300
NWS,20170509,13.15,13.4,13.1,13.4,786700
NWSA,20170509,12.81,13.12,12.76,13.11,3330300
NXPI,20170509,106.66,107.02,106.65,106.77,2152000
NXST,20170509,63.25,64.05,61,63.4,1760600
NXTD,20170509,1.76,1.78,1.72,1.78,64100
NYMT,20170509,6.27,6.27,6.11,6.14,1443800
NYMTP,20170509,24.2,24.5,24.2,24.5,9000
NYMX,20170509,4.24,4.29,4.05,4.18,274600
OBAS,20170509,8,8,8,8,0
OBCI,20170509,4.81,5,4.59,5,11300
OBSV,20170509,7.27,7.27,6.71,6.8,23000
OCC,20170509,2.8,3.2,2.8,2.95,39300
OCFC,20170509,28.4,28.4,27.65,27.83,145300
OCUL,20170509,8.16,8.19,7.78,8.08,1102400
ODFL,20170509,85.63,86.02,84.92,85.15,362000
ODP,20170509,54.3,55.4,52.1,52.6,9502100
OESX,20170509,1.35,1.4,1.34,1.38,24600
OFED,20170509,26.95,27,26.95,27,300
OFIX,20170509,40.1,41.31,39.3,41.02,176500
OFLX,20170509,58.09,59.86,56.67,59.54,14400
OFS,20170509,14.25,14.45,14.13,14.36,106500
OIIM,20170509,2.5,2.6,2.42,2.5,218600
OKTA,20170509,23.63,24.31,23.27,23.86,302200
OLD,20170509,25.1,25.1,24.83,24.83,1700
OLED,20170509,112.8,115.6,112.25,113.8,967900
OLLI,20170509,40.1,40.5,39.15,39.45,659200
OMAB,20170509,44.76,44.92,43.74,43.95,343200
OMCL,20170509,41,41.35,40.9,41.35,247300
OMER,20170509,15.49,16.1,15.12,16.04,362600
OMEX,20170509,4,4.08,3.93,3.95,16000
ON,20170509,14.45,15.09,14.45,15.01,7140400
ONB,20170509,17.2,17.35,16.89,17.05,587300
ONCS,20170509,11.1,11.2,10.7,10.7,91000
ONEQ,20170509,241.66,241.66,240.48,241.11,34100
ONTX,20170509,30.75,32.1,30.45,31.2,43900
ONVO,20170509,2.72,2.74,2.68,2.71,442300
OPGN,20170509,415,420,355,400,512400
OPHC,20170509,2.89,2.89,2.89,2.89,0
OPK,20170509,7.25,7.53,7.17,7.53,4862800
OPOF,20170509,30.95,30.95,30.74,30.84,700
ORLY,20170509,253.64,255.98,252.52,255.75,1213300
ORMP,20170509,7.92,7.92,7.66,7.79,35900
ORRF,20170509,22,22,20.6,20.75,8400
OSBC,20170509,12,12.25,11.98,12.15,62400
OSIS,20170509,78.7,78.99,77.88,78.37,98000
OSTK,20170509,15.25,15.65,15.05,15.2,115900
OSUR,20170509,14.75,15.1,14.66,15,1304900
OTEX,20170509,33.5,33.5,32.05,32.86,2239300
OTIC,20170509,14.05,14.55,13.8,14.35,86300
OTTR,20170509,38.05,38.23,37.45,37.5,105900
OVBC,20170509,30.2,30.65,30.2,30.65,400
OVID,20170509,12.8,13.5,12.5,13.34,44800
OVLY,20170509,14.25,14.25,14.25,14.25,5300
OXBR,20170509,5.95,6,5.95,5.97,3000
OXBRW,20170509,0.65,0.65,0.65,0.65,2000
OXLC,20170509,10.99,11.01,10.95,10.99,142600
OXLCO,20170509,25.41,25.52,25.41,25.48,3100
PAAS,20170509,16.11,16.24,15.85,16.1,1789100
PACB,20170509,3.96,3.99,3.92,3.97,776600
PACW,20170509,51.08,51.29,50.09,50.42,678400
PAHC,20170509,32,32.81,30.05,32,210900
PANL,20170509,3.28,3.28,3.25,3.25,4600
PATI,20170509,20.97,20.97,20.97,20.97,0
PATK,20170509,46.9667,47.3,46.6,46.9667,108000
PAVM,20170509,5,5.15,4.84,4.92,10200
PAVMW,20170509,1.63,1.63,1.63,1.63,300
PAYX,20170509,58.05,58.24,57.65,58.02,1603200
PBCT,20170509,17.51,17.64,17.28,17.34,2332800
PBCTP,20170509,28.19,28.31,27.04,27.42,18900
PBHC,20170509,15,15,15,15,300
PBIP,20170509,17.84,17.85,17.64,17.75,10000
PBPB,20170509,11.6,11.68,11.38,11.55,283200
PBYI,20170509,28.95,30.3,28.35,30.3,1449400
PCAR,20170509,66.25,66.59,66.03,66.29,1251500
PCH,20170509,45.25,45.5,44.8,45.15,174700
PCOM,20170509,10.34,10.42,10.19,10.38,95600
PCRX,20170509,47.95,49,47.95,48.8,908700
PCSB,20170509,16.6,16.64,16.41,16.49,100300
PCTI,20170509,8.24,8.48,8.04,8.16,312800
PCTY,20170509,43.74,44.66,43.6,44.24,488200
PCYG,20170509,12.45,12.45,12.16,12.35,45900
PCYO,20170509,7.62,7.9,7.62,7.9,25000
PDBC,20170509,15.75,15.76,15.62,15.66,1794300
PDCE,20170509,54.17,55.18,53.66,54.19,1329500
PDCO,20170509,44.69,45.18,43.96,44.18,1261100
PDEX,20170509,4.75,4.95,4.75,4.95,500
PDFS,20170509,16.93,17.46,16.93,17.45,244600
PDP,20170509,45.97,46.02,45.83,45.93,74000
PEBK,20170509,28.69,28.69,28.01,28.57,3100
PEBO,20170509,33.31,33.31,32.67,32.89,21200
PEGA,20170509,46.35,46.65,45.95,46.1,193000
PENN,20170509,18.62,18.87,18.59,18.71,816300
PERI,20170509,4.41,4.41,4.29,4.32,30900
PESI,20170509,3.25,3.36,3.2,3.2,46200
PETS,20170509,30.11,32.88,29.81,32.62,1873700
PEY,20170509,16.88,16.89,16.76,16.78,222800
PEZ,20170509,44.47,44.65,44.47,44.51,1100
PFBC,20170509,55.04,55.48,54.76,54.84,151200
PFI,20170509,31.14,31.21,30.82,30.85,18700
PFIE,20170509,1.2,1.21,1.16,1.16,69000
PFIN,20170509,6.55,6.65,6.55,6.64,13800
PFIS,20170509,44.1,44.34,43.62,43.94,3900
PFLT,20170509,13.9,13.9,13.64,13.7,171600
PFM,20170509,23.98,23.98,23.88,23.89,8900
PFMT,20170509,2.25,2.4,2.19,2.26,63900
PFSW,20170509,7.46,7.61,7.32,7.58,62000
PGC,20170509,32.37,32.4,31.46,31.82,67700
PGJ,20170509,36.87,37.32,36.87,37.18,24500
PHO,20170509,26.77,26.77,26.61,26.66,25300
PI,20170509,38.09,39.74,37.18,38.89,916900
PID,20170509,15.16,15.16,15.04,15.07,166200
PIE,20170509,16.76,16.82,16.74,16.78,53500
PINC,20170509,33,34.35,32.48,33.99,1236500
PIO,20170509,23.57,23.66,23.57,23.62,6300
PIRS,20170509,3.45,3.53,3.33,3.4,870700
PIZ,20170509,25,25.02,24.91,24.95,59700
PKBK,20170509,19.5,19.5,19.3636,19.4545,4000
PKOH,20170509,39,39,36.4,36.6,69800
PKW,20170509,52.53,52.83,52.53,52.69,74500
PLAB,20170509,11.25,11.55,11.23,11.45,259300
PLAY,20170509,65.97,66.89,65.81,66.69,364300
PLBC,20170509,18.8,18.8,18.75,18.8,2100
PLCE,20170509,118.35,119.15,116.8,117.5,245600
PLPC,20170509,49.29,49.33,49.29,49.3,1000
PLSE,20170509,20.82,22.24,18.64,22.04,1440900
PLUG,20170509,2.01,2.14,1.98,2.09,14269400
PLUS,20170509,73.3,73.6,72.3,73.3,74800
PLW,20170509,32.12,32.17,32.09,32.17,2700
PLXP,20170509,6.31,6.5,5.86,6.2,8800
PLXS,20170509,51.05,51.33,50.72,50.95,130000
PLYA,20170509,10.73,10.74,10.19,10.3,742700
PMBC,20170509,7.95,8,7.9,8,22000
PMD,20170509,20.6,20.81,20.1,20.35,27900
PME,20170509,4.34,4.35,4.1,4.11,490900
PMTS,20170509,13.5,14,13,13,105400
PNBK,20170509,15.4,15.4,15.38,15.4,1800
PNFP,20170509,64.05,64.45,62.88,63.35,184000
PNNT,20170509,8.06,8.17,8.02,8.14,539700
PNQI,20170509,102.3,102.57,102.13,102.38,69100
PNRG,20170509,40.8,40.8,40.8,40.8,0
PODD,20170509,42.5,43.67,39.14,39.67,1615900
POLA,20170509,5.13,5.25,5.06,5.13,52900
POOL,20170509,122.3,122.3,121.23,121.33,139800
POWI,20170509,33.25,33.4,32.55,32.675,206400
POWL,20170509,34.06,34.24,33.62,33.63,37300
PPBI,20170509,37.65,37.65,36.95,37.2,178300
PPC,20170509,24.78,24.99,24.55,24.71,992000
PPH,20170509,55.83,56.27,55.83,56.14,61800
PPIH,20170509,8,8,7.93,7.93,600
PPSI,20170509,6.74,6.8,6.7,6.75,7000
PRAA,20170509,33.25,35,33.25,34.75,429900
PRFT,20170509,16.84,17.18,16.75,17.03,304800
PRFZ,20170509,117.55,117.55,116.93,117.34,19600
PRGS,20170509,30.11,30.11,29.86,30.04,180600
PRIM,20170509,22.66,23.94,22.66,23.83,431000
PRN,20170509,52.89,52.91,52.82,52.91,7300
PROV,20170509,19.1,19.44,18.95,19.14,12400
PRPH,20170509,2.01,2.06,2.01,2.01,6400
PRQR,20170509,5.3,5.35,5.15,5.2,42300
PRTA,20170509,48.82,50.94,48.27,50.77,291500
PRTK,20170509,22.4,22.9,22.3,22.55,532600
PRTS,20170509,3.48,3.99,3.48,3.9,108400
PSC,20170509,28.55,28.55,28.5,28.5,800
PSCC,20170509,69.93,69.93,69.63,69.73,5500
PSCD,20170509,54.8,55.2,54.8,54.92,4100
PSCE,20170509,15.5,15.5,15.11,15.21,22500
PSCF,20170509,50.96,51.08,50.5,50.63,14100
PSCH,20170509,81.47,82.34,81.47,82.19,9600
PSCI,20170509,56.18,56.22,55.78,56,5600
PSCM,20170509,45.69,45.69,45.24,45.35,5000
PSCT,20170509,73.42,73.81,73.19,73.69,44200
PSCU,20170509,50.75,50.75,50.17,50.21,10500
PSEC,20170509,9.24,9.25,9.06,9.08,2314800
PSET,20170509,28.19,28.19,28.19,28.19,0
PSL,20170509,59.19,59.26,59.01,59.01,1700
PSMT,20170509,88.35,89.55,88.25,89.2,88900
PSTI,20170509,13.4,13.6,13.2,13.2,210900
PTC,20170509,53.43,53.93,53.42,53.82,814700
PTCT,20170509,10.66,11.78,10.66,11.78,1381500
PTEN,20170509,21.55,21.55,20.99,21.27,3305900
PTF,20170509,45.72,45.76,45.5,45.73,11900
PTGX,20170509,9.19,9.5,9.01,9.4,20000
PTH,20170509,53.49,54.08,53.49,53.87,1300
PTNR,20170509,5.3,5.41,5.3,5.35,4900
PTSI,20170509,16.69,16.75,16.44,16.46,3700
PUI,20170509,27.33,27.33,27.01,27.04,246600
PULM,20170509,28.1,34.2,26,26.6,3499800
PVAC,20170509,43.46,43.83,41.8,42.7,26800
PVBC,20170509,10.45,10.545,10.35,10.35,2100
PWOD,20170509,26.3,26.3733,25.9667,26.0667,13900
PXI,20170509,36.42,36.42,35.89,35.89,12800
PXLW,20170509,5.45,5.6,5.36,5.49,487300
PXS,20170509,1.6,1.73,1.6,1.62,37400
PY,20170509,28.51,28.51,28.51,28.51,0
PYPL,20170509,49.06,49.37,48.9,49.22,4774700
PYZ,20170509,59.88,59.88,59.57,59.6,13900
PZZA,20170509,80.42,80.88,79.87,80.72,369900
QABA,20170509,51.13,51.33,50.32,50.64,25600
QADA,20170509,30.85,31.23,30.83,31.1,30400
QADB,20170509,26.76,26.76,25.89,26.05,1900
QAT,20170509,18.43,18.43,18.43,18.43,0
QCLN,20170509,17.17,17.35,17.16,17.32,18300
QCOM,20170509,54.69,55.19,54.63,55.15,8332900
QCRH,20170509,46,46,45.15,45.5,30000
QDEL,20170509,24.96,25.4,24.93,25.26,312100
QIWI,20170509,19.77,20.06,19.53,19.72,152200
QLYS,20170509,40.4,41.1,40.4,41.1,305300
QNST,20170509,4.07,4.26,3.9,4.02,70300
QQEW,20170509,52.72,52.96,52.62,52.92,152400
QQQ,20170509,138.05,138.63,137.93,138.32,28426100
QQQX,20170509,21.64,21.96,21.61,21.92,145600
QQXT,20170509,45.4,45.6,45.4,45.56,4500
QRHC,20170509,2.88,2.98,2.88,2.98,21600
QRVO,20170509,65.81,66.89,65.65,66.16,1797700
QTEC,20170509,62.14,62.43,62.14,62.33,138700
QTNT,20170509,7.38,7.41,7.15,7.28,55600
QUIK,20170509,22.12,22.54,22.12,22.4,162400
QUMU,20170509,2.58,2.69,2.52,2.69,57800
QURE,20170509,4.75,4.98,4.75,4.82,124900
QYLD,20170509,23.68,23.69,23.53,23.57,33400
RADA,20170509,1.18,1.18,1.13,1.15,15000
RAIL,20170509,16.72,17.57,16.72,17.26,392300
RAND,20170509,26.55,26.55,26.55,26.55,400
RARE,20170509,60.62,62.08,59.83,61.38,305600
RAVE,20170509,2.1,2.14,2.02,2.09,43100
RAVN,20170509,31.3,31.4,30.65,30.9,86700
RBCAA,20170509,36.15,36.38,35.75,35.81,14800
RBCN,20170509,7.62,8.4,7.55,8.3,124500
RCII,20170509,11.71,11.84,11.57,11.72,1442100
RCKY,20170509,15.15,15.7,15.15,15.4,74200
RCM,20170509,3.75,3.78,3.31,3.62,414600
RCMT,20170509,5.05,5.13,5.05,5.13,7800
RCON,20170509,6.05,6.45,6.05,6.15,46900
RDCM,20170509,20.7,21,20.5,20.7,53100
RDHL,20170509,9.68,9.77,9.52,9.54,24900
RDI,20170509,15.5,15.83,15.42,15.83,55300
RDNT,20170509,6.1,6.35,6.03,6.3,141700
RDUS,20170509,35.77,36.65,35.16,36.53,786600
RDVY,20170509,27.1,27.15,27.03,27.08,87200
RDWR,20170509,17.01,17.25,16.92,17.23,358400
REFR,20170509,1.39,1.47,1.36,1.4,33700
REGI,20170509,12.25,12.65,12.15,12.5,610900
REGN,20170509,422.83,428.72,421.55,427.18,567000
RELL,20170509,5.88,6.07,5.88,6.02,9300
RELY,20170509,2.55,2.7,2.5,2.55,236300
REPH,20170509,7.72,7.89,7.31,7.8,503600
RESN,20170509,4.72,4.8,4.65,4.78,52500
RETA,20170509,21.28,22.61,21.28,22.02,24300
RFDI,20170509,59.37,59.37,59.06,59.22,225100
RFEM,20170509,61.57,61.69,61.55,61.6,8900
RFEU,20170509,60.96,60.96,60.54,60.54,24900
RFIL,20170509,1.55,1.58,1.55,1.58,5800
RGCO,20170509,23.75,23.85,23.45,23.85,9000
RGEN,20170509,37.71,38.09,37.08,38.06,297000
RGLD,20170509,69.62,70.68,69.09,70.34,450000
RGLS,20170509,19.8,19.8,18,18.6,518700
RGNX,20170509,18.4,18.95,18.3,18.95,95300
RIBT,20170509,0.81,0.86,0.81,0.85,53500
RICK,20170509,16.86,18.45,16.81,18.36,217400
RIGL,20170509,2.6,2.61,2.52,2.59,536500
RILY,20170509,14.8,14.8,14.5,14.65,21200
RILYL,20170509,25.75,25.75,25.75,25.75,200
RIOT,20170509,3.86,4.1,3.68,3.79,51000
RKDA,20170509,15.4,16.2,14.8,16,11200
RMBS,20170509,12.6,12.63,12.43,12.48,846800
RMCF,20170509,12.67,12.9,12.59,12.71,20400
RMR,20170509,54.95,55.1,52.9,53.35,74400
RMTI,20170509,7.3,7.65,7.21,7.56,204500
RNDB,20170509,15.15,15.45,14.85,14.85,8800
RNST,20170509,43.03,43.21,42.12,42.33,123800
RNWK,20170509,4.4,4.4,4.17,4.3,55900
ROCK,20170509,33.1,33.5,32.1,32.3,287300
ROIC,20170509,20.34,20.34,20.13,20.31,771500
ROLL,20170509,101.78,104.83,101.39,102.47,99100
ROSEU,20170509,10.98,10.98,10.98,10.98,0
ROST,20170509,64.59,65.59,64.36,65.22,1696400
RPD,20170509,17.96,18.04,17.8,17.99,207200
RPRX,20170509,0.9,0.94,0.88,0.88,94500
RRGB,20170509,57.95,58.2,57.55,57.85,230300
RRR,20170509,22.53,22.97,22.53,22.92,731100
RUN,20170509,4.92,4.96,4.84,4.9,754800
RUSHA,20170509,24.5733,25.0933,24.3733,24.6467,196600
RUSHB,20170509,22.5067,22.8667,22.5067,22.58,13700
RUTH,20170509,20.8,21.55,20.6,21.25,316100
RVNC,20170509,19.4,20.4,19.15,20.3,190500
RVSB,20170509,7.08,7.09,6.94,7.02,28300
RWLK,20170509,35,35,31.25,31.25,280000
RXDX,20170509,6.65,6.75,6.45,6.65,349400
RYAAY,20170509,97.88,98.52,97.7,97.96,186900
SABR,20170509,24.71,24.84,24.54,24.7,3731700
SAFM,20170509,114.47,115.3,113.85,114.14,243400
SAFT,20170509,68.4,68.4,67.45,67.75,53400
SAGE,20170509,68.63,68.63,63.53,66.03,597900
SAIA,20170509,44.35,44.75,44,44.35,117700
SAL,20170509,40.3,40.3,40.3,40.3,200
SALM,20170509,7.25,7.35,7.15,7.35,48800
SAMG,20170509,13.3,13.55,13.1,13.25,4400
SANM,20170509,36.75,37.2,36.6,36.65,499300
SANW,20170509,5.05,5.05,4.85,4.95,54000
SASR,20170509,43.36,43.86,42.85,43.14,68300
SATS,20170509,47.9294,47.9294,47.3363,47.6206,164800
SBAC,20170509,131.18,131.59,129.47,129.75,1048600
SBCF,20170509,24.25,24.56,24.12,24.23,208600
SBFG,20170509,17.05,17.08,17.03,17.03,700
SBGI,20170509,36.3,36.55,35,35.35,3907400
SBLK,20170509,8.53,8.76,8.34,8.52,419700
SBNY,20170509,137.68,138,135.39,136.4,384100
SBRA,20170509,25.77,25.77,23.66,23.96,3271800
SBSI,20170509,36,36.04,35.5,35.7,108800
SBUX,20170509,60.58,61.08,60.57,60.98,5806500
SCHL,20170509,42.32,42.89,42.32,42.71,111100
SCHN,20170509,18.95,19.25,18.9,19.15,594200
SCKT,20170509,4.1,4.1,3.88,3.93,41100
SCSC,20170509,40.8,41.6,40.55,40.7,180600
SCVL,20170509,23.75,24.04,23.56,23.85,141800
SCWX,20170509,9.16,9.23,8.76,9.11,68100
SCYX,20170509,18.2,18.8,15.5,16.2,4365800
SCZ,20170509,57.41,57.47,57.27,57.35,1086900
SEAC,20170509,2.55,2.57,2.52,2.52,188500
SEDG,20170509,16.05,16.05,15.57,15.85,1536800
SEED,20170509,17,17.7,16.8,17.1,23500
SEIC,20170509,51.42,51.5,50.94,51.04,276100
SELB,20170509,13.28,13.65,13.14,13.37,36100
SELF,20170509,4.9,5.05,4.9,5.04,7100
SENEA,20170509,36.2,36.5,35.65,36.1,11100
SENEB,20170509,39,39,39,39,0
SFBC,20170509,31.79,31.79,31.79,31.79,100
SFM,20170509,23.52,23.54,23.26,23.32,1479400
SFNC,20170509,27.25,27.475,27.025,27.375,168900
SFST,20170509,35.25,35.45,34.7,34.8,37700
SGC,20170509,18.3,18.43,18.11,18.37,19900
SGEN,20170509,60.52,61.76,60.12,61.74,802400
SGLB,20170509,29.5,33,26.7,28.7,241900
SGLBW,20170509,1.06,1.07,0.99,1.07,4200
SGMA,20170509,5.55,5.8,5.55,5.7,50400
SGMO,20170509,4.45,4.45,4.3,4.4,374200
SGMS,20170509,22.65,22.73,22.45,22.6,703600
SGOC,20170509,1.65,1.77,1.6,1.6,159300
SGRP,20170509,0.95,0.95,0.93,0.93,2000
SGRY,20170509,17.85,18.25,17.85,18.2,154200
SHBI,20170509,16.62,16.62,16.4,16.56,25300
SHEN,20170509,32.5,32.7,32,32.3,154600
SHIP,20170509,168,180,144,158.4,485200
SHIPW,20170509,0.12,0.12,0.12,0.12,100
SHOO,20170509,25.3333,25.6,25.3333,25.4667,393500
SHY,20170509,84.42,84.44,84.4,84.41,802100
SIEB,20170509,4.57,4.65,4.42,4.49,16800
SIEN,20170509,8.24,8.3,8.15,8.22,81800
SIFY,20170509,0.86,0.89,0.86,0.87,19000
SIGI,20170509,50.5,50.8,49.95,50.1,204800
SILC,20170509,54.69,54.69,53.8,54.11,28800
SIMO,20170509,50.8,51.04,50.32,50.91,471800
SINO,20170509,16.7,16.85,15.35,15.85,315400
SIRI,20170509,4.9,4.95,4.84,4.87,27200300
SIVB,20170509,184.2,186.78,182.96,185.96,577100
SKOR,20170509,50.3,50.3,50.3,50.3,1500
SKYW,20170509,35.9,36.35,35.8,35.85,315700
SKYY,20170509,39.81,39.84,39.59,39.68,300900
SLAB,20170509,71.25,72.3,71.1,72.05,229900
SLCT,20170509,12.1,12.19,12.1,12.12,2000
SLGN,20170509,31.025,31.025,30.005,30.815,218000
SLM,20170509,11.75,11.98,11.74,11.84,5795700
SLMBP,20170509,69.25,70.96,68.72,69.48,262100
SLP,20170509,12.55,12.55,12.4,12.4,47600
SLQD,20170509,50.38,50.38,50.34,50.35,64000
SLRC,20170509,21.58,21.65,21.43,21.47,75300
SLVO,20170509,8.24,8.24,8.14,8.15,47400
SMBC,20170509,34.06,34.06,33.5,33.81,7600
SMBK,20170509,22.26,23.35,22.26,23,5200
SMCI,20170509,23.85,24.05,23.45,23.65,389700
SMCP,20170509,24.48,24.48,24.48,24.48,100
SMED,20170509,4.39,4.39,4.34,4.37,10300
SMIT,20170509,1.67,1.68,1.65,1.65,7700
SMMF,20170509,22.25,22.38,22.07,22.27,7100
SMMT,20170509,10.95,10.99,10.9,10.99,1400
SMSI,20170509,1.11,1.38,1.08,1.29,1452200
SMTC,20170509,33.75,34.4,33.75,34.25,326800
SNCR,20170509,16.37,16.37,15.32,15.61,1785200
SND,20170509,11.18,11.67,11.11,11.45,530200
SNDX,20170509,8.01,8.34,7.41,7.71,207300
SNES,20170509,135,140,130.2,132.8,16300
SNFCA,20170509,6.93,6.93,6.85,6.9,3300
SNGX,20170509,2.6,2.62,2.37,2.55,418600
SNGXW,20170509,0.7,0.7,0.7,0.7,1900
SNLN,20170509,18.57,18.58,18.55,18.57,124300
SNOA,20170509,60.21,62.55,58.05,62.37,24100
SNPS,20170509,73.94,74.41,73.92,74.12,681400
SNSR,20170509,18.02,18.1,18.01,18.06,23100
SOCL,20170509,27.77,27.82,27.64,27.68,530800
SOHO,20170509,6.08,6.23,6.08,6.1,36100
SOHOB,20170509,25.9,25.9,25.84,25.84,300
SOHU,20170509,40,40.73,39.9,40.38,169700
SOXX,20170509,136.57,138.13,136.38,137.73,426900
SP,20170509,31.5,32,31.4,31.75,98700
SPCB,20170509,2.56,2.76,2.56,2.76,15900
SPI,20170509,0.64,0.64,0.56,0.59,23600
SPLK,20170509,66.66,66.79,66,66.77,786700
SPNE,20170509,8.74,9,8.5,8.89,379700
SPNS,20170509,12.94,12.96,12.62,12.72,55000
SPOK,20170509,17.65,17.88,17.4,17.7,99300
SPPI,20170509,6.18,6.22,6.02,6.1,778100
SPSC,20170509,58.18,58.45,57.78,58.39,66100
SPTN,20170509,37.02,37.23,36.63,37.05,135700
SPWH,20170509,4.34,4.7,4.34,4.69,1092600
SPWR,20170509,6.91,7.18,6.73,7.11,3671800
SQQQ,20170509,652.8,654.2,644.4,648.8,3194000
SRAX,20170509,1.89,1.89,1.77,1.82,16900
SRCE,20170509,49.01,49.33,46.42,48.55,46100
SRCL,20170509,86.08,86.88,85.81,86.27,710100
SRDX,20170509,22.85,23,22.7,22.95,30800
SRET,20170509,14.91,14.98,14.75,14.75,43300
SREV,20170509,3.89,3.89,2.82,3.29,1144400
SRNE,20170509,1.75,1.8,1.65,1.7,545900
SRPT,20170509,32.42,32.94,31.92,32.75,1476800
SRRA,20170509,52.8,52.8,46.8,50,704300
SRTS,20170509,3.52,4,3.52,3.7,47200
SSB,20170509,87.85,88.35,87.15,87.85,172900
SSBI,20170509,13.05,13.1,13.05,13.05,1300
SSKN,20170509,2.73,2.85,2.65,2.8,43700
SSNC,20170509,37.37,37.53,37.3,37.51,873600
SSNT,20170509,4.09,4.09,4.09,4.09,100
SSRM,20170509,9.02,9.19,8.9,9.17,1707800
SSYS,20170509,27.22,28,26.61,27.86,1173800
STAA,20170509,10.1,10.1,9.65,9.75,93200
STAF,20170509,3.65,3.8,3.55,3.65,52900
STBA,20170509,36.28,36.71,35.72,35.91,83000
STFC,20170509,25.07,25.51,25.03,25.19,44100
STKL,20170509,7.45,7.48,7.3,7.35,451400
STKS,20170509,2.09,2.09,2.03,2.03,6700
STLD,20170509,35.77,35.84,34.91,35.03,1880300
STRA,20170509,92.27,93.82,91.49,92.83,49800
STRL,20170509,11,11.09,10.6,10.96,121600
STRM,20170509,1.36,1.37,1.25,1.3,59400
STRS,20170509,26.9,27.15,26.15,26.55,4700
STRT,20170509,35.6,36.25,35.3,35.95,21500
STX,20170509,42.87,43.1,42.49,42.83,2798000
SUMR,20170509,16.2,16.2,14.94,15.03,59200
SUNS,20170509,17.87,18.1,17.87,17.96,54700
SUNW,20170509,9.66,9.73,9.24,9.45,32800
SUPN,20170509,31.9,33,31.41,32.9,1011400
SVBI,20170509,7.05,7.1,7.05,7.1,5500
SVRA,20170509,6,6.15,5.65,5.93,135600
SVVC,20170509,8.36,8.38,8.35,8.35,4100
SWIR,20170509,28.5,28.65,27.88,28.15,470700
SWKS,20170509,101.33,102.34,101.17,101.93,1094800
SYBT,20170509,40.1,40.55,39.55,39.8,43300
SYNA,20170509,55,57.29,55,57.11,914100
SYNL,20170509,13,13.11,12.3,12.7,28700
SYPR,20170509,1.06,1.07,1.06,1.07,7700
SYRS,20170509,14.04,14.04,13.83,13.98,9600
TA,20170509,5.35,5.5,4.5,4.7,2065900
TACO,20170509,13.24,13.34,12.88,13.28,678900
TACT,20170509,8.9,8.95,8.8,8.8,2200
TAIT,20170509,1.19,1.19,1.18,1.19,6700
TANH,20170509,1.8,1.93,1.75,1.81,40900
TANNI,20170509,25.49,25.5,24.56,25.05,118700
TANNL,20170509,25.63,25.63,24.12,24.95,82500
TANNZ,20170509,25.46,25.46,24.5,25,54900
TAST,20170509,13.8,13.95,13,13.35,566800
TATT,20170509,10.75,10.95,10.75,10.95,1900
TAYD,20170509,13.3,13.3,13.23,13.23,6300
TBBK,20170509,6.77,6.82,6.59,6.73,360100
TBK,20170509,21.8,21.95,21.6,21.7,54900
TBNK,20170509,31.04,31.04,30.65,30.72,9200
TBPH,20170509,40.27,41.01,39.25,40.65,124200
TCBI,20170509,79.1,79.28,76.2,77.25,537400
TCBK,20170509,35.91,36.08,35.43,35.96,79800
TCFC,20170509,35.09,35.1,34.99,35,1200
TCMD,20170509,20.5,22.74,19.85,21.68,533300
TCON,20170509,33.6,33.6,30.7,33,57800
TCPC,20170509,16.78,16.98,16.66,16.72,172500
TCX,20170509,60.75,61.32,59.7,60.75,122600
TDIV,20170509,32.03,32.05,31.92,31.96,78200
TEAM,20170509,36.83,37.06,36.65,36.84,948400
TECH,20170509,110.14,111.24,109.87,110.55,183400
TEDU,20170509,19.55,19.78,19,19.5,166700
TELL,20170509,9.98,10.49,9.96,10.39,420400
TENX,20170509,10,10.2,9.8,9.8,146000
TESS,20170509,14.55,14.9,14.45,14.9,6900
TFSL,20170509,16.95,16.97,16.68,16.77,79000
TGA,20170509,1.46,1.47,1.41,1.43,49900
TGLS,20170509,10.71,10.71,10.65,10.69,14700
TGTX,20170509,10.35,10.8,10.25,10.8,798300
THFF,20170509,48,48.3,47.5,47.65,38300
THRM,20170509,37.4,37.9,37.25,37.75,286100
TIG,20170509,17.3,17.42,17.2,17.2,6500
TIL,20170509,3.91,3.91,3.91,3.91,100
TILE,20170509,19.6,19.65,19.15,19.4,658300
TIPT,20170509,6.77,6.9,6.75,6.8,10000
TITN,20170509,15.24,15.66,15.04,15.2,87400
TLGT,20170509,85.2,89.3,84.9,88.5,953600
TLT,20170509,120.38,120.63,120.14,120.62,5536700
TMUS,20170509,65.98,66.06,65.16,65.5,3383500
TNDM,20170509,0.93,0.97,0.91,0.94,141500
TNXP,20170509,392,396,386,396,103600
TOPS,20170509,22000,23000,21000,21000,2996900
TOUR,20170509,8.18,8.23,8,8.18,213000
TOWN,20170509,31.75,31.85,31.3,31.5,102000
TPIC,20170509,18.24,18.81,18.15,18.6,95600
TQQQ,20170509,33.1867,33.61,33.1133,33.3933,3154800
TREE,20170509,147.65,150.6,146.2,146.55,191600
TRHC,20170509,13.28,13.34,13.09,13.25,49300
TRIB,20170509,5.25,5.48,5.25,5.25,81000
TRIL,20170509,5.95,6.05,5.95,6.05,54900
TRIP,20170509,47.1,48.1,46.82,46.92,4388500
TRMB,20170509,35.91,36.13,35.6,35.67,1057900
TRMK,20170509,33.36,33.55,32.9,33.08,320400
TRNS,20170509,11.85,12,11.75,12,4100
TROW,20170509,71.19,71.61,70.81,71.52,1885200
TRS,20170509,23,23.25,22.83,22.95,164800
TRST,20170509,8.05,8.2,7.95,8.05,316300
TRUE,20170509,17.23,17.38,16.97,17.31,2381700
TRUP,20170509,16.81,16.82,16.5,16.64,92000
TRVG,20170509,17.2,18.56,17.11,18.44,1019000
TRVN,20170509,3.2,3.2,3.07,3.18,694900
TSBK,20170509,21.96,22.21,21.96,22.1,8900
TSC,20170509,24.7,24.75,24.15,24.3,113300
TSCO,20170509,61.83,61.95,61.36,61.84,1273000
TSEM,20170509,24.06,25.01,24.01,24.66,1747700
TSLA,20170509,61.876,64.398,61.82,64.252,9676500
TSRI,20170509,4.8,4.95,4.75,4.8,2000
TTD,20170509,40.3,41.63,40.2,40.86,659100
TTEC,20170509,31.95,32.55,31.65,32.45,92200
TTEK,20170509,46.35,46.7,45.88,46.3,740400
TTGT,20170509,9.07,9.17,8.98,9.03,23700
TTMI,20170509,16.44,16.63,16.32,16.56,780500
TTNP,20170509,17.1,17.4,16.8,17.1,87600
TTOO,20170509,3.82,3.86,3.5,3.61,102100
TTWO,20170509,65.2,65.57,64.9,65.11,740100
TURN,20170509,1.64,1.68,1.61,1.68,142500
TUSA,20170509,29.22,29.22,29.22,29.22,300
TUSK,20170509,18.62,19.39,18.01,18.9,82600
TVTY,20170509,33.15,33.6,33.05,33.45,220700
TWIN,20170509,20.32,21.27,19.75,20.97,32900
TWNK,20170509,16.36,16.4,15.84,15.93,2049500
TWNKW,20170509,3,3.04,2.82,2.83,508600
TWOU,20170509,41.93,42.06,41.07,41.56,784900
TXN,20170509,79.38,79.83,79.27,79.45,4433900
TXRH,20170509,49.7,50.11,49.42,49.6,891800
TYHT,20170509,36.9,40.59,36.63,40.5,78900
TZOO,20170509,9.36,9.6,9.36,9.4,17700
UAE,20170509,17.18,17.18,17.11,17.16,1200
UBCP,20170509,12.1,12.1,12,12,500
UBFO,20170509,8.2,8.4,8.2,8.4,13900
UBND,20170509,50.43,50.43,50.43,50.43,300
UBOH,20170509,21.65,21.65,21.65,21.65,0
UBSI,20170509,40.55,40.83,39.83,40.1,472700
UCBI,20170509,27.8,28.09,27.42,27.61,366600
UCTT,20170509,20.8,21.27,20.8,20.96,608100
UEIC,20170509,63.3,63.7,62.35,62.95,89800
UEPS,20170509,10.23,10.65,10.12,10.26,131400
UFCS,20170509,42.91,43.45,42.9,43.05,81200
UFPI,20170509,90.1,93.02,89,89.72,107700
UFPT,20170509,26.6,26.75,26.25,26.5,39100
UG,20170509,13.78,14.1,13.75,13.75,1700
UHAL,20170509,370.58,372.28,368.6,369.58,31900
UIHC,20170509,14.97,15.05,14.9,14.91,111100
ULBI,20170509,6.15,6.65,5.8,5.9,190900
ULH,20170509,13.7,13.8,13.35,13.35,6700
ULTA,20170509,298.06,301.4,297.62,299.57,592300
UMBF,20170509,74.21,74.67,72.24,72.99,183000
UMPQ,20170509,18.05,18.2,17.83,17.97,2082800
UNAM,20170509,10,10.05,9.8,9.8,2200
UNB,20170509,41.34,41.75,41,41.1,1400
UNIT,20170509,25.68,25.69,24.76,24.81,1435300
UNTY,20170509,16.55,16.57,16.4,16.45,5900
UONEK,20170509,2.75,2.83,2.4,2.42,19000
UPLD,20170509,20.99,21.23,20.72,20.95,45700
URBN,20170509,22.94,23.34,22.64,23.24,1853200
URGN,20170509,16.14,16.9,15.07,16.41,127500
USAK,20170509,6.54,6.69,6.51,6.54,105200
USAP,20170509,18.56,19,18.43,18.65,19100
USEG,20170509,10.2,10.4,9,9.6,28600
USLB,20170509,28.69,28.74,28.68,28.71,23900
USLM,20170509,78.67,79.24,77.94,78.36,11800
USOI,20170509,23.2,23.2,23.2,23.2,0
UTHR,20170509,122.66,125.63,122.11,124.79,504900
UTMD,20170509,63.5,64,62.4,63.4,11500
UTSI,20170509,2.13,2.13,2.08,2.12,81400
UVSP,20170509,30.5,30.55,30.05,30.35,62700
VALU,20170509,16.79,17.54,16.79,17.54,2400
VBFC,20170509,28.25,28.25,28.25,28.25,0
VBIV,20170509,4.16,4.22,4.1,4.16,66700
VBLT,20170509,5.85,6,5.8,5.85,75600
VBTX,20170509,27.9,28.05,27.48,27.5,32700
VCEL,20170509,2.6,2.6,2.55,2.55,83200
VCIT,20170509,86.5,86.6,86.46,86.6,835000
VCLT,20170509,89.94,90.14,89.81,90.09,56000
VCSH,20170509,79.7,79.72,79.66,79.69,1131000
VCYT,20170509,7.65,7.82,7.37,7.77,115000
VECO,20170509,32.9,32.95,32.05,32.45,351200
VEON,20170509,4.11,4.17,4.06,4.17,1982600
VGIT,20170509,64.31,64.36,64.25,64.33,110200
VGLT,20170509,74.34,74.52,74.22,74.49,34800
VGSH,20170509,60.7,60.72,60.68,60.68,75100
VIA,20170509,38.5,38.6,38,38.4,65000
VIAV,20170509,11.52,11.55,11.35,11.54,4658500
VICR,20170509,17.8,17.8,17.5,17.8,27500
VIGI,20170509,60.4,60.41,60.15,60.35,70000
VIRC,20170509,4.15,4.17,3.92,4,16300
VIRT,20170509,15.35,15.4,15.25,15.35,234700
VIVE,20170509,841,849,778,813,189000
VIVO,20170509,14.4,14.7,14.25,14.55,184000
VKTX,20170509,1.36,1.39,1.33,1.38,28900
VLGEA,20170509,26.6,26.73,25.98,26.14,17300
VMBS,20170509,52.51,52.55,52.46,52.49,1143100
VNDA,20170509,14.15,14.3,13.98,14.3,502700
VNET,20170509,5.14,5.29,5.14,5.18,477000
VNOM,20170509,18.48,18.58,18.34,18.35,62700
VNQI,20170509,55.09,55.16,55.01,55.1,240500
VOD,20170509,26.87,26.96,26.72,26.95,4631400
VONE,20170509,110.22,110.23,109.95,109.96,17600
VONG,20170509,120.49,120.66,120.32,120.49,32700
VONV,20170509,100.62,100.62,100.01,100.14,53700
VOXX,20170509,6.35,6.85,6.3,6.55,258400
VRA,20170509,9.25,9.39,9.17,9.21,219900
VRAY,20170509,6.32,6.59,6.25,6.56,561800
VREX,20170509,33.58,34.33,33.5,34.09,270200
VRIG,20170509,25.26,25.31,25.25,25.28,62800
VRNA,20170509,13.6,13.6,13.5,13.52,1900
VRNS,20170509,35.15,35.25,34.67,35,1016700
VRNT,20170509,39.2,39.65,38.9,39.45,278600
VRSK,20170509,79.04,79.5,79.04,79.26,878800
VRSN,20170509,89.34,89.61,88.81,89,879700
VRTS,20170509,102.15,104.05,101.75,102.65,31400
VRTX,20170509,115.5,117,114.38,116.63,1185200
VSAT,20170509,65.64,65.64,64.95,65.14,182900
VSDA,20170509,25.69,25.7,25.67,25.67,2400
VSEC,20170509,42.83,43.38,42.67,43.25,19700
VSTM,20170509,2.11,2.3,2.04,2.06,730800
VTGN,20170509,2.18,2.18,2.03,2.08,32600
VTHR,20170509,110.43,110.43,110,110,40700
VTIP,20170509,49.26,49.27,49.21,49.24,285400
VTNR,20170509,1.02,1.03,0.97,0.97,43600
VTVT,20170509,5.2,5.31,5.07,5.2,14500
VTWG,20170509,119.26,119.42,119.04,119.05,3200
VTWO,20170509,111.22,111.37,110.7,111.01,124200
VTWV,20170509,102.7,102.7,102.1,102.1,5300
VUZI,20170509,5.95,6.1,5.56,5.8,462000
VVPR,20170509,3.86,3.86,3.69,3.74,8200
VWOB,20170509,79.95,79.95,79.72,79.72,54600
VXUS,20170509,51.48,51.51,51.33,51.4,619000
VYGR,20170509,9.01,9.01,8.53,8.97,93300
VYMI,20170509,62.39,62.43,62.13,62.17,97900
WABC,20170509,54.47,54.96,53.95,54.36,71800
WAFD,20170509,33.65,33.85,32.95,33.2,325000
WASH,20170509,50.75,51.5,50.1,50.6,41200
WATT,20170509,13.29,13.29,12.85,13,211700
WB,20170509,60.05,62.17,60,61.03,2702100
WBA,20170509,85.55,86.42,85.55,85.98,2719500
WDAY,20170509,90.41,90.41,89.66,89.78,1159500
WDC,20170509,88.93,90.51,88.43,88.88,3841600
WDFC,20170509,104.3,104.9,103.45,103.85,50400
WEN,20170509,15.03,15.31,14.9,15.1,4588800
WERN,20170509,26.6,26.8,26.3,26.4,669600
WETF,20170509,8.62,8.84,8.6,8.7,2059900
WEYS,20170509,27.97,28.02,27.55,27.72,21300
WHF,20170509,14.5,14.75,14.44,14.65,83300
WHLM,20170509,6.63,6.63,6.63,6.63,500
WHLR,20170509,11.98,12,11.7,11.87,124800
WHLRD,20170509,24.85,25.08,24.85,25.04,5800
WHLRP,20170509,24,24.1,23.95,23.97,1100
WILC,20170509,6.06,6.7,6.06,6.64,39100
WINA,20170509,130,130.9,129.45,130.9,4800
WING,20170509,31.48,31.69,30.76,30.85,451400
WIRE,20170509,43.45,43.55,42.6,42.8,50200
WIX,20170509,76.1,76.9,72.5,74.15,1773500
WKHS,20170509,3.19,3.38,2.91,2.92,1121300
WLDN,20170509,30.69,31.79,30.46,31.51,159300
WLFC,20170509,23.95,25.07,23.86,25.05,15400
WLTW,20170509,144.55,145.26,141.94,142.11,1405500
WNEB,20170509,10.5,10.6,10.5,10.55,46300
WOOD,20170509,59.57,59.57,59.36,59.43,15700
WOOF,20170509,91.86,91.95,91.8,91.93,422100
WPRT,20170509,1.36,1.46,1.35,1.4,680700
WRLD,20170509,75.6,88.26,74.42,88,1419300
WSBC,20170509,40.28,40.81,39.59,39.88,96100
WSBF,20170509,19.9,19.95,19.6,19.73,103100
WSFS,20170509,47.4,47.45,45.67,46,143400
WSTG,20170509,19.95,20,19.75,20,10600
WTBA,20170509,23.55,23.8,23.4,23.5,15100
WTFC,20170509,72.78,73.18,71.36,71.75,327500
WTFCM,20170509,27.05,27.11,27.04,27.1,20700
WVE,20170509,20.9,20.95,20.6,20.85,38700
WVFC,20170509,15.25,15.25,15.25,15.25,100
WVVI,20170509,8,8.03,7.98,8,29600
WVVIP,20170509,5.2,5.2,5.2,5.2,0
WWD,20170509,67.5,67.75,66.93,67.26,306900
WYNN,20170509,120.44,123.9,120.23,123.46,2917300
XBIO,20170509,48.12,50.64,47.04,47.4,25600
XBIT,20170509,10.1,10.39,9.91,10.07,153500
XELB,20170509,2.3,2.6,2.25,2.6,53600
XENE,20170509,4.25,4.3,4.15,4.15,76000
XENT,20170509,24.5,24.95,24,24.4,603100
XLNX,20170509,64.61,65.21,64.15,64.69,3068800
XLRN,20170509,27.75,28.81,27.04,28.27,642500
XNCR,20170509,23.91,24.32,23.67,24.1,189100
XNET,20170509,3.65,3.75,3.64,3.72,72000
XOG,20170509,15.51,15.7,15.14,15.3,1123600
XOMA,20170509,6,6.22,5.97,6.18,58100
XONE,20170509,10.8,10.8,10.23,10.51,205900
XPER,20170509,32,32.1,31.5,32,426400
XRAY,20170509,64.41,65.39,62.92,63.25,2630600
XTLB,20170509,2.66,2.66,2.51,2.64,20200
YNDX,20170509,27.86,28,27.29,27.38,972600
YORW,20170509,33.95,34.2,33.55,33.7,28300
YTEN,20170509,224,248,200,216,50900
YTRA,20170509,9.45,9.51,9.31,9.4,26800
YY,20170509,53.65,55.75,53.6,54.97,2015700
Z,20170509,43.54,43.54,42.2,42.64,1912900
ZBRA,20170509,99,99,96.52,98.45,957800
ZEUS,20170509,18.61,18.7,18,18.22,351800
ZG,20170509,43.5,43.5,42.15,42.69,1010400
ZGNX,20170509,11.8,12.05,11.4,12,354200
ZION,20170509,41.3,41.585,40.725,40.93,2070100
ZIOP,20170509,6.69,6.75,6.5,6.69,1099700
ZIXI,20170509,5.54,5.69,5.535,5.6,421800
ZNGA,20170509,3.28,3.36,3.22,3.33,18887300
ZSAN,20170509,29.6,30.2,27.6,29,937300
ZUMZ,20170509,17.05,17.375,16.95,17.15,518000
ZYNE,20170509,19.25,19.77,17.75,18.37,821600
