AAL,20170120,47.54,48.16,47.24,48,5611700
AAME,20170120,3.93,4.03,3.75,3.75,14400
AAOI,20170120,30.58,31.07,29.78,30.58,547600
AAON,20170120,32.3,33.05,32.2,32.7,115400
AAPL,20170120,30.1125,30.1125,29.9325,30,30501100
AAWW,20170120,50.9,51.75,50.6,50.85,111000
AAXJ,20170120,57.45,57.55,57.25,57.46,401000
ABCB,20170120,42,43.65,41.6,43.2,212300
ABEO,20170120,5,5.05,4.85,5,148600
ABIO,20170120,46.08,50.4,45.9,48.6,30500
ABMD,20170120,112,112.3,110.83,111.84,388400
ABTX,20170120,33.15,34.2,33.15,33.65,21900
ABUS,20170120,2.6,2.65,2.5,2.6,202500
ACAD,20170120,31.46,31.65,30.93,31.02,1287600
ACBI,20170120,19.7,19.75,19,19.6,86700
ACET,20170120,19.66,19.88,19.6,19.75,251200
ACGL,20170120,29.16,29.38,29.1133,29.1633,206600
ACHC,20170120,38.13,38.67,37.75,38.47,838100
ACIU,20170120,12.7,13.35,12.6,12.6,117300
ACIW,20170120,18.9,19.15,18.87,19.13,333400
ACLS,20170120,15.45,15.8,15.2,15.25,172500
ACNB,20170120,29.6,29.9,29.5,29.85,6600
ACOR,20170120,20.75,21.25,20.7,21,617700
ACRS,20170120,27.68,27.88,26.86,27.19,329100
ACRX,20170120,2.7,2.75,2.65,2.65,166900
ACST,20170120,1.26,1.3,1.2,1.26,165600
ACTG,20170120,5.8,6,5.75,5.85,160500
ACWI,20170120,60.43,60.54,60.31,60.49,1611100
ACWX,20170120,41.36,41.46,41.3,41.42,1049600
ADAP,20170120,4.53,4.58,4.39,4.51,59600
ADBE,20170120,110.02,110.81,109.57,110.71,3179100
ADES,20170120,9.15,9.55,9.15,9.49,31900
ADI,20170120,72.09,73.65,72.09,72.88,1811600
ADMA,20170120,5.05,5.22,4.92,5.06,48200
ADMP,20170120,3.1,3.15,2.95,3.15,287400
ADMS,20170120,16.46,16.48,16.05,16.17,72800
ADP,20170120,103,103.74,102.8,103.24,1653200
ADRE,20170120,34.44,34.53,34.37,34.53,1900
ADSK,20170120,80.7,81.89,80.24,81.67,6042500
ADTN,20170120,22.75,22.75,22.1,22.15,459300
ADUS,20170120,33.65,34.1,33.35,33.9,27100
ADVM,20170120,2.95,2.97,2.88,2.95,104300
ADXS,20170120,128.4,129.75,121.5,123.45,734900
AEHR,20170120,2.47,2.5,2.37,2.37,4200
AEIS,20170120,56.84,57.21,56.55,56.7,165200
AEMD,20170120,57.6,58.5,57.15,58.5,11700
AERI,20170120,41.15,41.3,40.15,40.65,183000
AEY,20170120,1.76,1.81,1.75,1.8,14100
AEZS,20170120,2.8,2.8,2.6,2.7,127300
AFMD,20170120,1.65,1.8,1.65,1.8,3766400
AGEN,20170120,3.85,3.85,3.73,3.77,662300
AGFS,20170120,2.76,2.78,2.7,2.71,70500
AGIO,20170120,42.1,42.45,40.9,42.28,656800
AGLE,20170120,4.9,4.9,4.6,4.61,13100
AGNC,20170120,18.97,19,18.88,18.95,3193100
AGNCP,20170120,25.25,25.42,25,25,92600
AGRX,20170120,2.38,2.39,2.27,2.32,180800
AGTC,20170120,8.85,9.45,8.35,8.5,129400
AGYS,20170120,10.24,10.38,10.01,10.15,93500
AGZD,20170120,48.14,48.29,48.02,48.22,11800
AHPA,20170120,9.88,9.88,9.88,9.88,1000
AHPAU,20170120,10.39,10.39,10.35,10.38,84100
AHPAW,20170120,0.45,0.45,0.45,0.45,100000
AHPI,20170120,2.06,2.24,2.06,2.1,1900
AIA,20170120,48.53,48.56,48.38,48.52,17700
AIMC,20170120,37.35,37.85,36.85,37.7,152700
AINV,20170120,17.76,17.85,17.7,17.82,526300
AIQ,20170120,9.65,9.7,9.6,9.65,27400
AIRG,20170120,15.6,17.68,15.6,17.31,724200
AIRR,20170120,23.5,23.59,23.38,23.41,50400
AIRT,20170120,20.61,20.61,20.61,20.61,200
AKAM,20170120,69.36,69.6,68.85,69.15,1447000
AKBA,20170120,9.54,9.68,9.4,9.54,127500
AKTX,20170120,8.8,8.8,7.47,7.47,900
ALBO,20170120,19.29,20.47,18.91,19.19,19600
ALCO,20170120,26.35,27.05,26.35,26.5,5300
ALDX,20170120,5.45,5.75,5.37,5.75,23100
ALGN,20170120,90.89,92.03,90.86,91.7,822100
ALGT,20170120,176.5,178.73,176.15,177.5,96500
ALIM,20170120,1.16,1.18,1.15,1.18,135800
ALJJ,20170120,3.91,4.05,3.85,3.88,21600
ALKS,20170120,56.06,56.32,55.14,55.98,756000
ALLT,20170120,5.17,5.2,5.12,5.17,14700
ALNY,20170120,39.12,39.22,38.02,38.96,817800
ALOT,20170120,14,14,13.95,13.99,3200
ALRM,20170120,28.28,28.54,28.18,28.34,78100
ALTY,20170120,15.26,15.29,15.26,15.26,1600
AMAT,20170120,33.92,34.18,33.76,33.84,8571600
AMBA,20170120,48.72,49.31,48.67,48.86,653900
AMCX,20170120,56.33,56.95,56.33,56.63,502000
AMD,20170120,9.88,9.96,9.67,9.75,27963800
AMED,20170120,45.49,46.6,45.4,46.35,338000
AMGN,20170120,154.71,155.35,153.82,154.67,3067100
AMKR,20170120,9.69,9.82,9.62,9.69,2065500
AMNB,20170120,34.2,35,34.2,34.95,8000
AMOT,20170120,20.52,22,20.52,21.79,21600
AMPH,20170120,16.05,16.26,15.64,15.84,390000
AMRK,20170120,18.88,19.03,18.88,19.03,2000
AMRN,20170120,2.91,2.97,2.9,2.95,1465800
AMRS,20170120,9.6,9.9,9.6,9.9,1318500
AMSC,20170120,7.23,7.27,7.11,7.15,30500
AMSF,20170120,63.35,64.45,62.55,63.15,117800
AMSWA,20170120,9.88,10.05,9.69,9.91,67400
AMTX,20170120,1.65,1.71,1.6,1.62,82900
AMWD,20170120,70.25,71.3,70.2,71.3,105800
AMZN,20170120,815.28,816.02,806.26,808.33,3375900
ANAT,20170120,120.15,121.3,119.85,120.44,9700
ANDE,20170120,36.5,37.6,36.45,37.05,254900
ANGI,20170120,7.38,7.44,7.29,7.34,314300
ANGO,20170120,16.8,16.95,16.65,16.84,181200
ANIK,20170120,50.13,50.28,49.83,50.06,84400
ANIP,20170120,56.92,58.2,55.59,56.24,110900
ANSS,20170120,93.77,94.07,92.9,93.3,350400
ANY,20170120,0.35,0.38,0.33,0.35,3350400
AOSL,20170120,20.61,21.13,20.54,20.61,139000
APDN,20170120,76,80,76,76,17300
APEI,20170120,23.8,24.55,23.8,24.45,62300
APEN,20170120,14.74,14.97,14.54,14.72,1600
APOG,20170120,56.67,57.03,56.13,56.63,201200
APOP,20170120,18.4,19.1,18.35,19.1,31800
APPF,20170120,22.1,22.75,21.95,22.7,35600
APPS,20170120,0.68,0.71,0.67,0.69,149100
APTO,20170120,1.3,1.43,1.28,1.31,850700
APVO,20170120,35.84,37.24,31.92,32.9,217700
APWC,20170120,3,3,3,3,5400
AQB,20170120,22,24,19.36,23.29,116900
AQMS,20170120,12.48,12.93,12.48,12.69,111900
ARAY,20170120,5.35,5.35,5.15,5.2,523100
ARCB,20170120,30.8,30.9,30.1,30.3,263400
ARCC,20170120,16.84,17.01,16.8,16.82,2173000
ARDX,20170120,13.95,13.95,13.2,13.4,150700
ARKR,20170120,24.03,24.45,23.7,23.99,6400
ARLP,20170120,22.2,22.37,21.82,22.05,233000
ARNA,20170120,13.5,14,13.4,13.7,1868300
AROW,20170120,36.35,37.45,36.35,37,26600
ARRY,20170120,11.17,11.45,11.04,11.36,3418400
ARTNA,20170120,31.41,31.89,31.41,31.57,13900
ARTW,20170120,3.2,3.25,3.15,3.25,1000
ARWR,20170120,1.83,1.9,1.8,1.82,583800
ASET,20170120,25.9,25.9,25.9,25.9,800
ASMB,20170120,18.97,19,18.66,18.99,61300
ASML,20170120,121.52,122.31,121.52,122.05,787400
ASND,20170120,20.87,21.28,20.44,21.23,65300
ASPS,20170120,25.81,26.22,25.77,26.18,129500
ASRV,20170120,3.65,4,3.65,4,109800
ASTC,20170120,1.47,1.59,1.38,1.5,123100
ASTE,20170120,66.94,67.99,66.66,67.24,100300
ASUR,20170120,11.3,11.62,11.17,11.5,59000
ASYS,20170120,4.2,4.31,4.14,4.26,7400
ATAI,20170120,3.12,3.19,2.95,2.97,25100
ATAX,20170120,5.5,5.55,5.5,5.5,101300
ATEC,20170120,3.36,3.55,3.36,3.41,46600
ATHX,20170120,1.42,1.46,1.41,1.44,262400
ATLC,20170120,3.06,3.06,3.06,3.06,0
ATLO,20170120,31.65,32.05,31.65,31.8,5600
ATNI,20170120,78.88,80.57,78.88,80.05,43800
ATOM,20170120,5.7,6.22,5.7,6.22,9500
ATOS,20170120,17.4,19.56,16.44,16.56,426500
ATRA,20170120,14.15,14.3,13.8,13.9,140700
ATRC,20170120,15.31,15.31,15.08,15.1,384900
ATRI,20170120,466.05,474.75,466,474.3,5100
ATRO,20170120,32.16,32.42,31.2,31.4,170400
ATRS,20170120,2.1,2.14,2.06,2.12,586500
ATSG,20170120,15.42,15.49,15.18,15.29,113400
ATVI,20170120,39.01,39.25,38.65,38.97,6106800
AUBN,20170120,31.3,31.3,31.14,31.14,200
AUDC,20170120,6.38,6.42,6.16,6.2,66100
AUPH,20170120,2.53,2.65,2.45,2.53,896100
AVAV,20170120,25.64,25.67,25.05,25.23,99800
AVDL,20170120,9.93,10.58,9.93,10.31,86800
AVEO,20170120,6.5,6.8,6.3,6.8,160000
AVGO,20170120,188.6,191.54,188.1,191.08,5762300
AVGR,20170120,1020,1020,908,940,1556200
AVID,20170120,4.88,4.93,4.83,4.86,342700
AVIR,20170120,1.3,1.37,1.28,1.3,41600
AVNW,20170120,13.67,13.76,13.34,13.5,2600
AVXL,20170120,4.24,4.31,4.15,4.23,260500
AWRE,20170120,6.2,6.2,6.1,6.15,26600
AXDX,20170120,21.35,21.5,20.25,20.45,272400
AXGN,20170120,9.9,10,9.8,9.8,75700
AXSM,20170120,5,5,4.8,4.95,54000
AXTI,20170120,5.85,6.18,5.85,6,528200
AZPN,20170120,54.94,55.89,54.94,55.53,825300
BANF,20170120,94.8,95.55,94,94.95,100500
BANFP,20170120,27.37,27.37,27.37,27.37,200
BANR,20170120,56.27,57.23,56.27,56.81,106800
BANX,20170120,19.19,19.54,19.19,19.46,7400
BATRA,20170120,20.61,21.61,20.59,21.18,71000
BATRK,20170120,20.59,21.64,20.59,21.17,191100
BBBY,20170120,40.81,41.24,40.53,40.68,1749900
BBGI,20170120,7.15,7.3,6.9,7.1,18200
BBH,20170120,112.06,112.71,111.4,111.52,51900
BBSI,20170120,60.38,61.71,60.38,61.17,15600
BCBP,20170120,13.7,13.7,13.57,13.7,3700
BCLI,20170120,2.67,2.76,2.62,2.72,82000
BCOR,20170120,14.7,15.05,14.65,14.7,161800
BCOV,20170120,7.65,7.9,7.63,7.8,204300
BCPC,20170120,81.48,82.32,80.61,81.03,132700
BCRX,20170120,6.05,6.06,5.83,5.95,738900
BDSI,20170120,1.85,1.9,1.85,1.9,69500
BECN,20170120,44.33,44.95,43.93,44.44,319400
BELFA,20170120,25.59,25.59,25.59,25.59,0
BELFB,20170120,31.5,32.45,31.5,31.8,18000
BFIN,20170120,14.07,14.52,13.8,13.84,37200
BFIT,20170120,15,15,15,15,100
BGCP,20170120,10.77,10.87,10.77,10.84,1033100
BGFV,20170120,15.65,15.8,15.45,15.65,391300
BGNE,20170120,32.5,32.78,31.74,32.01,34300
BHACU,20170120,10.5,10.5,10.5,10.5,0
BIB,20170120,42.5,43.15,42,42.21,242300
BICK,20170120,23.14,23.14,23,23.04,1700
BIDU,20170120,175.3,176.46,173.13,173.44,2049200
BIIB,20170120,259.8178,260.2692,257.3677,258.519,1979100
BIOC,20170120,16.5,16.5,15.2,15.5,1360600
BIOL,20170120,7.4,7.65,7.2,7.35,59800
BIS,20170120,32.27,32.83,31.94,32.65,131000
BJRI,20170120,35.2,36,34.7,34.95,510400
BKCC,20170120,7.24,7.35,7.24,7.35,215100
BKEP,20170120,7.26,7.4,7.15,7.3,27400
BKEPP,20170120,7.9,8.09,7.9,8.09,34500
BKSC,20170120,21.6,21.65,21.55,21.65,5600
BL,20170120,26.87,29.09,26.57,28.3,176200
BLBD,20170120,16.25,16.35,15.85,16,113000
BLCM,20170120,127.1,127.5,123.1,125.5,209100
BLDP,20170120,2.01,2.09,2,2.02,960200
BLFS,20170120,1.75,1.79,1.71,1.79,3800
BLIN,20170120,36,36,34.5,34.5,45400
BLKB,20170120,66.59,67.75,66.29,66.72,198200
BLMN,20170120,17.08,17.21,16.81,17.13,2123700
BLPH,20170120,11.55,11.7,9.9,10.05,1584300
BLRX,20170120,13.95,13.95,13.2,13.95,56200
BLUE,20170120,66.45,67,64.6,65.4,573500
BMRA,20170120,2.37,2.57,2.37,2.57,24300
BMRC,20170120,33.5,33.835,33.4,33.5,7800
BMRN,20170120,86.7,87.5,84.36,84.62,1030800
BMTC,20170120,38.2,40.95,38.2,40.15,109700
BNDX,20170120,53.82,53.94,53.76,53.85,1225400
BNFT,20170120,31.85,31.88,31.3,31.7,142400
BNSO,20170120,2.4,2.49,2.3,2.39,36000
BNTC,20170120,21.2,23.7,20.7,21.1,56800
BOKF,20170120,81.89,83,81.89,82.43,86100
BOOM,20170120,15.45,15.9,15.45,15.6,20800
BOSC,20170120,2.21,2.21,2.14,2.17,21000
BOTJ,20170120,15.56,15.56,15.56,15.56,200
BOTZ,20170120,15.81,15.81,15.66,15.66,26500
BPMC,20170120,32.54,33,31.81,32.31,246200
BPOP,20170120,43.97,44.58,43.97,44.43,478000
BPOPM,20170120,21.56,21.58,21.29,21.3,5300
BPOPN,20170120,23.94,23.94,23.8,23.81,8500
BPTH,20170120,184,204,182,186,132700
BRID,20170120,11.52,11.52,11.52,11.52,100
BRKL,20170120,15.7,15.9,15.65,15.7,156800
BRKR,20170120,22.63,22.63,22.31,22.31,435500
BRKS,20170120,16.9,17.13,16.88,16.96,249800
BSET,20170120,28,28.42,28,28.2,21100
BSQR,20170120,5.8,6.05,5.8,5.85,67100
BSRR,20170120,26.53,27.28,26.53,27.09,71100
BTEC,20170120,24.17,24.17,24.16,24.16,1000
BUSE,20170120,30.02,30.61,30.02,30.26,110200
BVXV,20170120,4.4,4.7,4.27,4.56,18100
BWEN,20170120,4.09,4.11,4.04,4.11,11400
BWFG,20170120,28.99,29.3,28.99,29.19,10700
BYFC,20170120,1.59,1.6,1.56,1.56,3500
BZUN,20170120,13.65,13.8,13.5,13.63,450200
CAAS,20170120,5.48,5.54,5.44,5.47,25700
CAC,20170120,41.91,42.44,41.82,42.39,65400
CACC,20170120,200.99,204.91,199.46,203.26,75000
CAKE,20170120,58.54,59.89,58.53,59.7,886700
CALA,20170120,4.2,4.3,4.1,4.25,107900
CALM,20170120,43.2,43.65,43.15,43.5,364500
CAMP,20170120,14.8,14.98,14.75,14.83,200500
CAMT,20170120,3.31,3.31,3.27,3.3,20200
CAPR,20170120,24.2,27.3,22.9,23.7,122800
CAR,20170120,36.05,36.44,35.49,36.09,1617600
CARA,20170120,11.6,11.75,11.25,11.43,999600
CARV,20170120,3.02,3.02,3.02,3.02,0
CARZ,20170120,36.3,36.3,36.11,36.11,2100
CASH,20170120,33.8667,34.4667,33.8667,34.3667,43700
CASI,20170120,1.21,1.23,1.18,1.21,19500
CASS,20170120,65.62,67.96,65.51,65.89,45600
CASY,20170120,115.31,116.23,114.67,115.93,383200
CATH,20170120,27.56,27.56,27.56,27.56,0
CATY,20170120,36.35,36.68,36.24,36.45,246100
CBAN,20170120,13.5,13.75,13.5,13.65,1500
CBAY,20170120,1.72,1.73,1.67,1.72,99300
CBFV,20170120,26.4,26.5,26.4,26.5,2100
CBIO,20170120,8.55,8.85,8.25,8.7,138700
CBRL,20170120,157,158.2,156.74,157.89,252200
CBSH,20170120,54.8,55.47,54.69,55,376300
CCBG,20170120,19.9,20.07,19.69,19.85,12600
CCD,20170120,18.25,18.25,18.1,18.25,84000
CCLP,20170120,10.71,11.32,10.51,11.2,234300
CCMP,20170120,63.52,64.61,63.39,63.39,122400
CCNE,20170120,25.06,25.47,24.91,25.13,23200
CCOI,20170120,41.8,42.4,41.6,41.75,519100
CCRN,20170120,14.33,15.05,14.33,14.58,253000
CCXI,20170120,7.88,7.95,7.39,7.56,290500
CDC,20170120,41.26,41.45,41.2,41.37,59800
CDEV,20170120,18.6,18.74,17.94,17.98,665100
CDK,20170120,60,60.59,59.97,60.48,422600
CDL,20170120,40.31,40.37,40.15,40.29,38600
CDNA,20170120,2.51,2.65,2.51,2.55,36300
CDNS,20170120,25.99,26.25,25.9,25.94,973800
CDTX,20170120,9.15,9.3,9,9.25,56500
CDW,20170120,52.19,52.84,51.59,52.02,500100
CDXC,20170120,2.86,2.99,2.81,2.88,72700
CDXS,20170120,4.85,4.97,4.75,4.9,85900
CDZI,20170120,11.65,12.5,11.65,12.5,80700
CECE,20170120,13.58,13.89,13.51,13.74,144100
CEMI,20170120,6.25,6.35,6.1,6.2,9300
CENT,20170120,32.97,33.35,32.71,32.99,85500
CENTA,20170120,30.62,31.29,30.62,30.94,103100
CENX,20170120,13.25,13.84,13.07,13.75,5180100
CERN,20170120,51.77,51.96,50.83,51.87,2739500
CERS,20170120,4.29,4.45,4.22,4.39,883300
CETX,20170120,54.56,56.4,52.24,52.72,357000
CEVA,20170120,33.95,34.65,33.95,34.15,130800
CFA,20170120,40.72,40.95,40.72,40.84,217600
CFBK,20170120,9.625,9.625,9.515,9.515,3600
CFFI,20170120,44.95,45.2,44.45,45.2,3600
CFFN,20170120,15.9,16.02,15.9,15.92,457400
CFMS,20170120,8.47,8.61,8.43,8.6,169100
CFO,20170120,40.9,40.93,40.7,40.83,69200
CFRX,20170120,19.4,19.4,16.5,18,59900
CG,20170120,17,17.05,16.85,17,419000
CGEN,20170120,4.7,4.7,4.53,4.6,160700
CGNT,20170120,1.98,2.07,1.95,2,120100
CGNX,20170120,32.83,33.115,32.18,32.32,646800
CGO,20170120,10.94,10.97,10.89,10.91,23000
CHCI,20170120,2.17,2.28,1.96,2.28,45100
CHCO,20170120,65.82,67.9,65.82,66.87,56300
CHDN,20170120,47.5167,47.65,47,47.5667,30700
CHEF,20170120,15.15,15.35,15.1,15.25,146700
CHEK,20170120,28.68,30,28.68,29.04,28800
CHI,20170120,10.5,10.52,10.42,10.5,291700
CHKP,20170120,96.99,97.89,96.3,97.79,2354000
CHMG,20170120,32.55,33.39,32.5,32.8,14600
CHNR,20170120,2.56,2.61,2.5,2.55,14400
CHRS,20170120,26.15,26.8,25.7,26.05,230900
CHRW,20170120,73.51,73.91,72.92,73.6,1251900
CHSCL,20170120,27.26,27.4,27.06,27.06,127300
CHSCM,20170120,26.07,26.51,25.9,25.9,79000
CHSCN,20170120,26.9,27.5,26.85,26.87,60400
CHSCO,20170120,28.46,28.67,28.15,28.32,80700
CHSCP,20170120,30,30,28.86,29.06,93900
CHTR,20170120,307.64,309.18,306.16,308.44,1327000
CHUY,20170120,29.15,29.75,28.8,29.55,150400
CHW,20170120,7.23,7.27,7.22,7.24,152200
CHY,20170120,10.99,10.99,10.9,10.93,153800
CIBR,20170120,20.49,20.49,20.4,20.41,55900
CID,20170120,32.06,32.12,32.04,32.12,12300
CIDM,20170120,1.27,1.5,1.27,1.31,126000
CIGI,20170120,35,36.55,35,36.25,43100
CIL,20170120,33.38,33.38,33.38,33.38,9300
CINF,20170120,70.09,70.6,69.7,70.27,562300
CIVB,20170120,19.48,20.4,19.48,20.12,7400
CIZ,20170120,28.9,28.98,28.8,28.87,14000
CIZN,20170120,25.45,25.45,25.45,25.45,0
CJJD,20170120,1.81,1.86,1.68,1.79,110500
CLBS,20170120,3.47,3.63,3.45,3.62,15300
CLDX,20170120,50.25,51.75,48.75,51.15,1690100
CLFD,20170120,19.25,19.8,19.25,19.35,34100
CLIR,20170120,3.45,3.55,3.35,3.35,26800
CLLS,20170120,17.72,17.74,17.29,17.52,55600
CLMT,20170120,4.1,4.2,4,4.15,479100
CLNE,20170120,2.68,2.71,2.64,2.67,1002800
CLRB,20170120,12.8,12.9,12.3,12.8,221300
CLRO,20170120,12.55,12.6,12.5,12.6,3700
CLSD,20170120,8.16,8.16,7.62,7.69,146200
CLSN,20170120,0.4,0.41,0.36,0.39,778300
CLVS,20170120,56.97,58.43,55.43,58.29,2219000
CLWT,20170120,2.4667,2.5,2.3,2.3333,5400
CMCO,20170120,26.28,26.72,25.94,26.19,169500
CMCSA,20170120,36.535,36.805,36.37,36.785,12507200
CMCT,20170120,15.65,15.65,15.65,15.65,0
CME,20170120,116.62,116.93,115.78,116.66,1175800
CMLS,20170120,1.01,1.01,0.94,0.97,51100
CMPR,20170120,94.47,95.41,93.79,95.19,147700
CMRX,20170120,4.79,4.94,4.69,4.9,609900
CMTL,20170120,10.94,11.34,10.8,10.84,259000
CNBKA,20170120,60.05,60.25,59.8,59.8,3500
CNCE,20170120,9.07,9.44,9.01,9.37,159100
CNCR,20170120,21.48,21.48,21.3,21.33,2800
CNET,20170120,1.06,1.07,1.01,1.04,9500
CNFR,20170120,7.05,7.27,7.05,7.05,1900
CNOB,20170120,24.45,24.75,24.3,24.45,69800
CNSL,20170120,26.47,26.5,26.08,26.2,258600
CNTY,20170120,7.4,7.5,7.4,7.43,11700
CNXN,20170120,26.98,27.73,26.98,27.27,65600
COGT,20170120,3.9,3.95,3.9,3.9,44800
COHR,20170120,146.98,148.9,146.57,148.17,174100
COHU,20170120,13.15,13.4,13.06,13.13,38300
COKE,20170120,166.7,168.05,166.01,166.64,14800
COLB,20170120,40.76,41.2,40.76,41.15,475300
COLL,20170120,14.77,15.86,14.27,14.95,337200
COLM,20170120,55.56,55.9,55.2,55.38,217100
COMM,20170120,36.09,36.55,35.82,36.2,2278900
COMT,20170120,34.45,35,34.45,34.87,57300
CONE,20170120,49.17,50.34,49.04,49.99,1692600
CONN,20170120,11.35,11.5,10.85,11.15,415500
COOL,20170120,3.47,3.55,3.47,3.51,3500
CORT,20170120,7.56,7.65,7.4,7.4,259900
COST,20170120,164.39,164.77,163.23,164.24,1897100
COUP,20170120,25.34,26.1,25.03,25.11,287600
COWN,20170120,14.85,15,14.55,14.65,159100
COWNL,20170120,25.67,25.76,25.66,25.76,5000
CPAA,20170120,10.3,10.3,10.3,10.3,0
CPAAU,20170120,10.95,10.95,10.95,10.95,0
CPAAW,20170120,2.18,2.18,2.18,2.18,0
CPHC,20170120,10.15,10.15,10.15,10.15,500
CPIX,20170120,5.92,5.95,5.8,5.9,6400
CPLP,20170120,3.49,3.6,3.45,3.58,1010400
CPRT,20170120,28.335,28.5,28.185,28.475,386200
CPRX,20170120,1.19,1.21,1.16,1.19,348600
CPSH,20170120,1.42,1.74,1.42,1.63,144700
CPSI,20170120,23,23.3,22.65,22.7,172000
CPSS,20170120,5.06,5.09,4.81,4.9,26700
CRAI,20170120,33.27,33.78,33.2,33.61,29200
CRBP,20170120,7,7.05,6.8,6.9,554300
CREG,20170120,18.1,18.6,17.6,18.6,8100
CRESY,20170120,15.87,16.54,15.7,16.29,60300
CRIS,20170120,13.45,13.6,12.9,13,331400
CRMT,20170120,42.25,42.58,42,42.2,23100
CRNT,20170120,3.38,3.42,3.32,3.41,573100
CROX,20170120,6.97,7.18,6.97,7.16,603500
CRSP,20170120,21.39,21.68,20,20,61000
CRTO,20170120,44.45,44.9,43.77,44.14,300700
CRUS,20170120,58,59.1,57.9,58.25,1615000
CRVL,20170120,36.55,37.05,36.45,36.55,29300
CRVS,20170120,13.88,14.31,13.76,14.14,7900
CRWS,20170120,7.8,7.8,7.75,7.8,16700
CSA,20170120,40.84,40.97,40.66,40.85,30500
CSB,20170120,40.82,40.84,40.7,40.7,3600
CSBR,20170120,3.7,3.78,3.61,3.69,26100
CSCO,20170120,30.12,30.25,30,30.1,22754200
CSF,20170120,39.91,39.97,39.66,39.77,19500
CSGP,20170120,199.52,200.62,198.62,200.52,232900
CSGS,20170120,49.7,50.15,49.46,49.59,144300
CSII,20170120,25.09,25.09,24.54,24.64,119300
CSIQ,20170120,12.6,12.72,12.44,12.54,716200
CSOD,20170120,41.21,41.62,40.55,40.95,815200
CSPI,20170120,10.62,10.67,10.5,10.63,700
CSQ,20170120,10.69,10.74,10.62,10.71,231000
CSTE,20170120,28.55,28.75,28.25,28.55,100600
CSTR,20170120,18.95,19.25,18.95,19,51800
CSWC,20170120,16.59,16.7,16.5,16.55,5400
CSWI,20170120,37.2,37.55,36.7,36.95,48200
CSX,20170120,44.5,44.7,42.88,44.33,45341500
CTAS,20170120,114.26,114.38,113.31,113.88,371900
CTBI,20170120,46.2,47,45.85,46.9,100200
CTG,20170120,4.45,4.53,4.44,4.5,28800
CTHR,20170120,0.99,0.99,0.92,0.94,10000
CTIB,20170120,5.62,5.75,5.62,5.75,21600
CTIC,20170120,5.05,5.08,4.92,4.97,141500
CTMX,20170120,11.46,11.64,11.4,11.5,360000
CTRE,20170120,15.43,15.53,15.4,15.44,146900
CTRN,20170120,16.74,17.32,16.74,16.89,36400
CTSH,20170120,56.87,57.12,56.46,56.85,4408500
CTSO,20170120,5.8,5.95,5.8,5.95,48500
CTXS,20170120,74.0844,74.9045,73.8057,74.0366,1051200
CUBA,20170120,6.59,6.59,6.5,6.53,5400
CUTR,20170120,18.5,18.65,18.2,18.5,59500
CVBF,20170120,22.43,22.85,22.43,22.79,560200
CVCO,20170120,94.15,96,94.15,95.55,30000
CVCY,20170120,19.97,19.97,19.62,19.73,21900
CVGI,20170120,5.29,5.31,5.17,5.22,70600
CVGW,20170120,56.95,57.75,56.3,57.65,190700
CVLT,20170120,54.25,55.3,54.08,55.25,346300
CVLY,20170120,25.4,26.16,25.34,25.36,8600
CVV,20170120,9.97,10.14,9.97,10.05,4900
CWBC,20170120,9.55,9.55,9.2,9.2,18700
CWCO,20170120,10.1,10.43,10.1,10.25,52400
CWST,20170120,12.27,12.5,12.27,12.37,116000
CXDC,20170120,3.95,4.15,3.95,4.15,10100
CXSE,20170120,25.47,25.47,25.47,25.47,0
CYAD,20170120,22.5,22.5,22.5,22.5,0
CYAN,20170120,4.42,4.48,4.41,4.48,1100
CYBE,20170120,38.6,40.69,38.3,40.15,214900
CYBR,20170120,51.93,51.93,50.52,51.35,282200
CYCC,20170120,105.8,105.8,102,105,25900
CYCCP,20170120,6.61,6.61,6.61,6.61,0
CYRN,20170120,2.15,2.15,2.1,2.15,6500
CYRX,20170120,3.13,3.15,3.09,3.09,12400
CYTK,20170120,10.65,10.75,10.4,10.6,201900
CZNC,20170120,24.84,25.66,24.84,25.49,65000
CZR,20170120,9,9.1,8.85,8.95,958700
CZWI,20170120,12.47,12.61,12.47,12.61,7500
DAIO,20170120,4.21,4.29,4.21,4.25,12200
DAKT,20170120,10.3,10.34,10.18,10.3,128200
DAX,20170120,25.92,25.92,25.87,25.87,500
DBVT,20170120,33.83,34.37,33.69,34.15,38800
DCOM,20170120,20,20.48,20,20.4,147100
DCTH,20170120,0.32,0.35,0.3,0.32,2533900
DENN,20170120,12.23,12.33,12.2,12.27,296800
DFFN,20170120,61.8,91.05,61.8,69.75,1258600
DGICA,20170120,17.03,17.31,16.89,17.09,39200
DGICB,20170120,17,17,17,17,0
DGII,20170120,13.35,13.5,13.3,13.5,97500
DGLY,20170120,4.8,5.35,4.8,5.15,336000
DGRE,20170120,21.48,21.49,21.32,21.4,89500
DGRS,20170120,33.39,33.62,33.39,33.51,25000
DGRW,20170120,33.89,33.89,33.61,33.74,249400
DHIL,20170120,195.09,199.28,188.22,192.69,28000
DIOD,20170120,25.27,25.78,24.78,24.94,257900
DISCA,20170120,28.04,28.22,27.82,27.89,2059100
DISCB,20170120,27.7,27.7,27.7,27.7,0
DISCK,20170120,27.47,27.58,27.21,27.31,890100
DISH,20170120,62.25,62.28,59.88,60.14,2526000
DJCO,20170120,224.2,224.7,219.95,221.8,3900
DLHC,20170120,6.48,6.48,6.35,6.35,700
DLTH,20170120,24.24,24.65,23.92,24.25,194900
DLTR,20170120,76.69,77.04,75.6,76.56,2029500
DMLP,20170120,17.95,18.55,17.95,18.45,23700
DMRC,20170120,25.8,26.1,25.15,25.45,72900
DORM,20170120,68.26,69.07,67.86,68.24,104400
DOX,20170120,59.19,59.51,58.86,59.11,742100
DRIO,20170120,3.08,3.22,3.04,3.18,25800
DRNA,20170120,2.83,2.83,2.77,2.79,69000
DRRX,20170120,1.22,1.24,1.18,1.18,327000
DSGX,20170120,21.4,21.45,21.15,21.4,26000
DSPG,20170120,10.95,11.3,10.95,11.2,66200
DSWL,20170120,1.78,1.78,1.75,1.76,11600
DTEA,20170120,6.55,6.7,6.5,6.65,63900
DVAX,20170120,4.25,4.3,4.18,4.25,528000
DWAC,20170120,24.99,25.07,24.9,24.98,7900
DWAS,20170120,40.13,40.26,39.95,40.03,25300
DWAT,20170120,10.51,10.51,10.49,10.49,7500
DWSN,20170120,7.63,8.02,7.63,7.98,40700
DXCM,20170120,81.6,82.26,79.63,80.21,1225000
DXGE,20170120,28.86,28.95,28.86,28.92,18000
DXJS,20170120,36.74,36.96,36.54,36.6,69500
DXLG,20170120,3.35,3.4,3.35,3.35,63900
DXPE,20170120,37.59,38.57,37.27,38.29,132100
DXYN,20170120,3.5,3.65,3.5,3.58,18000
DYNT,20170120,2.6,2.6,2.6,2.6,400
DZSI,20170120,4.8,4.8,4.6,4.8,7800
EA,20170120,80.49,80.51,78.89,80.12,2642900
EBAY,20170120,30.84,30.96,30.52,30.64,8496200
EBIX,20170120,57.15,57.15,56.35,56.75,161300
EBMT,20170120,19.75,19.75,19.24,19.35,6100
EBSB,20170120,18.3,18.5,18.25,18.3,77900
EBTC,20170120,34.17,36,34.07,35,43200
ECHO,20170120,24.95,25.05,24.55,24.6,163500
ECOL,20170120,50.4,51,50.3,50.5,75400
ECPG,20170120,30.35,30.9,30.05,30.85,308600
EDAP,20170120,3.25,3.3,3.25,3.29,66700
EDIT,20170120,18.1,18.86,17.96,18.32,330300
EDUC,20170120,4.725,4.87,4.675,4.85,9800
EEFT,20170120,72.88,72.88,71.98,72.23,162500
EEMA,20170120,54.67,54.85,54.54,54.59,7900
EFAS,20170120,15.9,15.9,15.9,15.9,0
EFOI,20170120,23.95,24.1,23.3,23.75,18900
EFSC,20170120,38.65,39.55,38.5,38.92,147000
EGAN,20170120,2.2,2.3,2.2,2.3,87900
EGBN,20170120,59.9,60.45,58.2,59.85,300500
EGLE,20170120,42.28,49.35,42.07,47.95,578000
EGRX,20170120,66.04,67,65.55,65.99,238900
EHTH,20170120,12.47,12.75,12.35,12.49,78700
EIGR,20170120,11.5,11.65,10.8,11.15,8700
EKSO,20170120,60.15,62.25,60.15,62.25,60800
ELSE,20170120,4.11,4.14,4.05,4.08,5300
ELTK,20170120,0.84,0.86,0.84,0.85,6800
EMCB,20170120,70.57,70.71,70.24,70.55,21200
EMCF,20170120,28.01,28.01,27.1,27.1,900
EMIF,20170120,28.32,28.5,28.29,28.48,19200
EMKR,20170120,8.7,9,8.65,8.75,268700
EML,20170120,20.82,20.82,20.7,20.78,2600
ENDP,20170120,12.68,12.7,12.26,12.34,7977000
ENG,20170120,2.21,2.39,2.16,2.33,29100
ENPH,20170120,1.76,1.9,1.7,1.85,693400
ENSG,20170120,20.27,20.42,20.2,20.26,142100
ENTA,20170120,32.93,32.93,32.12,32.22,142200
ENTG,20170120,18.2,18.55,18.2,18.25,428100
ENZL,20170120,42.25,42.38,42.07,42.27,33000
EPAY,20170120,25.45,25.6,25.27,25.38,190500
EPIX,20170120,40.4,40.4,40.4,40.4,0
EPZM,20170120,10.2,10.26,9.95,10.2,222600
EQBK,20170120,33.12,33.12,32.91,33,38400
EQIX,20170120,381.99,383.46,380.56,383.27,397500
ERIC,20170120,5.83,5.88,5.82,5.87,3887000
ERIE,20170120,112.59,113.19,112.18,112.45,23800
ERII,20170120,10.42,10.56,9.94,9.99,405100
ESBK,20170120,20.89,20.89,20.4,20.5,4200
ESCA,20170120,13.1,13.25,12.9,13.1,7600
ESEA,20170120,14.24,15.84,13.84,15.2,1560500
ESGD,20170120,57.15,57.15,57.15,57.15,400
ESGE,20170120,28.385,28.385,28.265,28.34,500
ESGR,20170120,194.9,194.93,192.45,192.7,14400
ESGU,20170120,49.56,49.56,49.56,49.56,0
ESLT,20170120,105.4,106.24,105.4,106.01,76600
ESPR,20170120,11.14,11.21,10.9,11.08,91900
ESSA,20170120,15.8,15.93,15.72,15.74,13800
ESXB,20170120,7.26,7.42,7.25,7.4,5700
ETSY,20170120,12.57,12.66,12.21,12.41,1765100
EUFN,20170120,19.36,19.44,19.34,19.44,208500
EVBG,20170120,18.71,18.98,18.5,18.58,106800
EVGBC,20170120,100.03,100.03,100.03,100.03,100
EVGN,20170120,5.3,5.3,5.08,5.08,8500
EVK,20170120,2.16,2.25,2.16,2.25,300
EVLMC,20170120,100.06,100.06,100.06,100.06,7400
EVLV,20170120,1.13,1.19,1.13,1.17,64200
EVOK,20170120,2.3,2.35,2.27,2.28,91200
EVOL,20170120,4.25,4.3,4.25,4.3,27000
EVSTC,20170120,99.99,99.99,99.99,99.99,7500
EWBC,20170120,49.49,49.99,49.19,49.55,498500
EWZS,20170120,12.53,12.62,12.41,12.57,12700
EXAS,20170120,18.45,18.83,17.94,18.09,2397500
EXEL,20170120,17.92,18.03,17.64,17.92,3070100
EXLS,20170120,47.85,48.41,47.26,47.51,173200
EXPD,20170120,53.27,53.5,52.87,53.27,1211200
EXPE,20170120,119.75,120.29,118.68,119.92,1484200
EXPO,20170120,28.225,28.5,27.95,28.5,109300
EXTR,20170120,5.32,5.42,5.32,5.34,845900
EYEG,20170120,24.3,25.05,24,24.15,25600
EYES,20170120,13.04,13.12,12.16,13.04,193700
EZPW,20170120,9.55,9.7,9.4,9.65,240300
FAAR,20170120,28.97,29.14,28.95,29.09,24000
FAB,20170120,50.64,50.7,50.48,50.59,3000
FAD,20170120,53.53,53.77,53.53,53.61,2600
FALN,20170120,27.11,27.11,27.11,27.11,20500
FANG,20170120,103.39,105.21,102.6,103.11,901800
FANH,20170120,8.89,9.08,8.68,8.7,85200
FARM,20170120,33.9,34.22,33.9,34.05,31000
FARO,20170120,37.3,37.55,36.8,37.3,41700
FAST,20170120,25.415,25.71,25.375,25.62,2789600
FATE,20170120,3.15,3.24,3,3.06,123600
FB,20170120,128.1,128.48,126.78,127.04,19095400
FBIO,20170120,2.27,2.36,2.24,2.25,142900
FBIZ,20170120,23.87,24.72,23.87,24.12,13500
FBMS,20170120,27.8,27.85,27.8,27.8,2200
FBNC,20170120,27.75,28.12,27.75,28.04,53100
FBZ,20170120,15.02,15.19,14.97,15.19,14900
FCA,20170120,20.08,20.08,20.08,20.08,0
FCAP,20170120,31.55,31.55,31.55,31.55,0
FCBC,20170120,29.01,29.87,28.8,29.01,21500
FCCO,20170120,19.6,19.67,19.25,19.25,900
FCCY,20170120,17,17,16.05,16.35,86500
FCEF,20170120,20.23,20.33,20.23,20.28,10700
FCEL,20170120,21,21.6,20.4,20.4,449000
FCNCA,20170120,356.16,363.34,356.16,359.51,31000
FCVT,20170120,26.35,26.35,26.2,26.2,300
FDIV,20170120,51.75,51.75,49.87,50.3,29700
FDT,20170120,49.3,49.3,48.96,49.15,36300
FDTS,20170120,33.94,33.94,33.94,33.94,0
FDUS,20170120,16.27,16.55,16.27,16.54,40000
FEIM,20170120,11,11.22,11,11.15,6400
FELE,20170120,39.1,39.6,38.95,39.2,124100
FEM,20170120,21.48,21.49,21.36,21.49,21000
FEMB,20170120,40.42,40.43,40.33,40.43,700
FEMS,20170120,31.8,31.93,31.59,31.82,37500
FEP,20170120,29.94,30.08,29.94,30.07,35900
FEUZ,20170120,33.37,33.58,33.37,33.58,1300
FEX,20170120,49.5,49.68,49.42,49.56,87400
FFBC,20170120,26.95,28.05,26.95,27.75,319300
FFHL,20170120,2.2,2.3,2.02,2.1,20900
FFIC,20170120,28.08,28.25,27.8,27.9,88700
FFIN,20170120,20.975,21.4,20.975,21.25,201300
FFIV,20170120,142.97,143.39,141.88,142.1,434300
FFNW,20170120,19.02,19.27,18.97,19.21,22100
FFWM,20170120,13.79,13.98,13.73,13.86,133000
FGBI,20170120,22.69,22.7,22.2,22.7,2300
FGEN,20170120,24.75,25.7,24.6,25.6,720600
FGM,20170120,37.62,37.64,37.62,37.64,1300
FHB,20170120,32.09,33,32.09,32.65,268200
FIBK,20170120,40.95,41.8,40.95,41.3,126700
FINX,20170120,15.28,15.28,15.23,15.23,1200
FISI,20170120,32.45,32.95,32.45,32.65,41800
FISV,20170120,55.03,55.16,54.42,54.785,1163700
FITB,20170120,26.17,26.43,26.07,26.29,5433600
FITBI,20170120,27.43,27.66,27.22,27.22,68200
FIVE,20170120,39.63,40.04,39.24,39.76,972700
FIVN,20170120,16.33,16.55,16.21,16.39,274600
FIZZ,20170120,46.27,47.29,45.89,47.14,163900
FJP,20170120,49.26,49.43,49.13,49.13,3200
FKU,20170120,33.12,33.22,33.07,33.22,3400
FLDM,20170120,6.84,6.85,6.57,6.6,223900
FLEX,20170120,14.66,14.79,14.54,14.6,2523300
FLGT,20170120,13.05,13.5,13.05,13.23,31100
FLIC,20170120,27.25,27.55,27.25,27.35,57900
FLL,20170120,2.17,2.4,2.14,2.32,269500
FLN,20170120,20.54,20.54,20.21,20.44,30600
FLWS,20170120,10,10.1,9.85,9.95,217700
FLXN,20170120,18.53,18.81,18.16,18.44,127400
FLXS,20170120,54.3,55.35,53.63,54.22,21300
FMB,20170120,51.39,51.43,51.23,51.43,7700
FMBH,20170120,30.58,31.25,30.39,31.12,12000
FMBI,20170120,24.1,24.31,24,24.22,357800
FMNB,20170120,13.3,13.5,13.1,13.25,69300
FNHC,20170120,19.34,20.05,19.29,19.86,59800
FNK,20170120,33.28,33.28,33.01,33.15,19300
FNLC,20170120,26.54,27.4,26.5,26.85,26700
FNWB,20170120,14.97,15.38,14.85,15.02,14900
FNX,20170120,56.92,57.07,56.73,56.92,34100
FNY,20170120,31.96,31.98,31.85,31.86,9100
FOLD,20170120,5.38,5.38,5.17,5.32,2266000
FONR,20170120,19.95,19.95,19.55,19.8,12300
FORD,20170120,1.18,1.2,1.16,1.18,21400
FORM,20170120,11.65,12,11.51,11.6,789800
FORR,20170120,40.85,41.58,40.2,40.5,45100
FORTY,20170120,38.22,38.22,38.22,38.22,0
FOSL,20170120,24.66,25.18,24.62,24.82,720800
FOX,20170120,29.4,29.55,29.16,29.55,2532300
FOXA,20170120,29.88,30.13,29.84,30.05,6710500
FOXF,20170120,26.65,26.8,26.17,26.4,259800
FPA,20170120,28.59,28.59,28.54,28.59,4800
FPAY,20170120,6,6,5.5,5.5,400
FPXI,20170120,26.52,26.6,26.52,26.56,3700
FRBA,20170120,12.55,12.65,12.45,12.55,21300
FRBK,20170120,7.65,7.8,7.6,7.75,154000
FRGI,20170120,27,27.25,26.65,27,260100
FRME,20170120,35.57,36.03,35.57,35.79,149500
FRPH,20170120,37.55,37.75,37.5,37.75,3300
FRPT,20170120,10.3,10.7,10.2,10.65,124400
FRSH,20170120,4.27,4.37,4.18,4.34,100700
FRTA,20170120,19.33,19.87,19.27,19.47,345900
FSBC,20170120,14.2,14.2,14.09,14.09,2100
FSBW,20170120,35.72,35.74,35,35.38,1200
FSFG,20170120,45.16,45.16,45.16,45.16,300
FSLR,20170120,34.64,35.24,34.51,34.75,1260700
FSTR,20170120,13.95,14.05,13.7,13.7,32000
FSV,20170120,48.71,49.42,47.6,49.2,95500
FSZ,20170120,41.91,42.06,41.91,42.06,1100
FTA,20170120,47.29,47.45,47.14,47.32,64200
FTAG,20170120,23.5,23.5,23.5,23.5,0
FTC,20170120,50.36,50.5,50.24,50.38,62800
FTCS,20170120,41.44,41.63,41.42,41.52,33100
FTEK,20170120,1.2,1.25,1.2,1.23,15900
FTGC,20170120,20.85,20.86,20.79,20.82,35100
FTHI,20170120,21.35,21.38,21.31,21.35,1100
FTLB,20170120,21.26,21.26,21.26,21.26,0
FTNT,20170120,32.35,32.59,32.18,32.32,2651900
FTRI,20170120,11.55,11.55,11.54,11.54,500
FTSL,20170120,48.58,48.58,48.44,48.49,192200
FTSM,20170120,59.9,59.93,59.89,59.93,97300
FTXD,20170120,19.59,19.59,19.59,19.59,0
FTXG,20170120,19.92,19.92,19.77,19.77,1200
FTXH,20170120,18.77,18.77,18.77,18.77,200
FTXL,20170120,23.46,23.55,23.36,23.39,4900
FTXN,20170120,21.89,21.89,21.89,21.89,0
FTXO,20170120,26,26,25.62,25.74,19700
FTXR,20170120,23.23,23.23,23.23,23.23,0
FULT,20170120,18,18.15,17.8,18.1,1230800
FUNC,20170120,14.45,14.5,14.07,14.4,1900
FUND,20170120,7.04,7.06,7,7.04,38200
FUSB,20170120,11.21,11.22,11.21,11.22,300
FV,20170120,23.73,23.92,23.72,23.8,685800
FVC,20170120,22.2,22.26,22.1,22.13,108800
FVE,20170120,2.6,2.75,2.6,2.7,69900
FWP,20170120,28.5,32.26,27.7,30.76,123400
FWRD,20170120,49.08,49.57,48.93,49.21,93900
FYC,20170120,34.84,35.15,34.84,34.95,65100
FYT,20170120,34.36,34.4,34.19,34.22,12900
FYX,20170120,53.63,53.75,53.36,53.57,43700
GABC,20170120,32.3133,32.8333,32.2867,32.7,39200
GAIA,20170120,8.8,8.9,8.7,8.75,16200
GAIN,20170120,8.62,8.81,8.56,8.77,154600
GAINN,20170120,25.43,25.43,25.43,25.43,1000
GALT,20170120,1.03,1.03,0.99,1.01,268200
GASS,20170120,3.75,4.02,3.68,3.92,67300
GBCI,20170120,34,34.43,34,34.26,304000
GBDC,20170120,18.54,18.72,18.5,18.6,100200
GBLI,20170120,38.57,39,38.51,38.85,8900
GBT,20170120,16.75,16.85,16.5,16.75,269500
GCBC,20170120,21.1,21.1,20.5,20.5,2700
GDEN,20170120,10.96,11.16,10.82,10.9,45600
GDS,20170120,7.84,8.44,7.81,8.19,39500
GECC,20170120,11.21,11.38,11.21,11.32,3500
GENC,20170120,16,16.4,15.56,15.95,23400
GENE,20170120,4.52,4.64,4.48,4.48,91300
GENY,20170120,25.29,25.29,25.29,25.29,1200
GEOS,20170120,21.21,21.49,20.83,21.07,29200
GERN,20170120,2.02,2.02,1.96,1.99,1117600
GEVO,20170120,69.6,70.8,66.2,66.6,578800
GFED,20170120,20.66,21,19.44,19.44,3500
GGAL,20170120,32.15,32.65,31.54,32.64,545800
GIFI,20170120,13.15,13.5,13,13.5,43100
GIGM,20170120,3,3.19,2.96,3.11,62300
GIII,20170120,27.14,27.19,26.61,26.98,403900
GILD,20170120,71.97,72,70.58,71.01,10269500
GILT,20170120,5.66,5.73,5.54,5.63,15600
GLAD,20170120,9.4,9.5,9.33,9.5,85600
GLBL,20170120,4.1,4.1,3.95,4,652200
GLBS,20170120,9890,11870,8160,9700,4128600
GLBZ,20170120,11.43,11.43,11.43,11.43,0
GLDD,20170120,4.45,4.65,4.45,4.55,218300
GLDI,20170120,9.31,9.34,9.28,9.32,15500
GLMD,20170120,4.12,4.25,4.01,4.2,11300
GLNG,20170120,25.92,27.21,25.9,26.77,2494600
GLPG,20170120,66.68,66.89,65.95,65.95,86600
GLPI,20170120,30.44,30.9,30.34,30.81,767600
GLRE,20170120,22.85,23.25,22.73,22.85,74300
GLYC,20170120,5.74,5.93,5.61,5.73,24000
GNCA,20170120,33.6,34.4,33.28,33.76,93200
GNMA,20170120,49.59,49.66,49.43,49.65,43200
GNTX,20170120,20.9,21.03,20.82,21.01,2204900
GNUS,20170120,5.01,5.23,5.01,5.11,4400
GOGL,20170120,5.24,5.62,5.24,5.48,666800
GOGO,20170120,9.34,9.34,8.94,8.96,1435200
GOOD,20170120,19.64,19.73,19.54,19.66,141900
GOODO,20170120,25.27,25.27,25.27,25.27,100
GOOG,20170120,806.91,806.91,801.69,805.02,1669300
GOOGL,20170120,829.09,829.24,824.6,828.17,1305500
GPAC,20170120,10.09,10.1,9.85,10.1,5800
GPACW,20170120,0.57,0.57,0.5,0.55,456600
GPP,20170120,21.05,21.1,20.8,20.95,28800
GPRE,20170120,23.15,23.55,22.85,23.45,795200
GPRO,20170120,9.2,9.55,9.19,9.51,4284800
GRBK,20170120,9.35,9.6,9.25,9.4,69300
GRFS,20170120,16.81,16.92,16.77,16.87,574700
GRID,20170120,40.64,40.79,40.64,40.79,700
GRMN,20170120,47.74,48.07,47.4,47.87,869400
GROW,20170120,1.6,1.63,1.56,1.6,19700
GRPN,20170120,70.6,70.8,68.4,69,7312900
GRVY,20170120,10.5,11,9.52,10.305,144600
GSBC,20170120,49.9,50.95,49.9,50.6,14700
GSIT,20170120,6.13,6.13,6.1,6.1,10100
GSM,20170120,9.33,9.78,9.33,9.76,486500
GT,20170120,30.54,30.94,30.22,30.52,2043700
GTIM,20170120,3.15,3.3,3.05,3.15,31800
GTYH,20170120,9.8,9.8,9.8,9.8,0
GURE,20170120,11.05,11.45,10.75,11.15,90600
GWGH,20170120,7.75,7.75,7.75,7.75,900
GWRS,20170120,8.65,8.71,8.39,8.47,24800
GYRO,20170120,18.71,18.71,18.71,18.71,300
HA,20170120,55.35,56.3,55.05,55.75,632700
HAFC,20170120,34.05,34.6,34.05,34.35,153800
HAIN,20170120,40.21,40.8,39.97,40.61,1789800
HALL,20170120,10.74,11.09,10.73,10.79,11800
HALO,20170120,11.1,11.54,10.97,11.5,2028600
HAS,20170120,84.05,84.71,83.63,83.99,950500
HAYN,20170120,40.78,40.78,39.97,40.1,117800
HBAN,20170120,13.07,13.24,13.01,13.12,7818000
HBANN,20170120,24.9,24.91,24.78,24.86,2600
HBANP,20170120,1383,1383,1383,1383,100
HBCP,20170120,35.43,37.1,35.42,35.42,5700
HBIO,20170120,3,3,2.9,2.95,28800
HBMD,20170120,15.36,15.36,15.36,15.36,0
HBNC,20170120,17.2133,17.5467,17.1867,17.3067,49000
HBP,20170120,6.46,6.7,6.43,6.7,75300
HCCI,20170120,14.3,14.6,14.3,14.3,72900
HCKT,20170120,16.92,17.08,16.9,16.99,104400
HCM,20170120,14,14,13.51,13.89,8900
HCSG,20170120,39.41,39.93,39.41,39.91,231300
HDSN,20170120,7.44,7.56,7.41,7.49,189800
HEAR,20170120,5.28,5.36,5.12,5.32,128100
HEES,20170120,23.52,23.87,23.3,23.58,383300
HELE,20170120,90.65,92.15,90.55,90.9,118900
HFBL,20170120,27.33,27.33,27.33,27.33,0
HFWA,20170120,25.75,26.2,25.75,26,88500
HGSH,20170120,3.58,3.62,3.56,3.56,14400
HIBB,20170120,33.25,34,33.25,33.6,266100
HIFS,20170120,188.74,194.38,188.74,190.48,2300
HIHO,20170120,3.5,3.55,3.4,3.4,5100
HIMX,20170120,5.55,5.55,5.43,5.45,2240100
HLG,20170120,8.55,8.55,8.55,8.55,0
HLIT,20170120,5.1,5.25,5.05,5.15,336100
HMHC,20170120,10.6,11.1,10.6,10.75,533900
HMNF,20170120,17.9,17.95,17.7,17.7,3400
HMST,20170120,29.25,29.42,28.84,29.1,272800
HMTV,20170120,11.3,11.41,11.07,11.1,56900
HNNA,20170120,19.8133,19.9933,19.02,19.26,15300
HNRG,20170120,8.68,9.22,8.48,9.19,181500
HOFT,20170120,34.25,35.15,34.1,34.2,56100
HOLI,20170120,17.65,17.88,17.29,17.67,832400
HOLX,20170120,39.77,39.85,39.31,39.35,1782800
HOMB,20170120,25.94,26.46,25.73,26.19,1093200
HONE,20170120,10.6191,10.7473,10.6191,10.6804,19400
HOPE,20170120,21.23,21.53,21.02,21.51,356600
HOVNP,20170120,7.7,7.7,7.7,7.7,1100
HQY,20170120,47.9,48.17,46.91,47.69,508200
HRTX,20170120,13.8,13.85,13.15,13.3,1022400
HRZN,20170120,11.08,11.08,10.85,10.93,43600
HSIC,20170120,158.15,158.67,155.97,156.9,685900
HSII,20170120,22.3,22.85,22.3,22.45,76400
HSKA,20170120,77.89,78.75,77.43,78.65,59900
HSON,20170120,13,13.3,12.9,13,37100
HSTM,20170120,23.14,23.44,22.67,22.75,118400
HTBI,20170120,24.9,25.25,24.55,25.15,36500
HTBK,20170120,14,14.19,14,14.14,110400
HTBX,20170120,9,9.3,8.9,9.3,378000
HTGM,20170120,1.81,1.81,1.62,1.77,5400
HTHT,20170120,12.53,12.6875,12.53,12.605,69300
HTLD,20170120,19.95,20.08,19.84,20.04,455900
HTLF,20170120,46.5,47.3,45.25,46.85,96200
HUBG,20170120,44.3,45,44,44.3,173400
HURC,20170120,29.05,29.45,28.75,29.1,49200
HURN,20170120,46,46.45,45.35,46,143500
HVBC,20170120,14.02,14.17,13.95,14.02,32500
HWBK,20170120,19.48,19.48,19.27,19.43,2400
HWKN,20170120,52.2,53.3,52.2,52.7,22700
HYLS,20170120,48.44,48.47,48.34,48.45,111100
HYZD,20170120,24.02,24.03,23.9,24,24000
HZNP,20170120,16.95,17.11,16.75,16.8,1770200
IAC,20170120,70.11,71.22,69.27,69.6,533200
IART,20170120,41.78,42.35,41.38,41.49,537200
IBB,20170120,274.41,276.45,272.66,273.42,1163100
IBCP,20170120,20.55,21,20.55,20.85,34200
IBKR,20170120,36.76,37.16,36.52,36.85,665100
IBOC,20170120,37.25,37.95,37.25,37.7,169500
IBTX,20170120,60.35,61.25,60.25,60.45,44400
ICAD,20170120,3.5,3.52,3.46,3.5,3200
ICBK,20170120,25.96,26.07,25,25.79,4100
ICCC,20170120,5.9,6.05,5.89,6.05,1700
ICFI,20170120,53.05,53.7,53,53.4,72400
ICHR,20170120,15.74,16.16,15.22,15.88,198800
ICLN,20170120,8.34,8.36,8.27,8.29,29100
ICLR,20170120,79.8,80.63,79.24,80.07,455900
ICPT,20170120,112.22,113.84,108.62,110.14,509500
ICUI,20170120,134.8,136.05,133.8,133.95,219900
IDCC,20170120,88.7,90.2,88.7,89.2,306900
IDLB,20170120,25,25.12,24.95,24.95,4700
IDRA,20170120,11.44,11.52,11.2,11.28,464300
IDXX,20170120,120.43,120.79,118.69,118.88,605300
IEP,20170120,59,59.48,58.3,59.11,52700
IESC,20170120,18.6,18.8,18.05,18.65,31700
IEUS,20170120,44.77,44.94,44.77,44.94,24500
IFGL,20170120,26.5,26.52,26.45,26.5,133600
IFV,20170120,18.07,18.25,18.07,18.17,72900
IGF,20170120,39.76,39.8,39.6,39.77,140300
IGOV,20170120,90.17,90.54,89.93,90.31,97900
III,20170120,3.52,3.61,3.46,3.48,66200
IIN,20170120,7.7,7.9,7.35,7.35,28800
IIVI,20170120,30.45,31.2,30,30.85,690800
IKNX,20170120,11.09,11.09,11.09,11.09,0
ILMN,20170120,160.9,161.5,158.73,159.74,1364800
IMGN,20170120,2.48,2.48,2.37,2.43,1295200
IMKTA,20170120,46.55,47.35,45.9,46.15,50700
IMMR,20170120,10.33,10.5,10.27,10.36,145200
IMOS,20170120,15.61,15.8,15.61,15.78,74600
INBK,20170120,30.55,30.55,29.6,29.85,42800
INCR,20170120,50.5,51.3,49.65,50.1,480800
INCY,20170120,118.32,122.68,117.08,117.22,1907500
INDB,20170120,60,66.55,57.2,63.2,253700
INDY,20170120,28.11,28.13,28.02,28.06,93000
INFI,20170120,1.54,2.02,1.53,2,3067600
INFN,20170120,8.57,8.69,8.56,8.6,969600
INFR,20170120,26,26,25.48,25.48,900
INGN,20170120,63.21,63.76,62.69,63.56,175400
INO,20170120,6.56,6.59,6.26,6.28,1137200
INOD,20170120,2.2,2.2,2.15,2.2,1200
INOV,20170120,11.35,11.45,11.2,11.25,250600
INSE,20170120,7.4,7.5,7.4,7.5,27300
INSG,20170120,3.11,3.11,3.01,3.03,103600
INSM,20170120,15.14,15.44,14.98,15.35,449200
INTC,20170120,36.76,37.03,36.58,36.94,23950800
INTG,20170120,29.33,29.33,29.33,29.33,100
INTU,20170120,116.48,117.21,115.78,117.1,1376800
INVA,20170120,10.56,10.66,10.37,10.52,670900
INVE,20170120,3.62,3.65,3.57,3.63,9700
IONS,20170120,46.53,47.14,46.24,46.97,1613900
IOSP,20170120,66.65,67.7,66.65,67.65,80400
IPAR,20170120,31.75,32.2,31.65,31.7,64400
IPDN,20170120,9.55,9.81,9.18,9.22,16800
IPGP,20170120,100.77,103.26,100.34,102.33,256000
IPKW,20170120,29.12,29.14,28.96,29.14,10100
IPWR,20170120,25.7,26.3,23.2,23.9,151700
IRBT,20170120,59.65,60.78,59.59,60.5,382500
IRCP,20170120,42.15,42.15,42.15,42.15,0
IRDM,20170120,10.25,10.35,10,10.05,1075900
IRIX,20170120,13.66,13.83,13.24,13.44,48000
IRMD,20170120,9.9,9.9,9,9.2,152300
IROQ,20170120,19.1,19.35,19.1,19.14,9900
IRTC,20170120,29.72,30.11,28.94,29.99,66000
IRWD,20170120,14.77,15.01,14.62,14.77,737700
ISBC,20170120,13.77,13.93,13.77,13.82,1419700
ISHG,20170120,77.56,77.79,77.44,77.49,2900
ISIG,20170120,1.61,1.63,1.61,1.63,11500
ISLE,20170120,23.76,24.02,23.69,23.75,62900
ISRG,20170120,661.22,661.22,654.24,656.75,258000
ISSC,20170120,3.93,3.93,3.71,3.83,10500
ISTR,20170120,19.25,19.5,19.25,19.4,14100
ITCI,20170120,14,14.12,13.51,13.58,398900
ITI,20170120,4.46,4.75,4.45,4.7,106800
ITIC,20170120,129.52,132,128.7,129.95,5600
ITRI,20170120,61.2,61.8,60.6,61.05,88300
ITRN,20170120,27,27,26.8,26.85,16600
IVAC,20170120,7.95,8.2,7.95,8.05,28700
IXUS,20170120,51.94,52.07,51.9,52.07,427100
IZEA,20170120,4.33,4.45,4.19,4.25,18000
JACK,20170120,106.96,109,106.77,108.36,269200
JAGX,20170120,682.5,682.5,661.5,672,22800
JAKK,20170120,56.5,56.5,55.5,56,170400
JAZZ,20170120,124.29,125.28,122.83,123.88,784800
JBHT,20170120,94.15,94.82,93.33,94.52,1025400
JBLU,20170120,21.37,21.61,21.28,21.41,4470500
JBSS,20170120,68.28,70.35,67.45,67.49,59900
JCS,20170120,5,5,4.79,4.79,8100
JCTCF,20170120,6.32,6.32,6.32,6.32,0
JD,20170120,27.96,28.14,27.54,27.6,7141900
JJSF,20170120,128.54,129.94,128.12,128.82,41600
JKHY,20170120,90.25,90.97,89.75,90.77,192200
JOBS,20170120,35.48,35.6,34.85,35.05,39200
JOUT,20170120,34.15,35.19,34.14,34.46,47300
JRJC,20170120,33.6,34.7,33.4,33.4,19900
JRVR,20170120,41.47,41.49,40.99,41.22,65800
JSM,20170120,22.15,22.27,21.51,22.12,49900
JSMD,20170120,31.29,31.54,31.29,31.43,2200
JSML,20170120,30.64,30.73,30.56,30.73,2700
JVA,20170120,4.58,4.73,4.55,4.65,23100
JYNT,20170120,3.15,3.2,3.13,3.2,10000
KALU,20170120,78.96,80.18,78.48,79.9,75900
KALV,20170120,7.3,7.99,6.82,7.3,99500
KBAL,20170120,16.52,16.97,16.52,16.74,163900
KBSF,20170120,4.05,4.05,4.05,4.05,12400
KBWB,20170120,46.42,46.82,46.33,46.54,171100
KBWD,20170120,23.18,23.33,23.18,23.33,38000
KBWP,20170120,55.33,55.34,54.96,55.15,10700
KBWR,20170120,53.97,54.66,53.97,54.38,306800
KBWY,20170120,37.19,37.55,37.19,37.46,30400
KE,20170120,17.1,17.5,17,17.1,106000
KELYA,20170120,22.3,22.71,22.3,22.45,93100
KEQU,20170120,24.94,24.94,24.45,24.55,2900
KFFB,20170120,9.55,9.55,9.55,9.55,2000
KFRC,20170120,22.15,22.95,22.1,22.45,82600
KHC,20170120,88.35,89,88.01,88.95,2795500
KINS,20170120,12.7,12.9,12.65,12.65,7300
KIRK,20170120,13.84,14.25,13.82,14.21,78900
KLAC,20170120,81,81.88,80.68,81.56,965000
KLIC,20170120,17.2,17.2,16.9,17.01,377400
KMDA,20170120,6,6.1,5.7,6.1,14400
KMPH,20170120,3.35,3.35,3.2,3.25,16200
KNDI,20170120,4.85,4.9,4.75,4.85,144400
KNSL,20170120,31.46,32.06,31.13,31.72,25200
KOPN,20170120,3.41,3.52,3.35,3.39,240700
KOSS,20170120,2.33,2.37,2.33,2.33,14300
KPTI,20170120,10.4,10.55,10.09,10.39,168300
KRMA,20170120,16.11,16.14,16.11,16.13,3000
KRNT,20170120,16.95,18.4,16.6,17.75,785700
KRNY,20170120,14.35,14.6,14.35,14.4,487400
KTCC,20170120,8.16,8.16,8.1,8.1,14900
KTOS,20170120,7.8,7.86,7.71,7.83,491500
KURA,20170120,6.35,6.35,6.05,6.15,12100
KVHI,20170120,10.75,10.85,10.65,10.75,41300
LAKE,20170120,10.65,10.8,10.57,10.8,25000
LAMR,20170120,73.44,74.53,73.29,74.39,410500
LANC,20170120,138.9,141.48,138.9,141.12,60400
LAND,20170120,11.97,12.08,11.94,11.98,13500
LARK,20170120,29.5,29.99,29.5,29.5,3200
LAWS,20170120,22.5,22.81,21.85,21.95,13500
LBAI,20170120,18.1,18.45,18.05,18.25,97400
LBRDA,20170120,77.19,78.21,77.19,78,91300
LBRDK,20170120,78.85,79.45,78.55,79.23,502800
LBTYA,20170120,35.26,35.36,34.57,34.87,1283800
LBTYB,20170120,33.45,33.45,33.45,33.45,0
LBTYK,20170120,34,34.1,33.53,33.68,2097100
LCA,20170120,9.9,9.9,9.9,9.9,0
LCAHU,20170120,10.5,10.5,10.49,10.49,300
LCAHW,20170120,0.62,0.62,0.62,0.62,0
LCNB,20170120,21.6,21.82,20.83,21.15,9700
LCUT,20170120,15.1,15.55,15.05,15.1,13700
LE,20170120,15.65,15.85,15.4,15.75,191900
LECO,20170120,80.77,81.11,80.15,80.65,204400
LEDS,20170120,3.67,3.7,3.52,3.7,27600
LFUS,20170120,150.03,152.35,149.62,150.05,119800
LFVN,20170120,7.2,7.31,7.08,7.12,40800
LGIH,20170120,29.28,29.57,29.16,29.34,442700
LGND,20170120,102.27,105.11,102.04,103.18,396500
LHCG,20170120,45.99,46.48,45.52,46.24,54000
LIFE,20170120,41.3,42.7,40.6,42,129100
LILA,20170120,22.68,22.91,22.3,22.59,160600
LILAK,20170120,22,22.23,21.64,21.84,340800
LINC,20170120,1.94,2,1.94,1.98,8200
LIND,20170120,8.97,9.31,8.97,9.14,131600
LINK,20170120,7.47,7.5,7.47,7.5,1200
LITE,20170120,35.2,35.45,34.8,35.15,655700
LIVE,20170120,19.14,20.2,18.68,19.79,115500
LIVN,20170120,47.11,47.11,46.43,47.04,208500
LJPC,20170120,19.97,20.88,19.87,20.13,110500
LKFN,20170120,43.88,44.69,43.8,44.18,84000
LKQ,20170120,31.66,31.87,31.38,31.62,1916500
LLNW,20170120,2.23,2.32,2.23,2.27,155500
LMAT,20170120,22.99,23.55,22.86,23.34,102400
LMB,20170120,13.93,14.05,13.9,13.99,12700
LMBS,20170120,52.15,52.15,52,52.13,142400
LMFA,20170120,42.5,42.5,42.5,42.5,0
LMNR,20170120,17.26,17.87,17.12,17.25,87000
LMRK,20170120,15.25,15.75,15.24,15.6,75200
LMRKO,20170120,24.75,25.4,24.75,25.1,13100
LMRKP,20170120,25.5,25.55,25.45,25.55,3000
LNDC,20170120,12.45,12.5,12.2,12.25,62900
LNTH,20170120,9.05,9.3,9,9.15,129100
LOAN,20170120,7.2,7.2,7.05,7.09,42200
LOB,20170120,18.9,19.45,18.9,19.25,101400
LOCO,20170120,12.45,12.55,12.38,12.5,129500
LOGI,20170120,25.25,25.38,25.08,25.15,350600
LOPE,20170120,57.59,58.3,57.34,57.94,201000
LORL,20170120,39.4,40,39.4,39.75,37500
LPCN,20170120,3.28,3.41,3.28,3.37,85300
LPLA,20170120,38.07,38.52,37.97,38.39,622000
LPSN,20170120,7.8,8.02,7.75,7.8,181200
LPTH,20170120,1.8,1.84,1.8,1.83,68900
LQDT,20170120,9.25,9.6,9.2,9.3,96200
LRCX,20170120,111.91,112.83,111.34,112.35,1727400
LSBK,20170120,16,16,15.84,15.85,3300
LSCC,20170120,7.15,7.2,7.1,7.12,1016500
LSTR,20170120,84.5,84.7,83.65,84.05,210500
LSXMA,20170120,35.32,35.58,35.03,35.52,318100
LSXMB,20170120,35.14,35.14,35.14,35.14,500
LSXMK,20170120,34.84,35.19,34.69,35.08,355800
LTBR,20170120,11.52,11.76,10.92,11.16,286700
LTRPA,20170120,17.85,18.05,17.27,17.4,984000
LTRX,20170120,1.65,1.7,1.59,1.62,61700
LULU,20170120,67.31,67.8,67.02,67.32,1252100
LUNA,20170120,1.8,1.8,1.72,1.8,112400
LVHD,20170120,28.93,28.96,28.81,28.93,10800
LWAY,20170120,10.86,11.4,10.75,11.05,35800
LXRX,20170120,13.96,14.11,13.83,13.84,442900
LYTS,20170120,8.42,8.79,8.4,8.48,246300
MACK,20170120,3.05,3.08,2.98,3,2899500
MACQ,20170120,10.25,10.25,10.25,10.25,0
MACQU,20170120,10.24,10.24,10.24,10.24,0
MACQW,20170120,0.3,0.3,0.3,0.3,350000
MANH,20170120,49.91,50.36,49.73,50.11,542700
MANT,20170120,39.99,40.5,39.96,40.19,133100
MAR,20170120,84.87,85.76,84.16,84.38,2449700
MARA,20170120,7.24,7.24,7,7.04,4000
MARK,20170120,3.05,3.38,2.93,3.34,136600
MARPS,20170120,5.05,5.46,5.05,5.2,2600
MASI,20170120,72.11,72.5,71,71.53,508300
MAT,20170120,30.2,30.46,29.89,30.02,3325500
MATW,20170120,73.55,74.35,73.18,73.7,157900
MAYS,20170120,41.5,41.5,41.5,41.5,0
MBCN,20170120,19.5,19.5,19.5,19.5,0
MBII,20170120,2.35,2.35,2.3,2.33,42200
MBOT,20170120,78,78,75,78,54300
MBRX,20170120,2.19,2.33,2.17,2.19,10300
MBUU,20170120,17.65,17.75,17.29,17.38,70800
MBWM,20170120,32.18,32.74,32.18,32.58,99300
MCBC,20170120,9.97,10.21,9.93,9.94,36400
MCEF,20170120,18.48,18.48,18.48,18.48,1000
MCFT,20170120,13.87,14.01,13.85,13.94,140900
MCHI,20170120,46.24,46.29,45.92,46.13,585400
MCHP,20170120,65.96,66.97,65.85,66.93,1952100
MCHX,20170120,2.55,2.59,2.52,2.54,79300
MCRB,20170120,10.26,10.33,10.13,10.15,70200
MCRI,20170120,23.46,23.73,23.2,23.61,34300
MDGL,20170120,15.86,15.87,15.61,15.8,6000
MDGS,20170120,21.6,23.6,18.8,20,92000
MDIV,20170120,19.21,19.32,19.21,19.29,98200
MDLZ,20170120,44.93,45.45,44.69,45.2,9809000
MDRX,20170120,11.49,11.7,11.23,11.42,1552500
MDWD,20170120,5.2,5.25,5.13,5.15,15000
MDXG,20170120,8.08,8.09,7.99,8.06,535600
MEDP,20170120,34.29,35.12,33.86,34.98,89800
MEIP,20170120,1.56,1.56,1.53,1.54,141200
MELI,20170120,175.77,176.41,172.85,176.17,447800
MEOH,20170120,44.85,45.15,44.65,44.75,1172600
MERC,20170120,11.5,11.65,11.2,11.4,111400
MESO,20170120,6.12,6.21,5.89,6.12,24100
MFIN,20170120,3.09,3.12,3.03,3.11,111700
MGEE,20170120,60.65,61,60.5,60.8,91000
MGI,20170120,11.94,12.12,11.82,11.87,98100
MGIC,20170120,6.95,7.05,6.95,7,5500
MGLN,20170120,75.8,76.85,75.4,75.95,108500
MGNX,20170120,19.35,19.66,19.15,19.57,245100
MGPI,20170120,43.56,44.02,42.61,42.94,144200
MGRC,20170120,37.23,37.94,37.23,37.68,52100
MGYR,20170120,13.24,13.24,13.14,13.24,700
MHLD,20170120,17.9,18,17.6,17.75,467200
MICT,20170120,1.33,1.38,1.32,1.33,54000
MIDD,20170120,135.09,135.33,131.87,132.52,300400
MILN,20170120,16.23,16.23,16.11,16.11,1200
MIME,20170120,22.41,22.71,20.89,21.42,289900
MIND,20170120,4.52,4.67,4.37,4.6,9400
MINDP,20170120,22.94,23,22.92,23,2900
MITK,20170120,6.4,6.5,6.25,6.45,202300
MKSI,20170120,61.5,62.65,61.45,61.65,325900
MKTX,20170120,155.32,157.3,155.32,156.89,178000
MLAB,20170120,117.5,120.62,117.5,119.61,13000
MLHR,20170120,30.95,31.25,30.77,31,235800
MLVF,20170120,20.4,20.94,20,20.7,3500
MMLP,20170120,18.1,18.7,17.95,18.55,99900
MMSI,20170120,25.75,25.75,25.45,25.6,160300
MMYT,20170120,29.05,30.1,29,30.02,520300
MNDO,20170120,2.5,2.53,2.46,2.47,40700
MNKD,20170120,3.2,3.35,3.15,3.2,2745100
MNOV,20170120,5.95,6,5.87,5.87,25500
MNRO,20170120,58.2,58.65,57.7,58.55,148500
MNST,20170120,43.56,43.85,43.16,43.51,2396100
MNTX,20170120,9.11,9.52,9.11,9.27,136700
MOFG,20170120,35.73,36.05,35.28,35.69,7500
MOMO,20170120,22.06,22.39,21.72,21.86,581400
MORN,20170120,75.48,75.86,74.97,75.55,97600
MOSY,20170120,44,44,36,40,936900
MOXC,20170120,15.95,16,15.3,15.65,9700
MPAA,20170120,26.58,27.18,26.5,26.92,157600
MPB,20170120,25,25.75,25,25.75,1700
MPWR,20170120,85.62,87.8,85.62,87.54,452400
MRAM,20170120,8.29,8.32,8.03,8.32,22900
MRCC,20170120,15.29,15.43,15.13,15.38,48000
MRCY,20170120,31.26,31.69,30.8,31.14,389900
MRLN,20170120,20.9,20.95,20.6,20.7,45000
MRNS,20170120,4.64,4.72,4.24,4.64,950400
MRTN,20170120,15.4,15.5,15.3333,15.4333,43100
MRTX,20170120,5.45,5.55,5.25,5.25,209100
MRUS,20170120,24.75,25,24.08,24.76,36900
MRVL,20170120,14.15,14.26,14.08,14.11,3401900
MSBI,20170120,33.16,34.75,32.08,32.45,50400
MSEX,20170120,38.08,39.01,37.8,38.46,40000
MSFT,20170120,62.67,62.82,62.37,62.74,30213200
MSON,20170120,10.95,11.07,10.8,11.07,2900
MSTR,20170120,198.75,202.82,197.87,201.55,102400
MTBC,20170120,0.75,0.93,0.74,0.75,64700
MTBCP,20170120,25.5,25.5,25.01,25.04,1700
MTCH,20170120,18.1,18.34,17.87,18.07,1102000
MTEX,20170120,18.9,19.1,18.66,19.1,7500
MTLS,20170120,8.1,8.2,8,8,50100
MTP,20170120,172.5,182.5,140.5,155,49000
MTRX,20170120,21.9,22.1,21.8,22,85200
MTSI,20170120,47.62,48.07,46.87,46.9,350600
MU,20170120,21.9,22.33,21.89,21.96,19977300
MVIS,20170120,1.28,1.28,1.21,1.22,188300
MYGN,20170120,15.48,15.74,15.36,15.66,1541900
MYRG,20170120,37.01,37.68,37,37.28,72200
MYSZ,20170120,5.45,5.45,5.45,5.45,0
NAII,20170120,11.32,11.5,11.3,11.5,27500
NAKD,20170120,955,980,835,840,290500
NATH,20170120,58.1,58.3,56.45,57.8,9000
NATI,20170120,30.57,30.93,30.57,30.91,358500
NATR,20170120,12.55,13,12.5,12.7,8500
NAVI,20170120,15.94,16.26,15.77,15.96,3225000
NBIX,20170120,41.6,41.89,40.8,41.27,768900
NBN,20170120,13.35,13.5,13.25,13.45,2200
NBRV,20170120,7.76,7.85,7.7,7.78,7700
NBTB,20170120,41.06,41.9,41.06,41.35,109400
NCBS,20170120,47.94,48,47.81,47.95,31000
NCMI,20170120,14.78,15.01,14.77,14.93,184400
NCTY,20170120,35.4,37.2,33.9,36.6,55600
NDAQ,20170120,67.3,67.58,66.84,67.36,637800
NDLS,20170120,4.15,4.2,4.1,4.1,148000
NDSN,20170120,111.67,112.55,110.96,111.35,172000
NEO,20170120,8.41,8.74,8.4,8.5,213400
NEOG,20170120,48.2475,48.3225,47.2725,47.5275,199300
NEON,20170120,17.4,17.9,17,17.1,243800
NEPT,20170120,1.12,1.12,1.06,1.1,112300
NERV,20170120,10.9,11.2,10.5,10.6,140800
NETE,20170120,0.97,0.97,0.88,0.92,210100
NEWT,20170120,15.3,16.03,15.3,15.56,125600
NEWTL,20170120,25.49,25.55,25.4,25.45,1900
NEWTZ,20170120,26.8,26.8,26.8,26.8,100
NFBK,20170120,18.39,18.66,18.3,18.45,107500
NFLX,20170120,139.36,140.79,137.66,138.6,9496500
NH,20170120,9.55,9.8,9.51,9.57,126500
NHTC,20170120,25.03,25.45,24.87,25.32,44400
NICE,20170120,69.89,70.43,69.26,70.14,180300
NICK,20170120,11.17,11.49,10.94,11.16,29500
NKSH,20170120,42.35,43,42.35,42.55,6500
NKTR,20170120,12.19,12.26,11.94,12.02,1536300
NMIH,20170120,10.5,10.7,10.45,10.5,331600
NNBR,20170120,18.2,18.55,17.95,18.05,168400
NNDM,20170120,59.1,59.5,58,59.3,20500
NOVN,20170120,22.3,22.3,21.16,21.84,95100
NOVT,20170120,23,23.2,22.75,22.8,57200
NRIM,20170120,29.8,29.95,29.45,29.6,15100
NSEC,20170120,16.85,16.85,16.85,16.85,0
NSIT,20170120,36.91,37.64,36.81,37.03,131300
NSSC,20170120,9.15,9.25,9,9.15,19800
NSTG,20170120,17.7,18.11,17.19,17.26,176500
NSYS,20170120,3.83,4.01,3.83,3.97,9500
NTAP,20170120,35.89,36.5,35.84,36.37,2358900
NTCT,20170120,30.6,31,30.6,30.85,644600
NTES,20170120,47.842,48.88,47.842,48.468,961000
NTGR,20170120,55.2,55.6,54.7,54.7,213700
NTIC,20170120,7.675,7.675,7.675,7.675,1000
NTLA,20170120,12.92,13.1,12.58,12.64,178500
NTNX,20170120,28.27,29,28.05,28.35,488900
NTRA,20170120,9.68,9.81,9.49,9.5,230600
NTRS,20170120,83.8,84.34,82.76,83.36,1757100
NTWK,20170120,5.3,5.35,5.2,5.3,4600
NUAN,20170120,15.77,15.95,15.64,15.74,1651800
NURO,20170120,5.6,5.68,5.44,5.68,62200
NUVA,20170120,69.66,70.96,69.66,70.29,557700
NVAX,20170120,27.6,28,26.8,27,4246400
NVCN,20170120,1640,1700,1530,1630,808500
NVCR,20170120,6.8,6.85,6.65,6.7,241100
NVDA,20170120,26.52,26.7,25.78,26.0025,12292200
NVEC,20170120,73.1,73.71,72.85,73.41,52900
NVEE,20170120,36,39,36,38.6,126200
NVFY,20170120,8.75,9.75,8.65,8.75,134800
NVIV,20170120,3300,3322.5,3262.5,3262.5,73800
NVMI,20170120,14.25,14.27,14.22,14.23,67900
NWBI,20170120,17.47,17.62,17.45,17.5,433000
NWFL,20170120,34.09,34.09,34.09,34.09,500
NWLI,20170120,302.1,304.19,300.3,302.03,4300
NWPX,20170120,17.53,17.9,17.29,17.76,98900
NWS,20170120,12.45,12.55,12.35,12.35,644100
NWSA,20170120,12.05,12.12,11.93,11.97,1497400
NXPI,20170120,98.2,98.31,97.68,97.8,2744200
NXST,20170120,63,63.2,61.4,62.6,500100
NXTD,20170120,2.86,2.87,2.75,2.77,82000
NYMT,20170120,6.25,6.32,6.25,6.29,825000
NYMTP,20170120,23.2,23.43,23.2,23.22,1100
NYMX,20170120,3.14,3.14,3,3.11,61600
OBAS,20170120,7.9,7.9,7.9,7.9,0
OBCI,20170120,4.22,4.22,4.22,4.22,600
OCC,20170120,3.3,3.45,3.2,3.45,11600
OCFC,20170120,29.09,29.49,29.09,29.43,92700
OCUL,20170120,8.14,8.19,7.9,7.93,430500
ODFL,20170120,86.97,87.64,86.75,87.56,393800
ODP,20170120,44.7,45.5,44.5,44.8,6940600
OESX,20170120,2.25,2.26,2.18,2.22,20000
OFED,20170120,22.14,22.14,22.14,22.14,0
OFIX,20170120,35.52,35.75,35.06,35.27,85700
OFLX,20170120,49.55,49.55,48.28,48.95,10400
OFS,20170120,14.44,14.75,14.3,14.37,37300
OIIM,20170120,2.69,2.8,2.61,2.7,49500
OLD,20170120,23.75,23.87,23.75,23.87,6700
OLED,20170120,57.25,59.15,56.85,59.05,481400
OLLI,20170120,31.4,31.75,31.3,31.65,459600
OMAB,20170120,30.37,32.08,30.24,32.04,144700
OMCL,20170120,33.95,34.45,33.4,33.6,229300
OMER,20170120,9.04,9.22,9.03,9.1,217800
OMEX,20170120,4.94,5,4.86,4.93,11900
ON,20170120,13.16,13.49,13.15,13.4,6418800
ONB,20170120,17.2,17.4,17.2,17.3,535900
ONCS,20170120,12.8,12.8,12.1,12.6,81200
ONEQ,20170120,219.81,219.81,218.1,218.38,19500
ONTX,20170120,36.45,37.35,36.45,37.2,6600
ONVO,20170120,3.49,3.59,3.47,3.51,793200
OPGN,20170120,585,595,575,590,237600
OPHC,20170120,3.99,4.06,3.7,4.04,12600
OPK,20170120,8.76,8.81,8.62,8.64,2914500
OPOF,20170120,27.9,27.9,27.76,27.89,4700
ORLY,20170120,276.76,277.41,273.37,274.01,980100
ORMP,20170120,6.15,6.23,6.15,6.22,4400
ORRF,20170120,22.35,22.5,22.35,22.35,5500
OSBC,20170120,10.1,10.3,10.05,10.2,60600
OSIS,20170120,69.89,71.11,69.45,70.73,140500
OSTK,20170120,16.2,16.45,16.1,16.25,30200
OSUR,20170120,8.61,8.69,8.52,8.53,270700
OTEX,20170120,31.345,31.805,31.345,31.7,192000
OTIC,20170120,15.45,15.55,14.8,15.1,122900
OTTR,20170120,37.6,38.2,37.35,37.65,88300
OVBC,20170120,27.25,27.25,27.25,27.25,500
OVLY,20170120,14.49,15,13.55,15,3900
OXBR,20170120,6.06,6.19,6.06,6.06,2800
OXBRW,20170120,0.63,0.7,0.45,0.62,5900
OXLC,20170120,10.91,10.91,10.78,10.81,285100
OXLCO,20170120,25.6,25.6,25.6,25.6,0
PAAS,20170120,18.33,18.68,18.12,18.39,1404700
PACB,20170120,4.56,4.59,4.4,4.56,920700
PACW,20170120,53.15,53.9,53.06,53.47,473700
PAHC,20170120,27.45,27.95,27.45,27.85,47000
PANL,20170120,3.4,3.4,3.25,3.26,4500
PATI,20170120,22.53,22.53,22.53,22.53,0
PATK,20170120,52.5,52.5333,51.1333,52.1333,103100
PAVM,20170120,5.11,5.17,5.11,5.12,2800
PAVMW,20170120,3.3,3.3,3.3,3.3,0
PAYX,20170120,61.1,61.7,60.95,61.47,1517900
PBCT,20170120,18.96,19.12,18.61,18.69,7815000
PBCTP,20170120,25.65,25.83,25.41,25.66,547400
PBHC,20170120,13.39,14.46,13.36,13.94,6500
PBIP,20170120,17.09,17.47,17.09,17.32,20300
PBPB,20170120,12.75,13,12.75,12.75,98900
PBYI,20170120,35.5,35.85,32.2,32.25,922100
PCAR,20170120,66,66.31,65.42,66,1880600
PCH,20170120,40.15,40.52,39.7,39.95,218600
PCOM,20170120,8.25,8.37,8.05,8.21,45600
PCRX,20170120,40.8,41.1,39.6,40.1,1028900
PCTI,20170120,5.18,5.75,5.16,5.7,338500
PCTY,20170120,33.17,34,32.97,33.8,369600
PCYG,20170120,13.45,13.75,13.45,13.65,22800
PCYO,20170120,5.1,5.45,5.1,5.35,28600
PDBC,20170120,17.19,17.46,17.19,17.32,122100
PDCE,20170120,75.5,76.32,75,75.72,642100
PDCO,20170120,40.73,40.93,40.55,40.84,970100
PDEX,20170120,5.2,5.2,5.1,5.1,5800
PDFS,20170120,22.31,22.71,22.31,22.39,107500
PDP,20170120,42.51,42.61,42.35,42.5,162600
PEBK,20170120,26.5,26.5,26,26,700
PEBO,20170120,31.01,31.49,30.68,31.43,70400
PEGA,20170120,37.55,37.8,37.1,37.4,292300
PENN,20170120,13.04,13.44,13,13.42,1541600
PERI,20170120,4.68,4.74,4.59,4.71,42700
PESI,20170120,3.75,3.75,3.67,3.7,50800
PETS,20170120,22.27,22.45,21.96,22.2,310700
PEY,20170120,16.93,17.06,16.93,17.01,166000
PEZ,20170120,42.16,42.16,41.94,42.07,3000
PFBC,20170120,50.65,54.06,50.6,53.98,219600
PFI,20170120,30.4,30.52,30.23,30.36,8200
PFIE,20170120,1.2,1.28,1.2,1.2,156900
PFIN,20170120,8.4,8.4,8.4,8.4,200
PFIS,20170120,46.02,46.28,44.8,45.42,16200
PFLT,20170120,14.04,14.13,14.01,14.07,73400
PFM,20170120,23.05,23.13,23.02,23.06,18000
PFMT,20170120,2.2,2.2,2.08,2.1,49300
PFSW,20170120,8.26,8.34,8.07,8.11,18600
PGC,20170120,29.65,30.4,29.6,30.15,24100
PGJ,20170120,30.79,30.79,30.6,30.6,11400
PHO,20170120,24.83,24.95,24.79,24.88,19000
PI,20170120,30.5,31.79,30.5,31.13,646300
PID,20170120,14.81,14.81,14.68,14.74,206500
PIE,20170120,15.22,15.31,15.22,15.29,262500
PINC,20170120,32.5,32.56,32.29,32.39,214600
PIO,20170120,21.24,21.24,21.05,21.18,11300
PIRS,20170120,1.82,1.84,1.73,1.81,209500
PIZ,20170120,21.93,22.04,21.93,22.04,151500
PKBK,20170120,17.2727,17.5,17.2727,17.4091,9200
PKOH,20170120,42.85,43.5,41.85,42.05,36100
PKW,20170120,50.97,51.22,50.94,50.99,81100
PLAB,20170120,11.25,11.45,11.25,11.35,353600
PLAY,20170120,54.53,54.91,54.35,54.7,366600
PLBC,20170120,18.1,19,18,18.5,13500
PLCE,20170120,98.7,99.45,97.5,98.25,466300
PLPC,20170120,54.12,54.25,53.2,54.25,2000
PLSE,20170120,6.3,6.3,6.05,6.17,7300
PLUG,20170120,1.19,1.2,1.18,1.18,1241200
PLUS,20170120,54.825,55.925,54.275,55.375,26900
PLW,20170120,31.87,32,31.83,31.96,12100
PLXS,20170120,53.08,54.2,51.7,53.17,216200
PMBC,20170120,7.25,7.45,7.05,7.3,10400
PMD,20170120,24.42,24.93,24.42,24.78,13600
PME,20170120,2.36,2.74,2.36,2.55,373000
PMTS,20170120,21.75,23.25,21.75,23,246400
PNBK,20170120,14.35,14.35,14.35,14.35,100
PNFP,20170120,62.85,64.15,62.75,63.3,202900
PNNT,20170120,7.7,7.77,7.7,7.74,205000
PNQI,20170120,89.06,89.07,88.42,88.55,15400
PNRG,20170120,56.5,56.5,56.5,56.5,0
PODD,20170120,43.04,43.23,41.91,42.11,429900
POLA,20170120,8.25,8.26,8.07,8.18,48800
POOL,20170120,104.91,105.38,104.57,104.93,91900
POWI,20170120,34.125,34.825,34.125,34.475,78500
POWL,20170120,38.81,39.52,38.78,39.11,31100
PPBI,20170120,36.05,36.6,36.05,36.25,242200
PPC,20170120,18.51,18.73,18.4,18.55,1185800
PPH,20170120,52.15,52.23,51.87,51.91,323800
PPSI,20170120,8.15,8.65,8,8.3,153700
PRAA,20170120,38.1,38.3,37.35,37.55,416800
PRFT,20170120,17.7,17.77,17.55,17.65,100400
PRFZ,20170120,115.04,115.51,114.84,115.25,25800
PRGS,20170120,28.02,28.29,28.01,28.18,329700
PRIM,20170120,22.8,22.94,22.39,22.52,102500
PRN,20170120,50.26,50.26,50.02,50.11,7000
PROV,20170120,18.98,19.12,18.73,18.8,9900
PRPH,20170120,2.01,2.01,2.01,2.01,21000
PRQR,20170120,4.35,4.65,4.3,4.35,22000
PRTA,20170120,48.98,50,48.18,49.78,373100
PRTK,20170120,14.5,14.75,14.4,14.55,144000
PRTS,20170120,3.6,3.74,3.58,3.66,148600
PSC,20170120,27.58,27.58,27.58,27.58,0
PSCC,20170120,66.95,67.6,66.7,66.7,2000
PSCD,20170120,50.96,51.03,50.62,50.82,2900
PSCE,20170120,21.29,21.42,21.18,21.19,27200
PSCF,20170120,51.27,51.48,51.2,51.3,21500
PSCH,20170120,72.63,72.66,72.38,72.45,7500
PSCI,20170120,54.76,55.23,54.76,54.91,7900
PSCM,20170120,47.19,47.21,46.86,47.1,9300
PSCT,20170120,69.88,70.28,69.88,69.92,55000
PSCU,20170120,47.52,47.62,47.4,47.44,4700
PSEC,20170120,8.6,8.65,8.58,8.64,1755200
PSET,20170120,26.49,26.49,26.49,26.49,0
PSL,20170120,54.35,54.42,54.14,54.35,6500
PSMT,20170120,83.65,84.15,83.05,83.35,73100
PSTI,20170120,10.8,11.6,10.4,11.5,8871400
PTC,20170120,50.04,50.47,49.12,49.56,1723400
PTCT,20170120,14.53,14.53,14.16,14.43,373400
PTEN,20170120,27.73,28.14,27.46,27.58,2058600
PTF,20170120,40.73,41.14,40.73,40.96,7000
PTGX,20170120,18.31,19.67,16.59,17.73,60400
PTH,20170120,49.27,49.34,49.21,49.3,1900
PTNR,20170120,5.47,5.67,5.45,5.62,5600
PTSI,20170120,23.45,24.35,23.45,24.1,7900
PUI,20170120,25.82,25.82,25.67,25.76,21100
PULM,20170120,9.7,13.1,8.8,11.5,2440300
PVAC,20170120,51.17,52.58,50,51.73,7600
PVBC,20170120,8.6,8.9,8.6,8.9,6000
PWOD,20170120,31.2733,31.2733,30.3467,30.6867,3400
PXI,20170120,44.22,44.93,44.22,44.51,15300
PXLW,20170120,3.04,3.04,2.95,2.96,142800
PXS,20170120,2.69,2.69,2.69,2.69,200
PY,20170120,27.86,27.86,27.83,27.83,1000
PYPL,20170120,41.39,41.72,41.3,41.69,6868500
PYZ,20170120,59.78,60.11,59.55,59.84,81700
PZZA,20170120,83.38,84.13,83.09,83.83,504700
QABA,20170120,51.6,51.97,50.82,51.17,154100
QADA,20170120,29.05,29.65,29.05,29.4,30500
QADB,20170120,25.05,25.05,25.05,25.05,0
QAT,20170120,19.9,19.9,19.9,19.9,300
QCLN,20170120,15.67,15.91,15.67,15.88,12100
QCOM,20170120,65.19,65.74,62.62,62.88,20936300
QCRH,20170120,41.45,42.35,41.45,42.1,55600
QDEL,20170120,19.54,19.91,19.46,19.8,294600
QIWI,20170120,12,12.02,11.65,12,281600
QLYS,20170120,33.8,34.05,33.6,34,202800
QNST,20170120,3.71,3.84,3.6,3.81,131000
QQEW,20170120,48.31,48.51,48.16,48.3,36000
QQQ,20170120,123.51,123.83,122.92,123.25,22069600
QQQX,20170120,19.3,19.38,19.24,19.26,84600
QQXT,20170120,42.33,42.51,42.15,42.26,53000
QRHC,20170120,2.5,2.59,2.36,2.39,39800
QRVO,20170120,60.04,61.7,59.51,61.02,3420600
QTEC,20170120,54.88,55.28,54.88,55.06,137200
QTNT,20170120,5.96,6.4,5.9,6.3,50900
QUIK,20170120,19.18,20.02,19.04,19.74,207800
QUMU,20170120,2.56,2.65,2.56,2.64,11500
QURE,20170120,5.54,5.64,5.46,5.48,131700
QYLD,20170120,22.93,22.93,22.8,22.83,17100
RADA,20170120,1.23,1.24,1.21,1.23,35200
RAIL,20170120,14.76,14.99,14.57,14.73,90000
RAND,20170120,29.25,29.25,28.17,29.07,20100
RARE,20170120,70.02,70.5,68.3,68.7,389800
RAVE,20170120,2.64,2.8,2.39,2.54,161600
RAVN,20170120,23.9,24.15,23.8,23.9,80500
RBCAA,20170120,37.75,39.99,37.18,37.49,17400
RBCN,20170120,5.2,5.3,5.2,5.3,45500
RCII,20170120,8.29,8.43,7.86,8.4,5211000
RCKY,20170120,12.4,12.6,12.25,12.25,8400
RCMT,20170120,6.04,6.13,5.79,5.96,17100
RCON,20170120,6.8,7.1,6.4,6.9,72300
RDCM,20170120,17.1,17.46,17.1,17.3,21300
RDHL,20170120,10.25,10.29,10.18,10.22,18000
RDI,20170120,16.44,16.88,16.33,16.76,69800
RDIB,20170120,18.88,18.88,18.88,18.88,0
RDNT,20170120,5.9,6.05,5.9,5.9,59600
RDUS,20170120,44.94,45.09,44.19,44.85,745000
RDVY,20170120,25.1,25.15,24.98,25.1,75900
RDWR,20170120,14.61,14.74,14.46,14.69,273900
REFR,20170120,1.97,1.99,1.93,1.98,9200
REGI,20170120,8.9,9.1,8.9,9,286400
REGN,20170120,365.67,369.75,362.07,362.56,781900
RELL,20170120,6.2,6.28,6.08,6.26,12200
RELY,20170120,6,6.05,5.9,6,78100
REPH,20170120,7.13,7.26,7.01,7.12,94000
RESN,20170120,4.29,4.4,4.21,4.22,22700
RETA,20170120,23.2,23.25,22.93,23.04,16800
RFDI,20170120,54.03,54.03,53.53,53.75,6500
RFEM,20170120,55.08,55.23,54.93,55.14,5800
RFEU,20170120,53.03,53.35,53.03,53.35,900
RFIL,20170120,1.7,1.75,1.7,1.7,30000
RGCO,20170120,17.2667,17.84,17.2667,17.84,4900
RGEN,20170120,30.35,30.59,29.97,30.52,166200
RGLD,20170120,68.35,69.78,67.62,68.78,533200
RGLS,20170120,28.2,29.4,28.2,28.2,257500
RGNX,20170120,20.05,20.35,19.6,19.9,197000
RIBT,20170120,0.92,0.96,0.92,0.94,13200
RICK,20170120,16.3,17.01,16.3,16.93,85800
RIGL,20170120,2.25,2.26,2.19,2.2,561200
RILY,20170120,19.55,19.9,19.55,19.6,12100
RILYL,20170120,25.79,25.79,25.66,25.68,4000
RIOT,20170120,3.41,3.53,3.3,3.43,17700
RKDA,20170120,20.6,20.8,18,18.6,50700
RMBS,20170120,13.45,13.64,13.45,13.5,300800
RMCF,20170120,11.66,11.77,11.59,11.75,15600
RMR,20170120,42.8,43,42.6,42.9,44200
RMTI,20170120,5.77,5.77,5.46,5.48,221100
RNDB,20170120,14.95,14.95,14.55,14.6,17900
RNST,20170120,39.54,39.83,39.26,39.6,158800
RNWK,20170120,5.1,5.15,5.09,5.12,32900
ROCK,20170120,42.2,42.65,41.83,42.2,163400
ROIC,20170120,20.61,20.87,20.61,20.83,451200
ROLL,20170120,93.33,93.33,90.33,90.74,142400
ROST,20170120,66.28,66.44,65.48,66,1732600
RPD,20170120,12.75,12.96,12.66,12.79,167100
RPRX,20170120,1.39,1.43,1.32,1.41,93000
RRGB,20170120,49.75,50.95,49.15,50.65,228400
RRR,20170120,22.6,23.01,22.6,22.87,189400
RUN,20170120,5.81,5.89,5.75,5.88,447000
RUSHA,20170120,22.0467,22.1933,21.62,21.7933,142300
RUSHB,20170120,21.3133,21.3333,20.9333,20.9733,19900
RUTH,20170120,16.75,17.05,16.55,16.9,215500
RVNC,20170120,20.55,20.8,20.2,20.3,91900
RVSB,20170120,7.9,7.9,7.65,7.83,72800
RWLK,20170120,67.5,67.5,65,65,98600
RXDX,20170120,4.95,5.05,4.95,4.95,79600
RYAAY,20170120,84.9,85.13,84.38,84.6,185000
SABR,20170120,24.87,25,24.64,24.76,1109300
SAFM,20170120,91.4,92.14,90.45,90.73,386400
SAFT,20170120,72.7,73.15,72.2,72.8,40900
SAGE,20170120,53.23,54.28,52.84,53.22,188600
SAIA,20170120,47.35,47.75,46.83,47.55,162900
SAL,20170120,38,38,37.5,38,1600
SALM,20170120,6.4,6.6,6.4,6.55,24700
SAMG,20170120,13.35,13.4,13,13.2,23600
SANM,20170120,35.35,35.65,35.1,35.35,505000
SANW,20170120,4.65,4.75,4.6,4.7,27600
SASR,20170120,38.6,39.86,38.6,39.33,130100
SATS,20170120,43.3306,43.5825,43.16,43.42,156200
SBAC,20170120,106.35,107.17,104.22,105.53,846600
SBCF,20170120,20.9,21.38,20.9,21.11,198600
SBFG,20170120,15.34,16.49,15.34,16.49,36000
SBGI,20170120,31.6,32.3,30.92,32.25,1526800
SBLK,20170120,8.35,9.5,8.35,9.06,1506800
SBNY,20170120,151.98,155.73,151.98,154.45,527300
SBRA,20170120,25.69,25.95,25.66,25.75,234700
SBSI,20170120,36.35,37.15,36.35,36.89,119100
SBUX,20170120,58.14,58.2,57.41,57.66,7646700
SCHL,20170120,45.77,46.2,45.69,45.81,100200
SCHN,20170120,22.85,23.1,22.55,22.85,443800
SCKT,20170120,3.87,3.87,3.84,3.87,11800
SCOR,20170120,31.97,32.42,31.86,32.26,191200
SCSC,20170120,40,40.35,39.75,40.35,146500
SCVL,20170120,24.98,25.43,24.93,25.37,94700
SCWX,20170120,10.74,10.94,10.74,10.85,58600
SCYX,20170120,33.9,34.5,32.5,32.8,467500
SCZ,20170120,51.11,51.25,51.09,51.23,789400
SEAC,20170120,2.51,2.6,2.46,2.55,22500
SEDG,20170120,13.35,13.55,13.25,13.45,189900
SEED,20170120,20.4,21.4,20.1,20.1,53800
SEIC,20170120,50.13,50.29,49.78,50.23,404400
SELB,20170120,15,15.15,14.28,14.93,33300
SELF,20170120,4.56,4.56,4.48,4.5,9900
SENEA,20170120,39.1,39.8,38.75,39.7,29300
SENEB,20170120,43,43,43,43,0
SFBC,20170120,29.24,29.24,29.24,29.24,0
SFM,20170120,19.94,20.1,19.5,19.51,3485400
SFNC,20170120,30.6,30.975,30,30.15,238900
SFST,20170120,34.8,35.35,34.75,34.85,6400
SGC,20170120,17.03,17.89,17.03,17.14,13600
SGEN,20170120,59.36,60.26,58.55,58.79,857500
SGMA,20170120,4.6,4.6,4.57,4.58,2600
SGMO,20170120,3.95,4,3.65,3.65,1230800
SGMS,20170120,15.55,16.05,15,15.95,1327400
SGOC,20170120,3.45,3.45,3.3,3.35,2900
SGRP,20170120,1.04,1.05,0.96,1.04,35000
SGRY,20170120,18,18.1,17.85,18,98900
SHBI,20170120,15.5,15.98,15.49,15.55,35900
SHEN,20170120,26.15,26.5,26.15,26.25,112300
SHIP,20170120,280.8,288,276,276,357600
SHIPW,20170120,0.25,0.27,0.25,0.27,38800
SHOO,20170120,23.5333,23.78,23.4667,23.6,326500
SHY,20170120,84.42,84.5,84.42,84.46,1134400
SIEB,20170120,3.05,3.05,2.91,3.04,2500
SIEN,20170120,8.31,8.31,8.15,8.24,30300
SIFY,20170120,0.91,1.06,0.87,0.93,961300
SIGI,20170120,41.5,42.15,41.5,42.15,165900
SILC,20170120,39.35,39.96,39.35,39.76,22200
SIMO,20170120,41.99,44.44,41.76,42.74,1109800
SINO,20170120,16.55,17.65,15.5,15.95,384700
SIRI,20170120,4.6,4.61,4.57,4.59,15345100
SIVB,20170120,168.89,171.21,168.77,170.11,439200
SKOR,20170120,49.91,50.04,49.91,50.04,3300
SKYW,20170120,36.35,37.15,36.25,36.85,264200
SKYY,20170120,36.03,36.09,35.88,36.01,69500
SLAB,20170120,64.9,66.15,64.9,65.2,164300
SLCT,20170120,9.98,10,9.98,10,2500
SLGN,20170120,27.365,27.535,27.27,27.39,256400
SLM,20170120,11.34,11.54,11.34,11.47,3531100
SLMBP,20170120,57,57,57,57,0
SLP,20170120,10.05,10.1,10.05,10.05,8100
SLQD,20170120,50.27,50.3,50.24,50.27,20400
SLRC,20170120,21.23,21.35,21.13,21.25,48100
SLVO,20170120,8.71,8.72,8.65,8.71,15200
SMBC,20170120,34.24,34.24,33.66,34.1,3400
SMBK,20170120,19.33,19.33,18.84,19,3300
SMCI,20170120,27.8,28.1,27.55,27.65,554300
SMCP,20170120,22.41,22.45,22.4,22.4,4900
SMED,20170120,4.47,4.55,4.41,4.54,15200
SMIT,20170120,1.63,1.72,1.58,1.69,63300
SMMF,20170120,25.55,25.86,24.95,25.35,12800
SMMT,20170120,10.97,11.25,10.86,11.18,26600
SMSI,20170120,1.86,1.92,1.76,1.85,14500
SMTC,20170120,32.25,32.65,32.05,32.2,539200
SNCR,20170120,38.28,39.68,37.75,39.18,448200
SND,20170120,18.56,19.04,18.14,18.96,409500
SNDX,20170120,7.08,7.24,6.92,6.99,46600
SNES,20170120,185,185,172.2,176.2,12200
SNFCA,20170120,7.05,7.3,7.05,7.15,3000
SNGX,20170120,2.5,2.5,2.48,2.48,6800
SNGXW,20170120,0.43,0.43,0.43,0.43,0
SNLN,20170120,18.69,18.7,18.67,18.69,137000
SNOA,20170120,46.71,46.71,45.72,46.35,60000
SNPS,20170120,60.89,61.5,60.74,60.77,565500
SNSR,20170120,16.2,16.39,16.2,16.33,53000
SOCL,20170120,23.23,23.23,23.08,23.15,28300
SOHO,20170120,7.06,7.09,6.99,7.02,46700
SOHOB,20170120,25.02,25.02,25.02,25.02,300
SOHU,20170120,39.3,39.42,38.69,39.1,146600
SOXX,20170120,125.44,126.55,125.29,125.78,643300
SP,20170120,28.2,28.7,28.05,28.2,100300
SPCB,20170120,3.65,3.75,3.52,3.75,8800
SPI,20170120,1.58,1.74,1.51,1.65,48100
SPLK,20170120,53.93,54.51,53.53,53.78,1157800
SPNE,20170120,7.45,7.73,7.45,7.51,5200
SPNS,20170120,13.27,13.44,13.06,13.35,49800
SPOK,20170120,20.65,21.1,20.55,20.8,89300
SPPI,20170120,4.6,4.64,4.53,4.59,419000
SPSC,20170120,72.05,72.05,70.19,70.7,56000
SPTN,20170120,38.71,39.1,38.26,38.63,185200
SPWH,20170120,8.24,8.28,8.07,8.09,173700
SPWR,20170120,6.88,7.05,6.88,6.99,1688600
SQQQ,20170120,921.2,934,913.4,926.2,3832200
SRAX,20170120,3.21,3.49,3.1,3.24,26800
SRCE,20170120,43.81,49.11,43.81,46.79,99200
SRCL,20170120,79.63,80.43,79.53,80.35,696000
SRDX,20170120,24.55,24.7,24.35,24.4,50000
SRET,20170120,14.67,14.68,14.59,14.64,29500
SREV,20170120,5.32,5.38,5.28,5.31,98800
SRNE,20170120,5.3,5.45,5.25,5.4,126900
SRPT,20170120,34.29,34.67,32.44,32.66,2163900
SRRA,20170120,54.8,55.6,54,55.2,264400
SRTS,20170120,4.82,4.99,4.82,4.99,1600
SSB,20170120,85.2,87.3,85,86.75,91800
SSBI,20170120,15.31,15.4,15.31,15.4,2000
SSKN,20170120,2.6,2.7,2.6,2.6,20800
SSNC,20170120,31.15,31.32,31.05,31.29,397600
SSRM,20170120,9.9,10.3,9.78,10.04,1394400
SSYS,20170120,19.9,20.24,19.71,19.76,721800
STAA,20170120,9.7,9.9,9.7,9.7,51400
STAF,20170120,3.5,3.5,3.25,3.5,67500
STBA,20170120,36.95,37.7,36.48,37.23,48500
STFC,20170120,25.2,25.69,24.73,25.42,37600
STKL,20170120,7.5,7.55,7.45,7.5,85200
STKS,20170120,1.87,1.9,1.83,1.85,26500
STLD,20170120,35.96,36.28,35.66,35.8,2457700
STRA,20170120,79.44,80.8,79.44,80.57,36700
STRL,20170120,8.69,8.94,8.47,8.57,117500
STRM,20170120,1.46,1.46,1.38,1.43,20500
STRS,20170120,31.4,31.98,31.3,31.35,4500
STRT,20170120,41,42.8,41,41.85,6600
STX,20170120,36.36,37.04,36.31,36.47,3040700
SUMR,20170120,17.73,17.82,17.73,17.82,400
SUNS,20170120,16.72,16.81,16.67,16.76,67900
SUNW,20170120,15.12,15.54,15.12,15.54,104000
SUPN,20170120,23.55,23.8,23.1,23.45,340800
SVBI,20170120,7.1,7.15,7.1,7.1,6300
SVVC,20170120,7.68,7.8,7.68,7.71,6700
SWIR,20170120,15.9,16.05,15.75,15.8,125300
SWKS,20170120,85,88.9,84.69,88.67,15775800
SYBT,20170120,44.5,45.05,44.4,44.7,37300
SYNA,20170120,53.22,56.75,53.22,54.61,910000
SYNL,20170120,10.95,11.44,10.95,11.15,3500
SYPR,20170120,0.98,0.98,0.96,0.96,3100
SYRS,20170120,11.15,11.76,11,11.06,8400
TA,20170120,7.15,7.3,7,7.15,123500
TACO,20170120,14.02,14.16,13.85,14,366600
TACT,20170120,7,7,6.85,6.95,4200
TAIT,20170120,1.16,1.18,1.15,1.16,7400
TANH,20170120,2.05,2.06,2.01,2.05,7000
TANNI,20170120,25.45,25.45,25.32,25.37,3000
TANNL,20170120,25.4,25.4,25.32,25.32,3400
TANNZ,20170120,25.25,25.4,25.25,25.4,600
TAST,20170120,15,15.07,14.75,14.9,187800
TATT,20170120,8.75,8.8,8.7,8.72,9600
TAYD,20170120,14.57,14.57,14.57,14.57,0
TBBK,20170120,7.03,7.17,7.01,7.07,124600
TBK,20170120,26.15,26.6,25.9,26.1,67600
TBNK,20170120,32.43,32.94,32.25,32.4,10300
TBPH,20170120,31.24,31.58,30.44,31.01,231800
TCBI,20170120,77.5,79.08,76.9,77.95,430800
TCBK,20170120,34.2,34.98,34.2,34.71,44800
TCFC,20170120,29.87,29.87,29.87,29.87,0
TCMD,20170120,15.43,16.5,15.42,16.34,51900
TCON,20170120,54,54,50,51.5,112900
TCPC,20170120,16.98,17,16.94,16.94,88700
TCX,20170120,37,43.45,37,43.15,252000
TDIV,20170120,30.06,30.23,30.06,30.17,68500
TEAM,20170120,27.21,28.14,26.96,28.03,2014800
TECH,20170120,98.31,98.75,97.75,98.02,257000
TEDU,20170120,15.45,15.49,15.16,15.17,455800
TENX,20170120,47.4,50.8,46,50,293600
TESS,20170120,13.3,13.75,13.3,13.65,12600
TFSL,20170120,18.22,18.37,18.17,18.25,65900
TGA,20170120,1.74,1.76,1.72,1.74,48800
TGLS,20170120,11.8,11.89,11.71,11.8,63600
TGTX,20170120,4.3,4.4,4.15,4.2,291600
THFF,20170120,48.5,49.4,48.2,48.8,35500
THRM,20170120,34.2,34.6,33.8,33.95,242200
TIG,20170120,14.88,14.88,14.83,14.83,1000
TIL,20170120,4.15,4.18,4.13,4.13,500
TILE,20170120,18.2,18.45,18.15,18.25,694400
TIPT,20170120,6.15,6.6,6.15,6.45,22400
TITN,20170120,13.91,14.23,13.88,14.01,172500
TLGT,20170120,66.3,68.3,66.2,68,303500
TLT,20170120,119.84,120.31,119.29,119.94,16952200
TMUS,20170120,60.54,60.73,59.51,59.62,3911800
TNDM,20170120,2.4,2.7,2.33,2.65,332800
TNXP,20170120,540,540,500,530,1249600
TOPS,20170120,244000,258000,232000,238000,269000
TOUR,20170120,9.05,9.18,8.97,9.06,148600
TOWN,20170120,31.6,32,31.6,31.8,112500
TPIC,20170120,17.8,17.91,17.46,17.62,50100
TQQQ,20170120,23.9333,24.1167,23.6,23.7733,2367200
TREE,20170120,106.35,106.75,105,105.65,118000
TRHC,20170120,13.71,14.15,13.6,14.02,108400
TRIB,20170120,6.9,6.98,6.85,6.87,56800
TRIL,20170120,5.16,5.24,4.95,5,111100
TRIP,20170120,52.23,52.92,51.26,51.85,2137500
TRMB,20170120,30.08,30.24,29.77,29.95,1303700
TRMK,20170120,32.99,33.3,32.87,33.2,398100
TRNS,20170120,10.75,10.9,10.75,10.75,11700
TROW,20170120,72.87,73.7,72.39,73.7,1782500
TRS,20170120,21.9,22.05,21.38,21.6,206400
TRST,20170120,8.3,8.5,8.25,8.35,299100
TRUE,20170120,13.07,13.07,12.72,12.74,434000
TRUP,20170120,14,14.28,13.97,14.23,49500
TRVG,20170120,11.8,11.87,11.45,11.5,855700
TRVN,20170120,6.18,6.25,6.12,6.19,305100
TSBK,20170120,20.42,20.54,20.28,20.54,6200
TSC,20170120,21.35,21.7,21.25,21.35,61400
TSCO,20170120,75,75.35,74.26,75.22,1265700
TSEM,20170120,20.29,20.63,20.29,20.36,826400
TSLA,20170120,49.092,49.2,48.602,48.946,4201600
TSRI,20170120,5.7,5.8,5.65,5.8,900
TTD,20170120,28.98,29.6,28.98,29.26,80900
TTEC,20170120,29.85,30.1,29.75,29.95,65800
TTEK,20170120,41.8,42.1,41.35,41.45,627000
TTGT,20170120,8.7,8.79,8.66,8.7,18700
TTMI,20170120,14.65,14.71,14.44,14.55,917700
TTNP,20170120,25.8,26.4,24.9,24.9,80200
TTOO,20170120,5.33,5.34,5.1,5.19,64100
TTWO,20170120,51.82,52.39,51.57,52.35,1043900
TUSA,20170120,28.08,28.17,28.05,28.16,800
TUSK,20170120,18.27,19.87,18.21,18.7,186500
TVTY,20170120,22.6,22.85,22,22,338200
TWIN,20170120,18.23,18.45,17.89,18.41,18200
TWNK,20170120,14.53,14.75,14.17,14.27,962000
TWNKW,20170120,2.12,2.39,2.12,2.21,113600
TWOU,20170120,33.61,33.91,33.25,33.89,287800
TXN,20170120,74.16,74.89,74.16,74.75,6165000
TXRH,20170120,45.59,46.44,45.59,46.39,404100
TYHT,20170120,34.92,34.92,33.03,34.65,32800
TZOO,20170120,9.15,9.35,9.1,9.2,12400
UAE,20170120,17.57,17.57,17.17,17.17,700
UBCP,20170120,12.65,12.65,12.65,12.65,600
UBFO,20170120,7.7,7.85,7.7,7.8,5500
UBND,20170120,49.64,49.64,49.64,49.64,0
UBOH,20170120,21,21.95,21,21.5,2300
UBSI,20170120,43.7,44.4,43.7,44.15,495800
UCBI,20170120,27.71,28.14,27.71,27.9,489800
UCTT,20170120,12.33,12.75,12.32,12.43,386200
UEIC,20170120,64.45,65.5,64.45,65.4,84600
UEPS,20170120,11.47,11.63,11.42,11.6,89500
UFCS,20170120,46.36,46.89,46.29,46.87,47100
UFPI,20170120,97.9,99.38,96.95,97.54,75400
UFPT,20170120,24.4,24.6,24.4,24.55,6100
UG,20170120,15.98,15.98,15.72,15.85,11100
UHAL,20170120,368.85,369.74,366.91,368.54,26900
UIHC,20170120,14.3,15.08,14.29,15.03,233000
ULBI,20170120,5.46,5.46,5.44,5.45,1100
ULH,20170120,14.35,14.75,14.3,14.6,9200
ULTA,20170120,267.13,267.22,265.34,266.22,634600
UMBF,20170120,72.34,73.63,72.34,72.94,151100
UMPQ,20170120,18.07,18.36,18.07,18.29,1189100
UNAM,20170120,10.59,10.59,10.59,10.59,0
UNB,20170120,40.25,42,40.25,41.15,2800
UNTY,20170120,16.35,16.35,16.25,16.3,800
UPLD,20170120,10.31,10.98,10.31,10.48,25400
URBN,20170120,26.23,26.52,26.08,26.26,1907800
USAK,20170120,9.32,9.37,9.15,9.19,26500
USAP,20170120,15,15,14.73,15,3300
USEG,20170120,12.5,14.8,12,12.5,730300
USLB,20170120,27.45,27.45,27.42,27.42,1700
USLM,20170120,76.22,76.9,75.5,76.2,3500
UTHR,20170120,153.81,154.54,151.78,152.6,534900
UTMD,20170120,65.9,66.05,64.7,64.8,3500
UTSI,20170120,1.91,1.96,1.87,1.9,14400
UVSP,20170120,28.45,28.65,28.2,28.55,134100
VALU,20170120,17.55,17.58,17.55,17.58,500
VBFC,20170120,28.05,28.05,28.05,28.05,0
VBIV,20170120,3.38,3.45,3.34,3.45,12100
VBLT,20170120,5.05,5.05,5,5.05,30200
VBTX,20170120,26.5,26.5,26.25,26.42,57500
VCEL,20170120,2.75,2.75,2.6,2.7,786300
VCIT,20170120,85.53,85.82,85.51,85.79,9394700
VCLT,20170120,89.43,89.65,89.13,89.49,73500
VCSH,20170120,79.38,79.46,79.34,79.45,1110600
VCYT,20170120,7.43,7.62,7.39,7.43,40700
VECO,20170120,27.15,27.4,27,27.1,372600
VGIT,20170120,63.93,64.1,63.89,63.98,189500
VGLT,20170120,74.02,74.2,73.38,74.02,91300
VGSH,20170120,60.71,60.78,60.7,60.74,3556400
VIA,20170120,43.35,44.55,43.2,44.4,74500
VIAV,20170120,8.49,8.64,8.49,8.58,1542000
VICR,20170120,14.6,14.95,14.5,14.55,27700
VIGI,20170120,54.12,54.14,53.95,54.02,52700
VIRC,20170120,4.04,4.04,4.01,4.01,900
VIRT,20170120,16.2,16.5,16.02,16.4,334700
VIVE,20170120,487,487,476,479,16200
VIVO,20170120,16.75,16.85,16.6,16.75,206000
VKTX,20170120,1.31,1.34,1.3,1.34,103200
VLGEA,20170120,30.1,30.5,30.1,30.19,27500
VMBS,20170120,52.16,52.33,52.13,52.25,330100
VNDA,20170120,13.6,13.6,13.25,13.25,472400
VNET,20170120,7.02,7.11,7.02,7.04,377800
VNOM,20170120,15.96,16.08,15.6,15.85,354300
VNQI,20170120,50.42,50.62,50.42,50.59,311300
VOD,20170120,25.8,25.85,25.72,25.79,4225900
VONE,20170120,104.13,104.44,104.01,104.04,12000
VONG,20170120,110.36,110.61,110.11,110.29,36700
VONV,20170120,98.25,98.54,98.07,98.28,31900
VOXX,20170120,4.25,4.5,4.2,4.4,74100
VRA,20170120,11.68,11.89,11.67,11.83,134000
VRAY,20170120,4.22,4.32,3.94,4.2,170100
VRIG,20170120,25.09,25.09,25.06,25.06,9400
VRNS,20170120,29.25,29.55,29.1,29.45,149900
VRNT,20170120,37.15,37.45,37,37.3,348200
VRSK,20170120,81.27,81.52,80.76,81.36,500400
VRSN,20170120,80.49,80.7,79.9,80.42,524400
VRTS,20170120,120.2,121,118.47,120.55,34800
VRTX,20170120,81.47,82.46,80.89,81.37,1105500
VSAT,20170120,64.71,65.5,64.71,64.9,170400
VSEC,20170120,37.02,37.9,37.02,37.52,9400
VSTM,20170120,1.18,1.2,1.12,1.13,153300
VTGN,20170120,3.43,3.52,3.13,3.4,65300
VTHR,20170120,104.79,104.79,104.33,104.33,2200
VTIP,20170120,49.22,49.29,49.18,49.27,535600
VTNR,20170120,1.39,1.44,1.37,1.42,84700
VTVT,20170120,5.45,5.57,5.36,5.43,22000
VTWG,20170120,112.4,112.49,112.22,112.46,2100
VTWO,20170120,107.62,108.05,107.34,107.77,72900
VTWV,20170120,101.83,102.09,101.62,101.9,5400
VUZI,20170120,6.55,6.8,6.45,6.5,177000
VVPR,20170120,5.35,5.5,5.21,5.21,14400
VWOB,20170120,78.15,78.31,78.03,78.2,151500
VXUS,20170120,47.2,47.31,47.15,47.3,550800
VYGR,20170120,11.32,11.36,10.99,11.05,78400
VYMI,20170120,58.28,58.29,58.14,58.29,25300
WABC,20170120,58.15,58.81,57.72,57.99,151700
WAFD,20170120,33.35,33.75,33.35,33.45,416100
WASH,20170120,52.2,53,52.15,52.35,35200
WATT,20170120,18.54,18.75,18.23,18.45,261000
WB,20170120,47.28,47.49,46.67,46.91,815700
WBA,20170120,84.11,84.72,81.01,81.72,11067900
WDAY,20170120,82.04,82.47,80.75,81.78,1267000
WDC,20170120,72.39,73.4,72.28,72.63,3511500
WDFC,20170120,101.75,102.75,101.3,102.25,97100
WEN,20170120,13.54,13.68,13.45,13.49,1977000
WERN,20170120,26.75,26.9,26.4,26.5,585500
WETF,20170120,10.77,10.83,10.59,10.64,1530600
WEYS,20170120,28.06,28.61,28.06,28.15,8300
WHF,20170120,12.64,12.77,12.46,12.58,17200
WHLM,20170120,8.23,8.23,8.23,8.23,0
WHLR,20170120,13.6,13.68,13.52,13.6,322000
WHLRD,20170120,24.85,24.88,24.74,24.85,3400
WHLRP,20170120,22.93,22.97,22.93,22.97,1800
WILC,20170120,6.42,6.59,6.27,6.56,4300
WINA,20170120,113.85,116.1,113.6,114.45,9900
WING,20170120,28.67,29.14,28.06,28.37,738700
WINT,20170120,1.41,1.44,1.37,1.43,24400
WIRE,20170120,41.35,42.05,41.25,41.75,79500
WIX,20170120,54.25,54.65,52.95,53.45,413600
WKHS,20170120,4.9,5.01,4.81,4.86,108600
WLDN,20170120,27.91,28.66,27.91,28.34,102200
WLFC,20170120,25.13,26.1,24.55,25.9,38500
WLTW,20170120,125.74,126.14,124.64,126.07,555800
WNEB,20170120,9.15,9.3,9,9.15,330900
WOOD,20170120,54.4,54.45,54.18,54.34,17300
WOOF,20170120,90.91,90.97,90.74,90.75,4517400
WPRT,20170120,1.17,1.19,1.14,1.15,296800
WRLD,20170120,59.16,59.85,58.58,59.17,88600
WSBC,20170120,41.33,42,41.33,41.77,109700
WSBF,20170120,17.5,17.77,17.5,17.65,67400
WSFS,20170120,44.3,45.13,43.75,44.95,150800
WSTG,20170120,18.8,18.8,17.6,18.15,5900
WTBA,20170120,23.9,23.95,23.6,23.7,12500
WTFC,20170120,68.45,71.01,68.45,70.71,473600
WTFCM,20170120,26.55,27.19,26.55,27.19,6500
WVE,20170120,27.4,27.55,26.65,27.35,56300
WVFC,20170120,14.57,14.57,14.57,14.57,0
WVVI,20170120,7.97,8.02,7.97,8,8900
WVVIP,20170120,5.9,5.9,5.9,5.9,0
WWD,20170120,67.51,67.99,67.2,67.6,209700
WYNN,20170120,91.31,92.21,90.78,90.82,955200
XBIO,20170120,55.8,58.32,55.8,58.32,1600
XBIT,20170120,11.1,12.12,11,11.64,102600
XELB,20170120,4.35,4.45,4.2,4.45,6500
XENE,20170120,8.35,8.35,8.2,8.2,24700
XENT,20170120,12.6,12.65,12,12.45,192500
XLNX,20170120,58.09,58.64,57.69,58.03,2663700
XLRN,20170120,24.47,24.57,23.92,24.4,454300
XNCR,20170120,22.81,22.82,21.68,21.74,240000
XNET,20170120,4.24,4.33,4.11,4.15,105900
XOG,20170120,18.97,19.23,18.59,18.75,903300
XOMA,20170120,4.67,4.72,4.56,4.59,51800
XONE,20170120,10.25,10.63,10.15,10.43,149500
XRAY,20170120,55.85,56.03,55,56.01,5266200
XTLB,20170120,4,4.2,3.5,3.5,186900
YNDX,20170120,22.1,22.12,21.84,21.87,1119200
YORW,20170120,36.05,37,36.05,36.85,35600
YTEN,20170120,152,152,144,148,40400
YTRA,20170120,9.69,9.74,9.61,9.7,6700
YY,20170120,44.03,44.22,43.41,43.53,832900
Z,20170120,36.76,37.24,36.74,36.77,1030800
ZBRA,20170120,84.06,84.29,83.1,83.47,187000
ZEUS,20170120,23.3,23.92,23.09,23.52,115500
ZG,20170120,37.31,37.84,37.27,37.4,309100
ZGNX,20170120,9.3,9.55,8.9,8.95,148400
ZION,20170120,42.49,42.9,42.2,42.46,2370900
ZIOP,20170120,5.54,5.63,5.34,5.59,1118900
ZIXI,20170120,4.82,4.93,4.82,4.91,259500
ZNGA,20170120,2.65,2.65,2.59,2.64,9480600
ZSAN,20170120,23.4,23.4,21.8,22.4,85500
ZUMZ,20170120,19.7,20.03,19.45,19.75,169500
ZYNE,20170120,18.4,18.59,18.01,18.12,446600
