AAL,20170324,41.69,42.06,41.42,41.73,6596600
AAME,20170324,3.65,3.9,3.65,3.9,2800
AAOI,20170324,51.78,55.72,51.78,55.02,2127500
AAON,20170324,36.5,36.75,35.9,36.25,189600
AAPL,20170324,35.375,35.435,35.0875,35.16,22395500
AAWW,20170324,51.95,52.25,51.2,51.45,151800
AAXJ,20170324,63.26,63.44,63.17,63.31,512600
ABCB,20170324,43.55,44.65,43.15,44.5,305600
ABEO,20170324,4.75,4.95,4.65,4.8,181100
ABIO,20170324,45.9,48.6,44.82,47.7,38300
ABMD,20170324,124.17,126,124.17,124.89,180400
ABTX,20170324,35.3,35.5,34.95,35.05,11400
ABUS,20170324,3.15,3.25,3.15,3.2,59500
ACAD,20170324,34.58,35,34.19,34.83,1209700
ACBI,20170324,18.2,18.25,18.1,18.2,25100
ACET,20170324,14.91,15.11,14.76,14.79,175500
ACGL,20170324,31.2067,31.47,31.0267,31.07,194100
ACHC,20170324,39.53,42.01,39.53,41.93,1770300
ACIU,20170324,11.17,11.27,11.01,11.02,13700
ACIW,20170324,21.8,22.09,21.75,21.88,496400
ACLS,20170324,15.9,16.5,15.9,16.3,235800
ACNB,20170324,29.3,29.45,28.75,28.9,5200
ACOR,20170324,25.45,25.6,25.1,25.4,509900
ACRS,20170324,30.28,30.74,29.84,30.53,240800
ACRX,20170324,3.05,3.15,3,3.08,191100
ACST,20170324,1.25,1.34,1.25,1.28,27200
ACTG,20170324,5.2,5.5,5.12,5.45,247600
ACWI,20170324,63.09,63.28,62.92,63.08,1503500
ACWX,20170324,43.59,43.7,43.54,43.62,1047800
ADAP,20170324,4.25,4.4,4.23,4.28,175900
ADBE,20170324,127.86,129,127.05,127.7,3044000
ADES,20170324,9.56,9.66,9.14,9.28,43600
ADI,20170324,81.86,82.95,81.4,81.64,2223500
ADMA,20170324,4.85,4.89,4.59,4.82,14700
ADMP,20170324,4.3,4.34,4.2,4.3,179400
ADMS,20170324,17.5,17.72,17.33,17.46,86300
ADP,20170324,103.75,104.17,103.06,103.38,1359800
ADRE,20170324,36.47,36.61,36.43,36.61,2100
ADSK,20170324,86,87.39,85.59,86.48,2059400
ADTN,20170324,21.3,21.52,21.1,21.1,260100
ADUS,20170324,30.45,30.8,29.9,30.7,74100
ADVM,20170324,2.63,2.72,2.55,2.65,401800
ADXS,20170324,118.35,120.75,114.9,119.1,513400
AEHR,20170324,5.11,5.29,5,5.16,96000
AEIS,20170324,66.46,67.56,66.02,66.45,354400
AEMD,20170324,54.15,54.3,50.25,50.25,52800
AERI,20170324,45.8,47.15,45.6,45.85,212100
AEY,20170324,1.95,1.97,1.94,1.97,14300
AEZS,20170324,2.75,2.95,2.75,2.9,95800
AFMD,20170324,2.65,2.7,2.45,2.45,174700
AGEN,20170324,3.94,3.97,3.87,3.88,737300
AGFS,20170324,3.94,4,3.59,3.59,526400
AGIO,20170324,54.3,55.59,54.18,55.27,360400
AGLE,20170324,7.32,7.47,7.1,7.37,152700
AGNC,20170324,19.85,19.89,19.69,19.73,2297600
AGNCP,20170324,25.95,25.95,25.83,25.86,15000
AGRX,20170324,2.98,3.23,2.88,2.96,691300
AGTC,20170324,6.7,6.75,6.5,6.65,93700
AGYS,20170324,9.52,9.69,9.26,9.39,28900
AGZD,20170324,48.15,48.15,48.11,48.11,2700
AHPA,20170324,9.88,9.88,9.88,9.88,50000
AHPAU,20170324,10.35,10.37,10.3,10.36,79400
AHPAW,20170324,0.45,0.46,0.44,0.46,34700
AHPI,20170324,2.05,2.05,2.03,2.03,500
AIA,20170324,53.05,53.1,52.93,53.02,16000
AIMC,20170324,37.65,37.95,37.15,37.4,103800
AINV,20170324,18.57,18.72,18.48,18.54,546000
AIQ,20170324,10.1,10.15,9.9,10.1,25400
AIRG,20170324,14.2,14.74,14.03,14.5,131600
AIRR,20170324,23.24,23.37,23.04,23.1,25800
AIRT,20170324,20.45,20.6,20.3,20.6,900
AKAM,20170324,63.82,64.31,63.46,63.63,1008200
AKBA,20170324,9.14,9.38,9.05,9.11,162000
AKTS,20170324,9.5,10.98,9.5,10.05,191900
AKTX,20170324,6.71,6.71,6.22,6.5,18900
ALBO,20170324,22.84,23.18,21.99,22.5,7800
ALCO,20170324,25.9,26.25,25.8,25.8,4800
ALDX,20170324,4.9,5.05,4.85,5.05,9200
ALGN,20170324,112.64,114.99,112.64,113.87,664600
ALGT,20170324,161.55,163.73,159.6,162.5,115400
ALIM,20170324,1.45,1.5,1.41,1.47,498300
ALJJ,20170324,3.58,3.69,3.51,3.63,45400
ALKS,20170324,59.03,59.8,58.13,58.88,789300
ALLT,20170324,4.73,4.78,4.66,4.76,42400
ALNY,20170324,53.38,53.58,51.68,52.47,936200
ALOT,20170324,14.57,14.7,13.7,14.45,38500
ALRM,20170324,31.43,31.65,30.94,31.05,225100
ALTY,20170324,15.35,15.42,15.3,15.3,1500
AMAT,20170324,39.38,39.68,38.74,38.97,9059900
AMBA,20170324,54.79,55.64,54.26,54.69,531800
AMCX,20170324,57.2,57.71,57.04,57.6,350500
AMD,20170324,14.16,14.18,13.54,13.7,50099400
AMED,20170324,50.2,51.12,50.2,50.72,176400
AMGN,20170324,166.69,166.93,165.08,165.74,3175500
AMKR,20170324,10.96,11.12,10.87,10.95,638100
AMNB,20170324,36.2,36.54,35.7,35.7,10400
AMOT,20170324,20.36,20.67,20.02,20.15,40500
AMPH,20170324,13.71,13.98,13.54,13.76,234100
AMRK,20170324,17.5,17.81,17.37,17.42,11300
AMRN,20170324,3.16,3.23,3.15,3.19,947800
AMRS,20170324,7.2,7.5,7.2,7.5,491100
AMSC,20170324,6.34,6.36,6.21,6.24,33600
AMSF,20170324,63.8,64.45,63.45,63.75,77600
AMSWA,20170324,10.37,10.4,10.09,10.16,66100
AMTX,20170324,1.14,1.15,1.14,1.15,9900
AMWD,20170324,88.3,90.15,88.1,89.8,202300
AMZN,20170324,851.68,851.8,843.53,845.61,2138200
ANAB,20170324,27.3,27.99,26.71,27.74,65400
ANAT,20170324,115.27,116.74,114.46,115.22,23100
ANDE,20170324,38.3,39.1,37.95,38.1,130600
ANGI,20170324,5.6,5.83,5.58,5.65,338800
ANGO,20170324,16.98,17.29,16.87,16.97,118100
ANIK,20170324,41.77,42.55,41.77,42.35,123600
ANIP,20170324,45.61,46.14,45.56,45.99,92400
ANSS,20170324,106.99,106.99,105.4,105.7,375800
ANY,20170324,0.3,0.3,0.2,0.22,7142500
AOSL,20170324,17.28,17.57,16.97,17.04,64500
APDN,20170324,70,72,69.6,70,26900
APEI,20170324,21.85,22.25,21.7,21.9,58600
APEN,20170324,11.09,11.09,11.05,11.05,900
APOG,20170324,57.32,57.92,56.93,56.94,155900
APOP,20170324,30.5,32.05,30.5,31.3,5600
APPF,20170324,25.6,25.95,25.4,25.7,25700
APPS,20170324,0.93,0.96,0.9,0.92,585600
APTO,20170324,1.13,1.14,1.11,1.14,69700
APVO,20170324,26.18,26.18,25.34,25.48,53100
APWC,20170324,2.6,2.6,2.59,2.59,800
AQB,20170324,10.5,10.8,10.16,10.39,15400
AQMS,20170324,17.67,18.58,17.35,18.15,555100
ARAY,20170324,4.85,4.9,4.75,4.8,648100
ARCB,20170324,25.6,26.85,25.15,25.3,149400
ARCC,20170324,17.34,17.49,17.28,17.37,1360100
ARDX,20170324,13.5,13.55,13.15,13.25,82400
ARKR,20170324,25.27,25.27,25.27,25.27,200
ARLP,20170324,21.5,21.5,20.85,21.15,454400
ARNA,20170324,14.6,14.7,14.5,14.6,1194800
AROW,20170324,33.95,34.04,33.55,33.65,10800
ARRY,20170324,9.24,9.58,9.15,9.46,3177000
ARTNA,20170324,32.96,33.91,32.3,32.38,11400
ARTW,20170324,3.45,3.5,3.44,3.5,3900
ARWR,20170324,1.87,1.93,1.83,1.87,264200
ASET,20170324,26.39,26.42,26.39,26.42,800
ASMB,20170324,26.53,27.4,25.61,25.78,57700
ASML,20170324,133.28,133.55,131.96,132.24,1709800
ASND,20170324,29.37,29.58,28.03,28.27,23000
ASPS,20170324,29.04,31.63,29.04,31.49,626100
ASRV,20170324,3.75,3.75,3.7,3.72,3200
ASTC,20170324,1.29,1.3,1.29,1.29,2400
ASTE,20170324,61.1,62.6,60.7,61.08,115600
ASUR,20170324,10.07,10.18,9.92,9.97,47800
ASYS,20170324,5.62,5.62,5.58,5.59,12500
ATAI,20170324,3.98,4.08,3.95,3.95,20500
ATAX,20170324,5.65,5.75,5.63,5.65,125800
ATEC,20170324,2.09,2.21,2.01,2.19,96300
ATHX,20170324,1.13,1.15,1.12,1.14,525500
ATLC,20170324,2.62,2.62,2.61,2.62,1700
ATLO,20170324,30.8,30.9,30.1,30.2,4400
ATNI,20170324,71.81,72.89,71.26,71.98,51500
ATOM,20170324,6.92,6.96,6.92,6.96,400
ATOS,20170324,13.2,14.4,12.84,13.44,126600
ATRA,20170324,21.2,21.35,20.7,20.75,220600
ATRC,20170324,18.59,19.04,18.59,18.93,182700
ATRI,20170324,473,473.6,468.3,468.3,2100
ATRO,20170324,29.87,30,29,29.2,191000
ATRS,20170324,2.79,2.82,2.73,2.76,848000
ATSG,20170324,15.7,15.76,15.45,15.55,258600
ATVI,20170324,48.97,49.4,48.74,49.12,5562700
AUBN,20170324,32.99,32.99,32.98,32.98,300
AUDC,20170324,6.84,6.94,6.72,6.8,63900
AUPH,20170324,8.46,8.51,7.76,8.02,8331400
AVAV,20170324,27.43,27.61,26.81,26.97,150000
AVDL,20170324,9.27,9.37,9.05,9.21,77700
AVEO,20170324,7.1,7.1,6.1,6.7,765100
AVGO,20170324,218.01,221.4,217.74,218.97,2379300
AVGR,20170324,680,680,640,640,156500
AVID,20170324,4.89,4.91,4.59,4.7,603500
AVIR,20170324,0.64,0.65,0.61,0.65,36200
AVNW,20170324,15.54,15.54,15.11,15.11,3000
AVXL,20170324,5.99,6.3,5.89,6.01,709000
AWRE,20170324,4.7,4.7,4.61,4.7,11400
AXDX,20170324,22.75,23.11,22.45,22.5,115100
AXGN,20170324,10.1,10.2,10,10.05,73800
AXSM,20170324,3.75,3.8,3.6,3.65,138700
AXTI,20170324,5.75,5.85,5.5,5.65,699300
AZPN,20170324,57.49,57.79,57.14,57.27,376800
BANF,20170324,88,88.6,87.25,88.2,23500
BANFP,20170324,28.9,28.9,28.9,28.9,500
BANR,20170324,54.69,54.98,53.88,54.26,136700
BANX,20170324,19.22,19.44,19.1,19.1,16300
BATRA,20170324,22.58,22.74,22.36,22.46,17700
BATRK,20170324,22.46,22.72,22.24,22.37,37500
BBBY,20170324,38.31,38.46,37.97,38.29,1629100
BBGI,20170324,12.05,12.4,12.05,12.3,8900
BBH,20170324,117.31,118.16,117.21,117.8,16900
BBSI,20170324,52.25,52.63,51.76,52.04,26700
BCBP,20170324,16.25,16.5,16.25,16.45,18400
BCLI,20170324,3.95,3.99,3.81,3.92,28900
BCOR,20170324,17.75,18,17.35,17.5,667100
BCOV,20170324,8.05,9.3,8.05,9.05,593300
BCPC,20170324,82.16,82.16,80.52,81,98100
BCRX,20170324,8.61,8.87,8.52,8.78,967300
BDSI,20170324,1.95,1.95,1.75,1.75,975400
BECN,20170324,49.04,49.3,47.94,48.25,310500
BELFA,20170324,20.29,20.29,20,20.03,4800
BELFB,20170324,22.85,22.85,22.2,22.25,29100
BFIN,20170324,14.29,14.42,14.1,14.29,48500
BFIT,20170324,15.09,15.09,15.09,15.09,0
BGCP,20170324,10.93,11.02,10.79,10.84,854600
BGFV,20170324,14.9,15.05,14.4,14.55,520000
BGNE,20170324,37.34,37.63,36.11,36.3,199500
BHACU,20170324,13,13,13,13,0
BIB,20170324,47.06,47.6,46.75,47.3,240900
BICK,20170324,24.47,24.86,24.43,24.86,8400
BIDU,20170324,170.39,170.47,167.85,168.26,2157600
BIIB,20170324,277.08,278.1,272.87,274.82,1368200
BIOC,20170324,22.3,22.8,22,22.3,458100
BIOL,20170324,6.25,6.55,6.25,6.45,20700
BIS,20170324,28.54,28.77,28.25,28.42,86000
BJRI,20170324,38.45,39,38.3,38.4,185300
BKCC,20170324,7.3,7.38,7.26,7.31,252800
BKEP,20170324,6.95,7,6.75,6.85,38200
BKEPP,20170324,7.87,7.9,7.8,7.9,14800
BKSC,20170324,21.09,21.45,20.9,21.45,900
BL,20170324,28.82,29.22,28.5,28.85,140900
BLBD,20170324,16.65,17,16.65,16.95,80200
BLCM,20170324,129,130,120,120.4,4748300
BLDP,20170324,2.28,2.3,2.22,2.24,580200
BLFS,20170324,2.04,2.05,1.99,2.04,25100
BLIN,20170324,40.5,41,39.5,41,46200
BLKB,20170324,76.45,76.82,75.35,76.14,231700
BLMN,20170324,19.18,19.64,19.18,19.31,1834100
BLPH,20170324,19.05,20.85,18.45,20.7,954400
BLRX,20170324,16.5,16.65,15.9,16.65,406000
BLUE,20170324,87.5,89.6,86.5,88.1,518400
BMRA,20170324,1.96,2.04,1.96,2,8600
BMRC,20170324,32.275,32.55,31.82,32.175,9800
BMRN,20170324,87.52,87.93,86.82,87.37,1121300
BMTC,20170324,38.75,38.9,38.45,38.65,46300
BNDX,20170324,53.98,54.03,53.95,54.02,545800
BNFT,20170324,26.35,26.95,26.2,26.75,201100
BNSO,20170324,2.84,2.84,2.57,2.63,125600
BNTC,20170324,24,29,23.7,26.9,312800
BOKF,20170324,75.59,76.29,74.04,75.45,127600
BOOM,20170324,12.45,12.8,11.75,12.45,34600
BOSC,20170324,2.09,2.14,2.09,2.12,5300
BOTJ,20170324,14.74,15.22,14.35,15.22,300
BOTZ,20170324,17.28,17.35,17.23,17.3,174900
BPMC,20170324,41.16,44.11,41.16,43.96,291800
BPOP,20170324,38.78,39.12,38.43,38.69,496200
BPOPM,20170324,22.53,22.53,22.4,22.46,5100
BPOPN,20170324,24,24.01,24,24,1400
BPTH,20170324,158,158,154,156,54900
BRID,20170324,11.72,11.72,11.72,11.72,0
BRKL,20170324,14.8,15.15,14.8,15.05,366000
BRKR,20170324,23.31,23.53,22.75,23.19,499700
BRKS,20170324,21.17,21.48,20.94,21.1,855000
BSET,20170324,25.4,25.5,24.95,24.95,13000
BSQR,20170324,4.9,4.97,4.7,4.8,54100
BSRR,20170324,26.04,26.43,25.87,26.3,29500
BTEC,20170324,26.43,26.43,26.43,26.43,100
BUSE,20170324,29.03,29.44,28.65,28.88,75100
BVXV,20170324,5.15,5.5,5.15,5.19,1900
BWEN,20170324,6.54,6.6,6.45,6.54,157800
BWFG,20170324,30.49,31.28,30.27,30.31,5400
BYFC,20170324,1.85,1.85,1.67,1.78,11600
BYSI,20170324,19.22,19.22,18.6,18.6,8500
BZUN,20170324,14.85,15.09,14.77,14.97,230600
CAAS,20170324,5.16,5.19,5.08,5.1,15200
CAC,20170324,41.48,42.23,41.19,41.66,21900
CACC,20170324,186.3,191.11,184.8,189.42,262300
CAKE,20170324,61.42,61.5,60.71,61.11,497600
CALA,20170324,10.2,10.7,10.1,10.4,1061800
CALM,20170324,37.15,37.5,36.9,37.35,509900
CAMP,20170324,16.56,16.96,16.4,16.44,256400
CAMT,20170324,3.79,3.88,3.74,3.84,46600
CAPR,20170324,32.1,36.4,32.1,33.7,531400
CAR,20170324,28.56,28.9,28.1,28.47,2458400
CARA,20170324,16.9,17.23,16.5,16.76,1169900
CARV,20170324,3.33,3.33,3.22,3.29,4600
CARZ,20170324,36.29,36.42,36.25,36.41,1500
CASH,20170324,28.45,29.95,28.05,28.75,41400
CASI,20170324,1.44,1.46,1.36,1.38,20300
CASS,20170324,63.82,63.82,62.94,62.98,10400
CASY,20170324,111.54,112.03,110.2,110.38,451400
CATH,20170324,28.58,28.63,28.45,28.45,6600
CATY,20170324,36.74,37.08,36.29,36.59,348700
CBAN,20170324,13.65,13.65,13.65,13.65,1000
CBAY,20170324,3.8,4.33,3.79,4.19,718900
CBFV,20170324,28.68,28.68,28.55,28.55,700
CBIO,20170324,4.98,5.8,4.93,5.2,70600
CBRL,20170324,156.62,157.62,155.25,156.49,185000
CBSH,20170324,54.87,55.37,54.52,54.98,310100
CCBG,20170324,20.84,20.85,20.27,20.43,19900
CCD,20170324,18.86,19.13,18.86,19.01,65600
CCLP,20170324,9.22,9.43,8.91,9.02,92100
CCMP,20170324,73.6,74.63,72.84,73.32,165700
CCNE,20170324,24.23,24.71,23.59,24.28,112200
CCOI,20170324,42.3,42.95,41.95,42.4,257800
CCRN,20170324,13.58,13.66,13.49,13.55,139600
CCXI,20170324,7.08,7.61,7.08,7.4,173200
CDC,20170324,42.74,42.84,42.65,42.69,67100
CDEV,20170324,17.03,17.49,16.9,17.17,1809400
CDK,20170324,65.11,65.44,64.72,64.88,887600
CDL,20170324,41.79,41.79,41.46,41.55,12700
CDNA,20170324,1.4,1.6,1.4,1.6,97500
CDNS,20170324,31.78,32.02,31.53,31.61,1298800
CDTX,20170324,7.45,7.65,7.2,7.25,41700
CDW,20170324,58.16,58.37,57.39,57.63,536300
CDXC,20170324,2.65,2.66,2.55,2.59,116600
CDXS,20170324,4.45,4.7,4.4,4.6,145400
CDZI,20170324,14.6,14.8,14.35,14.75,167300
CECE,20170324,10.53,10.67,10.35,10.41,105700
CEMI,20170324,5.35,5.5,5.35,5.5,8500
CENT,20170324,36.74,37.16,35.86,36.33,62600
CENTA,20170324,34.5,34.73,33.43,33.87,167400
CENX,20170324,12.08,12.17,11.74,11.8,1617400
CERN,20170324,56.79,58.13,56.51,57.77,3796600
CERS,20170324,4.13,4.2,4.05,4.1,357700
CETX,20170324,26.4,27.6,26.24,26.48,433600
CETXP,20170324,6.16,6.6,5.96,5.96,17400
CETXW,20170324,0.64,0.64,0.64,0.64,0
CEVA,20170324,34.7,34.9,34.35,34.55,132100
CFA,20170324,42.5,42.6,42.22,42.34,66800
CFBK,20170324,11.495,11.88,11.495,11.88,10200
CFFI,20170324,44.54,45.65,44.5,44.65,3500
CFFN,20170324,14.57,14.6,14.35,14.39,654600
CFMS,20170324,4.75,4.97,4.75,4.86,186300
CFO,20170324,42.52,42.55,42.18,42.34,26500
CFRX,20170324,20.9,20.9,20,20,8500
CG,20170324,15.85,15.85,15.55,15.65,329800
CGEN,20170324,4.2,4.39,4.2,4.35,52700
CGNT,20170324,1.9,1.9,1.85,1.85,4700
CGNX,20170324,40.135,40.675,39.895,40.2,460400
CGO,20170324,12.14,12.14,12,12,23900
CHCI,20170324,2.08,2.17,2.08,2.11,11700
CHCO,20170324,62.41,62.64,61.64,62.18,47000
CHDN,20170324,51.7333,52.3167,51.4167,51.5167,28500
CHEF,20170324,13.8,14.3,13.3,13.95,278300
CHEK,20170324,25.56,26.4,25.56,26.04,59600
CHI,20170324,10.74,10.83,10.74,10.76,116700
CHKP,20170324,103.87,104.35,103.15,103.38,1164200
CHMG,20170324,37.7,37.7,36.9,37.12,4100
CHNR,20170324,2.08,2.17,2.08,2.13,21600
CHRS,20170324,21.95,22.05,21.3,21.55,307000
CHRW,20170324,77.75,78.17,77.26,77.47,1374200
CHSCL,20170324,28.5,28.67,28.5,28.62,22500
CHSCM,20170324,27.41,27.53,27.34,27.46,16400
CHSCN,20170324,27.93,28.11,27.74,27.96,20300
CHSCO,20170324,28.82,28.83,28.62,28.76,20800
CHSCP,20170324,30.79,31.07,30.49,30.55,21400
CHTR,20170324,324.94,327.74,323.64,325.35,1442000
CHUY,20170324,28.6,28.9,28.5,28.8,99200
CHW,20170324,7.67,7.74,7.66,7.72,144500
CHY,20170324,11.16,11.24,11.15,11.16,108400
CIBR,20170324,21.46,21.65,21.38,21.44,59700
CID,20170324,33.34,33.34,33.15,33.16,2500
CIDM,20170324,1.4,1.44,1.35,1.35,71200
CIGI,20170324,47.8,48.1,47.45,47.65,47400
CIL,20170324,35.34,35.34,35.11,35.18,700
CINF,20170324,72.8,72.89,71.66,71.88,514400
CIVB,20170324,21.29,21.45,20.5,21.31,87100
CIZ,20170324,30.54,30.69,30.52,30.53,6900
CIZN,20170324,23.1,23.1,23.1,23.1,0
CJJD,20170324,1.75,1.78,1.75,1.78,10200
CLBS,20170324,4.45,4.45,4.28,4.4,92700
CLDX,20170324,49.35,49.95,48.3,49.95,1281000
CLFD,20170324,16.9,16.9,16.6,16.7,21900
CLIR,20170324,4,4,3.71,3.75,83100
CLLS,20170324,22.95,23.25,22.74,22.99,90200
CLMT,20170324,3.65,3.8,3.6,3.8,376300
CLNE,20170324,2.43,2.48,2.41,2.42,698200
CLRB,20170324,22.6,23.4,21.1,23.3,413900
CLRO,20170324,10.55,10.55,10.5,10.55,3500
CLSD,20170324,7.12,7.15,6.87,7.06,117500
CLSN,20170324,0.27,0.28,0.26,0.27,989600
CLVS,20170324,68.58,70.98,68.54,70.32,1327200
CLWT,20170324,2.5,2.5,2.5,2.5,0
CMCO,20170324,24.62,24.89,24.21,24.29,50700
CMCSA,20170324,37.24,37.57,37.08,37.38,17814700
CMCT,20170324,16.4,16.4,16.35,16.35,800
CME,20170324,119.6,120.41,119.03,119.88,1462000
CMLS,20170324,0.35,0.36,0.34,0.34,315800
CMPR,20170324,82.34,83.4,80.96,82.85,89200
CMRX,20170324,6.53,6.59,6.42,6.46,274900
CMTL,20170324,14.81,14.98,14.38,14.55,260100
CNBKA,20170324,59.75,59.75,59.1,59.7,4000
CNCE,20170324,17.76,18.04,17.31,17.4,342700
CNCR,20170324,23.44,23.6,23.43,23.45,8000
CNET,20170324,1.11,1.11,1.06,1.08,16100
CNFR,20170324,7.26,7.26,7.25,7.25,300
CNOB,20170324,22.8,23.2,22.65,23,77700
CNSL,20170324,23.22,23.43,22.97,23.24,286400
CNTY,20170324,7.66,7.66,7.46,7.54,17200
CNXN,20170324,29.4,29.4,28.43,28.64,33100
COGT,20170324,3.5,4.4,3.5,4.3,2562100
COHR,20170324,196.39,201.81,196.24,197.96,364500
COHU,20170324,17.1,17.61,16.66,17.24,985300
COKE,20170324,198.79,198.9,197.14,197.28,32800
COLB,20170324,37.52,37.91,37.31,37.72,426600
COLL,20170324,12.8,12.85,11.02,11.31,990100
COLM,20170324,57.73,58.11,57.39,57.86,245200
COMM,20170324,40.35,41.56,40.35,41.22,1985400
COMT,20170324,32.8,32.87,32.69,32.86,24100
CONE,20170324,50.84,51.12,50.39,50.62,1022500
CONN,20170324,8.4,8.45,8.1,8.3,275500
COOL,20170324,8.4,8.7,8.3,8.52,50400
CORT,20170324,9.98,10.25,9.88,10.12,597800
COST,20170324,167.37,167.46,165.66,166.02,1410300
COUP,20170324,23.91,24.1,23.2,23.88,247100
COWN,20170324,13.35,13.5,13.1,13.2,333900
COWNL,20170324,26.25,26.49,26.25,26.49,1300
CPAA,20170324,10.74,10.75,10.7,10.7,1000
CPAAU,20170324,11.3,11.3,11.3,11.3,0
CPAAW,20170324,2.5,2.5,2.5,2.5,0
CPHC,20170324,10.54,10.54,10.4,10.4,300
CPIX,20170324,6.42,6.45,6.25,6.39,7000
CPLP,20170324,3.38,3.42,3.32,3.36,248300
CPRT,20170324,30.73,30.905,30.58,30.66,340700
CPRX,20170324,1.65,1.73,1.62,1.7,867300
CPSH,20170324,1.4,1.53,1.36,1.5,26500
CPSI,20170324,27.6,27.6,26.6,26.7,92900
CPSS,20170324,4.69,4.76,4.37,4.68,233400
CRAI,20170324,34.89,35.14,34.32,34.35,26300
CRBP,20170324,8.95,9.25,8.5,9.1,1483900
CREG,20170324,15.4,15.8,15,15.1,5200
CRESY,20170324,19.46,19.75,19.46,19.62,34900
CRIS,20170324,14.45,15,14.45,14.8,1127400
CRMT,20170324,35.05,35.2,34.2,34.35,65300
CRNT,20170324,3.47,3.48,3.41,3.44,302400
CROX,20170324,6.64,6.7,6.61,6.66,411700
CRSP,20170324,17.9,18.55,17.87,17.88,48300
CRTO,20170324,51.52,51.77,50.62,51.55,301400
CRUS,20170324,59.54,60.79,59.5,60.06,1198300
CRVL,20170324,40.6,41.35,40.47,40.65,35000
CRVS,20170324,20.16,21.05,19.67,20.9,37100
CRWS,20170324,7.95,8.1,7.8,8.1,19600
CSA,20170324,40.68,40.68,40.68,40.68,0
CSB,20170324,39.67,39.91,39.42,39.42,12100
CSBR,20170324,3.17,3.26,3.04,3.16,11800
CSCO,20170324,34.07,34.3,33.95,34.08,18125000
CSF,20170324,39.96,40,39.66,39.66,21200
CSGP,20170324,205.51,207.96,203.7,207.74,228800
CSGS,20170324,36.89,37.36,36.73,37.15,270200
CSII,20170324,27.59,28.18,27.42,28.1,206400
CSIQ,20170324,11.67,11.68,11.09,11.15,3143100
CSOD,20170324,38.71,39.91,38.6,38.91,400000
CSPI,20170324,10.57,10.57,10.45,10.45,4100
CSQ,20170324,11,11.03,10.95,10.96,287700
CSTE,20170324,35,36.25,34.25,35.45,973600
CSTR,20170324,18.9,19.13,18.67,18.86,15900
CSWC,20170324,16.27,16.38,16.15,16.2,17000
CSWI,20170324,35.9,36.05,35.3,35.45,29500
CSX,20170324,46.25,46.8,46.03,46.32,5742500
CTAS,20170324,126.41,126.42,124.84,125.13,709500
CTBI,20170324,44.42,44.96,44.05,44.3,26100
CTG,20170324,5.91,6.05,5.79,6.02,44400
CTHR,20170324,0.99,0.99,0.98,0.98,1000
CTIB,20170324,5.95,5.95,5.95,5.95,500
CTIC,20170324,4.29,4.65,4.28,4.3,186700
CTMX,20170324,17.5,18.48,17.4,17.79,303500
CTRE,20170324,15.88,16.07,15.83,15.98,2067700
CTRN,20170324,17.34,17.52,17.08,17.19,124800
CTSH,20170324,59.01,59.29,58.54,58.62,2988200
CTSO,20170324,5.45,5.55,5.35,5.43,31300
CTXS,20170324,83.67,84.75,82.94,83.14,1474900
CUBA,20170324,6.95,6.97,6.92,6.94,4800
CUTR,20170324,20.3,20.48,20.15,20.15,56200
CVBF,20170324,21.37,21.5,21.08,21.3,530100
CVCO,20170324,117,117.1,115.5,115.85,41000
CVCY,20170324,19.12,19.69,19.12,19.2,13800
CVGI,20170324,5.65,5.74,5.56,5.69,54200
CVGW,20170324,58.5,59.1,57.65,58.7,249900
CVLT,20170324,49.65,49.7,48.7,49.1,166600
CVLY,20170324,25.91,26.25,25.87,26,6600
CVV,20170324,9.83,10.04,9.83,9.98,22000
CWBC,20170324,9.8,10,9.55,10,3700
CWCO,20170324,10.9,11.15,10.8,11,108300
CWST,20170324,13.9,14,13.65,13.76,342600
CXDC,20170324,4.8,4.86,4.7,4.75,11800
CXSE,20170324,28.49,28.49,28.49,28.49,0
CYAD,20170324,22.04,22.07,22.04,22.07,300
CYAN,20170324,3.81,3.81,3.81,3.81,100
CYBE,20170324,25.2,25.45,24.45,24.7,57900
CYBR,20170324,48.56,49.36,48.48,48.78,149400
CYCC,20170324,64.8,71.2,63.6,68.4,129600
CYCCP,20170324,6.37,6.37,6.37,6.37,0
CYRN,20170324,2,2,1.95,1.95,1500
CYRX,20170324,3.45,3.57,3.35,3.53,24800
CYTK,20170324,12.6,13.2,12.5,12.6,413100
CZNC,20170324,22.81,23,22.77,22.83,15900
CZR,20170324,9.45,9.55,9.1,9.2,1385800
CZWI,20170324,13.85,13.94,13.8,13.85,11200
DAIO,20170324,4.89,4.99,4.8,4.91,20700
DAKT,20170324,9.2,9.3,9.08,9.19,112100
DAX,20170324,27.03,27.09,27.01,27.05,3000
DBVT,20170324,34.7,35.25,34.6,35.24,55400
DCOM,20170324,19.8,20.05,19.65,19.8,216600
DCTH,20170324,0.09,0.09,0.08,0.09,9769500
DENN,20170324,12.15,12.27,12.09,12.13,193200
DFFN,20170324,43.5,45.9,41.25,42.3,126000
DGICA,20170324,17.21,17.21,16.86,17.03,18900
DGICB,20170324,15.8,15.8,15.3,15.35,4900
DGII,20170324,11.85,11.97,11.7,11.75,101100
DGLY,20170324,4.15,4.25,4.05,4.11,23600
DGRE,20170324,23.67,23.71,23.61,23.71,2700
DGRS,20170324,32.51,32.63,32.3,32.33,18100
DGRW,20170324,35.5,35.62,35.33,35.43,185800
DHIL,20170324,188.18,191.6,188.18,190.1,12400
DIOD,20170324,23.92,24.54,23.78,24.02,202200
DISCA,20170324,27.73,27.73,27.43,27.54,2470900
DISCB,20170324,28.8,28.8,28.8,28.8,0
DISCK,20170324,27.22,27.23,26.95,27.07,1502100
DISH,20170324,61.9,62.22,61.5,61.99,1894200
DJCO,20170324,210,210,202.8,202.8,600
DLHC,20170324,5.3,5.4,5.21,5.3,14300
DLTH,20170324,22.5,23,22.36,22.76,463100
DLTR,20170324,74.51,75.45,73.95,74.92,1892100
DMLP,20170324,17.35,17.75,17.3,17.35,41700
DMRC,20170324,25.3,25.5,24.45,24.85,51400
DORM,20170324,79.12,80.3,78.63,79.27,139100
DOX,20170324,62.24,62.65,62.18,62.52,712200
DRIO,20170324,4.25,4.25,3.97,4.06,20800
DRNA,20170324,2.79,2.8,2.58,2.63,34200
DRRX,20170324,0.96,0.99,0.94,0.94,224300
DSGX,20170324,23,23.05,22.75,23,111200
DSKE,20170324,10.38,10.38,10.15,10.25,178700
DSKEW,20170324,1.18,1.19,1.16,1.19,69500
DSPG,20170324,11.75,12.05,11.7,11.85,106600
DSWL,20170324,1.93,1.93,1.88,1.91,1800
DTEA,20170324,7.4,7.7,7.2,7.6,23500
DVAX,20170324,6,6,5.88,6,669900
DWAC,20170324,24.2,24.2,24.15,24.15,96200
DWAS,20170324,39.81,40.03,39.57,39.85,11100
DWAT,20170324,10.62,10.62,10.61,10.61,1100
DWSN,20170324,5.45,5.53,5.38,5.47,32600
DXCM,20170324,78.82,84.31,78.77,82.62,1487700
DXGE,20170324,29.74,29.92,29.74,29.86,56000
DXJS,20170324,37.9,37.93,37.65,37.84,12800
DXLG,20170324,2.6,2.85,2.55,2.6,422000
DXPE,20170324,33.16,33.87,32.21,32.46,142900
DXYN,20170324,3.6,3.6,3.55,3.55,5400
DYNT,20170324,2.8,2.99,2.75,2.95,15500
DZSI,20170324,6.23,6.23,6.1,6.16,14600
EA,20170324,88.85,90.06,88.61,89.35,1878000
EBAY,20170324,33.66,33.67,33.22,33.4,4317700
EBIX,20170324,60.85,61.28,60.05,60.35,137500
EBMT,20170324,19.65,19.95,19.65,19.84,1700
EBSB,20170324,18.1,18.35,18.05,18.15,95400
EBTC,20170324,32.69,33.37,31.99,32.18,66900
ECHO,20170324,20.55,20.85,20.45,20.5,307800
ECOL,20170324,47,47.55,46.5,46.85,61900
ECPG,20170324,30.2,30.6,29.7,30.4,254200
EDAP,20170324,2.52,2.63,2.52,2.55,43600
EDIT,20170324,19.61,20.34,18.7,19.26,1241500
EDUC,20170324,4.25,4.325,4.235,4.325,3000
EEFT,20170324,83.62,83.83,83.16,83.54,226900
EEMA,20170324,60.57,60.65,60.48,60.65,27800
EFAS,20170324,16.28,16.28,16.28,16.28,0
EFOI,20170324,16.3,16.3,15.75,16.05,26900
EFSC,20170324,40.7,40.92,39.95,40.3,60100
EGAN,20170324,1.65,1.7,1.65,1.65,9300
EGBN,20170324,57.6,58.25,57.35,57.85,104400
EGLE,20170324,38.57,40.25,38.5,39.2,239200
EGRX,20170324,82.04,82.88,78.75,79.88,299500
EHTH,20170324,11.13,11.38,10.86,11.04,122200
EIGR,20170324,10.35,10.55,10.15,10.4,13500
EKSO,20170324,56.25,58.05,54.75,57.45,181500
ELSE,20170324,4.01,4.01,4.01,4.01,0
ELTK,20170324,0.74,0.78,0.73,0.78,13900
EMCB,20170324,71.2,71.59,71.14,71.35,25600
EMCF,20170324,28.13,28.13,28.13,28.13,0
EMIF,20170324,31.44,31.55,31.44,31.55,1400
EMKR,20170324,8.8,8.9,8.45,8.6,312000
EML,20170324,20.15,20.42,20,20.2,1500
ENDP,20170324,10.01,10.1,9.85,9.97,5900500
ENG,20170324,1.63,1.77,1.62,1.72,12800
ENPH,20170324,1.23,1.27,1.22,1.24,391800
ENSG,20170324,18.3,18.43,18.17,18.39,182300
ENTA,20170324,30.86,30.89,29.6,30.8,232200
ENTG,20170324,23,23.45,22.65,22.75,656800
ENZL,20170324,41.4,41.58,41.4,41.44,59700
EPAY,20170324,23.97,24.17,23.79,23.92,281900
EPIX,20170324,62.8,63.4,55.8,59,23400
EPZM,20170324,16.9,17.45,16.9,17.15,213400
EQBK,20170324,31.11,31.11,30.4,30.6,24000
EQIX,20170324,390.66,392.43,384.08,388.09,1714600
ERIC,20170324,6.53,6.6,6.52,6.55,2167300
ERIE,20170324,121.88,122.7,120.32,121.56,27200
ERII,20170324,7.48,7.7,7.47,7.59,277400
ESBK,20170324,21.5,21.5,21.35,21.5,1600
ESCA,20170324,12.85,12.9,12.6,12.75,11400
ESEA,20170324,11.04,11.44,10.96,11.2,183900
ESGD,20170324,59.95,60.09,59.93,60,8700
ESGE,20170324,31.02,31.12,31.02,31.085,5800
ESGR,20170324,188.4,188.5,185.43,186.05,27000
ESGU,20170324,51.79,51.79,51.79,51.79,0
ESLT,20170324,114.86,114.94,113.86,114.52,32000
ESPR,20170324,40.56,40.75,38.65,38.94,1606200
ESSA,20170324,15,15,14.49,14.56,21800
ESXB,20170324,8.05,8.2,7.95,8.1,22300
ETSY,20170324,9.9,10,9.82,9.88,822900
EUFN,20170324,20.27,20.3,20.18,20.29,940100
EVBG,20170324,19.5,20.22,18.87,20.05,198500
EVGBC,20170324,99.97,99.97,99.97,99.97,100
EVGN,20170324,5.19,5.22,5.14,5.21,4600
EVK,20170324,2.7,2.7,2.7,2.7,200
EVLMC,20170324,99.94,99.94,99.94,99.94,4600
EVLV,20170324,1.35,1.39,1.32,1.36,250700
EVOK,20170324,2.89,2.94,2.82,2.86,158800
EVOL,20170324,4.55,4.65,4.55,4.65,8100
EVSTC,20170324,99.97,99.97,99.97,99.97,5800
EWBC,20170324,50.82,51.13,49.92,50.48,804800
EWZS,20170324,13.46,13.52,13.4,13.46,31100
EXAS,20170324,20.44,21.33,20.32,21.08,2310500
EXEL,20170324,20.32,21.08,20.31,20.91,3344100
EXLS,20170324,46.36,46.67,46.08,46.31,189900
EXPD,20170324,56.02,56.33,55.62,55.82,774000
EXPE,20170324,127.41,128.54,126.46,127.76,1312000
EXPO,20170324,29.175,29.325,28.925,29.05,47300
EXTR,20170324,6.5,6.55,6.38,6.44,679900
EYEG,20170324,34.35,34.35,32.7,32.85,143300
EYES,20170324,9.68,10.24,9.36,9.92,519700
EZPW,20170324,8.1,8.2,7.95,7.95,319200
FAAR,20170324,29.03,29.03,28.92,29.03,1600
FAB,20170324,51.15,51.15,50.83,50.83,4400
FAD,20170324,55.37,55.62,55.36,55.36,3500
FALN,20170324,26.95,26.95,26.95,26.95,0
FANG,20170324,99.89,100.94,99.28,99.73,1228700
FANH,20170324,8.97,9.02,8.8,8.97,111700
FARM,20170324,33.65,33.9,33.35,33.75,50600
FARO,20170324,34.6,35.05,34.1,34.2,60500
FAST,20170324,25.575,25.72,25.245,25.38,1449500
FATE,20170324,4.52,4.8,4.52,4.77,237100
FB,20170324,140.08,141.02,139.76,140.34,16664600
FBIO,20170324,3.48,3.62,3.44,3.6,93300
FBIZ,20170324,24.65,25.14,24.5,24.79,12000
FBMS,20170324,28.55,28.55,27.45,28.25,10100
FBNC,20170324,28.81,29.14,28.81,28.96,61500
FBZ,20170324,15.42,15.6,15.42,15.6,17100
FCA,20170324,23.04,23.04,22.95,23.04,2000
FCAP,20170324,34.15,34.15,32.8,32.85,900
FCBC,20170324,24.6,24.85,24.36,24.64,66600
FCCO,20170324,22.35,22.65,21.6,22.5,3100
FCCY,20170324,18.45,18.65,18,18.35,30500
FCEF,20170324,20.63,20.63,20.6,20.6,1200
FCEL,20170324,16.2,16.8,16.2,16.2,450600
FCNCA,20170324,329.95,329.95,323.34,327.02,17400
FCVT,20170324,26.64,26.73,26.61,26.68,3300
FDIV,20170324,50.6,50.83,50.44,50.67,4900
FDT,20170324,51.84,52.12,51.84,51.96,85800
FDTS,20170324,35.93,35.93,35.93,35.93,0
FDUS,20170324,17.16,17.3,16.82,16.88,100800
FEIM,20170324,10.75,10.75,10.66,10.75,4300
FELE,20170324,41.15,41.6,40.95,41.2,133300
FEM,20170324,23.31,23.36,23.24,23.34,44300
FEMB,20170324,42.59,43.05,42.37,42.95,7500
FEMS,20170324,36.65,36.78,36.55,36.67,29900
FEP,20170324,31.81,31.93,31.8,31.87,32900
FEUZ,20170324,35.6,35.6,35.52,35.52,700
FEX,20170324,51.15,51.34,50.84,51.06,120800
FFBC,20170324,26.8,27.05,26.4,26.65,250100
FFHL,20170324,3.09,3.09,3.03,3.03,800
FFIC,20170324,26.18,26.37,25.91,26.02,34700
FFIN,20170324,19.625,20.35,19.3,19.475,371600
FFIV,20170324,146.96,148.19,145.57,146.57,389400
FFNW,20170324,18,18.12,17.8,17.85,24300
FFWM,20170324,15.26,15.32,14.9,15.26,66800
FGBI,20170324,23.97,24.18,23.96,24.18,1400
FGEN,20170324,25.2,25.85,24.7,24.8,298800
FGM,20170324,39.22,39.42,39.22,39.29,22500
FHB,20170324,29.46,30.06,29.41,29.66,359800
FIBK,20170324,38.95,39.7,38.65,39.15,189400
FINX,20170324,16.12,16.12,16.11,16.11,400
FISI,20170324,31.85,32.3,31.55,31.8,28900
FISV,20170324,58.05,58.27,57.745,57.97,710600
FITB,20170324,25.09,25.19,24.67,24.89,5978000
FITBI,20170324,28.9,29.04,28.75,28.94,15600
FIVE,20170324,42.56,43.84,42.19,42.62,2383700
FIVN,20170324,18.2,18.57,17.92,18.52,345300
FIXD,20170324,50.18,50.18,50.1,50.12,2200
FIZZ,20170324,80.04,80.63,78.77,80.29,244400
FJP,20170324,51.18,51.32,51.18,51.18,3600
FKU,20170324,34.68,34.68,34.63,34.63,600
FLDM,20170324,5.54,5.75,5.5,5.6,103600
FLEX,20170324,16.66,16.77,16.51,16.63,1637500
FLGT,20170324,11.08,11.1,10.94,11,15200
FLIC,20170324,26.5,26.7,26.2,26.35,27500
FLL,20170324,2.41,2.46,2.29,2.37,31700
FLN,20170324,20.9,21.01,20.83,20.91,79800
FLWS,20170324,10.35,10.35,9.98,10,72600
FLXN,20170324,26.35,27.5,25.38,27.27,1532700
FLXS,20170324,48,48.67,46.35,47.4,15200
FMB,20170324,51.6,51.73,51.49,51.67,89000
FMBH,20170324,32.44,32.5,31.79,31.92,9500
FMBI,20170324,23.04,23.25,22.74,22.97,780500
FMNB,20170324,13.35,13.5,13.13,13.3,31700
FNHC,20170324,17,17.11,16.75,16.76,37500
FNK,20170324,32.98,33.04,32.73,32.83,12600
FNLC,20170324,26.44,26.61,25.98,26.18,60500
FNWB,20170324,15.45,15.45,15.05,15.13,13000
FNX,20170324,57.56,57.81,57.18,57.47,18000
FNY,20170324,33,33.08,32.81,32.93,16400
FOLD,20170324,7.19,7.29,7.06,7.24,1589400
FONR,20170324,17.65,17.95,17.65,17.85,10900
FORD,20170324,1.13,1.13,1.11,1.12,6100
FORM,20170324,11.6,11.9,11.48,11.55,400800
FORR,20170324,38.75,39.11,38.75,39,45800
FORTY,20170324,41.93,41.93,41.93,41.93,0
FOSL,20170324,16.42,16.53,16.14,16.38,970000
FOX,20170324,30.84,31.18,30.64,30.88,2496200
FOXA,20170324,31.38,31.84,31.26,31.52,10347800
FOXF,20170324,27.6,28.5,27.5,28.5,1154400
FPA,20170324,30.97,31.16,30.97,31.08,45500
FPAY,20170324,4.7,4.7,4.7,4.7,0
FPXI,20170324,28.73,28.73,28.7,28.7,200
FRBA,20170324,10.95,11.75,10.88,11.55,55000
FRBK,20170324,7.9,8,7.82,7.95,182900
FRGI,20170324,22.45,22.85,22.25,22.6,392100
FRME,20170324,38.03,38.52,37.83,38.07,115200
FRPH,20170324,40.65,41.5,39.7,40.5,1700
FRPT,20170324,11,11.1,10.65,11,70000
FRSH,20170324,4.13,4.21,4,4.18,155600
FRTA,20170324,18.14,18.4,17.69,17.88,101000
FSBC,20170324,14.62,14.62,14.6,14.6,200
FSBW,20170324,36.05,36.1,36,36.1,2000
FSFG,20170324,48.4,49.4,48.4,49.15,3500
FSLR,20170324,28.65,28.85,28.11,28.31,3325900
FSTR,20170324,12.65,12.95,12.5,12.55,39000
FSV,20170324,59.08,59.31,58.87,59.07,24900
FSZ,20170324,44.69,44.88,44.67,44.84,4100
FTA,20170324,48.66,48.83,48.36,48.56,81700
FTAG,20170324,24.47,24.64,24.47,24.52,1200
FTC,20170324,52.35,52.53,52.08,52.33,44500
FTCS,20170324,43.67,43.7,43.36,43.51,25600
FTEK,20170324,1.04,1.1,1.02,1.08,14000
FTGC,20170324,20.18,20.18,20.11,20.15,10000
FTHI,20170324,21.07,21.22,21.06,21.12,64900
FTLB,20170324,20.87,20.87,20.87,20.87,300
FTNT,20170324,36.52,36.66,36.2,36.3,920700
FTRI,20170324,11.34,11.34,11.12,11.12,1000
FTSL,20170324,48.26,48.33,48.25,48.32,132100
FTSM,20170324,59.95,59.98,59.95,59.97,76900
FTXD,20170324,19.65,19.65,19.65,19.65,0
FTXG,20170324,20.69,20.71,20.56,20.65,2500
FTXH,20170324,19.81,19.81,19.8,19.8,400
FTXL,20170324,24.91,25,24.7,24.89,4200
FTXN,20170324,20.25,20.25,20.25,20.25,0
FTXO,20170324,25.71,25.78,25.35,25.6,31659200
FTXR,20170324,22.5,22.5,22.5,22.5,0
FULT,20170324,17.6,17.75,17.3,17.45,885700
FUNC,20170324,13.75,13.8,13.69,13.75,4000
FUND,20170324,7.38,7.38,7.29,7.35,16100
FUSB,20170324,11.91,12.72,11.63,11.93,14000
FV,20170324,23.83,23.98,23.76,23.84,471500
FVC,20170324,22.17,22.32,22.14,22.21,68900
FVE,20170324,2.1,2.15,2.05,2.1,116600
FWONA,20170324,32.02,32.42,31.87,32.05,174400
FWONK,20170324,33.98,34.03,33.19,33.71,342600
FWP,20170324,28,28.01,27.17,27.75,20000
FWRD,20170324,47.13,47.52,46.32,46.53,99700
FYC,20170324,35.71,35.77,35.5,35.57,7300
FYT,20170324,33.44,33.47,33.15,33.25,7000
FYX,20170324,53.23,53.43,52.78,53.09,21500
GABC,20170324,30.3333,30.4467,29.5867,29.7733,46700
GAIA,20170324,9.7,9.73,9.35,9.4,50100
GAIN,20170324,8.8,8.89,8.79,8.81,63800
GAINN,20170324,25.73,25.75,25.56,25.59,1000
GALT,20170324,2.14,2.35,2.13,2.2,917300
GASS,20170324,3.92,3.98,3.87,3.9,28300
GBCI,20170324,32.89,33.27,32.58,32.93,483100
GBDC,20170324,19.15,19.21,19.03,19.16,122300
GBLI,20170324,37.01,37.51,36.38,37,9700
GBT,20170324,38.5,39.7,38.45,39.15,506200
GCBC,20170324,23.06,23.25,22.6,23,3800
GDEN,20170324,13.05,13.29,12.99,13.05,74400
GDS,20170324,8.39,8.41,8.2,8.41,15400
GECC,20170324,10.77,10.89,10.77,10.89,1300
GENC,20170324,14,14.65,14,14.55,28200
GENE,20170324,4.6,5.2,4.6,4.68,1143100
GENY,20170324,26.9,26.9,26.9,26.9,0
GEOS,20170324,14.86,15.42,14.7,15.09,37900
GERN,20170324,2.11,2.15,2.09,2.12,938300
GEVO,20170324,21,23.6,20.6,22.6,2702100
GFED,20170324,20.25,20.26,20.25,20.25,600
GGAL,20170324,38,39.09,37.75,39.01,732300
GIFI,20170324,10.7,10.9,10.25,10.25,57000
GIGM,20170324,3.05,3.05,2.95,2.95,5100
GIII,20170324,22.9,23.28,22.41,22.92,1780700
GILD,20170324,67.57,67.87,67.2,67.51,6037700
GILT,20170324,5.25,5.25,5.22,5.23,1100
GLAD,20170324,8.98,9.07,8.94,9.03,84100
GLBL,20170324,4.88,4.9,4.85,4.85,777600
GLBS,20170324,4870,5280,4550,4590,808300
GLBZ,20170324,11.6,11.6,11.6,11.6,0
GLDD,20170324,4.1,4.38,4.05,4.3,321200
GLDI,20170324,9.4,9.47,9.4,9.47,15600
GLMD,20170324,4.55,4.64,4.4,4.47,17900
GLNG,20170324,27.23,27.68,27.12,27.26,481100
GLPG,20170324,81.87,82.55,81.54,82.37,53000
GLPI,20170324,32.18,32.42,32.05,32.32,1099000
GLRE,20170324,21.9,22,21.5,21.55,81900
GLYC,20170324,5.58,5.71,5.34,5.56,35300
GNCA,20170324,45.52,45.6,43.2,44.72,164900
GNMA,20170324,49.61,49.71,49.52,49.57,27500
GNTX,20170324,21.03,21.25,20.85,20.97,2171600
GNUS,20170324,3.85,4.03,3.84,3.91,3200
GOGL,20170324,7.54,7.69,7.5,7.62,306600
GOGO,20170324,11.13,11.14,10.8,10.8,1262500
GOOD,20170324,19.79,20.01,19.77,19.88,87900
GOODO,20170324,25.37,25.37,25.3,25.3,800
GOOG,20170324,820.08,821.93,808.89,814.43,1981000
GOOGL,20170324,842,844,829.1,835.14,2105600
GPAC,20170324,10,10.07,10,10.02,3600
GPACW,20170324,0.4,0.4,0.4,0.4,0
GPP,20170324,19.65,19.95,19.6,19.9,52700
GPRE,20170324,22.9,23.2,22.7,22.85,336900
GPRO,20170324,8.43,8.43,8.26,8.3,1620200
GRBK,20170324,9.85,10,9.8,9.8,50000
GRFS,20170324,18.1,18.22,17.99,18.04,620200
GRID,20170324,40.51,41.12,40.51,40.91,900
GRMN,20170324,51.51,51.75,50.91,51.1,690700
GROW,20170324,1.65,1.67,1.59,1.59,13600
GRPN,20170324,78,81,78,79.8,5535700
GRVY,20170324,9.43,9.545,9.4,9.5,15800
GSBC,20170324,49.1,49.5,48.85,49.25,24000
GSIT,20170324,8.76,8.89,8.51,8.58,165200
GSM,20170324,9.91,10.07,9.8,9.82,526700
GT,20170324,36.03,36.37,35.83,35.94,1914100
GTIM,20170324,3.15,3.15,3,3.1,7300
GTYH,20170324,9.92,9.92,9.92,9.92,0
GURE,20170324,9.25,9.35,8.85,9.1,187900
GWGH,20170324,10.12,10.39,10.12,10.37,3000
GWRS,20170324,8.75,8.82,8.65,8.71,13800
GYRO,20170324,20,20,20,20,200
HA,20170324,47.65,48.85,47.6,48.45,505600
HAFC,20170324,29.25,29.5,29.1,29.45,124200
HAIN,20170324,37.33,37.34,36.9,37,481800
HALL,20170324,11.02,11.23,10.77,10.83,16100
HALO,20170324,13.52,13.66,13.3,13.53,661900
HAS,20170324,100.01,100.46,99.72,99.97,887400
HAYN,20170324,35.96,36.68,35.75,36.01,93900
HBAN,20170324,13.13,13.17,12.98,13.11,13203700
HBANN,20170324,25.19,25.37,25.14,25.21,1900
HBANP,20170324,1373.75,1378.75,1373.75,1378.25,100
HBCP,20170324,33.62,34,33.42,33.44,5400
HBIO,20170324,2.6,2.6,2.5,2.6,157800
HBMD,20170324,17.8,17.8,17.56,17.8,1600
HBNC,20170324,16.8133,17.0533,16.6267,16.74,34600
HBP,20170324,7.76,8.25,7.76,8.2,95300
HCCI,20170324,13.95,13.95,13.15,13.45,29800
HCKT,20170324,19.09,19.17,18.82,18.85,103800
HCM,20170324,18.94,19.17,18.8,19.01,40400
HCSG,20170324,42.2,42.68,42.2,42.4,296800
HDSN,20170324,6.73,6.75,6.47,6.58,416500
HEAR,20170324,3.92,4,3.84,3.92,283300
HEES,20170324,24.42,24.52,23.57,23.75,122400
HELE,20170324,93.7,94.42,93.55,93.95,118700
HFBL,20170324,28.95,28.95,28.95,28.95,300
HFWA,20170324,23.4,23.4,23,23.25,67500
HGSH,20170324,3.24,3.24,3.24,3.24,2000
HIBB,20170324,28.65,28.75,27.95,28.05,490000
HIFS,20170324,172.01,175.43,172,173.59,900
HIHO,20170324,4.05,4.05,4,4.05,4600
HIMX,20170324,9.19,9.68,9.17,9.28,5841900
HLG,20170324,8.85,8.85,8.85,8.85,0
HLIT,20170324,5.8,6.03,5.8,5.9,1008900
HLNE,20170324,19,19.19,18.98,19.03,104900
HMHC,20170324,9.55,9.75,9.45,9.45,441800
HMNF,20170324,17.85,18.23,17.85,18.23,700
HMST,20170324,25.9,26.3,25.8,26,283100
HMTV,20170324,11.05,11.15,10.95,11.1,81100
HNNA,20170324,16.42,16.78,16.19,16.41,16400
HNRG,20170324,7.74,7.8,7.62,7.66,49000
HOFT,20170324,30.05,30.88,30.05,30.65,53700
HOLI,20170324,16.94,17.06,16.7,16.8,228300
HOLX,20170324,42.28,42.55,42.12,42.29,1827600
HOMB,20170324,26.61,26.92,26.34,26.65,451900
HONE,20170324,10.3517,10.3573,10.1957,10.2793,13500
HOPE,20170324,18.9,19.15,18.55,18.74,372400
HOVNP,20170324,7.15,7.15,7.15,7.15,0
HQY,20170324,41.95,43.32,40.01,40.4,1197800
HRTX,20170324,14.4,14.85,14.35,14.75,405300
HRZN,20170324,10.8,10.89,10.79,10.85,44900
HSIC,20170324,171.77,172.61,170.77,171.25,275500
HSII,20170324,25.85,26.05,25.35,25.5,70200
HSKA,20170324,98.99,99.75,97.96,98.72,47400
HSON,20170324,11.4,11.7,11.4,11.6,22200
HSTM,20170324,22.54,22.8,22.47,22.73,96400
HTBI,20170324,22.75,22.85,22.2,22.35,22300
HTBK,20170324,13.5,13.62,13.37,13.45,40100
HTBX,20170324,8.8,8.8,8.5,8.7,905300
HTGM,20170324,6.44,13.25,5.97,9.65,53729300
HTHT,20170324,15.6725,16.08,15.5825,16.01,102600
HTLD,20170324,20.01,20.17,19.75,19.92,459500
HTLF,20170324,47.8,48,47.05,47.5,50500
HUBG,20170324,46.2,46.6,45.63,45.75,188900
HURC,20170324,29.91,29.91,29.1,29.2,5600
HURN,20170324,40.65,41.95,40.65,41.55,238000
HVBC,20170324,14.02,14.02,14.02,14.02,0
HWBK,20170324,22.15,22.15,22,22,2900
HWKN,20170324,48.25,48.65,47.45,47.85,24800
HYLS,20170324,48.31,48.41,48.27,48.38,70900
HYZD,20170324,23.86,23.95,23.85,23.89,20800
HZNP,20170324,14.51,14.68,14.25,14.37,2189700
IAC,20170324,72.46,72.95,72.33,72.74,344600
IART,20170324,42.47,43.05,42.4,42.74,546800
IBB,20170324,288.8,291.19,288.44,290.06,1126100
IBCP,20170324,19.95,20.25,19.83,20,50400
IBKR,20170324,35.06,35.28,34.62,34.69,587000
IBOC,20170324,35.3,35.4,34.42,34.6,269100
IBTX,20170324,60.01,62.5,60.01,62.15,103200
ICAD,20170324,4.42,4.57,4.26,4.37,69600
ICBK,20170324,34.4,34.4,27.93,28.44,7100
ICCC,20170324,5.66,5.66,5.66,5.66,400
ICFI,20170324,41,41.3,40.9,40.95,85100
ICHR,20170324,18.12,18.51,18.1,18.22,59300
ICLN,20170324,8.46,8.54,8.45,8.5,14500
ICLR,20170324,77.75,79.46,77.74,78.94,478400
ICPT,20170324,116.18,117.93,115.35,116.73,305000
ICUI,20170324,155.55,159.95,154.45,155.65,83500
IDCC,20170324,85.65,86.75,84.65,85.1,186700
IDLB,20170324,26.27,26.32,26.14,26.29,11100
IDRA,20170324,19.28,20.08,19.28,19.84,3170900
IDXX,20170324,153.22,154.57,152.87,153.74,538400
IEP,20170324,51.29,51.58,50.83,51.33,43700
IESC,20170324,18.25,18.4,17.35,17.85,117000
IEUS,20170324,47.55,47.55,47.37,47.51,6300
IFGL,20170324,27.52,27.53,27.46,27.48,100200
IFMK,20170324,16.31,18.24,16.1,16.68,61900
IFV,20170324,19.05,19.2,18.98,19.13,112700
IGF,20170324,41.87,42.14,41.87,42.03,125000
IGOV,20170324,91.76,91.9,91.66,91.84,63500
III,20170324,3.11,3.11,3,3.09,244000
IIN,20170324,8.2,8.51,8.15,8.4,69500
IIVI,20170324,37.15,38.15,37.15,38,931000
IKNX,20170324,9.81,9.81,9.81,9.81,0
ILMN,20170324,168.94,171.98,167.82,170.58,874000
IMGN,20170324,3.67,3.68,3.52,3.61,1266900
IMKTA,20170324,43.6,44,42.95,43.15,15600
IMMR,20170324,8.29,8.59,8.24,8.33,121700
IMOS,20170324,16.9,17.04,16.84,16.94,291300
INBK,20170324,30.1,30.15,29.25,29.45,12700
INCR,20170324,44,44.4,43.6,44.15,440100
INCY,20170324,138.97,140.57,138.01,139.64,1547500
INDB,20170324,61,61.5,59.85,60.35,153600
INDY,20170324,31.78,31.87,31.76,31.84,69300
INFI,20170324,3.24,3.4,3.2,3.3,687900
INFN,20170324,10.9,11.05,10.71,10.85,1951900
INFR,20170324,26.94,26.94,26.92,26.92,300
INGN,20170324,75.26,77.34,75.26,76.91,193500
INO,20170324,5.96,6.07,5.92,6.05,631400
INOD,20170324,2.1,2.1,2.05,2.1,1600
INOV,20170324,11.7,12,11.6,11.75,782500
INPX,20170324,136080,156060,133920,156060,20400
INSE,20170324,10.7,10.9,10.1,10.75,10900
INSG,20170324,2.18,2.2,2.16,2.19,122100
INSM,20170324,15.71,15.9,15.52,15.81,309000
INTC,20170324,35.65,35.73,35.12,35.16,22187900
INTG,20170324,26.22,26.22,26.22,26.22,400
INTU,20170324,120.43,120.64,119.1,119.72,1890100
INVA,20170324,12.97,13.07,12.72,12.85,1347700
INVE,20170324,6.72,7.18,6.72,6.88,82600
IONS,20170324,38.11,39.3,38.03,38.98,1502100
IOSP,20170324,62.2,62.4,61.75,61.9,105500
IPAR,20170324,37,37.25,36.75,36.9,96300
IPDN,20170324,9.04,9.41,8.6,9.33,80600
IPGP,20170324,119.28,120.93,118.12,119.03,184600
IPKW,20170324,30.65,30.65,30.44,30.45,27400
IPWR,20170324,33,35.1,33,34.2,24900
IRBT,20170324,61.5,62.54,61.5,62.49,625400
IRCP,20170324,43.9,43.9,43.9,43.9,200
IRDM,20170324,9,9,8.77,8.9,813200
IRIX,20170324,13,13.07,12.62,13,28000
IRMD,20170324,8.58,8.9,8.56,8.6,25900
IROQ,20170324,19.8,19.8,19.8,19.8,0
IRTC,20170324,35,37.52,34.58,35.36,120800
IRWD,20170324,17.21,17.42,16.97,17.14,1051500
ISBC,20170324,13.87,13.94,13.75,13.82,1710100
ISHG,20170324,79.11,79.28,79.06,79.06,3400
ISIG,20170324,1.41,1.48,1.4,1.48,5300
ISLE,20170324,25.4,25.56,25.22,25.45,97400
ISRG,20170324,749.77,761.51,747.67,758,445300
ISSC,20170324,3.06,3.06,2.96,3.03,17300
ISTR,20170324,22.05,22.05,21.75,22.05,12400
ITCI,20170324,14.89,14.93,14.49,14.76,217000
ITI,20170324,5.03,5.18,4.97,5.12,50600
ITIC,20170324,133.65,155.8,133.65,147.82,19000
ITRI,20170324,62.6,63.2,62.25,62.95,240500
ITRN,20170324,29.4,29.8,29.35,29.6,44200
IVAC,20170324,11.7,12.4,11.7,12.1,247000
IXUS,20170324,54.83,54.97,54.8,54.9,328100
IZEA,20170324,3.25,3.48,3.17,3.21,31800
JACK,20170324,99.85,100.4,99.39,100.18,443200
JAGX,20170324,1102.5,1176,1018.5,1050,446600
JAKK,20170324,54,55,54,54,177300
JAZZ,20170324,142.45,144.59,141.63,143.14,601900
JBHT,20170324,91.16,91.75,89.92,90.27,918400
JBLU,20170324,19.96,20.17,19.9,19.94,4220600
JBSS,20170324,68.71,69.84,67.61,69.59,1445300
JCS,20170324,4.38,4.47,4.32,4.32,19700
JCTCF,20170324,6.28,6.28,6.28,6.28,0
JD,20170324,31.42,31.84,31.1,31.26,5826800
JJSF,20170324,136.83,137.37,135.35,136.31,63300
JKHY,20170324,93.76,93.92,93.06,93.33,154100
JNCE,20170324,24.43,26.75,24.01,25.58,95200
JOBS,20170324,37.22,37.5,36.84,36.88,282700
JOUT,20170324,35.95,36.47,35.73,36,25300
JRJC,20170324,30.4,31.4,30.2,30.6,25400
JRVR,20170324,39.91,40.59,39.88,40.42,92800
JSM,20170324,22.6,22.86,22.6,22.75,12400
JSMD,20170324,32.03,32.03,32.03,32.03,400
JSML,20170324,30.45,30.45,30.45,30.45,0
JVA,20170324,4.63,4.79,4.52,4.63,53200
JYNT,20170324,3.54,3.63,3.31,3.37,90000
KALU,20170324,81.35,82.09,79.73,79.83,159600
KALV,20170324,7.88,7.88,7.48,7.53,11800
KBAL,20170324,16.59,16.64,16.35,16.42,94100
KBSF,20170324,4.81,5.23,4.81,5.05,12100
KBWB,20170324,46.97,47.13,46.4,46.79,173700
KBWD,20170324,23.5,23.64,23.39,23.49,62000
KBWP,20170324,56.68,57,56.37,56.59,9800
KBWR,20170324,52.03,52.53,51.72,52.17,159900
KBWY,20170324,36.46,36.72,36.46,36.52,32300
KE,20170324,16.05,16.2,15.95,16.05,50000
KELYA,20170324,21.59,21.69,21.08,21.11,103500
KEQU,20170324,23.05,23.2,23.05,23.2,1400
KFFB,20170324,9.65,9.65,9.65,9.65,0
KFRC,20170324,23.45,23.85,23.3,23.6,109500
KHC,20170324,92.24,92.4,91.32,91.68,1703700
KINS,20170324,15.45,15.45,15.15,15.15,29000
KIRK,20170324,12.04,12.05,11.79,11.87,209300
KLAC,20170324,96.05,96.91,95.3,95.72,514600
KLIC,20170324,20.29,20.5,20.15,20.28,373800
KMDA,20170324,6.85,6.9,6.8,6.9,3000
KMPH,20170324,4.25,4.25,4.2,4.2,13500
KNDI,20170324,3.75,3.85,3.75,3.85,252700
KNSL,20170324,32.13,33.16,31.99,32.6,45300
KOPN,20170324,4.03,4.08,3.93,3.99,267000
KOSS,20170324,2.16,2.23,2.12,2.12,33500
KPTI,20170324,10.39,10.54,10.33,10.48,312300
KRMA,20170324,16.82,16.82,16.8,16.8,700
KRNT,20170324,18,18.45,17.85,18,263100
KRNY,20170324,14.9,15.05,14.82,14.95,229600
KTCC,20170324,7.26,7.26,7.15,7.21,4300
KTOS,20170324,8.15,8.22,7.94,8.01,1299900
KURA,20170324,8.45,8.7,8.45,8.6,37800
KVHI,20170324,8.2,8.2,7.95,8.1,68700
LAKE,20170324,10.05,10.25,9.9,10,7700
LAMR,20170324,76.57,77.02,75.5,75.59,513000
LANC,20170324,129.54,130.72,128.84,129.24,40200
LAND,20170324,11.26,11.26,11.1,11.12,23900
LARK,20170324,29.83,30.05,29.8,30.05,600
LAUR,20170324,13.64,13.89,13.23,13.34,472400
LAWS,20170324,22.75,23.25,22.4,22.65,40300
LBAI,20170324,18.8,19.05,18.7,18.8,126300
LBRDA,20170324,84.49,85.18,84.2,84.6,115800
LBRDK,20170324,85.11,86.2,85.11,85.6,311900
LBTYA,20170324,35.16,35.69,35.04,35.13,2735200
LBTYB,20170324,37.4,37.4,37.4,37.4,0
LBTYK,20170324,34.71,34.95,34.3,34.44,3352100
LCA,20170324,9.95,9.95,9.95,9.95,0
LCAHU,20170324,10.68,10.68,10.68,10.68,100
LCAHW,20170324,0.72,0.72,0.72,0.72,0
LCNB,20170324,22.3,22.8,22.15,22.55,37100
LCUT,20170324,19.65,19.95,19.65,19.9,93400
LE,20170324,19.3,19.8,19.3,19.4,64000
LECO,20170324,85.62,86.66,85.1,85.56,344500
LEDS,20170324,3,3.08,3,3.02,11700
LFUS,20170324,157.37,159.8,157.31,158.07,100400
LFVN,20170324,4.87,4.94,4.77,4.87,45300
LGIH,20170324,31.97,32.31,31.68,31.91,143800
LGND,20170324,103.88,105.56,103.06,104.78,359600
LHCG,20170324,51.06,51.76,51.01,51.61,94700
LIFE,20170324,48.58,49.7,47.88,49.7,26600
LILA,20170324,21.51,21.81,21.2,21.44,437200
LILAK,20170324,22.45,22.58,22.12,22.25,765600
LINC,20170324,2.87,3.11,2.7,2.92,228200
LIND,20170324,8.99,9,8.94,8.94,42800
LINK,20170324,9.02,9.02,9.02,9.02,0
LITE,20170324,52.05,54.05,52.01,53.5,2026500
LIVE,20170324,14.53,14.6,14.12,14.6,13300
LIVN,20170324,49.23,50.51,49.23,50.42,242400
LJPC,20170324,35,35.37,34.23,34.92,551000
LKFN,20170324,42.25,42.63,41.76,41.96,83200
LKQ,20170324,29.54,29.7,29.26,29.39,1853800
LLNW,20170324,2.44,2.54,2.42,2.45,236100
LMAT,20170324,24.06,24.28,22.95,23.95,66700
LMB,20170324,13.88,13.97,13.87,13.87,3800
LMBS,20170324,52.03,52.11,52.01,52.08,218900
LMFA,20170324,41.4,41.4,41.4,41.4,500
LMNR,20170324,19.19,19.81,18.92,19.25,38600
LMRK,20170324,14.8,15.2,14.8,15.05,59900
LMRKO,20170324,24.71,25.2,24.71,25.2,15700
LMRKP,20170324,25.49,25.49,25.2,25.45,1800
LNDC,20170324,11.95,11.95,11.35,11.55,60200
LNTH,20170324,11.85,12.2,11.7,11.9,238100
LOAN,20170324,6,6,5.75,5.75,16100
LOB,20170324,20.8,20.9,20.65,20.8,67200
LOCO,20170324,11.65,11.7,11.4,11.65,278400
LOGI,20170324,31.69,31.9,31.57,31.69,205400
LOPE,20170324,69.17,69.37,68.45,68.73,179800
LORL,20170324,39.35,39.45,39,39.35,36900
LPCN,20170324,4.21,4.21,3.95,4.01,128600
LPLA,20170324,39.59,40.27,39.18,39.4,570800
LPSN,20170324,6.65,6.95,6.6,6.75,335200
LPTH,20170324,2.3,2.33,2.28,2.32,149300
LPTX,20170324,8.05,8.9,7.97,8.26,49900
LQDT,20170324,7.65,7.8,7.55,7.65,73200
LRCX,20170324,127.16,129.35,126.72,127.47,1998300
LSBK,20170324,15.85,15.85,15.85,15.85,0
LSCC,20170324,7.09,7.55,7.02,7.04,1313500
LSTR,20170324,83.9,87.3,83.1,83.6,253200
LSXMA,20170324,38.82,38.99,38.16,38.33,156400
LSXMB,20170324,40.67,40.67,40.67,40.67,0
LSXMK,20170324,38.68,38.85,37.98,38.18,267500
LTBR,20170324,11.88,12.24,11.4,12.12,265000
LTRPA,20170324,13.85,14.25,13.8,13.9,1331700
LTRPB,20170324,13.7,13.9,13.7,13.85,6000
LTRX,20170324,2.83,3.06,2.81,2.95,265300
LULU,20170324,63.01,63.86,62.52,63.69,1425700
LUNA,20170324,1.7,1.71,1.69,1.7,13900
LVHD,20170324,29.94,29.97,29.79,29.85,31900
LWAY,20170324,11.1,11.2,10.87,11.08,9700
LXRX,20170324,14.25,14.51,14.13,14.2,889000
LYTS,20170324,9.66,9.94,9.6,9.71,32400
MACK,20170324,3.03,3.06,2.96,3.01,2217100
MACQ,20170324,10.07,10.07,10.07,10.07,0
MACQU,20170324,10.22,10.22,10.22,10.22,1300
MACQW,20170324,0.35,0.35,0.35,0.35,0
MANH,20170324,49.24,49.71,49.15,49.62,416900
MANT,20170324,35.41,36.01,34.78,34.9,288000
MAR,20170324,93.5,93.86,93.25,93.5,2274800
MARA,20170324,3,3.4,3,3.4,525800
MARK,20170324,2.92,3.02,2.92,3,23500
MARPS,20170324,4.25,4.25,4.25,4.25,100
MASI,20170324,93.26,94,93.01,93.22,705400
MAT,20170324,25.11,25.26,24.96,25.16,2947200
MATW,20170324,66.4,66.4,65.1,65.45,79600
MAYS,20170324,39.65,39.65,39.65,39.65,0
MBCN,20170324,21.95,21.95,21.95,21.95,0
MBII,20170324,2.01,2.01,1.99,2,15200
MBOT,20170324,92.7,94.5,90.9,92.85,26500
MBRX,20170324,1.12,1.16,1.07,1.13,1294600
MBUU,20170324,21.24,22.2,21.21,21.58,227200
MBWM,20170324,34.38,34.44,32.94,33.87,63200
MCBC,20170324,9.64,9.8,9.61,9.69,23900
MCEF,20170324,18.37,18.37,18.37,18.37,1200
MCFT,20170324,15.56,15.78,15.55,15.66,82400
MCHI,20170324,50.43,50.67,50.38,50.58,1198700
MCHP,20170324,73.59,74.13,72.95,73.15,2015600
MCHX,20170324,2.68,2.69,2.62,2.66,112900
MCRB,20170324,10.81,11,10.63,10.83,118900
MCRI,20170324,29.25,29.44,28.77,28.85,22400
MDGL,20170324,15.01,15.23,15,15.22,5400
MDGS,20170324,13,13.4,12.6,13.4,511800
MDIV,20170324,19.3,19.36,19.25,19.29,114400
MDLZ,20170324,44.11,44.11,43.6,43.8,5982600
MDRX,20170324,12.03,12.04,11.71,11.98,1795100
MDWD,20170324,6.5,6.5,6.3,6.4,24300
MDXG,20170324,8.92,9.12,8.92,9.1,547900
MEDP,20170324,27.2,27.38,26.66,26.91,226300
MEIP,20170324,1.55,1.61,1.53,1.54,166400
MELI,20170324,208.18,213.09,208.18,210.86,405700
MEOH,20170324,44.75,45.55,44.35,44.5,1166700
MERC,20170324,11.55,11.77,11.45,11.7,149800
MESO,20170324,9.29,9.29,8.93,9.1,19100
METC,20170324,8.81,8.92,8.56,8.75,96400
MFIN,20170324,2.21,2.45,2.18,2.22,206800
MGEE,20170324,62.85,63.45,62.8,62.9,48000
MGI,20170324,16.68,16.72,16.59,16.66,461500
MGIC,20170324,7.95,8.1,7.95,8.05,28100
MGLN,20170324,64.75,67.24,64.75,65.65,110500
MGNX,20170324,17.97,18.33,17.62,17.93,129400
MGPI,20170324,53.76,54.27,53.21,53.95,132100
MGRC,20170324,32.87,33.2,32.49,32.65,41500
MGYR,20170324,12.89,13,12.89,13,2200
MHLD,20170324,13.8,14.4,13.45,13.65,473800
MICT,20170324,1.26,1.34,1.21,1.28,21300
MIDD,20170324,136.2,137.66,135.23,136.33,260000
MILN,20170324,16.48,16.48,16.4,16.4,2000
MIME,20170324,20.81,21.82,20.81,21.51,636900
MIND,20170324,4.38,4.38,4.34,4.34,2200
MINDP,20170324,23.4,23.4,23.4,23.4,0
MITK,20170324,6.3,6.65,6.25,6.5,598300
MKSI,20170324,68.45,68.85,67.2,67.75,350500
MKTX,20170324,187.02,189.28,186.65,187.7,77300
MLAB,20170324,119.15,120.94,119.15,120.01,11200
MLHR,20170324,31.8,32.3,31.3,31.4,526900
MLVF,20170324,21.5,21.5,21.5,21.5,0
MMLP,20170324,19,19.1,18.7,18.7,189400
MMSI,20170324,28.45,28.95,28.3,28.73,684700
MMYT,20170324,36.6,36.95,35.7,36.6,352000
MNDO,20170324,2.43,2.57,2.43,2.45,81200
MNKD,20170324,1.97,1.97,1.87,1.89,1024000
MNOV,20170324,5.83,5.89,5.83,5.87,20600
MNRO,20170324,52.25,52.4,51.8,52.15,253900
MNST,20170324,46.65,47.11,46.46,46.94,1963700
MNTX,20170324,7.57,7.73,6.98,7.01,142000
MOFG,20170324,34.08,34.24,33.95,34.08,31300
MOMO,20170324,33.54,34.16,33.02,33.33,2737200
MORN,20170324,78.53,78.96,77.77,78.09,32900
MOSY,20170324,47.6,48,46.4,46.8,28800
MOXC,20170324,15.25,15.5,15.25,15.25,2300
MPAA,20170324,28.46,28.49,27.84,28.01,59000
MPACU,20170324,10.04,10.05,10.04,10.05,4900
MPB,20170324,27.1,27.1,26.35,26.35,300
MPWR,20170324,91.88,92.95,91.07,91.43,222500
MRAM,20170324,7.87,7.96,7.59,7.88,15800
MRCC,20170324,15.5,15.56,15.25,15.34,64400
MRCY,20170324,39.09,39.49,38.45,38.61,366400
MRLN,20170324,25.05,25.55,24.9,25.55,18600
MRNS,20170324,6,6.12,5.92,6.08,169500
MRTN,20170324,15.9667,16.0667,15.8,15.9667,122200
MRTX,20170324,5.15,5.32,5.05,5.15,77600
MRUS,20170324,25.48,25.48,24.54,24.59,31000
MRVL,20170324,16.06,16.11,15.85,15.9,6088500
MSBI,20170324,33.22,33.78,33.1,33.22,50300
MSEX,20170324,36.35,36.63,35.82,36.3,24800
MSFT,20170324,65.12,65.45,64.76,64.98,22617100
MSON,20170324,11.75,11.79,11.75,11.79,300
MSTR,20170324,186.8,187.14,184.59,186.14,32100
MTBC,20170324,0.66,0.66,0.66,0.66,2400
MTBCP,20170324,25.5,25.5,25.42,25.42,600
MTCH,20170324,15.95,16.15,15.86,15.88,504300
MTEX,20170324,15.8,16.4,15.8,16,15400
MTLS,20170324,8.95,9.15,8.95,9.09,32900
MTP,20170324,143,147.5,124,140,11000
MTRX,20170324,15.65,15.85,15.4,15.65,182300
MTSI,20170324,44.78,45.35,44.54,44.97,182400
MU,20170324,29.71,29.87,28.16,28.43,107481700
MVIS,20170324,2.25,2.62,2.24,2.53,2148900
MYGN,20170324,19.22,19.49,19.07,19.38,920600
MYRG,20170324,39.61,39.61,38.25,38.7,90200
MYSZ,20170324,2.1,2.28,1.95,2.14,28800
NAII,20170324,8.7,8.9,8.7,8.7,8000
NAKD,20170324,1140,1235,1120,1150,743500
NATH,20170324,61.15,61.45,60.55,60.65,3800
NATI,20170324,32.21,32.47,31.92,32.03,302900
NATR,20170324,9.5,9.5,8.8,9.15,44400
NAVI,20170324,14.02,14.11,13.87,13.99,1768100
NBEV,20170324,4.12,4.45,4.1,4.2,185700
NBIX,20170324,41.65,42.26,41.38,41.98,462600
NBN,20170324,15.05,15.2,14.8,14.95,9300
NBRV,20170324,11.11,11.11,10.8,10.8,400
NBTB,20170324,37.54,37.83,37.11,37.34,214400
NCBS,20170324,47.28,48.36,47.23,47.28,4400
NCMI,20170324,12.43,12.64,12.41,12.54,292200
NCTY,20170324,30.6,31.5,30.6,31.5,23700
NDAQ,20170324,69.92,70.54,69.68,69.85,844700
NDLS,20170324,4.45,4.55,4.4,4.5,83600
NDSN,20170324,123.31,124.43,121.98,122.35,299100
NEO,20170324,7.6,7.71,7.5,7.65,254100
NEOG,20170324,48.3,48.3,47.3775,47.9625,143100
NEON,20170324,15.3,16,15.3,15.7,407200
NEPT,20170324,1.06,1.06,1.01,1.04,31900
NERV,20170324,7.75,7.82,7.5,7.6,50600
NETE,20170324,0.89,0.94,0.88,0.92,251300
NEWT,20170324,16.32,16.8,16.32,16.65,131600
NEWTL,20170324,25.36,25.36,25.36,25.36,500
NEWTZ,20170324,26.73,26.73,26.73,26.73,0
NFBK,20170324,17.76,17.96,17.7,17.82,85900
NFLX,20170324,142.36,142.8,141.58,142.02,3546500
NH,20170324,4.76,4.93,4.65,4.75,144000
NHTC,20170324,27.87,28.37,27.47,27.85,52500
NICE,20170324,67.11,67.74,66.99,67.13,80000
NICK,20170324,10.37,10.47,10.13,10.45,42400
NKSH,20170324,37.65,37.7,37.65,37.7,1400
NKTR,20170324,22.51,22.85,22.16,22.42,2214300
NMIH,20170324,11.1,11.13,10.95,11.05,212400
NNBR,20170324,24.2,24.5,24.05,24.2,132800
NNDM,20170324,70,70,66,67.2,8700
NODK,20170324,14.33,14.55,14.32,14.41,113600
NOVN,20170324,6.35,6.35,5.9,6.03,56300
NOVT,20170324,27.15,27.25,26.7,26.8,99700
NRIM,20170324,29.05,29.3,28.95,29.2,11200
NSEC,20170324,16.4,16.56,16.01,16.01,1700
NSIT,20170324,41.53,42.28,41.02,41.2,131600
NSSC,20170324,10.2,10.5,10.15,10.35,14800
NSTG,20170324,19.17,19.51,19.1,19.36,83700
NSYS,20170324,3.56,3.9,3.55,3.65,15300
NTAP,20170324,41.25,41.6,40.7,40.88,2686500
NTCT,20170324,37.65,38.3,37.25,37.25,826100
NTES,20170324,57.416,58.176,57.194,57.796,878600
NTGR,20170324,51.55,52.05,50.85,51.45,190700
NTIC,20170324,8.6,8.875,8.35,8.35,2600
NTLA,20170324,13.24,13.44,12.93,13.07,102100
NTNX,20170324,19.37,19.9,19.14,19.5,343900
NTRA,20170324,8.76,8.96,8.62,8.7,263000
NTRS,20170324,86.76,87.61,85.09,85.75,1297000
NTWK,20170324,5,5.1,5,5.1,21900
NUAN,20170324,16.47,16.71,16.47,16.68,1793500
NURO,20170324,4.72,5.12,4.72,5.12,15400
NUVA,20170324,74.36,75.2,74.08,74.85,411800
NVAX,20170324,25.6,25.8,25,25.2,2136100
NVCN,20170324,1890,2040,1500,1520,5215500
NVCR,20170324,6.95,7.1,6.9,7.05,132400
NVDA,20170324,27.2425,27.3225,26.605,26.8675,10987500
NVEC,20170324,81.06,82.5,80.5,80.99,40700
NVEE,20170324,37.5,38.65,36.75,37.55,81100
NVFY,20170324,8.05,8.75,8.05,8.75,76900
NVIV,20170324,3037.5,3150,3000,3000,101600
NVMI,20170324,16.92,17.01,16.68,16.81,64000
NWBI,20170324,16.8,16.91,16.56,16.66,841500
NWFL,20170324,38.01,38.05,38.01,38.05,500
NWLI,20170324,300.24,304.6,296.6,297.3,4600
NWPX,20170324,15.43,15.78,15.19,15.31,32400
NWS,20170324,13,13.07,12.88,12.95,512800
NWSA,20170324,12.58,12.65,12.5,12.55,1180200
NXPI,20170324,102.81,103.16,102.6,102.99,2153500
NXST,20170324,69.8,71.05,69.35,69.8,455400
NXTD,20170324,1.66,1.74,1.66,1.72,36700
NYMT,20170324,6.21,6.23,6.11,6.12,1627900
NYMTP,20170324,24.2,24.23,24.2,24.23,2500
NYMX,20170324,3.22,3.27,3.18,3.21,33400
OBAS,20170324,8.3,8.3,8.3,8.3,100
OBCI,20170324,4.36,4.55,4.32,4.51,8400
OBSV,20170324,11.84,11.84,11.2,11.2,9800
OCC,20170324,2.9,2.95,2.86,2.9,2500
OCFC,20170324,27.87,28.26,27.72,27.86,135000
OCUL,20170324,9.22,9.58,9.15,9.27,743900
ODFL,20170324,85.34,85.85,83.99,84.73,318300
ODP,20170324,44.9,46.1,44.9,45.3,3665900
OESX,20170324,1.85,1.92,1.85,1.89,52000
OFED,20170324,25,25.02,25,25,700
OFIX,20170324,39.17,39.74,38.88,39.69,232300
OFLX,20170324,45.9,47.06,45.08,47.03,3700
OFS,20170324,15.02,15.22,14.99,15.1,34100
OIIM,20170324,2.35,2.38,2.29,2.38,21800
OLD,20170324,24.58,24.68,24.58,24.66,17900
OLED,20170324,83.35,85.3,82.15,83.4,487500
OLLI,20170324,32.6,32.9,32.15,32.45,425600
OMAB,20170324,42.1,43.15,41.92,43.15,72700
OMCL,20170324,39.25,39.95,38.9,39.85,185200
OMER,20170324,11.4,11.74,11.3,11.56,344400
OMEX,20170324,3.33,3.5,3.33,3.41,10900
ON,20170324,15.25,15.45,15.07,15.18,6157200
ONB,20170324,16.35,16.85,16.35,16.7,707000
ONCS,20170324,12.8,12.8,12.4,12.7,95400
ONEQ,20170324,229.07,230.58,228.51,228.99,34300
ONTX,20170324,42.9,45.45,42.15,45.3,47400
ONVO,20170324,3.01,3.13,3,3.03,698700
OPGN,20170324,515,550,505,535,435100
OPHC,20170324,3.72,3.72,3.46,3.46,2300
OPK,20170324,7.7,7.93,7.68,7.85,2826500
OPOF,20170324,28.37,29.7,28.32,29.68,14900
ORLY,20170324,272.4,273.03,270.97,271.76,415700
ORMP,20170324,5.95,6.03,5.87,5.87,16200
ORRF,20170324,21.05,21.15,20.55,20.65,6900
OSBC,20170324,10.5,10.55,10.3,10.3,19700
OSIS,20170324,71.5,72.37,71.23,71.61,119700
OSTK,20170324,16.95,17.4,16.9,17,33300
OSUR,20170324,12.07,12.14,11.92,12.13,1528200
OTEX,20170324,34.03,34.25,33.79,34,359000
OTIC,20170324,13.2,13.3,12.75,12.85,130400
OTTR,20170324,37.1,38.45,37,37.65,265000
OVBC,20170324,28,28.44,28,28.44,2200
OVLY,20170324,13.96,14.51,13.96,14.01,4100
OXBR,20170324,6.05,6.29,6.05,6.2,8100
OXBRW,20170324,0.62,0.62,0.62,0.62,0
OXLC,20170324,10.6,10.7,10.54,10.67,102700
OXLCO,20170324,25.16,25.66,25.16,25.66,600
PAAS,20170324,17.92,17.96,17.46,17.48,1894900
PACB,20170324,5.03,5.18,5.03,5.05,523800
PACW,20170324,51.45,51.72,50.86,51.33,939900
PAHC,20170324,27.45,27.7,27.15,27.7,59300
PANL,20170324,3.39,3.46,3.34,3.43,25700
PATI,20170324,22.65,22.7,22.38,22.38,1400
PATK,20170324,46.3333,46.5667,45.8533,46.3667,312400
PAVM,20170324,5.99,5.99,5.99,5.99,0
PAVMW,20170324,2.98,2.98,2.98,2.98,0
PAYX,20170324,61.79,62.04,61.31,61.62,1296400
PBCT,20170324,17.99,18.07,17.87,18.04,3894900
PBCTP,20170324,26.27,26.27,26.07,26.26,12500
PBHC,20170324,14.5,14.5,14.5,14.5,100
PBIP,20170324,17.74,17.96,17.74,17.93,11700
PBPB,20170324,13.35,13.55,13.35,13.45,143600
PBYI,20170324,40.35,40.7,39.3,39.7,501400
PCAR,20170324,67.74,68.07,67.29,67.62,1432800
PCH,20170324,44.85,45.1,44.53,44.75,262200
PCOM,20170324,6.74,7.12,6.65,7.09,70000
PCRX,20170324,46.95,47.65,46.35,46.9,545000
PCTI,20170324,5.6,5.64,5.5,5.52,141800
PCTY,20170324,34.78,35.45,34.71,35.02,158500
PCYG,20170324,11.7,12.05,11.6,11.95,95200
PCYO,20170324,5.5,5.6,5.5,5.5,19100
PDBC,20170324,16.24,16.31,16.23,16.31,386500
PDCE,20170324,62.49,62.8,61.63,61.83,738900
PDCO,20170324,44.27,44.75,44.27,44.48,527000
PDEX,20170324,4.7,4.7,4.64,4.65,1500
PDFS,20170324,22.26,22.57,22.19,22.41,93500
PDP,20170324,44.94,45.06,44.69,44.81,150000
PEBK,20170324,28.25,28.4,27.95,28.11,2700
PEBO,20170324,31.3,31.33,30.11,30.87,33700
PEGA,20170324,41.9,42.4,41.45,41.85,168000
PENN,20170324,17.21,17.82,17.04,17.68,14660600
PERI,20170324,5.43,5.52,5.31,5.37,22000
PESI,20170324,3.15,3.15,3.1,3.15,41300
PETS,20170324,20.18,20.29,19.99,20.07,145400
PEY,20170324,16.91,16.98,16.86,16.91,209800
PEZ,20170324,43.13,43.13,42.74,42.9,800
PFBC,20170324,50.5,50.81,49.8,50.62,122900
PFI,20170324,30.32,30.33,29.97,30.14,2300
PFIE,20170324,1.49,1.53,1.42,1.47,78100
PFIN,20170324,8,8,7.95,7.95,300
PFIS,20170324,39.97,40.41,39.65,39.66,2900
PFLT,20170324,13.7,13.75,13.63,13.68,73400
PFM,20170324,23.78,23.82,23.67,23.71,18600
PFMT,20170324,2.02,2.09,1.99,2.01,154700
PFSW,20170324,6.8,6.91,6.57,6.61,87500
PGC,20170324,29.63,29.9,29.31,29.82,38800
PGJ,20170324,33.79,34.02,33.75,33.86,3400
PHO,20170324,25.7,25.82,25.54,25.62,48300
PI,20170324,28.23,28.45,27.78,28.14,395600
PID,20170324,14.87,14.91,14.85,14.89,150400
PIE,20170324,16.74,16.85,16.74,16.83,232700
PINC,20170324,29.9,30.3,29.8,30.1,528400
PIO,20170324,22.46,22.49,22.41,22.44,8300
PIRS,20170324,2.57,2.66,2.56,2.66,220900
PIZ,20170324,23.22,23.29,23.19,23.22,81800
PKBK,20170324,19.6182,19.6818,19.5909,19.6364,6500
PKOH,20170324,35.8,36.17,35.15,35.35,26900
PKW,20170324,51.38,51.58,51.04,51.28,53000
PLAB,20170324,10.95,11.1,10.75,10.85,212800
PLAY,20170324,60.3,61.58,60.18,60.94,991500
PLBC,20170324,17.7,17.75,17.65,17.75,3200
PLCE,20170324,118.8,119.5,117.9,118.5,309500
PLPC,20170324,48.27,49.83,47.67,49.2,1000
PLSE,20170324,26.39,30.61,25.62,30.34,760400
PLUG,20170324,1.27,1.38,1.27,1.36,6103800
PLUS,20170324,66.65,67.25,66.225,66.725,27100
PLW,20170324,32.11,32.18,32.11,32.13,9900
PLXS,20170324,57.26,57.75,56.92,57.2,129600
PLYA,20170324,10.36,10.39,10.15,10.2,139800
PMBC,20170324,7.55,7.55,7.45,7.45,7600
PMD,20170324,19.19,19.53,19.03,19.06,26300
PME,20170324,4.3,4.39,4.28,4.34,146500
PMTS,20170324,22,22.75,21.75,21.75,136800
PNBK,20170324,15.2,15.2,15.2,15.2,0
PNFP,20170324,63.8,64.9,63,63.8,439100
PNNT,20170324,7.76,7.81,7.76,7.79,363500
PNQI,20170324,93.27,93.61,92.71,93.18,57300
PNRG,20170324,52,52,52,52,0
PODD,20170324,42.11,43.24,42.11,42.88,319400
POLA,20170324,7.95,8.21,7.84,8.13,133100
POOL,20170324,119.02,119.85,118.1,118.93,177500
POWI,20170324,32.15,32.515,31.95,32.15,88600
POWL,20170324,31.34,31.52,31.05,31.14,32900
PPBI,20170324,36.15,36.45,36.05,36.4,217000
PPC,20170324,22.1,22.35,22.02,22.26,892800
PPH,20170324,55.34,55.34,55.03,55.17,185900
PPIH,20170324,7.8,7.95,7.67,7.95,6000
PPSI,20170324,6.95,7,6.95,7,7500
PRAA,20170324,33.15,33.45,32.7,32.9,264800
PRFT,20170324,17.35,17.52,17.28,17.36,205800
PRFZ,20170324,114.08,114.52,113.4,113.91,31900
PRGS,20170324,28.29,28.3,27.97,28.03,302000
PRIM,20170324,23.07,23.38,22.89,23,206700
PRN,20170324,50.92,50.92,50.52,50.53,1700
PROV,20170324,18.71,18.77,18.58,18.62,6100
PRPH,20170324,2,2.01,1.99,1.99,14200
PRQR,20170324,4.35,4.4,4.2,4.35,18100
PRTA,20170324,52,53.03,51.71,52.5,180900
PRTK,20170324,15.85,15.95,15.55,15.85,407200
PRTS,20170324,3.32,3.35,3.23,3.26,32700
PSC,20170324,27.77,27.9,27.77,27.86,1800
PSCC,20170324,68.17,68.2,67.73,67.83,2100
PSCD,20170324,51.37,51.37,50.86,50.86,2400
PSCE,20170324,17.2,17.37,17,17.03,36500
PSCF,20170324,50.22,50.33,49.79,50.06,11700
PSCH,20170324,78.02,78.75,78.02,78.67,8200
PSCI,20170324,54.72,54.96,54.12,54.45,4500
PSCM,20170324,46.41,46.41,45.59,45.71,2200
PSCT,20170324,72.24,72.71,71.89,72.32,24300
PSCU,20170324,48.04,48.52,48.04,48.42,5500
PSEC,20170324,9.06,9.12,9.01,9.07,1550600
PSET,20170324,28.03,28.03,28.03,28.03,0
PSL,20170324,58.6,58.6,58.58,58.58,700
PSMT,20170324,91.45,92.05,90.9,91.6,59800
PSTI,20170324,12,12.2,11.8,12.1,135900
PTC,20170324,52.46,53.06,51.84,51.94,3013300
PTCT,20170324,8.4,8.69,8.28,8.52,598500
PTEN,20170324,24.53,24.83,23.92,23.99,3700100
PTF,20170324,44.3,44.47,44.04,44.22,2700
PTGX,20170324,13.01,13.68,13.01,13.22,7300
PTH,20170324,53.43,53.47,53.24,53.24,600
PTNR,20170324,5.58,5.58,5.58,5.58,0
PTSI,20170324,16.42,16.47,15.76,15.9,7100
PUI,20170324,27.3,27.43,27.3,27.38,5700
PULM,20170324,35.5,37.2,34.1,35.4,1946800
PVAC,20170324,42.2,42.7,42.2,42.7,14000
PVBC,20170324,10.075,10.55,10.05,10.5,2000
PWOD,20170324,29.4467,29.7333,29.0133,29.1667,9400
PXI,20170324,36.96,37.33,36.88,36.92,9800
PXLW,20170324,4.59,4.68,4.53,4.59,203900
PXS,20170324,2.21,2.21,2.16,2.18,17400
PY,20170324,28.5,28.5,28.5,28.5,0
PYPL,20170324,43.48,43.49,42.94,43.13,5739500
PYZ,20170324,61.16,61.16,59.9,59.9,5200
PZZA,20170324,74.7,77.65,74.52,76.43,997300
QABA,20170324,49.59,49.59,48.67,49.09,62600
QADA,20170324,27,27.2,26.85,26.95,20900
QADB,20170324,22.55,22.58,22.55,22.58,500
QAT,20170324,19.42,19.42,19.42,19.42,0
QCLN,20170324,16.3,16.51,16.3,16.38,3100
QCOM,20170324,57.47,57.47,56.64,56.92,5621400
QCRH,20170324,42.1,42.35,41.25,41.75,23000
QDEL,20170324,21.71,22.08,21.51,21.84,47300
QIWI,20170324,17.28,17.4,16.49,16.72,281000
QLYS,20170324,36,36.25,35.55,35.7,230000
QNST,20170324,3.64,3.68,3.51,3.51,107000
QQEW,20170324,51.16,51.37,50.97,51.14,23600
QQQ,20170324,130.78,131.29,130.13,130.63,22967500
QQQX,20170324,20.6,20.7,20.33,20.51,102300
QQXT,20170324,44.31,44.31,44.1,44.23,32000
QRHC,20170324,2.17,2.17,1.99,2.15,35800
QRVO,20170324,67.33,68.13,67.23,67.64,899800
QTEC,20170324,60.13,60.4,59.64,59.82,1509000
QTNT,20170324,6.7,6.73,6.35,6.35,55100
QUIK,20170324,23.52,27.3,23.24,26.88,1591300
QUMU,20170324,2.66,2.83,2.62,2.77,172100
QURE,20170324,5.7,5.84,5.63,5.81,118700
QYLD,20170324,22.9,23.06,22.9,22.96,8800
RADA,20170324,1.2,1.21,1.19,1.19,21200
RAIL,20170324,12.51,12.67,12.3,12.37,59900
RAND,20170324,27.18,27.36,27.18,27.27,16500
RARE,20170324,72.38,72.38,67.91,70.32,1376700
RAVE,20170324,2.02,2.06,1.92,1.98,29700
RAVN,20170324,29.15,29.67,29.05,29.3,127100
RBCAA,20170324,33.37,34.01,33.25,33.38,14400
RBCN,20170324,8.1,8.1,7.7,7.9,105500
RCII,20170324,8.84,8.99,8.81,8.88,1481300
RCKY,20170324,11.12,11.45,11.08,11.1,10200
RCM,20170324,2.9,2.9,2.75,2.83,147800
RCMT,20170324,4.85,4.89,4.73,4.85,8700
RCON,20170324,6.5,6.5,6.1,6.1,2500
RDCM,20170324,19.85,21.25,19.65,21.2,100900
RDHL,20170324,10.4,10.65,10.34,10.47,41600
RDI,20170324,16.04,16.07,15.91,15.95,18400
RDIB,20170324,18.07,18.07,18.07,18.07,0
RDNT,20170324,5.9,5.95,5.65,5.8,132200
RDUS,20170324,37.44,38.61,37.38,38.18,990200
RDVY,20170324,26.22,26.37,26.05,26.13,119200
RDWR,20170324,16.07,16.5,15.95,16.15,378500
REFR,20170324,1.38,1.5,1.38,1.44,21900
REGI,20170324,10,10.2,9.95,9.95,224100
REGN,20170324,367.92,374.85,366.72,373,881300
RELL,20170324,5.9,6.1,5.83,5.91,129600
RELY,20170324,3.15,3.15,2.55,2.65,1105300
REPH,20170324,7.92,8.11,7.87,7.96,176500
RESN,20170324,4.79,4.8,4.71,4.71,25600
RETA,20170324,26.56,26.56,25.7,25.9,15900
RFDI,20170324,56.22,56.38,56.1,56.31,8300
RFEM,20170324,60.74,60.94,60.74,60.88,3700
RFEU,20170324,56.43,56.63,56.42,56.52,13800
RFIL,20170324,1.55,1.55,1.5,1.55,9700
RGCO,20170324,19.95,20.07,19.86,20.02,3900
RGEN,20170324,34.8,34.91,34.14,34.64,200500
RGLD,20170324,66.9,68.08,66.81,67.23,438300
RGLS,20170324,16.2,18.48,15,16.8,4282600
RGNX,20170324,20.15,20.3,19.65,20.15,360400
RIBT,20170324,0.8,0.82,0.78,0.81,31900
RICK,20170324,16.92,17,16.71,16.81,33600
RIGL,20170324,3.07,3.24,3.04,3.13,1997200
RILY,20170324,14.7,15.3,14.5,14.7,15200
RILYL,20170324,26.59,26.59,26.59,26.59,0
RIOT,20170324,3.31,3.5,3.31,3.37,10000
RKDA,20170324,14,14.2,13.8,14,38900
RMBS,20170324,12.92,13.06,12.86,12.94,476200
RMCF,20170324,11.47,11.5,11.33,11.34,28200
RMR,20170324,50.6,51.42,48.7,49.15,27600
RMTI,20170324,6.05,6.12,5.82,6.05,281900
RNDB,20170324,15.5,15.5,15.5,15.5,0
RNST,20170324,39.11,39.51,38.65,39.06,166500
RNWK,20170324,4.73,4.79,4.52,4.54,16200
ROCK,20170324,40.3,40.95,39.6,40.1,138800
ROIC,20170324,21.16,21.32,21.09,21.12,725200
ROLL,20170324,92.6,93.21,91.99,92.15,130700
ROST,20170324,66.09,66.54,65.69,66.12,1857400
RPD,20170324,14.48,14.64,14.33,14.45,59700
RPRX,20170324,1.15,1.21,1.15,1.16,42400
RRGB,20170324,53.95,55.25,53.95,54.6,313700
RRR,20170324,21.47,21.61,21.38,21.43,503000
RUN,20170324,4.85,4.99,4.82,4.91,937300
RUSHA,20170324,21.5467,21.8067,21.1333,21.2867,165200
RUSHB,20170324,19.38,19.84,19.38,19.5733,31100
RUTH,20170324,19.8,20,19.7,19.8,204900
RVNC,20170324,19.9,20.3,19.52,19.65,121000
RVSB,20170324,7.3,7.36,7.26,7.26,12200
RWLK,20170324,47.5,48.75,46.25,48.75,31700
RXDX,20170324,8.95,9.35,8.75,9.25,410700
RYAAY,20170324,84.13,84.6,83.86,83.96,176400
SABR,20170324,20.94,21.16,20.83,20.91,1673500
SAFM,20170324,99.25,101.86,99.06,100.35,558500
SAFT,20170324,69.15,69.45,68.5,68.6,34300
SAGE,20170324,65.32,65.92,62.31,62.49,499100
SAIA,20170324,43,43.3,42.2,42.7,230500
SAL,20170324,38.6,38.6,38.55,38.55,1100
SALM,20170324,6.9,7.05,6.75,6.8,47100
SAMG,20170324,14.15,14.15,13.5,13.5,2500
SANM,20170324,40,40.15,39.4,39.7,376900
SANW,20170324,4.4,4.45,4.35,4.45,9000
SASR,20170324,39.96,40.26,39.62,39.85,40700
SATS,20170324,44.8744,45.1019,44.5981,44.8338,287000
SBAC,20170324,117.92,119.03,117.38,118.29,1090900
SBCF,20170324,22.84,22.96,22.6,22.92,259800
SBFG,20170324,15.97,16.63,15.97,16.62,3700
SBGI,20170324,39.75,40.15,39.35,39.55,1246300
SBLK,20170324,9.93,10.4,9.93,10.07,446300
SBNY,20170324,144.97,146.43,143.67,144.74,577900
SBRA,20170324,27.64,27.87,27.02,27.66,520900
SBSI,20170324,32.56,32.76,32.17,32.27,179500
SBUX,20170324,56.11,57.38,55.9,56.81,15763000
SCHL,20170324,42.74,43.5,42.56,42.71,177500
SCHN,20170324,20.5,20.9,19.75,19.75,399000
SCKT,20170324,4.41,4.44,4.4,4.4,1900
SCSC,20170324,39.7,39.8,39.45,39.5,144900
SCVL,20170324,24.38,25.41,22.82,23.94,397000
SCWX,20170324,11.45,11.73,11.45,11.56,58400
SCYX,20170324,28.1,28.1,27.2,27.4,127900
SCZ,20170324,54.1,54.27,54.05,54.19,838100
SEAC,20170324,2.35,2.37,2.25,2.3,62400
SEDG,20170324,13.85,14.15,13.5,13.7,519000
SEED,20170324,19.8,20,19.4,19.5,8600
SEIC,20170324,50.99,51.04,50.25,50.35,894000
SELB,20170324,11,12.37,11,12.04,35100
SELF,20170324,4.71,4.75,4.65,4.69,5600
SENEA,20170324,35.75,36,34.5,34.6,31800
SENEB,20170324,39.5,39.5,39.5,39.5,0
SFBC,20170324,30.2,30.2,29.8,30.15,2600
SFM,20170324,22.97,23.26,22.44,22.58,4036100
SFNC,20170324,26.825,27.425,26.7,27.25,176400
SFST,20170324,32.65,32.65,31.95,32.3,3700
SGC,20170324,17.12,17.38,16.98,17.13,6600
SGEN,20170324,63.45,64.78,63.11,63.69,353300
SGLB,20170324,36.3,36.3,32.6,33.5,19300
SGLBW,20170324,1.04,1.04,1,1.04,6300
SGMA,20170324,4.85,4.85,4.83,4.84,2800
SGMO,20170324,4.25,4.25,4.03,4.1,354100
SGMS,20170324,21.55,21.85,21.45,21.65,1296400
SGOC,20170324,2.88,2.9,2.8,2.85,5000
SGRP,20170324,1.02,1.1,1,1.02,21800
SGRY,20170324,19.05,19.85,19.05,19.75,167600
SHBI,20170324,15.84,16.09,15.56,15.86,58000
SHEN,20170324,28.75,29.5,27.55,28.85,365100
SHIP,20170324,199.2,199.2,184.8,184.8,330100
SHIPW,20170324,0.18,0.18,0.18,0.18,29000
SHOO,20170324,25.1,25.7,25.1,25.4333,503600
SHY,20170324,84.48,84.52,84.47,84.49,1119700
SIEB,20170324,3.15,3.19,3.08,3.08,2100
SIEN,20170324,8.73,8.79,8.3,8.4,250300
SIFY,20170324,0.9,0.93,0.9,0.92,22700
SIGI,20170324,47.45,47.45,46.6,46.8,309100
SILC,20170324,47.34,47.76,46.47,47.15,53100
SIMO,20170324,44.99,45.72,44.66,44.75,593300
SINO,20170324,12.6,13.85,12.5,12.95,407700
SIRI,20170324,5.15,5.15,5.06,5.1,25606800
SIVB,20170324,179.89,180.58,176.4,177.94,501300
SKOR,20170324,50.32,50.38,50.28,50.38,3900
SKYW,20170324,35.25,35.7,34.9,35.5,410900
SKYY,20170324,38.32,38.49,38.12,38.23,86900
SLAB,20170324,72.45,73.8,72.45,72.85,301600
SLCT,20170324,10.87,10.97,10.84,10.91,1900
SLGN,20170324,30.1,30.235,29.705,29.82,189700
SLM,20170324,11.76,11.91,11.57,11.69,2245700
SLMBP,20170324,63.5,63.88,63.5,63.86,500
SLP,20170324,10.7,11.1,10.55,10.95,66100
SLQD,20170324,50.36,50.38,50.26,50.36,390600
SLRC,20170324,21.81,21.97,21.68,21.82,59100
SLVO,20170324,8.81,8.94,8.81,8.93,29300
SMBC,20170324,32.84,33.48,32.81,33.04,7500
SMBK,20170324,20.6,20.81,20.5,20.5,7900
SMCI,20170324,25.65,25.9,25.35,25.5,188200
SMCP,20170324,24.02,24.02,24.02,24.02,200
SMED,20170324,4.78,4.86,4.75,4.8,5000
SMIT,20170324,1.6,1.6,1.5,1.54,18100
SMMF,20170324,19.59,20.23,19.46,19.92,9100
SMMT,20170324,12.92,13.38,12.42,12.53,32600
SMSI,20170324,0.83,0.95,0.8,0.88,60600
SMTC,20170324,34.05,34.7,34.05,34.35,562700
SNCR,20170324,25.86,26.14,25.6,25.94,475800
SND,20170324,14.67,15.66,14.6,15.03,895600
SNDX,20170324,13.2,14.51,12.9,12.93,42100
SNES,20170324,168.4,169.4,157.4,165.6,26100
SNFCA,20170324,7,7.07,7,7,1500
SNGX,20170324,2.27,2.45,2.27,2.36,10900
SNGXW,20170324,0.65,0.65,0.65,0.65,0
SNLN,20170324,18.55,18.55,18.52,18.54,216800
SNOA,20170324,63.81,65.07,63.45,63.81,7300
SNPS,20170324,71.5,71.76,70.9,71.15,638900
SNSR,20170324,17.94,17.99,17.88,17.88,34200
SOCL,20170324,24.67,24.82,24.62,24.71,18200
SOHO,20170324,6.81,6.82,6.5,6.52,47900
SOHOB,20170324,25.75,25.87,25.75,25.87,200
SOHU,20170324,40.81,41.34,40.32,40.37,181500
SOXX,20170324,136.61,137.57,135.36,135.88,531900
SP,20170324,34.25,34.55,33.65,33.8,71500
SPCB,20170324,2.91,2.91,2.82,2.89,14600
SPI,20170324,1.28,1.34,1.15,1.22,33800
SPLK,20170324,60.98,61.62,60.48,60.9,870800
SPNE,20170324,7.28,7.49,7.25,7.32,15200
SPNS,20170324,13.17,13.38,13.03,13.07,21700
SPOK,20170324,18.2,18.45,18.2,18.25,127200
SPPI,20170324,6.55,6.68,6.54,6.61,521300
SPSC,20170324,56.5,57.03,56.19,56.48,99100
SPTN,20170324,33.71,34.4,33.31,33.76,189400
SPWH,20170324,4.39,4.75,4.14,4.64,7377900
SPWR,20170324,6.24,6.29,6.01,6.07,3688600
SQQQ,20170324,768.6,780,759.4,770.8,3283000
SRAX,20170324,1.93,2.01,1.85,2,21800
SRCE,20170324,45.67,46.01,45.3,46,127200
SRCL,20170324,82.24,82.44,81.7,82.05,536700
SRDX,20170324,23.65,24.4,23.45,23.6,63100
SRET,20170324,14.74,14.75,14.69,14.69,9000
SREV,20170324,3.63,3.71,3.63,3.69,172400
SRNE,20170324,4.2,4.2,4.05,4.1,152200
SRPT,20170324,29.72,30.17,29.54,29.93,856200
SRRA,20170324,57.6,58.4,57.6,58,138000
SRTS,20170324,4.32,4.5,4.32,4.5,6100
SSB,20170324,85.8,86.45,85.1,86.3,106900
SSBI,20170324,13.15,13.15,13.03,13.03,2400
SSKN,20170324,3.1,3.1,3,3.05,43700
SSNC,20170324,35.81,36.04,35.4,35.61,702400
SSRM,20170324,10.49,10.68,10.39,10.51,933000
SSYS,20170324,19.24,19.5,19.07,19.19,336400
STAA,20170324,9.6,9.9,9.6,9.65,64300
STAF,20170324,3.75,4,3.1,3.65,3086700
STBA,20170324,33.95,34.45,33.44,33.61,120500
STFC,20170324,27.44,27.65,27.27,27.5,29100
STKL,20170324,6.85,6.9,6.7,6.75,354100
STKS,20170324,1.76,1.8,1.73,1.73,4400
STLD,20170324,34.61,34.8,33.67,33.89,2601600
STRA,20170324,79.68,79.78,78.14,78.83,62600
STRL,20170324,9.26,9.82,9.25,9.64,140700
STRM,20170324,0.9,1,0.9,0.97,32700
STRS,20170324,27.3,28.1,27.3,27.85,7400
STRT,20170324,27,27.75,26,26.15,38600
STX,20170324,46.44,46.68,44.87,45.24,5278200
SUMR,20170324,17.55,17.55,16.92,16.92,1300
SUNS,20170324,17.67,17.8,17.6,17.7,38100
SUNW,20170324,9.38,9.87,9.38,9.38,86900
SUPN,20170324,28.65,30.2,28.46,29.95,769900
SVBI,20170324,7.2,7.2,7.15,7.15,800
SVVC,20170324,8.11,8.11,8.01,8.05,8000
SWIR,20170324,30.3,30.56,29.3,29.7,499500
SWKS,20170324,97.36,98.35,96.88,97.3,1270800
SYBT,20170324,39.75,40.5,39.7,39.9,32700
SYNA,20170324,50.05,50.47,48.89,49.18,405400
SYNL,20170324,12.25,12.4,11.2,12.15,18900
SYPR,20170324,0.88,0.88,0.88,0.88,600
SYRS,20170324,14.78,15.85,14.65,15.28,23600
TA,20170324,5.9,6,5.8,5.8,167900
TACO,20170324,12.52,12.72,12.43,12.64,303600
TACT,20170324,8.1,8.25,8.1,8.15,7200
TAIT,20170324,1.19,1.2,1.17,1.17,2300
TANH,20170324,1.5,1.52,1.5,1.51,3200
TANNI,20170324,25.69,25.69,25.6,25.64,1800
TANNL,20170324,25.3,25.35,25.3,25.35,600
TANNZ,20170324,25.49,25.64,25.46,25.63,5700
TAST,20170324,14,14.05,13.75,13.85,173400
TATT,20170324,9.2,9.25,9.2,9.25,4200
TAYD,20170324,13.93,13.93,13.9,13.9,900
TBBK,20170324,4.88,4.96,4.82,4.9,222900
TBK,20170324,25,25.55,24.85,25.4,37100
TBNK,20170324,31.25,31.73,31.08,31.23,69400
TBPH,20170324,33.45,33.96,33.33,33.76,129600
TCBI,20170324,80.15,80.85,79.25,80.25,630600
TCBK,20170324,33.7,34.18,33.6,33.82,26800
TCFC,20170324,34.9,34.9,32.93,34.5,1600
TCMD,20170324,17.92,18.76,17.86,18.14,116200
TCON,20170324,43.5,43.5,40,41,58000
TCPC,20170324,17.07,17.09,16.96,17.02,82400
TCX,20170324,50.35,50.73,48.6,49.05,106800
TDIV,20170324,31.51,31.66,31.42,31.49,50200
TEAM,20170324,29.32,29.71,29.08,29.43,392600
TECH,20170324,103.58,104.33,103.39,103.82,201200
TEDU,20170324,18.21,18.33,18.12,18.19,89900
TELL,20170324,11.33,11.83,10.82,11.19,510800
TENX,20170324,10,10.2,9.6,9.8,520600
TESS,20170324,14.5,15,14.2,15,53800
TFSL,20170324,16.49,16.62,16.42,16.48,109100
TGA,20170324,1.54,1.55,1.5,1.5,66400
TGLS,20170324,10.94,10.94,10.82,10.86,12300
TGTX,20170324,10.95,11.55,10.95,11.4,1745400
THFF,20170324,46.25,46.6,45.9,46.5,35000
THRM,20170324,37,37.45,36.6,36.75,251800
TIG,20170324,15.23,15.43,15.19,15.19,8000
TIL,20170324,3.91,3.93,3.91,3.93,1400
TILE,20170324,18.65,18.75,18.35,18.6,493600
TIPT,20170324,6.7,6.7,6.65,6.65,22400
TITN,20170324,13.5,13.68,13.17,13.24,72100
TLGT,20170324,73.4,73.6,71.9,72.5,240400
TLT,20170324,120.53,121.1,120.4,120.88,5819600
TMUS,20170324,63.54,64.76,63.26,64.17,4322700
TNDM,20170324,1.25,1.25,1.15,1.25,1668800
TNXP,20170324,363,399,363,399,97100
TOPS,20170324,111000,154000,111000,116000,9477200
TOUR,20170324,8.59,8.85,8.58,8.72,239800
TOWN,20170324,31.25,31.55,31.15,31.4,161200
TPIC,20170324,16.57,16.68,16.31,16.46,105200
TQQQ,20170324,28.3733,28.7033,27.96,28.26,2153600
TREE,20170324,118.9,120.95,117.55,118.85,99500
TRHC,20170324,13.45,13.68,13.08,13.56,111600
TRIB,20170324,5.49,5.59,5.32,5.47,27500
TRIL,20170324,5.95,6.2,5.95,6.1,28300
TRIP,20170324,42.73,43.02,42.45,42.69,2440500
TRMB,20170324,31.33,31.74,31.15,31.32,761300
TRMK,20170324,31.16,31.32,30.81,31.06,277200
TRNS,20170324,12.18,12.52,11.89,12.52,1100
TROW,20170324,68.42,68.56,67.59,67.83,1358200
TRS,20170324,20.9,21,20.6,20.7,147200
TRST,20170324,7.75,7.85,7.63,7.8,273100
TRUE,20170324,15.2,15.35,15,15.24,1453400
TRUP,20170324,14.41,14.48,14.35,14.37,112100
TRVG,20170324,12.25,12.55,12.06,12.18,533100
TRVN,20170324,3.59,3.61,3.47,3.55,592700
TSBK,20170324,21.29,21.4,20.89,21.4,7900
TSC,20170324,22.85,23.2,22.65,22.95,86100
TSCO,20170324,69.3,69.75,68.9,69.02,1504500
TSEM,20170324,23,23.23,22.94,23.05,372200
TSLA,20170324,51.14,52.778,51.002,52.632,5647200
TSRI,20170324,5.25,5.25,5.25,5.25,0
TTD,20170324,37,37.39,35.88,36.02,843500
TTEC,20170324,30.15,30.3,29.83,29.9,77600
TTEK,20170324,40.2,40.6,39.72,40.05,218900
TTGT,20170324,9.06,9.07,8.79,8.82,13000
TTMI,20170324,15.63,16.02,15.6,15.9,1426900
TTNP,20170324,19.8,20.4,19.8,20.1,100700
TTOO,20170324,5.33,5.33,5.23,5.28,36400
TTWO,20170324,57.7,59.02,57.7,58.12,1268600
TUSA,20170324,28.51,28.51,28.47,28.47,200
TUSK,20170324,20.42,20.62,19.12,19.47,134700
TVTY,20170324,28,28.42,27.81,28.15,339700
TWIN,20170324,19.03,19.68,18.75,19.05,24600
TWNK,20170324,15.8,15.85,15.58,15.77,723500
TWNKW,20170324,2.88,2.88,2.72,2.76,29100
TWOU,20170324,37.14,37.94,36.73,37.66,288900
TXN,20170324,81.92,82.05,80.43,80.59,4100200
TXRH,20170324,43.56,43.81,43.25,43.53,639500
TYHT,20170324,35.1,35.1,34.47,34.92,17000
TZOO,20170324,9.15,9.65,8.85,9.55,37100
UAE,20170324,16.93,16.93,16.9,16.9,700
UBCP,20170324,12.35,12.47,12.35,12.47,2400
UBFO,20170324,7.45,7.45,7.45,7.45,100
UBND,20170324,50.26,50.26,50.26,50.26,0
UBOH,20170324,20.8,20.88,20.5,20.5,4900
UBSI,20170324,40.65,41,40.4,40.9,428000
UCBI,20170324,26.61,26.82,26.24,26.58,399100
UCTT,20170324,15.47,15.75,15.41,15.66,556900
UEIC,20170324,67.25,67.5,66.18,66.9,66300
UEPS,20170324,12.93,12.97,12.51,12.54,124500
UFCS,20170324,42.56,43.08,42.19,42.27,84200
UFPI,20170324,96.81,98.05,95.66,96.97,88000
UFPT,20170324,25.25,25.25,24.9,25,13500
UG,20170324,15,15,14.67,14.8,700
UHAL,20170324,373,374.95,372.62,373.7,37300
UIHC,20170324,15.59,15.91,15.45,15.49,146700
ULBI,20170324,5.5,5.59,5.45,5.45,30200
ULH,20170324,13,13.1,12.75,12.75,5900
ULTA,20170324,281.78,282.91,279.83,281.53,342200
UMBF,20170324,73.8,74.15,72.94,73.43,225500
UMPQ,20170324,17.38,17.48,17.12,17.27,2052300
UNAM,20170324,9.9,9.9,9.9,9.9,0
UNB,20170324,43.4,43.4,41.8,42.3,1100
UNIT,20170324,25.73,25.83,25.46,25.54,626600
UNTY,20170324,16.6,16.6,16.35,16.35,3300
UPLD,20170324,15.2,15.99,14.6,15.59,147100
URBN,20170324,22.97,22.97,22.64,22.94,2438100
USAK,20170324,7.34,7.65,7.2,7.28,68300
USAP,20170324,14.7,15.18,14.7,15.15,28200
USEG,20170324,8.6,8.7,8.2,8.5,7000
USLB,20170324,28.36,28.36,28.14,28.16,13200
USLM,20170324,77.9,78.35,77.44,77.44,4100
UTHR,20170324,139.83,141.49,138.49,140.05,386300
UTMD,20170324,59.15,61.2,59.15,60.85,5900
UTSI,20170324,1.87,1.9,1.87,1.89,15700
UVSP,20170324,26.25,26.75,26.1,26.25,69900
VALU,20170324,17.72,17.72,17.23,17.23,2400
VBFC,20170324,27.3,27.3,27.3,27.3,0
VBIV,20170324,5.1,5.24,4.99,5.16,110500
VBLT,20170324,5.75,5.9,5.45,5.65,137900
VBTX,20170324,27.72,28.98,27.7,28.24,70100
VCEL,20170324,2.75,2.85,2.7,2.85,215700
VCIT,20170324,86.1,86.29,86.07,86.15,662300
VCLT,20170324,89.8,89.8,89.52,89.78,106700
VCSH,20170324,79.66,79.69,79.62,79.67,1015600
VCYT,20170324,9.03,9.22,8.85,9.17,80800
VECO,20170324,28.95,29.5,28.5,28.75,253800
VGIT,20170324,64.21,64.28,64.15,64.23,43000
VGLT,20170324,74.42,74.73,74.23,74.56,246700
VGSH,20170324,60.74,60.78,60.74,60.75,126800
VIA,20170324,44.4,44.95,44.1,44.5,10600
VIAV,20170324,10.81,10.89,10.6,10.72,3774000
VICR,20170324,15.9,16.2,15.6,15.75,23400
VIGI,20170324,57.51,57.61,57.34,57.34,52800
VIRC,20170324,3.85,4,3.85,4,7800
VIRT,20170324,16.55,16.9,16.45,16.8,452900
VIVE,20170324,514,524,470,501,262800
VIVO,20170324,13,13.2,12.95,13.1,182600
VKTX,20170324,1.16,1.19,1.13,1.19,45500
VLGEA,20170324,26.14,26.22,25.91,26.03,45400
VMBS,20170324,52.38,52.45,52.28,52.37,267100
VNDA,20170324,14.15,14.45,14,14.45,598100
VNET,20170324,5.7,5.79,5.33,5.45,1171400
VNOM,20170324,17.73,17.84,17.54,17.76,32800
VNQI,20170324,53.5,53.72,53.46,53.63,202000
VOD,20170324,26.82,26.98,26.73,26.88,5617300
VONE,20170324,107.62,107.88,107.05,107.45,41200
VONG,20170324,116.06,116.1,115.24,115.65,37400
VONV,20170324,99.9,100.15,99.36,99.67,26500
VOXX,20170324,5,5.2,4.91,5.1,42500
VRA,20170324,8.5,8.71,8.47,8.65,277200
VRAY,20170324,8.13,8.76,8.13,8.46,1156500
VREX,20170324,31.2,31.44,30.87,31.01,497400
VRIG,20170324,25.13,25.13,25.1,25.12,3700
VRNS,20170324,30.8,31.05,30.6,30.95,424800
VRNT,20170324,40.6,41.03,40.2,40.4,456700
VRSK,20170324,80.18,80.49,79.7,79.71,971800
VRSN,20170324,87.45,88.08,86.92,87.19,950900
VRTS,20170324,101.65,102.4,100.65,101.1,138700
VRTX,20170324,89.74,90.48,89.12,89.98,1064300
VSAT,20170324,64.16,64.48,63.33,63.64,257100
VSEC,20170324,38.13,38.35,37.26,37.59,22000
VSTM,20170324,1.7,1.78,1.59,1.66,1169700
VTGN,20170324,2,2,1.88,1.9,35900
VTHR,20170324,107.64,107.87,107.15,107.15,15000
VTIP,20170324,49.38,49.47,49.36,49.38,408500
VTNR,20170324,1.12,1.12,1.05,1.08,20700
VTVT,20170324,5.99,5.99,5.73,5.91,11100
VTWG,20170324,115.58,115.64,115.12,115.12,4900
VTWO,20170324,108.29,108.64,107.47,107.97,83000
VTWV,20170324,100.26,100.69,99.6,99.98,3200
VUZI,20170324,6.3,6.3,6.1,6.15,181300
VVPR,20170324,4.39,4.39,4.39,4.39,0
VWOB,20170324,79.51,79.64,79.45,79.45,50900
VXUS,20170324,49.68,49.8,49.62,49.73,548700
VYGR,20170324,11.46,11.7,11.24,11.56,72800
VYMI,20170324,60.55,60.65,60.44,60.56,32200
WABC,20170324,55.33,55.56,54.83,55.04,176800
WAFD,20170324,32.3,32.4,32,32.1,444600
WASH,20170324,49.75,50.25,49.4,49.85,39200
WATT,20170324,15.38,15.53,15.18,15.37,216100
WB,20170324,49.03,50.78,49,49.78,1220200
WBA,20170324,83.25,83.34,82.61,82.97,2110000
WDAY,20170324,81.84,83.87,81.69,82.95,1217400
WDC,20170324,79.68,81.1,77.57,78.18,8681900
WDFC,20170324,109.85,111.22,109.65,110.25,52700
WEN,20170324,13.49,13.52,13.23,13.43,1365700
WERN,20170324,26.85,26.85,25.8,26.05,525300
WETF,20170324,8.6,8.71,8.47,8.59,1050900
WEYS,20170324,26.93,27.46,26.67,27.09,34800
WHF,20170324,13.62,13.7,13.26,13.31,46400
WHLM,20170324,7.15,7.35,7.15,7.35,400
WHLR,20170324,13.44,13.76,13.44,13.6,170100
WHLRD,20170324,25.5,25.78,25.43,25.78,4900
WHLRP,20170324,23.75,23.93,23.75,23.9,5200
WILC,20170324,6.02,6.17,6.02,6.1,5200
WINA,20170324,111.75,112.2,110.25,111.2,5300
WING,20170324,26.78,26.93,26.51,26.79,231800
WINT,20170324,1.16,1.23,1.15,1.15,115500
WIRE,20170324,45.4,45.75,44.3,44.65,41400
WIX,20170324,66.4,67.6,66.2,66.65,342900
WKHS,20170324,2.05,2.15,2.05,2.1,84700
WLDN,20170324,31.04,31.95,30.6,30.96,119000
WLFC,20170324,21.4,21.72,21.27,21.35,34800
WLTW,20170324,129.25,130.55,129.05,129.88,722300
WNEB,20170324,10.2,10.35,10.2,10.3,43300
WOOD,20170324,57.46,57.69,57.21,57.43,8900
WOOF,20170324,91.62,91.7,91.42,91.5,780000
WPRT,20170324,0.88,1.05,0.87,1.03,1822300
WRLD,20170324,48.77,49.17,48.14,48.55,69900
WSBC,20170324,35.88,36.11,35.45,35.79,107400
WSBF,20170324,18.05,18.15,17.75,17.9,52800
WSFS,20170324,44.8,45.15,44.65,44.8,152000
WSTG,20170324,18.6,18.9,18.6,18.85,9800
WTBA,20170324,22.3,22.3,21.63,21.85,53100
WTFC,20170324,67.97,68.84,67.45,68.38,422500
WTFCM,20170324,27.11,27.47,27.11,27.31,4600
WVE,20170324,26,26,25.25,25.35,21000
WVFC,20170324,14.91,14.91,14.91,14.91,0
WVVI,20170324,7.81,8,7.81,7.97,12900
WVVIP,20170324,5.85,5.85,5.85,5.85,0
WWD,20170324,66.63,67.5,66.38,66.73,283100
WYNN,20170324,112.75,113.26,110.89,111.92,1666300
XBIO,20170324,46.68,46.68,46.68,46.68,300
XBIT,20170324,19,19.38,17.47,18.96,178800
XELB,20170324,2.6,2.7,2.3,2.3,15000
XENE,20170324,4.9,5,4.3,4.65,3269600
XENT,20170324,16.3,16.9,15.9,16.8,210500
XLNX,20170324,59.32,59.52,58.6,58.63,1389500
XLRN,20170324,26.49,27,26.08,26.78,203400
XNCR,20170324,23.85,24.69,23.53,24.53,170400
XNET,20170324,3.91,3.98,3.82,3.82,44900
XOG,20170324,16.93,17.25,16.76,16.91,756800
XOMA,20170324,6.7,6.95,6.41,6.76,228700
XONE,20170324,9.97,10.17,9.85,10.01,112200
XPER,20170324,36.7,37.5,36.7,37.25,485700
XRAY,20170324,62.46,62.92,62.12,62.44,907600
XTLB,20170324,2.38,2.57,2.31,2.57,5000
YNDX,20170324,22.35,22.57,22.21,22.41,1088300
YORW,20170324,34.2,34.5,33.95,34,17400
YTEN,20170324,144,152,144,148,14000
YTRA,20170324,9.69,9.69,9.31,9.36,48400
YY,20170324,46.61,47.45,45.67,46.3,1071500
Z,20170324,33.66,34.02,33.25,33.71,1134800
ZBRA,20170324,87.22,87.79,86.07,86.73,172200
ZEUS,20170324,19.51,19.68,18.7,18.72,121900
ZG,20170324,33.45,33.75,33.09,33.52,349900
ZGNX,20170324,10.45,10.9,10.34,10.45,167500
ZION,20170324,41.04,41.23,40.41,40.91,2824900
ZIOP,20170324,5.86,6.04,5.81,5.88,778100
ZIXI,20170324,4.61,4.71,4.61,4.63,224000
ZNGA,20170324,2.79,2.84,2.79,2.8,4035700
ZSAN,20170324,37.4,37.8,33.2,34.6,2264200
ZUMZ,20170324,17.35,17.5,17,17.2,249000
ZYNE,20170324,19.63,20.1,19.1,19.65,204400
