AAL,20170707,52.3,53.38,52.18,53.03,6596900
AAME,20170707,3.55,3.75,3.5,3.6,5000
AAOI,20170707,62.12,68.38,62.12,67.3,3757700
AAON,20170707,36.9,37.55,36.75,37.2,69400
AAPL,20170707,35.725,36.1875,35.725,36.045,19201700
AAWW,20170707,54.9,55.7,54,55.05,604900
AAXJ,20170707,67,67.08,66.72,66.99,497600
ABCB,20170707,49.25,49.67,48.45,49.2,128800
ABEO,20170707,8,8.35,7.78,8.35,754500
ABIO,20170707,45.9,47.7,44.46,46.8,203700
ABMD,20170707,140.22,142.6,139.77,142.05,139900
ABTX,20170707,38.7,38.9,38.3,38.9,13300
ABUS,20170707,3.8,3.95,3.75,3.8,90800
ACAD,20170707,28.82,29.79,28.78,29.19,1171400
ACBI,20170707,19.05,19.3,18.95,19.3,45500
ACET,20170707,15.15,15.33,15.04,15.31,81500
ACGL,20170707,31.4333,31.7733,31.4067,31.7433,387600
ACHC,20170707,47.74,49.2,47.38,48.98,775300
ACIU,20170707,8.97,8.97,8.57,8.59,24300
ACIW,20170707,21.61,21.98,21.57,21.92,438400
ACLS,20170707,21.5,22.65,21.5,22.55,440200
ACNB,20170707,30.2,30.45,29.9,29.9,3300
ACOR,20170707,20.35,20.85,20.13,20.85,550600
ACRS,20170707,27.56,28.16,27.09,28.09,249400
ACRX,20170707,2.1,2.13,2.05,2.1,352400
ACST,20170707,1.3,1.32,1.28,1.28,4900
ACTG,20170707,4,4,3.9,4,151000
ACWI,20170707,65.09,65.4,65.06,65.34,2179100
ACWX,20170707,45.29,45.41,45.17,45.39,280700
ADAP,20170707,4.88,5.04,4.75,4.89,275300
ADBE,20170707,141.07,143.36,140.97,142.22,1533900
ADES,20170707,8.94,9.04,8.83,9.02,111200
ADI,20170707,77.64,78.85,77.5,78.47,2803600
ADMA,20170707,3.55,3.61,3.48,3.5,10700
ADMP,20170707,5.7,5.7,5.3,5.5,460500
ADMS,20170707,17.89,18.17,17.8,17.92,175100
ADP,20170707,103.75,105.41,103.42,105.14,2774100
ADRE,20170707,38.29,38.42,38.26,38.39,2000
ADSK,20170707,102.29,104.28,102.29,103.32,1695200
ADTN,20170707,20.05,20.5,20.05,20.5,152700
ADUS,20170707,37.74,39.3,37.65,39,76500
ADVM,20170707,2.5,2.6,2.5,2.55,171000
ADXS,20170707,96,100.2,94.05,96.15,848200
AEHR,20170707,3.85,3.88,3.73,3.88,19000
AEIS,20170707,66.31,67.35,65.68,66.97,436000
AEMD,20170707,30.15,31.5,29.85,31.35,38600
AERI,20170707,55.25,56.95,54.95,55.85,505500
AEY,20170707,1.58,1.62,1.58,1.59,9300
AEZS,20170707,1.02,1.02,0.99,1.01,83400
AFMD,20170707,2.3,2.5,2.3,2.5,538600
AGEN,20170707,3.99,4.11,3.97,4.11,519600
AGFS,20170707,7.97,7.97,7.63,7.92,196700
AGIO,20170707,54.33,55,53.44,54.91,418900
AGLE,20170707,3.63,3.63,3.31,3.39,32000
AGNC,20170707,21.65,21.66,21.3,21.37,2599900
AGNCP,20170707,25.86,25.87,25.7,25.7,14000
AGRX,20170707,3.71,3.75,3.7,3.73,40500
AGTC,20170707,5.1,5.1,5,5.05,108700
AGYS,20170707,10.21,10.33,10.21,10.29,40900
AGZD,20170707,47.93,47.96,47.92,47.95,10700
AHPA,20170707,9.81,9.84,9.81,9.82,55700
AHPAU,20170707,10.22,10.37,10.22,10.37,400
AHPAW,20170707,0.45,0.45,0.45,0.45,9400
AHPI,20170707,2.68,2.75,2.5,2.52,12900
AIA,20170707,56.38,56.63,56.32,56.59,28600
AIMC,20170707,39,39.6,38.85,39.5,108100
AINV,20170707,19.26,19.26,18.87,19.11,774100
AIQ,20170707,13.25,13.25,13.2,13.2,7300
AIRG,20170707,13.68,14.09,13.6,13.98,25800
AIRR,20170707,23.57,23.75,23.41,23.73,111600
AIRT,20170707,20.5,20.5,20.5,20.5,0
AKAM,20170707,49.55,50.13,49.18,49.24,2019900
AKBA,20170707,14.49,14.56,14.09,14.21,607600
AKTS,20170707,8.5,8.6,8.35,8.6,23200
AKTX,20170707,4.92,4.93,4.17,4.22,119800
ALBO,20170707,24.5,25.38,22.96,25.24,63200
ALCO,20170707,30.35,30.8,30.27,30.8,5100
ALDX,20170707,4.85,4.9,4.7,4.9,66300
ALGN,20170707,150.98,152.8,150.92,151.95,486300
ALGT,20170707,137.2,138.25,136.85,137.6,81000
ALIM,20170707,1.4,1.42,1.38,1.4,192600
ALJJ,20170707,3.08,3.33,3.07,3.12,52600
ALKS,20170707,59.85,60.15,58.87,59.53,575300
ALLT,20170707,5.1,5.19,5.1,5.15,16500
ALNY,20170707,83.07,85.5,83.07,84.08,602300
ALOT,20170707,12.93,13.35,12.9,13.25,14300
ALRM,20170707,36.6,37.33,36.48,37.16,148300
ALRN,20170707,13.45,14.32,13.35,13.8,151700
ALT,20170707,3.1,3.11,3.02,3.02,29900
ALTY,20170707,15.36,15.39,15.35,15.39,2500
AMAT,20170707,42.36,43.79,42.36,43.54,10748700
AMBA,20170707,48.84,49.38,48.45,48.61,407300
AMCX,20170707,53.62,54.34,53.25,54.08,359200
AMD,20170707,13.27,13.74,13.18,13.36,88392100
AMED,20170707,60.7,61.67,60.3,61.35,469400
AMGN,20170707,171.64,172.03,170.59,171.43,2612900
AMKR,20170707,9.79,9.96,9.73,9.83,1204800
AMNB,20170707,37.3,37.7,36.8,37.3,5900
AMOT,20170707,26.77,27.26,26.43,27.1,16700
AMPH,20170707,17.9,18.14,17.79,18.1,212500
AMRK,20170707,16.75,17.34,16.71,16.71,12100
AMRN,20170707,4.26,4.31,3.9,4.12,5172500
AMRS,20170707,3.14,3.34,3.13,3.32,80700
AMSC,20170707,4.55,4.64,4.46,4.55,43500
AMSF,20170707,55.35,56.1,54.7,56.05,47300
AMSWA,20170707,10,10.08,9.96,10.01,108700
AMTX,20170707,1.3,1.3,1.2,1.23,19000
AMWD,20170707,96.75,104.5,96.75,97.75,268400
AMZN,20170707,969.55,980.11,969.14,978.76,2643300
ANAB,20170707,24.2,24.31,24,24.28,20800
ANAT,20170707,116.24,118.63,115.67,117.17,21300
ANDE,20170707,33.55,33.85,33.15,33.75,73200
ANGI,20170707,12.69,12.82,12.69,12.77,105600
ANGO,20170707,15.86,16.13,15.77,16.08,109800
ANIK,20170707,49.44,49.84,49.17,49.55,97200
ANIP,20170707,47.13,47.73,46.56,47.68,161900
ANSS,20170707,121.31,123.04,121.24,122.39,278300
ANY,20170707,0.17,0.17,0.16,0.16,2081100
AOSL,20170707,16.49,16.97,16.49,16.9,88000
APDN,20170707,70,72,66,70.8,155400
APEI,20170707,22.35,22.8,22.25,22.7,17500
APEN,20170707,7.32,7.7,7.32,7.37,3700
APOG,20170707,54.85,55.34,54.71,55.16,243600
APOP,20170707,40.4,42.05,39.5,39.5,25300
APPF,20170707,31.75,32.45,31.75,32.15,53800
APPN,20170707,17.57,19.27,17.47,18.86,422100
APPS,20170707,1.01,1.07,1,1.05,101500
APTO,20170707,1.33,1.4,1.27,1.38,304200
APVO,20170707,27.16,27.44,26.6,26.74,29500
APWC,20170707,3.02,3.02,3.02,3.02,1800
AQB,20170707,7.7,7.7,7.25,7.25,6800
AQMS,20170707,11.99,12.34,11.95,12.12,125900
ARAY,20170707,4.45,4.6,4.4,4.55,286300
ARCB,20170707,20.9,21.65,20.55,21.6,186900
ARCC,20170707,16.49,16.5,16.28,16.33,1499500
ARDX,20170707,5.2,5.45,5.15,5.45,256300
ARGX,20170707,20.29,20.84,20,20.33,29700
ARKR,20170707,22.51,25.09,22.51,24.29,1800
ARLP,20170707,19.35,19.5,18.94,19.35,481400
ARNA,20170707,18.92,19.9,18.74,19.25,1706600
AROW,20170707,31.5,31.95,31.5,31.9,6300
ARRY,20170707,8.74,8.81,8.25,8.35,2736900
ARTNA,20170707,37.33,37.98,37.33,37.75,9000
ARTW,20170707,3.05,3.08,3.05,3.05,900
ARWR,20170707,1.62,1.66,1.6,1.62,352800
ASET,20170707,26.97,26.97,26.97,26.97,700
ASMB,20170707,20.7,21.15,19.88,21.03,71900
ASML,20170707,131.83,133.54,131.83,132.89,588900
ASND,20170707,28.1,28.37,27.75,28.16,21600
ASPS,20170707,21.03,21.57,20.95,21.54,120800
ASRV,20170707,3.97,4,3.95,4,8400
ASTC,20170707,0.95,1.02,0.95,1.01,79400
ASTE,20170707,54.23,54.83,53.74,54.64,112400
ASUR,20170707,14.24,14.42,14.01,14.19,98000
ASYS,20170707,8.44,8.59,8.19,8.51,74200
ATAI,20170707,4.7,4.7,4.59,4.61,1600
ATAX,20170707,6,6,5.9,5.95,45600
ATEC,20170707,1.81,1.88,1.79,1.87,41500
ATHX,20170707,1.74,1.8,1.68,1.75,704300
ATLC,20170707,2.76,2.76,2.56,2.59,13200
ATLO,20170707,30.55,30.6,30.55,30.6,1900
ATNI,20170707,65.8,67.01,65.79,66.66,69400
ATNX,20170707,18,18.69,18,18.42,172400
ATOM,20170707,4.36,4.36,4.15,4.21,44400
ATOS,20170707,5.64,6.36,5.04,5.16,1625800
ATRA,20170707,14.9,15,14.05,14.9,121900
ATRC,20170707,23.76,24.48,23.76,24.36,70200
ATRI,20170707,667.8,667.8,653.5,661.5,8500
ATRO,20170707,30.48,30.7,30.02,30.66,100400
ATRS,20170707,3.06,3.2,3.06,3.19,980000
ATSG,20170707,22.11,22.35,22,22.26,310600
ATVI,20170707,56.75,58.36,56.61,58.09,6223300
ATXI,20170707,7.9,7.9,7.6,7.62,9300
AUBN,20170707,36.35,36.35,36.35,36.35,0
AUDC,20170707,6.25,6.41,6.25,6.26,39800
AUPH,20170707,6.21,6.41,6.21,6.36,706700
AVAV,20170707,38.2,39.13,38.2,38.67,285600
AVDL,20170707,10.76,10.88,10.64,10.83,69100
AVEO,20170707,25.6,28.8,25.1,27.9,14877200
AVGO,20170707,235.3,240.19,235.27,239.62,2473000
AVGR,20170707,208,384,200,256,27866200
AVID,20170707,5.14,5.24,5.11,5.22,150200
AVIR,20170707,0.7,0.75,0.65,0.67,498500
AVNW,20170707,17.84,18.21,17.84,18.05,7600
AVXL,20170707,5.38,5.43,5.3,5.35,165400
AWRE,20170707,5.1,5.1,5.05,5.1,7800
AXDX,20170707,26.95,27.4,26.75,27.4,106900
AXGN,20170707,16.1,16.6,16.05,16.35,103900
AXSM,20170707,5.45,5.5,5.3,5.5,273300
AXTI,20170707,6.4,6.6,6.38,6.6,399600
AZPN,20170707,55.6,56.83,55.55,56.33,385300
BANF,20170707,98.5,100.25,97.5,100.1,19500
BANFP,20170707,27.3,27.41,27.3,27.41,1200
BANR,20170707,56.53,57.13,55.89,56.96,137600
BANX,20170707,20.16,20.23,20.05,20.11,8900
BATRA,20170707,23.65,24.2,23.35,24.18,68800
BATRK,20170707,23.29,23.93,23.18,23.87,98300
BBBY,20170707,29.67,29.85,29.37,29.69,2753200
BBGI,20170707,9.95,10.45,9.87,10.05,28300
BBH,20170707,125.88,126.43,125.67,125.94,17900
BBSI,20170707,57.1,59.5,56.4,59.1,31400
BCACU,20170707,10.19,10.19,10.18,10.18,400
BCBP,20170707,15.15,15.2,14.9,15.2,7900
BCLI,20170707,4.38,4.68,4.38,4.5,311900
BCOR,20170707,20.2,20.2,19.4,19.9,741000
BCOV,20170707,6.2,6.35,6.15,6.3,209900
BCPC,20170707,76.83,77.6,76.25,77.42,84500
BCRX,20170707,5.71,5.88,5.61,5.72,510100
BDSI,20170707,2.85,2.85,2.75,2.85,519100
BECN,20170707,48.33,48.95,47.87,48.82,188000
BELFA,20170707,20.65,20.8,20.6,20.8,1500
BELFB,20170707,25.35,25.45,24.9,25.1,20500
BFIN,20170707,14.9,15.05,14.85,14.98,18800
BFIT,20170707,16.08,16.08,16.08,16.08,0
BGCP,20170707,12.7,12.72,12.53,12.59,1879600
BGFV,20170707,12.75,12.8,12.55,12.65,456300
BGNE,20170707,66.7,70.45,66.18,70.18,712100
BIB,20170707,54.45,54.58,53.65,54.2,811200
BICK,20170707,25.74,25.89,25.74,25.88,5900
BIDU,20170707,181.79,182.78,179.92,181.4,1445000
BIIB,20170707,271.9,274.86,270.8,273.93,906200
BIOC,20170707,13.9,14.1,13.7,14,122700
BIOL,20170707,4.6,4.6,4.3,4.5,101000
BIS,20170707,23.89,24.11,23.7,23.88,52600
BJRI,20170707,35.5,35.8,34.85,34.95,538500
BKCC,20170707,7.54,7.58,7.42,7.53,216600
BKEP,20170707,6,6.1,5.9,5.95,81300
BKEPP,20170707,7.8,7.8,7.71,7.75,38900
BKSC,20170707,19.25,19.95,19.25,19.95,8900
BL,20170707,36.09,36.55,36.03,36.44,93800
BLBD,20170707,16.95,17.45,16.95,17.35,28000
BLCM,20170707,117.6,120,115.9,117,405600
BLDP,20170707,2.75,2.83,2.7,2.74,1148900
BLFS,20170707,2.9,2.9,2.8,2.89,62000
BLIN,20170707,30,30,28,28,4900
BLKB,20170707,85.2,87.29,85.2,87.13,290700
BLMN,20170707,21.16,21.31,21.01,21.16,968900
BLPH,20170707,20.4,21.9,20.25,21.75,498100
BLRX,20170707,12.3,12.6,12.15,12.15,200600
BLUE,20170707,101.45,101.75,98.8,99.8,929900
BMRA,20170707,2.6,2.61,2.54,2.56,4100
BMRC,20170707,31.525,32.05,31.475,32.05,16300
BMRN,20170707,90.4,90.95,89.67,90.51,813600
BMTC,20170707,42.65,43,42.3,42.9,38600
BNDX,20170707,54.01,54.09,53.96,54.03,1326100
BNFT,20170707,34.55,35.45,34.3,35.2,142300
BNSO,20170707,2.51,2.59,2.5,2.51,28500
BNTC,20170707,19.8,19.8,18.5,19,15600
BOKF,20170707,84.78,85.15,83.81,85,112900
BOMN,20170707,13.17,13.3,13.1,13.19,42200
BOOM,20170707,13,13.35,12.8,13.3,10000
BOSC,20170707,1.89,1.89,1.87,1.87,10800
BOTJ,20170707,15.51,15.51,15,15,8000
BOTZ,20170707,18.49,18.64,18.49,18.63,91000
BPMC,20170707,55.05,55.05,52.87,53.38,397500
BPOP,20170707,41.9,42.05,41.31,41.95,267900
BPOPM,20170707,22.7,23,22.64,22.96,31400
BPOPN,20170707,24.49,24.5,24.36,24.36,16400
BPTH,20170707,72,98,72,80,2501200
BRID,20170707,13.11,13.11,13.11,13.11,0
BRKL,20170707,14.75,14.85,14.6,14.85,182100
BRKR,20170707,29.17,29.52,29.09,29.49,343100
BRKS,20170707,22.5,23.28,22.5,23.2,734800
BSET,20170707,39.7,40.4,39.55,39.85,34500
BSQR,20170707,5.65,5.7,5.6,5.6,31600
BSRR,20170707,24.8,25.08,24.33,24.68,29500
BTEC,20170707,28.89,28.89,28.85,28.85,200
BUSE,20170707,29.48,30.08,29.24,29.89,160200
BVXV,20170707,7.75,7.97,7.49,7.8,5700
BWEN,20170707,4.57,4.63,4.5,4.54,42100
BWFG,20170707,31.67,32.75,31.67,32.55,5300
BYFC,20170707,2.07,2.15,2.05,2.15,7700
BYSI,20170707,44.5,44.5,41,42.9,4300
BZUN,20170707,25,25.7,24.76,25.12,1542900
CAAS,20170707,4.84,4.86,4.77,4.84,8700
CAC,20170707,43.89,44.54,43.78,44.4,179500
CACC,20170707,242.73,244.97,239.35,241.8,172400
CACG,20170707,25.1,25.19,25.1,25.19,7200
CAKE,20170707,49.39,49.83,49.37,49.61,973400
CALA,20170707,18,18.1,17.1,17.9,648600
CALM,20170707,38.15,38.72,38.15,38.45,346700
CAMP,20170707,19.39,19.83,19.37,19.62,287300
CAMT,20170707,4.98,5.15,4.98,5.1,461100
CAPR,20170707,7.5,7.7,6.7,6.7,194800
CAR,20170707,27.32,28.68,27.15,28.61,4409900
CARA,20170707,15.04,15.35,13.55,13.62,4206500
CARV,20170707,3.28,3.45,3.2,3.2,5300
CARZ,20170707,36.98,37.13,36.9,37.13,25400
CASH,20170707,29.35,30.0667,29.3333,29.7167,26300
CASI,20170707,1.16,1.19,1.08,1.12,18800
CASS,20170707,65.87,66.32,64.83,65.85,23500
CASY,20170707,103.67,104.65,102.92,104.27,521100
CATH,20170707,29.75,29.86,29.75,29.86,36600
CATY,20170707,37.69,38.14,37.29,38.07,397800
CBAN,20170707,13.5,13.5,13.5,13.5,400
CBAY,20170707,5.75,5.82,5.48,5.65,328400
CBFV,20170707,25.95,25.95,25.95,25.95,0
CBIO,20170707,4.67,4.69,4.51,4.61,73700
CBRL,20170707,166.48,167.17,165.29,165.38,201000
CBSH,20170707,56.88,57.34,56.49,57.12,226000
CCBG,20170707,21.01,21.4,20.75,21.23,9500
CCD,20170707,20.03,20.07,19.9,20.06,87600
CCLP,20170707,4.57,4.68,4.38,4.51,85900
CCMP,20170707,74.47,75.35,73.74,75.04,176300
CCNE,20170707,24.57,24.85,24.27,24.82,9400
CCOI,20170707,40.05,40.75,39.97,40.65,294200
CCRN,20170707,12.27,12.61,12.12,12.58,167100
CCXI,20170707,9.21,9.3,9.08,9.22,124800
CDC,20170707,42.99,43.17,42.98,43.15,29400
CDEV,20170707,14.94,15.09,14.28,14.35,1447000
CDK,20170707,61.04,61.45,60.9,61.16,759300
CDL,20170707,42.1,42.1,41.86,42.03,13000
CDNA,20170707,1.15,1.36,1.11,1.25,444700
CDNS,20170707,33.35,33.85,33.13,33.67,1588600
CDTX,20170707,6.9,7.25,6.9,7.25,202800
CDW,20170707,61.38,62.5,61.28,62.36,1088300
CDXC,20170707,3.73,3.74,3.61,3.67,174600
CDXS,20170707,5.25,5.4,5.2,5.4,48500
CDZI,20170707,12.45,12.6,12.43,12.6,88500
CECE,20170707,10.07,10.25,9.91,10.21,132600
CELH,20170707,4.1,4.18,4.1,4.1,14800
CEMI,20170707,6.2,6.35,6,6.35,52700
CENT,20170707,31.07,32.34,30.79,32.19,85500
CENTA,20170707,29.57,30.79,29.3,30.64,235800
CENX,20170707,16.14,16.14,15.73,15.91,2367300
CERN,20170707,65.29,66.04,65.18,65.74,2035000
CERS,20170707,2.25,2.31,2.21,2.3,714000
CETX,20170707,27.92,28.8,27.76,28.24,43300
CETXP,20170707,7.66,7.66,7.66,7.66,100
CETXW,20170707,0.55,0.55,0.55,0.55,0
CEVA,20170707,44.7,45.7,44.7,45.6,82300
CFA,20170707,43.81,44.22,43.81,44.16,17700
CFBK,20170707,11.22,11.88,11.22,11.825,15500
CFFI,20170707,48.5,49.5,48,48.8,25800
CFFN,20170707,14.1,14.22,14.03,14.2,324500
CFMS,20170707,4.17,4.35,4.15,4.19,209300
CFO,20170707,43.88,44.17,43.88,44.12,36800
CFRX,20170707,13.5,15.4,13.5,14,23000
CG,20170707,19.05,19.25,19,19.25,591300
CGBD,20170707,18.09,18.24,18.05,18.12,30100
CGEN,20170707,3.75,3.85,3.7,3.8,18000
CGNT,20170707,1.63,1.7,1.63,1.7,13500
CGNX,20170707,42.89,44.77,42.845,44.51,855100
CGO,20170707,13.13,13.44,13,13.22,31300
CHCI,20170707,1.97,1.97,1.96,1.96,1000
CHCO,20170707,66.24,67.05,65.31,66.91,41800
CHDN,20170707,60.5167,60.8167,60.2667,60.5833,45200
CHEF,20170707,12,12.4,11.9,12.15,170500
CHEK,20170707,23.4,23.64,23.04,23.16,13300
CHI,20170707,11.28,11.33,11.17,11.2,202400
CHKP,20170707,109.21,112.13,109.21,111.44,895400
CHMG,20170707,40.45,40.99,40.15,40.98,1900
CHNR,20170707,2.09,2.1,2,2,2600
CHRS,20170707,14.05,14.25,13.35,13.5,511300
CHRW,20170707,67.83,68.17,67.47,67.97,1147900
CHSCL,20170707,28.8,29.11,28.8,28.91,115000
CHSCM,20170707,28.26,28.44,28.24,28.4,24200
CHSCN,20170707,29.59,29.68,29.39,29.49,19100
CHSCO,20170707,28.8,29,28.8,28.89,18900
CHSCP,20170707,30.55,30.6,30.52,30.6,6200
CHTR,20170707,332.08,334.43,330.58,332.43,870400
CHUY,20170707,23.4,23.45,23.1,23.35,89800
CHW,20170707,8.53,8.53,8.41,8.48,303700
CHY,20170707,11.83,11.83,11.75,11.8,258400
CIBR,20170707,21.37,21.65,21.37,21.62,128700
CID,20170707,34.18,34.37,34.18,34.37,1100
CIDM,20170707,1.67,1.71,1.66,1.68,74900
CIGI,20170707,55.2,56.15,55.2,56.15,128500
CIL,20170707,37.15,37.15,37.14,37.14,400
CINF,20170707,72.44,73.05,72.13,72.66,520600
CIVB,20170707,21.32,21.67,21.24,21.65,27000
CIZ,20170707,32.13,32.28,32.1,32.21,14800
CIZN,20170707,25.95,25.95,25.3,25.6,2300
CJJD,20170707,1.79,1.79,1.72,1.76,800
CKPT,20170707,9.75,9.75,9.75,9.75,5000
CLBS,20170707,4.35,4.67,4.27,4.32,22500
CLDX,20170707,37.65,38.7,37.35,37.8,1069000
CLFD,20170707,13.27,13.5,13.05,13.15,38600
CLIR,20170707,3.65,3.7,3.6,3.6,20300
CLLS,20170707,25.35,25.6,25.32,25.44,39100
CLMT,20170707,4.1,4.15,4.03,4.05,237500
CLNE,20170707,2.58,2.64,2.56,2.64,703900
CLRB,20170707,15.9,15.9,15.5,15.6,38700
CLRO,20170707,9.65,9.7,9.65,9.7,2300
CLSD,20170707,9.49,9.72,9.25,9.51,94200
CLSN,20170707,1.92,1.93,1.81,1.91,705800
CLVS,20170707,93.9,96.17,93.27,95.65,1552500
CLWT,20170707,2.1667,2.2333,2.1333,2.2333,1700
CMCO,20170707,24.78,24.92,24.2,24.24,321400
CMCSA,20170707,38.3,38.74,38.25,38.57,17471200
CMCT,20170707,15.65,15.7,15.65,15.65,1300
CME,20170707,124.39,125.22,122.9,124.83,1150500
CMLS,20170707,0.47,0.47,0.43,0.46,44800
CMPR,20170707,93.73,95.55,93.3,95.32,188300
CMRX,20170707,5.33,5.51,5.33,5.43,117300
CMTL,20170707,18.9,19.09,18.64,18.72,215700
CNBKA,20170707,63.2,63.9,62.6,63.65,12500
CNCE,20170707,13.95,14.29,13.83,14.14,84000
CNCR,20170707,23.68,23.72,23.5,23.72,13300
CNET,20170707,1.18,1.18,1.16,1.17,3600
CNFR,20170707,7.3,7.4,7.05,7.05,7300
CNOB,20170707,22.8,22.95,22.45,22.95,77100
CNSL,20170707,21.35,21.4,20.55,20.71,802500
CNTY,20170707,7.5,7.62,7.36,7.53,51300
CNXN,20170707,26.32,26.72,26.24,26.6,17100
COGT,20170707,4.7,5.35,4.65,5.35,317200
COHR,20170707,228,238.88,228,236.11,394100
COHU,20170707,15.79,16.29,15.58,16.19,159800
COKE,20170707,225.55,229.7,225.12,226.96,23800
COLB,20170707,39.84,40.27,39.5,40.05,275700
COLL,20170707,13.04,13.45,12.68,13.43,433400
COLM,20170707,56.89,57.68,56.73,57.54,85300
COMM,20170707,37.78,38.46,37.74,38.15,2753600
COMT,20170707,32.34,32.34,32.12,32.15,8300
CONE,20170707,54.07,55.3,53.81,55.14,581300
CONN,20170707,17.75,18.3,17.75,18.2,345800
COOL,20170707,23.13,23.82,22.03,23.15,85100
CORT,20170707,11.95,12.06,11.86,12.03,534900
COST,20170707,157.36,157.55,154.09,154.11,7688300
COUP,20170707,29.5,30.5,29.31,30.45,347400
COWN,20170707,16.35,16.35,16.05,16.1,137000
COWNL,20170707,26.81,26.81,26.81,26.81,0
CPAA,20170707,11.82,11.97,11.82,11.84,3900
CPAAU,20170707,12.64,12.64,12.64,12.64,800
CPAAW,20170707,2.52,2.65,2.52,2.55,13000
CPHC,20170707,11,11,10.98,10.98,1500
CPIX,20170707,6.98,7.08,6.94,7.05,12200
CPLP,20170707,3.75,3.78,3.71,3.74,572100
CPRT,20170707,30.52,31.15,30.3,30.97,1187400
CPRX,20170707,2.77,2.83,2.74,2.82,295900
CPSH,20170707,1.14,1.3,1.14,1.22,11300
CPSI,20170707,31.75,31.9,31.65,31.85,43900
CPSS,20170707,4.66,4.76,4.54,4.56,63800
CPTAG,20170707,25.5,25.73,25.36,25.5,12200
CPTAL,20170707,25.69,25.69,25.5,25.6,6800
CRAI,20170707,35.66,36.64,35.41,36.58,20400
CRBP,20170707,6.3,6.4,6.2,6.4,268500
CREG,20170707,13.2,14,13.1,13.1,62700
CRESY,20170707,18.68,18.68,18.36,18.52,94400
CRIS,20170707,9.55,10.1,9.4,9.95,264600
CRMT,20170707,37.9,38.7,37.25,38.1,28200
CRNT,20170707,2.6,2.64,2.56,2.58,137500
CROX,20170707,7.49,7.63,7.44,7.6,455800
CRSP,20170707,15.68,15.91,15.68,15.88,35500
CRTO,20170707,48,49.11,47.6,48.83,274600
CRUS,20170707,62.99,64.13,62.76,63.7,668900
CRVL,20170707,47.1,48.25,47,48.15,16000
CRVS,20170707,12.4,12.98,12.23,12.73,78300
CRWS,20170707,6.7,6.7,6.46,6.5,12900
CSA,20170707,42.4,42.43,42.4,42.43,800
CSB,20170707,40.32,40.37,40.29,40.37,2600
CSBR,20170707,2.55,2.59,2.55,2.57,7800
CSCO,20170707,30.76,31.07,30.75,30.9,15860500
CSF,20170707,41.28,41.52,41.2,41.52,15600
CSGP,20170707,266.39,271.2,259.05,270.8,167700
CSGS,20170707,40.63,41.19,40.59,41.14,105400
CSII,20170707,31.92,32.51,31.81,32.51,119100
CSIQ,20170707,15.23,15.69,15.15,15.56,1007600
CSML,20170707,25.46,25.58,25.29,25.58,27200
CSOD,20170707,34.24,34.84,33.96,34.64,451400
CSPI,20170707,10.88,10.99,10.81,10.86,2700
CSQ,20170707,11.69,11.73,11.61,11.73,289700
CSTE,20170707,34.15,34.85,34.1,34.75,120400
CSTR,20170707,18.03,18.17,17.8,18.15,10400
CSWC,20170707,16.21,16.27,16.1,16.24,9400
CSWI,20170707,39.5,40.25,39.2,40.25,104200
CSX,20170707,54.72,55.28,54.37,54.85,4172400
CTAS,20170707,124.04,126.63,124.04,126.13,511500
CTBI,20170707,44.8,45.5,44.3,45.35,34300
CTG,20170707,5.49,5.69,5.49,5.62,10700
CTHR,20170707,0.89,0.94,0.89,0.93,8500
CTIB,20170707,5.75,5.75,5.6,5.65,4400
CTIC,20170707,3.36,3.4,3.27,3.29,77300
CTMX,20170707,15.87,16.18,15.87,16.18,138600
CTRE,20170707,18.16,18.3,18.1,18.24,318800
CTRN,20170707,20.78,21,20.59,20.62,148300
CTSH,20170707,66.4,67.32,66.37,66.96,2529400
CTSO,20170707,4.4,4.4,4.25,4.35,28500
CTXS,20170707,78.93,79.65,78.93,79.27,908900
CUBA,20170707,7.22,7.29,7.2,7.27,12500
CUTR,20170707,26.85,27.51,26.55,26.95,181700
CVBF,20170707,22.5,22.68,22.34,22.63,322400
CVCO,20170707,128.1,130.4,127.95,130.1,28000
CVCY,20170707,22.32,22.32,21.9,22.09,16000
CVGI,20170707,8.28,8.52,8.26,8.41,224800
CVGW,20170707,67.3,68,67.1,67.7,109400
CVLT,20170707,55.85,57.3,55.4,57.15,226100
CVLY,20170707,28.54,28.75,28.49,28.75,6600
CVV,20170707,11.11,11.11,11.01,11.05,900
CWBC,20170707,10.29,10.35,10.1,10.35,4900
CWCO,20170707,12.45,12.95,12.38,12.65,87100
CWST,20170707,16.42,16.88,16.26,16.87,228500
CXDC,20170707,4.75,4.75,4.72,4.75,3900
CXSE,20170707,32.87,33.185,32.87,33.03,6700
CYAD,20170707,37.99,38.99,37.99,38.85,1100
CYAN,20170707,3.38,3.38,3.25,3.3,9500
CYBE,20170707,20.75,21.95,20.45,21.85,115900
CYBR,20170707,48.84,49.53,48.84,49.3,297200
CYCC,20170707,73,74,70,70.4,65700
CYCCP,20170707,6.19,6.19,6.19,6.19,0
CYRN,20170707,1.95,1.96,1.89,1.95,9300
CYRX,20170707,4.95,4.95,4.66,4.79,26100
CYTK,20170707,12.85,13,12.75,12.8,220900
CZNC,20170707,23.6,23.88,23.6,23.83,14600
CZR,20170707,11.9,12.2,11.85,12.1,697500
CZWI,20170707,13.98,14.07,13.97,13.98,5900
DAIO,20170707,8.15,8.48,7.91,8.32,109800
DAKT,20170707,9.44,9.55,9.39,9.52,98300
DAX,20170707,28.59,28.77,28.54,28.77,3300
DBVT,20170707,36.06,38.07,35.96,38.07,212600
DCOM,20170707,19.65,20,19.5,19.95,135100
DCTH,20170707,0.17,0.17,0.13,0.14,60402800
DENN,20170707,11.72,11.77,11.64,11.67,214200
DFFN,20170707,32.85,34.2,32.1,32.1,69200
DGICA,20170707,15.66,15.97,15.66,15.8,17400
DGII,20170707,10,10.1,9.87,10.05,84100
DGLY,20170707,4.8,4.95,4.05,4.2,3519800
DGRE,20170707,23.68,23.81,23.68,23.77,4200
DGRS,20170707,33.11,33.36,33,33.36,8200
DGRW,20170707,36.64,36.85,36.64,36.82,80700
DHIL,20170707,199.14,201.39,198.65,201.05,5600
DIOD,20170707,24.82,24.87,24.04,24.55,299800
DISCA,20170707,25.78,25.95,25.44,25.82,1710900
DISCB,20170707,27.75,27.75,27.75,27.75,0
DISCK,20170707,25.15,25.27,24.82,25.15,630500
DISH,20170707,63.65,64.62,63.46,63.89,1553900
DJCO,20170707,208.3,208.3,208.3,208.3,500
DLHC,20170707,5.7,5.72,5.63,5.72,5100
DLTH,20170707,17.54,18.03,17.53,17.98,174400
DLTR,20170707,68,68.69,67.67,67.98,1792100
DMLP,20170707,14.45,15.15,14.45,14.9,75700
DMRC,20170707,36.5,36.5,30.88,31.1,571100
DORM,20170707,75.56,77.19,75.23,76.67,136300
DOX,20170707,64,64.6,63.85,64.53,343000
DRIO,20170707,2.85,2.85,2.45,2.46,16100
DRNA,20170707,3.3,3.4,3.28,3.33,67300
DRRX,20170707,1.54,1.63,1.53,1.6,982100
DSGX,20170707,23.6,24.4,23.5,24.1,42500
DSKE,20170707,11.79,12,11.7,12,209500
DSKEW,20170707,1.39,1.42,1.37,1.4,293100
DSPG,20170707,10.9,11.9,10.9,11.85,174100
DSWL,20170707,2.35,2.35,2.28,2.29,3900
DTEA,20170707,5.8,5.9,5.8,5.85,5800
DVAX,20170707,9.6,9.9,9.55,9.8,800000
DWAC,20170707,24.62,24.62,24.62,24.62,0
DWAS,20170707,42.23,43,42.23,42.98,22500
DWAT,20170707,10.85,10.85,10.85,10.85,0
DWSN,20170707,3.77,3.93,3.7,3.87,69400
DXCM,20170707,71.27,72.37,70.81,72.35,650400
DXGE,20170707,30.17,30.34,30.17,30.34,4200
DXJS,20170707,39.54,39.76,39.54,39.73,14200
DXLG,20170707,2,2.05,1.9,2.05,264400
DXPE,20170707,33.83,33.83,33.02,33.64,92900
DXYN,20170707,4.36,4.6,4.35,4.35,10200
DYNT,20170707,2.85,2.85,2.75,2.75,9000
DZSI,20170707,6.06,6.1,5.93,6.1,22200
EA,20170707,106.28,108.47,105.54,107.45,2152500
EBAY,20170707,34.02,34.55,34.01,34.23,6896500
EBIX,20170707,54.05,54.3,53.45,54.05,213700
EBMT,20170707,17.81,18.4,17.81,18.2,1900
EBSB,20170707,16.9,17.1,16.75,17.1,99900
EBTC,20170707,36.8,36.86,35.26,36.84,5700
ECHO,20170707,19.8,20.13,19.55,20.1,180400
ECOL,20170707,51.1,51.75,50.75,51.55,37000
ECPG,20170707,40,40.4,39.6,40.1,207900
EDAP,20170707,3.17,3.26,3.16,3.22,56600
EDIT,20170707,17.04,17.42,17.01,17.18,274800
EDUC,20170707,4.95,5.35,4.95,5.35,4200
EEFT,20170707,86.5,87.85,85.83,87.23,238300
EEMA,20170707,64.42,64.66,64.25,64.39,15000
EFAS,20170707,17.37,17.39,17.37,17.39,1200
EFOI,20170707,12.4,12.8,12.05,12.05,3200
EFSC,20170707,41.45,41.75,40.9,41.65,101700
EGAN,20170707,2,2,1.9,1.95,19900
EGBN,20170707,63.7,64.6,63.35,64.1,61300
EGLE,20170707,31.01,31.5,29.75,30.66,243000
EGRX,20170707,81.81,83.2,80.64,81.94,245400
EHTH,20170707,18.06,18.27,17.75,18.13,54300
EIGR,20170707,7.83,7.95,7.6,7.7,27400
EKSO,20170707,30.75,33.15,30.75,32.25,102900
ELSE,20170707,3.74,3.74,3.68,3.68,1500
ELTK,20170707,0.65,0.65,0.6,0.6,6300
EMCB,20170707,71.4,71.4,71.4,71.4,0
EMCF,20170707,28.78,28.78,28.78,28.78,0
EMIF,20170707,32.1,32.1,32.08,32.1,1500
EMKR,20170707,10.65,11.15,10.6,11.15,177500
EML,20170707,30.05,31,29.6,30.45,24900
ENDP,20170707,11.25,11.4,10.99,11.31,4759900
ENG,20170707,1.23,1.23,1.2,1.23,53300
ENPH,20170707,0.85,0.85,0.78,0.8,326500
ENSG,20170707,21.3,21.66,20.91,21.61,122600
ENTA,20170707,37.41,37.41,35.21,35.71,280300
ENTG,20170707,22.35,22.7,22.3,22.5,688700
ENZL,20170707,46,46.24,45.91,46.19,37900
EPAY,20170707,25.33,25.82,24.99,25.78,132900
EPIX,20170707,10,10,9.4,9.8,75100
EPZM,20170707,14.9,15.05,14.25,14.7,389500
EQBK,20170707,31.34,31.95,31.26,31.73,40400
EQIX,20170707,418.98,425.35,418.78,423.3,365300
ERIC,20170707,7.16,7.23,7.15,7.23,1667400
ERIE,20170707,123.3,124.22,122.03,123.65,43200
ERII,20170707,7.88,7.94,7.72,7.84,160200
ESBK,20170707,19.96,20,19.96,19.98,7900
ESCA,20170707,13.05,13.05,13,13.05,2200
ESEA,20170707,10.16,10.24,10,10,34400
ESGD,20170707,62.12,62.35,62.02,62.32,3900
ESGE,20170707,31.95,31.985,31.85,31.97,5500
ESGR,20170707,197,203.25,196.7,202.8,19700
ESGU,20170707,52.9,52.9,52.9,52.9,0
ESLT,20170707,124.34,125.36,124.09,125.05,11400
ESPR,20170707,47.4,47.82,46.31,46.75,439100
ESQ,20170707,15,15.04,14.97,14.99,8100
ESSA,20170707,15.2,15.22,14.98,15.21,5300
ESXB,20170707,8.3,8.35,8.2,8.3,45000
ETSY,20170707,14.73,15.15,14.69,15.02,1243900
EUFN,20170707,22.43,22.52,22.34,22.51,4849800
EVBG,20170707,23.07,23.5,22.8,23.43,131100
EVGBC,20170707,99.97,99.97,99.97,99.97,0
EVGN,20170707,4.9,4.96,4.8,4.85,5000
EVK,20170707,2.65,2.65,2.65,2.65,0
EVLMC,20170707,99.94,99.94,99.94,99.94,0
EVLV,20170707,1.02,1.05,0.99,1.02,170100
EVOK,20170707,2.62,2.62,2.53,2.59,81100
EVOL,20170707,5.05,5.35,4.9,5.2,42000
EVSTC,20170707,99.97,99.97,99.97,99.97,0
EWBC,20170707,58.96,59.69,58.42,59.38,1193500
EWZS,20170707,13.16,13.16,13.04,13.11,8200
EXAS,20170707,36.44,37.42,36,37.03,2748800
EXEL,20170707,24.81,25.3,24.66,25.21,3929900
EXLS,20170707,54.73,55.31,54.73,54.88,113400
EXPD,20170707,56.35,56.98,56.11,56.93,815300
EXPE,20170707,148.95,150.39,148.95,149.78,932300
EXPO,20170707,28.775,29.225,28.65,29.1,80500
EXTR,20170707,8.98,9.35,8.98,9.31,826000
EYEG,20170707,20.7,21,20.25,20.7,125400
EYES,20170707,10.08,10.4,9.6,9.68,250200
EYESW,20170707,0.39,0.39,0.39,0.39,0
EZPW,20170707,7.9,7.95,7.7,7.85,512000
FAAR,20170707,28.46,28.71,28.46,28.7,11400
FAB,20170707,51.62,52.19,51.62,52.19,6200
FAD,20170707,58.13,58.74,58.13,58.7,4500
FALN,20170707,27.13,27.13,27.13,27.13,1000
FANG,20170707,85.39,86.31,82.77,86.09,1441700
FANH,20170707,8.7,8.81,8.66,8.66,11700
FARM,20170707,29.75,30.1,29.5,29.8,57000
FARO,20170707,36.9,37.85,36.9,37.8,118900
FAST,20170707,22.065,22.105,21.82,21.945,1740200
FATE,20170707,3.35,3.45,3.31,3.39,119800
FB,20170707,149.25,151.99,149.19,151.44,13615900
FBIO,20170707,4.61,4.75,4.54,4.71,199500
FBIZ,20170707,23.56,23.6,23.28,23.6,12400
FBMS,20170707,27.55,27.55,26.95,27.4,9200
FBNC,20170707,31.48,31.68,30.88,31.57,55400
FBZ,20170707,14.06,14.06,13.9,14.01,43200
FCA,20170707,23.8,23.8,23.8,23.8,0
FCAL,20170707,49.81,49.81,49.81,49.81,0
FCAP,20170707,31.11,31.3,30.91,31.11,3500
FCBC,20170707,27.21,28.19,27.13,28.11,11300
FCCO,20170707,20.1,20.48,19.88,20.3,4300
FCCY,20170707,17.3,17.5,17.25,17.25,2900
FCEF,20170707,21.42,21.48,21.42,21.43,3300
FCEL,20170707,14.52,15.6,14.16,15,803800
FCNCA,20170707,379.87,384,372.74,383.24,23400
FCVT,20170707,28.06,28.06,27.58,27.74,5600
FDIV,20170707,51.17,51.48,50.63,51.09,4400
FDT,20170707,54.89,55.18,54.79,55.03,52200
FDTS,20170707,37.93,37.93,37.93,37.93,0
FDUS,20170707,16.73,16.82,16.65,16.8,47500
FEIM,20170707,9.3,9.49,9.21,9.49,14500
FELE,20170707,40.7,41.1,40.45,41.1,73900
FEM,20170707,23.7,23.7,23.53,23.55,114400
FEMB,20170707,44.9,44.9,42,42,20700
FEMS,20170707,36.94,37.18,36.77,36.96,218800
FEP,20170707,34.72,34.94,34.63,34.87,64800
FEUZ,20170707,39.05,39.28,38.95,38.95,1300
FEX,20170707,53,53.36,53,53.29,64800
FFBC,20170707,28.05,28.3,27.85,28.25,128300
FFHL,20170707,3.1,3.4,3.01,3.26,72400
FFIC,20170707,28.11,28.83,28.11,28.74,40100
FFIN,20170707,22.225,22.225,21.765,22.075,301500
FFIV,20170707,127.97,129.1,127.15,127.63,612000
FFNW,20170707,17.34,17.58,17.14,17.49,14200
FFWM,20170707,16.55,16.6,16.45,16.56,62900
FGBI,20170707,27.28,27.4,27.07,27.37,8600
FGEN,20170707,33,33.65,32.85,33.45,252200
FGM,20170707,43.41,43.58,43.41,43.58,2900
FHB,20170707,30.67,30.85,30.28,30.79,240600
FIBK,20170707,37.6,37.9,37.05,37.75,157500
FINX,20170707,18.64,18.72,18.64,18.72,3800
FISI,20170707,29.9,30,29.65,29.85,57500
FISV,20170707,61,61.735,61,61.385,704300
FITB,20170707,26.55,26.62,26.31,26.48,4073500
FITBI,20170707,30.37,30.65,30.31,30.5,26100
FIVE,20170707,48,48.59,47.72,47.87,1086700
FIVN,20170707,21.25,21.9,21.25,21.65,308900
FIXD,20170707,50.81,50.81,50.5,50.52,33000
FIZZ,20170707,93.72,99.35,92.96,96.57,383400
FJP,20170707,51.89,51.91,51.72,51.91,23700
FKU,20170707,35.96,36.14,35.96,36.14,900
FLDM,20170707,3.8,3.96,3.79,3.9,58700
FLEX,20170707,16.14,16.46,16.14,16.29,2133800
FLGT,20170707,6.31,6.47,6.24,6.36,21900
FLIC,20170707,28.3,28.73,27.95,28.65,30500
FLL,20170707,2.49,2.51,2.44,2.45,20900
FLN,20170707,19.24,19.25,19.02,19.19,31100
FLWS,20170707,9.55,9.65,9.4,9.65,68900
FLXN,20170707,22.48,22.73,21.36,21.8,1057800
FLXS,20170707,55.12,55.79,54.24,55.16,15700
FMAO,20170707,64.73,64.73,62.57,63.77,14100
FMB,20170707,52.71,52.76,52.61,52.72,18400
FMBH,20170707,35.01,35.61,34.96,35.48,11700
FMBI,20170707,23.68,23.85,23.42,23.74,571500
FMNB,20170707,14.85,15,14.7,14.85,22500
FNHC,20170707,15.81,15.81,15.61,15.72,23700
FNK,20170707,33.21,33.27,33.21,33.27,3200
FNLC,20170707,26.88,27.47,26.87,27.41,10100
FNWB,20170707,16,16.27,15.98,16.07,6700
FNX,20170707,58.92,59.45,58.91,59.45,33300
FNY,20170707,34.37,34.69,34.37,34.67,11500
FOLD,20170707,10.59,10.73,10.34,10.44,1448500
FONR,20170707,28.3,28.5,27.7,28.15,48200
FORD,20170707,1.06,1.09,1.04,1.06,6700
FORM,20170707,12,12.35,11.95,12.25,668200
FORR,20170707,39.54,40.1,38.85,40,42000
FORTY,20170707,37.99,37.99,37.99,37.99,0
FOSL,20170707,9.83,10.52,9.79,10.44,2382500
FOX,20170707,27.54,27.71,27.31,27.56,1503000
FOXA,20170707,27.92,28.15,27.75,27.9,6742500
FOXF,20170707,35.4,36.2,35.25,35.9,275400
FPA,20170707,32.25,32.47,32.25,32.45,4100
FPAY,20170707,4.02,4.2,4.02,4.19,1600
FPXI,20170707,31.46,31.63,31.46,31.6,5000
FRBA,20170707,12.05,12.25,11.95,12.1,7600
FRBK,20170707,9.25,9.45,9.2,9.45,139400
FRGI,20170707,19.85,20.05,19.4,19.8,675000
FRME,20170707,39.6,40.88,39.53,40.79,311600
FRPH,20170707,46.4,46.4,44.5,46.15,3200
FRPT,20170707,15.85,16.23,15.7,16.05,153300
FRSH,20170707,4.42,4.42,4.2,4.21,36100
FRSX,20170707,10.1,10.1,9.85,10.08,800
FRTA,20170707,8.01,8.24,7.81,8.08,338000
FSBC,20170707,14.66,14.69,14.65,14.69,6700
FSBW,20170707,43.52,44.42,43.52,43.66,3200
FSFG,20170707,53,54,52.46,53,2600
FSLR,20170707,38.78,39.56,38.71,39.4,1142800
FSTR,20170707,20.9,21.45,20.55,21.4,36000
FSV,20170707,63,63.63,62.87,63.18,57400
FSZ,20170707,48.74,48.86,48.71,48.82,3400
FTA,20170707,49.83,50.2,49.83,50.11,136100
FTAG,20170707,25.03,25.09,25.03,25.08,800
FTC,20170707,54.54,55.23,54.54,55.1,42500
FTCS,20170707,45.6,45.79,45.49,45.74,55500
FTEK,20170707,0.79,0.83,0.79,0.79,93100
FTFT,20170707,2.5,2.51,2.36,2.36,25600
FTGC,20170707,19.37,19.37,19.31,19.36,21200
FTHI,20170707,21.73,21.9,21.73,21.88,12500
FTLB,20170707,21.71,21.71,21.54,21.66,9500
FTNT,20170707,38.27,38.9,37.5,38.49,1286600
FTRI,20170707,11.04,11.04,11.04,11.04,0
FTSL,20170707,48.44,48.44,48.38,48.39,110800
FTSM,20170707,60.03,60.04,60,60.02,226600
FTXD,20170707,19.25,19.25,19.25,19.25,0
FTXG,20170707,20.03,20.03,20.03,20.03,200
FTXH,20170707,20.73,20.77,20.73,20.77,900
FTXL,20170707,24.84,25,24.84,24.94,1300
FTXN,20170707,17.64,17.64,17.64,17.64,0
FTXO,20170707,27.05,27.05,26.64,26.85,124200
FTXR,20170707,24.42,24.49,24.42,24.49,400
FULT,20170707,18,19.15,18,19.15,678100
FUNC,20170707,14.95,14.95,14.95,14.95,1600
FUND,20170707,7.28,7.31,7.25,7.3,58400
FUSB,20170707,11.08,11.3,11.08,11.11,1700
FV,20170707,24.8,25.03,24.8,24.98,241900
FVC,20170707,23.01,23.32,23.01,23.25,33500
FVE,20170707,1.6,1.65,1.55,1.65,66800
FWONA,20170707,33.02,33.79,32.88,33.64,345700
FWONK,20170707,34.02,34.84,34.01,34.71,2422500
FWP,20170707,20.76,21.3,20.3,20.59,35000
FWRD,20170707,53.5,54.4,52.58,54.01,142000
FYC,20170707,38.31,38.49,38.23,38.49,13700
FYT,20170707,33.53,33.85,33.53,33.85,3500
FYX,20170707,55.16,55.57,55.13,55.55,71600
GABC,20170707,34.24,34.75,34.06,34.53,31200
GAIA,20170707,10.5,10.9,10.5,10.85,25400
GAIN,20170707,9.35,9.45,9.25,9.44,83400
GAINN,20170707,25.83,25.95,25.6,25.8,9900
GALT,20170707,2.46,2.49,2.33,2.45,56200
GASS,20170707,3.22,3.26,3.11,3.17,56100
GBCI,20170707,36.9,37.15,36.45,37.01,184400
GBDC,20170707,19.19,19.25,19.08,19.19,179300
GBLI,20170707,39.3,39.76,39.01,39.2,9500
GBLIL,20170707,25.67,25.72,25.62,25.71,23900
GBT,20170707,29.15,29.5,28.55,28.85,379200
GCBC,20170707,26.9,26.9,26.9,26.9,400
GDEN,20170707,20.68,21.07,20.36,20.66,52400
GDS,20170707,8.56,8.69,8.2,8.2,254700
GECC,20170707,10.7,10.7,10.65,10.65,8600
GENC,20170707,16.2,16.45,16.2,16.3,7100
GENE,20170707,3.48,3.68,3.44,3.64,94900
GENY,20170707,28.66,28.66,28.66,28.66,0
GEOS,20170707,13.3,13.64,13.3,13.48,41800
GERN,20170707,2.87,2.89,2.85,2.87,598100
GEVO,20170707,12.6,13,12.2,12.6,116000
GFED,20170707,20.85,20.9,20.81,20.9,1400
GGAL,20170707,41.9,42.95,41.25,41.57,256800
GIFI,20170707,11.3,11.3,11.15,11.25,49400
GIGM,20170707,3.03,3.08,3.01,3.05,5500
GIII,20170707,23.14,23.67,22.66,22.77,795200
GILD,20170707,69.69,69.69,68.54,69.25,6535700
GILT,20170707,5.39,5.4,5.33,5.4,7800
GLAD,20170707,9.81,9.85,9.76,9.8,73300
GLBL,20170707,5,5.05,5,5.05,493700
GLBS,20170707,1650,1890,1250,1270,9086700
GLBZ,20170707,11.16,11.16,11,11,1300
GLDD,20170707,4.25,4.25,4.13,4.2,137900
GLDI,20170707,9.07,9.07,8.97,8.99,43100
GLMD,20170707,6.61,6.61,6.27,6.5,16900
GLNG,20170707,23.07,23.41,22.28,22.46,1254800
GLPG,20170707,75.34,77.04,75.34,76.69,147400
GLPI,20170707,36.71,37.14,36.53,37.12,1268800
GLRE,20170707,21.15,21.2,20.75,21.1,64700
GLYC,20170707,11.11,11.43,11.01,11.18,273700
GNCA,20170707,41.04,41.28,40.16,40.4,182000
GNMA,20170707,49.69,49.69,49.5,49.53,13300
GNTX,20170707,18.68,18.95,18.58,18.87,1518400
GNTY,20170707,31.69,32.46,31.69,32.34,7200
GNUS,20170707,3.32,3.49,3.28,3.38,26600
GOGL,20170707,6.04,6.07,5.82,5.89,377700
GOGO,20170707,11.15,11.19,11.05,11.18,342900
GOOD,20170707,21.33,21.45,21.09,21.34,190200
GOODO,20170707,25.65,25.7,25.62,25.62,1300
GOOG,20170707,908.85,921.54,908.85,918.59,1637700
GOOGL,20170707,930.98,944.66,929.79,940.81,1663300
GPAC,20170707,9.99,9.99,9.99,9.99,0
GPACW,20170707,0.24,0.24,0.24,0.24,0
GPP,20170707,18.85,18.85,18.57,18.7,11500
GPRE,20170707,20,20.25,19.6,20.15,458400
GPRO,20170707,8,8.11,7.9,7.98,1706300
GRBK,20170707,11.65,11.93,11.65,11.75,35000
GRFS,20170707,20.42,20.66,20.4,20.6,652100
GRID,20170707,43.27,43.79,43.27,43.79,13800
GRMN,20170707,51.24,51.38,50.98,51.17,931100
GROW,20170707,1.52,1.52,1.48,1.48,17100
GRPN,20170707,73.8,75.4,73.6,74.2,6515600
GRVY,20170707,9.455,9.455,9.135,9.25,5500
GSBC,20170707,53.85,54.25,53.25,54.25,14300
GSIT,20170707,7.91,8.27,7.91,8.2,56400
GSM,20170707,12.17,12.27,11.93,12.22,401000
GT,20170707,35.21,35.72,35.1,35.47,1663200
GTHX,20170707,16.69,17.2,16.69,16.9,8200
GTIM,20170707,3.6,3.6,3.5,3.5,11100
GTYH,20170707,10.2,10.2,10.2,10.2,0
GURE,20170707,7.85,7.95,7.75,7.9,59500
GWGH,20170707,10.2,10.5,10.2,10.47,2600
GWRS,20170707,9.92,10,9.86,9.99,18700
GYRO,20170707,20.23,20.23,20.23,20.23,300
HA,20170707,47.45,48.65,47,48.3,949400
HAFC,20170707,28.55,28.9,28.25,28.83,140400
HAIN,20170707,38.27,39.16,38.09,38.86,2820200
HALL,20170707,11.38,11.44,11.37,11.4,9400
HALO,20170707,12.94,13.11,12.89,13.03,494000
HAS,20170707,111.55,112.19,111.15,111.93,463500
HAYN,20170707,36.08,36.22,35.38,36.11,34200
HBAN,20170707,13.7,13.77,13.59,13.69,10691000
HBANN,20170707,26.24,26.24,26.05,26.05,700
HBANP,20170707,1425,1470,1425,1440,100
HBCP,20170707,42.87,43.6,42.36,43.19,8500
HBIO,20170707,2.53,2.53,2.45,2.5,75300
HBMD,20170707,19.45,19.6,19.45,19.55,15400
HBNC,20170707,17.5533,17.74,17.12,17.6867,47700
HBP,20170707,6.82,6.89,6.78,6.85,138600
HCCI,20170707,16,16.35,15.95,16.25,58900
HCKT,20170707,15.47,15.78,15.4,15.76,110500
HCM,20170707,23.49,23.49,23.15,23.32,5800
HCSG,20170707,46.01,46.96,45.1,46.49,298100
HDSN,20170707,8.88,9.39,8.75,9.3,711900
HEAR,20170707,2.72,2.76,2.68,2.76,126800
HEES,20170707,19.98,19.99,19.27,19.87,192300
HELE,20170707,92.1,94.45,91.13,94.25,187500
HFBL,20170707,25.56,25.56,25.56,25.56,0
HFWA,20170707,26.5,26.6,26.15,26.5,123100
HGSH,20170707,2.94,3.1,2.94,3.1,5600
HIBB,20170707,20.2,20.5,20.15,20.35,291300
HIFS,20170707,180.75,180.8,179.05,179.4,4300
HIHO,20170707,3.61,3.75,3.61,3.75,1600
HIMX,20170707,8.1,8.26,8.08,8.16,1473000
HLG,20170707,8.9,9.5,8.9,9.5,6900
HLIT,20170707,5.25,5.35,5.15,5.35,503800
HLNE,20170707,21.99,22.4,21.95,22.19,144700
HMHC,20170707,11.95,11.95,11.75,11.95,365000
HMNF,20170707,17.5,17.5,17.5,17.5,100
HMST,20170707,28.1,28.3,27.8,28.2,71500
HMTV,20170707,11.9,11.95,11.85,11.9,26000
HNNA,20170707,14.56,14.7,14.45,14.6,9700
HNRG,20170707,7.88,8.37,7.88,8.34,56300
HOFT,20170707,40.8,41.4,40.7,41.3,83200
HOLI,20170707,16.42,16.57,16.29,16.42,225400
HOLX,20170707,44.68,45.17,44.64,45.08,1465800
HOMB,20170707,25,25.04,24.55,24.95,362300
HONE,20170707,11.1261,11.1874,11.0927,11.1484,42400
HOPE,20170707,18.86,18.97,18.64,18.93,280800
HOVNP,20170707,7.01,7.5,7,7.5,14600
HQY,20170707,48.42,50.33,48.42,50.19,522100
HRTX,20170707,13.65,13.7,12.75,12.85,4512100
HRZN,20170707,11.4,11.4,11.3,11.34,30600
HSIC,20170707,181.46,183.87,181.26,182.84,309800
HSII,20170707,21.25,22.55,20.95,22.45,55700
HSKA,20170707,103.02,104.87,102.28,103.22,79000
HSON,20170707,13.4,13.6,13.4,13.4,9400
HSTM,20170707,25.2,25.49,24.95,25.02,106400
HTBI,20170707,24.5,24.8,24.3,24.65,30500
HTBK,20170707,13.97,14.07,13.77,14.05,75500
HTBX,20170707,6,6,5.4,5.7,599400
HTGM,20170707,2.45,2.45,2.27,2.3,284700
HTHT,20170707,19.13,19.615,19.13,19.375,153600
HTLD,20170707,21.26,21.58,21.11,21.55,652800
HTLF,20170707,47.1,47.6,46.5,47.45,50900
HUBG,20170707,38.1,38.3,37.85,38.25,97500
HURC,20170707,33.46,34.97,33.46,34.75,19900
HURN,20170707,42.3,42.7,42,42.65,80500
HVBC,20170707,14.45,14.48,14.45,14.48,5200
HWBK,20170707,20.95,20.95,20.95,20.95,200
HWKN,20170707,46.25,46.95,46.05,46.95,16100
HYLS,20170707,49.32,49.32,49.11,49.24,390200
HYZD,20170707,24.09,24.21,24.04,24.05,35100
HZNP,20170707,12.35,12.43,12.2,12.33,2569400
IAC,20170707,101.18,103.38,101.18,102.54,350400
IART,20170707,53.27,53.8,52.96,53.66,808800
IBB,20170707,312.93,313.61,310.82,312.46,756400
IBCP,20170707,21.8,21.85,20.3,21.85,46300
IBKR,20170707,37.74,37.87,37.28,37.44,324700
IBOC,20170707,35.5,35.85,35.05,35.7,105800
IBTX,20170707,59.95,60.1,58.8,59.95,63300
ICAD,20170707,4.26,4.26,4,4.1,49800
ICBK,20170707,24.95,24.95,24.3,24.3,1100
ICCC,20170707,7.1,7.1,6.94,7.02,5600
ICCH,20170707,17.7,17.7,17.21,17.7,1000
ICFI,20170707,46.15,46.45,45.9,46.3,40600
ICHR,20170707,19.52,20.34,19.52,20.24,535800
ICLN,20170707,8.53,8.57,8.5,8.57,40900
ICLR,20170707,98.99,99.44,97.33,98.24,600300
ICPT,20170707,122.67,126.83,122.6,124.23,283700
ICUI,20170707,173.15,173.35,169.8,170.85,273800
IDCC,20170707,76.6,77.85,76.55,77.75,219600
IDLB,20170707,27.66,27.85,27.62,27.85,30700
IDRA,20170707,14,14.4,13.92,14.4,298900
IDXX,20170707,159.82,162.36,159.55,161.43,411500
IEP,20170707,50.74,51.59,50.53,51.38,26100
IESC,20170707,18,18.8,17.8,18.8,39100
IEUS,20170707,51.56,51.94,51.49,51.94,4200
IFGL,20170707,28,28.08,27.93,28.04,79300
IFMK,20170707,12.6,12.7,12.5,12.7,6000
IFV,20170707,19.61,19.72,19.6,19.68,60300
IGF,20170707,43.48,43.6,43.31,43.6,267800
IGOV,20170707,94.75,94.76,94.49,94.66,16500
III,20170707,4.05,4.1,4.05,4.1,27900
IIN,20170707,8.2,8.5,8,8.5,32400
IIVI,20170707,34.8,35.85,34.45,35.45,364400
IKNX,20170707,8.77,8.89,8.51,8.6,10400
ILMN,20170707,172.73,174.01,171.95,172.11,639100
IMGN,20170707,7.58,7.88,7.53,7.73,2411200
IMKTA,20170707,30.45,31,29.9,31,103300
IMMR,20170707,8.51,8.57,8.44,8.53,94600
IMOS,20170707,20,20.12,19.91,20.05,25500
IMRN,20170707,8.49,8.55,8.26,8.34,8900
IMRNW,20170707,1.94,1.94,1.75,1.94,1700
INBK,20170707,28.7,28.85,28.7,28.85,2800
INCR,20170707,57.4,58.05,56.9,57.3,564900
INCY,20170707,127.58,131.43,127.35,130.84,1030300
INDB,20170707,67.3,67.5,66.55,67.35,57300
INDY,20170707,34.09,34.21,34.04,34.13,55700
INFI,20170707,1.58,1.66,1.47,1.51,624900
INFN,20170707,10.47,10.7,10.44,10.6,1198900
INFR,20170707,28.24,28.26,28.24,28.26,700
INGN,20170707,94.25,95.62,94.16,94.86,104000
INO,20170707,7.83,7.94,7.76,7.88,461500
INOD,20170707,1.7,1.8,1.65,1.7,5700
INOV,20170707,13.4,13.4,13.05,13.3,301000
INPX,20170707,32400,37800,31320,36180,1157300
INSE,20170707,12.5,12.65,12.25,12.55,2700
INSG,20170707,1.37,1.54,1.34,1.41,473600
INSM,20170707,17.7,17.76,17.25,17.27,312800
INTC,20170707,33.7,34.12,33.7,33.88,18304400
INTG,20170707,25.4,25.4,25.4,25.4,0
INTU,20170707,132,133,131.71,131.9,1226100
INVA,20170707,12.8,12.91,12.56,12.58,493700
INVE,20170707,5.32,5.32,5.15,5.22,14400
IONS,20170707,53.46,54.37,52.95,53.43,819200
IOSP,20170707,64.75,65.38,64.15,65.35,52900
IOVA,20170707,7.05,7.1,6.8,6.8,180500
IPAR,20170707,36.05,36.5,35.78,36.35,45700
IPDN,20170707,6.34,6.52,6.05,6.05,13100
IPGP,20170707,147.99,151.14,147.44,150.63,259300
IPKW,20170707,31.83,31.89,31.77,31.88,10400
IPWR,20170707,20.8,21.2,20.3,21.2,8500
IRBT,20170707,80.3,84.5,80.23,83.65,989000
IRCP,20170707,56.6,56.6,56.6,56.6,0
IRDM,20170707,10.6,10.77,10.31,10.7,703700
IRIX,20170707,9.63,9.84,9.09,9.73,56600
IRMD,20170707,8.5,8.7,8.3,8.55,20900
IROQ,20170707,19.49,19.5,19.48,19.5,3500
IRTC,20170707,41.99,44.7,41.53,42.55,148400
IRWD,20170707,19.54,19.64,19.08,19.19,482200
ISBC,20170707,13.38,13.4,13.04,13.21,3219600
ISHG,20170707,81.39,81.39,81.33,81.37,7600
ISIG,20170707,1.03,1.06,0.99,1.06,19200
ISRG,20170707,938.43,948.19,937.63,944.27,231900
ISSC,20170707,4.17,4.2,4.06,4.16,8700
ISTR,20170707,22.8,22.8,22.35,22.55,4900
ITCI,20170707,12.04,12.27,12.03,12.25,210100
ITI,20170707,6.03,6.14,5.95,6.12,97300
ITIC,20170707,188.08,190,188.08,190,2100
ITRI,20170707,67.25,68.55,67.15,68.4,69900
ITRN,20170707,31.55,31.8,31.15,31.75,20800
IVAC,20170707,10.9,11.4,10.75,11.3,102300
IXUS,20170707,56.98,57.16,56.86,57.13,320700
IZEA,20170707,1.8,1.85,1.8,1.82,7200
JACK,20170707,97.17,98,96.95,97.39,300500
JAGX,20170707,588,588,525,567,411800
JAKK,20170707,39,39,38,38.5,111200
JAZZ,20170707,154.56,155.52,152.53,154.49,390700
JBHT,20170707,92.71,93.94,92.26,93.65,1122200
JBLU,20170707,22.9,23.55,22.84,23.36,4184400
JBSS,20170707,62.08,63.22,62.08,62.49,55300
JCS,20170707,4.33,4.53,4.23,4.28,17700
JCTCF,20170707,6.175,6.465,6.175,6.25,3500
JD,20170707,39.1,39.66,39.1,39.22,6603100
JJSF,20170707,130.81,131.85,130,131.59,27600
JKHY,20170707,102.63,104.17,102.63,103.6,297600
JNCE,20170707,14.39,14.92,14.12,14.33,62900
JOBS,20170707,45.05,45.57,45.05,45.31,39900
JOUT,20170707,46.97,47.3,45.63,47.13,23800
JRJC,20170707,16.7,16.7,15.4,15.9,32300
JRVR,20170707,39.59,40.14,39.47,40.09,157400
JSM,20170707,23.88,24.28,23.83,24.15,18500
JSMD,20170707,34.26,34.38,34.23,34.35,1600
JSML,20170707,33.18,33.18,33.18,33.18,0
JVA,20170707,4.4,4.48,4.38,4.4,4900
JYNT,20170707,3.85,3.87,3.56,3.6,33400
KALU,20170707,90.92,91.33,89.81,91.13,97000
KALV,20170707,7.19,7.25,7.06,7.15,2400
KBAL,20170707,16.85,17.32,16.75,17.06,83500
KBSF,20170707,2.86,3.1,2.86,3.08,18900
KBWB,20170707,50.14,50.2,49.71,50.17,110000
KBWD,20170707,24.42,24.42,24.15,24.3,40200
KBWP,20170707,58.33,58.88,58.33,58.82,3100
KBWR,20170707,53.75,54.37,53.7,54.32,4000
KBWY,20170707,36.65,36.9,36.37,36.85,47600
KE,20170707,17.95,18.3,17.95,18.2,45200
KELYA,20170707,22.52,22.62,22.16,22.58,100500
KELYB,20170707,22.3,22.3,22.3,22.3,0
KEQU,20170707,25,25.02,25,25.02,200
KFFB,20170707,9.57,9.57,9.57,9.57,0
KFRC,20170707,18.85,19.7,17.97,19.65,103400
KHC,20170707,82.58,83.9,82.2,83.04,3454600
KINS,20170707,15.6,15.9,15.35,15.9,23900
KIRK,20170707,9.98,10.21,9.85,10.2,133600
KLAC,20170707,93.21,95.09,92.96,94.57,1181000
KLIC,20170707,19.21,20.01,19.21,19.97,1065100
KMDA,20170707,5.95,6,5.8,5.9,59400
KMPH,20170707,3.53,3.53,3.3,3.3,50700
KNDI,20170707,4.35,4.4,4.35,4.4,70600
KNSL,20170707,36.13,37.07,35.04,36.97,50000
KOPN,20170707,3.65,3.73,3.63,3.71,181000
KOSS,20170707,1.79,1.79,1.79,1.79,0
KPTI,20170707,9.54,9.6,9.25,9.3,111800
KRMA,20170707,17.42,17.51,17.42,17.51,1400
KRNT,20170707,19.35,19.8,19.35,19.75,76400
KRNY,20170707,14.95,15.35,14.85,15.25,425300
KTCC,20170707,7.22,7.22,6.95,7.16,29700
KTOS,20170707,11.97,12.22,11.88,12.19,838100
KURA,20170707,9.05,9.5,8.8,9.5,22000
KVHI,20170707,9.4,9.4,9.25,9.4,7800
LAKE,20170707,15.25,15.45,15,15.25,155300
LAMR,20170707,72.65,73.06,72.23,72.58,321000
LANC,20170707,121.86,122.45,121.12,121.69,91000
LAND,20170707,11.4,11.53,11.26,11.53,22800
LARK,20170707,29.36,29.47,29.36,29.47,500
LAUR,20170707,17.22,17.42,17.05,17.33,341300
LAWS,20170707,23.1,23.15,22.4,22.6,10900
LBAI,20170707,19.15,19.35,18.85,19.3,110600
LBRDA,20170707,83.89,84.87,83.71,84.46,65400
LBRDK,20170707,85.34,86.3,84.91,85.92,995600
LBTYA,20170707,31.22,31.63,31.1,31.46,1643700
LBTYB,20170707,31.05,31.05,31.05,31.05,0
LBTYK,20170707,30.35,30.65,30.22,30.53,1238700
LCA,20170707,10.01,10.01,10.01,10.01,9400
LCAHU,20170707,10.86,10.86,10.86,10.86,0
LCAHW,20170707,0.73,0.73,0.73,0.73,0
LCNB,20170707,20.5,21.5,20.5,21.5,5300
LCUT,20170707,18.25,18.85,18.1,18.8,14300
LE,20170707,14.3,14.5,14.2,14.4,80900
LECO,20170707,92.09,92.64,91.7,92.41,489800
LEDS,20170707,2.65,2.65,2.42,2.43,12000
LFUS,20170707,168.16,169.7,168.16,168.94,124100
LFVN,20170707,3.96,4.12,3.85,4.1,93900
LGIH,20170707,42.26,42.78,40.49,41.91,839800
LGND,20170707,119.76,120.46,118.92,119.8,130300
LHCG,20170707,65.74,66.63,65.25,66.48,78000
LIFE,20170707,47.6,49,46.9,49,11100
LILA,20170707,22.1,22.39,22.01,22.3,223900
LILAK,20170707,21.59,21.85,21.48,21.76,798500
LINC,20170707,3.11,3.18,3.03,3.1,20600
LIND,20170707,10.33,10.38,10.12,10.16,51700
LINK,20170707,8.7,8.7,8.7,8.7,400
LITE,20170707,58.9,62,58.9,61.6,1847700
LIVE,20170707,10.08,10.18,10.08,10.16,2500
LIVN,20170707,60.93,62.69,60.93,62.64,383300
LJPC,20170707,32.23,32.52,31.55,32.22,197900
LKFN,20170707,46.78,47.44,46.54,47.2,59600
LKQ,20170707,31.39,32.28,31.17,31.49,2435700
LLNW,20170707,3.01,3.1,3.01,3.07,158100
LMAT,20170707,31.39,32.42,31.3,31.99,123700
LMB,20170707,11.95,12.28,11.9,12.14,23700
LMBS,20170707,52.23,52.23,52.16,52.21,109500
LMFA,20170707,40.8,40.8,40.6,40.6,800
LMNR,20170707,22.33,22.83,22.15,22.66,11700
LMRK,20170707,16.3,16.3,16,16.2,25800
LMRKO,20170707,25.13,25.17,25.13,25.17,10200
LMRKP,20170707,25,25,24.97,24.98,28200
LNDC,20170707,14.55,14.6,14.3,14.45,57500
LNTH,20170707,18.5,18.5,17.55,18,611400
LOAN,20170707,6.1,6.1,5.55,5.65,96700
LOB,20170707,24.9,25.2,24.78,25.05,41700
LOCO,20170707,13.6,13.75,13.55,13.7,141300
LOGI,20170707,36.33,37.08,36.29,36.93,358100
LOPE,20170707,77.16,78.52,76.05,78.37,170800
LORL,20170707,40.8,41.8,40.8,41.65,31500
LPCN,20170707,4.01,4.11,4,4.05,181900
LPLA,20170707,42.43,42.6,41.92,42.55,733200
LPSN,20170707,11.4,11.7,11.35,11.5,439100
LPTH,20170707,2.74,2.78,2.68,2.75,227800
LPTX,20170707,6.59,6.82,6.55,6.82,6600
LQDT,20170707,6.3,6.55,6.3,6.5,48400
LRCX,20170707,147,149.68,146.44,148.13,2956200
LRGE,20170707,25.77,25.77,25.77,25.77,200
LSBK,20170707,15.82,15.82,15.82,15.82,0
LSCC,20170707,6.6,6.62,6.55,6.57,537500
LSTR,20170707,87.45,88.65,87.15,88.5,181200
LSXMA,20170707,41.15,41.56,41.1,41.31,362500
LSXMB,20170707,41.98,41.98,41.98,41.98,0
LSXMK,20170707,40.97,41.27,40.75,41.05,503100
LTBR,20170707,20.64,21.24,20.04,20.4,41800
LTRPA,20170707,11,11.25,10.95,11.05,288900
LTRX,20170707,2.43,2.47,2.41,2.44,16900
LULU,20170707,58.39,59.1,58.03,58.36,1384900
LUNA,20170707,1.45,1.48,1.35,1.4,31100
LVHD,20170707,29.63,29.77,29.63,29.75,52900
LWAY,20170707,9.31,9.43,9.31,9.35,4800
LXRX,20170707,16.17,16.51,16.01,16.15,655600
LYTS,20170707,8.95,9,8.83,8.87,38300
MACK,20170707,1.36,1.47,1.35,1.47,3351300
MACQ,20170707,10.01,10.01,10.01,10.01,0
MACQU,20170707,10.23,10.23,10.23,10.23,100
MACQW,20170707,0.35,0.35,0.35,0.35,200
MANH,20170707,46.28,47,46.14,46.68,458700
MANT,20170707,40.07,40.44,39.74,40.4,80500
MAR,20170707,99.7,100.74,99.43,100.35,2469700
MARA,20170707,1.76,1.76,1.44,1.48,3708100
MARK,20170707,2.89,2.89,2.73,2.81,37800
MARPS,20170707,3.51,3.77,3.51,3.77,4700
MASI,20170707,89.45,91.34,89.07,91.04,277800
MAT,20170707,20.75,21,20.7,20.81,4923100
MATW,20170707,64.15,64.7,63.3,64.55,82400
MAYS,20170707,35.25,35.25,35.25,35.25,100
MBCN,20170707,24.875,25.2,24.875,25.2,1400
MBII,20170707,1.2,1.2,1.06,1.18,92400
MBOT,20170707,20.85,21.3,20.25,20.55,366600
MBRX,20170707,1.64,1.69,1.4,1.45,1653800
MBUU,20170707,26.53,27.16,26.53,27.14,169100
MBWM,20170707,31.87,32.43,31.73,32.31,22900
MCBC,20170707,9.55,9.59,9.44,9.52,56000
MCEF,20170707,18.88,18.88,18.88,18.88,0
MCFT,20170707,19.11,19.31,19.01,19.29,55400
MCHI,20170707,54.37,54.44,54.14,54.31,1385100
MCHP,20170707,77.48,79.01,77.21,78.36,1851200
MCHX,20170707,2.94,2.94,2.86,2.86,117200
MCRB,20170707,11.06,11.19,10.88,11.14,151000
MCRI,20170707,29.71,30.61,29.71,30.45,17600
MDGL,20170707,16.32,16.35,16.23,16.24,9900
MDGS,20170707,9.2,9.2,9,9.2,8300
MDIV,20170707,19.23,19.31,19.16,19.27,101600
MDLZ,20170707,42.99,43.37,42.89,43.22,9145000
MDRX,20170707,12.68,12.87,12.59,12.85,1248800
MDWD,20170707,6.7,6.75,6.5,6.7,18200
MDXG,20170707,14.58,15.02,14.58,14.84,583000
MEDP,20170707,29,29.45,28.95,29.24,103600
MEIP,20170707,2.82,3.26,2.7,2.88,2552800
MELI,20170707,252.24,257.9,252.18,255.6,577100
MEOH,20170707,42.85,43.1,42.15,42.9,754400
MERC,20170707,11.1,11.2,10.98,11.1,115700
MESO,20170707,7.99,8.27,7.93,8.03,9400
METC,20170707,6.01,6.12,5.81,5.88,60800
MFIN,20170707,2.31,2.32,2.23,2.25,95400
MGEE,20170707,62.8,63.5,62.8,63.35,37000
MGI,20170707,17.32,17.39,17.29,17.36,470100
MGIC,20170707,7.95,7.95,7.85,7.9,5000
MGLN,20170707,72.2,73.35,72.15,73.25,66300
MGNX,20170707,18.27,18.52,18.27,18.5,146900
MGPI,20170707,50.36,51.15,49.88,50.5,92400
MGRC,20170707,34.49,35.07,34.25,34.63,57300
MGYR,20170707,13.12,13.12,13.12,13.12,0
MHLD,20170707,11.15,11.25,11,11.2,334700
MICT,20170707,1.01,1.05,1.01,1.05,18900
MIDD,20170707,122.45,122.58,119.98,120.35,351700
MILN,20170707,17.47,17.52,17.42,17.49,4100
MIME,20170707,26.68,27.28,26.68,27.19,128000
MIND,20170707,3.76,3.91,3.68,3.88,16500
MINDP,20170707,23.15,23.2,23.15,23.15,1600
MITK,20170707,8.35,8.6,8.27,8.55,328100
MKSI,20170707,68.7,70.3,68.7,69.65,775300
MKTX,20170707,194.2,195.54,191.41,194.04,175500
MLAB,20170707,144.29,144.99,141.51,143.76,28700
MLCO,20170707,21.65,21.77,21.51,21.68,1552000
MLHR,20170707,33.5,34.65,33.47,34.1,744200
MLVF,20170707,24.1,24.1,24,24.1,11600
MMLP,20170707,17.5,17.7,17.3,17.55,58400
MMSI,20170707,38.1,38.55,37.75,38.3,362500
MMYT,20170707,32.25,32.55,32,32.2,340100
MNDO,20170707,2.53,2.53,2.4,2.46,61500
MNKD,20170707,1.2,1.21,1.1,1.17,1633200
MNOV,20170707,5.15,5.23,5.11,5.13,33400
MNRO,20170707,40.35,40.75,40,40.75,337100
MNST,20170707,50.33,50.83,50.05,50.7,2867000
MNTX,20170707,6.88,7.08,6.87,6.94,38500
MOFG,20170707,34.66,35,34.36,34.98,32400
MOMO,20170707,39.19,39.8,38.86,39.27,2567500
MORN,20170707,77.81,78.97,77.62,78.21,69700
MOSY,20170707,23.6,31.6,23,25.4,1738400
MOXC,20170707,16.05,16.05,15.75,15.8,7700
MPAA,20170707,26.53,28,26.33,27.84,187200
MPAC,20170707,9.68,9.68,9.68,9.68,11000
MPACU,20170707,10.14,10.22,10.13,10.13,8400
MPACW,20170707,0.5,0.5,0.5,0.5,0
MPB,20170707,25.92,26.7,25.7,25.7,400
MPWR,20170707,95.83,98.18,95.53,98.03,374500
MRAM,20170707,22.38,22.95,22.02,22.16,179900
MRCC,20170707,15.08,15.08,14.66,14.93,128900
MRCY,20170707,42.12,43.6,42.03,43.55,282900
MRLN,20170707,25.05,25.05,24.75,24.8,23700
MRNS,20170707,5.56,5.64,5.08,5.44,294100
MRSN,20170707,13.54,13.67,13.05,13.29,33000
MRTN,20170707,18.0667,18.2333,17.8667,18.2,71200
MRTX,20170707,3.35,3.85,3.1,3.8,172600
MRUS,20170707,16.98,17,16.66,17,19000
MRVL,20170707,16.08,16.18,15.91,16.13,11131700
MSBI,20170707,33.59,33.7,33.4,33.65,125000
MSEX,20170707,38.87,39.33,38.36,38.95,35200
MSFT,20170707,68.7,69.84,68.7,69.46,16878300
MSON,20170707,9.45,9.45,9.45,9.45,0
MSTR,20170707,183.44,186.96,183.44,184.99,47900
MTBC,20170707,1.43,1.43,1.35,1.38,229400
MTBCP,20170707,24.52,25.49,24.52,24.74,5900
MTCH,20170707,17.51,17.83,17.35,17.55,807700
MTEX,20170707,15.6,16,15.15,16,2600
MTLS,20170707,12.29,12.56,12.18,12.47,41200
MTP,20170707,131.5,131.5,125.5,127.5,38900
MTRX,20170707,9.3,9.45,9.2,9.35,410500
MTSI,20170707,56.94,58.09,56.55,57.94,369700
MU,20170707,30.22,30.5,29.98,30.2,22023100
MVIS,20170707,2.17,2.23,2.14,2.2,310700
MYGN,20170707,25.45,25.74,25.36,25.66,338300
MYRG,20170707,30.37,31.24,30.32,31.13,33800
MYSZ,20170707,1.23,1.23,1.16,1.16,11000
NAII,20170707,10.02,10.05,9.95,10,4800
NAKD,20170707,690,695,675,675,50700
NATH,20170707,63.4,64.4,62.8,64.05,14900
NATI,20170707,39.78,40.33,39.78,40.23,381200
NATR,20170707,13.2,13.3,12.5,12.9,48200
NAVI,20170707,16.13,16.25,15.95,16.18,2868500
NBEV,20170707,4.83,4.9,4.68,4.72,119000
NBIX,20170707,47.1,47.25,46.37,46.73,777600
NBN,20170707,21.2,21.55,21.15,21.55,34600
NBRV,20170707,10.34,10.82,10.34,10.5,1900
NBTB,20170707,36.97,37.18,36.6,37.11,82000
NCBS,20170707,54.46,55.25,54,55.08,15200
NCMI,20170707,7.18,7.28,7.15,7.27,351900
NCSM,20170707,23.02,23.49,22.7,22.78,54800
NCTY,20170707,33,34.5,32.4,32.4,14500
NDAQ,20170707,71.4,71.78,70.94,71.63,612500
NDLS,20170707,3.85,4.1,3.85,4,214200
NDRA,20170707,3.59,3.59,3.59,3.59,0
NDRAW,20170707,0.51,0.51,0.51,0.51,0
NDSN,20170707,119.41,121.01,119.24,120.75,313200
NEO,20170707,8.76,8.99,8.71,8.87,176500
NEOG,20170707,50.7075,51.4425,50.685,51.2625,58600
NEON,20170707,10,11.1,10,11.1,288000
NEPT,20170707,0.89,0.89,0.84,0.84,31900
NERV,20170707,9.65,9.75,9.15,9.15,708900
NESR,20170707,9.55,9.55,9.53,9.53,400
NESRW,20170707,0.5,0.5,0.5,0.5,0
NETE,20170707,0.55,0.56,0.5,0.52,137600
NEWT,20170707,16.09,16.29,15.9,16.26,89400
NEWTL,20170707,25.51,25.51,25.51,25.51,400
NEWTZ,20170707,26.46,26.46,26.38,26.38,800
NFBK,20170707,17.27,17.43,17.15,17.4,62100
NFLX,20170707,146.65,150.75,146.65,150.18,5561200
NH,20170707,3.85,4.1,3.78,4.08,134700
NHTC,20170707,27.86,28.8,27.86,28.75,44900
NICE,20170707,77.4,77.73,76.72,77.23,71400
NICK,20170707,9.19,9.33,9.19,9.21,1600
NKSH,20170707,42.35,42.35,41.3,41.5,6500
NKTR,20170707,19.66,19.85,19.44,19.79,625200
NMIH,20170707,12.05,12.18,11.8,12.15,351200
NNBR,20170707,27.25,27.6,27.1,27.45,83500
NNDM,20170707,61.5,61.5,60.3,60.7,4200
NODK,20170707,17.49,17.99,17.47,17.93,12900
NOVN,20170707,3.88,4.3,3.88,3.95,174100
NOVT,20170707,36.65,37.65,36.48,37.15,251800
NRIM,20170707,30.45,30.95,30.3,30.9,5200
NSEC,20170707,14.1,14.73,14.1,14.13,2100
NSIT,20170707,39.74,40.25,39.37,40.19,128100
NSSC,20170707,9.2,9.31,9,9.2,21200
NSTG,20170707,15.95,16.25,15.87,16.14,96800
NSYS,20170707,3.51,3.64,3.51,3.64,25400
NTAP,20170707,38.44,38.83,38.32,38.64,1918200
NTCT,20170707,33.55,34.3,33.5,34.2,1343300
NTES,20170707,59.602,59.894,58.748,59.158,740000
NTGR,20170707,43.5,44.85,43.25,44.45,381100
NTIC,20170707,7.75,7.75,7.75,7.75,0
NTLA,20170707,17.04,17.33,16.41,16.58,215100
NTNX,20170707,18.9,19.33,18.8,19.12,1942600
NTRA,20170707,10.74,10.99,10.7,10.96,76000
NTRS,20170707,98.08,98.71,97.41,98.13,994000
NTWK,20170707,3.8,3.9,3.8,3.9,3900
NUAN,20170707,17.24,17.39,17.2,17.24,1782500
NURO,20170707,2.72,2.78,2.61,2.66,15300
NUVA,20170707,74.92,75.97,73.74,75.86,393400
NVAX,20170707,24,24.2,23.2,23.6,2836700
NVCN,20170707,1400,1420,1380,1390,66000
NVCR,20170707,18.05,18.2,17.75,18.05,651900
NVDA,20170707,36.445,36.875,36.2125,36.69,16374300
NVEC,20170707,80.01,80.04,78.17,79.5,27000
NVEE,20170707,40.7,42.1,40.15,41.75,44400
NVFY,20170707,7.7,8.15,7.55,7.65,25000
NVIV,20170707,1725,1762.5,1687.5,1762.5,211100
NVMI,20170707,22.41,23.17,22.41,23,110900
NWBI,20170707,15.56,15.68,15.48,15.65,269000
NWFL,20170707,41.93,42,41.76,41.94,5000
NWLI,20170707,324.96,325.27,324.09,325.27,3000
NWPX,20170707,16.07,16.09,15.87,16.08,22200
NWS,20170707,13.7,13.85,13.6,13.75,482200
NWSA,20170707,13.28,13.37,13.18,13.32,1692000
NXPI,20170707,109.27,109.38,109,109.11,3532500
NXST,20170707,58.85,59.6,58.3,59.45,387400
NXTD,20170707,1.59,1.79,1.57,1.72,444400
NYMT,20170707,6.26,6.26,6.19,6.2,589300
NYMTP,20170707,24.48,24.62,24.48,24.62,3300
NYMX,20170707,4.1,4.16,4.04,4.13,106400
OBAS,20170707,10,10,10,10,0
OBCI,20170707,4.09,4.14,4.04,4.14,800
OBSV,20170707,8.05,8.27,7.4,8.05,34100
OCC,20170707,2.55,2.55,2.54,2.54,2400
OCFC,20170707,27.06,27.2,26.8,27.08,98700
OCUL,20170707,9.05,9.05,6.72,7.12,7438700
ODFL,20170707,96.88,98.07,95.26,97.84,474000
ODP,20170707,55.6,57.7,55.1,57.2,5488300
OESX,20170707,1.27,1.3,1.27,1.29,10000
OFED,20170707,27.7,27.7,27.7,27.7,400
OFIX,20170707,45.45,46.65,45.25,46.46,74100
OFLX,20170707,66.25,67.66,66.25,67.53,6300
OFS,20170707,14.04,14.22,14.04,14.12,28100
OIIM,20170707,1.81,1.89,1.76,1.83,42500
OKTA,20170707,22.82,24.12,22.75,23.4,826200
OLD,20170707,26.24,26.3,26.04,26.2,5800
OLED,20170707,110.9,112.65,110.55,111.15,440400
OLLI,20170707,41.15,42.75,41,42.6,726800
OMAB,20170707,48.23,48.23,46.85,47.45,92800
OMCL,20170707,42.45,42.9,42.45,42.85,111100
OMER,20170707,19.46,19.54,18.63,19.11,825300
OMEX,20170707,3.52,3.84,3.39,3.84,5500
ON,20170707,14.2,14.58,14.16,14.3,7070000
ONB,20170707,17.45,17.5,17.17,17.5,571600
ONCS,20170707,10.9,11.2,10.9,11,64200
ONEQ,20170707,239.32,242.03,239.32,241.88,23500
ONTX,20170707,32.25,32.55,31.2,32.25,46600
ONVO,20170707,2.65,2.72,2.63,2.72,658300
OPGN,20170707,290,300,275,275,350800
OPHC,20170707,2.99,2.99,2.99,2.99,300
OPK,20170707,6.33,6.39,6.29,6.38,2346700
OPOF,20170707,32.27,33.53,32.27,33.27,6300
ORLY,20170707,172.84,176.06,170.68,172.85,4485900
ORMP,20170707,8,8.26,8,8.19,28100
ORRF,20170707,22.5,22.85,22.15,22.85,1800
OSBC,20170707,11.8,12,11.65,11.95,50600
OSIS,20170707,75.35,76.84,75.2,76.63,196400
OSTK,20170707,16,16.38,15.73,16.3,98300
OSUR,20170707,17.51,17.95,17.33,17.89,713000
OTEX,20170707,31.11,31.42,31.09,31.38,363000
OTIC,20170707,18.7,18.9,18,18.7,192900
OTTR,20170707,39.25,39.7,39.1,39.45,68400
OVBC,20170707,35.95,36.8,35.95,36.8,4000
OVID,20170707,10.1,10.1,9.58,9.71,45300
OVLY,20170707,13.9,13.9,13.9,13.9,0
OXBR,20170707,5.85,5.9,5.85,5.85,5900
OXBRW,20170707,0.49,0.49,0.49,0.49,100
OXLC,20170707,10.39,10.4,10.2,10.31,125800
OXLCM,20170707,25.09,25.1,25.01,25.07,12200
OXLCO,20170707,25.36,25.38,25.36,25.38,700
PAAS,20170707,15.84,16,15.38,15.47,1815200
PACB,20170707,3.57,3.57,3.41,3.44,796300
PACW,20170707,46.81,46.98,45.95,46.9,1248900
PAHC,20170707,36.2,36.75,35.9,35.95,241500
PANL,20170707,2.76,2.76,2.64,2.66,1400
PATI,20170707,17.88,17.88,17.88,17.88,100
PATK,20170707,46.8333,48.6667,46.7333,48.6333,114200
PAVM,20170707,4.5,4.5,4.5,4.5,0
PAVMW,20170707,2,2,2,2,0
PAYX,20170707,57.16,57.7,56.89,57.42,1655400
PBCT,20170707,17.86,17.94,17.71,17.86,2215800
PBCTP,20170707,27.44,27.99,27.06,27.39,20800
PBHC,20170707,15.32,15.42,15.3,15.4,700
PBIP,20170707,17.33,17.8,17.05,17.64,11300
PBPB,20170707,11.7,12.2,11.65,12.2,457400
PBYI,20170707,87,87.9,85.55,87.05,665500
PCAR,20170707,67.43,68.11,66.85,67.62,1485000
PCH,20170707,45.1,45.8,45.05,45.65,297900
PCOM,20170707,8.7,8.97,8.6,8.72,26200
PCRX,20170707,49.9,50.8,49.6,50.4,599900
PCSB,20170707,17.16,17.3,17.03,17.2,75100
PCTI,20170707,7.07,7.14,7,7.14,41900
PCTY,20170707,44.2,45.36,43.85,44.34,222400
PCYG,20170707,11.75,12.1,11.7,12,22300
PCYO,20170707,7.75,8,7.7,7.85,29500
PDBC,20170707,15.62,15.63,15.47,15.54,181900
PDCE,20170707,41.15,42.37,40.36,42.24,1311900
PDCO,20170707,44.24,44.47,43.97,44.4,974700
PDEX,20170707,6.35,6.5,6.2,6.2,9200
PDFS,20170707,16.55,16.98,16.45,16.9,117100
PDP,20170707,46.79,47.14,46.64,47.09,56600
PEBK,20170707,31.35,32.3,31.35,32.29,5700
PEBO,20170707,32.59,33.01,32.32,32.82,54300
PEGA,20170707,58.25,59.1,58.25,58.9,383400
PENN,20170707,20.69,21.33,20.57,21.14,1728500
PERI,20170707,5.55,5.7,5.49,5.55,42400
PESI,20170707,3.4,3.5,3.4,3.5,900
PETS,20170707,39.56,41.41,39.56,41.29,459600
PEY,20170707,16.71,16.74,16.65,16.72,122100
PEZ,20170707,43.86,44.38,43.86,44.35,7200
PFBC,20170707,55.1,55.39,54.06,55.31,83100
PFI,20170707,31.56,31.82,31.52,31.69,5000
PFIE,20170707,1.26,1.26,1.22,1.24,35700
PFIN,20170707,6.11,6.11,5.8,5.87,15500
PFIS,20170707,43,43,42.99,42.99,2600
PFLT,20170707,14.26,14.3,14.2,14.23,104800
PFM,20170707,23.99,24.1,23.99,24.08,9100
PFMT,20170707,1.97,2.25,1.97,2.16,66200
PFSW,20170707,7.86,8,7.74,8,42800
PGC,20170707,32.42,33,32.19,32.81,57100
PGJ,20170707,37.5,37.63,37.38,37.59,25200
PHO,20170707,26.72,26.93,26.72,26.93,124100
PI,20170707,49.22,51.34,48.89,51.15,449500
PID,20170707,15.29,15.29,15.13,15.2,165700
PIE,20170707,17.09,17.09,16.99,17.06,47300
PINC,20170707,35.43,35.72,35.26,35.44,332800
PIO,20170707,23.45,23.62,23.4,23.56,41700
PIRS,20170707,5.75,5.88,5.7,5.8,820800
PIXY,20170707,330,420,320.4,407.2,2262600
PIZ,20170707,25.31,25.47,25.3,25.43,19600
PKBK,20170707,20.4091,20.4545,20.3182,20.4545,9500
PKOH,20170707,37.95,38.26,37.65,37.85,34800
PKW,20170707,53.58,53.87,53.58,53.83,33400
PLAB,20170707,9.55,9.7,9.55,9.6,158200
PLAY,20170707,64.68,65.66,64.26,64.9,626100
PLBC,20170707,21.4,21.4,21.15,21.15,3400
PLCE,20170707,106.6,107.7,105.2,107.25,385500
PLPC,20170707,46.65,47.63,46.09,47,11000
PLSE,20170707,31.71,33.65,31.45,33.58,250500
PLUG,20170707,2.05,2.1,2.02,2.03,2605800
PLUS,20170707,73.85,75.4,73.85,75.3,39500
PLW,20170707,32.43,32.43,32.37,32.38,12600
PLXP,20170707,6.2,6.25,6.1,6.25,18700
PLXS,20170707,50.96,52.04,50.96,51.58,254000
PLYA,20170707,11.8,11.86,11.56,11.6,262600
PMBC,20170707,8.7,8.85,8.6,8.8,13200
PMD,20170707,24.82,25.5,24.1,25.39,37700
PME,20170707,3.86,3.88,3.82,3.85,15400
PMTS,20170707,15.5,15.5,14.5,15.25,160800
PNBK,20170707,16.4,16.4,16.4,16.4,0
PNFP,20170707,63.55,63.95,63,63.55,254200
PNNT,20170707,7.41,7.43,7.32,7.41,187900
PNQI,20170707,102.28,103.43,102.28,103.2,8300
PNRG,20170707,49.05,49.05,46.9,46.9,1400
PODD,20170707,51.29,51.87,50.7,51.53,258500
POLA,20170707,5.27,5.47,5.24,5.46,55200
POOL,20170707,120.6,121.09,120,120.26,158700
POWI,20170707,36.5,37.075,36.5,37.025,173400
POWL,20170707,32.06,33.18,31.99,32.25,17000
PPBI,20170707,37.1,38,36.7,37.9,222000
PPC,20170707,21.58,21.6,21.19,21.3,856600
PPH,20170707,57.81,58.06,57.62,58.02,77300
PPIH,20170707,7.72,7.78,7.72,7.78,800
PPSI,20170707,6.3,6.52,6.15,6.52,11600
PRAA,20170707,37.3,38.15,37.1,38,211900
PRFT,20170707,18,18.24,17.92,18.12,227200
PRFZ,20170707,117.21,118.24,117.14,118.2,22600
PRGS,20170707,31.02,31.8,30.77,31.56,570500
PRIM,20170707,24.46,24.79,23.73,24.75,74400
PRN,20170707,53.37,54.07,53.37,54.07,2300
PROV,20170707,19.33,19.59,19.06,19.56,4700
PRPH,20170707,2.09,2.09,2.07,2.09,3100
PRPO,20170707,225,225,151.5,166.5,38100
PRQR,20170707,5.25,5.25,5.15,5.2,10800
PRTA,20170707,58.02,58.93,57.45,58.89,146500
PRTK,20170707,23.45,23.85,23.2,23.85,440400
PRTS,20170707,3.13,3.16,3.02,3.09,127100
PSC,20170707,28.8,28.8,28.8,28.8,400
PSCC,20170707,65.31,65.91,65.31,65.91,3900
PSCD,20170707,53.27,53.45,53.22,53.45,1500
PSCE,20170707,12.81,12.81,12.38,12.62,58600
PSCF,20170707,51.84,52,51.5,52,8000
PSCH,20170707,86.79,87.4,86.58,87.4,28100
PSCI,20170707,56.03,56.84,56.03,56.71,3500
PSCM,20170707,46,46.53,46,46.53,4600
PSCT,20170707,73.37,74.98,73.37,74.98,36700
PSCU,20170707,50.94,51.07,50.93,51.03,2100
PSEC,20170707,8.12,8.14,8.04,8.11,1472100
PSET,20170707,29.36,29.36,29.36,29.36,0
PSL,20170707,58.94,59.18,58.94,59.18,2200
PSMT,20170707,80.9,83.3,80.9,82.53,377600
PSTI,20170707,12.6,12.8,12.2,12.6,200500
PTC,20170707,55.76,57.34,55.73,56.79,985400
PTCT,20170707,19.37,19.72,19.08,19.29,430000
PTEN,20170707,19.55,19.79,19.13,19.78,2580900
PTF,20170707,45.62,46.67,45.62,46.55,3700
PTGX,20170707,11.91,12.74,11.91,12.69,136300
PTH,20170707,61.75,62.5,61.75,62.34,56900
PTNR,20170707,5.05,5.14,4.94,5.14,42900
PTSI,20170707,18.53,18.66,18,18.31,9300
PUI,20170707,27.13,27.37,27.13,27.26,11400
PULM,20170707,23.9,24,23.3,23.6,143900
PVAC,20170707,35.42,36.21,33.44,36.13,70100
PVBC,20170707,10.675,10.875,10.675,10.875,2600
PWOD,20170707,27.9733,28.5867,27.2067,27.76,9100
PXI,20170707,32.21,32.44,31.85,32.44,7900
PXLW,20170707,4.68,4.81,4.65,4.78,112500
PXS,20170707,1.75,1.85,1.55,1.55,28100
PY,20170707,29,29,29,29,0
PYPL,20170707,53.7,54.48,53.52,53.97,4948100
PYZ,20170707,60.61,61.05,60.61,60.93,1300
PZZA,20170707,72.56,73.19,72.3,72.61,298600
QABA,20170707,50.96,51.29,50.57,51.26,143400
QADA,20170707,30.95,31.75,30.95,31.7,26000
QADB,20170707,26.04,26.04,26.04,26.04,0
QAT,20170707,16.34,16.47,16.3,16.35,49300
QCLN,20170707,17.88,17.89,17.78,17.84,15800
QCOM,20170707,55.04,55.73,54.87,55.35,5355900
QCRH,20170707,47.65,48.3,47.6,48.25,36400
QDEL,20170707,26.71,27.56,26.71,27.5,129300
QIWI,20170707,24,24.09,23.79,23.96,1894700
QLYS,20170707,40.4,41.65,40.25,41.45,209700
QNST,20170707,3.99,4.12,3.95,3.97,68200
QQEW,20170707,52.91,53.42,52.91,53.26,293400
QQQ,20170707,136.74,138.13,136.74,137.76,36970400
QQQX,20170707,21.43,21.59,21.4,21.53,71600
QQXT,20170707,45.6,45.88,45.6,45.81,3800
QRHC,20170707,2.32,2.4,2.16,2.18,49000
QRVO,20170707,64.42,66.26,64.28,65.86,1948800
QTEC,20170707,62.39,63.3,62.39,63.01,97300
QTNT,20170707,7.47,7.51,7.31,7.44,101200
QUIK,20170707,19.46,19.74,18.9,19.18,105200
QUMU,20170707,2.8,2.83,2.65,2.7,19300
QURE,20170707,6.08,6.43,6.08,6.36,98800
QYLD,20170707,23.59,23.76,23.59,23.68,31100
RADA,20170707,2.03,2.26,2.03,2.2,1046200
RAIL,20170707,17.43,17.46,16.93,17.2,97900
RAND,20170707,25.29,25.38,24.75,24.75,22700
RARE,20170707,63.95,64.25,63.12,63.92,149400
RAVE,20170707,1.98,2,1.9,1.96,25500
RAVN,20170707,34.05,34.55,33.85,34.4,97100
RBCAA,20170707,36.03,36.33,35.87,36.22,6300
RBCN,20170707,8.79,9.05,8.78,8.98,44800
RCII,20170707,10.97,11.35,10.84,11.31,838700
RCKY,20170707,12.8,12.95,12.8,12.85,17400
RCM,20170707,3.66,3.74,3.57,3.68,334700
RCMT,20170707,4.98,4.98,4.93,4.97,12000
RCON,20170707,5.45,5.5,5.35,5.35,2900
RDCM,20170707,19.55,19.98,19.4,19.55,32400
RDHL,20170707,8.39,8.45,8.35,8.36,31000
RDI,20170707,15.9,16.06,15.9,15.96,25700
RDIB,20170707,19,19,19,19,800
RDNT,20170707,7.55,7.75,7.5,7.7,147900
RDUS,20170707,46.8,47.24,46.23,46.3,419700
RDVY,20170707,27.09,27.38,27.09,27.35,40600
RDWR,20170707,17.36,17.5,17.28,17.39,113700
REFR,20170707,1.24,1.26,1.22,1.25,3300
REGI,20170707,12.2,12.35,11.85,12.3,466000
REGN,20170707,497.51,506.39,493.44,496.5,729000
RELL,20170707,6,6.07,5.98,6.06,3700
RELY,20170707,2.5,2.6,2.3,2.4,605000
REPH,20170707,7.04,7.49,7.04,7.19,97700
RESN,20170707,4.5,4.6,4.5,4.58,25200
RETA,20170707,31.55,32.94,30.93,32.14,73000
RFDI,20170707,59.7,60.04,59.7,59.89,31500
RFEM,20170707,61.92,62.02,61.73,61.98,5800
RFEU,20170707,60.99,61.26,60.91,61.25,8300
RFIL,20170707,1.8,1.85,1.75,1.85,22700
RGCO,20170707,27.98,28.65,27.38,28.38,10100
RGEN,20170707,41.36,42,40.75,41.39,212500
RGLD,20170707,77.15,77.35,76.53,77.06,584000
RGLS,20170707,11.64,12.48,11.52,12.48,672100
RGNX,20170707,19.95,20.25,19.55,20.25,193300
RIBT,20170707,0.95,0.99,0.94,0.96,29100
RICK,20170707,22.88,23.81,22.56,23.58,114000
RIGL,20170707,2.71,2.73,2.64,2.66,1346700
RILY,20170707,18.25,18.8,18.15,18.5,68000
RILYL,20170707,26.03,26.03,25.93,25.99,1700
RILYZ,20170707,25.81,25.81,25.75,25.77,45900
RIOT,20170707,3.91,4.04,3.91,3.96,18500
RKDA,20170707,9,9,8.2,8.6,23700
RMBS,20170707,11.36,12.98,11.35,12.45,7240200
RMCF,20170707,11.74,11.74,11.56,11.62,2400
RMR,20170707,49.35,51.05,49,50.8,33100
RMTI,20170707,7.65,7.97,7.65,7.93,112200
RNDB,20170707,15.1,15.36,15.06,15.3,6500
RNDM,20170707,49.44,49.44,49.44,49.44,0
RNDV,20170707,19.69,19.69,19.69,19.69,0
RNEM,20170707,50.05,50.05,50.05,50.05,100
RNLC,20170707,19.91,19.91,19.91,19.91,0
RNMC,20170707,19.72,19.72,19.72,19.72,100
RNSC,20170707,20.06,20.06,20.06,20.06,0
RNST,20170707,44.82,44.93,43.99,44,265900
RNWK,20170707,4.19,4.22,4.19,4.21,10000
ROCK,20170707,35.65,35.92,35,35.2,218100
ROIC,20170707,19.01,19.39,18.98,19.33,628900
ROLL,20170707,102.06,102.67,101.23,102.28,69200
ROST,20170707,56.27,56.67,56.12,56.14,3581300
RPD,20170707,16.68,17.22,16.51,17.18,95000
RPRX,20170707,0.43,0.59,0.41,0.5,2788100
RRGB,20170707,64.1,65,63.8,64.35,164800
RRR,20170707,23.13,23.63,23.07,23.47,522700
RUN,20170707,6.73,6.83,6.65,6.79,777200
RUSHA,20170707,25.1733,25.3733,24.7867,25.1333,96600
RUSHB,20170707,24.4867,24.8067,24.2733,24.6933,13500
RUTH,20170707,21.4,21.6,21.25,21.4,142000
RVNC,20170707,27.35,27.9,27.2,27.3,124300
RVSB,20170707,6.84,6.98,6.73,6.94,117800
RWLK,20170707,37.5,37.5,33.75,33.75,730100
RXDX,20170707,10.2,10.5,10.07,10.45,337000
RYAAY,20170707,109.83,111.11,109.5,110.87,182100
SABR,20170707,21.75,21.8,21.33,21.43,2663400
SAFM,20170707,115.2,116.3,114.77,115.47,293800
SAFT,20170707,68.6,69.5,68.2,69.3,34100
SAGE,20170707,80.48,82.05,79.98,81.43,208700
SAIA,20170707,52.25,53,51.65,52.95,65600
SAL,20170707,40.3,40.75,40.3,40.4,2900
SALM,20170707,7,7,6.85,6.95,36100
SAMG,20170707,14.55,14.55,13.47,13.5,1600
SANM,20170707,37.75,38.4,37.55,38.2,341700
SANW,20170707,4.15,4.16,4,4.05,45400
SASR,20170707,40.62,40.75,40.14,40.69,102100
SATS,20170707,48.3113,48.9369,48.2219,48.7825,105200
SBAC,20170707,134.42,137.02,134.42,136.68,1045100
SBCF,20170707,24.3,24.47,23.94,24.35,114700
SBFG,20170707,16.92,16.92,16.66,16.66,5200
SBGI,20170707,32.6,33.1,32.4,32.85,652900
SBLK,20170707,9.08,9.25,9.02,9.18,178700
SBNY,20170707,142.29,143.14,140.32,141.9,399300
SBRA,20170707,23.09,23.26,22.69,23.16,1283900
SBSI,20170707,35.43,35.61,35.06,35.46,92800
SBUX,20170707,57.79,58.36,57.54,58.04,7278200
SCHL,20170707,43.02,43.6,42.65,42.79,88400
SCHN,20170707,25.05,25.05,23.7,24.7,515900
SCKT,20170707,4.25,4.26,4.18,4.2,28100
SCSC,20170707,39.1,39.75,39.1,39.65,33800
SCVL,20170707,19.51,19.83,19.22,19.51,138600
SCWX,20170707,9.55,10.61,9.55,10.25,230600
SCYX,20170707,18.5,18.7,18,18.2,109200
SCZ,20170707,57.16,57.4,57.08,57.34,562900
SEAC,20170707,2.69,2.73,2.63,2.65,39500
SEDG,20170707,20.75,21.05,20.52,20.9,2591400
SEED,20170707,14,14.2,13.9,14.1,21300
SEIC,20170707,53.45,54.27,53.41,54.08,536400
SELB,20170707,19.51,19.67,18.85,19.33,41200
SELF,20170707,4.94,4.94,4.86,4.87,28900
SENEA,20170707,29.65,30.35,29.6,29.9,20300
SENEB,20170707,33.6,33.6,33.6,33.6,0
SFBC,20170707,29.74,29.75,29.7,29.75,1200
SFM,20170707,22.57,23.63,22.5,23.56,2436100
SFNC,20170707,26.625,26.825,26.225,26.825,97100
SFST,20170707,37.05,37.7,36.9,37.05,44000
SGBX,20170707,94.4,101.6,91,97.4,264500
SGC,20170707,22.06,22.35,21.79,22.23,7500
SGEN,20170707,51.37,52.23,50.8,51.37,880000
SGH,20170707,15.99,16.28,15.49,15.99,117900
SGLB,20170707,22.8,23.1,21.2,23,25900
SGLBW,20170707,0.97,1,0.97,1,300
SGMA,20170707,6.55,6.73,6.44,6.47,3500
SGMO,20170707,8.85,9,8.65,8.8,449900
SGMS,20170707,24.25,24.8,24.1,24.65,518400
SGOC,20170707,1.2,1.25,1.15,1.2,58400
SGRP,20170707,1.05,1.06,1.03,1.05,17000
SGRY,20170707,21.3,21.7,20.65,21.3,318300
SHBI,20170707,16.99,17.04,16.75,16.98,12600
SHEN,20170707,29.35,29.5,28.75,29.35,118500
SHIP,20170707,244.8,247.2,216,223.2,394200
SHIPW,20170707,0.16,0.16,0.15,0.15,9500
SHOO,20170707,25.7333,26.1333,25.5333,26,192300
SHY,20170707,84.41,84.43,84.38,84.4,783100
SIEB,20170707,3.95,3.95,3.82,3.95,2700
SIEN,20170707,9.81,9.92,9.54,9.83,68200
SIFY,20170707,0.72,0.73,0.72,0.72,1200
SIGI,20170707,49.95,51.3,49.8,51.15,136300
SILC,20170707,46.1,48.03,46.1,47.12,40900
SIMO,20170707,43.74,46,43.45,44.7,2397700
SINO,20170707,14,14.5,14,14.3,68000
SIRI,20170707,5.35,5.42,5.34,5.37,13662200
SIVB,20170707,178.5,181.98,177.15,181.72,423900
SKOR,20170707,50.64,50.64,50.54,50.55,2100
SKYW,20170707,35.65,36.85,35.5,36.8,268400
SKYY,20170707,39.09,39.49,39.09,39.37,60300
SLAB,20170707,67.5,68.75,67.35,68.65,179600
SLCT,20170707,12.65,12.7,12.47,12.7,3500
SLGN,20170707,31.97,32.19,31.85,32.04,177600
SLM,20170707,11.26,11.37,11.19,11.36,1522000
SLMBP,20170707,73.05,74.65,72.99,73,4100
SLNO,20170707,0.56,0.75,0.55,0.62,617500
SLP,20170707,12.55,12.95,12.5,12.95,42900
SLQD,20170707,50.49,50.49,50.41,50.43,58100
SLRC,20170707,21.85,21.9,21.5,21.84,138200
SLVO,20170707,7.86,7.86,7.62,7.72,93800
SMBC,20170707,32.35,32.8,32.35,32.6,16000
SMBK,20170707,23.98,24.06,23.65,23.91,9700
SMCI,20170707,24.05,24.5,24.02,24.45,142500
SMCP,20170707,24.06,24.1,24.06,24.1,8000
SMED,20170707,4.26,4.26,4.26,4.26,200
SMIT,20170707,1.75,1.8,1.72,1.73,8200
SMMF,20170707,22,22.1,21.99,22.08,29300
SMMT,20170707,11.84,11.9,11.61,11.88,6100
SMSI,20170707,1.36,1.42,1.36,1.41,6000
SMTC,20170707,35.1,36.1,35,36,392200
SNCR,20170707,16.6,16.98,16.18,16.5,3216200
SND,20170707,8.6,8.67,7.4,7.42,1646300
SNDX,20170707,13.61,13.62,13.01,13.43,81200
SNES,20170707,102.4,108,100.8,108,30300
SNFCA,20170707,6.2,6.3,6.15,6.3,7900
SNGX,20170707,1.99,2.06,1.99,2.03,48500
SNGXW,20170707,0.67,0.67,0.67,0.67,400
SNLN,20170707,18.41,18.42,18.39,18.41,80600
SNOA,20170707,61.11,62.01,60.39,61.92,3500
SNPS,20170707,72.67,73.53,72.26,73.15,697800
SNSR,20170707,17.74,17.95,17.74,17.94,16800
SOCL,20170707,27.93,28.15,27.93,28.09,13900
SOHO,20170707,6.61,6.77,6.51,6.65,65600
SOHOB,20170707,25.45,25.45,25.45,25.45,0
SOHU,20170707,44.96,45.19,44.24,44.46,167800
SOXX,20170707,141.17,143.43,141.17,142.86,1124700
SP,20170707,30.05,31.3,29.9,31.3,198000
SPCB,20170707,3.31,3.31,3.25,3.28,12500
SPI,20170707,0.58,0.63,0.51,0.58,367100
SPLK,20170707,56.46,57.37,56.31,57.25,863500
SPNE,20170707,12.03,12.25,11.99,12.19,30600
SPNS,20170707,11.01,11.12,10.89,11.05,65500
SPOK,20170707,17.05,17.3,16.7,17.25,81900
SPPI,20170707,7.33,7.38,7.3,7.32,362200
SPSC,20170707,61.83,62.81,61.15,61.89,194000
SPTN,20170707,25.98,26.33,25.92,26.11,291100
SPWH,20170707,5.33,5.35,5.24,5.31,572500
SPWR,20170707,8.46,8.87,8.29,8.74,2969900
SQQQ,20170707,655.8,655.8,635.6,641.8,5575200
SRAX,20170707,1.17,1.21,1.17,1.19,9100
SRCE,20170707,48.11,48.89,48.02,48.67,31200
SRCL,20170707,75.39,77.06,75.18,76.48,821800
SRDX,20170707,27.8,28.4,27.8,28.27,20600
SRET,20170707,15.16,15.16,15.06,15.11,62300
SREV,20170707,3.8,3.94,3.8,3.89,103500
SRNE,20170707,1.9,1.95,1.85,1.95,564900
SRPT,20170707,34.19,34.58,33.61,34.36,962200
SRRA,20170707,46.4,46.8,45.2,46.8,98100
SRTS,20170707,3.93,3.95,3.91,3.95,500
SSB,20170707,86.3,86.97,85.35,86.75,75500
SSBI,20170707,13.35,13.35,13.16,13.16,300
SSKN,20170707,2.42,2.49,2.3,2.35,69300
SSNC,20170707,38.6,39.11,38.6,39.09,969100
SSNT,20170707,3.91,3.91,3.75,3.85,3100
SSRM,20170707,9.2,9.26,9.04,9.05,1298600
SSTI,20170707,12.84,13.25,12.71,12.94,52400
SSYS,20170707,22.95,23.69,22.86,23.09,389100
STAA,20170707,9.9,10.25,9.85,10.2,42200
STAF,20170707,3.4,3.5,3.3,3.4,23400
STBA,20170707,36.41,37.06,35.99,36.92,54700
STFC,20170707,25.07,25.88,25.07,25.71,15600
STKL,20170707,9.85,9.98,9.75,9.95,173100
STKS,20170707,1.97,2.18,1.9,2.07,24700
STLD,20170707,36.68,36.84,35.41,35.92,4157100
STRA,20170707,90.69,92.85,90.51,92.47,33000
STRL,20170707,12.92,13.15,12.81,12.95,257200
STRM,20170707,1.11,1.13,1.06,1.12,8500
STRS,20170707,30.1,30.4,30,30.35,2900
STRT,20170707,34,37.31,33.35,34.55,8300
STX,20170707,37.48,38.69,37.22,38.2,5852000
SUMR,20170707,16.2,16.2,15.75,15.84,25500
SUNS,20170707,16.99,17.2,16.81,17.17,29700
SUNW,20170707,12.11,12.18,11.62,12.18,52600
SUPN,20170707,43.05,43.22,42.8,43.15,452000
SVBI,20170707,7.16,7.45,7.1,7.3,3200
SVRA,20170707,5.96,5.96,5.6,5.68,82300
SVVC,20170707,8.28,8.3,8.25,8.28,5500
SWIR,20170707,27.7,28.7,27.7,28.3,336500
SWKS,20170707,98.19,100.42,98.06,99.7,1556300
SYBT,20170707,40.95,41.4,38.85,38.95,80600
SYNA,20170707,50.84,51.87,50.54,50.86,811500
SYNL,20170707,11.17,11.3,11.05,11.2,2500
SYPR,20170707,1.67,1.73,1.67,1.73,37500
SYRS,20170707,18.02,18.02,17.03,17.61,31400
TA,20170707,3.95,4,3.83,3.85,193800
TACO,20170707,13.57,13.66,13.5,13.65,95400
TACT,20170707,8.45,9,8.35,8.9,17800
TAIT,20170707,1.7,1.75,1.66,1.73,90000
TANH,20170707,2.43,2.48,2.25,2.44,65600
TANNI,20170707,24.24,24.24,24.07,24.22,10100
TANNL,20170707,23.8,23.82,23.56,23.68,12300
TANNZ,20170707,23.55,23.71,23.55,23.59,10000
TAST,20170707,12.1,12.25,12,12.2,199600
TATT,20170707,10.45,10.8,10.3,10.3,14200
TAYD,20170707,13.05,13.5,13.05,13.1,5200
TBBK,20170707,7.68,7.73,7.61,7.67,196000
TBK,20170707,25.15,25.35,24.85,25.3,42800
TBNK,20170707,30.99,31.34,30.87,31.14,10300
TBPH,20170707,41.55,42.6,41.14,42.56,137100
TCBI,20170707,78.4,80.89,76.65,78.05,485200
TCBK,20170707,35.2,35.85,35.01,35.68,77000
TCFC,20170707,37.29,38.4,37.29,38.39,1800
TCMD,20170707,27.77,29.38,27.52,29.3,192700
TCON,20170707,23,23,21,22,84900
TCPC,20170707,16.77,16.8,16.55,16.77,161900
TCX,20170707,54.45,55.6,53.3,55.5,60500
TDIV,20170707,31.07,31.3,31.01,31.21,83600
TEAM,20170707,34.73,35.82,34.61,35.31,471500
TECH,20170707,116.35,118,116.35,117.68,101500
TEDU,20170707,18.16,18.71,18.01,18.59,203600
TELL,20170707,9.45,9.88,9,9.61,854600
TENX,20170707,13.2,14.8,12,14,1467000
TESS,20170707,13.55,14,13.3,13.6,68100
TFSL,20170707,15.62,15.8,15.6,15.77,104600
TGA,20170707,1.32,1.32,1.28,1.29,46300
TGLS,20170707,9.01,9.3,9.01,9.17,25700
TGTX,20170707,10.15,10.4,9.98,10.3,1188100
THFF,20170707,48.2,48.2,47.5,48.2,21000
THRM,20170707,38,39.1,37.85,39.05,106800
TIG,20170707,20.37,21.06,20.37,20.5,18100
TIL,20170707,4.09,4.1,4.05,4.05,2500
TILE,20170707,19.35,19.65,19.3,19.6,270300
TIPT,20170707,7.1,7.1,6.95,7,12800
TITN,20170707,17.82,17.96,17.54,17.83,126400
TLGT,20170707,89.1,89.9,88.6,89.8,120900
TLT,20170707,122.84,123.03,122.58,122.72,9401800
TMUS,20170707,59.45,60.16,59.26,60.01,3266600
TNDM,20170707,0.79,0.82,0.78,0.8,337700
TNXP,20170707,424,436,422,435,45300
TOPS,20170707,1550,1600,1300,1400,1881100
TOUR,20170707,7.92,7.96,7.83,7.87,133000
TOWN,20170707,30.95,31.35,30.73,31.25,97800
TPIC,20170707,18.25,18.43,17.91,18.4,92400
TQQQ,20170707,32.0233,32.9667,32,32.66,3734300
TREE,20170707,167.55,173,167.05,168.9,241900
TRHC,20170707,15.53,15.79,15.38,15.55,173500
TRIB,20170707,5.6,5.71,5.59,5.7,46100
TRIL,20170707,4.35,4.58,4.32,4.5,28000
TRIP,20170707,36.68,37.15,36.53,36.64,1451500
TRMB,20170707,35.76,36.99,35.76,36.69,755000
TRMK,20170707,32.42,32.6,31.92,32.45,253300
TRNS,20170707,12.1,12.35,12.07,12.3,25300
TROW,20170707,74.61,76.4,74.43,76.16,1443900
TRS,20170707,20.85,21.2,20.6,21.15,130200
TRST,20170707,7.7,7.8,7.6,7.8,246300
TRUE,20170707,20.05,20.51,19.98,20.38,1111700
TRUP,20170707,22.17,22.56,22.05,22.2,102700
TRVG,20170707,22.59,22.69,21.65,22.09,645300
TRVN,20170707,2.31,2.38,2.25,2.26,427300
TSBK,20170707,26.1,26.19,25.29,25.77,31200
TSC,20170707,25.15,25.3,24.8,25.25,83900
TSCO,20170707,51.52,51.81,50.92,51.06,3382600
TSEM,20170707,23.86,24.32,23.86,24.26,261800
TSLA,20170707,62.7,63.4,61.476,62.644,14176900
TSRI,20170707,5,5,4.9,4.9,5900
TTD,20170707,48.81,50.5,48.22,49.9,609400
TTEC,20170707,41.2,42,40.65,41.65,143700
TTEK,20170707,45.2,45.85,45.15,45.7,236400
TTGT,20170707,9.77,10.16,9.77,9.97,52200
TTMI,20170707,17.25,17.79,17.25,17.64,597200
TTNP,20170707,11.4,11.7,10.8,11.4,151000
TTOO,20170707,3.08,3.12,2.9,2.95,103700
TTWO,20170707,73.43,75.1,73.21,74.59,1669000
TURN,20170707,1.59,1.61,1.56,1.6,99400
TUSA,20170707,29.68,29.89,29.68,29.89,1100
TUSK,20170707,18.37,18.43,17,17.54,40600
TVTY,20170707,38.5,39.95,38.4,39.8,441300
TWIN,20170707,16.73,16.99,16.4,16.66,33000
TWNK,20170707,16.23,16.25,16.04,16.14,768800
TWNKW,20170707,3,3,2.82,2.9,72400
TWOU,20170707,45.23,46.37,45.08,46.24,283300
TXN,20170707,77.31,78.66,77.31,78.48,5342800
TXRH,20170707,50.63,51.21,50.39,50.91,425200
TYHT,20170707,21.42,21.78,20.88,20.88,13300
TZOO,20170707,10.9,11.1,10.65,11,19700
UAE,20170707,16.91,16.91,16.91,16.91,0
UBCP,20170707,11.69,11.69,11.69,11.69,500
UBFO,20170707,9.55,9.55,9.45,9.55,4400
UBND,20170707,50.89,50.89,50.89,50.89,0
UBOH,20170707,22.05,22.82,22.05,22.62,3000
UBSI,20170707,38.15,38.53,37.95,38.3,1524800
UCBI,20170707,28.08,28.43,27.73,28.24,253700
UCTT,20170707,19.19,20,19.19,19.83,564800
UEIC,20170707,67.5,68.7,67.5,68.45,28700
UEPS,20170707,9.82,9.95,9.75,9.86,73800
UFCS,20170707,43.5,44.29,43.35,44.03,47700
UFPI,20170707,87.66,87.78,86.44,86.5,90300
UFPT,20170707,27.64,28.05,27.6,27.9,27000
UG,20170707,15.4,15.4,15.4,15.4,200
UHAL,20170707,357.22,366.21,354.69,361.57,97700
UIHC,20170707,15.6,15.98,15.48,15.87,109000
ULBI,20170707,7.1,7.15,6.9,7.15,30300
ULH,20170707,14.94,15.25,14.94,15.2,5300
ULTA,20170707,273.92,278.94,272.04,276.97,584600
UMBF,20170707,74.74,75.16,73.63,75.01,131900
UMPQ,20170707,18.63,18.67,18.39,18.63,832500
UNAM,20170707,9.6,9.6,9.6,9.6,0
UNB,20170707,46.15,47.5,45.7,45.95,6700
UNIT,20170707,24.23,24.61,23.97,24.48,702800
UNTY,20170707,17.5,17.5,17.5,17.5,5100
UONE,20170707,2.15,2.15,2.1,2.1,1100
UONEK,20170707,2.3,2.3,2.15,2.15,25500
UPLD,20170707,21.6,22.32,21.6,22.25,83800
URBN,20170707,17.94,18.53,17.78,18.41,4320100
URGN,20170707,18.22,19.44,17.92,19.34,32000
USAK,20170707,8.56,8.64,8.19,8.64,89600
USAP,20170707,19.84,20.16,19.6,19.74,7600
USAU,20170707,28,29.3,26.5,27,366700
USEG,20170707,6.7,7.6,6.5,7.3,88100
USLB,20170707,28.79,28.91,28.79,28.91,25500
USLM,20170707,78.99,79.72,78.88,79.48,9700
USOI,20170707,22.31,22.31,21.91,21.91,1300
UTHR,20170707,132.39,133,130.36,131.05,637600
UTMD,20170707,71.8,72.35,71.45,71.9,9600
UTSI,20170707,2.26,2.29,2.21,2.29,10900
UVSP,20170707,29.9,30.4,28.9,30.4,121000
VALU,20170707,18.12,18.12,17.18,17.43,1900
VBFC,20170707,31,31,31,31,200
VBIV,20170707,4.3,4.53,4.24,4.39,56100
VBLT,20170707,4.55,4.57,4.45,4.5,62200
VBTX,20170707,26.85,28.16,26.85,27.35,41900
VCEL,20170707,3.35,3.5,3.35,3.5,463800
VCIT,20170707,87.14,87.14,87.03,87.09,865900
VCLT,20170707,92.31,92.43,92.21,92.27,212200
VCSH,20170707,79.86,79.86,79.8,79.82,1243400
VCYT,20170707,7.6,7.84,7.52,7.71,77900
VECO,20170707,28,28.63,27.65,28.4,293200
VEON,20170707,3.93,3.95,3.89,3.92,1346400
VERI,20170707,11.6,12.54,11.48,11.54,57100
VGIT,20170707,64.43,64.44,64.33,64.39,96000
VGLT,20170707,75.81,75.89,75.64,75.77,57000
VGSH,20170707,60.7,60.7,60.65,60.7,63500
VIA,20170707,37.8,38.1,37.47,38.05,77600
VIAV,20170707,10.65,10.96,10.65,10.91,1976300
VICR,20170707,18.35,18.65,18,18.42,51000
VIGI,20170707,60.7,60.99,60.59,60.93,111800
VIRC,20170707,5,5.15,5,5.15,11200
VIRT,20170707,17.65,17.7,17.45,17.55,301900
VIVE,20170707,712,736,712,730,74100
VIVO,20170707,15.4,15.6,15.25,15.55,197600
VKTX,20170707,1.08,1.08,1.03,1.07,206900
VLGEA,20170707,24.6,24.93,23.95,24.46,45500
VMBS,20170707,52.49,52.5,52.42,52.47,220400
VNDA,20170707,16.7,16.9,16.65,16.8,199500
VNET,20170707,4.63,4.67,4.51,4.62,350700
VNOM,20170707,15.41,15.79,15.36,15.74,159900
VNQI,20170707,55.56,55.66,55.4,55.62,216600
VOD,20170707,28.55,28.71,28.48,28.68,2128300
VONE,20170707,110.64,111.22,110.64,111.2,5500
VONG,20170707,121.02,122.07,121.02,121.9,37900
VONV,20170707,101.01,101.13,100.7,101.09,33900
VOXX,20170707,8.6,8.8,8.4,8.75,282100
VRA,20170707,9.69,9.74,9.47,9.67,342200
VRAY,20170707,6.23,6.31,6.21,6.29,205000
VREX,20170707,33.55,33.81,33.38,33.68,130200
VRIG,20170707,25.27,25.27,25.19,25.23,16300
VRNA,20170707,11.9,11.95,11.9,11.95,400
VRNS,20170707,37.25,37.75,36.9,37.65,150100
VRNT,20170707,39.95,40.35,39.83,40.15,308200
VRSK,20170707,83.48,83.86,83.38,83.65,1077700
VRSN,20170707,93.37,95.39,93.14,94.42,1693500
VRTS,20170707,111.15,113.25,111.15,111.95,64800
VRTX,20170707,129.14,130.88,129.12,130.35,1019900
VSAT,20170707,63.92,64.19,63.44,64.07,229200
VSDA,20170707,25.95,26,25.95,26,13500
VSEC,20170707,45.11,45.25,44.62,44.98,33400
VSMV,20170707,24.87,24.87,24.87,24.87,3400
VSTM,20170707,3.39,3.77,3.19,3.62,6975500
VTGN,20170707,1.84,1.84,1.69,1.81,31700
VTHR,20170707,111.23,111.33,111.19,111.25,1500
VTIP,20170707,49.19,49.19,49.13,49.17,195600
VTNR,20170707,1.03,1.05,1.03,1.05,31700
VTVT,20170707,5.05,5.15,4.94,5.1,13100
VTWG,20170707,121.24,122.68,121.24,122.63,4100
VTWO,20170707,111.9,112.97,111.79,112.85,43300
VTWV,20170707,102.27,102.78,101.84,102.66,5300
VUZI,20170707,6.75,7,6.65,7,151000
VVPR,20170707,3.74,3.95,3.68,3.95,27900
VWOB,20170707,79.13,79.21,78.9,79.1,62300
VXUS,20170707,51.63,51.76,51.48,51.72,523100
VYGR,20170707,9.43,9.49,9.28,9.35,27600
VYMI,20170707,62.37,62.53,62.2,62.51,35400
WABC,20170707,56.6,56.88,55.62,56.63,65900
WAFD,20170707,33.1,33.55,32.75,33.5,384000
WASH,20170707,51.4,53,51.4,52.55,38100
WATT,20170707,16.46,16.66,16,16.15,195200
WB,20170707,69.04,69.8,68.77,69.42,962200
WBA,20170707,77.73,78.14,76.92,77.47,6001900
WDAY,20170707,96.42,97.77,95.9,97.1,1172000
WDC,20170707,86.54,88.52,86.08,86.94,3436700
WDFC,20170707,109.15,110.85,109.15,110.65,35900
WEN,20170707,15.47,15.71,15.45,15.6,1245700
WERN,20170707,29.45,29.75,29.3,29.75,583400
WETF,20170707,10.43,10.74,10.37,10.52,1924800
WEYS,20170707,27.36,28.15,27.36,28.01,9900
WHF,20170707,13.28,13.4,13.25,13.29,65800
WHLM,20170707,7.75,7.99,7.47,7.47,800
WHLR,20170707,10.18,10.34,10.07,10.34,26400
WHLRD,20170707,23.05,23.13,23.04,23.13,3000
WHLRP,20170707,22.1,22.13,22.1,22.13,700
WILC,20170707,7.17,7.56,6.87,7.53,9800
WINA,20170707,130.95,133.4,130.95,131.25,14000
WING,20170707,30,30.59,29.81,30.52,377500
WIRE,20170707,43.1,43.1,42.6,43,50700
WIX,20170707,69.65,71.6,69.39,70.3,405100
WKHS,20170707,2.96,3,2.76,2.85,427700
WLDN,20170707,30.94,32.15,30.81,32.05,74000
WLFC,20170707,26.75,27,26.32,26.96,4500
WLTW,20170707,145.32,146.76,144.73,146.32,508800
WNEB,20170707,10.35,10.6,10.25,10.6,29300
WOOD,20170707,60.48,60.48,60.17,60.41,7800
WOOF,20170707,92.52,92.73,92.49,92.63,702500
WPRT,20170707,2.13,2.14,1.91,1.93,1174200
WRLD,20170707,75.4,77.37,75.4,76.44,99600
WSBC,20170707,40.63,40.85,39.87,40.67,77200
WSBF,20170707,18.95,19.05,18.6,18.9,61900
WSFS,20170707,46.05,46.55,45.55,46.5,64800
WSTG,20170707,18.75,18.75,18.6,18.7,1600
WTBA,20170707,23.9,24.1,23.9,24.05,15100
WTFC,20170707,77.75,78.58,76.78,78.41,314600
WTFCM,20170707,27.84,27.9,27.75,27.83,4700
WVE,20170707,18.4,18.7,17.92,18.2,23600
WVFC,20170707,15.89,15.89,15.89,15.89,100
WVVI,20170707,7.96,8.08,7.95,8.05,2900
WVVIP,20170707,5.05,5.05,5.05,5.05,600
WWD,20170707,67.39,67.86,67.05,67.32,338400
WYNN,20170707,130.8,133.44,129.51,132.46,1334800
XBIO,20170707,33,34.8,33,34.08,8700
XBIT,20170707,4.71,4.78,4.62,4.78,82400
XELB,20170707,2.98,3.2,2.95,3.2,7200
XENE,20170707,3.25,3.4,3.25,3.3,82200
XENT,20170707,27.3,27.7,27.15,27.5,260800
XLNX,20170707,64.59,65.59,64.57,65.35,1335700
XLRN,20170707,31.73,33.02,31.36,32.67,176000
XNCR,20170707,22.71,22.95,22.49,22.92,158300
XNET,20170707,3.26,3.27,3.13,3.17,103200
XOG,20170707,12.41,12.64,11.73,12.59,1319500
XOMA,20170707,6.9,7.03,6.86,6.97,15200
XONE,20170707,10.95,11.22,10.87,11.18,69100
XPER,20170707,32.7,33.5,32.3,33.45,536000
XRAY,20170707,64.45,64.88,64.2,64.6,1076900
XTLB,20170707,3.39,3.53,3.32,3.38,26200
YLDE,20170707,25.33,25.4,25.33,25.4,300
YNDX,20170707,26.18,26.34,25.98,26.25,1276700
YORW,20170707,34.3,34.95,34.1,34.85,15100
YTEN,20170707,150,151.2,132,142.4,27700
YTRA,20170707,11.36,11.59,11.35,11.46,87700
YY,20170707,56.54,57.76,56.49,56.83,653600
Z,20170707,47.2,47.78,46.39,46.5,1734800
ZBRA,20170707,99.19,100.6,97.85,99.85,321500
ZEUS,20170707,18.56,18.65,17.55,18.62,334700
ZG,20170707,47.09,47.44,46.34,46.56,408400
ZGNX,20170707,14.35,14.85,14.3,14.75,226100
ZION,20170707,44.32,44.5,43.78,44.44,1476000
ZIOP,20170707,6.16,6.245,6.07,6.17,728500
ZIXI,20170707,5.5,5.69,5.49,5.67,123500
ZNGA,20170707,3.53,3.64,3.52,3.6,7300900
ZSAN,20170707,27.6,28.2,27,27.8,313800
ZUMZ,20170707,12.35,12.65,12.325,12.45,675100
ZYNE,20170707,17.26,17.75,17.1,17.67,275600
