AAL,20170711,52.58,52.66,51.47,51.61,4545600
AAME,20170711,3.7,3.7,3.55,3.55,700
AAOI,20170711,68.5,71,67.8,70.04,2988300
AAON,20170711,37.2,37.55,36.75,37.3,163300
AAPL,20170711,36.1825,36.4625,36.095,36.3825,19781800
AAWW,20170711,56.35,58.35,55.8,58.05,945500
AAXJ,20170711,67.92,68.18,67.76,68.13,444400
ABCB,20170711,48.05,48.4,47.15,47.8,245300
ABEO,20170711,9.1,9.25,8.65,9.2,1055600
ABIO,20170711,47.7,48.78,46.35,46.8,157100
ABMD,20170711,141.44,142.9,141.06,142.06,320100
ABTX,20170711,38.8,39.6,38.35,38.4,15400
ABUS,20170711,3.65,3.75,3.55,3.7,67100
ACAD,20170711,28.2,28.25,26.41,26.76,1884100
ACBI,20170711,19.1,19.2,18.7,18.8,72900
ACET,20170711,15.27,15.27,14.99,15.19,108200
ACGL,20170711,31.9033,32.0033,31.8433,31.9333,465300
ACHC,20170711,49.73,50.06,48.9,49,1142800
ACIU,20170711,8.3,8.72,8.02,8.24,20900
ACIW,20170711,22.09,22.99,21.85,22.97,985800
ACLS,20170711,23.25,23.325,22.2,22.4,387900
ACNB,20170711,29.5,29.9,29.5,29.6,7400
ACOR,20170711,20.3,20.6,19.95,20.1,655600
ACRS,20170711,28.15,28.59,27.55,28.15,166700
ACRX,20170711,2.2,2.275,2.15,2.25,578000
ACST,20170711,1.32,1.33,1.3,1.33,900
ACTG,20170711,3.95,3.95,3.85,3.9,167600
ACWI,20170711,65.48,65.65,65.22,65.6,1039100
ACWX,20170711,45.52,45.71,45.42,45.7,323700
ADAP,20170711,4.79,4.88,4.71,4.75,203000
ADBE,20170711,142.99,143.98,142.12,142.93,1623700
ADES,20170711,9.03,9.15,9,9.08,78100
ADI,20170711,78.95,80.36,78.27,79.86,2763000
ADMA,20170711,3.48,3.48,3.23,3.23,60200
ADMP,20170711,5.55,5.6,5.2,5.4,524800
ADMS,20170711,17.04,17.26,16.56,16.77,99500
ADP,20170711,103.23,103.605,101.15,101.84,5087700
ADRE,20170711,38.92,39.25,38.92,39.1,9300
ADSK,20170711,103.47,104.73,102.98,104.3,1461700
ADTN,20170711,20.5,20.525,20.25,20.4,136200
ADUS,20170711,38.3,38.6,38.05,38.25,22700
ADVM,20170711,2.5,2.6,2.5,2.5,355700
ADXS,20170711,96.45,97.65,93.45,94.5,497800
AEHR,20170711,3.94,4.14,3.86,3.93,139000
AEIS,20170711,68.29,70.09,68.14,69.07,573500
AEMD,20170711,31.05,31.05,30.15,30.75,8700
AERI,20170711,54.8,56.7,54.35,56.3,428000
AEY,20170711,1.57,1.59,1.57,1.58,3100
AEZS,20170711,1.04,1.1,1.01,1.03,444300
AFMD,20170711,2.35,2.5,2.35,2.45,174600
AGEN,20170711,4.5,4.505,4.32,4.35,1220200
AGFS,20170711,7.98,8.12,7.86,8.12,292800
AGIO,20170711,54.62,56.8,54.41,56.27,515200
AGLE,20170711,3.67,3.775,3.36,3.49,109100
AGNC,20170711,21.53,21.64,21.42,21.52,2551200
AGNCP,20170711,25.75,25.75,25.51,25.65,28000
AGRX,20170711,3.76,3.79,3.72,3.75,25300
AGTC,20170711,4.95,5,4.8,4.8,161100
AGYS,20170711,10.46,10.57,10.22,10.4,36100
AGZD,20170711,48.01,48.04,48.005,48.04,10800
AHPA,20170711,9.82,9.82,9.82,9.82,0
AHPAU,20170711,10.37,10.37,10.37,10.37,0
AHPAW,20170711,0.45,0.45,0.45,0.45,100
AHPI,20170711,2.41,2.43,2.25,2.3,89700
AIA,20170711,57.72,57.78,57.43,57.72,40100
AIMC,20170711,39.8,40.175,39.3,39.6,88200
AINV,20170711,19.32,19.38,19.11,19.29,509300
AIQ,20170711,13.2,13.25,13.2,13.2,22000
AIRG,20170711,13.76,14.02,13.75,13.76,22600
AIRR,20170711,23.64,23.77,23.61,23.72,8400
AIRT,20170711,19.305,20.771,19.305,20.771,600
AKAM,20170711,49.63,50.27,49.5,49.83,1005200
AKBA,20170711,13.97,14.305,13.81,13.98,459700
AKTS,20170711,8.48,8.5,8.23,8.29,56200
AKTX,20170711,4.58,4.81,4.5,4.55,31200
ALBO,20170711,25.35,26.2,24.01,25.67,47900
ALCO,20170711,30.5,30.67,30.5,30.65,7000
ALDX,20170711,4.85,4.95,4.75,4.85,41000
ALGN,20170711,151.56,152.26,150.33,151.59,754900
ALGT,20170711,137.4,143,137.4,140.1,207900
ALIM,20170711,1.4,1.43,1.37,1.42,217600
ALJJ,20170711,3.1,3.17,3.03,3.06,31000
ALKS,20170711,58.05,58.4,57.29,57.42,637600
ALLT,20170711,5.1,5.25,5.09,5.17,58700
ALNY,20170711,79.24,80.67,78.25,79,998100
ALOT,20170711,13.35,13.35,13.2,13.2,6800
ALRM,20170711,36.97,37.32,36.68,37.27,132000
ALRN,20170711,13.6,13.68,13.21,13.68,43400
ALT,20170711,2.8,2.87,2.7,2.7,59000
ALTY,20170711,15.44,15.44,15.44,15.44,900
AMAT,20170711,44.21,45.5,44.04,45.4,13527300
AMBA,20170711,50.02,50.66,49.44,50.64,681200
AMCX,20170711,55.27,55.85,54.87,55.7,559700
AMD,20170711,13.77,14.1,13.62,13.89,71102200
AMED,20170711,60.05,60.425,59.31,59.34,294200
AMGN,20170711,174.18,174.435,172.07,173.32,2198000
AMKR,20170711,9.91,10.09,9.85,10.04,927800
AMNB,20170711,36.95,37.1,36.45,36.65,8400
AMOT,20170711,27.66,27.94,27.13,27.76,11900
AMPH,20170711,17.64,18.09,17.64,17.86,152700
AMRK,20170711,16.8,16.8,15.52,15.52,33400
AMRN,20170711,4.15,4.21,4.025,4.05,4565500
AMRS,20170711,3.41,3.47,3.17,3.43,107600
AMSC,20170711,4.4,4.47,4.24,4.26,112700
AMSF,20170711,55.25,55.65,54.6,55.05,68000
AMSWA,20170711,9.81,10.095,9.79,9.91,59600
AMTX,20170711,1.17,1.29,1.17,1.23,19500
AMWD,20170711,97.65,98.075,96.35,97.1,75400
AMZN,20170711,993,995.99,983.72,994.13,2982700
ANAB,20170711,24.46,25.04,24,24.71,42300
ANAT,20170711,117.05,117.9,116.01,116.53,14200
ANDE,20170711,34,34.25,32.9,32.95,137100
ANGI,20170711,12.68,13.13,12.5,12.81,734300
ANGO,20170711,15.89,16.1,15.645,16.07,162900
ANIK,20170711,45.66,45.99,45.09,45.77,103100
ANIP,20170711,46.87,47.58,46.71,47.37,75300
ANSS,20170711,122.39,123.17,121.92,122.86,309700
ANY,20170711,0.165,0.165,0.13,0.131,8844600
AOSL,20170711,16.83,16.975,16.51,16.76,93600
APDN,20170711,73.2,73.2,70,72.8,133100
APEI,20170711,21.85,22.05,21.25,21.9,40300
APEN,20170711,7.25,7.75,7.01,7.75,14600
APOG,20170711,54.99,55.305,53.75,53.81,237000
APOP,20170711,37.9,40,37.9,39,11000
APPF,20170711,32.85,33,32.3,32.5,79700
APPN,20170711,18.71,19.38,18.34,19.09,243600
APPS,20170711,1.02,1.03,1.01,1.02,58400
APTO,20170711,1.43,1.46,1.37,1.46,181900
APVO,20170711,25.2,26.46,24.92,25.48,162000
APWC,20170711,3.05,3.05,3,3,4000
AQB,20170711,7.4,7.55,7.27,7.45,12700
AQMS,20170711,11.93,12.5,11.75,12.43,217500
ARAY,20170711,4.6,4.7,4.55,4.55,213000
ARCB,20170711,21.8,22.05,21.275,21.6,296700
ARCC,20170711,16.46,16.49,16.35,16.4,839800
ARDX,20170711,5.45,5.65,5.4,5.5,287100
ARGX,20170711,20.01,20.5,19.7,20.21,19600
ARKR,20170711,24.58,24.58,24.58,24.58,200
ARLP,20170711,19.5,20.55,19.35,20.35,287200
ARNA,20170711,25.25,27.86,25.06,26,15004100
AROW,20170711,31.05,31.225,30.755,31.05,18900
ARRY,20170711,8.1,8.32,8.03,8.13,2409400
ARTNA,20170711,37.01,37.615,36.3,36.56,22500
ARTW,20170711,3.01,3.07,3,3.07,1900
ARWR,20170711,1.56,1.57,1.5,1.53,533200
ASET,20170711,26.88,26.95,26.88,26.95,500
ASMB,20170711,20.83,22.74,20.49,22.35,114500
ASML,20170711,133.7,136.06,133.67,135.82,1100800
ASND,20170711,28.36,28.79,26.88,27.99,46400
ASPS,20170711,21.58,22.225,21.21,21.39,92400
ASRV,20170711,3.95,4.05,3.95,3.95,4500
ASTC,20170711,1.01,1.01,0.98,0.98,11400
ASTE,20170711,54.72,55.36,53.8,54.34,117800
ASUR,20170711,14.22,15.04,13.97,14.84,114000
ASYS,20170711,8.51,8.51,8.19,8.28,41200
ATAI,20170711,4.41,4.65,4.41,4.62,8700
ATAX,20170711,5.9,5.95,5.87,5.9,133600
ATEC,20170711,1.877,1.895,1.72,1.73,125700
ATHX,20170711,1.67,1.7,1.63,1.65,618700
ATLC,20170711,2.58,2.66,2.46,2.54,27000
ATLO,20170711,30.35,30.35,29.95,30.2,3800
ATNI,20170711,66.29,66.74,64.28,64.62,193000
ATNX,20170711,18.05,18.48,17.53,17.99,160000
ATOM,20170711,4.19,4.35,4.19,4.23,8400
ATOS,20170711,6,6,5.16,5.52,1400400
ATRA,20170711,14.65,14.65,14.075,14.2,119500
ATRC,20170711,24.39,24.865,24.31,24.64,96100
ATRI,20170711,667.4,691.95,667.4,681.2,13000
ATRO,20170711,30.53,31.27,30.53,31.25,76800
ATRS,20170711,3.19,3.23,3.13,3.22,840300
ATSG,20170711,22.91,23.13,22.65,22.78,400200
ATVI,20170711,58.43,58.57,57.68,57.98,4498700
ATXI,20170711,7.4,7.55,6.95,7.15,22500
AUBN,20170711,35.5,35.5,35.5,35.5,100
AUDC,20170711,6.26,6.4,6.24,6.38,25300
AUPH,20170711,6.2,6.38,6.2,6.24,915000
AVAV,20170711,39.06,39.83,38.98,39.42,199300
AVDL,20170711,10.78,10.96,10.73,10.84,56500
AVEO,20170711,30.5,30.9,27.5,29.4,11960900
AVGO,20170711,242,242.6,239.39,240.89,2050100
AVGR,20170711,208,212,180,184,1736500
AVID,20170711,5.08,5.32,5.08,5.17,217700
AVIR,20170711,0.615,0.625,0.56,0.6,380500
AVNW,20170711,18.49,18.77,17.655,18.61,35400
AVXL,20170711,5.36,5.55,5.28,5.38,335500
AWRE,20170711,5.15,5.15,5,5,19800
AXDX,20170711,27.25,28.1,27,28,128500
AXGN,20170711,16.25,16.5,16.05,16.25,81500
AXSM,20170711,5.5,5.8,5.4,5.75,142600
AXTI,20170711,6.65,6.9,6.6,6.8,369300
AZPN,20170711,56.61,57.26,56.25,56.29,398900
BANF,20170711,99.15,99.15,97.05,98,17200
BANFP,20170711,26.46,28.5,26.46,27,1300
BANR,20170711,56.42,56.52,55.67,56.3,110100
BANX,20170711,20.24,20.25,20.01,20.06,5600
BATRA,20170711,24.06,24.08,23.67,23.8,80200
BATRK,20170711,23.59,23.825,23.42,23.67,62600
BBBY,20170711,28.76,28.95,28.33,28.64,2621200
BBGI,20170711,9.9,9.9,9.305,9.65,24100
BBH,20170711,125.29,126.04,125.03,125.76,15200
BBSI,20170711,58.09,58.62,57.395,57.99,29700
BCACU,20170711,10.16,10.19,10.16,10.19,2100
BCBP,20170711,15.125,15.3,14.975,15.2,19500
BCLI,20170711,4.53,4.62,4.46,4.57,81200
BCOR,20170711,20.05,20.25,19.7,20.2,444300
BCOV,20170711,6.3,6.45,6.2,6.35,123500
BCPC,20170711,76.58,77.58,76.54,77.39,100500
BCRX,20170711,5.53,5.7,5.51,5.54,540200
BDSI,20170711,2.75,2.8,2.55,2.65,790500
BECN,20170711,48.03,48.395,47.35,48.11,190200
BELFA,20170711,21.75,21.75,21.75,21.75,300
BELFB,20170711,25,25.55,24.85,25.4,26200
BFIN,20170711,14.92,15.04,14.68,14.94,24500
BFIT,20170711,15.87,15.87,15.87,15.87,500
BGCP,20170711,12.54,12.76,12.53,12.65,1504300
BGFV,20170711,11.6,11.95,11.5,11.75,638300
BGNE,20170711,70.53,76.12,70.4,73.89,529600
BIB,20170711,54,54.23,53.08,54,358700
BICK,20170711,26.29,26.361,26.18,26.355,2500
BIDU,20170711,183.2,184.56,181.83,184.41,1541300
BIIB,20170711,273.1,274.1,269.5,271.76,923100
BIOC,20170711,13.8,14,13.6,13.9,193300
BIOL,20170711,4.5,4.6,4.25,4.25,182500
BIS,20170711,24.15,24.27,23.85,23.93,57700
BJRI,20170711,34.85,35.45,34.45,35.3,523700
BKCC,20170711,7.6,7.61,7.49,7.58,218700
BKEP,20170711,5.85,6,5.75,5.75,134700
BKEPP,20170711,7.67,7.8,7.59,7.67,21100
BKSC,20170711,19.15,19.49,18.85,19,3500
BL,20170711,37.07,37.59,36.73,37.42,176500
BLBD,20170711,17.25,17.45,16.85,17.35,41800
BLCM,20170711,113.2,115.8,111.1,113.7,404600
BLDP,20170711,2.72,2.83,2.71,2.83,631600
BLFS,20170711,2.92,2.94,2.88,2.89,71300
BLIN,20170711,29.25,30,27.75,30,27400
BLKB,20170711,87.97,89.42,87.53,88.63,264900
BLMN,20170711,21.1,21.39,21.03,21.33,746000
BLPH,20170711,21.6,22.2,21.15,21.3,115000
BLRX,20170711,12.9,12.9,12.45,12.75,182200
BLUE,20170711,94.15,96,93.55,94.85,910000
BMRA,20170711,2.69,2.73,2.58,2.58,8300
BMRC,20170711,31.5,32.5,31.445,31.925,24600
BMRN,20170711,91.86,91.94,89.21,90.92,1794200
BMTC,20170711,41.7,42.55,41.7,42.45,50600
BNDX,20170711,54.1,54.12,54.02,54.05,1074000
BNFT,20170711,34.6,35.35,34.4,34.95,95700
BNSO,20170711,2.58,2.59,2.42,2.57,6500
BNTC,20170711,19.05,19.45,18.84,19.45,7000
BOKF,20170711,84.96,85.32,84.22,85.03,115900
BOMN,20170711,13,13.2,13,13.19,6200
BOOM,20170711,12.5,12.75,12.425,12.65,28200
BOSC,20170711,1.87,1.9,1.87,1.9,6400
BOTJ,20170711,15.02,15.02,15.01,15.01,2200
BOTZ,20170711,18.81,18.87,18.76,18.87,143600
BPMC,20170711,53.5,54.78,52.96,53.89,325600
BPOP,20170711,41.39,41.64,41.19,41.47,377600
BPOPM,20170711,23.5,23.52,22.93,23.49,14200
BPOPN,20170711,24.475,24.689,24.44,24.44,13700
BPTH,20170711,76,79,76,76,456300
BRID,20170711,13,13,13,13,500
BRKL,20170711,14.6,14.65,14.35,14.55,399300
BRKR,20170711,29.16,29.34,28.85,29.04,591800
BRKS,20170711,23.79,24.53,23.73,24.44,1050400
BSET,20170711,37.85,38.45,37.4,38.05,54800
BSQR,20170711,5.7,5.7,5.505,5.6,57400
BSRR,20170711,23.7,24.19,23.7,24.01,12900
BTEC,20170711,28.5,28.5,28.5,28.5,0
BUSE,20170711,29.95,30,29.31,29.63,102900
BVXV,20170711,7.855,7.95,7.822,7.91,1400
BWEN,20170711,4.57,4.66,4.5,4.53,74500
BWFG,20170711,34.455,34.455,31.555,32.56,16900
BYFC,20170711,2.16,2.16,2.1,2.1,2700
BYSI,20170711,39.56,39.97,38.41,38.81,5500
BZUN,20170711,26.99,27.98,25.76,27.2,2165700
CAAS,20170711,4.8,4.905,4.8,4.83,14300
CAC,20170711,42.2,43.11,42.13,42.51,26300
CACC,20170711,242.4,244.35,239,241.99,174200
CACG,20170711,25.24,25.31,25.2,25.31,7700
CAKE,20170711,49.58,49.93,49.07,49.31,763400
CALA,20170711,18,18.5,17.7,18,647800
CALM,20170711,36.2,36.621,35.655,36.1,510300
CAMP,20170711,19.59,19.78,19.42,19.5,239200
CAMT,20170711,5.15,5.35,5.11,5.33,380200
CAPR,20170711,6.7,8,6.7,7,58500
CAR,20170711,28.73,29.1,27.82,28.2,3907000
CARA,20170711,12.02,12.89,11.83,12.56,3536200
CARV,20170711,3.29,3.29,3.01,3.01,4400
CARZ,20170711,37.19,37.33,37.19,37.31,3500
CASH,20170711,30.1,30.25,29.7167,30.1667,50500
CASI,20170711,1.11,1.11,1.03,1.05,11100
CASS,20170711,65.23,66.735,65.23,65.43,12500
CASY,20170711,102.3,103.15,101.89,102.73,402600
CATH,20170711,29.91,29.91,29.71,29.76,11300
CATY,20170711,37.54,37.64,36.97,37.49,609200
CBAN,20170711,13.5,13.6,13.5,13.5,1000
CBAY,20170711,5.55,5.89,5.41,5.6,415100
CBFV,20170711,26.2,26.3,26.2,26.3,1700
CBIO,20170711,4.62,4.69,4.55,4.63,50200
CBRL,20170711,165.4,167,164.91,166.37,327800
CBSH,20170711,56.73,56.76,56.12,56.41,392700
CCBG,20170711,21.35,21.56,20.345,21.34,25500
CCD,20170711,20.14,20.22,20.03,20.22,109900
CCLP,20170711,4.84,4.87,4.5,4.51,265200
CCMP,20170711,75,75.74,74.515,75.57,308600
CCNE,20170711,24.66,24.72,24.25,24.38,21200
CCOI,20170711,41,41.5,40.425,40.95,302200
CCRN,20170711,12.37,12.435,12.06,12.28,126300
CCXI,20170711,9.28,10,9.28,9.85,367000
CDC,20170711,43.04,43.04,42.77,42.88,24700
CDEV,20170711,14.85,15.2,14.71,15.14,615300
CDK,20170711,62.32,62.95,61.73,62.76,1237400
CDL,20170711,41.88,41.88,41.69,41.78,3300
CDNA,20170711,1.4,1.55,1.26,1.27,722500
CDNS,20170711,33.86,34.23,33.815,34.15,1012700
CDTX,20170711,7.1,7.3,7,7.2,73300
CDW,20170711,62.4,63.43,62.4,63.23,718500
CDXC,20170711,3.51,3.6,3.43,3.53,151500
CDXS,20170711,5.35,5.35,5.2,5.3,174500
CDZI,20170711,12.8,13.05,12.225,12.6,273600
CECE,20170711,10.14,10.14,9.85,9.96,94300
CELH,20170711,4.13,4.21,4.11,4.21,8700
CEMI,20170711,6.1,6.25,6,6.1,40100
CENT,20170711,31.57,31.76,30.6,31.35,78100
CENTA,20170711,30.08,30.34,29.16,29.9,268800
CENX,20170711,16.33,16.6,15.97,16.53,1371800
CERN,20170711,65.18,65.46,64.835,65.31,1393400
CERS,20170711,2.26,2.31,2.255,2.27,486100
CETX,20170711,28.24,28.32,27.84,27.92,55300
CETXP,20170711,7.65,7.65,7.65,7.65,500
CETXW,20170711,0.55,0.55,0.55,0.55,0
CEVA,20170711,45.6,46.45,45.3,45.5,119500
CFA,20170711,44.17,44.17,43.9,44.1,13300
CFBK,20170711,11.55,11.715,11.275,11.275,13500
CFFI,20170711,48.65,48.7,47.9,48.4,3800
CFFN,20170711,14.05,14.06,13.87,14.02,333700
CFMS,20170711,4.2,4.25,4.1,4.16,115100
CFO,20170711,44.09,44.09,43.91,44.03,28200
CFRX,20170711,14,14,13.5,13.5,17600
CG,20170711,20.35,20.7,20.3,20.65,1235800
CGBD,20170711,18.11,18.23,18.08,18.18,99200
CGEN,20170711,3.75,3.85,3.7,3.8,40400
CGNT,20170711,1.64,1.65,1.6,1.62,17800
CGNX,20170711,44.66,44.95,43.715,44.17,988100
CGO,20170711,13.2,13.25,13.13,13.13,15900
CHCI,20170711,2.19,2.2,2.01,2.01,3200
CHCO,20170711,66.08,66.21,64.25,66.01,44400
CHDN,20170711,60.1167,60.8167,59.6833,59.9333,42600
CHEF,20170711,12.35,12.4,12.1,12.1,60800
CHEK,20170711,22.68,22.8,21,21.36,80100
CHI,20170711,11.29,11.29,11.15,11.15,104300
CHKP,20170711,112.04,113.17,111.69,113.03,987000
CHMG,20170711,40.72,41.19,40.085,41.19,1600
CHNR,20170711,2.02,2.19,1.94,2.08,54000
CHRS,20170711,13.15,13.65,12.85,13.65,603300
CHRW,20170711,68.47,68.62,67.77,68.6,945500
CHSCL,20170711,29.17,29.34,29,29.25,33600
CHSCM,20170711,28.52,28.72,28.52,28.62,16400
CHSCN,20170711,29.4,29.5,29.35,29.48,21700
CHSCO,20170711,28.96,29.1,28.96,29.08,53300
CHSCP,20170711,30.68,30.73,30.5,30.57,11000
CHTR,20170711,337.12,339.85,334.44,337.85,953600
CHUY,20170711,23.3,23.55,23.25,23.4,108500
CHW,20170711,8.48,8.5,8.43,8.47,154400
CHY,20170711,11.73,11.77,11.69,11.72,183100
CIBR,20170711,21.71,21.83,21.6,21.82,51300
CID,20170711,34.25,34.29,34.25,34.29,600
CIDM,20170711,1.65,1.65,1.56,1.56,45700
CIGI,20170711,56.1,56.9,55.75,56.65,27700
CIL,20170711,37.1,37.1,37.1,37.1,100
CINF,20170711,72.11,72.26,71.6,71.84,387700
CIVB,20170711,21.52,21.52,20.74,21.16,62500
CIZ,20170711,32.22,32.37,32.17,32.33,7200
CIZN,20170711,26,26,26,26,100
CJJD,20170711,1.74,1.75,1.7,1.75,12200
CKPT,20170711,9.58,9.6,9.5,9.5,5700
CLBS,20170711,4.19,4.27,3.93,3.97,68300
CLDX,20170711,36.75,38.1,36.75,37.95,1033400
CLFD,20170711,13.225,13.3,13.025,13.1,24800
CLIR,20170711,3.65,3.7,3.555,3.6,40900
CLLS,20170711,26.11,26.11,25.6,25.65,50300
CLMT,20170711,4.2,4.25,4.15,4.2,93600
CLNE,20170711,2.68,2.74,2.61,2.72,1055300
CLRB,20170711,15,15.4,14.4,14.6,140400
CLRO,20170711,9.6,9.7,9.6,9.65,4000
CLSD,20170711,9.28,9.65,9.12,9.41,88500
CLSN,20170711,1.9,1.92,1.85,1.89,221500
CLVS,20170711,94.58,95.79,92.22,94.09,1697600
CLWT,20170711,2.2,2.2,2.2,2.2,0
CMCO,20170711,24.8,25.07,24.46,24.75,127000
CMCSA,20170711,38.74,38.98,38.62,38.77,19858600
CMCT,20170711,15.526,15.655,15.3,15.45,3000
CME,20170711,124.11,124.68,122.97,123.16,941500
CMLS,20170711,0.456,0.46,0.435,0.435,47700
CMPR,20170711,95.27,97.89,95.06,97.19,273200
CMRX,20170711,5.28,5.36,5.2,5.21,120600
CMTL,20170711,18.59,19,18.45,18.91,236000
CNBKA,20170711,63.55,65.65,63.1,65.55,24300
CNCE,20170711,13.57,13.915,13.128,13.28,196500
CNCR,20170711,23.43,23.545,23.35,23.43,8000
CNET,20170711,1.16,1.17,1.16,1.17,5800
CNFR,20170711,7.1,7.105,7,7.1,7300
CNOB,20170711,22.55,22.75,22.15,22.7,139300
CNSL,20170711,20.25,20.25,19.3,19.33,1517900
CNTY,20170711,7.51,7.62,7.365,7.43,94900
CNXN,20170711,26.08,26.39,25.85,26.29,26400
COGT,20170711,4.95,5.15,4.85,5.05,174600
COHR,20170711,239.68,244.6,239.27,243.45,585700
COHU,20170711,16.4,16.77,16.24,16.71,290900
COKE,20170711,225.96,229.77,225.96,227.49,43800
COLB,20170711,39.72,39.98,38.99,39.74,233500
COLL,20170711,12.81,13.09,12.57,12.7,301700
COLM,20170711,56.75,56.83,55.18,55.68,148300
COMM,20170711,38.1,38.29,37.97,38,1018000
COMT,20170711,32.46,32.73,32.46,32.71,4400
CONE,20170711,55.06,55.54,54.62,55.28,484500
CONN,20170711,18.2,18.5,17.95,18.3,229100
COOL,20170711,24.07,24.98,23.33,24.52,92500
CORT,20170711,12.02,12.44,12.01,12.19,656000
COST,20170711,151.45,153.09,150.93,151.11,6275600
COUP,20170711,29.55,30.3,29.21,30.26,364100
COWN,20170711,16.25,16.55,16.15,16.55,314000
COWNL,20170711,26.62,26.7,26.61,26.61,1900
CPHC,20170711,11.2,11.65,11.15,11.25,15900
CPIX,20170711,7.25,7.49,7.02,7.02,10200
CPLP,20170711,3.66,3.72,3.62,3.7,435400
CPRT,20170711,30.9,31.14,30.65,31.09,1381600
CPRX,20170711,2.81,3.13,2.81,3.08,2779400
CPSH,20170711,1.3,1.3,1.225,1.3,6700
CPSI,20170711,31.8,32.05,31.6,31.85,45800
CPSS,20170711,4.68,4.705,4.56,4.64,52500
CPTAG,20170711,25.4,25.63,25.36,25.39,10000
CPTAL,20170711,25.64,25.65,25.48,25.55,11500
CRAI,20170711,36.09,36.28,35.58,35.9,30300
CRBP,20170711,6.4,6.75,6.35,6.7,548100
CREG,20170711,13.8,14,12.9,13.5,114000
CRESY,20170711,18.35,19.18,18.35,18.99,94900
CRIS,20170711,9.95,10.15,9.6,9.85,353400
CRMT,20170711,37,38.35,36.25,37.9,88100
CRNT,20170711,2.53,2.56,2.51,2.53,143000
CROX,20170711,7.59,7.59,7.46,7.55,585000
CRSP,20170711,16.24,16.7,16.13,16.67,71600
CRTO,20170711,49.9,51.03,49.74,50.9,491000
CRUS,20170711,64,64.46,63.55,64.3,557600
CRVL,20170711,47.5,47.9,47.05,47.4,30200
CRVS,20170711,12.65,12.925,12.29,12.74,50100
CRWS,20170711,6.5,6.5,6.3,6.3,30600
CSA,20170711,42.24,42.24,42.23,42.23,300
CSB,20170711,40.135,40.135,40.135,40.135,200
CSBR,20170711,2.56,2.68,2.545,2.63,10900
CSCO,20170711,31.05,31.12,30.86,31.09,12805900
CSF,20170711,41.199,41.23,41.195,41.22,4700
CSGP,20170711,273.99,277.28,268.02,275.45,297300
CSGS,20170711,40.84,41.35,40.325,41.15,142100
CSII,20170711,31.87,32.31,31.79,31.82,169900
CSIQ,20170711,15.71,15.88,15.41,15.73,585900
CSML,20170711,25.43,25.49,25.43,25.45,120700
CSOD,20170711,35.5,37.05,35.5,36.65,615400
CSPI,20170711,10.84,10.885,10.48,10.65,7100
CSQ,20170711,11.69,11.73,11.66,11.72,168200
CSTE,20170711,34.95,35.1,34.5,34.85,143000
CSTR,20170711,17.9,18.085,17.48,17.57,36700
CSWC,20170711,16.1,16.33,16.06,16.17,9600
CSWI,20170711,39,39.55,38.5,39.05,34700
CSX,20170711,54.83,54.87,53.92,54.14,4556100
CTAS,20170711,126.02,126.46,124.85,125.83,337300
CTBI,20170711,43.55,43.65,42.8,43.25,28000
CTG,20170711,5.71,5.98,5.71,5.86,32400
CTHR,20170711,0.88,0.9,0.85,0.85,57900
CTIB,20170711,5.64,5.76,5.64,5.76,1400
CTIC,20170711,3.34,3.37,3.3,3.33,20300
CTMX,20170711,16.44,16.74,16.44,16.68,148400
CTRE,20170711,17.91,18.05,17.88,18.03,348900
CTRN,20170711,20,20.79,19.36,20.55,172800
CTSH,20170711,67.18,67.66,67.06,67.6,1904000
CTSO,20170711,4.35,4.5,4.3,4.45,79500
CTXS,20170711,78,79.55,77.1,78.56,2574800
CUBA,20170711,7.26,7.44,7.21,7.37,27500
CUTR,20170711,26.95,27,26.8,27,112700
CVBF,20170711,22.67,22.67,22.27,22.59,586500
CVCO,20170711,131.05,136.975,127.6,129.9,33600
CVCY,20170711,21.54,22.3,21.5,21.9,21500
CVGI,20170711,8.74,9,8.63,8.64,355900
CVGW,20170711,66.5,68.35,66.275,67.65,152600
CVLT,20170711,57.3,57.85,56.75,56.9,228400
CVLY,20170711,28.79,29.2,28.34,28.69,4800
CVV,20170711,11.15,11.9,11.15,11.75,31300
CWBC,20170711,10.35,10.35,10.15,10.15,400
CWCO,20170711,12.3,12.375,12.2,12.35,23800
CWST,20170711,16.99,17.1,16.685,17.08,342700
CXDC,20170711,4.65,4.775,4.65,4.75,1500
CXSE,20170711,33.595,34.005,33.595,33.975,6200
CYAD,20170711,40.6,40.6,39,39,400
CYAN,20170711,3.3,3.4,3.3,3.3,3400
CYBE,20170711,21.75,22.8,21.45,22.25,133000
CYBR,20170711,49.33,49.38,48.85,49.27,439600
CYCC,20170711,68,72,68,68.4,35000
CYCCP,20170711,6.69,6.69,6.69,6.69,0
CYRN,20170711,1.95,2,1.95,1.99,29800
CYRX,20170711,4.91,4.91,4.7,4.86,25400
CYTK,20170711,12.65,13.15,12.65,13.1,448100
CZNC,20170711,23.34,23.95,23.15,23.24,19600
CZR,20170711,12.25,12.4,12.05,12.25,1149500
CZWI,20170711,13.76,13.76,13.76,13.76,100
DAIO,20170711,8.57,8.6,8.225,8.46,78300
DAKT,20170711,9.5,9.59,9.43,9.54,83800
DAX,20170711,28.87,28.96,28.87,28.96,600
DBVT,20170711,37.27,38.41,37.21,38.02,145200
DCOM,20170711,19.7,19.8,19.5,19.65,165700
DCTH,20170711,0.14,0.2,0.13,0.18,180172400
DENN,20170711,11.5,11.6,11.42,11.48,308700
DFFN,20170711,32.55,32.85,30,31.35,64200
DGICA,20170711,15.58,15.82,15.42,15.61,44900
DGII,20170711,10,10.1,9.925,10.1,113600
DGLY,20170711,3.8,4.1,3.8,4.05,186200
DGRE,20170711,23.99,24.19,23.99,24.05,10300
DGRS,20170711,33.1,33.165,32.94,33.16,8100
DGRW,20170711,36.76,36.81,36.59,36.76,111400
DHIL,20170711,200,201.595,198.9,198.9,4900
DIOD,20170711,24.7,25.28,24.53,25.1,332600
DISCA,20170711,26.13,26.29,26.01,26.2,1429800
DISCB,20170711,27.75,27.75,27.75,27.75,0
DISCK,20170711,25.48,25.535,25.28,25.48,1671100
DISH,20170711,64.36,65.305,64.25,64.78,1507500
DJCO,20170711,204.79,204.79,204.48,204.48,700
DLHC,20170711,5.73,5.83,5.69,5.71,27900
DLTH,20170711,17.65,17.86,17.39,17.78,163900
DLTR,20170711,66.53,67.42,66.39,66.87,2789800
DMLP,20170711,15.4,15.5,15.1,15.25,97000
DMRC,20170711,31,31.35,29.75,30.6,234200
DORM,20170711,76.25,77.22,75.685,76.72,125500
DOX,20170711,64.48,64.9,64.24,64.79,415300
DRIO,20170711,2.47,2.53,2.37,2.37,12600
DRNA,20170711,3.32,3.48,3.25,3.26,71400
DRRX,20170711,1.6,1.65,1.58,1.59,703400
DSGX,20170711,24.15,24.4,23.9,24.3,38800
DSKE,20170711,11.96,12.06,11.79,12.05,150900
DSKEW,20170711,1.4,1.45,1.4,1.42,236700
DSPG,20170711,12.2,12.25,12,12.1,47000
DSWL,20170711,2.22,2.22,2.17,2.19,5800
DTEA,20170711,5.75,5.75,5.55,5.55,171000
DVAX,20170711,9,9.4,8.7,9.2,1518300
DWAC,20170711,24.62,24.62,24.62,24.62,0
DWAS,20170711,42.92,43.07,42.84,42.99,11800
DWAT,20170711,10.92,10.92,10.92,10.92,200
DWSN,20170711,3.99,4.08,3.85,3.93,61100
DXCM,20170711,70.9,71.52,69.52,71.49,892800
DXGE,20170711,30.54,30.56,30.39,30.525,10400
DXJS,20170711,39.99,40.07,39.91,40,9100
DXLG,20170711,2.05,2.05,1.9,1.95,266000
DXPE,20170711,33.81,35.245,33.22,34.8,122000
DXYN,20170711,4.3,4.4,4.3,4.3,5400
DYNT,20170711,2.8,2.8,2.65,2.65,5600
DZSI,20170711,5.92,6.15,5.72,6.02,19700
EA,20170711,107.63,109.71,107.1,108.42,2289800
EBAY,20170711,34.97,35.45,34.89,35.19,8455900
EBIX,20170711,54.7,55.15,54.35,54.9,181800
EBMT,20170711,17.55,18.2,17.55,18.1,5900
EBSB,20170711,16.7,16.75,16.5,16.625,193300
EBTC,20170711,36.29,36.29,34.995,35.48,8400
ECHO,20170711,19.35,19.55,19,19.1,282300
ECOL,20170711,52,52.35,50.7,52.15,79400
ECPG,20170711,39.7,40.5,39.4,40.3,212200
EDAP,20170711,3.18,3.2,3.11,3.12,38300
EDIT,20170711,16.8,17.18,16.8,17.04,400400
EDUC,20170711,5.175,5.25,5.025,5.025,5600
EEFT,20170711,87.34,88.76,86.94,88.76,246300
EEMA,20170711,65.92,65.92,65.22,65.53,18800
EFAS,20170711,17.39,17.39,17.37,17.37,1800
EFOI,20170711,11.55,11.95,11.25,11.3,28100
EFSC,20170711,41.2,41.2,40.3,40.55,99200
EGAN,20170711,1.9,1.9,1.85,1.85,1400
EGBN,20170711,62.55,62.9,61.85,62.1,99000
EGLE,20170711,30.52,31.78,29.96,31.29,236200
EGRX,20170711,78.32,79.295,77.99,78.17,263700
EHTH,20170711,18.23,19.24,18.14,18.23,103500
EIGR,20170711,7.6,7.8,7.46,7.5,18400
EKSO,20170711,31.5,32.1,31.2,31.65,161400
ELSE,20170711,3.68,3.68,3.68,3.68,0
ELTK,20170711,0.62,0.62,0.62,0.62,100
EMCB,20170711,71.385,71.385,71.35,71.355,1000
EMCF,20170711,27.61,28.75,27.61,28.08,1900
EMIF,20170711,32.54,32.71,32.53,32.58,2300
EMKR,20170711,11.3,11.35,11,11.35,174800
EML,20170711,30.5,30.5,29.6,30.2,32100
ENDP,20170711,11.21,11.57,11.2,11.35,2739300
ENG,20170711,1.2,1.23,1.15,1.17,78800
ENPH,20170711,0.82,0.845,0.78,0.791,864400
ENSG,20170711,21.42,21.57,21.06,21.32,134800
ENTA,20170711,35.24,36.94,34.5,36.19,659900
ENTG,20170711,22.4,23.55,22.34,23.25,965300
ENZL,20170711,45.66,45.71,45.31,45.52,26300
EPAY,20170711,25.71,26.57,25.41,26.51,377900
EPIX,20170711,9.2,9.2,9.2,9.2,10600
EPZM,20170711,14.45,14.8,14.3,14.7,331700
EQBK,20170711,31.5,31.845,31.5,31.61,40100
EQIX,20170711,427.98,431.815,426.3,431.04,547100
ERIC,20170711,7.3,7.37,7.28,7.35,3539100
ERIE,20170711,121.45,121.8,120.37,121.65,21100
ERII,20170711,7.86,7.97,7.69,7.86,227900
ESBK,20170711,20.1,20.2,20.05,20.2,2200
ESCA,20170711,12.6,12.95,12.5,12.85,9600
ESEA,20170711,10.16,10.4,10.08,10.24,81300
ESGD,20170711,62.31,62.68,62.3,62.65,24700
ESGE,20170711,32.335,32.47,32.33,32.45,13600
ESGR,20170711,204.2,204.2,198.1,201.65,31800
ESGU,20170711,53.1,53.1,53.1,53.1,300
ESLT,20170711,123.87,124.48,123.84,124.48,19600
ESPR,20170711,45.81,46.97,45.595,46.59,462800
ESQ,20170711,14.85,15,14.8,14.94,28900
ESSA,20170711,15.015,15.29,15.005,15.08,10400
ESXB,20170711,8.25,8.55,8.2,8.55,79200
ETSY,20170711,14.9,15.04,14.62,14.82,1607900
EUFN,20170711,22.52,22.55,22.37,22.53,3017500
EVBG,20170711,23.28,23.74,23.09,23.42,89200
EVGBC,20170711,99.97,99.97,99.97,99.97,0
EVGN,20170711,5.24,5.745,5.18,5.43,104900
EVK,20170711,2.6,2.65,2.6,2.65,800
EVLMC,20170711,99.94,99.94,99.94,99.94,0
EVLV,20170711,1,1,0.96,0.96,103200
EVOK,20170711,2.52,2.63,2.5,2.57,83400
EVOL,20170711,5.2,5.25,5.2,5.2,2700
EVSTC,20170711,100.03,100.03,100.03,100.03,400
EWBC,20170711,58.99,59.17,58.31,58.43,1106900
EWZS,20170711,13.36,13.43,13.33,13.42,39500
EXAS,20170711,37.2,38.4,37.1,37.93,1781600
EXEL,20170711,25.54,25.68,25.085,25.42,3010800
EXLS,20170711,54.84,55.465,54.49,54.97,147500
EXPD,20170711,57.28,57.55,56.99,57.49,970500
EXPE,20170711,150.2,150.97,149.54,149.94,1212900
EXPO,20170711,28.775,29.125,28.525,28.725,84500
EXTR,20170711,9.55,9.66,9.35,9.46,1086600
EYEG,20170711,20.1,21,19.65,19.8,257300
EYES,20170711,9.36,10.4,9.36,10.24,769000
EYESW,20170711,0.35,0.35,0.35,0.35,0
EZPW,20170711,7.8,7.8,7.6,7.65,252100
FAAR,20170711,28.54,28.54,28.54,28.54,0
FAB,20170711,51.85,51.85,51.795,51.795,2900
FAD,20170711,58.49,58.89,58.49,58.89,4100
FALN,20170711,27.09,27.18,27.09,27.18,12200
FANG,20170711,88.1,88.84,86.57,88.62,862600
FANH,20170711,8.5,8.69,8.46,8.59,84400
FARM,20170711,29.5,29.7,28.9,29.15,101400
FARO,20170711,38.25,39,37.675,38.7,118100
FAST,20170711,21.92,21.985,21.52,21.795,4510900
FATE,20170711,3.18,3.29,3.14,3.2,159500
FB,20170711,153.37,155.42,152.91,155.27,13667700
FBIO,20170711,4.72,4.78,4.53,4.54,194700
FBIZ,20170711,22.855,23.64,22.855,23.24,8800
FBMS,20170711,27.55,27.575,26.6,27.4,19200
FBNC,20170711,31.04,31.1,30.6,30.75,56300
FBZ,20170711,14.3,14.48,14.27,14.48,17500
FCA,20170711,23.68,23.68,23.68,23.68,0
FCAL,20170711,49.81,49.81,49.81,49.81,0
FCAP,20170711,31.27,31.28,30.21,30.53,7000
FCBC,20170711,26.65,27.95,26.65,27.31,27200
FCCO,20170711,20.5,20.65,20.05,20.4,8500
FCCY,20170711,17.4,17.5,17.25,17.3,5900
FCEF,20170711,21.52,21.56,21.44,21.52,8500
FCEL,20170711,15.6,16.8,15.48,16.44,871100
FCNCA,20170711,383,384.495,378,380.77,45100
FCVT,20170711,27.69,27.93,27.69,27.92,20400
FDIV,20170711,50.763,50.8,50.705,50.785,7500
FDT,20170711,55.36,55.63,55.26,55.57,33200
FDTS,20170711,38.15,38.31,38.15,38.28,3600
FDUS,20170711,16.9,16.9,16.67,16.77,45500
FEIM,20170711,9.45,9.45,8.87,8.92,77800
FELE,20170711,41.3,41.95,41,41.4,100300
FEM,20170711,23.95,24.05,23.89,23.99,73800
FEMB,20170711,41.77,42.63,41.73,41.94,5400
FEMS,20170711,37.2,37.51,37.17,37.51,66700
FEP,20170711,34.92,35.16,34.89,35.15,189700
FEUZ,20170711,39.24,39.54,39.12,39.54,1600
FEX,20170711,53.23,53.34,52.97,53.27,78800
FFBC,20170711,28,28.05,27.55,27.95,167200
FFHL,20170711,3,3.03,2.94,2.98,12300
FFIC,20170711,28.5,28.5,27.86,28.39,56300
FFIN,20170711,21.675,21.8375,21.35,21.625,276300
FFIV,20170711,128.09,128.76,127.07,128.65,634600
FFNW,20170711,17.375,17.375,16.79,16.91,21800
FFWM,20170711,16.5,16.53,16.17,16.45,37000
FGBI,20170711,26.82,27.7,26.82,27.52,8900
FGEN,20170711,33.05,33.7,32.65,33.45,410700
FGM,20170711,43.74,44.145,43.74,44.08,11400
FHB,20170711,30.23,30.33,29.92,29.98,230300
FIBK,20170711,37.15,37.3,36.75,37.15,178200
FINX,20170711,18.845,18.934,18.83,18.934,10600
FISI,20170711,29.65,29.8,29.2,29.6,50400
FISV,20170711,61.37,61.445,60.885,61.015,1106800
FITB,20170711,26.35,26.49,26.01,26.19,6362900
FITBI,20170711,29.78,30.03,29.69,29.69,14600
FIVE,20170711,45.47,45.69,44.3,45.06,1528200
FIVN,20170711,21.63,21.99,21.405,21.61,306400
FIXD,20170711,50.48,50.48,50.39,50.44,2000
FIZZ,20170711,103.08,104.23,101.86,102.87,403000
FJP,20170711,51.96,52.12,51.96,52.12,22300
FKU,20170711,35.84,35.96,35.84,35.87,1200
FLDM,20170711,4.02,4.255,3.94,4.05,83000
FLEX,20170711,16.44,16.68,16.4,16.53,2242300
FLGT,20170711,6.6,6.68,6.02,6.33,17100
FLIC,20170711,27.85,28.35,27.75,28.1,26500
FLL,20170711,2.46,2.6,2.41,2.44,106800
FLN,20170711,19.46,19.66,19.46,19.63,14000
FLWS,20170711,9.6,9.6,9.35,9.4,181000
FLXN,20170711,21.32,22.24,21.32,22.16,667200
FLXS,20170711,54.22,56.66,54.105,55.58,37600
FMAO,20170711,60.64,61.78,60.59,61.78,3800
FMB,20170711,52.73,52.81,52.63,52.8,16700
FMBH,20170711,35.93,35.93,34.96,35.16,16200
FMBI,20170711,23.56,23.56,23.155,23.51,618800
FMNB,20170711,14.45,14.45,14,14.25,41000
FNHC,20170711,15.65,15.74,15.36,15.42,33900
FNK,20170711,33.07,33.17,32.92,33.11,8100
FNLC,20170711,27.08,27.23,26.39,26.62,9500
FNWB,20170711,15.675,15.99,15.675,15.82,8500
FNX,20170711,59.15,59.3,59.09,59.29,18200
FNY,20170711,34.605,34.8,34.43,34.8,24200
FOLD,20170711,13.02,13.28,11.94,12.92,24010100
FONR,20170711,28.45,28.65,27.9,28.05,36600
FORD,20170711,1.08,1.08,1.02,1.06,63500
FORM,20170711,12.35,12.55,12.1,12.55,1253600
FORR,20170711,39.6,40.05,39.6,39.95,31600
FORTY,20170711,39.19,39.19,39.19,39.19,300
FOSL,20170711,10.56,10.6,9.92,9.98,3487100
FOX,20170711,27.88,27.88,27.64,27.72,1188700
FOXA,20170711,28.2,28.28,28.03,28.1,7429400
FOXF,20170711,36.7,37.69,36.5,36.85,332000
FPA,20170711,32.72,32.73,32.62,32.73,3100
FPAY,20170711,4.12,4.2,4.12,4.2,1200
FPXI,20170711,31.78,31.89,31.764,31.885,2200
FRBA,20170711,12.1,12.25,12,12.05,5400
FRBK,20170711,9.4,9.5,9.2,9.25,135800
FRGI,20170711,19.45,19.55,18.6,19.25,519600
FRME,20170711,40.08,40.32,39.555,40.27,160000
FRPH,20170711,45,45.3,43.7,45.15,8300
FRPT,20170711,15.55,15.7,15.1,15.6,120500
FRSH,20170711,4.29,4.36,4.2,4.26,81900
FRSX,20170711,9.55,9.55,9.34,9.5,3300
FRTA,20170711,8.14,8.4,8.06,8.39,400100
FSBC,20170711,15,15.1,15,15.1,5800
FSBW,20170711,43.76,44.96,43.75,43.91,1600
FSFG,20170711,52.66,52.66,52.65,52.65,600
FSLR,20170711,39.6,39.85,39.24,39.81,1225700
FSTR,20170711,20.7,21.35,20.35,21.1,71600
FSV,20170711,63.15,63.58,63.15,63.54,43000
FSZ,20170711,48.5,48.78,48.44,48.7,6100
FTA,20170711,50.09,50.09,49.68,49.93,60700
FTAG,20170711,25.32,25.32,25.32,25.32,100
FTC,20170711,55.15,55.34,55,55.24,32100
FTCS,20170711,45.8,45.8,45.42,45.69,138100
FTEK,20170711,0.85,0.87,0.79,0.81,55300
FTFT,20170711,2.3,2.3,2.12,2.16,39500
FTGC,20170711,19.32,19.54,19.32,19.51,36000
FTHI,20170711,22.03,22.03,21.7,21.76,16700
FTLB,20170711,21.64,21.64,21.64,21.64,0
FTNT,20170711,38.51,38.9,38.3,38.88,1690300
FTRI,20170711,11.07,11.07,11.07,11.07,200
FTSL,20170711,48.46,48.5,48.42,48.46,80300
FTSM,20170711,60.02,60.03,60.01,60.03,83000
FTXD,20170711,18.74,18.74,18.74,18.74,0
FTXG,20170711,19.83,19.83,19.83,19.83,0
FTXH,20170711,20.77,20.77,20.77,20.77,0
FTXL,20170711,25.51,25.51,25.3,25.3,400
FTXN,20170711,17.74,17.74,17.74,17.74,0
FTXO,20170711,26.71,26.81,26.63,26.69,43300
FTXR,20170711,24.38,24.38,24.38,24.38,500
FULT,20170711,19,19.05,18.75,18.95,911900
FUNC,20170711,14.85,14.9,14.8,14.8,1100
FUND,20170711,7.31,7.35,7.31,7.35,36200
FUSB,20170711,11.125,11.167,11.1,11.1,2700
FV,20170711,25,25.13,24.95,25.1,499500
FVC,20170711,23.27,23.41,23.27,23.4,37300
FVE,20170711,1.65,1.65,1.55,1.6,54300
FWONA,20170711,33.52,33.83,33.2,33.37,498900
FWONK,20170711,34.6,34.9,34.28,34.34,1669400
FWP,20170711,20.71,21.18,20.71,20.75,6500
FWRD,20170711,53.5,55.765,52.64,53.47,187400
FYC,20170711,38.35,38.65,38.27,38.54,17400
FYT,20170711,33.56,33.68,33.41,33.59,13600
FYX,20170711,55.35,55.45,55,55.39,28900
GABC,20170711,34.22,34.27,33.53,34.08,35700
GAIA,20170711,10.4,10.55,10.35,10.5,24400
GAIN,20170711,9.43,9.44,9.31,9.43,113200
GAINN,20170711,25.61,25.75,25.61,25.75,700
GALT,20170711,2.41,2.5,2.35,2.38,48900
GASS,20170711,3.21,3.21,3.11,3.13,25500
GBCI,20170711,36.44,36.44,35.8,36.1,575500
GBDC,20170711,19.29,19.39,19.2,19.29,189300
GBLI,20170711,38.8,39.15,38.2,38.99,12100
GBLIL,20170711,25.7,25.7,25.53,25.57,14400
GBT,20170711,28.15,28.65,27.75,28.1,405200
GCBC,20170711,25.95,26.55,25.25,26,6500
GDEN,20170711,21,21.21,20.3,20.88,33800
GDS,20170711,8.61,8.93,8.56,8.78,78600
GECC,20170711,10.77,10.77,10.62,10.73,16500
GENC,20170711,16.2,16.299,15.975,16.05,16200
GENE,20170711,3.52,3.52,3.4,3.48,61500
GENY,20170711,29.065,29.17,29.035,29.035,600
GEOS,20170711,13.79,14.01,13.175,13.76,50100
GERN,20170711,2.8,2.865,2.78,2.81,610900
GEVO,20170711,12.4,12.4,11,11.2,536300
GFED,20170711,20.5,20.92,20.28,20.28,1800
GGAL,20170711,42.44,42.5,41.84,42.2,333300
GIFI,20170711,11.05,11.55,11,11.45,116500
GIGM,20170711,2.97,2.97,2.92,2.95,3800
GIII,20170711,22.27,22.58,21.65,22.44,922100
GILD,20170711,68.99,69.495,68.61,69.35,6442600
GILT,20170711,5.52,5.65,5.48,5.61,20500
GLAD,20170711,9.9,9.9,9.86,9.86,77000
GLBL,20170711,5,5.05,5,5,244000
GLBS,20170711,1200,1200,1130,1140,294400
GLBZ,20170711,10.93,10.93,10.93,10.93,200
GLDD,20170711,4.25,4.25,4.1,4.2,235100
GLDI,20170711,8.99,9.04,8.96,9.02,45800
GLMD,20170711,6.7,6.81,6.68,6.78,24600
GLNG,20170711,22.51,22.55,22.06,22.37,766200
GLPG,20170711,75.12,76.68,75.12,76.58,146700
GLPI,20170711,37.03,37.17,36.92,37.03,621600
GLRE,20170711,21.05,21.05,20.7,20.9,94600
GLYC,20170711,10.53,11.05,10.53,10.8,291500
GNCA,20170711,40.4,40.64,38.8,39.6,253800
GNMA,20170711,49.61,49.64,49.52,49.63,11300
GNTX,20170711,18.79,18.92,18.645,18.795,2766300
GNTY,20170711,31.93,32.48,31.5,32.06,12500
GNUS,20170711,3.01,3.1,2.81,3,22200
GOGL,20170711,6.5,6.61,6.41,6.6,366400
GOGO,20170711,11.16,11.34,11.15,11.27,439700
GOOD,20170711,21.08,21.24,20.93,21.17,180700
GOODO,20170711,25.63,25.77,25.63,25.76,2300
GOOG,20170711,929.54,931.43,922,930.09,1113200
GOOGL,20170711,950.52,954.89,945.12,953.53,1461200
GPAC,20170711,9.99,9.99,9.99,9.99,0
GPACW,20170711,0.22,0.22,0.22,0.22,0
GPP,20170711,18.6,18.8,18.55,18.65,16800
GPRE,20170711,19.55,19.6,19.05,19.3,408200
GPRO,20170711,7.97,8.06,7.89,7.95,1284500
GRBK,20170711,11.8,11.9,11.45,11.75,67600
GRFS,20170711,20.5,20.64,20.425,20.47,545500
GRID,20170711,43.97,43.97,43.58,43.73,10500
GRMN,20170711,50.4,50.59,49.99,50.3,1223000
GROW,20170711,1.45,1.48,1.42,1.42,25900
GRPN,20170711,72.8,76.8,72.4,75,4925600
GRVY,20170711,9.11,9.375,9.11,9.215,3300
GSBC,20170711,53.3,53.4,52.525,53.25,22400
GSIT,20170711,8.07,8.2,7.96,8.08,49900
GSM,20170711,12.37,12.54,12.24,12.39,1089500
GT,20170711,35.67,36.06,35.53,35.9,1946000
GTHX,20170711,16.65,16.85,15.55,15.55,19400
GTIM,20170711,3.4,3.55,3.4,3.45,9500
GTYH,20170711,10,10.06,10,10.06,2100
GURE,20170711,7.8,8.1,7.8,8.05,28600
GWGH,20170711,10.45,10.65,10.2,10.38,12300
GWRS,20170711,9.96,9.96,9.83,9.85,9800
GYRO,20170711,20.04,20.04,20.04,20.04,0
HA,20170711,47.75,48.35,47.05,47.2,833500
HAFC,20170711,28.25,28.25,27.65,28.1,126100
HAIN,20170711,38.42,39.4,38.21,39.01,2635300
HALL,20170711,11.28,11.28,10.9,11,15100
HALO,20170711,12.94,13.09,12.86,13,565700
HAS,20170711,112.45,112.5,111.17,112.3,528900
HAYN,20170711,35.46,35.98,35.22,35.59,81800
HBAN,20170711,13.68,13.82,13.635,13.71,9747100
HBANN,20170711,25.95,25.95,25.95,25.95,500
HBANP,20170711,1430,1448.95,1430,1448.95,20100
HBCP,20170711,41.16,42.89,41.16,42.89,8500
HBIO,20170711,2.45,2.55,2.45,2.5,69400
HBMD,20170711,19.15,19.55,19.15,19.55,43900
HBNC,20170711,17.29,17.66,17.29,17.6533,39800
HBP,20170711,6.82,6.825,6.71,6.81,120200
HCCI,20170711,16,16.35,16,16.25,22900
HCKT,20170711,15.84,16.165,15.75,15.85,215500
HCM,20170711,23.37,23.37,22.6,22.61,16100
HCSG,20170711,46.25,46.8,46.235,46.62,447300
HDSN,20170711,9.26,9.32,8.99,9.18,674300
HEAR,20170711,2.68,3.32,2.66,3.12,407300
HEES,20170711,19.88,20.65,19.64,20.42,309900
HELE,20170711,94.9,95.375,88.75,89.25,251200
HFBL,20170711,25.7,25.7,25.7,25.7,0
HFWA,20170711,26.05,26.35,25.825,26.25,161700
HGSH,20170711,3.28,3.3,3.04,3.28,11900
HIBB,20170711,19.55,19.65,19.25,19.5,220300
HIFS,20170711,184.2,186.09,181.71,181.71,3700
HIHO,20170711,3.82,3.82,3.7,3.765,12800
HIMX,20170711,8,8.22,7.9,7.97,4411600
HLG,20170711,8.56,8.79,8.56,8.79,3300
HLIT,20170711,5.15,5.2,5.05,5.15,576200
HLNE,20170711,22.04,22.25,21.58,21.93,156900
HMHC,20170711,11.95,11.95,11.7,11.8,775200
HMNF,20170711,17.9,17.9,17.55,17.55,300
HMST,20170711,27.6,27.6,27.125,27.55,183500
HMTV,20170711,11.85,12.1,11.8,11.9,34000
HNNA,20170711,14.8,14.98,14.71,14.98,12900
HNRG,20170711,8.16,8.29,7.83,8.27,127900
HOFT,20170711,41.4,41.95,41.05,41.6,65700
HOLI,20170711,16.91,17.19,16.91,17.1,303100
HOLX,20170711,44.68,44.84,44.13,44.48,1777200
HOMB,20170711,24.66,24.75,24.22,24.72,595500
HONE,20170711,11.0871,11.1429,10.92,10.998,37500
HOPE,20170711,18.58,18.6,18.26,18.44,476300
HOVNP,20170711,7.48,7.48,7.48,7.48,100
HQY,20170711,48.46,49.79,48.42,49.76,379900
HRTX,20170711,12.9,14.1,12.8,13.95,1752600
HRZN,20170711,11.41,11.49,11.36,11.47,36300
HSIC,20170711,180.76,180.95,179.18,180.68,207600
HSII,20170711,22,22,21.4,21.85,107300
HSKA,20170711,103.2,105.83,102.81,105.59,80300
HSON,20170711,13.2,13.5,13.2,13.4,10900
HSTM,20170711,25.1,25.87,24.85,24.91,81400
HTBI,20170711,24.15,24.35,23.95,24.35,66500
HTBK,20170711,13.94,14.005,13.61,13.94,155600
HTBX,20170711,5.6,5.8,5.4,5.5,326700
HTGM,20170711,2.32,2.415,2.23,2.33,151900
HTHT,20170711,19.6625,20.245,19.6625,20.0625,86500
HTLD,20170711,21.14,21.94,21.11,21.25,912200
HTLF,20170711,46.05,47.25,46.05,47.05,95700
HUBG,20170711,38.7,39.6,38.2,39.15,475200
HURC,20170711,33.65,34.45,33.55,34.15,32700
HURN,20170711,42.25,42.35,41.375,42.2,68800
HVBC,20170711,14.47,14.47,14.46,14.46,300
HWBK,20170711,20.95,21,20.35,20.35,1200
HWKN,20170711,46.55,46.85,46,46.55,21400
HYLS,20170711,49.15,49.25,49.15,49.19,100000
HYZD,20170711,24.06,24.12,24.06,24.11,15900
HZNP,20170711,12.25,12.65,12.23,12.62,4273500
IAC,20170711,102.31,104.54,100.71,103.96,322600
IART,20170711,53.25,53.82,53.25,53.73,281700
IBB,20170711,311.35,312.65,309.28,312.01,1076500
IBCP,20170711,21.45,21.55,20.05,21.45,66500
IBKR,20170711,37.55,37.6,37.28,37.54,379600
IBOC,20170711,35.3,35.3,34.55,35.15,222900
IBTX,20170711,59.3,59.45,58.25,58.9,43200
ICAD,20170711,4.01,4.04,3.92,4,40700
ICBK,20170711,24.15,24.27,23.3,23.57,6100
ICCC,20170711,6.9,7.1,6.81,7.1,3900
ICCH,20170711,17.7,17.7,17.7,17.7,0
ICFI,20170711,45.8,46.35,45.15,46.25,89600
ICHR,20170711,21.12,21.7,20.51,20.8,763700
ICLN,20170711,8.56,8.58,8.52,8.55,28600
ICLR,20170711,98.32,99.49,98.21,98.79,225900
ICPT,20170711,124.01,129.295,124.01,125,501300
ICUI,20170711,169.3,171.35,168.2,170.7,248700
IDCC,20170711,77.35,77.85,76.1,76.95,263200
IDLB,20170711,27.81,27.81,27.61,27.68,38600
IDRA,20170711,14.56,15.04,14.16,14.96,1046700
IDXX,20170711,161.76,162.36,160,161.72,1165400
IEP,20170711,51.21,51.4,50.63,51.16,37900
IESC,20170711,18.15,18.15,17.75,17.85,29800
IEUS,20170711,51.51,51.985,51.51,51.98,13500
IFGL,20170711,27.94,28.04,27.88,28.04,146600
IFMK,20170711,12.475,12.475,12.21,12.44,1400
IFV,20170711,19.86,19.96,19.8,19.96,191300
IGF,20170711,43.47,43.59,43.365,43.55,50200
IGOV,20170711,94.62,95.19,94.52,95.11,37600
III,20170711,4.06,4.11,4.02,4.03,27300
IIN,20170711,8.05,8.295,7.8,7.8,1500
IIVI,20170711,35.9,36.5,35.7,36.45,336900
IKNX,20170711,8.68,9.18,8.49,8.8,10800
ILMN,20170711,169.75,174.5,169.26,173.15,1099600
IMGN,20170711,7.3,7.32,6.68,6.82,3658800
IMKTA,20170711,29.7,30.1,29.65,29.85,61900
IMMR,20170711,8.62,8.65,8.54,8.6,71800
IMOS,20170711,19.49,19.49,19.24,19.35,42300
IMRN,20170711,7.35,7.77,6.63,6.98,24200
IMRNW,20170711,1.8,1.8,1.8,1.8,0
INBK,20170711,29,29,28.2,28.3,6000
INCR,20170711,56.6,57.65,56.05,56.85,674200
INCY,20170711,128.6,132.86,128.6,131.92,1073200
INDB,20170711,66.9,66.95,66,66.9,58700
INDY,20170711,34.61,34.74,34.56,34.69,143500
INFI,20170711,1.33,1.37,1.33,1.33,387700
INFN,20170711,10.76,10.89,10.67,10.89,1147400
INFR,20170711,28.06,28.06,28.03,28.03,400
INGN,20170711,94.17,95.425,93.37,94.06,85800
INO,20170711,7.73,7.87,7.72,7.8,486700
INOD,20170711,1.65,1.7,1.6,1.7,42000
INOV,20170711,12.7,12.9,12.25,12.45,810000
INPX,20170711,38340,44280,34560,36720,2216800
INSE,20170711,12.3,12.3,11.75,11.9,3500
INSG,20170711,1.4,1.44,1.34,1.36,258300
INSM,20170711,17.16,17.49,16.77,16.95,370300
INTC,20170711,33.64,33.93,33.43,33.92,25737500
INTG,20170711,25.4,25.4,25.4,25.4,0
INTU,20170711,132.18,132.98,131.69,132.36,990100
INVA,20170711,12.66,12.97,12.66,12.77,406700
INVE,20170711,5.24,5.24,5.16,5.18,12600
IONS,20170711,51.59,52.45,51.125,52.31,770100
IOSP,20170711,64.75,65.2,63.8,64.3,64700
IOVA,20170711,6.6,6.7,6.45,6.45,157800
IPAR,20170711,36,36.25,35.55,35.55,72700
IPDN,20170711,6.34,6.46,6.2,6.45,12600
IPGP,20170711,150.33,151.27,149.505,150.67,337500
IPKW,20170711,31.9,32.05,31.88,32.04,22000
IPWR,20170711,23.2,23.5,22.6,22.7,16900
IRBT,20170711,84.3,85.38,82.29,83.24,812500
IRCP,20170711,61.5,61.5,61.5,61.5,200
IRDM,20170711,10.7,10.9,10.6,10.65,1453300
IRIX,20170711,9.46,9.8,9.17,9.52,60000
IRMD,20170711,8.55,8.55,8.4,8.45,25000
IROQ,20170711,19.5,19.5,19.45,19.45,3100
IRTC,20170711,42.07,42.5,41.87,42.46,159200
IRWD,20170711,18.94,19.3,18.9,19.24,481500
ISBC,20170711,13.16,13.16,12.995,13.13,2141500
ISHG,20170711,81.41,81.81,81.41,81.81,4000
ISIG,20170711,1.04,1.05,1.02,1.02,7100
ISRG,20170711,949.41,949.41,937.15,942.49,328900
ISSC,20170711,4.18,4.28,4.1,4.24,47500
ISTR,20170711,22.45,23,21.9,22.85,21800
ITCI,20170711,11.87,12,11.76,11.87,184600
ITI,20170711,6.05,6.24,6.03,6.22,75100
ITIC,20170711,189.95,189.95,185.91,186.2,2500
ITRI,20170711,69.05,69.75,68.7,69.35,135600
ITRN,20170711,31.55,31.8,31.4,31.55,23600
IVAC,20170711,11.75,12.1,11.675,11.75,152400
IXUS,20170711,57.29,57.52,57.16,57.5,260000
IZEA,20170711,1.84,1.93,1.37,1.65,177700
JACK,20170711,96.42,97.285,96.055,96.9,294800
JAGX,20170711,640.5,693,556.5,556.5,2281500
JAKK,20170711,39,39,38.5,39,118200
JAZZ,20170711,152.76,154.07,151.97,152.94,204300
JBHT,20170711,92.42,92.72,91.26,91.47,825000
JBLU,20170711,23.12,23.21,22.84,22.93,3453400
JBSS,20170711,61.83,62.61,61.05,61.3,68600
JCS,20170711,4.28,4.35,4.175,4.35,26900
JCTCF,20170711,6.2,6.2,6.2,6.2,0
JD,20170711,40.59,41.335,40.32,40.81,8056300
JJSF,20170711,129.42,135.01,127.97,129.27,71600
JKHY,20170711,103.85,104.02,103.15,103.91,256600
JNCE,20170711,14.03,14.41,13.7,13.82,130100
JOBS,20170711,46.5,46.58,45.71,46.18,113700
JOUT,20170711,47.69,48.38,44.475,47.49,22800
JRJC,20170711,15.1,15.5,15.1,15.1,19200
JRVR,20170711,40.03,40.09,39.69,40.05,124000
JSM,20170711,23.8,23.82,23.54,23.62,22400
JSMD,20170711,34.31,34.31,34.31,34.31,0
JSML,20170711,33.19,33.19,33.03,33.03,500
JVA,20170711,4.35,4.47,4.34,4.39,10200
JYNT,20170711,3.65,3.65,3.515,3.57,26200
KALU,20170711,90.87,91.77,89.905,91.15,104300
KALV,20170711,7.28,7.4,7.2,7.36,3000
KBAL,20170711,16.74,17.1,16.545,16.84,113900
KBSF,20170711,2.94,3,2.94,2.98,1300
KBWB,20170711,50.08,50.08,49.69,49.76,119800
KBWD,20170711,24.45,24.45,24.25,24.38,87500
KBWP,20170711,58.395,58.48,58.14,58.293,4100
KBWR,20170711,53.77,54.15,53.33,53.71,5000
KBWY,20170711,36.27,36.515,36.15,36.45,67900
KE,20170711,18.05,18.2,17.95,18.1,60800
KELYA,20170711,22.5,22.71,22.315,22.65,173700
KELYB,20170711,22.35,22.35,22.35,22.35,100
KEQU,20170711,24.9,24.95,24.625,24.625,800
KFFB,20170711,9.55,9.55,9.55,9.55,100
KFRC,20170711,19.15,19.625,18.75,18.9,186200
KHC,20170711,82.2,83.99,82.2,83.75,5022600
KINS,20170711,15.75,15.864,15.575,15.85,43100
KIRK,20170711,9.81,9.84,9.61,9.81,260200
KLAC,20170711,95.64,97.43,95.14,96.93,1172700
KLIC,20170711,20.19,21.17,20.19,21.08,2068000
KMDA,20170711,5.9,6.05,5.8,6,75500
KMPH,20170711,3.75,4,3.6,3.8,51000
KNDI,20170711,4.4,4.45,4.35,4.4,72900
KNSL,20170711,36.65,37.3,36.16,36.62,42900
KOPN,20170711,3.76,3.86,3.73,3.78,363800
KOSS,20170711,1.81,2,1.8,1.85,83600
KPTI,20170711,9.5,9.6,9.35,9.52,132700
KRMA,20170711,17.47,17.49,17.46,17.49,8700
KRNT,20170711,20,20.05,19.4,19.7,147700
KRNY,20170711,15,15,14.6,14.7,288900
KTCC,20170711,7.22,7.3,7.08,7.13,15500
KTOS,20170711,12.36,12.72,12.28,12.49,1552100
KURA,20170711,9.4,9.55,8.9,8.95,20700
KVHI,20170711,9.45,9.65,9.15,9.45,21400
LAKE,20170711,15.75,16.275,15.75,16.15,164900
LAMR,20170711,72.24,72.97,72.02,72.5,295600
LANC,20170711,122.48,123.78,121.76,122,131000
LAND,20170711,11.45,11.564,11.325,11.42,35500
LARK,20170711,29.67,29.67,29.47,29.47,700
LAUR,20170711,17.24,17.42,17.05,17.24,273000
LAWS,20170711,22.1,22.45,21.75,22,5400
LBAI,20170711,19.1,19.1,18.75,18.95,109200
LBRDA,20170711,85.46,86.49,85.15,85.68,64500
LBRDK,20170711,86.7,87.73,84.95,87.01,631600
LBTYA,20170711,31.9,32.05,31.3,31.42,3149800
LBTYB,20170711,31.3,31.3,31.3,31.3,0
LBTYK,20170711,30.72,31.09,30.41,30.59,2252900
LCA,20170711,10.01,10.04,10.01,10.04,300
LCAHU,20170711,10.86,10.86,10.86,10.86,0
LCAHW,20170711,0.73,0.73,0.73,0.73,0
LCNB,20170711,20.6,20.6,20.1,20.15,5800
LCUT,20170711,18.65,19.05,18.2,18.95,13700
LE,20170711,14.25,14.395,14.1,14.2,58800
LECO,20170711,93.15,93.65,92.16,93.59,766800
LEDS,20170711,2.47,2.56,2.4,2.53,46600
LFUS,20170711,166.58,169.425,165.96,168.65,126200
LFVN,20170711,3.94,4.03,3.85,3.95,53200
LGIH,20170711,42.32,42.475,41.27,42.18,464300
LGND,20170711,118.42,118.91,116.52,117.78,194100
LHCG,20170711,65.2,65.91,64.41,64.81,210000
LIFE,20170711,47.6,48.3,46.2,46.2,22600
LILA,20170711,24.48,25.02,24.11,24.98,413700
LILAK,20170711,24.2,24.845,23.835,24.83,884300
LINC,20170711,3.15,3.55,3.15,3.32,49500
LIND,20170711,9.96,10.48,9.82,10.01,59700
LINK,20170711,9.05,9.05,8.13,8.13,2400
LITE,20170711,61.45,61.96,59.75,61.35,1310700
LIVE,20170711,10.15,10.195,10.06,10.13,2800
LIVN,20170711,61.22,61.8,59.12,61.77,414100
LJPC,20170711,31.93,32.22,31.61,31.95,177900
LKFN,20170711,46.25,46.545,45.52,46.04,76900
LKQ,20170711,31.77,32.07,31.67,31.94,1276600
LLNW,20170711,3.09,3.15,3.05,3.15,155800
LMAT,20170711,27.93,29.9,27.9,29.23,365300
LMB,20170711,12.02,12.05,11.98,11.98,3300
LMBS,20170711,52.21,52.21,52.13,52.16,72200
LMFA,20170711,41,41,40.1,40.1,500
LMNR,20170711,22.48,22.885,22,22.42,21800
LMRK,20170711,16.1,16.29,16,16.15,18500
LMRKO,20170711,25.14,25.16,25.06,25.16,4900
LMRKP,20170711,24.98,25,24.97,25,10500
LNDC,20170711,13.8,14.2,13.7,14.2,125400
LNTH,20170711,18.1,18.2,17.55,18,523300
LOAN,20170711,5.515,5.74,5.515,5.6,11300
LOB,20170711,24.65,24.7,24.3,24.35,32600
LOCO,20170711,13.4,13.45,13.15,13.3,191600
LOGI,20170711,36.9,37.76,36.71,37.7,658700
LOPE,20170711,76.7,78.09,76.47,77.73,158600
LORL,20170711,41.7,42.35,41.625,42,25200
LPCN,20170711,4.1,4.34,4.1,4.33,292100
LPLA,20170711,42.59,43.07,42.31,42.64,401700
LPSN,20170711,11.55,11.7,11.4,11.7,358300
LPTH,20170711,2.7,2.7,2.56,2.57,210900
LPTX,20170711,6.95,6.95,6.9,6.91,3800
LQDT,20170711,6.4,6.5,6.25,6.4,91900
LRCX,20170711,151.31,154.82,151.01,153.72,2753800
LRGE,20170711,26,26,26,26,500
LSBK,20170711,15.71,15.71,15.7,15.7,600
LSCC,20170711,6.54,6.62,6.53,6.6,549900
LSTR,20170711,88.05,88.3,86.55,87.25,231800
LSXMA,20170711,40.9,41.29,40.88,41.2,760700
LSXMB,20170711,41.98,41.98,41.98,41.98,0
LSXMK,20170711,40.8,41.01,40.485,40.9,378700
LTBR,20170711,19.8,20.52,19.8,20.16,28100
LTRPA,20170711,10.95,11.05,10.75,10.85,298900
LTRX,20170711,2.38,2.4,2.33,2.34,13100
LULU,20170711,58.69,58.95,58.18,58.78,1318900
LUNA,20170711,1.43,1.46,1.41,1.41,4000
LVHD,20170711,29.76,29.76,29.55,29.63,25500
LWAY,20170711,9.44,9.44,9.32,9.32,6100
LXRX,20170711,15.96,16.02,15.74,15.85,485500
LYTS,20170711,8.79,8.8,8.7,8.75,26200
MACK,20170711,1.42,1.45,1.4,1.4,1402500
MACQ,20170711,10.01,10.01,10.01,10.01,0
MACQU,20170711,10.23,10.23,10.23,10.23,0
MACQW,20170711,0.33,0.33,0.33,0.33,3600
MANH,20170711,46.18,46.66,45.91,46.49,588600
MANT,20170711,40.16,40.39,39.565,40.23,101400
MAR,20170711,100.33,100.95,99.83,100.73,1793800
MARA,20170711,1.54,1.54,1.4,1.48,1586300
MARK,20170711,2.9,2.98,2.88,2.93,16700
MARPS,20170711,3.7,3.7,3.4,3.5,7800
MASI,20170711,92,93.84,91.42,93.29,716800
MAT,20170711,20.92,20.97,20.7,20.88,3918700
MATW,20170711,64,64.35,63.1,63.95,111100
MAYS,20170711,35.25,35.25,35.25,35.25,0
MBCN,20170711,24.825,24.95,24.455,24.95,1900
MBII,20170711,1.28,1.28,1.1,1.13,68200
MBOT,20170711,19.95,19.95,19.2,19.5,500600
MBRX,20170711,1.41,1.8,1.36,1.54,3483100
MBUU,20170711,27.7,28.04,27.405,27.64,227300
MBWM,20170711,31.62,31.945,31,31.4,24000
MCBC,20170711,9.38,9.38,9.21,9.34,61600
MCEF,20170711,19,19.02,18.99,18.99,1800
MCFT,20170711,19.16,19.5,19.08,19.48,167700
MCHI,20170711,55.48,55.695,55.295,55.65,962900
MCHP,20170711,78.76,79.63,78.61,79.11,1382900
MCHX,20170711,2.86,2.99,2.82,2.85,118000
MCRB,20170711,10.81,11.13,10.66,10.97,142600
MCRI,20170711,30.31,30.31,29.57,29.9,22000
MDGL,20170711,15.945,15.945,15.43,15.47,14100
MDGS,20170711,9.32,9.6,9.08,9.28,13200
MDIV,20170711,19.2,19.29,19.18,19.22,97400
MDLZ,20170711,43.05,43.19,42.755,42.99,4885900
MDRX,20170711,13,13,12.77,12.87,2123900
MDWD,20170711,6.5,6.65,6.445,6.5,186300
MDXG,20170711,14.7,15.17,14.7,15.06,848100
MEDP,20170711,27.14,27.86,27.095,27.62,218700
MEIP,20170711,2.75,2.94,2.48,2.91,870700
MELI,20170711,258.57,263.39,256.465,262.41,594300
MEOH,20170711,43.15,43.45,42.75,43.4,851800
MERC,20170711,11.3,11.35,11.1,11.25,105100
MESO,20170711,7.64,7.79,7.55,7.68,52800
METC,20170711,5.99,6.32,5.75,6.32,58800
MFIN,20170711,2.27,2.3,2.24,2.25,28500
MGEE,20170711,62.6,63.3,61.8,62.65,59800
MGI,20170711,17.35,17.48,17.34,17.36,350900
MGIC,20170711,7.9,8,7.9,8,11500
MGLN,20170711,72.65,73.95,72.3,73.15,117500
MGNX,20170711,17.59,18.31,17.54,17.88,159700
MGPI,20170711,50.17,51.045,49.58,50.77,97300
MGRC,20170711,33.93,34.655,33.47,33.77,79300
MGYR,20170711,13.12,13.12,13.12,13.12,0
MHLD,20170711,11.05,11.35,10.9,10.95,453200
MICT,20170711,1.05,1.05,1.01,1.01,22800
MIDD,20170711,118.78,121.92,118.1,121.77,645400
MILN,20170711,17.43,17.5,17.43,17.5,2400
MIME,20170711,27.26,27.73,27.06,27.51,180500
MIND,20170711,3.83,3.91,3.575,3.68,29700
MINDP,20170711,23.21,23.3,23.19,23.21,5300
MITK,20170711,9.65,9.75,9.275,9.75,661200
MKSI,20170711,72.75,76.025,72.5,75.95,984800
MKTX,20170711,194.98,196.14,192.32,193.24,164400
MLAB,20170711,145.665,151.805,144.1,147.41,16800
MLCO,20170711,21.73,21.95,21.44,21.77,2419400
MLHR,20170711,33.8,34,33.2,33.2,661000
MLVF,20170711,24.15,24.15,23.7,24.1,19300
MMLP,20170711,17.5,17.8,17.46,17.65,39200
MMSI,20170711,37.9,38.25,37.6,38.15,202700
MMYT,20170711,32.05,33.25,31.9,32.9,374000
MNDO,20170711,2.49,2.5,2.47,2.5,11300
MNKD,20170711,1.2,1.2,1.14,1.16,1189000
MNOV,20170711,5.12,5.275,5.08,5.12,21200
MNRO,20170711,40.65,41.3,39.675,39.9,648400
MNST,20170711,50.57,50.58,49.81,49.98,1929200
MNTX,20170711,7.46,7.46,7.14,7.21,54200
MOFG,20170711,34.12,34.99,34.12,34.56,29200
MOMO,20170711,40.85,41.96,40.32,41.09,4417700
MORN,20170711,78.25,78.62,77.5,77.73,62500
MOSY,20170711,22,25.8,22,22.8,1646000
MOXC,20170711,15.25,15.5,15.25,15.5,2000
MPAA,20170711,27.36,27.69,27.15,27.26,125800
MPAC,20170711,9.68,9.69,9.68,9.69,51700
MPACU,20170711,10.09,10.09,10.09,10.09,200
MPACW,20170711,0.5,0.5,0.5,0.5,0
MPB,20170711,26.3,26.3,26,26,600
MPWR,20170711,97.77,98.98,97.35,98.72,260800
MRAM,20170711,24.25,24.83,23.51,23.98,209800
MRCC,20170711,14.85,15.09,14.63,15.08,156600
MRCY,20170711,43.25,43.5,42.68,43.42,268800
MRLN,20170711,25.25,25.35,24.87,25.05,16000
MRNS,20170711,5.4,5.48,5.32,5.32,136300
MRSN,20170711,13.14,13.83,13.1,13.81,64100
MRTN,20170711,10.7667,10.8667,10.4667,10.6667,205800
MRTX,20170711,3.6,3.75,3.45,3.6,101300
MRUS,20170711,16.81,16.81,16.15,16.21,3400
MRVL,20170711,16.1,16.2,15.94,16.06,7173000
MSBI,20170711,33.65,34.3,33.24,33.95,232400
MSEX,20170711,38.26,38.61,38.01,38.33,41900
MSFT,20170711,70,70.68,69.75,69.99,17460000
MSON,20170711,8.5,8.5,7.05,7.5,32200
MSTR,20170711,184.32,186.87,182.29,184.34,77200
MTBC,20170711,1.31,1.31,1.24,1.24,282500
MTBCP,20170711,24.76,24.96,24.5,24.5,2000
MTCH,20170711,17.95,18.13,17.67,18.09,741100
MTEX,20170711,16.09,16.09,15.62,15.85,1400
MTLS,20170711,12.79,13.4,12.69,13.39,38300
MTP,20170711,134.5,136.5,126,130.5,21500
MTRX,20170711,9.35,9.5,9.25,9.35,268200
MTSI,20170711,57.58,59.2,57.23,59.13,374800
MU,20170711,30.55,31.39,30.51,31.37,28530400
MVIS,20170711,2.29,2.49,2.28,2.49,1215500
MYGN,20170711,25.54,25.78,24.86,25.25,722200
MYRG,20170711,30.49,30.62,29.85,30.1,96400
MYSZ,20170711,1.15,1.15,1.11,1.13,56300
NAII,20170711,10.2,10.275,10,10.1,11900
NAKD,20170711,680,735,675,725,105500
NATH,20170711,65.7,65.7,63.9,64.4,3900
NATI,20170711,40,40.5,39.9,40.45,762900
NATR,20170711,12.65,12.65,12.3,12.4,22000
NAVI,20170711,16.35,16.4,16.16,16.32,1293300
NBEV,20170711,4.27,4.58,4.23,4.35,231100
NBIX,20170711,45.27,45.71,44.75,45.29,740400
NBN,20170711,21.36,21.6,21.05,21.55,23500
NBRV,20170711,10.45,10.74,10.35,10.55,31800
NBTB,20170711,36.9,36.9,36.32,36.7,84400
NCBS,20170711,54.58,54.74,53.03,54.13,34400
NCMI,20170711,7.2,7.37,7.155,7.32,259500
NCSM,20170711,24.24,24.46,22.48,23.03,108400
NCTY,20170711,30.9,31.35,30,30.09,38500
NDAQ,20170711,71.3,71.79,71,71.2,980200
NDLS,20170711,4.15,4.2,4.05,4.15,179100
NDRA,20170711,3.6,4,3.6,3.71,12300
NDRAW,20170711,0.84,0.85,0.84,0.84,300
NDSN,20170711,120.46,122.88,119.665,122.81,461800
NEO,20170711,8.9,9.03,8.88,9,211500
NEOG,20170711,50.6475,51.3563,49.92,51,92100
NEON,20170711,10.7,10.8,10.3,10.4,63500
NEPT,20170711,0.87,0.87,0.82,0.82,130700
NERV,20170711,8.6,8.8,8.4,8.75,326900
NESR,20170711,9.52,9.56,9.52,9.56,593100
NESRW,20170711,0.515,0.515,0.515,0.515,6500
NETE,20170711,0.52,0.54,0.45,0.46,290700
NEWT,20170711,16.44,16.44,16.22,16.38,43100
NEWTL,20170711,25.41,25.41,25.41,25.41,300
NEWTZ,20170711,26.33,26.33,26.33,26.33,300
NFBK,20170711,17.25,17.38,17.05,17.23,108200
NFLX,20170711,152.37,155.23,151.55,154.33,4898600
NH,20170711,4.08,4.45,4.01,4.35,213300
NHTC,20170711,28.13,29.2,28.13,28.62,87200
NICE,20170711,77.04,77.64,76.985,77.46,106600
NICK,20170711,9.2,9.31,9.2,9.21,1100
NKSH,20170711,40.8,41.6,40.1,40.7,4300
NKTR,20170711,19.56,21.045,19.51,20.96,1480900
NMIH,20170711,11.95,12.05,11.7,11.75,632000
NNBR,20170711,30.35,30.85,29.45,29.55,267300
NNDM,20170711,60,60.1,59.7,59.95,2500
NODK,20170711,17.95,18,17.86,17.92,10200
NOVN,20170711,3.8,4.05,3.8,3.99,59900
NOVT,20170711,37.1,37.4,36.6,37.1,86400
NRIM,20170711,30.85,30.85,30.2,30.2,6800
NSEC,20170711,14.2,14.2,14.2,14.2,1600
NSIT,20170711,39.87,40.27,39.29,40.09,175500
NSSC,20170711,9.2,9.45,9,9.35,35400
NSTG,20170711,16.09,16.25,15.84,16.2,207200
NSYS,20170711,3.56,3.61,3.56,3.59,700
NTAP,20170711,38.55,39.11,38.51,39.07,2240100
NTCT,20170711,34.25,35.15,34.25,35.1,528800
NTES,20170711,60.512,61.786,60.2,61.728,1290400
NTGR,20170711,44.35,44.5,43.9,44.3,297900
NTIC,20170711,7.975,8,7.625,7.75,14300
NTLA,20170711,16.25,16.34,15.8,16.14,238600
NTNX,20170711,19.03,19.37,18.8,19.12,1918000
NTRA,20170711,10.78,11.18,10.725,10.97,109900
NTRS,20170711,98.41,98.63,97.61,97.9,718300
NTWK,20170711,3.9,3.9,3.8,3.8,11300
NUAN,20170711,17.39,17.56,17.27,17.41,2561100
NURO,20170711,2.6,2.6,2.3,2.36,84000
NUVA,20170711,75.81,76.78,75.63,76.65,480100
NVAX,20170711,23.2,23.8,22.6,23.4,2696400
NVCN,20170711,1420,1420,1370,1375,98900
NVCR,20170711,18.65,20.85,18.35,20,3443200
NVDA,20170711,38.4625,39.0475,38.0375,38.97,18948800
NVEC,20170711,77.85,79.19,77.85,79.06,10700
NVEE,20170711,41.5,42.15,41.125,41.2,27100
NVFY,20170711,7.45,7.7,7.4,7.4,15400
NVIV,20170711,1687.5,1762.5,1650,1687.5,442200
NVMI,20170711,23.62,24,23.33,23.96,156000
NWBI,20170711,15.62,15.62,15.35,15.53,384500
NWFL,20170711,41.93,42.24,41.93,42.23,11500
NWLI,20170711,318.84,330.09,318.84,328.74,13700
NWPX,20170711,16,16.38,15.785,16.37,33700
NWS,20170711,13.65,13.775,13.5,13.75,312900
NWSA,20170711,13.14,13.335,13.07,13.27,1618700
NXPI,20170711,109.25,109.25,109,109.25,1803800
NXST,20170711,59.5,60.9,59.05,60.5,293700
NXTD,20170711,1.67,1.77,1.6,1.66,408800
NYMT,20170711,6.2,6.29,6.17,6.25,632900
NYMTP,20170711,24.64,24.84,24.51,24.79,8600
NYMX,20170711,4.07,4.2,4.05,4.1,89300
OBAS,20170711,10,10,10,10,0
OBCI,20170711,4.11,4.12,4.05,4.05,600
OBSV,20170711,7.97,8.25,7.97,8.05,28000
OCC,20170711,2.5,2.55,2.5,2.5,1300
OCFC,20170711,27.07,27.14,26.66,26.78,84800
OCUL,20170711,7.76,8.15,7.14,7.6,6009800
ODFL,20170711,98.14,98.37,97.06,97.58,317300
ODP,20170711,56.2,57.25,55,55.1,7391400
OESX,20170711,1.2,1.27,1.15,1.15,94600
OFED,20170711,27.7,27.7,27.7,27.7,400
OFIX,20170711,45.72,46.015,45.09,45.84,73400
OFLX,20170711,68.8,68.8,67.45,67.45,2200
OFS,20170711,14.22,14.25,14.08,14.24,21500
OIIM,20170711,1.85,1.96,1.79,1.87,30600
OKTA,20170711,23.08,23.465,22.42,23.02,330800
OLD,20170711,25.943,26.125,25.802,26.1,1500
OLED,20170711,108.5,110.66,107.5,109.1,678600
OLLI,20170711,41.15,42.3,41.05,42.3,827100
OMAB,20170711,48,48.76,47.345,48.52,74500
OMCL,20170711,42.75,43.35,42.65,43.3,211800
OMER,20170711,20.45,20.5,19.39,19.56,1080900
OMEX,20170711,3.95,4,3.85,3.94,15300
ON,20170711,14.44,14.62,14.28,14.46,3270100
ONB,20170711,17.2,17.3,17.05,17.25,762200
ONCS,20170711,10.8,11.5,10.8,11,52500
ONEQ,20170711,242.85,243.6,241.79,243.54,21500
ONTX,20170711,30.75,31.8,30,31.35,36400
ONVO,20170711,2.61,2.7,2.61,2.65,428200
OPGN,20170711,235,245,210,225,271100
OPHC,20170711,3,3,3,3,0
OPK,20170711,6.14,6.2,6.045,6.17,4697400
OPOF,20170711,32.575,34.075,32.575,33.6,18600
ORLY,20170711,173.58,175.23,171.94,174.1,2259300
ORMP,20170711,8.4,8.7,8.32,8.5,46000
ORRF,20170711,22.15,22.45,22.15,22.4,3900
OSBC,20170711,11.9,12,11.75,11.9,72400
OSIS,20170711,76.44,77.395,76.36,76.66,134300
OSTK,20170711,15.95,16,15.3,15.4,124100
OSUR,20170711,18.57,18.9,18.55,18.68,958000
OTEX,20170711,31.41,31.74,31.41,31.57,339100
OTIC,20170711,18.6,19.025,18.25,18.8,125600
OTTR,20170711,39.05,39.4,38.75,39.2,83600
OVBC,20170711,36.6,37.075,36.2,37,9400
OVID,20170711,8.97,9.46,8.95,9.34,47200
OVLY,20170711,14.01,14.01,14.01,14.01,200
OXBR,20170711,5.775,5.8,5.775,5.8,1600
OXBRW,20170711,0.48,0.48,0.4,0.48,500
OXLC,20170711,10.47,10.55,10.43,10.5,90400
OXLCM,20170711,25.15,25.19,25.09,25.17,20300
OXLCO,20170711,25.49,25.49,25.49,25.49,0
PAAS,20170711,15.97,16.3,15.76,16.29,1509600
PACB,20170711,3.42,3.6,3.4,3.46,1215000
PACW,20170711,46.27,46.49,45.84,46.24,804400
PAHC,20170711,36.15,38.25,36.15,37.45,269100
PANL,20170711,2.66,2.8,2.66,2.66,10300
PATI,20170711,17.78,17.82,17.78,17.82,400
PATK,20170711,48.9,49.5667,48.4667,48.6333,84900
PAVM,20170711,4.65,4.67,4.42,4.65,2500
PAVMW,20170711,2,2,2,2,0
PAYX,20170711,57.67,57.68,56.57,56.6,2917600
PBCT,20170711,17.82,17.82,17.63,17.8,2414500
PBCTP,20170711,27.3,27.35,26.7,27.01,29500
PBHC,20170711,15.55,15.55,15,15,2500
PBIP,20170711,16.31,17.49,15.81,17.49,13800
PBPB,20170711,12.05,12.2,11.86,12,462700
PBYI,20170711,86,88.35,85.15,86.9,501500
PCAR,20170711,68.4,68.87,68.03,68.52,1686300
PCH,20170711,45.3,45.775,45.15,45.7,199000
PCOM,20170711,8.6,8.67,8.45,8.51,34900
PCRX,20170711,49.25,50.7,49.25,49.7,332100
PCSB,20170711,17.4,17.4,16.935,17.16,83500
PCTI,20170711,7.46,7.51,7.32,7.35,50300
PCTY,20170711,44.71,45.875,44.66,45.29,135300
PCYG,20170711,12.05,12.15,11.8,12,40000
PCYO,20170711,7.6,7.7,7.35,7.45,35000
PDBC,20170711,15.62,15.79,15.58,15.78,566200
PDCE,20170711,43,44.24,42.49,43.43,1193000
PDCO,20170711,42.4,44.09,42.4,43.36,1823100
PDEX,20170711,6.2,6.23,6.2,6.2,4300
PDFS,20170711,16.79,17.17,16.635,17.15,169700
PDP,20170711,47.08,47.26,46.92,47.19,55300
PEBK,20170711,31.61,32.25,31.47,32.09,9800
PEBO,20170711,30.285,32.52,30.285,32.35,27300
PEGA,20170711,59,59.95,59,59.55,191900
PENN,20170711,20.8,20.99,20.53,20.81,994000
PERI,20170711,5.58,5.61,5.46,5.58,58700
PESI,20170711,3.5,3.5,3.25,3.25,13200
PETS,20170711,38.19,39.58,36.1,39.45,928100
PEY,20170711,16.59,16.62,16.54,16.6,123700
PEZ,20170711,44.45,44.48,44.26,44.4,8300
PFBC,20170711,57.52,57.915,54.96,56,130000
PFI,20170711,31.62,31.65,31.54,31.54,3300
PFIE,20170711,1.19,1.29,1.19,1.22,58300
PFIN,20170711,5.84,5.84,5.66,5.66,18000
PFIS,20170711,41.72,42.56,41.72,42.47,4900
PFLT,20170711,14.16,14.34,14.12,14.28,100900
PFM,20170711,23.97,24.01,23.91,23.97,22700
PFMT,20170711,2.05,2.14,2.01,2.06,32100
PFSW,20170711,8,8.14,7.98,8.02,20700
PGC,20170711,32.16,32.48,31.49,31.97,50700
PGJ,20170711,38.38,38.65,38.38,38.63,11400
PHO,20170711,26.81,26.93,26.76,26.86,22500
PI,20170711,50.81,53.49,50.65,52.5,414600
PID,20170711,15.23,15.26,15.17,15.25,140700
PIE,20170711,17.27,17.34,17.25,17.34,77300
PINC,20170711,35.21,35.8,35.165,35.79,357000
PIO,20170711,23.45,23.56,23.45,23.53,8900
PIRS,20170711,6.05,6.15,5.93,6.03,918900
PIXY,20170711,380,397.6,355.6,380.4,579000
PIZ,20170711,25.46,25.58,25.38,25.55,259800
PKBK,20170711,20.3182,20.6818,20.3182,20.6818,13300
PKOH,20170711,38.38,38.4,37.1,38.05,26000
PKW,20170711,53.72,53.84,53.47,53.79,114600
PLAB,20170711,9.75,9.9,9.675,9.9,291800
PLAY,20170711,64.77,65.62,64.51,65.51,522200
PLBC,20170711,21.3,21.305,20.65,20.65,6900
PLCE,20170711,102.75,104.2,101.55,103.7,563900
PLPC,20170711,46.57,47.3,45.94,46.82,18400
PLSE,20170711,32,32.23,30.9,31.28,256700
PLUG,20170711,2.01,2.065,2.01,2.03,1726400
PLUS,20170711,75.5,76.9,74.95,76.25,58500
PLW,20170711,32.44,32.54,32.38,32.48,28800
PLXP,20170711,5.9,6,5.85,5.9,12500
PLXS,20170711,51.56,52.305,51.31,52,184800
PLYA,20170711,11.71,11.925,11.7,11.88,138000
PMBC,20170711,8.15,8.85,8.15,8.65,15800
PMD,20170711,25.59,27.19,25.59,27.15,58800
PME,20170711,3.86,3.88,3.81,3.86,82800
PMTS,20170711,14.75,15.25,14.75,15,60400
PNBK,20170711,16.64,16.64,16.64,16.64,100
PNFP,20170711,63.3,63.55,62.55,63.5,537200
PNNT,20170711,7.4,7.42,7.36,7.41,174900
PNQI,20170711,104.54,105.41,104.32,105.31,43500
PNRG,20170711,49.3,49.3,47.5,47.55,2100
PODD,20170711,51.01,51.77,50.71,51.14,351900
POLA,20170711,5.6,5.61,5.25,5.38,49400
POOL,20170711,118.88,119.97,118.34,119.87,147700
POWI,20170711,36.725,37.175,36.5,37.025,131200
POWL,20170711,31.97,32.31,31.3,32.31,35700
PPBI,20170711,37.45,37.45,36.65,37.2,149800
PPC,20170711,20.81,20.83,20.28,20.8,3020200
PPH,20170711,57.5,57.78,57.43,57.63,28000
PPIH,20170711,7.7,7.85,7.675,7.8,12400
PPSI,20170711,6.35,6.5,6.2,6.2,7800
PRAA,20170711,37.75,38.45,37.7,38.4,226700
PRFT,20170711,18.16,18.53,17.9,18.29,161600
PRFZ,20170711,118.01,118.05,117.12,117.97,22800
PRGS,20170711,31.87,31.96,31.42,31.46,354800
PRIM,20170711,24.62,25,24.29,24.86,110900
PRN,20170711,54.29,54.31,54.12,54.12,5400
PROV,20170711,19.17,19.38,18.9,18.93,3900
PRPH,20170711,2.08,2.08,2.05,2.05,1100
PRPO,20170711,180,180,164.85,179.7,13900
PRQR,20170711,5.2,5.25,5.15,5.25,8000
PRTA,20170711,59.1,61,58.53,59.51,415700
PRTK,20170711,23.5,24.05,23.3,23.9,367500
PRTS,20170711,3.13,3.13,3.03,3.07,61500
PSC,20170711,28.67,28.78,28.61,28.64,5800
PSCC,20170711,64.52,64.61,64.113,64.485,5500
PSCD,20170711,52.62,52.96,52.47,52.81,4200
PSCE,20170711,12.88,13.13,12.62,12.94,14400
PSCF,20170711,51.61,51.61,51.005,51.4,8900
PSCH,20170711,86.16,87.27,86.16,87.1,9200
PSCI,20170711,56.21,56.54,55.9,56.54,2500
PSCM,20170711,46.36,46.7,46.26,46.68,2100
PSCT,20170711,75.14,75.67,74.815,75.54,16300
PSCU,20170711,50.56,50.56,50.2,50.29,4300
PSEC,20170711,8.12,8.14,8.05,8.11,1332600
PSET,20170711,29.36,29.36,29.36,29.36,0
PSL,20170711,58.73,59.2,58.73,59.04,2000
PSMT,20170711,81,84,80.925,81.65,271400
PSTI,20170711,12.5,12.6,12.2,12.2,103200
PTC,20170711,56.8,57.56,56.55,57.38,886300
PTCT,20170711,18.84,19.95,18.84,19.86,830400
PTEN,20170711,20.04,20.49,19.78,20.28,3409800
PTF,20170711,47.12,47.58,47.01,47.58,9200
PTGX,20170711,12.49,13.51,12.21,13.17,55000
PTH,20170711,61.96,62.45,61.78,62.14,166200
PTNR,20170711,5,5,4.84,4.92,21300
PTSI,20170711,18.05,18.36,17.785,17.88,6100
PUI,20170711,27.14,27.21,26.97,27.13,482100
PULM,20170711,23.6,23.8,23.5,23.5,105300
PVAC,20170711,36,38.55,34.865,37.52,60700
PVBC,20170711,10.925,10.975,10.9,10.9,4700
PWOD,20170711,28.31,28.31,27.3033,27.56,6400
PXI,20170711,32.72,33.42,32.7,33.19,14900
PXLW,20170711,4.82,4.86,4.73,4.83,180900
PXS,20170711,1.76,1.76,1.73,1.76,2600
PY,20170711,28.985,28.985,28.985,28.985,1000
PYPL,20170711,54.92,55.2,54.33,54.76,9011400
PYZ,20170711,61.594,61.724,61.34,61.665,1300
PZZA,20170711,73.8,75.18,73.36,75.07,681000
QABA,20170711,50.74,50.74,50.21,50.57,15600
QADA,20170711,31.35,31.55,30.75,30.95,38800
QADB,20170711,26.05,26.05,26.05,26.05,0
QAT,20170711,16.82,16.82,16.37,16.76,22100
QCLN,20170711,18.06,18.06,17.9,18.02,37700
QCOM,20170711,55.63,55.63,55.02,55.33,6124800
QCRH,20170711,47.5,48.2,46.15,47.85,41800
QDEL,20170711,27.42,27.78,27.33,27.52,101000
QIWI,20170711,22.51,24.32,22.21,24.08,3032200
QLYS,20170711,40.65,41.65,40.65,41.65,220800
QNST,20170711,4.03,4.15,3.94,4.12,107300
QQEW,20170711,53.47,53.71,53.38,53.61,18100
QQQ,20170711,138.44,139.22,137.94,139.05,31517600
QQQX,20170711,21.63,21.75,21.57,21.7,73500
QQXT,20170711,45.98,45.98,45.63,45.83,11400
QRHC,20170711,2.24,2.24,2.12,2.12,8100
QRVO,20170711,64.99,66.15,64.83,65.93,997700
QTEC,20170711,63.57,64.08,63.47,64.06,122000
QTNT,20170711,7.08,7.3,6.78,7.1,164600
QUIK,20170711,19.18,20.02,19.18,19.46,200800
QUMU,20170711,2.68,2.78,2.65,2.66,12500
QURE,20170711,6.5,6.82,6.11,6.49,109100
QYLD,20170711,23.91,23.93,23.74,23.8,52800
RADA,20170711,2.2,2.2,2.06,2.13,211800
RAIL,20170711,17.19,17.34,16.94,17.13,65100
RAND,20170711,24.93,24.93,24.93,24.93,0
RARE,20170711,61.58,64.07,61.48,63.76,192100
RAVE,20170711,2,2.04,1.96,2.03,32400
RAVN,20170711,34.75,35.25,34.65,35.2,151300
RBCAA,20170711,35.72,35.9,35.08,35.38,17300
RBCN,20170711,8.79,8.8,8.62,8.76,3500
RCII,20170711,12.5,12.75,11.76,12.09,6561300
RCKY,20170711,12.9,12.95,12.7,12.7,9600
RCM,20170711,3.7,3.8,3.62,3.7,237900
RCMT,20170711,4.94,5.02,4.91,4.98,3700
RCON,20170711,5.65,5.75,5.35,5.5,57000
RDCM,20170711,19.6,19.8,19,19.45,11300
RDHL,20170711,8.28,8.33,8.16,8.18,41400
RDI,20170711,15.89,15.96,15.605,15.65,24000
RDIB,20170711,19,19,19,19,0
RDNT,20170711,7.75,7.8,7.65,7.7,95300
RDUS,20170711,45.44,48.63,45.3,48.16,1340000
RDVY,20170711,27.22,27.26,27.09,27.23,72800
RDWR,20170711,17.38,17.78,17.32,17.7,198000
REFR,20170711,1.25,1.25,1.2,1.2,15000
REGI,20170711,12.45,12.5,12,12.05,434400
REGN,20170711,498.52,502,489.195,492,829200
RELL,20170711,6.01,6.03,6.01,6.01,1700
RELY,20170711,2.35,2.45,2.35,2.35,87400
REPH,20170711,7.08,7.33,7.05,7.24,72400
RESN,20170711,4.8,4.8,4.58,4.58,24200
RETA,20170711,33.75,34.59,32.78,33.75,48900
RFDI,20170711,60.07,60.32,60,60.28,81800
RFEM,20170711,62.65,62.84,62.64,62.84,28900
RFEU,20170711,61.23,61.54,61.19,61.54,5700
RFIL,20170711,1.9,1.95,1.85,1.85,39700
RGCO,20170711,27.6,28.83,27.6,28.55,19100
RGEN,20170711,41.5,41.975,41.12,41.42,435900
RGLD,20170711,78.32,79.38,77.59,79.29,371500
RGLS,20170711,11.64,11.76,11.4,11.4,293900
RGNX,20170711,20.25,20.25,19.925,20.25,185700
RIBT,20170711,0.99,0.99,0.9,0.93,26200
RICK,20170711,23.95,24.62,23.41,24.13,138800
RIGL,20170711,2.52,2.63,2.52,2.54,1306500
RILY,20170711,18.75,19.25,18.4,18.8,99800
RILYL,20170711,26,26.06,26,26.06,27000
RILYZ,20170711,25.77,25.82,25.75,25.78,41600
RIOT,20170711,3.75,3.83,3.72,3.75,4600
RKDA,20170711,9.2,9.2,8.4,8.7,16500
RMBS,20170711,12.67,12.9,12.58,12.85,1568400
RMCF,20170711,11.36,11.49,11.16,11.21,8000
RMR,20170711,48.7,49.65,48.7,49.5,29100
RMTI,20170711,7.84,8.1,7.585,7.86,115100
RNDB,20170711,15.05,15.09,14.86,14.88,2800
RNDM,20170711,48.94,48.94,48.94,48.94,0
RNDV,20170711,19.61,19.61,19.61,19.61,100
RNEM,20170711,50.36,50.36,50.36,50.36,0
RNLC,20170711,19.82,19.82,19.82,19.82,100
RNMC,20170711,19.76,19.76,19.76,19.76,100
RNSC,20170711,19.88,19.88,19.88,19.88,100
RNST,20170711,43.49,43.61,42.97,43.15,192300
RNWK,20170711,4.26,4.27,4.23,4.27,22200
ROCK,20170711,34.4,34.95,33.9,34.2,248400
ROIC,20170711,19.01,19.03,18.66,18.97,895500
ROLL,20170711,101.8,104,100.7,102.46,68600
ROST,20170711,54.81,55.02,54.32,54.34,3657000
RPD,20170711,17.12,17.43,17.1,17.24,85900
RPRX,20170711,0.54,0.56,0.51,0.55,839000
RRGB,20170711,63.65,64.85,63.6,64.35,235400
RRR,20170711,23.78,24.1,23.67,24.01,474500
RUN,20170711,6.9,6.99,6.83,6.87,831100
RUSHA,20170711,25.1267,25.3067,24.6,25.1333,158600
RUSHB,20170711,24.04,24.4467,23.5333,24.4333,15000
RUTH,20170711,21.2,21.4,21,21.25,186200
RVNC,20170711,25.4,26.975,24.85,25.3,171400
RVSB,20170711,7.05,7.14,6.94,7.13,262800
RWLK,20170711,38.75,40,35,36.25,1750800
RXDX,20170711,10.4,10.45,9.85,10,1004400
RYAAY,20170711,111.33,111.99,111.16,111.68,304600
SABR,20170711,21.33,21.36,21.13,21.24,1895900
SAFM,20170711,112.83,112.83,109.74,112.19,718000
SAFT,20170711,68.9,68.9,68.1,68.5,52100
SAGE,20170711,79.22,80.68,78.86,80.43,292100
SAIA,20170711,53.15,53.325,51.675,51.85,154300
SAL,20170711,40.5,40.83,40.5,40.83,600
SALM,20170711,7,7.15,6.9,7,19400
SAMG,20170711,13.25,13.9,13,13.15,4700
SANM,20170711,38.95,39.175,38.4,39.05,326300
SANW,20170711,4,4.1,4,4,26600
SASR,20170711,40.33,40.4,39.795,40.17,100900
SATS,20170711,48.3763,49.0913,48.2625,48.5875,122500
SBAC,20170711,134.26,135.49,133.27,133.6,794600
SBCF,20170711,23.84,23.88,23.56,23.81,222300
SBFG,20170711,16.81,16.86,16.73,16.73,1400
SBGI,20170711,32.9,33.275,32.5,33.1,740700
SBLK,20170711,9.15,9.93,9.11,9.37,883200
SBNY,20170711,141.26,142.26,140.7,141.15,441000
SBRA,20170711,22.6,22.74,22.46,22.49,2102900
SBSI,20170711,34.97,34.97,34.41,34.83,84700
SBUX,20170711,57.91,58.08,57.53,57.9,5422300
SCHL,20170711,42.53,42.53,41.94,42.24,111500
SCHN,20170711,24.85,25.75,24.6,25.65,503000
SCKT,20170711,4.23,4.24,4.195,4.21,24100
SCSC,20170711,39.1,39.6,38.55,39.6,66500
SCVL,20170711,18.72,18.97,18.32,18.76,163500
SCWX,20170711,10.5,10.61,10.02,10.49,84600
SCYX,20170711,19.1,19.2,18,18.6,192800
SCZ,20170711,57.31,57.6,57.25,57.6,579300
SEAC,20170711,2.67,2.72,2.65,2.7,18800
SEDG,20170711,21.4,22.05,21.325,21.6,6066100
SEED,20170711,13.7,13.8,13,13.6,66100
SEIC,20170711,54.65,55.3,54.42,54.77,926200
SELB,20170711,18.86,19.94,18.54,18.96,91700
SELF,20170711,4.727,4.825,4.727,4.825,5300
SENEA,20170711,28.95,29.55,28.75,29.55,20900
SENEB,20170711,33.6,33.6,33.6,33.6,0
SFBC,20170711,29.805,29.805,29.805,29.805,700
SFM,20170711,23.42,23.79,23.28,23.57,2348200
SFNC,20170711,26.35,26.35,25.825,26.225,166800
SFST,20170711,36.5,37.15,36.5,37,9800
SGBX,20170711,99.8,102,97,101,64200
SGC,20170711,21.71,22.7,21.2,22.07,18800
SGEN,20170711,51.26,52.01,50.74,51.78,1118800
SGH,20170711,15.64,15.75,15.15,15.36,99600
SGLB,20170711,22.1,22.4,22,22,2700
SGLBW,20170711,0.92,0.92,0.92,0.92,0
SGMA,20170711,6.5,6.78,6.49,6.64,39200
SGMO,20170711,8.65,9.25,8.625,9.25,1248200
SGMS,20170711,24.85,25.55,24.85,25.4,571200
SGOC,20170711,1.2,1.24,1.1,1.24,14000
SGRP,20170711,1.06,1.08,1.04,1.04,12500
SGRY,20170711,20.8,21.2,20.5,20.8,270500
SHBI,20170711,16.325,16.77,16.325,16.75,16200
SHEN,20170711,29.85,30.3,28.8,28.95,503400
SHIP,20170711,180,192,177.6,181.2,264600
SHIPW,20170711,0.15,0.15,0.15,0.15,0
SHOO,20170711,25.9667,25.9667,25.5667,25.6667,400400
SHY,20170711,84.42,84.47,84.42,84.47,1615400
SIEB,20170711,4.05,4.05,4.04,4.04,1100
SIEN,20170711,9.59,10.84,9.515,10.69,955500
SIFY,20170711,0.72,0.73,0.71,0.71,34600
SIGI,20170711,51.15,51.15,50.35,50.75,158300
SILC,20170711,46.78,47.755,46.404,46.85,56000
SIMO,20170711,43.8,44.175,42.8,42.84,913400
SINO,20170711,14.75,15.25,14.5,15.15,212600
SIRI,20170711,5.35,5.4,5.32,5.39,12586700
SIVB,20170711,181.55,183.785,179.55,182.42,498200
SKOR,20170711,50.68,50.88,50.68,50.875,5200
SKYW,20170711,36.55,36.8,36.1,36.2,207800
SKYY,20170711,39.81,39.86,39.5,39.83,61900
SLAB,20170711,68.3,69,67.95,68.75,231600
SLCT,20170711,12.65,12.65,11.9,12.2,20300
SLGN,20170711,32.01,32.01,31.54,31.67,415100
SLM,20170711,11.26,11.4,11.2,11.39,1467200
SLMBP,20170711,72.75,72.845,72.296,72.845,1300
SLNO,20170711,0.61,0.64,0.55,0.61,39000
SLP,20170711,13.25,14.65,13.25,13.7,181600
SLQD,20170711,50.48,50.5,50.46,50.48,57000
SLRC,20170711,22,22.025,21.72,21.79,75400
SLVO,20170711,7.75,7.87,7.75,7.85,74600
SMBC,20170711,31.125,33.05,31.125,32.64,22700
SMBK,20170711,23.3,24.25,23.25,24.24,15200
SMCI,20170711,24.4,24.7,24.225,24.6,226500
SMCP,20170711,24.15,24.15,24.15,24.15,200
SMED,20170711,4.44,4.44,4.25,4.29,12200
SMIT,20170711,1.8,1.8,1.8,1.8,0
SMMF,20170711,21.93,21.99,21.48,21.8,17100
SMMT,20170711,11.57,11.86,11.19,11.445,4900
SMPL,20170711,12,12.25,12,12,442600
SMSI,20170711,1.46,1.46,1.4,1.41,25700
SMTC,20170711,35.8,36.65,35.8,36.55,515400
SNCR,20170711,16.13,16.15,15.62,16.1,1173400
SND,20170711,7.18,7.36,6.9,7,1294300
SNDX,20170711,13.16,13.925,13,13.29,77000
SNES,20170711,113.8,113.8,103.8,106.6,19600
SNFCA,20170711,6.3,6.55,6.3,6.3,9300
SNGX,20170711,2.06,2.105,2.01,2.06,22200
SNGXW,20170711,0.67,0.67,0.67,0.67,0
SNLN,20170711,18.42,18.44,18.42,18.44,110400
SNOA,20170711,61.56,62.82,58.68,58.77,24000
SNPS,20170711,73.51,73.89,73.04,73.54,732600
SNSR,20170711,18.02,18.05,17.98,18.05,23300
SOCL,20170711,28.29,28.65,28.29,28.64,37800
SOHO,20170711,6.61,6.67,6.41,6.53,87600
SOHOB,20170711,25.5,25.57,25.485,25.485,2200
SOHU,20170711,45.08,45.44,44.75,45.33,144600
SOXX,20170711,144.13,145.77,144.04,145.71,321800
SP,20170711,32,32.56,31.05,31.45,192800
SPCB,20170711,3.32,3.35,3.27,3.32,16800
SPI,20170711,0.5,0.53,0.5,0.5,103100
SPLK,20170711,57.66,59.05,57.48,58.5,1482800
SPNE,20170711,12.48,13.22,12.48,13.16,69400
SPNS,20170711,11.16,11.24,11.03,11.2,71000
SPOK,20170711,17.65,17.65,16.4,16.5,633500
SPPI,20170711,7.29,7.36,7.2,7.29,734200
SPSC,20170711,60.48,61.87,59.345,60.56,226500
SPTN,20170711,26,26.29,25.71,26.02,225100
SPWH,20170711,5.2,5.295,5.1,5.11,533300
SPWR,20170711,8.9,9.08,8.84,9.04,2018700
SQQQ,20170711,631.6,638.4,620.8,623.6,4067000
SRAX,20170711,1.25,1.29,1.19,1.21,30100
SRCE,20170711,48.4,48.55,48.03,48.5,47100
SRCL,20170711,75.31,75.94,75.05,75.73,468300
SRDX,20170711,27.25,28.3,27.05,27.4,36000
SRET,20170711,15.16,15.17,15.095,15.17,14400
SREV,20170711,3.89,3.93,3.8,3.83,100400
SRNE,20170711,1.85,1.95,1.81,1.85,382000
SRPT,20170711,34.48,34.77,33.75,34.19,761500
SRRA,20170711,45.2,46.8,45.2,46.4,166600
SRTS,20170711,3.95,4,3.85,3.85,7600
SSB,20170711,86.15,86.15,84.45,84.95,81600
SSBI,20170711,13,13.349,12.955,13.2,14500
SSKN,20170711,2.32,2.35,1.82,2.03,61900
SSNC,20170711,38.77,39.04,38.6,39.01,696800
SSNT,20170711,3.93,4,3.92,4,11300
SSRM,20170711,9.25,9.36,9.07,9.35,1016600
SSTI,20170711,12.91,13.36,12.91,13.18,32700
SSYS,20170711,23.56,24.17,23.18,23.93,415900
STAA,20170711,10.2,10.5,10.2,10.3,42900
STAF,20170711,3.45,3.465,3.3,3.325,44900
STBA,20170711,36.24,36.24,35.57,36.19,54700
STFC,20170711,25.39,25.43,24.64,25.36,31700
STKL,20170711,9.75,9.9,9.7,9.8,252900
STKS,20170711,2,2.07,1.97,1.97,7700
STLD,20170711,36.34,36.58,35.81,36.02,2364900
STRA,20170711,90.41,91.97,89.705,91.69,49400
STRL,20170711,12.85,13.02,12.71,12.87,322600
STRM,20170711,1.07,1.12,1.04,1.08,23000
STRS,20170711,29.45,29.825,29.45,29.55,3500
STRT,20170711,33.785,35.91,33.785,34.55,15600
STX,20170711,38.37,39.16,38.37,38.72,3751200
SUMR,20170711,15.84,16.11,15.39,15.75,64100
SUNS,20170711,17.2,17.24,17.12,17.2,55700
SUNW,20170711,11.9,12.88,11.69,12.46,172500
SUPN,20170711,43.2,44.35,43.2,44.05,491300
SVBI,20170711,7.19,7.25,7.19,7.2,1400
SVRA,20170711,6.15,6.17,5.685,6.04,119100
SVVC,20170711,8.235,8.291,8.2,8.25,7100
SWIR,20170711,28.5,28.93,28.25,28.7,175300
SWKS,20170711,100.05,101.07,99.69,100.73,1375200
SYBT,20170711,38.4,38.525,37.85,38.15,51900
SYNA,20170711,52.59,52.98,52.055,52.66,922000
SYNL,20170711,11.35,11.35,11.1,11.1,1100
SYPR,20170711,1.73,1.77,1.64,1.69,62100
SYRS,20170711,17.18,17.9,17.04,17.27,26700
TA,20170711,3.8,3.85,3.75,3.75,243800
TACO,20170711,13.55,13.625,13.24,13.25,205000
TACT,20170711,8.95,8.95,8.8,8.85,12800
TAIT,20170711,1.73,1.74,1.71,1.71,14400
TANH,20170711,2.39,2.49,2.31,2.49,80000
TANNI,20170711,24.22,24.51,24.22,24.51,12900
TANNL,20170711,23.54,23.75,23.53,23.75,6000
TANNZ,20170711,23.71,23.71,23.51,23.51,4700
TAST,20170711,12.05,12.15,11.9,12.1,147000
TATT,20170711,10.55,10.75,10.5,10.5,6300
TAYD,20170711,13.55,13.55,13.11,13.12,1900
TBBK,20170711,7.71,7.81,7.63,7.69,367200
TBK,20170711,24.85,25.1,24.4,25.05,41800
TBNK,20170711,30.96,31.13,30.46,30.6,6600
TBPH,20170711,40.83,42.11,40.32,40.59,598900
TCBI,20170711,77.55,78.1,76.75,77.55,646900
TCBK,20170711,35.49,35.49,34.255,35.22,105200
TCFC,20170711,37.21,38.08,35,36.22,13700
TCMD,20170711,28.9,29.84,28.555,29.63,179200
TCON,20170711,21.5,22,21,21,28200
TCPC,20170711,16.75,16.8,16.66,16.75,214100
TCX,20170711,56.5,58,56.35,57.85,143900
TDIV,20170711,31.23,31.34,31.17,31.32,24500
TEAM,20170711,35.16,35.56,34.89,35.34,517600
TECH,20170711,116.4,117.29,115.91,116.89,132600
TEDU,20170711,18.73,18.73,18.38,18.6,124900
TELL,20170711,10.01,10.4,9.91,10.1,683900
TENX,20170711,13.6,14,13.2,13.2,145500
TESS,20170711,13.35,13.9,13.25,13.45,46600
TFSL,20170711,15.69,15.75,15.56,15.68,157800
TGA,20170711,1.27,1.29,1.26,1.27,24700
TGLS,20170711,9.19,9.24,9.11,9.22,19600
TGTX,20170711,10.5,10.5,10.2,10.4,1084800
THFF,20170711,47.5,47.5,46.85,47.45,15000
THRM,20170711,39.05,39.65,38.75,39.45,142100
TIG,20170711,21.28,21.28,20.835,20.91,6500
TIL,20170711,4.08,4.09,4.08,4.09,4000
TILE,20170711,19.25,19.35,18.95,19,433200
TIPT,20170711,7.05,7.1,6.95,7.1,10600
TITN,20170711,17.65,17.84,17.3,17.58,131600
TLGT,20170711,88.1,90.5,88.1,88.8,184500
TLT,20170711,122.86,123.33,122.71,123.11,4425500
TMUS,20170711,60.74,61.47,60.665,61.23,3263300
TNDM,20170711,0.71,0.75,0.57,0.58,1741300
TNXP,20170711,435,438,430,432,32000
TOPS,20170711,1350,1375,1185,1245,1393700
TOUR,20170711,7.94,7.97,7.85,7.91,74400
TOWN,20170711,30.8,30.825,30.4,30.65,141900
TPIC,20170711,18.42,18.795,18.381,18.67,83200
TQQQ,20170711,33.1967,33.7417,32.8233,33.6167,4523800
TREE,20170711,172.35,173.25,168.55,170.45,186900
TRHC,20170711,15.52,15.6,14.88,15.23,45300
TRIB,20170711,5.67,5.69,5.5,5.63,70100
TRIL,20170711,4.35,4.5,4.35,4.5,12600
TRIP,20170711,36.23,36.85,35.99,36.41,1476800
TRMB,20170711,36.7,37.14,36.39,37.01,1073400
TRMK,20170711,32.45,32.68,32.02,32.36,334200
TRNS,20170711,12.45,12.45,12.25,12.35,8300
TROW,20170711,75.5,75.57,74.3,75.16,2023100
TRS,20170711,21.25,21.8,20.1,21.7,333000
TRST,20170711,7.75,7.75,7.6,7.65,261200
TRUE,20170711,20.73,21.08,20.49,20.9,1158500
TRUP,20170711,22.04,22.4,21.76,22.11,119100
TRVG,20170711,21.66,21.8,21.11,21.72,754700
TRVN,20170711,2.25,2.395,2.18,2.38,496400
TSBK,20170711,25.85,26.1,24.685,25.96,27400
TSC,20170711,25.15,25.4,24.725,24.85,94300
TSCO,20170711,50.52,50.61,49.88,50.05,2386600
TSEM,20170711,24.24,24.39,24.03,24.23,293500
TSLA,20170711,63.2,65.456,62.86,65.444,11559400
TSRI,20170711,5,5,4.9,4.9,4200
TTD,20170711,50.15,52.605,49.92,51.17,895200
TTEC,20170711,41.1,41.5,40.8,41.15,115400
TTEK,20170711,45.65,46,45.2,45.95,214100
TTGT,20170711,10.02,10.585,9.61,9.96,57900
TTMI,20170711,17.82,17.995,17.67,17.99,2072300
TTNP,20170711,11.1,11.4,10.5,11.1,261000
TTOO,20170711,2.95,2.95,2.72,2.72,183900
TTWO,20170711,74.47,76.35,74.12,75.9,2352600
TURN,20170711,1.54,1.61,1.54,1.6,109700
TUSA,20170711,29.8,29.88,29.69,29.81,4800
TUSK,20170711,17.28,17.82,17.02,17.76,92900
TVTY,20170711,39.3,39.8,39,39.55,331100
TWIN,20170711,16.385,17.05,16.385,17.05,18400
TWNK,20170711,15.61,15.78,15.47,15.73,1302700
TWNKW,20170711,2.65,2.76,2.65,2.75,77100
TWOU,20170711,45.81,47.07,45.81,46.51,233000
TXN,20170711,78.78,79.145,78.28,79.04,2729100
TXRH,20170711,50.57,51.15,50.52,51.11,510200
TYHT,20170711,20.781,23.04,19.665,21.51,52800
TZOO,20170711,11.1,11.22,10.95,10.95,5600
UAE,20170711,16.82,16.96,16.82,16.93,4200
UBCP,20170711,11.85,12,11.85,11.95,1400
UBFO,20170711,9.13,9.65,9.1,9.65,20300
UBND,20170711,50.89,50.89,50.89,50.89,0
UBOH,20170711,22.655,22.655,22.2,22.2,1600
UBSI,20170711,37.75,37.85,37.25,37.7,918200
UCBI,20170711,27.85,28.08,27.615,27.91,315600
UCTT,20170711,20.91,21.72,20.82,21.34,922200
UEIC,20170711,66.15,67.325,66.15,66.55,53400
UEPS,20170711,9.71,9.96,9.58,9.66,122400
UFCS,20170711,43.41,43.5,42.54,43.23,60400
UFPI,20170711,86.3,87.685,86.115,86.87,67900
UFPT,20170711,27.7,28.1,27.45,27.9,29600
UG,20170711,15.4,15.4,15.4,15.4,300
UHAL,20170711,354.61,354.61,349.71,352.21,48000
UIHC,20170711,15.66,15.9,15.56,15.85,107000
ULBI,20170711,7.2,7.25,7.1,7.15,17900
ULH,20170711,15.25,15.25,14.6,14.65,4100
ULTA,20170711,268.57,269.25,253.09,255.98,3388500
UMBF,20170711,74.27,75,73.78,74.29,265500
UMPQ,20170711,18.45,18.56,18.3,18.5,946000
UNAM,20170711,9.15,9.15,9.05,9.05,400
UNB,20170711,45.85,47.75,44.15,44.3,7900
UNIT,20170711,24.38,25.18,24.38,25.14,1059800
UNTY,20170711,17.8,17.95,17.8,17.9,21200
UONE,20170711,2.24,2.24,2.24,2.24,0
UONEK,20170711,2.1,2.1,2,2,47100
UPLD,20170711,23.39,23.39,22.73,23.08,100500
URBN,20170711,17.76,17.86,17.39,17.56,2678300
URGN,20170711,18.9,19.46,18.69,18.85,37800
USAK,20170711,8.46,8.46,8.12,8.23,29200
USAP,20170711,19.71,20.19,19.32,20,9900
USAU,20170711,27.5,27.9,26.3,26.9,178300
USEG,20170711,6.95,7.6,6.95,7.2,65300
USLB,20170711,28.72,28.82,28.67,28.71,13800
USLM,20170711,79.42,79.68,79.42,79.54,1900
USOI,20170711,22.135,22.48,22.135,22.465,800
UTHR,20170711,131.48,131.48,128.27,129.87,499500
UTMD,20170711,71.85,72.1,71.4,71.75,6900
UTSI,20170711,2.23,2.24,2.14,2.2,40100
UVSP,20170711,29.9,30,29.5,29.8,61800
VALU,20170711,18,18.23,18,18.02,1100
VBFC,20170711,31,31,31,31,0
VBIV,20170711,4.41,4.9,4.41,4.87,190200
VBLT,20170711,4.45,4.55,4.36,4.45,68400
VBTX,20170711,27.7,27.85,26.665,27.44,31900
VCEL,20170711,3.4,3.55,3.35,3.4,449400
VCIT,20170711,87.2,87.35,87.16,87.32,626800
VCLT,20170711,92.56,92.705,92.4,92.58,85000
VCSH,20170711,79.89,79.95,79.88,79.94,742800
VCYT,20170711,7.71,8.12,7.66,8.1,51600
VECO,20170711,29.05,30,28.9,29.85,471500
VEON,20170711,3.97,3.99,3.93,3.95,1973900
VERI,20170711,11.7,11.945,10.35,10.69,129800
VGIT,20170711,64.43,64.52,64.4,64.52,104800
VGLT,20170711,75.79,76.02,75.71,75.95,34100
VGSH,20170711,60.71,60.74,60.7,60.73,72100
VIA,20170711,38.6,39.05,38.4,38.95,47500
VIAV,20170711,10.9,10.9,10.78,10.81,1106100
VICR,20170711,18.35,18.95,18.05,18.9,35500
VIGI,20170711,60.98,61.27,60.86,61.21,68000
VIRC,20170711,5.38,5.4,5.2,5.2,2200
VIRT,20170711,17.45,17.6,17.35,17.55,489400
VIVE,20170711,773,773,709,724,121600
VIVO,20170711,15.35,15.45,15.25,15.25,186600
VKTX,20170711,1.1,1.15,1.08,1.12,307400
VLGEA,20170711,23.95,24.22,23.76,23.97,36300
VMBS,20170711,52.48,52.57,52.48,52.57,327000
VNDA,20170711,16.6,16.9,16.5,16.55,209800
VNET,20170711,4.53,4.79,4.52,4.75,470000
VNOM,20170711,15.92,16.54,15.78,16.1,141400
VNQI,20170711,55.6,55.74,55.44,55.71,181500
VOD,20170711,28.47,28.51,28.31,28.37,3186200
VONE,20170711,111.23,111.27,111.05,111.17,8900
VONG,20170711,122.27,122.49,121.91,122.32,32800
VONV,20170711,100.99,100.99,100.41,100.85,46300
VOXX,20170711,6.9,7.75,6.65,7.35,1153800
VRA,20170711,9.35,9.35,8.88,9.09,451000
VRAY,20170711,6.8,7.1,6.45,6.72,1033700
VREX,20170711,33.19,33.545,32.68,32.98,382100
VRIG,20170711,25.27,25.27,25.2,25.23,10500
VRNA,20170711,11.78,11.78,11.5,11.54,800
VRNS,20170711,37.6,38.8,37.6,38.75,324000
VRNT,20170711,40.1,40.85,39.85,40.65,278700
VRSK,20170711,83.48,83.51,82.94,83.48,494800
VRSN,20170711,95.24,95.86,94.7,95.61,538500
VRTS,20170711,111.65,111.74,108.75,111.25,63300
VRTX,20170711,129.71,132.5,129.26,132.17,1336900
VSAT,20170711,63.03,63.81,62.92,63.59,327700
VSDA,20170711,25.91,25.91,25.91,25.91,0
VSEC,20170711,44.01,44.45,43.06,44.04,81400
VSMV,20170711,24.87,24.87,24.87,24.87,0
VSTM,20170711,3.36,4.54,3.33,4.01,5764600
VTGN,20170711,1.9,1.9,1.7,1.78,56700
VTHR,20170711,111.38,111.38,111.02,111.365,2600
VTIP,20170711,49.11,49.2,49.11,49.2,314200
VTNR,20170711,1.01,1.04,1.01,1.02,26700
VTVT,20170711,4.6,4.94,4.59,4.7,12600
VTWG,20170711,122.29,122.93,122.04,122.83,4100
VTWO,20170711,112.36,112.74,111.73,112.67,83200
VTWV,20170711,101.79,102.27,101.44,102.15,7500
VUZI,20170711,7,7,6.65,6.75,171000
VVPR,20170711,3.87,3.87,3.86,3.86,1200
VWOB,20170711,79.4,79.5,79.3,79.38,57800
VXUS,20170711,51.88,52.08,51.76,52.06,634500
VYGR,20170711,9.04,9.39,8.9,9.33,58400
VYMI,20170711,62.63,62.82,62.41,62.78,34200
WABC,20170711,55.38,55.47,54.28,55.03,126200
WAFD,20170711,33.5,33.5,32.6,33.3,456400
WASH,20170711,51.8,51.8,50.75,51.3,22500
WATT,20170711,15.82,16.23,15.73,16.18,135000
WB,20170711,68.47,69.9,68.18,68.8,1499800
WBA,20170711,76.97,77.52,76.79,77.29,4875100
WDAY,20170711,98.05,99.78,97.75,99.38,1200000
WDC,20170711,89.38,92.16,89.27,91.75,5130800
WDFC,20170711,111.05,112.3,105.9,106.9,142000
WEN,20170711,15.6,15.84,15.57,15.8,2302200
WERN,20170711,29.1,29.25,28.75,28.9,750600
WETF,20170711,10.54,10.67,10.39,10.4,1205600
WEYS,20170711,27.84,28.05,27.425,27.82,12500
WHF,20170711,13.25,13.41,13.25,13.39,59600
WHLM,20170711,7.76,8.73,7.63,8,3300
WHLR,20170711,10.75,11.35,10.55,11.03,259200
WHLRD,20170711,23.1,23.5,23.1,23.45,12000
WHLRP,20170711,22.24,22.72,22.24,22.5,8500
WILC,20170711,7.04,7.38,7.04,7.34,15200
WINA,20170711,131.925,132,130.175,131.4,19200
WING,20170711,30.4,30.55,29.98,30.29,181400
WIRE,20170711,42.25,42.4,41.55,42,62700
WIX,20170711,69.35,71.45,68.75,71.4,622900
WKHS,20170711,2.75,2.845,2.67,2.71,436800
WLDN,20170711,32.33,32.74,32.15,32.3,83400
WLFC,20170711,26.97,27.2,26.3,26.95,34300
WLTW,20170711,146.37,146.52,144.12,144.5,493700
WNEB,20170711,10.5,10.5,10.2,10.2,26000
WOOD,20170711,60.85,61.09,60.66,61.08,6700
WOOF,20170711,92.49,92.635,92.4,92.59,576300
WPRT,20170711,1.91,1.99,1.91,1.95,284600
WRLD,20170711,77.61,78.66,76.675,77.81,101100
WSBC,20170711,40.28,40.34,39.505,40.04,63000
WSBF,20170711,18.85,18.85,18.35,18.8,73900
WSFS,20170711,46.1,46.1,45.1,45.65,61900
WSTG,20170711,17.55,17.825,17.55,17.75,3900
WTBA,20170711,23.4,23.6,23.025,23.5,13900
WTFC,20170711,77.24,77.58,76.46,77.3,584800
WTFCM,20170711,27.74,27.93,27.74,27.87,7000
WVE,20170711,17.75,18.75,16.35,16.7,84500
WVFC,20170711,15.77,15.77,15.77,15.77,200
WVVI,20170711,8.11,8.12,8.01,8.01,6100
WVVIP,20170711,5.05,5.05,5.05,5.05,0
WWD,20170711,67.5,68.24,67.04,68.17,359400
WYNN,20170711,134.99,135.9,133.02,134.29,1391300
XBIO,20170711,32.64,32.64,32.64,32.64,0
XBIT,20170711,4.65,5.03,4.63,4.82,182700
XELB,20170711,3.19,3.25,3.19,3.25,3100
XENE,20170711,3.25,3.4,3.25,3.35,47300
XENT,20170711,27.5,28.3,27.45,27.6,553200
XLNX,20170711,67.14,67.75,66.93,67.55,2556500
XLRN,20170711,32.73,33.87,32.255,33.23,313000
XNCR,20170711,22.77,23.33,21.94,22.73,218300
XNET,20170711,3.14,3.21,3.115,3.18,43700
XOG,20170711,12.63,13.02,12.34,12.72,669500
XOMA,20170711,6.96,7.12,6.86,7.07,24600
XONE,20170711,11.11,11.48,11.11,11.44,91900
XPER,20170711,32.6,33.15,32.15,33,359300
XRAY,20170711,64.38,64.98,63.73,64.1,1190500
XTLB,20170711,3.25,3.5,3.25,3.5,16300
YLDE,20170711,25.45,25.45,25.45,25.45,500
YNDX,20170711,26.27,26.61,26.13,26.5,1498900
YORW,20170711,34.35,34.7,34.2,34.4,12600
YTEN,20170711,146,148,134.8,135.2,11100
YTRA,20170711,12.39,12.78,12.19,12.27,327400
YY,20170711,58.15,58.48,57.4,57.6,991900
Z,20170711,46.16,46.475,45.25,46.15,2091300
ZBRA,20170711,100,101.84,99.53,100.67,443400
ZEUS,20170711,18.66,18.9,18.24,18.83,197800
ZG,20170711,46.57,46.7,45.56,46.39,478200
ZGNX,20170711,14.75,14.8,14.5,14.65,223200
ZION,20170711,44.68,45.26,44.48,45.2,5773100
ZIOP,20170711,5.86,6.02,5.82,5.86,939100
ZIXI,20170711,5.74,5.8,5.7,5.74,172900
ZNGA,20170711,3.6,3.64,3.57,3.6,5023200
ZSAN,20170711,27.4,27.8,26.8,26.8,176300
ZUMZ,20170711,12.2,12.35,12,12.25,438400
ZYNE,20170711,17.97,18.29,17.5,18.27,373300
