AAL,20170818,46.3,46.3,45.44,45.55,6242700
AAME,20170818,3.45,3.45,3.45,3.45,100
AAOI,20170818,64.16,65.55,62.56,64.1,1952300
AAON,20170818,31.3,32.05,31.3,31.65,118700
AAPL,20170818,39.465,39.875,39.18,39.375,27428000
AAWW,20170818,60.1,62.1,60,61.75,215500
AAXJ,20170818,70.15,70.5,69.84,70.16,777100
ABCB,20170818,43.25,43.7,43.15,43.35,638700
ABEO,20170818,8.05,8.6,7.45,7.8,752800
ABIO,20170818,22.5,22.95,20.7,22.95,86500
ABMD,20170818,153.58,153.58,151.95,152.14,253600
ABTX,20170818,35.5,35.75,35.4,35.5,20300
ABUS,20170818,3.65,3.65,3.55,3.6,17700
ACAD,20170818,31.04,31.4,30.87,31.08,909500
ACBI,20170818,17.75,17.9,16.75,17.2,751000
ACET,20170818,15.63,16.17,15.615,15.93,157000
ACGL,20170818,32,32.0967,31.8933,32.0567,340300
ACHC,20170818,47.16,47.55,46.31,46.9,2127500
ACHV,20170818,640,641,560,590,14000
ACIU,20170818,7.4,7.7,7.4,7.68,23100
ACIW,20170818,21.06,21.42,21.06,21.33,465400
ACLS,20170818,19.9,20.8,19.65,20.65,572700
ACNB,20170818,26.05,26.8,26.05,26.2,11800
ACOR,20170818,21.65,22.125,21.4,21.9,421800
ACRS,20170818,25.1,25.4,24.26,24.96,264600
ACRX,20170818,3,3.05,2.9,2.95,468700
ACST,20170818,1.33,1.34,1.24,1.3,25600
ACTG,20170818,2.9,2.95,2.9,2.95,183800
ACWI,20170818,66.27,66.62,66.15,66.34,1434600
ACWX,20170818,46.67,46.81,46.53,46.67,753400
ADAP,20170818,5.16,5.23,5.03,5.05,172500
ADBE,20170818,147.74,148.69,147.12,147.97,1699200
ADES,20170818,9.53,9.72,9.53,9.66,58400
ADI,20170818,77.6,78.07,77.03,77.74,1884600
ADMA,20170818,3.15,3.16,3,3.04,13900
ADMP,20170818,4.55,4.9,4.48,4.6,508400
ADMS,20170818,14,14.64,13.91,14.29,595000
ADP,20170818,104.2,104.96,103.43,104.41,5300900
ADRE,20170818,41.27,41.57,41.07,41.53,5400
ADSK,20170818,107.86,110.1,107.19,108.56,1164300
ADTN,20170818,21.3,21.8,21.275,21.6,1276000
ADUS,20170818,34.8,35.4,34.75,34.9,46500
ADVM,20170818,2.45,2.5,2.4,2.45,156100
ADXS,20170818,90.3,92.1,88.8,90.45,323800
AEHR,20170818,2.78,3.025,2.62,2.91,148900
AEIS,20170818,70.22,71.42,70.22,71.08,286000
AEMD,20170818,24.45,25.35,22.5,22.95,13000
AERI,20170818,54.7,55.5,52.95,53.05,389600
AEY,20170818,1.37,1.44,1.35,1.44,2600
AEZS,20170818,1.87,1.88,1.67,1.88,462800
AFMD,20170818,2,2.05,1.95,2.025,186100
AGEN,20170818,3.5,3.62,3.5,3.57,483600
AGFS,20170818,6.98,7.08,6.89,7.01,126100
AGIO,20170818,54.95,56.08,53.9,55.09,445900
AGLE,20170818,2.89,2.97,2.87,2.97,29400
AGNC,20170818,21.39,21.51,21.31,21.43,3735600
AGNCP,20170818,25.29,25.3,25.29,25.3,67100
AGRX,20170818,3.42,3.44,3.31,3.4,78700
AGTC,20170818,5.3,5.3,4.75,4.8,91400
AGYS,20170818,10.14,10.34,10.14,10.33,15700
AGZD,20170818,47.985,47.995,47.9,47.995,600
AHPA,20170818,9.85,9.85,9.85,9.85,0
AHPAU,20170818,10.29,10.29,10.28,10.29,900
AHPAW,20170818,0.45,0.45,0.45,0.45,27000
AHPI,20170818,2.08,2.13,2.06,2.06,5300
AIA,20170818,59.43,59.87,59.35,59.49,32300
AIMC,20170818,43.45,43.9,43.1,43.45,201700
AINV,20170818,18.51,18.555,18.24,18.3,1351300
AIQ,20170818,13.15,13.15,12.9,13,35600
AIRG,20170818,9.68,9.74,9.52,9.6,222900
AIRR,20170818,22.48,22.72,22.475,22.62,72000
AIRT,20170818,16.05,16.525,15.775,16.525,1900
AKAM,20170818,45.46,45.86,45.18,45.36,1378900
AKBA,20170818,14.79,15.26,14.79,14.99,263000
AKTS,20170818,6.25,6.31,6,6.02,39300
AKTX,20170818,4.03,4.24,3.81,4.05,58200
ALBO,20170818,23.2,23.54,23.2,23.54,16100
ALCO,20170818,31.6,31.8,31.4,31.4,6000
ALDX,20170818,4.25,4.25,4.2,4.25,7700
ALGN,20170818,169.96,172.18,167.27,168.61,1393500
ALGT,20170818,118.85,119.95,117.5,118.8,116300
ALIM,20170818,1.4,1.45,1.35,1.44,300900
ALJJ,20170818,3.13,3.13,3.05,3.12,14400
ALKS,20170818,50.88,51.32,50.42,50.9,701000
ALLT,20170818,4.87,4.895,4.82,4.86,4100
ALNY,20170818,80.29,81.99,79.79,81.42,574700
ALOT,20170818,13.7,13.8,13.7,13.7,4800
ALPN,20170818,8.21,8.21,7.9,8.06,34300
ALRM,20170818,42.59,42.83,42.04,42.68,384300
ALRN,20170818,11.78,12.88,11.52,12.2,21200
ALT,20170818,2.08,2.1,2.04,2.05,14900
ALTY,20170818,15.5,15.51,15.46,15.46,1300
AMAT,20170818,44.77,45.25,43.66,44.3,20996200
AMBA,20170818,50.33,51.1,50.26,50.64,345900
AMCX,20170818,60.26,60.88,59.68,60.26,576500
AMD,20170818,12.43,12.555,12.25,12.37,37521600
AMED,20170818,49.04,50.6,48.58,50.25,177000
AMGN,20170818,167.37,168.43,166.52,167.29,1741900
AMKR,20170818,8.36,8.525,8.32,8.46,737600
AMNB,20170818,35.15,36.25,35.15,35.6,17300
AMOT,20170818,22.78,24.99,22.78,24.95,20800
AMPH,20170818,14.67,15.34,14.53,15.22,271600
AMRK,20170818,17.15,17.455,16.82,17.04,42900
AMRN,20170818,3.04,3.065,3,3.04,1588300
AMRS,20170818,2.02,2.51,1.97,2.41,764200
AMSC,20170818,3.44,3.61,3.33,3.59,176300
AMSF,20170818,55.3,55.65,55.275,55.45,48500
AMSWA,20170818,9.27,9.45,9.23,9.3,37600
AMTX,20170818,1.1,1.17,1.05,1.08,33300
AMWD,20170818,93.05,94.65,92.9,93.35,53700
AMZN,20170818,961.4,965.43,954.65,958.47,3284800
ANAB,20170818,21.07,22.88,21,22.06,184700
ANAT,20170818,118.19,119.25,117.52,118.04,11100
ANDE,20170818,32,32.36,31.95,32.05,91200
ANGI,20170818,11.61,12.03,11.58,12.02,252900
ANGO,20170818,16.9,17.17,16.89,17.1,459800
ANIK,20170818,52.32,53.75,51.91,52.82,489500
ANIP,20170818,45.39,46.88,45.39,46.16,68700
ANSS,20170818,125.53,126.31,124.38,125.61,283900
ANY,20170818,3.82,3.82,3.35,3.55,135600
AOSL,20170818,14.87,15.48,14.87,15.35,109400
APDN,20170818,80,86,77.2,86,171000
APEI,20170818,17.65,18.4,17.65,18.1,85000
APEN,20170818,4.3,5,4.2,4.29,709200
APOG,20170818,48.46,48.81,47.37,47.42,304200
APOP,20170818,34,37,32.95,35.3,51900
APPF,20170818,39.45,41.3,39.01,41.1,206000
APPN,20170818,20.15,20.54,20.11,20.52,52500
APPS,20170818,1.2,1.23,1.14,1.22,238200
APTO,20170818,1.5,1.52,1.445,1.46,110300
APVO,20170818,23.1,23.52,22.82,23.38,28600
APWC,20170818,2.95,2.95,2.95,2.95,2400
AQB,20170818,7.17,7.25,7.05,7.09,5000
AQMS,20170818,7.32,7.59,7.32,7.4,117800
ARAY,20170818,4,4.1,3.95,4.05,398500
ARCB,20170818,25.45,26.1,25.35,26,161700
ARCC,20170818,15.85,16.03,15.72,15.85,2170600
ARDX,20170818,4.4,4.75,4.4,4.7,179400
ARGX,20170818,20.35,20.62,20.35,20.55,3900
ARKR,20170818,23.52,23.58,23.31,23.35,12900
ARLP,20170818,18.55,18.7,18.15,18.55,412500
ARNA,20170818,20.47,21,20.36,20.53,362600
AROW,20170818,31.3,32,31.3,31.9,29800
ARRY,20170818,8.75,8.86,8.65,8.77,1604900
ARTNA,20170818,36.56,36.71,36.17,36.27,18200
ARTW,20170818,2.2,2.2,2.15,2.15,1400
ARWR,20170818,2.03,2.26,2,2.12,1837600
ASET,20170818,27.74,27.78,27.74,27.78,2000
ASMB,20170818,24.37,24.93,24.17,24.87,57300
ASML,20170818,152,152.61,150.98,152.26,688700
ASND,20170818,27.54,28.03,27,27.9,38600
ASPS,20170818,21.19,21.68,19.28,19.93,780600
ASPU,20170818,5.92,6,5.88,6,2200
ASRV,20170818,4,4.05,3.95,4,32600
ASTC,20170818,0.7,0.8,0.7,0.79,18800
ASTE,20170818,45.78,46.91,45.7,46.52,155300
ASUR,20170818,12.3,12.66,12.22,12.45,176200
ASYS,20170818,9.54,9.85,9.09,9.68,740600
ATAI,20170818,4.58,4.7,4.58,4.68,1500
ATAX,20170818,6.05,6.2,6.05,6.15,100600
ATEC,20170818,1.86,1.935,1.838,1.92,43100
ATHX,20170818,1.63,1.68,1.61,1.67,379100
ATLC,20170818,2.43,2.47,2.42,2.47,400
ATLO,20170818,26.65,26.95,26.6,26.95,11600
ATNI,20170818,58.21,58.895,57.83,58.43,56100
ATNX,20170818,15.57,16.12,14.8,15.2,43600
ATOM,20170818,4.4,5,4.27,4.91,47300
ATOS,20170818,5.04,5.4,4.8,5.16,1280900
ATRA,20170818,13.5,13.7,13.15,13.35,176300
ATRC,20170818,21.99,22.48,21.99,22.37,182700
ATRI,20170818,615.75,617.05,614,616.7,2900
ATRO,20170818,26,26.43,26,26.18,177100
ATRS,20170818,3.02,3.12,3.005,3.06,1122100
ATSG,20170818,21.3,21.61,21.07,21.33,457100
ATVI,20170818,61.27,62.4,61.05,62.01,4415800
ATXI,20170818,6.7,6.7,6.47,6.55,16000
AUBN,20170818,36.35,36.35,36.35,36.35,0
AUDC,20170818,6.59,6.77,6.5,6.67,71100
AUPH,20170818,6.1,6.19,6.01,6.1,579800
AVAV,20170818,37.13,37.72,37.01,37.47,96900
AVDL,20170818,8.65,9.19,8.65,8.78,109600
AVEO,20170818,30.4,30.8,29.5,30.7,2633500
AVGO,20170818,247.33,251.48,246.13,249.37,2013100
AVGR,20170818,118,122,112.4,116,492800
AVID,20170818,4.24,4.28,4.09,4.22,411800
AVIR,20170818,0.58,0.6,0.58,0.6,39600
AVNW,20170818,15.93,16.4,15.79,16.31,25400
AVXL,20170818,3.75,3.98,3.71,3.93,241100
AWRE,20170818,4.75,4.9,4.7,4.9,15500
AXDX,20170818,24.5,24.97,21.65,21.7,1225200
AXGN,20170818,15.5,15.65,15.45,15.55,127300
AXSM,20170818,4.9,5.1,4.85,5,78600
AXTI,20170818,7.55,7.7,7.5,7.6,237700
AZPN,20170818,58.02,58.74,58.02,58.38,306300
BANF,20170818,48.2,49.45,48.2,49,32200
BANFP,20170818,27.05,27.05,27.05,27.05,0
BANR,20170818,54.03,54.905,53.74,54.75,142300
BANX,20170818,20.425,20.425,20.01,20.01,15800
BATRA,20170818,24.04,24.4,24.04,24.18,50300
BATRK,20170818,24.16,24.58,24.16,24.35,176400
BBBY,20170818,27.48,27.53,27.12,27.27,1945200
BBGI,20170818,8.95,9,8.9,9,21800
BBH,20170818,124.45,125.46,124.38,124.5,19200
BBSI,20170818,52.24,52.735,49.93,50.12,76400
BCAC,20170818,9.8,9.8,9.8,9.8,0
BCACU,20170818,10.32,10.32,10.32,10.32,100
BCACW,20170818,0.35,0.38,0.34,0.38,44600
BCBP,20170818,13.7,14.2,13.7,14.05,21500
BCLI,20170818,4.16,4.23,4.13,4.18,55800
BCOR,20170818,22.65,23.15,22.55,22.75,298400
BCOV,20170818,6.7,6.8,6.65,6.75,196100
BCPC,20170818,72.74,73.54,72.435,73.36,199900
BCRX,20170818,4.06,4.135,4,4.1,632100
BDSI,20170818,3.2,3.325,3.2,3.3,212800
BECN,20170818,40.58,40.86,40.28,40.31,466100
BELFA,20170818,23.2,23.2,23.2,23.2,0
BELFB,20170818,25.7,26.65,25.7,26,26400
BFIN,20170818,15.72,15.99,15.69,15.81,24600
BFIT,20170818,15.88,15.88,15.88,15.88,100
BGCP,20170818,12.6,12.61,12.5,12.51,1724800
BGFV,20170818,7.55,7.6,7.35,7.5,1221300
BGNE,20170818,68.35,68.35,65.585,66.19,250100
BHF,20170818,55.69,57.92,55.18,57.45,2680900
BIB,20170818,51.2,51.82,50.6,51.01,205300
BICK,20170818,27.62,27.62,27.27,27.37,10500
BIDU,20170818,220.77,221.19,218.5,220.69,3056000
BIIB,20170818,283.31,285.67,281.65,281.77,814000
BIOC,20170818,12.1,12.1,11.7,12,173900
BIOL,20170818,2.9,3,2.9,3,127700
BIS,20170818,24.93,25.21,24.62,25.01,63400
BJRI,20170818,32.75,32.9,32.125,32.3,386300
BKCC,20170818,7.22,7.255,7.21,7.22,109300
BKEP,20170818,5.5,5.6,5.45,5.45,69000
BKEPP,20170818,7.47,7.47,7.35,7.35,16000
BKSC,20170818,19,19.1,19,19.1,1200
BKYI,20170818,3.5,3.5,3.06,3.35,24100
BL,20170818,29.62,29.89,29.4,29.81,174500
BLBD,20170818,17.65,17.95,17.65,17.9,20600
BLCM,20170818,75.1,78.7,74.8,77.7,472600
BLDP,20170818,2.78,2.84,2.76,2.79,423100
BLFS,20170818,4.62,4.7,4.3,4.35,168000
BLIN,20170818,128.5,140.5,120.5,130,57300
BLKB,20170818,83.29,84.22,82.9,83.44,144800
BLMN,20170818,17.5,17.88,17.5,17.74,1551900
BLPH,20170818,17.1,17.85,16.8,17.4,186700
BLRX,20170818,17.25,17.25,16.8,16.95,337700
BLUE,20170818,92.8,94.1,90.75,92.45,497100
BMRA,20170818,2.72,2.75,2.6,2.75,3900
BMRC,20170818,31.65,33.125,31.65,32.15,40600
BMRN,20170818,80.81,81.62,80.76,80.92,1117200
BMTC,20170818,40.2,40.87,40.2,40.45,51500
BNDX,20170818,54.76,54.8,54.66,54.74,904300
BNFT,20170818,28.15,29.15,28.05,28.95,204600
BNSO,20170818,2.5,2.5,2.42,2.5,23200
BNTC,20170818,21.1,23.2,19.9,21.1,16900
BOKF,20170818,79.47,80.21,79.25,79.46,76900
BOMN,20170818,14.29,14.4,13.45,13.74,61400
BOOM,20170818,13.35,13.4,13,13.15,72200
BOSC,20170818,1.86,1.95,1.82,1.83,19300
BOTJ,20170818,14.85,15.4,14.85,15.4,300
BOTZ,20170818,20.07,20.14,19.98,20.05,268700
BPMC,20170818,42.41,42.87,41.63,42.37,319000
BPOP,20170818,39.42,40.13,39.25,39.83,312200
BPOPM,20170818,22.89,22.89,22.89,22.89,1000
BPOPN,20170818,24.45,24.53,24.45,24.53,1100
BPRN,20170818,31.55,32.5,31.55,32.5,2600
BPTH,20170818,54,58,52,58,287500
BRID,20170818,11.85,11.85,11.85,11.85,0
BRKL,20170818,13.6,13.875,13.6,13.775,309800
BRKR,20170818,27.61,27.81,27.43,27.62,311000
BRKS,20170818,24.37,24.99,24.36,24.95,705700
BSET,20170818,34.85,35.8,34.85,35.35,52100
BSQR,20170818,5,5.05,4.95,5,8900
BSRR,20170818,25.22,25.51,25,25.39,38500
BTEC,20170818,27.48,27.52,27.27,27.37,1400
BUSE,20170818,28.22,29.55,28.17,28.63,144100
BVXV,20170818,8.39,8.39,8.39,8.39,1200
BWEN,20170818,3.03,3.11,3.01,3.11,63600
BWFG,20170818,31.61,31.84,31.51,31.67,12700
BYFC,20170818,2.45,2.53,2.42,2.49,2300
BYSI,20170818,38.5,40.97,38.5,40.97,1700
BZUN,20170818,33.9,34.63,33.38,33.98,2366300
CAAS,20170818,5.2,5.35,5.06,5.23,67300
CAC,20170818,38.16,39.47,38.14,39.09,43200
CACC,20170818,261.45,263,256.43,261.83,258800
CACG,20170818,25.09,25.09,24.97,25.09,500
CAKE,20170818,43.32,43.32,42.23,42.88,1360400
CALA,20170818,13.9,14.325,13.8,14,331200
CALM,20170818,35.35,35.575,35.05,35.3,326600
CAMP,20170818,17.9,18.12,17.8,17.89,207000
CAMT,20170818,4.3,4.34,4.2,4.3,156800
CAPR,20170818,10.4,10.7,10.3,10.7,121000
CAR,20170818,33.11,33.23,32.26,32.27,2391300
CARA,20170818,13.46,13.55,13.13,13.14,756200
CARV,20170818,2.82,2.87,2.8,2.81,1000
CARZ,20170818,37.09,37.18,37.09,37.18,500
CASH,20170818,22.7,23.2833,22.7,23.1,51000
CASI,20170818,1,1.03,0.97,0.98,22700
CASS,20170818,58.83,60.58,58.82,60.1,42900
CASY,20170818,104.02,105.74,103.47,104.27,422100
CATH,20170818,29.91,29.91,29.91,29.91,200
CATY,20170818,34.6,35.14,34.5,35.06,408500
CBAN,20170818,14.2,14.2,12.65,12.65,300
CBAY,20170818,6.53,6.55,6.19,6.26,946900
CBFV,20170818,28.375,28.5,28.375,28.5,1900
CBIO,20170818,3.32,3.4,3.29,3.32,21300
CBRL,20170818,151.12,151.955,149.69,150.51,248000
CBSH,20170818,54.23,54.74,53.845,54.35,669600
CCBG,20170818,20.51,20.61,20.24,20.31,28000
CCD,20170818,20.04,20.06,19.88,19.94,54900
CCLP,20170818,4.41,4.65,4.36,4.57,72100
CCMP,20170818,68,69.31,68,68.86,289200
CCNE,20170818,23.5,24.32,23.5,24.08,50300
CCOI,20170818,42.9,43,42,42.25,320300
CCRN,20170818,12.29,12.43,12.25,12.32,304500
CCXI,20170818,6.92,7.23,6.81,6.87,141900
CDC,20170818,43.25,43.36,43.08,43.23,36700
CDEV,20170818,16.11,16.43,15.9,16.21,907100
CDK,20170818,62.37,62.44,61.76,62.1,711700
CDL,20170818,42.19,42.19,41.96,42.06,4300
CDNA,20170818,1.82,1.98,1.79,1.98,135100
CDNS,20170818,36.92,37.14,36.69,36.95,967700
CDTX,20170818,6.4,6.85,6.11,6.75,116700
CDW,20170818,61.34,61.59,60.38,60.39,635300
CDXC,20170818,3.4,3.43,3.24,3.28,186300
CDXS,20170818,5.25,5.5,5.225,5.45,111500
CDZI,20170818,11.1,11.375,10.6,11.3,155500
CECE,20170818,6.97,7.06,6.97,7,136500
CELH,20170818,4.41,4.45,4.215,4.33,34500
CEMI,20170818,6,6.15,5.84,6.15,31200
CENT,20170818,33.2,34.3,33.2,34.26,80100
CENTA,20170818,32.23,33.18,32.21,33.17,185700
CENX,20170818,14.85,15.19,14.7,15.01,1913900
CERN,20170818,63.28,64.565,63.19,64.25,2249900
CERS,20170818,2.49,2.55,2.41,2.5,361200
CETX,20170818,23.2,24.24,22.88,23.04,175900
CETXP,20170818,7.3,7.37,7.3,7.3,1900
CETXW,20170818,0.51,0.51,0.36,0.36,25200
CEVA,20170818,40.3,41.15,40.3,40.7,66200
CFA,20170818,43.86,43.93,43.67,43.83,16800
CFBK,20170818,12.045,12.32,11.825,12.265,4200
CFFI,20170818,47.7,48.1,47.3,47.3,11800
CFFN,20170818,13.24,13.465,13.21,13.4,673300
CFMS,20170818,3.38,3.53,3.31,3.47,164100
CFO,20170818,43.85,43.905,43.58,43.71,22500
CFRX,20170818,12.4,12.4,10,11.75,102200
CG,20170818,21.1,21.3,20.75,20.95,728600
CGBD,20170818,18.2,18.43,18.2,18.3,18300
CGEN,20170818,3.25,3.25,3.025,3.15,62900
CGNT,20170818,2.18,2.21,2,2.2,31100
CGNX,20170818,50.67,51.21,50.5,50.765,450300
CGO,20170818,13.14,13.15,13.06,13.09,27900
CHCI,20170818,2.03,2.03,2,2,3000
CHCO,20170818,59.71,61.01,58.8,60.42,82000
CHDN,20170818,62.6833,63.0333,61.9333,62.6833,68000
CHEF,20170818,17.2,17.65,17.05,17.5,171700
CHEK,20170818,20.52,20.64,20.52,20.64,4600
CHI,20170818,11.24,11.27,11.17,11.23,176100
CHKP,20170818,106.83,107.99,106.49,107.29,622100
CHMG,20170818,39.61,39.79,39.28,39.47,6300
CHNR,20170818,2.01,2.01,1.9,1.92,8800
CHRS,20170818,11.25,11.35,11.01,11.1,400800
CHRW,20170818,66.91,67.25,66.57,66.78,2777500
CHSCL,20170818,29.38,29.49,29.33,29.39,17600
CHSCM,20170818,28.56,28.56,28.4,28.54,9500
CHSCN,20170818,29.09,29.2,29.02,29.16,9400
CHSCO,20170818,29.28,29.38,29.18,29.22,30200
CHSCP,20170818,30.62,30.87,30.62,30.78,3300
CHTR,20170818,391.53,396.27,390.71,392.97,1304200
CHUY,20170818,20.45,20.45,20.12,20.2,155600
CHW,20170818,8.55,8.6,8.5,8.54,267100
CHY,20170818,11.61,11.68,11.57,11.58,162300
CIBR,20170818,20.82,20.82,20.62,20.74,110500
CID,20170818,35.27,35.39,35.27,35.39,1400
CIDM,20170818,1.46,1.51,1.4,1.45,27100
CIGI,20170818,49.5,49.75,49.05,49.2,63600
CIL,20170818,38.22,38.22,38.22,38.22,0
CINF,20170818,77.46,77.95,76.78,77.34,684000
CIVB,20170818,19.51,19.72,19.365,19.62,29900
CIZ,20170818,33.14,33.26,33.07,33.07,4700
CIZN,20170818,24.15,24.15,24.15,24.15,100
CJJD,20170818,1.58,1.68,1.56,1.61,10400
CKPT,20170818,8,8,7,8,1700
CLAR,20170818,5.55,6.45,5.2,6.35,27400
CLBS,20170818,4.26,4.32,4.21,4.28,23300
CLDX,20170818,35.1,35.25,34.5,34.95,726000
CLFD,20170818,11.5,11.9,11.45,11.7,40700
CLIR,20170818,3.2,3.2,3.05,3.1,57800
CLLS,20170818,22.3,22.3,21.705,22.02,68300
CLMT,20170818,6.2,6.65,6.05,6.55,590800
CLNE,20170818,2.24,2.31,2.22,2.3,770700
CLRB,20170818,15.3,15.3,14.7,15.1,52600
CLRO,20170818,7.65,7.74,7.65,7.7,26600
CLSD,20170818,6.92,7.06,6.91,6.95,54800
CLSN,20170818,1.33,1.35,1.28,1.34,131600
CLVS,20170818,69.55,74.735,68.5,71.96,1903700
CLWT,20170818,2.2,2.2,2.2,2.2,300
CLXT,20170818,11.8,12.5,11.8,12.46,19500
CMCO,20170818,30.63,31.16,30.3,30.83,68100
CMCSA,20170818,40.12,40.765,40.045,40.52,19547000
CMCT,20170818,15.95,15.95,15.4,15.45,6200
CME,20170818,124.92,126.18,124.7,125.39,1048200
CMLS,20170818,0.45,0.46,0.42,0.45,372200
CMPR,20170818,87.4,89.23,87.4,88.57,170700
CMRX,20170818,4.34,4.44,4.31,4.35,140100
CMTL,20170818,18.97,18.98,17.67,18.83,150400
CNBKA,20170818,64.55,65.75,64.45,65,25000
CNCE,20170818,14.01,14.45,13.96,14.26,74200
CNCR,20170818,22,22.05,21.81,21.96,11000
CNET,20170818,1.03,1.09,1.03,1.04,10200
CNFR,20170818,6.505,6.655,6.405,6.6,2200
CNOB,20170818,22,22.4,21.95,22.15,134600
CNSL,20170818,18.53,18.725,18.32,18.68,424800
CNTY,20170818,6.57,6.95,6.57,6.93,57400
CNXN,20170818,24.12,24.58,23.91,24.42,76500
CODA,20170818,4.56,4.56,4.56,4.56,600
CODX,20170818,4.88,4.9,4.86,4.9,6100
COGT,20170818,4.55,4.85,4.5,4.65,71400
COHR,20170818,216.51,219.815,215.63,218.36,488700
COHU,20170818,17.43,17.75,17.11,17.64,222700
COKE,20170818,206.22,208.11,201.54,204.67,29300
COLB,20170818,36.23,36.73,36,36.66,584200
COLL,20170818,10.19,10.42,9.99,10.07,452800
COLM,20170818,57.25,57.62,55.98,56.45,147000
COMM,20170818,32.75,33.06,32.14,33,1933300
COMT,20170818,32.95,33.31,32.69,33.28,8300
CONE,20170818,59.69,59.69,59.1,59.41,745200
CONN,20170818,18.3,18.6,18.05,18.35,527700
COOL,20170818,25.37,26.99,25,26.06,95700
CORT,20170818,14.51,14.72,14.43,14.52,653800
COST,20170818,157.98,158.69,156.92,157.08,2747900
COUP,20170818,29.1,29.97,29.01,29.84,233600
COWN,20170818,15.5,16.1,15,15.95,317200
COWNL,20170818,26.89,26.89,26.89,26.89,0
CPHC,20170818,11.41,11.41,11.41,11.41,200
CPIX,20170818,6.67,6.91,6.62,6.9,7400
CPLP,20170818,3.47,3.55,3.46,3.49,293000
CPRT,20170818,31.95,32.1,31.64,31.88,757800
CPRX,20170818,2.77,2.86,2.76,2.77,334300
CPSH,20170818,1.14,1.22,1.14,1.22,400
CPSI,20170818,28.95,29.2,28.8,29.05,63100
CPSS,20170818,3.95,4.02,3.95,4,24300
CPTAG,20170818,25.12,25.17,25.02,25.1,4300
CPTAL,20170818,25.5,25.63,25.37,25.5,8400
CRAI,20170818,34.94,35.975,34.49,35.76,68600
CRBP,20170818,5.95,6.1,5.9,5.9,221400
CREG,20170818,11.8,12,11.2,12,1400
CRESY,20170818,18.88,18.9,18.59,18.85,63600
CRIS,20170818,8.45,8.85,8.4,8.65,635200
CRMT,20170818,33.05,38.6,33.05,38.25,74500
CRNT,20170818,2.07,2.11,2.05,2.09,239300
CROX,20170818,9.06,9.08,8.83,8.88,1465600
CRSP,20170818,18.37,18.68,18.13,18.34,60000
CRTO,20170818,49.49,49.625,48.29,48.4,380700
CRUS,20170818,54.7,55.24,54.34,54.63,741200
CRVL,20170818,50.45,51.65,49.9,51.1,33900
CRVS,20170818,12.22,12.49,12.135,12.26,74300
CRWS,20170818,6.25,6.45,6.19,6.3,8600
CSA,20170818,40.62,40.78,40.61,40.68,900
CSB,20170818,39.13,39.32,39.13,39.25,6900
CSBR,20170818,3.09,3.2,3.07,3.19,2500
CSCO,20170818,31,31.06,30.36,30.37,34802100
CSF,20170818,39.66,39.8,39.59,39.76,1000
CSGP,20170818,281.72,282.06,278.43,278.96,100100
CSGS,20170818,38.24,38.24,37.95,38.02,262300
CSII,20170818,29.95,30.06,29.53,29.65,208100
CSIQ,20170818,16.46,16.8,16.43,16.63,1007100
CSML,20170818,24.2,24.2,23.89,24.07,38800
CSOD,20170818,33.89,34.33,33.84,34.22,375100
CSPI,20170818,10.44,10.44,10.1,10.34,5000
CSQ,20170818,11.6,11.6,11.48,11.58,316000
CSSE,20170818,13,13.26,9.25,9.25,575900
CSTE,20170818,29.3,29.45,29.05,29.1,123400
CSTR,20170818,16.85,17.11,16.81,17.01,29800
CSWC,20170818,16.6,16.68,16.53,16.65,5500
CSWI,20170818,39,39.65,39,39.4,27900
CSX,20170818,48.67,49.29,48.16,48.78,6910700
CTAS,20170818,130.91,132.88,130.17,132.61,925800
CTBI,20170818,41.45,42,41.45,41.45,65300
CTG,20170818,5.09,5.2,5.05,5.11,43600
CTHR,20170818,0.89,0.89,0.89,0.89,5500
CTIB,20170818,4.44,4.7,4.44,4.7,2400
CTIC,20170818,3.34,3.37,3.22,3.35,491400
CTMX,20170818,13.86,14.525,13.51,13.53,250500
CTRE,20170818,18.75,18.97,18.67,18.86,489500
CTRN,20170818,17.44,18,17.44,17.77,210200
CTSH,20170818,69.7,70.51,69.58,70.07,2636500
CTSO,20170818,4.8,4.8,4.7,4.75,37200
CTXR,20170818,2.67,2.85,2.62,2.8,15000
CTXRW,20170818,0.59,0.6,0.59,0.6,5000
CTXS,20170818,74.4,75.24,74.13,74.71,900600
CUBA,20170818,7.17,7.18,7.15,7.17,1200
CUTR,20170818,33.4,33.975,33.4,33.75,76600
CVBF,20170818,20.18,20.49,20.14,20.45,210100
CVCO,20170818,125,125.1,123.1,123.7,40800
CVCY,20170818,19.04,19.7,18.57,19.16,74700
CVGI,20170818,5.97,6.1,5.93,6.03,242900
CVGW,20170818,69.5,70.75,68.85,70.65,172400
CVLT,20170818,58.35,58.75,58,58.3,325200
CVLY,20170818,25.86,26.08,25.4,25.41,25700
CVV,20170818,10.91,11.12,10.91,11.11,8300
CWBC,20170818,10.205,10.3,10.205,10.3,35200
CWCO,20170818,11.9,12.45,11.9,12.4,38200
CWST,20170818,16.53,16.61,16.41,16.45,235200
CXDC,20170818,4.55,4.6,4.55,4.6,2800
CXSE,20170818,36.25,36.45,36.0725,36.279,9800
CYAD,20170818,44.27,44.27,44.27,44.27,0
CYAN,20170818,4.95,4.95,4.7,4.9,8000
CYBE,20170818,14.65,14.85,14.3,14.55,107300
CYBR,20170818,39.99,40.27,39.76,40.08,435400
CYCC,20170818,33.2,33.6,32.6,33.6,146200
CYCCP,20170818,6.11,6.11,6.11,6.11,0
CYRN,20170818,1.595,1.7,1.595,1.7,6000
CYRX,20170818,8.01,8.11,7.35,7.75,260000
CYTK,20170818,12.35,12.7,12.3,12.5,930900
CZNC,20170818,22.01,22.49,22.01,22.39,37300
CZR,20170818,11.6,11.74,11.25,11.3,3029700
CZWI,20170818,13.85,13.9,13.41,13.9,8800
DAIO,20170818,8.36,8.66,8.26,8.37,104600
DAKT,20170818,9.17,9.5,9.12,9.37,133300
DARE,20170818,2.76,2.83,2.68,2.76,41200
DAX,20170818,28.97,29.09,28.89,28.97,29100
DBVT,20170818,43.1,43.94,42.93,43.57,191200
DCOM,20170818,18.75,18.95,18.65,18.65,241700
DCTH,20170818,0.22,0.24,0.14,0.15,275626900
DENN,20170818,12.06,12.34,11.96,12.12,240400
DFFN,20170818,24.6,25.2,24.3,25.2,17500
DGICA,20170818,15.05,15.2,15.05,15.08,23400
DGICB,20170818,14,14,14,14,0
DGII,20170818,8.7,8.9,8.5,8.6,168900
DGLY,20170818,3.45,3.49,3.25,3.35,51300
DGRE,20170818,25.09,25.32,25.09,25.27,7400
DGRS,20170818,31.68,31.74,31.44,31.65,16800
DGRW,20170818,36.81,36.82,36.63,36.64,187400
DHIL,20170818,191.1,192.59,191,192.34,14500
DIOD,20170818,26.56,26.78,26.28,26.48,311900
DISCA,20170818,22.27,22.73,22.23,22.49,4179100
DISCB,20170818,23.5,23.5,23.5,23.5,0
DISCK,20170818,21.02,21.48,20.99,21.25,2865600
DISH,20170818,56.72,57.38,56.22,56.84,2084800
DJCO,20170818,203.25,205.7,203.25,205.7,1300
DLHC,20170818,5.99,5.99,5.97,5.99,500
DLTH,20170818,18.84,19.26,18.7,19.22,277400
DLTR,20170818,74.24,74.87,74.2,74.25,2128200
DMLP,20170818,14.4,14.45,14.15,14.25,33700
DMRC,20170818,27.7,28.95,27.55,28.05,63200
DORM,20170818,65.3,65.84,62.64,64.97,338700
DOX,20170818,62.54,62.75,62.29,62.36,348100
DRIO,20170818,2.26,2.27,2,2,109700
DRNA,20170818,3.1,3.11,2.98,3,116500
DRRX,20170818,1.6,1.68,1.6,1.63,322300
DSGX,20170818,27.3,27.3,26.75,26.85,64100
DSKE,20170818,12.05,12.44,12.05,12.4,63800
DSKEW,20170818,1.31,1.39,1.3,1.39,39600
DSPG,20170818,11.7,11.7,11.55,11.7,57600
DSWL,20170818,2.7,2.71,2.62,2.62,23900
DTEA,20170818,5.3,5.3,5.1,5.25,2000
DVAX,20170818,16.35,16.6,16.15,16.2,1419000
DVY,20170818,90.58,91.27,90.47,90.88,663500
DWAC,20170818,23.45,23.45,23.45,23.45,0
DWAS,20170818,41.99,42.47,41.99,42.22,16800
DWAT,20170818,11.03,11.03,11.03,11.03,0
DWPP,20170818,25.63,25.97,25.63,25.92,733700
DWSN,20170818,3.84,3.89,3.8,3.87,22400
DXCM,20170818,72.58,74.49,72.13,73.2,1234800
DXGE,20170818,30.15,30.25,30.14,30.21,2900
DXJS,20170818,39.59,39.91,39.47,39.75,17200
DXLG,20170818,1.65,1.65,1.55,1.55,163100
DXPE,20170818,25.39,25.66,24.86,25.52,133900
DXYN,20170818,4,4,3.95,4,6100
DYNT,20170818,2.6,2.6,2.58,2.6,600
DZSI,20170818,6.7,6.79,6.63,6.79,5500
EA,20170818,116,117.84,115.46,116.88,1912000
EBAY,20170818,34.83,35.14,34.75,34.78,8747200
EBIX,20170818,56.45,57.05,56.4,56.8,129800
EBMT,20170818,18,18.2,17.95,18.05,9000
EBSB,20170818,16.95,17.3,16.95,17.1,238300
EBTC,20170818,30,30.97,30,30.74,19900
ECHO,20170818,13.7,14.15,13.7,14,557100
ECOL,20170818,46.65,46.75,45.9,46.2,52000
ECPG,20170818,38.65,39.2,38.65,39.05,134000
EDAP,20170818,2.65,2.68,2.51,2.68,36800
EDIT,20170818,18.66,18.8,17.8,17.83,1305100
EDUC,20170818,5.25,5.475,5.175,5.275,7900
EEFT,20170818,95.76,95.84,95.03,95.19,139500
EEMA,20170818,67.54,69.28,67.38,69.28,24400
EFAS,20170818,18.105,18.2,18.105,18.2,1200
EFOI,20170818,10.1,10.6,9.95,9.95,15400
EFSC,20170818,37.85,38.375,37.85,38.15,180400
EGAN,20170818,1.6,1.85,1.55,1.8,104100
EGBN,20170818,60.45,61.4,60.3,60.75,95200
EGLE,20170818,30.66,31.78,30.24,30.94,244200
EGRX,20170818,55.87,55.96,53.9,54.16,342800
EHTH,20170818,17.56,17.87,17.52,17.74,190900
EIGR,20170818,7.7,7.95,7.7,7.85,19200
EKSO,20170818,22.2,24.15,21.9,23.55,260000
ELSE,20170818,3.39,3.39,3.35,3.37,3100
ELTK,20170818,0.63,0.63,0.63,0.63,100
EMB,20170818,115.46,115.69,115.41,115.55,974500
EMCB,20170818,72.42,72.93,72.02,72.02,2700
EMCF,20170818,28.745,28.745,28.745,28.745,0
EMIF,20170818,33,33.25,33,33.24,2000
EMKR,20170818,8.45,8.7,8.45,8.65,305400
EML,20170818,25.9,26.4,25.8,25.9,17900
EMXC,20170818,50.14,50.26,50.14,50.2,5800
ENDP,20170818,8.59,8.88,8.56,8.72,5294000
ENG,20170818,1.15,1.18,1.12,1.17,32200
ENPH,20170818,0.84,0.9,0.8,0.87,1013700
ENSG,20170818,19.55,19.75,19.42,19.61,112000
ENTA,20170818,39.19,39.45,37.92,37.96,166100
ENTG,20170818,23.25,23.875,23.05,23.8,567400
ENZL,20170818,47.26,47.7,46.94,47.5,72600
EPAY,20170818,28.73,29.09,28.26,28.96,210600
EPIX,20170818,6.8,7.2,6.8,6.8,20400
EPZM,20170818,13.95,14.35,13.825,14.05,496200
EQBK,20170818,33.51,34.18,33.51,34.01,24000
EQIX,20170818,450.96,454.29,448.3,450,520600
EQRR,20170818,38.35,38.35,38.35,38.35,0
ERIC,20170818,5.995,6.03,5.97,6.005,1920100
ERIE,20170818,122.41,122.8,121.56,121.96,14100
ERII,20170818,6.19,6.36,6.13,6.27,285800
ESBK,20170818,19.95,20,19.95,20,2300
ESCA,20170818,11.75,11.95,11.7,11.9,22100
ESEA,20170818,10.24,10.56,10.08,10.32,31600
ESGD,20170818,63.78,64,63.77,63.98,2400
ESGE,20170818,33.675,33.91,33.63,33.82,2700
ESGR,20170818,199.75,202.7,199.55,201.8,28900
ESGU,20170818,54,54,54,54,0
ESLT,20170818,133.18,133.78,133,133.48,19800
ESPR,20170818,44.87,45.89,43.79,44.74,859900
ESQ,20170818,15.99,15.99,15.99,15.99,700
ESSA,20170818,14.5,14.6,14.5,14.5,16200
ESXB,20170818,8.2,8.45,8.2,8.4,48500
ETSY,20170818,15.44,15.72,15.4,15.59,1513900
EUFN,20170818,22.52,22.72,22.52,22.67,619300
EVBG,20170818,22.44,23,22.29,22.9,279900
EVGBC,20170818,99.97,99.97,99.97,99.97,25000
EVGN,20170818,4.7,4.7,4.6,4.6,5200
EVK,20170818,2.4,2.4,2.4,2.4,100
EVLMC,20170818,99.94,99.94,99.94,99.94,25000
EVLV,20170818,0.94,1,0.94,0.99,83800
EVOK,20170818,2.55,2.6,2.5,2.59,16600
EVOL,20170818,4.6,4.8,4.6,4.8,11800
EVSTC,20170818,99.97,99.97,99.97,99.97,25000
EWBC,20170818,54.54,55,54.03,54.52,511200
EWZS,20170818,15.08,15.25,14.95,15.21,18100
EXAS,20170818,37.33,38.49,37.3,37.87,1039100
EXEL,20170818,26.81,26.92,26.08,26.33,2497400
EXLS,20170818,55.16,55.66,54.35,55.46,172800
EXPD,20170818,54.82,55.36,54.73,54.87,1006700
EXPE,20170818,144.14,145.13,142.72,143.71,1578300
EXPO,20170818,32.025,32.225,31.85,31.925,90600
EXTR,20170818,10.5,10.74,10.45,10.68,2075700
EYEG,20170818,13.95,15.45,13.8,15.3,117500
EYES,20170818,8.16,8.16,7.68,7.76,122700
EYESW,20170818,0.28,0.28,0.28,0.28,0
EZPW,20170818,8.65,8.875,8.16,8.8,558300
FAAR,20170818,29.07,29.22,29.07,29.22,800
FAB,20170818,50.88,50.88,50.58,50.74,1500
FAD,20170818,57.66,58.04,57.62,58,2100
FALN,20170818,27.27,27.39,27.27,27.33,2200
FANG,20170818,86.46,88.36,85.73,87.26,1345600
FANH,20170818,8.33,8.61,8.33,8.52,65700
FARM,20170818,29.85,30.5,29.75,30.2,30600
FARO,20170818,32.3,33.15,32.25,32.95,92800
FAST,20170818,20.78,20.84,20.3275,20.34,3385300
FATE,20170818,2.99,2.99,2.85,2.88,186000
FB,20170818,166.84,168.67,166.21,167.41,15093600
FBIO,20170818,4.24,4.3,4.24,4.25,114400
FBIZ,20170818,21.04,21.2,21.02,21.12,9000
FBMS,20170818,27,27.35,26.9,27.15,17200
FBNC,20170818,30.16,30.66,30.155,30.43,110100
FBZ,20170818,15.75,15.94,15.71,15.94,264000
FCA,20170818,24.9,25.3,24.9,25.3,1800
FCAL,20170818,50.61,50.61,50.61,50.61,0
FCAP,20170818,31.34,31.34,31.34,31.34,0
FCBC,20170818,24.35,25.34,24.02,25,31300
FCCO,20170818,20.35,20.55,20.3,20.5,1000
FCCY,20170818,17.05,17.05,16.9,17.05,62200
FCEF,20170818,21.35,21.35,21.3,21.31,2900
FCEL,20170818,16.8,17.04,16.56,16.92,416500
FCNCA,20170818,337.59,340.83,336.29,338.51,18400
FCVT,20170818,27.77,27.86,27.77,27.81,4200
FDIV,20170818,50.36,50.9,50.36,50.55,94700
FDT,20170818,56.87,57.15,56.82,56.97,63700
FDTS,20170818,39.47,39.58,39.47,39.58,900
FDUS,20170818,16.28,16.29,16.2,16.2,56500
FEIM,20170818,8.1,8.1,7.85,7.97,3100
FELE,20170818,38.4,38.9,38.2,38.55,100800
FEM,20170818,25.32,25.49,25.23,25.42,47200
FEMB,20170818,43.34,43.51,43.23,43.48,4400
FEMS,20170818,39.88,40.21,39.73,40.1,24000
FEP,20170818,35.82,35.88,35.7,35.82,67000
FEUZ,20170818,40.518,40.79,40.518,40.625,5700
FEX,20170818,52.65,52.9,52.49,52.61,88500
FFBC,20170818,23.85,24.225,23.65,23.85,254900
FFHL,20170818,2.86,2.868,2.595,2.64,24900
FFIC,20170818,26.34,26.98,26.22,26.81,120500
FFIN,20170818,19.675,20.025,19.6,19.875,120000
FFIV,20170818,117.68,117.91,116.27,116.48,471300
FFNW,20170818,16,16.23,16,16.01,29000
FFWM,20170818,16.39,16.78,16.35,16.62,61500
FGBI,20170818,26.7,27,26.15,26.89,10700
FGEN,20170818,40.65,41.25,40.35,41,1348300
FGM,20170818,45.505,45.692,45.5,45.646,7300
FHB,20170818,27.6,27.93,27.14,27.29,356300
FIBK,20170818,34.8,35.25,34.6,35,204200
FINX,20170818,19.38,19.46,19.32,19.46,10900
FISI,20170818,26.55,27.3,26.55,27.15,77500
FISV,20170818,60.47,60.86,59.85,60.18,929000
FITB,20170818,26.15,26.54,26.12,26.33,8551100
FITBI,20170818,29.93,29.93,29.73,29.92,14900
FIVE,20170818,47.5,47.7,47.06,47.13,764300
FIVN,20170818,19.86,20.52,19.53,20.42,538000
FIXD,20170818,50.96,50.96,50.96,50.96,700
FIZZ,20170818,110.57,113.82,109.86,112.48,257200
FJP,20170818,53.34,53.57,53.34,53.53,4300
FKU,20170818,36.97,36.97,36.85,36.96,3200
FLDM,20170818,3.56,3.77,3.52,3.64,240800
FLEX,20170818,15.76,15.85,15.49,15.52,2908300
FLGT,20170818,5.75,5.88,5.66,5.88,7000
FLIC,20170818,26.75,27.2,26.7,27.05,49500
FLL,20170818,2.44,2.53,2.44,2.5,54900
FLN,20170818,20.97,21.16,20.91,21.16,164100
FLWS,20170818,8.6,8.8,8.6,8.8,146300
FLXN,20170818,21.83,22.41,21.83,22.12,340500
FLXS,20170818,44.5,46,43.25,44.41,57600
FMAO,20170818,54.1,56.55,54.1,55.25,7900
FMB,20170818,53.37,53.61,53.19,53.31,46300
FMBH,20170818,33.89,34.5,33.89,34.44,20600
FMBI,20170818,20.62,20.95,20.6,20.79,555700
FMNB,20170818,13.1,13.56,13.1,13.4,33300
FNHC,20170818,15.25,15.46,15.25,15.27,56600
FNK,20170818,32.17,32.4,32.17,32.36,10000
FNLC,20170818,25.33,25.59,25.265,25.37,25000
FNWB,20170818,15.77,15.95,15.77,15.95,22200
FNX,20170818,57.75,58.15,57.72,57.9,60400
FNY,20170818,33.93,34.29,33.93,34.21,11900
FOLD,20170818,12.26,12.81,12.04,12.51,3424900
FONR,20170818,26.2,26.7,26.2,26.25,31200
FORD,20170818,1.08,1.1,1.08,1.1,1300
FORM,20170818,13.55,14.175,13.55,14.05,757400
FORR,20170818,39.45,39.85,38.55,38.8,246000
FORTY,20170818,36.755,36.755,36.755,36.755,0
FOSL,20170818,7.74,7.75,7.28,7.49,3735800
FOX,20170818,26.74,27.09,26.72,26.79,2456500
FOXA,20170818,27.17,27.57,27.17,27.26,4691200
FOXF,20170818,36.7,37.95,36.62,37.7,369100
FPA,20170818,33.25,33.46,33.25,33.42,1600
FPAY,20170818,4.1,4.1,4.05,4.05,200
FPXI,20170818,33.76,33.76,33.76,33.76,0
FRBA,20170818,12.1,12.2,11.95,12.05,43300
FRBK,20170818,8.35,8.55,8.35,8.45,198700
FRGI,20170818,18.05,18.05,17.6,17.8,294300
FRME,20170818,38.09,38.53,37.76,38.37,132100
FRPH,20170818,42.65,43.825,42.6,43.05,18300
FRPT,20170818,15.75,16,15.7,15.85,165900
FRSH,20170818,4.42,4.55,4.29,4.53,93700
FRSX,20170818,6.06,6.06,5.75,5.88,42100
FRTA,20170818,4.5,4.63,4.39,4.46,1012600
FSBC,20170818,15,15.25,15,15.15,10200
FSBW,20170818,45.55,47.6,45.55,47.59,5500
FSFG,20170818,52.61,52.65,52.6,52.65,1600
FSLR,20170818,47.8,48.72,47.26,48.06,983200
FSTR,20170818,17.8,18.6,17.55,18.3,78500
FSV,20170818,63.67,64,63.25,63.55,18500
FSZ,20170818,49.948,49.965,49.7,49.7,5800
FTA,20170818,49.26,49.42,49.09,49.19,35000
FTAG,20170818,25.6,25.6,25.325,25.325,1400
FTC,20170818,54.58,55.06,54.57,54.72,28200
FTCS,20170818,45.84,45.995,45.71,45.71,30500
FTEK,20170818,0.87,0.88,0.83,0.88,13100
FTFT,20170818,1.69,1.72,1.51,1.53,9200
FTGC,20170818,19.81,19.93,19.77,19.92,13700
FTHI,20170818,21.8,21.8,21.54,21.66,22100
FTLB,20170818,21.59,21.59,21.59,21.59,0
FTNT,20170818,36.57,36.93,36.41,36.65,711000
FTRI,20170818,11.3,11.33,11.27,11.27,2800
FTSL,20170818,48.43,48.44,48.37,48.42,93200
FTSM,20170818,60.03,60.05,60.03,60.05,235700
FTXD,20170818,19.26,19.26,19.26,19.26,0
FTXG,20170818,20.25,20.25,20.25,20.25,0
FTXH,20170818,19.37,19.37,19.37,19.37,0
FTXL,20170818,25.26,25.4,25.1,25.22,44300
FTXN,20170818,16.85,16.85,16.85,16.85,0
FTXO,20170818,25.56,25.87,25.54,25.66,48800
FTXR,20170818,22.5,22.51,22.5,22.51,300
FULT,20170818,16.7,17.15,16.55,17.05,914100
FUNC,20170818,15,15.1,15,15.1,1300
FUND,20170818,7.35,7.35,7.31,7.34,21700
FUSB,20170818,11.45,11.5,11.45,11.48,3200
FV,20170818,24.81,25.03,24.74,24.87,428100
FVC,20170818,23.07,23.28,23.07,23.18,17800
FVE,20170818,1.5,1.55,1.5,1.55,36400
FWONA,20170818,32.94,33.36,32.84,32.88,399700
FWONK,20170818,34.05,34.63,33.95,34.2,1413100
FWP,20170818,23.79,24.34,23.75,24.34,39600
FWRD,20170818,50.48,51.5,50.3,50.98,102300
FYC,20170818,36.99,37.35,36.99,37.25,9800
FYT,20170818,32.12,32.32,32.12,32.18,6300
FYX,20170818,53.29,53.53,53.07,53.34,38100
GABC,20170818,31.29,31.69,31.12,31.46,51600
GAIA,20170818,11.15,11.55,11.13,11.5,67100
GAIN,20170818,9.49,9.5,9.29,9.3,251900
GAINN,20170818,25.6,25.6,25.6,25.6,0
GALT,20170818,1.8,1.88,1.76,1.8,51100
GASS,20170818,3.02,3.11,3.02,3.08,38500
GBCI,20170818,32.61,33.11,32.4,32.98,474200
GBDC,20170818,19.1,19.12,18.96,18.97,170500
GBLI,20170818,38.61,39.81,38.61,39.5,15300
GBLIL,20170818,25.7,25.9,25.7,25.9,19000
GBT,20170818,27.35,28.3,27.15,27.6,428300
GCBC,20170818,24.25,24.33,24.2,24.25,5400
GDEN,20170818,21.68,22.28,21.63,21.99,57500
GDS,20170818,9.19,9.22,8.9,8.99,57900
GECC,20170818,10.78,10.95,10.77,10.94,9400
GENC,20170818,15.4,15.725,15.26,15.5,17500
GENE,20170818,3.32,3.32,3.16,3.28,23300
GENY,20170818,30.21,30.32,30.17,30.28,500
GEOS,20170818,15.32,15.57,15.03,15.26,62700
GERN,20170818,2.03,2.06,1.99,2.03,818100
GEVO,20170818,11.4,11.8,11.4,11.4,385200
GFED,20170818,21.1,21.1,21.1,21.1,0
GGAL,20170818,41.74,42.67,41.74,42.44,289500
GIFI,20170818,10.5,10.95,10.45,10.9,60300
GIGM,20170818,2.92,2.93,2.91,2.92,6600
GIII,20170818,23.28,24.77,22.66,23.94,990600
GILD,20170818,72.32,72.63,71.835,72.11,6052600
GILT,20170818,5.4,5.4,5.38,5.4,7000
GLAD,20170818,9.59,9.59,9.36,9.42,159400
GLBL,20170818,5,5.05,5,5.05,461800
GLBS,20170818,970,1000,970,970,93900
GLBZ,20170818,10.7,11.19,10.54,10.93,7000
GLDD,20170818,3.8,3.9,3.75,3.85,290500
GLDI,20170818,9.24,9.31,9.24,9.26,9500
GLMD,20170818,7.9,8,7.22,7.62,44600
GLNG,20170818,20.46,20.6,20.1,20.38,599100
GLPG,20170818,87.38,87.81,86.19,86.43,219200
GLPI,20170818,38.09,38.19,37.85,38.15,1165600
GLRE,20170818,22.15,22.3,21.95,22.2,151500
GLYC,20170818,10.51,10.62,10.3,10.48,269600
GNCA,20170818,31.92,32.88,31.6,32.08,134900
GNMA,20170818,49.88,49.93,49.79,49.83,7400
GNTX,20170818,17.29,17.29,17,17.11,1875900
GNTY,20170818,30.01,30.2,29.29,30.12,40500
GNUS,20170818,3.19,3.35,3.155,3.35,18000
GOGL,20170818,8.6,8.75,8.53,8.7,343100
GOGO,20170818,12.59,12.89,12.56,12.69,846000
GOOD,20170818,21.16,21.19,20.74,20.76,130700
GOODO,20170818,25.74,25.74,25.74,25.74,0
GOOG,20170818,910.31,915.275,907.154,910.67,1342600
GOOGL,20170818,926.98,931.02,923.45,926.18,1337400
GPAC,20170818,10.09,10.09,10.09,10.09,0
GPACU,20170818,11.135,11.135,11.135,11.135,0
GPACW,20170818,0.8,0.8,0.79,0.8,22800
GPP,20170818,18.15,18.3,18.15,18.2,27300
GPRE,20170818,17.05,17.4,16.9,17.25,1376200
GPRO,20170818,9.34,9.36,9.03,9.05,4398900
GRBK,20170818,9.5,9.9,9.25,9.7,46500
GRFS,20170818,20.22,20.28,20.105,20.12,228800
GRID,20170818,45.43,45.52,45.04,45.04,900
GRMN,20170818,51.23,51.36,50.89,51.17,717000
GROW,20170818,1.28,1.33,1.25,1.33,7100
GRPN,20170818,76.4,80,76,79.8,5482700
GRVY,20170818,8.945,9.09,8.82,9.07,5000
GSBC,20170818,47.5,48.75,47.5,48.45,19700
GSIT,20170818,6.2,6.38,6.05,6.25,61600
GSM,20170818,13.1,13.29,13.07,13.28,694300
GT,20170818,29.91,30.02,29.6,29.75,1851900
GTHX,20170818,15.76,16.49,15.02,16.02,41800
GTIM,20170818,2.9,2.9,2.75,2.85,25400
GTYH,20170818,10.02,10.02,10.02,10.02,0
GURE,20170818,8.3,8.5,8.15,8.25,98200
GWGH,20170818,10.47,10.47,10.44,10.44,2000
GWRS,20170818,9.17,9.46,9.17,9.4,18500
GYRO,20170818,20.45,20.45,20.45,20.45,1000
HA,20170818,40.7,42,40.51,41.7,674900
HAFC,20170818,26.25,26.995,26.25,26.65,166200
HAIN,20170818,42.76,43.12,42.17,42.4,1109300
HALL,20170818,11.1,11.15,11,11.03,26500
HALO,20170818,11.65,11.93,11.61,11.88,820300
HAS,20170818,96.73,96.91,95.12,95.51,1399700
HAYN,20170818,29.45,30.14,29.31,29.76,85100
HBAN,20170818,12.6,12.775,12.54,12.66,7073300
HBANN,20170818,25.81,25.92,25.8,25.85,6500
HBANP,20170818,1410,1440,1410,1440,200
HBCP,20170818,39.03,39.03,38.21,38.3,12900
HBIO,20170818,2.95,3,2.9,3,16200
HBMD,20170818,17.55,18.5,17.5,18.05,53900
HBNC,20170818,16.8733,17.2,16.86,16.9867,103000
HBP,20170818,5.32,5.395,5.31,5.35,104200
HCCI,20170818,18.1,18.55,17.88,18.3,115500
HCKT,20170818,13.41,13.55,13.27,13.52,102500
HCM,20170818,24.83,25.36,24.75,25.06,40300
HCSG,20170818,50.26,50.95,50.04,50.62,301400
HDSN,20170818,8.43,8.63,8.42,8.56,388000
HEAR,20170818,2.44,2.6,2.44,2.54,102200
HEES,20170818,20.97,21.25,20.83,20.86,277400
HELE,20170818,99.3,100.05,99.1,99.8,145100
HEWG,20170818,27.02,27.1,26.95,27.01,295500
HFBL,20170818,26.5,26.5,26.5,26.5,0
HFWA,20170818,25.6,26.35,25.6,26.15,116700
HGSH,20170818,3.14,3.14,3.14,3.14,0
HIBB,20170818,10,10.95,9.4,10.9,4344700
HIFS,20170818,176.5,177.97,176.5,177.97,1300
HIHO,20170818,3.6,3.6,3.5,3.5,7600
HIMX,20170818,8.19,8.34,8.05,8.21,1654400
HLG,20170818,15.8,16.8,15.8,16.47,41900
HLIT,20170818,3.35,3.45,3.25,3.35,571100
HLNE,20170818,22.33,22.8,22.24,22.48,199600
HMHC,20170818,10.2,10.375,10.15,10.25,547300
HMNF,20170818,17.8,17.8,17.8,17.8,100
HMST,20170818,24.1,24.75,24,24.7,205300
HMTV,20170818,12.65,12.875,12.6,12.85,62900
HNNA,20170818,15.25,15.25,15.15,15.21,4600
HNRG,20170818,5.64,5.725,5.4,5.42,102800
HOFT,20170818,41.1,41.65,40.95,41.15,84500
HOLI,20170818,19.55,19.55,19.13,19.15,232900
HOLX,20170818,37.92,38.07,37.41,37.42,3632400
HOMB,20170818,22.91,23.58,22.91,23.4,487600
HONE,20170818,9.9506,10.0954,9.9506,10.0007,38100
HOPE,20170818,15.88,16.22,15.76,16.1,379900
HOVNP,20170818,6.35,6.45,6.29,6.36,2900
HQY,20170818,43.73,43.73,41.31,42.08,1305700
HRTX,20170818,15.3,15.45,15.05,15.25,398600
HRZN,20170818,10.5,10.51,10.23,10.27,55800
HSIC,20170818,169.4,170.89,168.85,169.49,525400
HSII,20170818,17.9,18.3,17.9,18.3,67100
HSKA,20170818,97.83,98.02,96.525,97.79,46200
HSON,20170818,14.7,14.8,14.7,14.8,4800
HSTM,20170818,22.99,23.06,22.03,22.64,210400
HTBI,20170818,22.35,22.85,22.35,22.65,27600
HTBK,20170818,13.25,13.495,13.25,13.29,88800
HTBX,20170818,5.1,5.1,4.75,4.98,89800
HTGM,20170818,2.14,2.17,2.07,2.09,150400
HTHT,20170818,27.69,27.69,26.1875,27.1975,369700
HTLD,20170818,20.87,21.07,20.78,20.88,383400
HTLF,20170818,43.05,43.55,42.6,43.25,126900
HUBG,20170818,35.2,36.15,35.15,36.1,355000
HURC,20170818,34.15,34.45,34.05,34.3,16100
HURN,20170818,31.5,31.6,31.25,31.4,187700
HVBC,20170818,14.44,14.45,14.3,14.4,6700
HWBK,20170818,20.35,20.73,20.1,20.1,3100
HWKN,20170818,37.95,38.05,36.95,37.35,80400
HYLS,20170818,49.06,49.17,49,49.16,91400
HYZD,20170818,24,24.07,24,24,10400
HZNP,20170818,12.9,13.43,12.64,13.31,4321400
IAC,20170818,103.77,105.31,103.47,104.92,408800
IART,20170818,49.32,50.47,49.18,50.22,578300
IBB,20170818,303.99,306.33,302.68,304.06,937100
IBCP,20170818,20.25,20.8,20.25,20.5,95700
IBKR,20170818,40.53,41.05,40.33,40.98,1036500
IBOC,20170818,34.5,35.1,34.4,34.8,135000
IBTX,20170818,55.2,55.95,55.2,55.65,106200
ICAD,20170818,3.64,3.78,3.5,3.65,83300
ICBK,20170818,25.56,25.925,25.56,25.78,5600
ICCC,20170818,6.45,6.45,6.1,6.18,7800
ICCH,20170818,17.74,17.74,17.74,17.74,200
ICFI,20170818,44.1,44.2,42.35,43.7,115600
ICHR,20170818,19.07,20.51,19.07,20.36,846300
ICLN,20170818,9,9.04,8.95,9.03,29400
ICLR,20170818,105.29,105.81,104.43,104.99,208300
ICPT,20170818,103.89,106.24,103,104.08,302600
ICUI,20170818,169.1,169.7,168.5,169.3,73300
IDCC,20170818,68.85,69.1,67.55,68.9,293500
IDLB,20170818,28.4,28.4,28.4,28.4,0
IDRA,20170818,13.52,14.28,13.44,13.84,1011800
IDXX,20170818,151.26,152.88,150.25,150.44,567100
IEF,20170818,107.74,107.81,107.41,107.57,1235700
IEI,20170818,124.42,124.48,124.19,124.31,231300
IEP,20170818,50.3,50.7,49.78,50,81700
IESC,20170818,14.75,15.1,14.5,15,53500
IEUS,20170818,53.33,53.35,53.23,53.32,7100
IFGL,20170818,29.2,29.24,29.15,29.22,106800
IFMK,20170818,12.03,12.45,11.93,11.95,10000
IFV,20170818,20.55,20.62,20.48,20.54,63400
IGF,20170818,45.14,45.42,45.05,45.29,64200
IGOV,20170818,98.97,99.1,98.79,99.06,17900
III,20170818,3.61,3.68,3.61,3.65,46800
IIN,20170818,8.5,8.75,8.5,8.75,4700
IIVI,20170818,34.75,35.4,34.5,35.25,295700
IJT,20170818,149.93,150.55,149,150.05,64500
IKNX,20170818,8.75,8.79,8.6,8.64,4100
ILMN,20170818,190.74,192.46,189.15,189.32,882000
IMGN,20170818,6.02,6.14,5.9,6.01,1399800
IMKTA,20170818,25.5,26.2,25.5,26.15,88300
IMMR,20170818,7.32,7.95,7.2,7.76,969900
IMOS,20170818,16.63,16.94,16.63,16.86,54600
IMRN,20170818,5.25,5.25,5.25,5.25,100
IMRNW,20170818,1.25,1.25,1.25,1.25,0
IMTE,20170818,6.85,6.85,6.85,6.85,500
INBK,20170818,30.45,30.95,30.4,30.9,19800
INCR,20170818,55.25,56.25,55.05,56,645300
INCY,20170818,121.6,122.465,121,121.19,958400
INDB,20170818,65.65,66.95,65.25,66.8,90800
INDY,20170818,34.95,35.09,34.86,34.98,143000
INFI,20170818,1.09,1.12,0.99,1,817000
INFN,20170818,8.32,8.44,8.27,8.4,1455700
INFR,20170818,29.19,29.19,29.19,29.19,200
INGN,20170818,92.76,94.37,92.23,93.96,106500
INO,20170818,5.3,5.56,5.28,5.45,838800
INOD,20170818,1.5,1.55,1.45,1.55,34700
INOV,20170818,12.85,13.14,12.75,12.95,249200
INPX,20170818,16470,16740,14040,15390,964300
INSE,20170818,10,10.2,9.85,10.15,8100
INSG,20170818,1.08,1.09,1.03,1.08,290300
INSM,20170818,11.89,12.38,11.89,12.13,531600
INTC,20170818,35.29,35.31,34.99,35.01,16231400
INTG,20170818,25,25,25,25,0
INTU,20170818,133.95,135.085,133.77,134.11,1306100
INVA,20170818,12.42,12.55,12.25,12.28,713600
INVE,20170818,5,5,4.9,4.94,15300
IONS,20170818,47,47.79,46.6,46.98,673200
IOSP,20170818,55,55.35,54.9,55.3,84600
IOVA,20170818,4.55,4.85,4.55,4.7,223500
IPAR,20170818,37.7,38.3,37.45,37.75,251800
IPDN,20170818,4.97,6.33,4.97,5.89,298200
IPGP,20170818,165.45,166.7,165.04,165.9,226700
IPKW,20170818,33.64,33.87,33.64,33.74,14400
IPWR,20170818,24.2,24.2,23,23.1,57800
IRBT,20170818,98.62,99.05,96.19,97.28,1069700
IRCP,20170818,57,57,57,57,0
IRDM,20170818,9.95,10.15,9.9,10.05,433500
IRIX,20170818,8.43,8.43,8.32,8.37,39600
IRMD,20170818,10,10.2,9.975,10.05,21000
IROQ,20170818,20.02,20.02,20.02,20.02,200
IRTC,20170818,43.62,44.73,43.03,44.68,169700
IRWD,20170818,14.29,14.63,14.18,14.5,1294400
ISBC,20170818,12.76,12.975,12.72,12.9,1977700
ISHG,20170818,84.41,84.41,84.22,84.24,2900
ISIG,20170818,1,1,0.98,1,1300
ISRG,20170818,973.53,992.3,968.59,984.31,385100
ISSC,20170818,3.6,3.67,3.55,3.67,20100
ISTB,20170818,50.35,50.35,50.29,50.34,69000
ISTR,20170818,21.9,22.3,21.9,22,26100
ITCI,20170818,11.28,11.47,10.99,11.11,259100
ITI,20170818,5.88,5.93,5.73,5.83,123900
ITIC,20170818,180.58,180.58,176.03,177.35,2900
ITRI,20170818,72.25,72.25,70.85,71.15,241600
ITRN,20170818,31.85,34.15,31.85,33.05,43700
IUSB,20170818,51.15,51.19,51.09,51.13,69500
IUSG,20170818,49.03,49.035,48.64,48.73,217100
IUSV,20170818,50.53,50.61,50.24,50.36,188000
IVAC,20170818,8.9,9.2,8.9,9.05,73200
IXUS,20170818,58.83,59.035,58.68,58.83,456900
IZEA,20170818,1.76,1.85,1.73,1.76,11100
JACK,20170818,95.21,97.38,94.62,96.86,727600
JAGX,20170818,420,425.25,367.5,425.25,131700
JAKK,20170818,33.5,35,33.25,35,54300
JAZZ,20170818,140.23,144.57,139.28,144.4,1596200
JBHT,20170818,96.78,97.62,95.99,96.63,988800
JBLU,20170818,20.49,20.585,20.225,20.28,5206000
JBSS,20170818,62.63,63.72,62.59,63.29,52300
JCS,20170818,3.73,3.73,3.55,3.59,8900
JCTCF,20170818,6.9,6.9,6.8,6.85,1800
JD,20170818,41.06,41.17,39.93,40.13,19114500
JJSF,20170818,126.77,127.315,125.76,126.66,74000
JKHY,20170818,99,99.49,98.16,98.44,848900
JNCE,20170818,13.26,14.49,13.26,14.28,176200
JOBS,20170818,57.47,57.72,56.61,56.68,116100
JOUT,20170818,61.99,61.99,60.92,61.15,33500
JRJC,20170818,20.2,23.8,18.8,23.1,575300
JRVR,20170818,40.2,40.46,40.1,40.26,145800
JSM,20170818,23.93,24.24,23.91,24.1,15700
JSMD,20170818,33.45,33.7,33.36,33.63,4100
JSML,20170818,32.85,32.85,32.85,32.85,0
JVA,20170818,4.04,4.11,4,4.08,10300
JYNT,20170818,3.71,3.78,3.71,3.75,8500
KALA,20170818,21.62,22.18,21.2,21.36,58600
KALU,20170818,93.54,95.19,93.05,94.72,141200
KALV,20170818,6.8,6.8,6.73,6.75,2500
KBAL,20170818,16.49,16.88,16.44,16.74,84200
KBSF,20170818,2,2,1.73,1.73,1500
KBWB,20170818,48,48.62,47.9,48.19,2231800
KBWD,20170818,23.27,23.32,23.12,23.25,61500
KBWP,20170818,59.3,59.5,59.2,59.4,4700
KBWR,20170818,49.39,49.72,49.04,49.56,15800
KBWY,20170818,35.74,36.02,35.58,35.65,68600
KE,20170818,18.15,18.7,18.15,18.4,50200
KELYA,20170818,21.01,21.53,21.01,21.37,515500
KELYB,20170818,21.9,21.9,21.9,21.9,0
KEQU,20170818,25.6,25.6,25.105,25.55,14500
KFFB,20170818,9.795,9.795,9.795,9.795,600
KFRC,20170818,17.35,17.9,17.3,17.7,124000
KHC,20170818,84.92,85.28,84.16,84.49,2833500
KINS,20170818,15.05,15.1,14.725,15,62400
KIRK,20170818,8.6,8.65,8.18,8.23,183800
KLAC,20170818,90.09,90.99,89.31,90.26,1127500
KLIC,20170818,18.64,18.93,18.63,18.9,711100
KMDA,20170818,4.45,4.45,4.2,4.3,84300
KMPH,20170818,2.85,3,2.825,3,47700
KNDI,20170818,3.6,3.65,3.6,3.65,87500
KNSL,20170818,37.02,37.15,36.675,36.93,105900
KOPN,20170818,3.68,3.8,3.67,3.75,285200
KOSS,20170818,1.67,1.67,1.66,1.66,5100
KPTI,20170818,8.04,8.3,8.04,8.21,107600
KRMA,20170818,17.37,17.37,17.37,17.37,600
KRNT,20170818,15.35,15.45,14.9,14.9,496700
KRNY,20170818,14.05,14.15,14,14.1,379500
KTCC,20170818,6.7,6.74,6.7,6.74,6600
KTOS,20170818,12.15,12.36,12.14,12.29,829200
KURA,20170818,6.4,6.4,5.9,6.25,135300
KVHI,20170818,10.55,10.8,10.55,10.65,20200
LAKE,20170818,13.5,13.75,13.5,13.65,148900
LAMR,20170818,64.6,64.84,64.16,64.24,709600
LANC,20170818,114.38,117.71,113.335,116.47,227600
LAND,20170818,13.47,13.71,13.26,13.59,105100
LARK,20170818,30,30.07,29.95,29.95,5600
LAUR,20170818,14,14.26,13.9,14.16,1162300
LAWS,20170818,22.9,23.35,22.64,23.25,13500
LBAI,20170818,17.85,18.35,17.83,18.1,143000
LBRDA,20170818,99.54,100.45,99.01,99.71,54500
LBRDK,20170818,100.38,100.73,99.17,100.14,652600
LBTYA,20170818,33.26,33.5,33.11,33.4,1992100
LBTYB,20170818,34.7,34.7,34.7,34.7,0
LBTYK,20170818,32.29,32.475,32.115,32.39,2614900
LCA,20170818,10.06,10.06,10.06,10.06,300
LCAHU,20170818,10.68,10.7,10.68,10.7,3000
LCAHW,20170818,0.71,0.71,0.71,0.71,0
LCNB,20170818,18.05,18.6,18.05,18.35,17200
LCUT,20170818,16.4,16.8,16.4,16.8,35900
LE,20170818,13.15,13.5,13.05,13.05,126300
LECO,20170818,84.74,86.08,84.41,85.56,323100
LEDS,20170818,2.22,2.31,2.07,2.15,36200
LFUS,20170818,177.4,178.05,176.01,176.39,107300
LFVN,20170818,3.04,3.1,2.9,2.99,15000
LGIH,20170818,46.3,46.83,45.51,45.98,376600
LGND,20170818,125.91,126.93,125.02,126.26,172800
LHCG,20170818,63.5,65.2,63.5,64.31,97700
LIFE,20170818,37.8,38.5,35.7,36.4,28400
LILA,20170818,26.01,26.35,25.76,26.25,108000
LILAK,20170818,25.72,26.06,25.51,26.01,437500
LINC,20170818,2.89,3.13,2.83,3.13,50000
LIND,20170818,10.03,10.21,9.91,10.1,74000
LINK,20170818,7.85,7.85,7.85,7.85,0
LITE,20170818,51.15,53.34,51,52,1871200
LIVE,20170818,10.07,10.6,9.85,9.88,12200
LIVN,20170818,60.8,61.4,60.22,60.86,213300
LJPC,20170818,28.77,29.03,28.33,28.54,290800
LKFN,20170818,43.26,44.1,43.19,43.95,78700
LKQ,20170818,34.06,34.53,33.82,34.05,1364400
LLNW,20170818,3.53,3.64,3.51,3.59,266100
LMAT,20170818,33.94,34.05,33.38,33.96,224200
LMB,20170818,13.31,13.44,13,13.05,15300
LMBS,20170818,52.16,52.18,52.12,52.15,73800
LMFA,20170818,37.5,37.5,36.1,36.1,1200
LMNR,20170818,20.62,21.53,20.38,21.13,35300
LMRK,20170818,16.6,16.7,16.355,16.5,33600
LMRKO,20170818,24.97,25.02,24.95,25.02,14600
LMRKP,20170818,25.2,25.35,25,25.03,10100
LNDC,20170818,13,13.1,12.8,13.1,81300
LNTH,20170818,15.95,15.975,15.35,15.85,615600
LOAN,20170818,5.8,5.8,5.71,5.8,11400
LOB,20170818,22.7,23.1,21.75,21.8,357200
LOCO,20170818,11.75,11.8,11.3,11.55,499500
LOGI,20170818,34.58,34.7,34.35,34.36,302200
LOPE,20170818,78.93,80.74,78.9,80.01,410000
LORL,20170818,44,44.25,43,43.55,55400
LPCN,20170818,4.06,4.12,4.03,4.1,60700
LPLA,20170818,45.87,46.51,45.6,46.07,977300
LPSN,20170818,12.7,13.05,12.7,12.95,325700
LPTH,20170818,2.53,2.54,2.48,2.54,57600
LPTX,20170818,6.01,6.14,5.77,5.99,12400
LQDT,20170818,5.85,5.9,5.8,5.85,92800
LRCX,20170818,160.2,161.87,158.35,160.49,1924700
LSBK,20170818,15.7,15.7,15.7,15.7,200
LSCC,20170818,5.89,5.94,5.73,5.82,587600
LSTR,20170818,81.15,82.2,80,81.55,813500
LSXMA,20170818,42.19,42.85,42.03,42.08,398700
LSXMB,20170818,44.885,44.885,44.885,44.885,0
LSXMK,20170818,42.05,42.7,41.97,42.03,483600
LTBR,20170818,12.6,12.6,12,12.24,19600
LTRPA,20170818,11.55,11.875,11.5,11.75,447400
LTRPB,20170818,12.6,12.6,12.6,12.6,0
LTRX,20170818,2.04,2.22,2,2.03,39700
LULU,20170818,58.44,58.92,57.61,58.13,1684800
LUNA,20170818,1.45,1.5,1.45,1.49,91900
LVHD,20170818,30.06,30.06,29.82,29.85,61400
LWAY,20170818,9.23,9.27,9.13,9.22,9000
LXRX,20170818,14.26,14.29,13.89,14,555600
LYTS,20170818,5.77,6.09,5.77,5.98,119000
MACK,20170818,1.23,1.25,1.2,1.2,1236300
MACQ,20170818,10.08,10.08,10.08,10.08,1100
MACQU,20170818,10.29,10.29,10.29,10.29,0
MACQW,20170818,0.35,0.35,0.335,0.335,5100
MANH,20170818,42.12,43.025,41.43,41.49,753300
MANT,20170818,37.74,38.16,37.02,37.69,147000
MAR,20170818,97.8,98.74,96.9,98.03,1581400
MARA,20170818,1.06,1.28,1.016,1.22,3030800
MARK,20170818,2.61,2.71,2.6,2.69,12400
MARPS,20170818,3.33,3.33,3.33,3.33,900
MASI,20170818,86.76,87.03,85.6,85.78,497600
MAT,20170818,17.08,17.16,16.82,16.82,5161600
MATW,20170818,61.3,61.75,60.25,60.3,109000
MAYS,20170818,36,36,36,36,0
MBB,20170818,107.31,107.36,107.14,107.28,395800
MBCN,20170818,22,22.075,21.95,22,12100
MBII,20170818,0.93,1,0.9,0.96,73500
MBOT,20170818,16.5,16.8,15.6,16.05,410600
MBRX,20170818,2.55,2.55,2.36,2.39,678800
MBUU,20170818,25.74,26.2,25.21,25.28,337300
MBWM,20170818,29.87,30.65,29.87,30.28,23500
MCBC,20170818,9.28,9.5,9.28,9.4,56500
MCEF,20170818,19.08,19.08,19.08,19.08,0
MCFT,20170818,16.94,17.38,16.815,17.15,168300
MCHI,20170818,59.52,60.02,59.29,59.67,1778900
MCHP,20170818,81.92,82.37,81.33,81.58,1349100
MCHX,20170818,2.86,2.93,2.86,2.93,69700
MCRB,20170818,13.18,13.33,12.94,12.94,160600
MCRI,20170818,34.06,34.19,33.58,34.13,56400
MDGL,20170818,15.57,15.87,15.57,15.75,8600
MDGS,20170818,7.84,8.36,7.76,7.88,15700
MDIV,20170818,18.95,19.05,18.93,18.99,75200
MDLZ,20170818,43.46,43.57,42.91,42.94,6760900
MDRX,20170818,12.61,12.92,12.505,12.85,2133100
MDWD,20170818,6.05,6.3,6,6.3,21500
MDXG,20170818,16.08,16.88,15.71,16.52,1992100
MEDP,20170818,31.58,31.75,31.11,31.2,86400
MEIP,20170818,2.71,2.75,2.6,2.68,92800
MELI,20170818,234.09,238.34,232.72,236.14,672700
MEOH,20170818,43.35,44.3,43,43.9,448700
MERC,20170818,11,11.1,10.85,10.95,152900
MESO,20170818,7.34,7.34,7.19,7.3,6900
METC,20170818,6.95,7.1,6.91,7.02,88400
MFIN,20170818,2.42,2.49,2.41,2.48,71700
MGEE,20170818,62.85,63.65,62.01,63.65,74800
MGI,20170818,15.45,15.67,15.42,15.5,434500
MGIC,20170818,7.95,8,7.9,8,12100
MGLN,20170818,77.7,78,76.9,77.2,148200
MGNX,20170818,15.67,15.8,15.48,15.52,283800
MGPI,20170818,57.21,58.515,57.21,58.07,89200
MGRC,20170818,38.43,39.02,38.31,38.64,46800
MGYR,20170818,12.45,12.45,12.45,12.45,700
MHLD,20170818,6.95,7.25,6.95,7.2,900600
MICT,20170818,0.8,0.825,0.8,0.825,19700
MIDD,20170818,117,117.17,115.85,116.06,658600
MILN,20170818,17.5,17.5,17.37,17.42,7000
MIME,20170818,27.64,27.83,26.85,26.99,258600
MIND,20170818,3.06,3.12,3.01,3.12,9000
MINDP,20170818,23.23,23.23,23.23,23.23,200
MITK,20170818,9.8,10.05,9.7,9.9,282600
MKSI,20170818,79.55,80.6,78.97,79.35,653200
MKTX,20170818,192.27,192.63,187.35,188.71,344000
MLAB,20170818,129.66,130.16,127.9,129.98,18500
MLCO,20170818,21.04,21.115,20.62,20.64,1760800
MLHR,20170818,32.8,33.05,32.75,33,425400
MLVF,20170818,22.8,23.35,22.6,23.2,12000
MMLP,20170818,17.1,17.195,16.839,17,124700
MMSI,20170818,40.45,41.35,40.25,40.75,169800
MMYT,20170818,30.15,31.05,30.05,30.15,217000
MNDO,20170818,2.44,2.48,2.44,2.48,3900
MNKD,20170818,1.41,1.53,1.375,1.46,2357100
MNOV,20170818,4.87,5.03,4.87,4.97,47500
MNRO,20170818,44.2,44.7,43.975,44.3,221700
MNST,20170818,53.48,54.36,53.43,54.05,1930300
MNTX,20170818,8.1,8.48,8.1,8.33,83300
MOFG,20170818,32.44,33.16,32.44,32.77,17600
MOMO,20170818,44.31,44.79,43.5,43.82,4247200
MORN,20170818,82.32,82.66,81.52,81.63,73000
MOSY,20170818,17,18.2,17,17.4,44900
MOXC,20170818,15,15.05,15,15,10600
MPAA,20170818,24.66,24.77,24.24,24.74,124600
MPAC,20170818,9.75,9.75,9.75,9.75,0
MPACU,20170818,10.1,10.15,10.06,10.15,6100
MPACW,20170818,0.49,0.49,0.49,0.49,0
MPB,20170818,26.9,27.45,26.9,27.45,500
MPWR,20170818,97.59,98.69,96.535,97.61,181800
MRAM,20170818,14.6,15.82,14.6,15.57,161900
MRCC,20170818,14.01,14.01,13.7,13.89,118600
MRCY,20170818,45.42,46,44.76,45.91,234500
MRLN,20170818,25.1,26,24.95,25.9,27800
MRNS,20170818,11.56,11.8,11.12,11.12,689700
MRSN,20170818,15.46,16.25,15.22,16.1,68700
MRTN,20170818,10.4667,10.6,10.4,10.5333,78200
MRTX,20170818,5.05,5.7,4.95,5.6,441300
MRUS,20170818,14.41,14.41,14.1,14.18,3300
MRVL,20170818,15.54,15.75,15.5,15.65,4615500
MSBI,20170818,28.96,29.6,28.7,29.33,79300
MSEX,20170818,37.47,37.91,37.37,37.84,40800
MSFT,20170818,72.27,72.84,71.93,72.49,18761400
MSON,20170818,9.8,9.8,9.555,9.8,1800
MSTR,20170818,126.94,127.49,125.15,125.93,183800
MTBC,20170818,1.47,1.47,1.38,1.44,223600
MTBCP,20170818,25.86,26.22,25.86,26.1,5600
MTCH,20170818,18.63,18.96,18.38,18.8,673700
MTEM,20170818,5.25,5.28,5.08,5.23,15100
MTEX,20170818,15.65,15.65,15.65,15.65,400
MTLS,20170818,12.7,13.02,12.7,12.83,27500
MTP,20170818,120.5,129,112.5,128.5,50000
MTRX,20170818,9.65,9.95,9.65,9.8,192000
MTSI,20170818,40.56,40.57,39.23,39.67,1064600
MU,20170818,29.96,30.6,29.76,30.38,31178100
MVIS,20170818,2.13,2.16,2.1,2.12,289300
MYGN,20170818,28.27,29.01,28.26,28.8,1315600
MYRG,20170818,23.15,23.62,23.11,23.24,145700
MYSZ,20170818,0.85,0.87,0.84,0.84,86900
NAII,20170818,10.57,10.7,10.35,10.6,6900
NAKD,20170818,715,715,690,710,86500
NATH,20170818,57.7,58.2,57.6,58.1,9400
NATI,20170818,39.16,39.28,38.8,38.96,550200
NATR,20170818,9.6,10.1,9.6,9.95,26100
NAVI,20170818,13.6,13.71,13.54,13.6,1601100
NBEV,20170818,4.11,4.14,3.51,3.51,449900
NBIX,20170818,53,53.78,52.07,52.15,778000
NBN,20170818,19.95,20.85,19.75,20.85,33200
NBRV,20170818,9.31,9.43,8.81,8.81,3700
NBTB,20170818,32.68,33.4,32.22,33.15,162100
NCBS,20170818,52.05,53.7,51.99,53,33100
NCMI,20170818,5.49,5.62,5.41,5.52,1398300
NCSM,20170818,19.89,20.36,19.8,19.94,161900
NCTY,20170818,30,30,29.4,30,3000
NDAQ,20170818,76.13,76.2,74.62,74.91,1542000
NDLS,20170818,3.7,3.75,3.65,3.75,79500
NDRA,20170818,3.24,3.24,3.24,3.24,0
NDRAW,20170818,0.4,0.4,0.315,0.315,2100
NDSN,20170818,124.58,125.99,122.27,124.13,261100
NEO,20170818,9.13,9.32,9.06,9.16,258600
NEOG,20170818,48.5475,49.3425,48.5475,48.9,83300
NEON,20170818,10.9,11.6,10.9,11.6,41600
NEPT,20170818,0.88,0.9,0.84,0.88,1618400
NERV,20170818,6,6.3,5.85,5.95,137600
NESR,20170818,9.56,9.59,9.55,9.56,55100
NESRW,20170818,0.52,0.52,0.52,0.52,20100
NETE,20170818,0.37,0.38,0.33,0.35,232300
NEWT,20170818,16.68,16.79,16.63,16.71,45600
NEWTL,20170818,25.5,25.5,25.49,25.5,1600
NEWTZ,20170818,26.65,26.65,26.56,26.56,3200
NEXT,20170818,9.16,9.38,9.1,9.31,5200
NFBK,20170818,15.47,15.84,15.46,15.7,122600
NFLX,20170818,165.95,169.97,165.8,166.54,7385700
NH,20170818,3.02,3.19,2.97,3,157400
NHTC,20170818,19.22,19.4,18.31,18.55,182800
NICE,20170818,74.2,75.1,73.65,74.67,214900
NICK,20170818,8.6,8.65,8.6,8.63,2800
NKSH,20170818,36.8,37.1,36.8,37.1,4900
NKTR,20170818,18.28,18.35,17.98,18.04,1075700
NMIH,20170818,11.35,11.6,10.95,11.35,371600
NNBR,20170818,25.5,25.85,25.1,25.45,166000
NNDM,20170818,43.4,43.4,43,43.4,3400
NODK,20170818,15.81,16.39,15.81,16.31,24800
NOVN,20170818,4.07,4.07,3.875,3.99,55600
NOVT,20170818,36.95,37.6,36.9,37.3,127200
NRIM,20170818,27.6,27.7,27.3,27.45,25000
NSEC,20170818,13.54,13.54,13.54,13.54,0
NSIT,20170818,39.58,39.73,38.73,39.02,118000
NSSC,20170818,7.4,7.8,7.4,7.75,38800
NSTG,20170818,13.84,14.31,13.76,13.88,131800
NSYS,20170818,3.4,3.42,3.4,3.42,400
NTAP,20170818,39.62,39.87,39.26,39.35,4957200
NTCT,20170818,32.5,32.95,32.3,32.7,514500
NTES,20170818,54.76,54.784,54,54.068,1128200
NTGR,20170818,44.85,45.65,44.1,45.5,207500
NTIC,20170818,9.025,9.025,9,9.025,600
NTLA,20170818,15.71,15.83,15.06,15.16,334500
NTNX,20170818,21.86,22.01,21.31,21.91,2281000
NTRA,20170818,10.97,11.25,10.6,11.19,167900
NTRS,20170818,87.17,88.35,87.01,87.93,1149100
NTWK,20170818,4.55,4.6,4.35,4.4,28100
NUAN,20170818,15.83,15.97,15.66,15.7,1961300
NURO,20170818,1.8,1.9,1.72,1.79,14400
NUVA,20170818,65.48,65.48,63.85,64.06,1061100
NVAX,20170818,19.4,20.2,19.4,20,2716700
NVCN,20170818,1010,1030,960,970,123700
NVCR,20170818,19.15,19.775,18.85,18.85,860900
NVDA,20170818,40.9175,41.09,39.91,40.375,15030100
NVEC,20170818,73.2,73.95,72.355,72.82,17400
NVEE,20170818,43.4,43.4,41.65,42.4,36500
NVFY,20170818,6.65,6.75,6.6,6.65,45100
NVIV,20170818,900,975,900,937.5,102400
NVMI,20170818,23.03,23.98,23.03,23.54,146100
NWBI,20170818,15.35,15.515,15.345,15.43,346200
NWFL,20170818,43.21,44.19,43.21,44,10800
NWLI,20170818,336.12,339.8,329.96,333.63,7200
NWPX,20170818,15.81,15.99,15.39,15.42,37100
NWS,20170818,13.6,13.85,13.475,13.75,727900
NWSA,20170818,13.25,13.47,13.045,13.27,2004700
NXPI,20170818,112.7,112.7,112.39,112.45,705000
NXST,20170818,60.4,60.75,59.75,60,973600
NXTD,20170818,1.64,1.64,1.55,1.61,78800
NYMT,20170818,6.2,6.265,6.19,6.25,724000
NYMTP,20170818,24.775,25.221,24.775,25.03,1900
NYMX,20170818,3.43,3.5,3.38,3.49,96600
OBAS,20170818,8.2,8.2,8.2,8.2,0
OBCI,20170818,4.01,4.01,3.93,3.94,6600
OBSV,20170818,7.68,7.73,7.44,7.68,8200
OCC,20170818,2.35,2.55,2.3,2.5,23400
OCFC,20170818,24.38,24.895,24.23,24.51,163100
OCUL,20170818,5.79,6.01,5.76,5.88,403500
ODFL,20170818,95.41,95.54,94.72,94.79,323400
ODP,20170818,40.9,41.8,40.7,41.2,6273300
OESX,20170818,0.95,0.95,0.86,0.92,13500
OFED,20170818,27.59,28.54,27.59,28.54,700
OFIX,20170818,47.07,48.17,46.015,48,105100
OFLX,20170818,56.89,57.44,56.7,57.44,17500
OFS,20170818,13.59,13.59,13.25,13.33,30900
OIIM,20170818,1.6,1.65,1.59,1.59,29000
OKTA,20170818,24.06,24.97,23.95,24.86,146400
OLD,20170818,25.5,25.6,25.48,25.48,4200
OLED,20170818,112.5,112.5,109.6,109.8,745300
OLLI,20170818,43,44.5,43,44.35,505100
OMAB,20170818,48.54,49.59,47.91,48.37,74500
OMCL,20170818,48.9,49.75,48.25,49.55,244000
OMER,20170818,22.39,23.01,21.98,22.03,528000
OMEX,20170818,3.84,4.23,3.84,3.98,32900
ON,20170818,16.02,16.22,15.905,15.94,4132900
ONB,20170818,16.1,16.35,16.05,16.25,543800
ONCS,20170818,9,9.2,8.9,9.2,30700
ONEQ,20170818,245.53,246.07,243.58,244.89,45500
ONTX,20170818,22.95,24,22.95,24,16200
ONVO,20170818,2,2.01,1.82,1.85,2281300
OPGN,20170818,122.5,123.5,114,122,1546600
OPHC,20170818,2.68,2.68,2.68,2.68,0
OPK,20170818,6.07,6.19,5.91,6.12,6288500
OPOF,20170818,30.47,30.74,30.37,30.4,4800
ORLY,20170818,200.07,203.74,196.85,197.92,1366500
ORMP,20170818,8.16,8.18,8.08,8.11,11500
ORRF,20170818,24.25,25.05,24.25,24.65,26300
OSBC,20170818,11.2,11.525,11.2,11.35,68000
OSIS,20170818,78.47,79.3,78.09,78.43,78300
OSTK,20170818,18.95,19.6,18.75,19.55,338500
OSUR,20170818,19.84,20.41,19.63,20.26,863600
OTEX,20170818,32.1,32.27,31.88,31.95,325700
OTIC,20170818,18.6,19,18.25,18.75,209400
OTTR,20170818,41.2,41.65,41.18,41.45,73800
OVBC,20170818,30,30,29.05,29.55,8900
OVID,20170818,6.18,6.43,6.18,6.36,19000
OVLY,20170818,15.425,15.495,15.11,15.3,3000
OXBR,20170818,5.6,5.65,5.6,5.6,2500
OXBRW,20170818,0.41,0.41,0.41,0.41,0
OXLC,20170818,10.71,10.76,10.5,10.74,133200
OXLCM,20170818,25.16,25.28,25.09,25.17,3900
OXLCO,20170818,25.5,25.5,25.5,25.5,400
PAAS,20170818,18,18.09,17.43,17.52,1546800
PACB,20170818,4.12,4.235,4.09,4.13,1029400
PACW,20170818,44.02,44.43,43.43,43.95,1021500
PAHC,20170818,39.75,39.9,39.05,39.85,157500
PANL,20170818,2.51,2.51,2.46,2.49,10500
PATI,20170818,19.8,19.8,19.31,19.7,1500
PATK,20170818,45.8667,46.1333,45.4333,45.8,80200
PAVM,20170818,3.48,4,3.29,3.9,62600
PAVMW,20170818,1.12,1.5,1.1,1.42,6900
PAYX,20170818,54.99,55.21,54.76,54.99,2041300
PBCT,20170818,16.61,16.77,16.49,16.63,2014200
PBCTP,20170818,27.28,27.35,27.17,27.22,14800
PBHC,20170818,15.35,15.35,15.35,15.35,200
PBIP,20170818,17.98,18.08,17.87,17.88,26600
PBPB,20170818,11.1,11.45,11.05,11.35,360200
PBYI,20170818,80.05,81.05,79.1,79.75,744900
PCAR,20170818,63,63.25,62.79,63,1978100
PCH,20170818,44,44.55,43.85,44.4,232400
PCOM,20170818,8.64,8.75,8.49,8.73,66700
PCRX,20170818,35.85,36.65,35.2,35.8,755800
PCSB,20170818,17.03,17.39,17.03,17.26,44700
PCTI,20170818,6.23,6.32,6.14,6.29,19200
PCTY,20170818,45.1,45.83,45.03,45.05,270700
PCYG,20170818,12.2,12.65,12.15,12.45,42800
PCYO,20170818,7,7.1,6.925,7,29300
PDBC,20170818,16,16.27,15.97,16.26,74100
PDCE,20170818,37.02,38.19,36.74,38.04,1003700
PDCO,20170818,36.75,36.76,36.43,36.45,1050500
PDEX,20170818,6.4,6.65,6.35,6.6,52000
PDFS,20170818,14.98,15.16,14.73,15.14,340800
PDP,20170818,47.36,47.44,47.11,47.24,33700
PEBK,20170818,30.41,30.41,29.615,30.15,9900
PEBO,20170818,29.65,30.88,29.65,30.51,41300
PEGA,20170818,54.3,54.85,53.65,54.5,214400
PENN,20170818,20.72,20.72,20.19,20.38,742700
PERI,20170818,3.6,3.72,3.6,3.66,56600
PESI,20170818,3.26,3.4,3.26,3.4,700
PETQ,20170818,21.14,23.36,21,22.6,273200
PETS,20170818,45.12,45.6,43.38,44.29,1568100
PEY,20170818,16.55,16.64,16.52,16.57,140000
PEZ,20170818,44.61,44.92,44.53,44.74,3300
PFBC,20170818,53.39,54.16,53.39,53.89,62800
PFF,20170818,38.75,38.85,38.71,38.77,1780800
PFI,20170818,31.23,31.454,31.22,31.425,1800
PFIE,20170818,1.55,1.55,1.5,1.52,69100
PFIN,20170818,6.1,6.2,5.91,6.2,6400
PFIS,20170818,39.68,40,39.41,39.69,12400
PFLT,20170818,14.08,14.22,14.06,14.17,153300
PFM,20170818,24.04,24.19,24.04,24.08,26600
PFMT,20170818,1.8,1.85,1.8,1.81,22700
PFSW,20170818,7.58,7.91,7.58,7.68,21200
PGC,20170818,29.36,30.57,29.36,30.14,142500
PGJ,20170818,41.54,42.01,41.26,41.79,29400
PHO,20170818,26.55,26.73,26.47,26.62,41700
PI,20170818,30.7,31.96,29.825,31.44,570800
PID,20170818,15.46,15.53,15.4,15.47,160200
PIE,20170818,18.14,18.27,18.11,18.21,35200
PINC,20170818,33.24,33.24,32.94,32.94,489500
PIO,20170818,23.65,23.71,23.57,23.65,11600
PIRS,20170818,4.75,4.89,4.66,4.87,486900
PIXY,20170818,157.6,172.4,150.4,164,280800
PIZ,20170818,26.06,26.11,25.99,26,38100
PKBK,20170818,16.7727,17.3636,16.7727,17.3182,12600
PKOH,20170818,40.35,40.8,39.85,40.55,38400
PKW,20170818,53.03,53.25,52.92,52.95,51800
PLAB,20170818,7.65,7.85,7.55,7.55,1449400
PLAY,20170818,60.07,60.87,59.61,59.95,473800
PLBC,20170818,19.7,20.25,19.48,20.15,3200
PLCE,20170818,99.15,101.15,98.75,100.2,394700
PLPC,20170818,49.25,49.3,47.56,49.1,12800
PLSE,20170818,21.13,22.15,21.03,22.03,104700
PLUG,20170818,2.02,2.12,2.01,2.12,2800100
PLUS,20170818,80.2,82.45,80.2,81.6,173100
PLW,20170818,33.08,33.08,32.945,33.005,36400
PLXP,20170818,6.85,6.9,6.75,6.9,6600
PLXS,20170818,49.66,49.95,49.52,49.75,132500
PLYA,20170818,11.18,11.18,11.05,11.11,160600
PMBC,20170818,7.6,8.05,7.6,7.85,26900
PMD,20170818,20.09,20.63,19.8,20.43,59500
PME,20170818,3.47,3.6,3.47,3.52,15600
PMTS,20170818,5.25,5.5,5,5.25,695900
PNBK,20170818,17,17,17,17,0
PNFP,20170818,59.9,60.075,58.86,59.7,347200
PNNT,20170818,7.55,7.62,7.54,7.57,171500
PNQI,20170818,105.75,106.5,105.2,105.74,45200
PNRG,20170818,48,48,48,48,0
PODD,20170818,53.95,55,53.635,54.82,278100
POLA,20170818,4.23,4.25,4.13,4.17,32100
POOL,20170818,107.68,107.68,105.94,106.46,223700
POWI,20170818,33.425,34.55,33.375,34.35,376900
POWL,20170818,29.2,29.2,28.02,28.05,55200
PPBI,20170818,34.85,35.6,34.1,35.5,230300
PPC,20170818,27.93,28.35,27.53,28.17,1093800
PPH,20170818,54.05,54.31,53.85,54.07,18200
PPIH,20170818,8,8.15,8,8.15,4200
PPSI,20170818,5.85,6.16,5.85,5.9,4700
PRAA,20170818,30.35,30.6,29.95,30.35,650400
PRFT,20170818,17.46,17.65,17.46,17.62,159700
PRFZ,20170818,114.49,114.99,114.04,114.57,89200
PRGS,20170818,32.3,32.93,32.26,32.52,507400
PRIM,20170818,26.19,26.51,26.05,26.28,127700
PRN,20170818,54.12,54.37,53.99,54.11,3000
PROV,20170818,18.81,18.97,18.79,18.85,18200
PRPH,20170818,2.245,2.29,2.245,2.29,50300
PRPO,20170818,79.95,81.9,66.15,72.45,8500
PRQR,20170818,4.33,4.8,4.33,4.75,80200
PRTA,20170818,54.5,55.885,54.005,54.59,343800
PRTK,20170818,19.6,20.05,19.3,19.45,245800
PRTS,20170818,2.83,2.95,2.7,2.72,178500
PSC,20170818,27.91,27.91,27.91,27.91,0
PSCC,20170818,66.37,66.7,66.37,66.64,2600
PSCD,20170818,50.99,50.99,50.45,50.64,2500
PSCE,20170818,11.43,11.7,11.4,11.62,13500
PSCF,20170818,49.385,49.84,49.385,49.684,9000
PSCH,20170818,84.275,84.89,83.938,84.56,8100
PSCI,20170818,53.42,53.42,52.88,53.35,5600
PSCM,20170818,43.87,44.17,43.76,44.17,4100
PSCT,20170818,71.82,72.39,71.56,72.16,24700
PSCU,20170818,52.87,53.22,52.84,53.04,4400
PSEC,20170818,7.38,7.4,7.115,7.15,8464900
PSET,20170818,29.28,29.28,29.28,29.28,0
PSL,20170818,60.96,61.08,60.58,60.99,2300
PSMT,20170818,80,81.45,79.95,81.05,72000
PSTI,20170818,11.9,12.2,11.7,12.2,193600
PTC,20170818,52.9,53.8,52.55,53.52,998900
PTCT,20170818,17.46,17.76,16.9,17.5,586900
PTEN,20170818,15.46,15.88,15.33,15.63,5557200
PTF,20170818,46.62,47.05,46.44,46.96,3500
PTGX,20170818,12.02,12.18,11.87,11.91,60200
PTH,20170818,60.12,60.8,60.12,60.37,4200
PTNR,20170818,4.745,4.745,4.745,4.745,0
PTSI,20170818,17.3,17.69,17.3,17.65,4300
PUI,20170818,28.45,28.75,28.45,28.63,2200
PULM,20170818,17.4,17.4,15.8,17,81300
PVAC,20170818,37.95,39.25,37.83,38.55,68600
PVBC,20170818,10.325,10.475,10.325,10.475,6100
PWOD,20170818,27.6467,28.26,27.4333,28.12,32100
PXI,20170818,30.1,30.79,30.1,30.5,10300
PXLW,20170818,4.1,4.39,4.1,4.37,424700
PXS,20170818,1.88,1.88,1.73,1.87,1600
PY,20170818,29.07,29.07,29.07,29.07,0
PYPL,20170818,59.36,59.82,58.94,59.44,4653300
PYZ,20170818,60.52,60.915,60.34,60.82,2600
PZZA,20170818,78.6,78.93,77.93,78.54,366700
QABA,20170818,47.08,47.66,46.09,47.41,94300
QADA,20170818,30.8,31.25,30.75,31.1,22700
QADB,20170818,25,25,25,25,0
QAT,20170818,16.81,16.89,16.78,16.8,8800
QCLN,20170818,18.12,18.22,18.1,18.12,17000
QCOM,20170818,52.26,52.415,51.9,51.92,6696400
QCRH,20170818,43.3,44,43.25,43.65,30000
QDEL,20170818,32.24,32.73,31.01,32.61,132700
QIWI,20170818,18.31,18.32,17.36,17.53,626800
QLYS,20170818,44.4,45.15,44.4,44.95,133100
QNST,20170818,4.18,4.64,4.18,4.64,408900
QQEW,20170818,53.06,53.16,52.77,52.88,63600
QQQ,20170818,141.43,142.2,140.65,141.23,60751900
QQQX,20170818,21.4,21.53,21.29,21.4,84000
QQXT,20170818,45.27,45.42,45.18,45.3,4900
QRHC,20170818,1.54,1.54,1.44,1.49,3800
QRVO,20170818,71.71,71.81,69.6,69.67,1285100
QTEC,20170818,63.58,63.83,63.05,63.39,432800
QTNT,20170818,3.86,3.88,3.52,3.58,337800
QUIK,20170818,17.64,18.06,17.36,18.06,244900
QUMU,20170818,2.68,2.75,2.6,2.75,5500
QURE,20170818,8.79,8.79,8.4,8.41,35900
QYLD,20170818,23.6,23.81,23.58,23.65,21400
RADA,20170818,2.71,2.84,2.62,2.68,953400
RAIL,20170818,16.88,17.48,16.78,17.06,45300
RAND,20170818,25.2,25.56,25.2,25.2,2900
RARE,20170818,57.39,58.2,56.44,56.51,263300
RAVE,20170818,1.54,1.65,1.42,1.58,128900
RAVN,20170818,32.75,33.15,31.7,31.7,203900
RBB,20170818,22.04,22.43,22.04,22.25,64200
RBCAA,20170818,33.52,34.87,33.52,34.53,17800
RBCN,20170818,8.01,8.06,7.75,7.81,7100
RCII,20170818,12.3,12.61,12.26,12.5,1595500
RCKY,20170818,13.9,13.95,13.8,13.85,10400
RCM,20170818,3.09,3.2,3.05,3.17,247600
RCMT,20170818,5.47,5.47,5.2,5.36,4700
RCON,20170818,5.35,5.4,5.35,5.4,3400
RDCM,20170818,18.75,18.85,18.3,18.85,39800
RDFN,20170818,26.59,27.245,25.31,26.7,1145700
RDHL,20170818,8.83,9.1,8.8,8.98,67400
RDI,20170818,15.42,15.68,15.38,15.53,53600
RDIB,20170818,20,20,20,20,0
RDNT,20170818,8.1,8.425,8.05,8.35,125000
RDUS,20170818,35.16,36.14,34.78,35.52,539900
RDVY,20170818,26.95,26.95,26.69,26.73,56600
RDWR,20170818,17.37,17.45,17.18,17.3,129000
REFR,20170818,1.05,1.15,1.02,1.1,65300
REGI,20170818,10.9,11.25,10.755,11.1,396300
REGN,20170818,461.9,470.86,460.56,467.98,549700
RELL,20170818,5.59,5.7,5.56,5.67,4000
RELY,20170818,1.6,1.7,1.6,1.65,90300
REPH,20170818,7.19,7.49,7.19,7.25,101000
RESN,20170818,4.35,4.44,4.2,4.39,32900
RETA,20170818,26.31,26.77,25.78,26.29,208200
RFDI,20170818,61.03,61.32,60.93,61.2,59000
RFEM,20170818,65.67,65.99,65.59,65.96,4100
RFEU,20170818,62.13,62.31,62.13,62.16,5700
RFIL,20170818,1.9,1.9,1.8,1.85,6900
RGCO,20170818,25.65,27.34,25,27.33,33500
RGEN,20170818,39.42,40.48,39.34,40.21,266000
RGLD,20170818,87.67,87.96,86.1,86.25,532300
RGLS,20170818,10.44,10.44,9.84,9.96,751700
RGNX,20170818,19.85,20.3,19.75,19.95,221800
RIBT,20170818,1.05,1.07,1.04,1.07,3300
RICK,20170818,23.82,24.51,23.655,24.08,55500
RIGL,20170818,2.18,2.29,2.18,2.2,412300
RILY,20170818,15.35,15.6,15.25,15.35,79900
RILYL,20170818,25.51,25.59,25.51,25.55,9800
RILYZ,20170818,25.5,25.5,25.46,25.47,19600
RING,20170818,18.93,19.09,18.58,18.61,135400
RIOT,20170818,3.455,3.655,3.455,3.62,2700
RKDA,20170818,8.74,9.5,8.4,8.56,101900
RMBS,20170818,12.62,12.74,12.62,12.62,483400
RMCF,20170818,11.36,11.41,11.32,11.4,7700
RMR,20170818,46.4,47.7,46.22,47.6,41400
RMTI,20170818,6.11,6.4,6.11,6.29,168000
RNDB,20170818,14.45,14.68,14.45,14.68,13300
RNDM,20170818,50.05,50.05,49.74,49.74,31200
RNDV,20170818,19.3,19.3,19.3,19.3,100
RNEM,20170818,52.57,52.57,52.57,52.57,100
RNLC,20170818,19.93,19.93,19.93,19.93,0
RNMC,20170818,19.2,19.2,19.2,19.2,900
RNSC,20170818,19.03,19.03,19.03,19.03,300
RNST,20170818,39.56,39.98,39.33,39.66,176400
RNWK,20170818,4.05,4.18,4,4.05,22300
ROCK,20170818,26.75,27.125,25.61,26.95,273200
ROIC,20170818,19.89,20.12,19.7,19.73,729300
ROLL,20170818,104.8,106.68,102.33,106,93200
ROST,20170818,58.73,59.5,57.99,59.02,14140300
RPD,20170818,16.63,16.84,16.15,16.51,246200
RPRX,20170818,0.284,0.29,0.275,0.288,508200
RRGB,20170818,59.05,59.65,58.6,59.3,223200
RRR,20170818,21.48,21.85,21.47,21.65,744900
RUN,20170818,6.6,6.9,6.51,6.85,840500
RUSHA,20170818,26.0733,26.56,26.0533,26.2733,117400
RUSHB,20170818,23.8333,24.4067,23.8333,24.0933,12900
RUTH,20170818,19.75,20,19.6,19.9,95900
RVNC,20170818,23.3,23.7,23.1,23.15,112400
RVSB,20170818,7.76,7.89,7.68,7.85,89400
RWLK,20170818,35,35.5,33.75,33.75,135000
RXDX,20170818,9.55,9.55,8.85,9,707100
RYAAY,20170818,116.09,116.86,114.99,115.1,203700
SABR,20170818,17.66,17.68,17.3,17.4,3159300
SAFM,20170818,139.99,141.66,139.52,140.53,392400
SAFT,20170818,71.15,71.95,71.15,71.6,62600
SAGE,20170818,80.57,81.56,79.28,80.88,311500
SAIA,20170818,52.8,52.9,52.25,52.65,151000
SAL,20170818,42.5,42.5,42.5,42.5,0
SALM,20170818,6.45,6.5,6.3,6.4,42000
SAMG,20170818,11.95,12.3,11.85,12.25,12200
SANM,20170818,34.85,35.375,34.85,35.2,307200
SANW,20170818,3.2,3.35,3.2,3.3,131100
SASR,20170818,37.58,38.23,37.58,37.85,68800
SATS,20170818,46.67,46.7919,42.9244,46.2638,80400
SBAC,20170818,142.02,143.43,142,142.9,573600
SBCF,20170818,22.46,22.63,22.31,22.4,185300
SBFG,20170818,16.49,16.55,16.49,16.55,600
SBGI,20170818,29.65,30.15,29.55,29.7,1240500
SBLK,20170818,10.94,11.08,10.68,10.93,531300
SBNY,20170818,127.57,128.6,126.56,127.7,316900
SBRA,20170818,21.03,21.2,20.66,20.71,2806900
SBSI,20170818,31.82,32.48,31.62,32.21,91100
SBUX,20170818,52.92,53.085,52.58,52.7,10370400
SCHL,20170818,38.33,38.74,38.21,38.64,232900
SCHN,20170818,25.35,25.8,25.1,25.6,342000
SCKT,20170818,4.03,4.15,4.01,4.15,3300
SCSC,20170818,37.1,37.1,36.8,37,62100
SCVL,20170818,16.54,16.58,15.6,15.78,341300
SCWX,20170818,10.28,10.41,10.25,10.36,60300
SCYX,20170818,16.7,17,16.4,16.6,223400
SCZ,20170818,59.39,59.52,59.28,59.35,538100
SEAC,20170818,2.53,2.59,2.46,2.57,27800
SEDG,20170818,26.55,26.8,26.35,26.7,661400
SEED,20170818,15.5,16,15.2,15.4,68000
SEIC,20170818,55.71,55.95,55.43,55.82,594200
SELB,20170818,16.1,16.38,14.72,15.22,118200
SELF,20170818,4.83,4.83,4.7,4.72,16900
SENEA,20170818,27.95,29.15,27.9,28.9,37900
SENEB,20170818,29.71,29.8,29.71,29.8,400
SFBC,20170818,32.405,32.405,31.4,31.4,1800
SFM,20170818,24.01,24.5,24.01,24.44,2346500
SFNC,20170818,25.675,25.925,25.5,25.775,274500
SFST,20170818,35.45,36.1,35.45,35.9,36100
SGBX,20170818,79.8,84,76,79,48900
SGC,20170818,21.85,22.4,21.78,22.35,12100
SGEN,20170818,46.44,47.39,46.06,46.3,645300
SGH,20170818,18.03,18.69,17.76,18.415,40600
SGLB,20170818,20.1,20.7,20,20.5,22700
SGLBW,20170818,0.9,0.9,0.9,0.9,0
SGMA,20170818,8.05,8.27,7.47,8.15,54200
SGMO,20170818,10.25,10.45,9.8,9.9,1674900
SGMS,20170818,34.15,34.85,33.7,34.15,992300
SGOC,20170818,1.09,1.09,0.93,1,15500
SGRP,20170818,1.08,1.08,1.04,1.04,5900
SGRY,20170818,9.2,9.55,9.05,9.15,214200
SHBI,20170818,16.04,16.3,15.97,16.09,24800
SHEN,20170818,35,35.525,34.75,35.2,164400
SHIP,20170818,220.8,235.2,218.4,228,582700
SHIPW,20170818,0.14,0.14,0.14,0.14,2000
SHOO,20170818,27.5,27.5833,27.2,27.3667,487800
SHV,20170818,110.36,110.38,110.36,110.38,602100
SHY,20170818,84.66,84.67,84.61,84.61,673900
SIEB,20170818,4.07,4.08,3.75,3.75,21200
SIEN,20170818,10.36,10.54,10.31,10.4,72400
SIFY,20170818,0.8,0.84,0.8,0.83,41300
SIGI,20170818,50.45,51.375,50,50.45,180200
SILC,20170818,51.42,52.75,51.42,52.26,23200
SIMO,20170818,42.36,42.95,42.36,42.72,490100
SINO,20170818,14.55,14.9,14.4,14.65,44700
SIRI,20170818,5.45,5.52,5.44,5.49,12530000
SIVB,20170818,165.65,168.26,163.69,166.59,429100
SKOR,20170818,51.12,51.12,51.12,51.12,0
SKYW,20170818,33.9,34.625,33.55,34.5,333900
SKYY,20170818,39.94,40.18,39.85,39.94,107500
SLAB,20170818,73.3,74.2,73.15,73.4,140300
SLCT,20170818,11.32,11.46,11.15,11.46,8000
SLGN,20170818,30.15,30.27,29.98,30.17,920500
SLM,20170818,10.19,10.35,10.11,10.33,2144100
SLMBP,20170818,71,71.7,70,70.75,2500
SLNO,20170818,0.44,0.44,0.35,0.38,207300
SLP,20170818,14.4,14.4,14.145,14.2,42800
SLQD,20170818,50.73,50.73,50.63,50.63,168500
SLRC,20170818,21.39,21.48,21.32,21.36,39400
SLVO,20170818,8.28,8.3,8.21,8.26,35500
SMBC,20170818,30.97,31.6,30.97,31.18,10300
SMBK,20170818,23.01,23.24,23,23.21,20700
SMCI,20170818,26.7,26.9,26.55,26.75,255200
SMCP,20170818,23.24,23.24,23.24,23.24,600
SMED,20170818,5.32,5.32,5.25,5.26,17200
SMIT,20170818,1.58,1.58,1.58,1.58,300
SMMF,20170818,21.22,22.18,21.22,21.85,45600
SMMT,20170818,12.5,12.68,12.21,12.21,9100
SMPL,20170818,12,12.32,11.85,12.04,378200
SMSI,20170818,1.11,1.13,1.07,1.13,20800
SMTC,20170818,35.9,36.4,35.8,35.8,363200
SNCR,20170818,16.38,16.81,16.35,16.74,297400
SND,20170818,4.92,5.09,4.83,5.02,798100
SNDX,20170818,10.97,11.38,10.84,10.9,90400
SNES,20170818,56,56,40.6,50.8,340900
SNFCA,20170818,6.25,6.3,6.25,6.3,25700
SNGX,20170818,2.04,2.1,2.02,2.07,55700
SNGXW,20170818,0.53,0.53,0.53,0.53,7200
SNLN,20170818,18.3,18.32,18.29,18.31,46700
SNOA,20170818,50.4,50.49,48.6,49.32,14400
SNPS,20170818,76.83,78.005,76.71,77.22,1174000
SNSR,20170818,18.04,18.06,17.93,18.02,86000
SOCL,20170818,30.02,30.2,29.8,30.09,23700
SOHO,20170818,5.98,6.02,5.96,6,24600
SOHOB,20170818,25.73,25.97,25.73,25.97,700
SOHU,20170818,53.5,54.08,53.01,53.41,248400
SOXX,20170818,145.99,146.43,144.63,145.35,342200
SP,20170818,35.3,35.85,35.15,35.5,174000
SPCB,20170818,3.1,3.21,3.06,3.13,10400
SPI,20170818,0.46,0.48,0.44,0.46,58300
SPLK,20170818,59.04,59.83,58.6,59.33,766400
SPNE,20170818,11.38,11.67,11.38,11.67,9200
SPNS,20170818,10.86,11.02,10.82,10.9,71500
SPOK,20170818,16.1,16.35,15.9,16.25,131000
SPPI,20170818,9.36,9.51,9.32,9.4,1166800
SPSC,20170818,58.2,58.78,57.58,58.6,54400
SPTN,20170818,24.31,24.46,23.95,24.24,287800
SPWH,20170818,4.1,4.83,4.05,4.34,13933900
SPWR,20170818,9.1,9.39,9.03,9.24,1742400
SQLV,20170818,23.34,23.34,23.325,23.325,2000
SQQQ,20170818,589.2,598.6,579.2,591.8,10900800
SRAX,20170818,1.38,1.4,1.32,1.39,36100
SRCE,20170818,45.55,46.51,45.42,46.1,39000
SRCL,20170818,70.95,71.48,70.34,70.7,633200
SRDX,20170818,24.6,25.2,24.6,25.05,42800
SRET,20170818,15.37,15.4,15.35,15.39,22700
SREV,20170818,3.15,3.29,3.135,3.28,240700
SRNE,20170818,1.7,1.75,1.69,1.75,96400
SRPT,20170818,36.78,37.2,36.5,36.7,1272000
SRRA,20170818,60.4,61.6,58.4,60.8,229400
SRTS,20170818,5.22,5.28,5.21,5.24,4000
SSB,20170818,80.15,81.45,79.8,80.4,167800
SSBI,20170818,12.65,12.65,12.65,12.65,500
SSKN,20170818,1.61,1.66,1.51,1.55,14100
SSNC,20170818,36.98,37.525,36.77,37.33,646800
SSNT,20170818,4.256,4.33,4.25,4.255,5900
SSRM,20170818,10.1,10.23,9.83,9.89,1150500
SSTI,20170818,11.68,12.1,11.29,11.59,23100
SSYS,20170818,21.34,21.55,20.92,20.95,637700
STAA,20170818,11.45,11.9,11.45,11.75,127100
STAF,20170818,2.865,2.875,2.555,2.75,31600
STBA,20170818,34.45,35.34,34.36,34.75,79700
STFC,20170818,24.81,25.205,24.77,24.95,31500
STKL,20170818,8.95,8.95,8.625,8.85,258100
STKS,20170818,1.7,1.75,1.7,1.75,15400
STLD,20170818,34.67,34.67,34.17,34.29,2381900
STRA,20170818,77.54,78.67,76.7,77.25,81500
STRL,20170818,9.68,9.93,9.52,9.76,146500
STRM,20170818,1.15,1.22,1.15,1.21,479600
STRS,20170818,28.55,28.9,28.55,28.9,5200
STRT,20170818,33.1,33.7,32.475,33.45,14200
STX,20170818,31.58,31.74,31.04,31.37,2901000
SUMR,20170818,17.37,17.55,16.83,17.55,22500
SUNS,20170818,16.47,16.6,16.47,16.52,23900
SUNW,20170818,11.62,11.9,11.34,11.55,37200
SUPN,20170818,43.3,43.85,42.81,43.2,626100
SUSB,20170818,25.21,25.22,25.21,25.21,700
SUSC,20170818,25.35,25.35,25.35,25.35,0
SVBI,20170818,7.1,7.2,7.1,7.2,1900
SVRA,20170818,5.57,5.72,5.5,5.5,20500
SVVC,20170818,7.37,7.55,7.32,7.35,4700
SWIR,20170818,21.75,21.8,21.35,21.75,594400
SWKS,20170818,102.57,102.93,101.17,102.21,1139400
SYBT,20170818,34.4,34.95,34.15,34.8,51400
SYNA,20170818,40.41,41.34,39.94,40.36,676000
SYNL,20170818,11,11.15,11,11.15,5800
SYPR,20170818,1.65,1.7,1.56,1.65,34900
SYRS,20170818,20.1,20.74,19.72,20.17,179000
TA,20170818,3.45,3.55,3.45,3.55,115400
TACO,20170818,12.79,12.91,12.54,12.6,200800
TACT,20170818,9.7,9.85,9.7,9.8,11200
TAIT,20170818,1.54,1.6,1.54,1.54,20500
TANH,20170818,3.06,3.19,3.03,3.09,78900
TANNI,20170818,22,22.3,21.9,22.2,10900
TANNL,20170818,21.44,21.79,21.02,21.29,45100
TANNZ,20170818,21.59,22.23,21.2,21.79,29700
TAST,20170818,11.2,11.4,11.15,11.15,168800
TATT,20170818,11,11.25,10.9,11.25,7900
TAYD,20170818,11.1,11.1,10.63,10.69,18400
TBBK,20170818,7.45,7.78,7.45,7.68,286300
TBK,20170818,26.9,27.4,26.85,27.35,66100
TBNK,20170818,28.12,28.62,28.12,28.25,19900
TBPH,20170818,27.38,27.765,27.21,27.4,396900
TCBI,20170818,71.75,73.5,71.55,72.6,391400
TCBK,20170818,35.16,35.88,34.82,35.47,99200
TCFC,20170818,33.17,35.2,33.17,35.2,9400
TCMD,20170818,33.63,35,32.6,33.84,360200
TCON,20170818,22,22,20,22,197900
TCPC,20170818,16.61,16.69,16.41,16.52,115300
TCX,20170818,52.45,52.9,52.45,52.45,90400
TDIV,20170818,31.33,31.41,31.16,31.2,100200
TEAM,20170818,36.92,36.92,36.24,36.34,433500
TECH,20170818,118.28,118.73,117.44,117.9,215500
TEDU,20170818,18.03,18.39,17.94,18.02,1356000
TELL,20170818,8.55,8.865,8.52,8.78,279700
TENX,20170818,7.6,7.6,7.2,7.4,135100
TESS,20170818,13.15,13.3,13.15,13.3,12700
TFSL,20170818,15.13,15.21,15.05,15.13,74400
TGA,20170818,1.19,1.22,1.19,1.19,44100
TGLS,20170818,6.88,6.96,6.76,6.79,141600
TGTX,20170818,10.95,11.05,10.73,10.85,889300
THFF,20170818,43.25,44.2,43.25,43.6,23200
THRM,20170818,29.85,30.4,29.5,30.2,168900
TIG,20170818,20.66,20.72,20.5,20.5,1600
TIL,20170818,3.9,3.9,3.9,3.9,500
TILE,20170818,18.5,18.95,18.3,18.85,442400
TIPT,20170818,6.1,6.2,6.05,6.2,41900
TITN,20170818,16.03,16.67,16,16.53,69800
TLGT,20170818,61.4,62.5,59.7,61.5,504600
TLT,20170818,126.98,127.15,126.26,126.62,8382500
TMUS,20170818,62.87,63.47,62.71,63,1419500
TNDM,20170818,0.67,0.69,0.62,0.67,380100
TNXP,20170818,320,326,291,295,252600
TOPS,20170818,7150,7700,6350,6350,3156200
TOUR,20170818,7.09,7.15,6.73,6.83,579500
TOWN,20170818,29.95,30.6,29.95,30.35,214900
TPIC,20170818,20,21.3,20,20.78,341600
TQQQ,20170818,35.06,35.6367,34.5,34.8833,5410500
TREE,20170818,221.2,227.35,221.1,224.85,123400
TRHC,20170818,17.18,17.82,17.18,17.77,49800
TRIB,20170818,5.23,5.56,5.19,5.45,30400
TRIL,20170818,4.5,4.6,4.45,4.5,20000
TRIP,20170818,39.03,40.22,38.95,39.92,2591000
TRMB,20170818,37.05,37.54,37.04,37.31,784500
TRMK,20170818,29.12,29.73,28.99,29.53,294500
TRNS,20170818,12.75,12.9,12.75,12.9,4700
TROW,20170818,82.55,82.83,82.12,82.3,1091500
TRS,20170818,23.25,23.95,23.25,23.9,178400
TRST,20170818,7.65,7.9,7.6,7.8,1764800
TRUE,20170818,16.25,16.75,16.13,16.67,837500
TRUP,20170818,22.11,22.33,22.045,22.1,70700
TRVG,20170818,15.06,15.555,14.834,15.12,2474900
TRVN,20170818,2.36,2.405,2.31,2.34,336300
TSBK,20170818,26.46,26.83,26.46,26.75,32300
TSC,20170818,20.8,21.45,20.455,21.15,116600
TSCO,20170818,54.5,54.86,53.92,54.7,3048300
TSEM,20170818,25.03,25.27,24.75,25.02,355900
TSLA,20170818,70.582,70.8,69.16,69.492,5408100
TSRI,20170818,4.05,4.2,4.05,4.2,1600
TTD,20170818,48.37,50.26,46.49,49.51,1372100
TTEC,20170818,40.2,40.5,39.85,39.95,153900
TTEK,20170818,39.95,40.8,39.95,40.45,317200
TTGT,20170818,9.41,9.71,9.11,9.67,42600
TTMI,20170818,12.88,13.12,12.88,12.99,886000
TTNP,20170818,10.2,10.2,9.6,9.9,98100
TTOO,20170818,3.88,4.07,3.75,3.99,113200
TTWO,20170818,90.82,93.09,90.01,92.07,1174000
TUR,20170818,43.95,44.42,43.9,44.17,147900
TURN,20170818,1.52,1.61,1.51,1.6,58100
TUSA,20170818,29.3,29.3,29.3,29.3,200
TUSK,20170818,11.11,12.12,11.09,11.68,137600
TVTY,20170818,35.65,37.6,35.65,37.3,652500
TWIN,20170818,16.75,17.49,16.62,17.3,48100
TWNK,20170818,13.21,13.725,13.196,13.68,1072200
TWNKW,20170818,1.85,2.05,1.85,1.95,179800
TWOU,20170818,47.58,48.52,47.2,48.29,322000
TXN,20170818,80.09,80.69,79.94,79.97,3626600
TXRH,20170818,48.53,48.93,48.23,48.58,354100
TYHT,20170818,18.63,21.42,18.63,19.98,30500
TYME,20170818,6.5,6.7,6.1,6.45,53500
TZOO,20170818,8.6,8.65,8.5,8.55,26100
UAE,20170818,17.32,17.5,17.3,17.5,7900
UBCP,20170818,11.7,12,11.7,12,7800
UBFO,20170818,8.6,8.8,8.6,8.75,25300
UBOH,20170818,21.9,21.93,21.65,21.65,1000
UBSI,20170818,32.8,33.1,32.575,32.75,1147800
UCBI,20170818,25.46,25.96,25.46,25.83,317700
UCTT,20170818,23.01,23.53,22.77,23.25,1140400
UEIC,20170818,56.15,57.625,55.75,56.8,101900
UEPS,20170818,9.48,9.655,9.35,9.47,152900
UFCS,20170818,42.69,43.06,42.305,42.39,98800
UFPI,20170818,78.33,79.25,77.8,78.93,130900
UFPT,20170818,27.35,28,27.35,27.7,20100
UG,20170818,16.85,16.9,16.8,16.9,1500
UHAL,20170818,360,361.185,353,356.39,76100
UIHC,20170818,15.95,16.25,15.36,16.18,75500
ULBI,20170818,6.53,6.8,6.305,6.8,31200
ULH,20170818,14.15,14.275,14.15,14.2,9500
ULTA,20170818,240.85,247.36,240.85,244.2,814100
UMBF,20170818,65.63,66.83,65.14,66.36,121700
UMPQ,20170818,16.95,17.35,16.82,17.22,1625200
UNAM,20170818,9.8,10.1,9.65,10.1,9200
UNB,20170818,40.05,41.6,40.05,41.6,2300
UNIT,20170818,19.45,19.49,18.71,19.17,2470000
UNTY,20170818,16.4,17.5,16.4,17.1,10300
UONE,20170818,1.845,1.845,1.7,1.7,900
UONEK,20170818,1.7,1.85,1.7,1.75,68800
UPLD,20170818,23.33,23.8,23,23.58,93200
URBN,20170818,18.97,19.4,18.9,19.27,6430000
URGN,20170818,17.45,17.64,17.21,17.51,10000
USAK,20170818,9.36,9.62,9.315,9.4,30100
USAP,20170818,17.94,18.35,17.91,18.15,30500
USAU,20170818,24.9,25.2,23.5,24,175000
USEG,20170818,7,7.3,7,7.3,8800
USLB,20170818,28.94,28.95,28.94,28.95,4400
USLM,20170818,79.65,80.08,79.25,79.3,8100
USOI,20170818,22.92,22.92,22.92,22.92,100
UTHR,20170818,130.69,131.27,128.79,129.1,557600
UTMD,20170818,71.15,72.8,71.15,72.5,9500
UTSI,20170818,2.03,2.07,2.03,2.03,6900
UVSP,20170818,28.5,29.15,28.4,28.85,115500
VALU,20170818,16.25,16.25,15.8,16.12,1700
VBFC,20170818,33,33,33,33,0
VBIV,20170818,3.37,3.54,3.29,3.5,61300
VBLT,20170818,5.2,5.25,4.95,5.1,65600
VBTX,20170818,25.85,26.26,25.65,26.03,85400
VCEL,20170818,3.35,3.45,3.3,3.4,367400
VCIT,20170818,88.14,88.2,87.93,88.01,1156900
VCLT,20170818,93.52,93.65,93.2,93.26,310800
VCSH,20170818,80.25,80.265,80.16,80.17,1142300
VCYT,20170818,7.92,8.25,7.92,8.07,73400
VECO,20170818,18.75,19.15,18.5,18.6,520900
VEON,20170818,4,4.025,3.96,3.96,1611700
VERI,20170818,8.05,8.13,7.76,7.87,70000
VERU,20170818,1.37,1.45,1.36,1.4,109000
VGIT,20170818,65.16,65.2,65.03,65.08,87800
VGLT,20170818,78.2,78.25,77.83,77.98,18700
VGSH,20170818,60.88,60.88,60.83,60.86,68300
VIA,20170818,41.9,42.15,38.75,38.8,162300
VIAV,20170818,10.1,10.285,10.03,10.09,1855200
VICR,20170818,16.85,17.45,16.85,17.3,39900
VIGI,20170818,62.5,62.68,62.38,62.58,84300
VIRC,20170818,5.5,5.5,5.25,5.35,8600
VIRT,20170818,17,17.2,16.85,16.9,376100
VIVE,20170818,503,563,487,533,531400
VIVO,20170818,13.5,13.7,13.5,13.65,224300
VKTX,20170818,1,1.02,0.995,1.01,47200
VLGEA,20170818,23.5,23.785,23.11,23.46,49700
VMBS,20170818,52.89,52.92,52.83,52.89,288800
VNDA,20170818,15.95,16.2,15.85,15.9,299300
VNET,20170818,4.36,4.88,4.34,4.72,846700
VNOM,20170818,16.1,16.24,15.68,16,279600
VNQI,20170818,57.98,58.085,57.88,57.96,462700
VOD,20170818,28.63,28.68,28.5,28.55,3242400
VONE,20170818,111.44,111.78,111.15,111.51,20900
VONG,20170818,123.74,124.2,123.295,123.59,29300
VONV,20170818,100.15,100.5,99.86,99.96,20900
VOXX,20170818,7.2,7.65,7.1,7.55,242700
VRA,20170818,9.22,9.27,9.1,9.24,264200
VRAY,20170818,5.28,5.38,5.21,5.3,405200
VREX,20170818,28.6,29.16,28.6,29.06,243700
VRIG,20170818,25.225,25.23,25.223,25.227,4900
VRNA,20170818,12.46,12.46,12.32,12.4,1000
VRNS,20170818,37.35,38.15,37.2,38,118900
VRNT,20170818,38.1,38.5,37.85,38.25,362400
VRSK,20170818,80.39,80.96,80.12,80.65,851000
VRSN,20170818,97.79,98.77,97.38,98.2,490400
VRTS,20170818,106.4,110.225,104.85,105.9,34700
VRTX,20170818,147.65,150.11,147.18,148.13,887100
VSAT,20170818,58.62,59.52,58.62,59.3,713200
VSDA,20170818,25.86,25.86,25.86,25.86,0
VSEC,20170818,48.39,50.08,48.3,49.19,33300
VSMV,20170818,25.4,25.4,25.4,25.4,0
VSTM,20170818,3.14,3.22,3.06,3.17,210400
VTGN,20170818,1.84,1.94,1.7,1.82,26500
VTHR,20170818,111.14,111.45,110.9,111.21,3100
VTIP,20170818,49.4,49.42,49.375,49.4,229700
VTNR,20170818,0.96,0.99,0.95,0.95,4100
VTVT,20170818,4.73,4.75,4.44,4.53,15700
VTWG,20170818,118.3,118.76,117.8,118.5,9900
VTWO,20170818,108.1,108.81,107.77,108.35,81200
VTWV,20170818,97.84,98.36,97.33,98.04,8400
VUZI,20170818,6.15,6.35,6.1,6.25,197300
VVPR,20170818,3.56,3.59,3.43,3.51,8700
VWOB,20170818,80.65,80.69,80.57,80.69,57700
VXUS,20170818,53.12,53.3,52.97,53.12,573200
VYGR,20170818,8.5,8.61,8.29,8.54,65100
VYMI,20170818,63.73,64.03,63.69,63.94,43000
WABC,20170818,49.74,50.61,49.51,50.31,91700
WAFD,20170818,31.15,31.75,31.15,31.45,302300
WASH,20170818,48.9,50.1,48.9,49.5,39900
WATT,20170818,10.5,10.5,9.7,10.28,877500
WB,20170818,88.27,89.83,85.67,89.68,2351900
WBA,20170818,80.43,80.95,80.01,80.03,5239200
WDAY,20170818,102.72,103.33,101.26,101.4,1712600
WDC,20170818,82.46,83.99,81.55,83.2,3002800
WDFC,20170818,104.9,105.7,104.86,105.25,40200
WEN,20170818,15.04,15.31,14.995,15.19,2085400
WERN,20170818,30.55,30.9,30.31,30.8,540300
WETF,20170818,8.81,9.13,8.78,8.91,1204300
WEYS,20170818,26.91,27.61,26.91,27.12,9900
WHF,20170818,14.32,14.38,14.25,14.29,146200
WHLM,20170818,6.9,6.9,6.9,6.9,0
WHLR,20170818,10,10,9.69,9.81,37100
WHLRD,20170818,22.49,22.51,22.26,22.26,3900
WHLRP,20170818,20.74,21.03,20.74,21.03,1300
WILC,20170818,6.54,6.54,6.51,6.51,400
WINA,20170818,127.4,131.9,127.4,131.35,5700
WING,20170818,34.93,35.05,34.61,34.76,347600
WIRE,20170818,38.05,38.75,37.95,38.2,62800
WIX,20170818,59.95,60.9,59.05,60.15,603000
WKHS,20170818,2.6,2.97,2.6,2.95,242100
WLDN,20170818,29.49,30.13,29.31,29.84,183400
WLFC,20170818,23.52,23.79,23.52,23.65,9700
WLTW,20170818,147.73,149.87,147.48,148.44,571700
WNEB,20170818,9.3,9.75,9.3,9.6,40200
WOOD,20170818,61.59,61.73,61.28,61.64,10400
WOOF,20170818,92.52,92.61,92.46,92.55,224400
WPRT,20170818,2.34,2.37,2.215,2.29,881700
WRLD,20170818,72.47,73.15,71.97,73,88000
WSBC,20170818,35.49,36.46,35.49,35.95,67000
WSBF,20170818,17.35,17.7,17.3,17.6,77100
WSFS,20170818,42.9,43.8,42.85,43.65,102800
WSTG,20170818,16,16.005,15.8,16,7700
WTBA,20170818,20.9,21.3,20.9,21.15,25100
WTFC,20170818,70.32,72.06,70.01,71.39,261800
WTFCM,20170818,28.46,28.71,28.41,28.45,5400
WVE,20170818,16.8,17.65,16.55,17.15,154600
WVFC,20170818,15.9,15.9,15.9,15.9,1400
WVVI,20170818,8.14,8.15,8.04,8.09,8900
WVVIP,20170818,5.5,5.5,5.16,5.16,900
WWD,20170818,66.38,67.91,65.76,67.86,325900
WYNN,20170818,134.51,136.98,133.49,134.9,1729600
XBIO,20170818,30.24,30.24,30.24,30.24,0
XBIT,20170818,4.69,4.95,4.51,4.8,72500
XELA,20170818,6.08,6.08,6.08,6.08,0
XELB,20170818,4.1,4.4,4.06,4.25,7000
XENE,20170818,2.75,3.05,2.45,2.95,66700
XENT,20170818,30.3,30.6,29.85,30.2,217900
XLNX,20170818,61.29,61.63,61,61.02,1686100
XLRN,20170818,34.11,34.56,32.8,33.13,568000
XNCR,20170818,20.18,20.22,19.81,19.94,202700
XNET,20170818,4.09,4.65,4.09,4.6,1060200
XOG,20170818,11.61,11.98,11.39,11.75,834400
XOMA,20170818,7.52,7.55,7.39,7.52,12500
XONE,20170818,6.98,7,6.72,6.9,365000
XPER,20170818,25,25.55,24.9,25.45,325700
XRAY,20170818,53.14,53.56,52.82,52.85,1573800
XT,20170818,32.42,32.5,32.25,32.47,146600
XTLB,20170818,2.63,2.79,2.63,2.75,5900
YLDE,20170818,25.84,25.84,25.84,25.84,0
YNDX,20170818,30.25,30.38,29.67,29.81,1891800
YORW,20170818,32.1,32.85,31.9,32.55,33400
YTEN,20170818,91.2,96.8,87.2,91.2,4100
YTRA,20170818,9.89,9.98,9.83,9.86,35600
YY,20170818,71.75,74.19,70.66,73.69,2199300
Z,20170818,39.07,39.21,38.24,38.64,1061500
ZBRA,20170818,102.54,103.79,101.92,102.92,258500
ZEAL,20170818,17.3,18,16.07,17.58,44000
ZEUS,20170818,16.84,17.08,16.59,17.06,139500
ZG,20170818,39.36,39.595,38.51,38.88,221900
ZGNX,20170818,11.95,12.5,11.84,12.25,555400
ZION,20170818,43.77,44.2,43.45,43.92,1483000
ZIOP,20170818,5.11,5.19,4.96,4.99,1324900
ZIXI,20170818,5.1,5.24,5.1,5.24,161400
ZNGA,20170818,3.56,3.65,3.54,3.62,5760800
ZSAN,20170818,16.8,16.8,15.8,16.4,359300
ZUMZ,20170818,11.9,12.05,11.8,11.9,342200
ZYNE,20170818,6.26,6.45,6.17,6.25,424100
